   5.0000000e+00   1.6455630e-20
   5.0115300e+00   1.6037565e-20
   5.0230867e+00   1.5631800e-20
   5.0346699e+00   1.5238275e-20
   5.0462799e+00   1.4857076e-20
   5.0579167e+00   1.4488040e-20
   5.0695803e+00   1.4126027e-20
   5.0812708e+00   1.3745132e-20
   5.0929882e+00   1.3357273e-20
   5.1047327e+00   1.3017464e-20
   5.1165042e+00   1.2697919e-20
   5.1283029e+00   1.2385860e-20
   5.1401288e+00   1.2080758e-20
   5.1519820e+00   1.1782870e-20
   5.1638625e+00   1.1492329e-20
   5.1757704e+00   1.1209146e-20
   5.1877058e+00   1.0933244e-20
   5.1996687e+00   1.0664503e-20
   5.2116592e+00   1.0402771e-20
   5.2236773e+00   1.0147886e-20
   5.2357231e+00   9.8996781e-21
   5.2477968e+00   9.6579757e-21
   5.2598982e+00   9.4226065e-21
   5.2720276e+00   9.1933998e-21
   5.2841849e+00   8.9701878e-21
   5.2963703e+00   8.7528059e-21
   5.3085838e+00   8.5410935e-21
   5.3208254e+00   8.3348936e-21
   5.3330953e+00   8.1340534e-21
   5.3453934e+00   7.9384241e-21
   5.3577199e+00   7.7478613e-21
   5.3700749e+00   7.5622243e-21
   5.3824583e+00   7.3813765e-21
   5.3948703e+00   7.2051855e-21
   5.4073109e+00   7.0335224e-21
   5.4197802e+00   6.8662622e-21
   5.4322783e+00   6.7032835e-21
   5.4448051e+00   6.5444686e-21
   5.4573609e+00   6.3897032e-21
   5.4699456e+00   6.2388762e-21
   5.4825594e+00   6.0918800e-21
   5.4952022e+00   5.9486100e-21
   5.5078742e+00   5.8089649e-21
   5.5205754e+00   5.6728461e-21
   5.5333058e+00   5.5401580e-21
   5.5460657e+00   5.4108079e-21
   5.5588550e+00   5.2847057e-21
   5.5716737e+00   5.1617639e-21
   5.5845220e+00   5.0418977e-21
   5.5974000e+00   4.9250246e-21
   5.6103076e+00   4.8110646e-21
   5.6232451e+00   4.6999401e-21
   5.6362123e+00   4.5915755e-21
   5.6492094e+00   4.4858976e-21
   5.6622366e+00   4.3828352e-21
   5.6752937e+00   4.2823192e-21
   5.6883810e+00   4.1842825e-21
   5.7014985e+00   4.0886599e-21
   5.7146461e+00   3.9953879e-21
   5.7278242e+00   3.9044051e-21
   5.7410326e+00   3.8156517e-21
   5.7542714e+00   3.7290695e-21
   5.7675408e+00   3.6446021e-21
   5.7808408e+00   3.5621946e-21
   5.7941715e+00   3.4817938e-21
   5.8075329e+00   3.4033478e-21
   5.8209251e+00   3.3268062e-21
   5.8343482e+00   3.2521201e-21
   5.8478023e+00   3.1792419e-21
   5.8612873e+00   3.1081253e-21
   5.8748035e+00   3.0387254e-21
   5.8883508e+00   2.9709985e-21
   5.9019294e+00   2.9049019e-21
   5.9155393e+00   2.8403944e-21
   5.9291806e+00   2.7774358e-21
   5.9428533e+00   2.7159869e-21
   5.9565576e+00   2.6560097e-21
   5.9702935e+00   2.5974673e-21
   5.9840610e+00   2.5403237e-21
   5.9978603e+00   2.4845438e-21
   6.0116914e+00   2.4300936e-21
   6.0255544e+00   2.3769400e-21
   6.0394494e+00   2.3250508e-21
   6.0533764e+00   2.2743946e-21
   6.0673355e+00   2.2249409e-21
   6.0813269e+00   2.1766600e-21
   6.0953505e+00   2.1295230e-21
   6.1094064e+00   2.0835018e-21
   6.1234947e+00   2.0385690e-21
   6.1376155e+00   1.9946980e-21
   6.1517689e+00   1.9518629e-21
   6.1659550e+00   1.9100384e-21
   6.1801737e+00   1.8691999e-21
   6.1944252e+00   1.8293236e-21
   6.2087096e+00   1.7903861e-21
   6.2230269e+00   1.7523647e-21
   6.2373773e+00   1.7152375e-21
   6.2517607e+00   1.6789828e-21
   6.2661773e+00   1.6435798e-21
   6.2806272e+00   1.6090081e-21
   6.2951104e+00   1.5752477e-21
   6.3096269e+00   1.5422795e-21
   6.3241770e+00   1.5100844e-21
   6.3387606e+00   1.4786443e-21
   6.3533778e+00   1.4479412e-21
   6.3680288e+00   1.4179576e-21
   6.3827135e+00   1.3886768e-21
   6.3974321e+00   1.3600820e-21
   6.4121846e+00   1.3321573e-21
   6.4269711e+00   1.3048870e-21
   6.4417918e+00   1.2782557e-21
   6.4566466e+00   1.2522486e-21
   6.4715357e+00   1.2268511e-21
   6.4864591e+00   1.2020492e-21
   6.5014169e+00   1.1778291e-21
   6.5164092e+00   1.1541773e-21
   6.5314361e+00   1.1310807e-21
   6.5464977e+00   1.1085267e-21
   6.5615939e+00   1.0865027e-21
   6.5767250e+00   1.0649966e-21
   6.5918910e+00   1.0439967e-21
   6.6070920e+00   1.0234915e-21
   6.6223280e+00   1.0034696e-21
   6.6375991e+00   9.8392019e-22
   6.6529055e+00   9.6483259e-22
   6.6682471e+00   9.4619641e-22
   6.6836241e+00   9.2800150e-22
   6.6990366e+00   9.1023798e-22
   6.7144846e+00   8.9289623e-22
   6.7299683e+00   8.7596685e-22
   6.7454877e+00   8.5944068e-22
   6.7610428e+00   8.4330879e-22
   6.7766338e+00   8.2756248e-22
   6.7922608e+00   8.1219326e-22
   6.8079238e+00   7.9719286e-22
   6.8236229e+00   7.8255319e-22
   6.8393582e+00   7.6826640e-22
   6.8551299e+00   7.5432481e-22
   6.8709378e+00   7.4072093e-22
   6.8867823e+00   7.2744748e-22
   6.9026632e+00   7.1449734e-22
   6.9185808e+00   7.0186357e-22
   6.9345351e+00   6.8953941e-22
   6.9505262e+00   6.7751827e-22
   6.9665542e+00   6.6579372e-22
   6.9826191e+00   6.5435949e-22
   6.9987211e+00   6.4320946e-22
   7.0148602e+00   6.3233770e-22
   7.0310365e+00   6.2173838e-22
   7.0472502e+00   6.1140586e-22
   7.0635012e+00   6.0133461e-22
   7.0797897e+00   5.9151926e-22
   7.0961157e+00   5.8195457e-22
   7.1124794e+00   5.7263545e-22
   7.1288808e+00   5.6355693e-22
   7.1453201e+00   5.5471415e-22
   7.1617972e+00   5.4610242e-22
   7.1783124e+00   5.3771714e-22
   7.1948656e+00   5.2955385e-22
   7.2114571e+00   5.2160820e-22
   7.2280867e+00   5.1387597e-22
   7.2447548e+00   5.0635304e-22
   7.2614612e+00   4.9903543e-22
   7.2782062e+00   4.9191924e-22
   7.2949898e+00   4.8500071e-22
   7.3118121e+00   4.7827619e-22
   7.3286732e+00   4.7174212e-22
   7.3455732e+00   4.6539507e-22
   7.3625121e+00   4.5923170e-22
   7.3794901e+00   4.5324878e-22
   7.3965073e+00   4.4744320e-22
   7.4135637e+00   4.4181196e-22
   7.4306594e+00   4.3635214e-22
   7.4477946e+00   4.3106094e-22
   7.4649693e+00   4.2593568e-22
   7.4821835e+00   4.2097378e-22
   7.4994375e+00   4.1617274e-22
   7.5167313e+00   4.1153021e-22
   7.5340649e+00   4.0704393e-22
   7.5514385e+00   4.0271176e-22
   7.5688522e+00   3.9853165e-22
   7.5863060e+00   3.9450169e-22
   7.6038001e+00   3.9062008e-22
   7.6213345e+00   3.8688514e-22
   7.6389094e+00   3.8329530e-22
   7.6565248e+00   3.7984915e-22
   7.6741808e+00   3.7654536e-22
   7.6918775e+00   3.7338278e-22
   7.7096150e+00   3.7036036e-22
   7.7273934e+00   3.6747723e-22
   7.7452129e+00   3.6473264e-22
   7.7630734e+00   3.6212602e-22
   7.7809751e+00   3.5965693e-22
   7.7989181e+00   3.5732513e-22
   7.8169025e+00   3.5513055e-22
   7.8349283e+00   3.5307330e-22
   7.8529957e+00   3.5115370e-22
   7.8711048e+00   3.4937228e-22
   7.8892556e+00   3.4772976e-22
   7.9074483e+00   3.4622715e-22
   7.9256829e+00   3.4486568e-22
   7.9439596e+00   3.4364684e-22
   7.9622784e+00   3.4257243e-22
   7.9806395e+00   3.4164455e-22
   7.9990429e+00   3.4086563e-22
   8.0174888e+00   3.4023846e-22
   8.0359772e+00   3.3976621e-22
   8.0545082e+00   3.3945249e-22
   8.0730819e+00   3.3930135e-22
   8.0916985e+00   3.3931731e-22
   8.1103581e+00   3.3950548e-22
   8.1290606e+00   3.3987153e-22
   8.1478063e+00   3.4042179e-22
   8.1665952e+00   3.4116329e-22
   8.1854274e+00   3.4210387e-22
   8.2043031e+00   3.4325221e-22
   8.2232223e+00   3.4461796e-22
   8.2421851e+00   3.4621187e-22
   8.2611916e+00   3.4804584e-22
   8.2802420e+00   3.5013312e-22
   8.2993363e+00   3.5248847e-22
   8.3184746e+00   3.5512833e-22
   8.3376571e+00   3.5807102e-22
   8.3568838e+00   3.6133703e-22
   8.3761548e+00   3.6494929e-22
   8.3954703e+00   3.6893351e-22
   8.4148303e+00   3.7331861e-22
   8.4342350e+00   3.7813718e-22
   8.4536844e+00   3.8342606e-22
   8.4731786e+00   3.8922699e-22
   8.4927179e+00   3.9558748e-22
   8.5123021e+00   4.0256175e-22
   8.5319316e+00   4.1021196e-22
   8.5516063e+00   4.1860962e-22
   8.5713263e+00   4.2783747e-22
   8.5910919e+00   4.3799167e-22
   8.6109030e+00   4.4918460e-22
   8.6307598e+00   4.6154841e-22
   8.6506624e+00   4.7523950e-22
   8.6706109e+00   4.9044412e-22
   8.6906054e+00   5.0738668e-22
   8.7106460e+00   5.2633849e-22
   8.7307328e+00   5.4763188e-22
   8.7508660e+00   5.7167785e-22
   8.7710455e+00   5.9899083e-22
   8.7912716e+00   6.3022336e-22
   8.8115444e+00   6.6621571e-22
   8.8318638e+00   7.0806861e-22
   8.8522302e+00   7.5725253e-22
   8.8726435e+00   8.1577725e-22
   8.8931039e+00   8.8646392e-22
   8.9136114e+00   9.7340053e-22
   8.9341663e+00   1.0827428e-21
   8.9547686e+00   1.2242106e-21
   8.9754183e+00   1.4141038e-21
   8.9961157e+00   1.6820016e-21
   9.0168608e+00   2.0877402e-21
   9.0376538e+00   2.7733666e-21
   9.0584947e+00   4.1780785e-21
   9.0793836e+00   8.6659831e-21
   9.1003208e+00   8.9941270e-20
   9.1213062e+00   7.1495936e-21
   9.1423400e+00   3.7015112e-21
   9.1634223e+00   2.4979575e-21
   9.1845532e+00   1.9012450e-21
   9.2057328e+00   1.5771630e-21
   9.2269613e+00   1.4678059e-21
   9.2482388e+00   1.8846698e-21
   9.2695653e+00   3.9194147e-20
   9.2909410e+00   1.7510351e-21
   9.3123660e+00   1.0464022e-21
   9.3338403e+00   8.1889173e-22
   9.3553642e+00   6.9763022e-22
   9.3769378e+00   6.1699018e-22
   9.3985611e+00   5.5699107e-22
   9.4202342e+00   5.0945597e-22
   9.4419574e+00   4.7032034e-22
   9.4637306e+00   4.3726866e-22
   9.4855540e+00   4.0884649e-22
   9.5074278e+00   3.8407278e-22
   9.5293520e+00   3.6224968e-22
   9.5513267e+00   3.4286046e-22
   9.5733522e+00   3.2551045e-22
   9.5954284e+00   3.0989064e-22
   9.6175555e+00   2.9575436e-22
   9.6397337e+00   2.8290140e-22
   9.6619630e+00   2.7116711e-22
   9.6842435e+00   2.6041443e-22
   9.7065755e+00   2.5052817e-22
   9.7289589e+00   2.4141065e-22
   9.7513940e+00   2.3297837e-22
   9.7738808e+00   2.2515954e-22
   9.7964194e+00   2.1789197e-22
   9.8190100e+00   2.1112153e-22
   9.8416527e+00   2.0480084e-22
   9.8643477e+00   1.9888828e-22
   9.8870949e+00   1.9334706e-22
   9.9098946e+00   1.8814462e-22
   9.9327469e+00   1.8325195e-22
   9.9556519e+00   1.7864320e-22
   9.9786097e+00   1.7429518e-22
   1.0001620e+01   1.7018735e-22
   1.0024684e+01   1.6630247e-22
   1.0047801e+01   1.6261971e-22
   1.0070972e+01   1.5912502e-22
   1.0094195e+01   1.5580551e-22
   1.0117473e+01   1.5264913e-22
   1.0140804e+01   1.4964403e-22
   1.0164188e+01   1.4677951e-22
   1.0187627e+01   1.4404575e-22
   1.0211120e+01   1.4143387e-22
   1.0234667e+01   1.3893616e-22
   1.0258268e+01   1.3654517e-22
   1.0281924e+01   1.3425394e-22
   1.0305634e+01   1.3205609e-22
   1.0329399e+01   1.2994603e-22
   1.0353218e+01   1.2791843e-22
   1.0377093e+01   1.2596825e-22
   1.0401023e+01   1.2409083e-22
   1.0425007e+01   1.2228200e-22
   1.0449048e+01   1.2053788e-22
   1.0473143e+01   1.1885476e-22
   1.0497294e+01   1.1722917e-22
   1.0521501e+01   1.1565796e-22
   1.0545764e+01   1.1413825e-22
   1.0570082e+01   1.1266725e-22
   1.0594457e+01   1.1124234e-22
   1.0618888e+01   1.0986114e-22
   1.0643375e+01   1.0852144e-22
   1.0667919e+01   1.0722113e-22
   1.0692519e+01   1.0595822e-22
   1.0717176e+01   1.0473085e-22
   1.0741890e+01   1.0353734e-22
   1.0766661e+01   1.0237606e-22
   1.0791489e+01   1.0124547e-22
   1.0816374e+01   1.0014413e-22
   1.0841317e+01   9.9070728e-23
   1.0866317e+01   9.8023992e-23
   1.0891375e+01   9.7002718e-23
   1.0916491e+01   9.6005783e-23
   1.0941664e+01   9.5032152e-23
   1.0966896e+01   9.4080821e-23
   1.0992185e+01   9.3150843e-23
   1.1017533e+01   9.2241330e-23
   1.1042940e+01   9.1351458e-23
   1.1068405e+01   9.0480430e-23
   1.1093929e+01   8.9627492e-23
   1.1119512e+01   8.8791936e-23
   1.1145153e+01   8.7973102e-23
   1.1170854e+01   8.7170351e-23
   1.1196614e+01   8.6383076e-23
   1.1222434e+01   8.5610710e-23
   1.1248313e+01   8.4852718e-23
   1.1274251e+01   8.4108583e-23
   1.1300250e+01   8.3377815e-23
   1.1326308e+01   8.2659954e-23
   1.1352427e+01   8.1954562e-23
   1.1378606e+01   8.1261221e-23
   1.1404845e+01   8.0579528e-23
   1.1431144e+01   7.9909110e-23
   1.1457505e+01   7.9249605e-23
   1.1483926e+01   7.8600669e-23
   1.1510408e+01   7.7961973e-23
   1.1536951e+01   7.7333207e-23
   1.1563555e+01   7.6714073e-23
   1.1590221e+01   7.6104285e-23
   1.1616948e+01   7.5503570e-23
   1.1643737e+01   7.4911671e-23
   1.1670587e+01   7.4328339e-23
   1.1697500e+01   7.3753335e-23
   1.1724474e+01   7.3186432e-23
   1.1751511e+01   7.2627412e-23
   1.1778610e+01   7.2076067e-23
   1.1805772e+01   7.1532196e-23
   1.1832996e+01   7.0995608e-23
   1.1860283e+01   7.0466118e-23
   1.1887633e+01   6.9943549e-23
   1.1915046e+01   6.9427732e-23
   1.1942522e+01   6.8918503e-23
   1.1970061e+01   6.8415705e-23
   1.1997664e+01   6.7919186e-23
   1.2025331e+01   6.7428802e-23
   1.2053062e+01   6.6944413e-23
   1.2080856e+01   6.6465883e-23
   1.2108715e+01   6.5993083e-23
   1.2136637e+01   6.5525886e-23
   1.2164625e+01   6.5064173e-23
   1.2192676e+01   6.4607825e-23
   1.2220793e+01   6.4156730e-23
   1.2248974e+01   6.3710779e-23
   1.2277220e+01   6.3269866e-23
   1.2305532e+01   6.2833889e-23
   1.2333908e+01   6.2402750e-23
   1.2362350e+01   6.1976353e-23
   1.2390858e+01   6.1554605e-23
   1.2419431e+01   6.1137416e-23
   1.2448071e+01   6.0724700e-23
   1.2476776e+01   6.0316372e-23
   1.2505548e+01   5.9912350e-23
   1.2534386e+01   5.9512555e-23
   1.2563290e+01   5.9116909e-23
   1.2592261e+01   5.8725339e-23
   1.2621299e+01   5.8337770e-23
   1.2650404e+01   5.7954132e-23
   1.2679576e+01   5.7574356e-23
   1.2708815e+01   5.7198375e-23
   1.2738121e+01   5.6826125e-23
   1.2767496e+01   5.6457541e-23
   1.2796938e+01   5.6092561e-23
   1.2826447e+01   5.5731126e-23
   1.2856025e+01   5.5373177e-23
   1.2885671e+01   5.5018657e-23
   1.2915386e+01   5.4667509e-23
   1.2945169e+01   5.4319680e-23
   1.2975020e+01   5.3975116e-23
   1.3004941e+01   5.3633766e-23
   1.3034930e+01   5.3295579e-23
   1.3064989e+01   5.2960507e-23
   1.3095117e+01   5.2628499e-23
   1.3125314e+01   5.2299510e-23
   1.3155582e+01   5.1973494e-23
   1.3185918e+01   5.1650406e-23
   1.3216325e+01   5.1330201e-23
   1.3246802e+01   5.1012837e-23
   1.3277349e+01   5.0698272e-23
   1.3307967e+01   5.0386464e-23
   1.3338655e+01   5.0077374e-23
   1.3369414e+01   4.9770963e-23
   1.3400244e+01   4.9467191e-23
   1.3431145e+01   4.9166021e-23
   1.3462118e+01   4.8867416e-23
   1.3493162e+01   4.8571341e-23
   1.3524277e+01   4.8277759e-23
   1.3555464e+01   4.7986637e-23
   1.3586723e+01   4.7697939e-23
   1.3618054e+01   4.7411634e-23
   1.3649457e+01   4.7127689e-23
   1.3680933e+01   4.6846071e-23
   1.3712481e+01   4.6566749e-23
   1.3744103e+01   4.6289693e-23
   1.3775797e+01   4.6014873e-23
   1.3807564e+01   4.5742260e-23
   1.3839404e+01   4.5471823e-23
   1.3871318e+01   4.5203536e-23
   1.3903305e+01   4.4937370e-23
   1.3935366e+01   4.4673298e-23
   1.3967501e+01   4.4411294e-23
   1.3999710e+01   4.4151330e-23
   1.4031994e+01   4.3893383e-23
   1.4064352e+01   4.3637425e-23
   1.4096784e+01   4.3383433e-23
   1.4129292e+01   4.3131382e-23
   1.4161874e+01   4.2881249e-23
   1.4194531e+01   4.2633009e-23
   1.4227264e+01   4.2386640e-23
   1.4260072e+01   4.2142120e-23
   1.4292956e+01   4.1899426e-23
   1.4325916e+01   4.1658537e-23
   1.4358951e+01   4.1419430e-23
   1.4392063e+01   4.1182086e-23
   1.4425251e+01   4.0946483e-23
   1.4458516e+01   4.0712602e-23
   1.4491858e+01   4.0480422e-23
   1.4525276e+01   4.0249924e-23
   1.4558771e+01   4.0021088e-23
   1.4592344e+01   3.9793897e-23
   1.4625994e+01   3.9568331e-23
   1.4659722e+01   3.9344372e-23
   1.4693527e+01   3.9122003e-23
   1.4727410e+01   3.8901205e-23
   1.4761372e+01   3.8681961e-23
   1.4795412e+01   3.8464255e-23
   1.4829530e+01   3.8248070e-23
   1.4863727e+01   3.8033389e-23
   1.4898003e+01   3.7820196e-23
   1.4932358e+01   3.7608476e-23
   1.4966792e+01   3.7398212e-23
   1.5001306e+01   3.7189390e-23
   1.5035899e+01   3.6981994e-23
   1.5070572e+01   3.6776009e-23
   1.5105324e+01   3.6571422e-23
   1.5140157e+01   3.6368217e-23
   1.5175071e+01   3.6166380e-23
   1.5210065e+01   3.5965898e-23
   1.5245139e+01   3.5766757e-23
   1.5280295e+01   3.5568943e-23
   1.5315531e+01   3.5372443e-23
   1.5350849e+01   3.5177244e-23
   1.5386248e+01   3.4983334e-23
   1.5421729e+01   3.4790700e-23
   1.5457291e+01   3.4599328e-23
   1.5492936e+01   3.4409208e-23
   1.5528663e+01   3.4220327e-23
   1.5564472e+01   3.4032673e-23
   1.5600364e+01   3.3846235e-23
   1.5636338e+01   3.3661000e-23
   1.5672396e+01   3.3476959e-23
   1.5708537e+01   3.3294099e-23
   1.5744761e+01   3.3112409e-23
   1.5781068e+01   3.2931880e-23
   1.5817459e+01   3.2752499e-23
   1.5853935e+01   3.2574258e-23
   1.5890494e+01   3.2397145e-23
   1.5927137e+01   3.2221150e-23
   1.5963866e+01   3.2046263e-23
   1.6000678e+01   3.1872475e-23
   1.6037576e+01   3.1699775e-23
   1.6074559e+01   3.1528154e-23
   1.6111627e+01   3.1357603e-23
   1.6148780e+01   3.1188112e-23
   1.6186020e+01   3.1019672e-23
   1.6223345e+01   3.0852275e-23
   1.6260756e+01   3.0685910e-23
   1.6298253e+01   3.0520570e-23
   1.6335837e+01   3.0356245e-23
   1.6373508e+01   3.0192928e-23
   1.6411265e+01   3.0030609e-23
   1.6449110e+01   2.9869281e-23
   1.6487041e+01   2.9708934e-23
   1.6525061e+01   2.9549562e-23
   1.6563168e+01   2.9391156e-23
   1.6601362e+01   2.9233708e-23
   1.6639645e+01   2.9077211e-23
   1.6678016e+01   2.8921656e-23
   1.6716476e+01   2.8767037e-23
   1.6755024e+01   2.8613346e-23
   1.6793662e+01   2.8460575e-23
   1.6832388e+01   2.8308717e-23
   1.6871203e+01   2.8157765e-23
   1.6910109e+01   2.8007712e-23
   1.6949103e+01   2.7858552e-23
   1.6988188e+01   2.7710276e-23
   1.7027363e+01   2.7562878e-23
   1.7066628e+01   2.7416352e-23
   1.7105984e+01   2.7270692e-23
   1.7145431e+01   2.7125889e-23
   1.7184968e+01   2.6981939e-23
   1.7224597e+01   2.6838834e-23
   1.7264317e+01   2.6696568e-23
   1.7304128e+01   2.6555135e-23
   1.7344032e+01   2.6414529e-23
   1.7384027e+01   2.6274744e-23
   1.7424115e+01   2.6135774e-23
   1.7464295e+01   2.5997613e-23
   1.7504568e+01   2.5860255e-23
   1.7544934e+01   2.5723694e-23
   1.7585392e+01   2.5587924e-23
   1.7625945e+01   2.5452941e-23
   1.7666590e+01   2.5318738e-23
   1.7707329e+01   2.5185309e-23
   1.7748163e+01   2.5052650e-23
   1.7789090e+01   2.4920755e-23
   1.7830112e+01   2.4789619e-23
   1.7871228e+01   2.4659236e-23
   1.7912439e+01   2.4529602e-23
   1.7953746e+01   2.4400710e-23
   1.7995147e+01   2.4272556e-23
   1.8036644e+01   2.4145136e-23
   1.8078237e+01   2.4018443e-23
   1.8119925e+01   2.3892474e-23
   1.8161710e+01   2.3767222e-23
   1.8203591e+01   2.3642685e-23
   1.8245569e+01   2.3518856e-23
   1.8287643e+01   2.3395731e-23
   1.8329814e+01   2.3273305e-23
   1.8372083e+01   2.3151574e-23
   1.8414449e+01   2.3030533e-23
   1.8456913e+01   2.2910178e-23
   1.8499475e+01   2.2790505e-23
   1.8542135e+01   2.2671508e-23
   1.8584893e+01   2.2553184e-23
   1.8627750e+01   2.2435528e-23
   1.8670706e+01   2.2318536e-23
   1.8713761e+01   2.2202204e-23
   1.8756915e+01   2.2086528e-23
   1.8800168e+01   2.1971503e-23
   1.8843522e+01   2.1857126e-23
   1.8886975e+01   2.1743392e-23
   1.8930528e+01   2.1630297e-23
   1.8974182e+01   2.1517838e-23
   1.9017937e+01   2.1406011e-23
   1.9061792e+01   2.1294811e-23
   1.9105749e+01   2.1184235e-23
   1.9149807e+01   2.1074279e-23
   1.9193967e+01   2.0964939e-23
   1.9238228e+01   2.0856212e-23
   1.9282592e+01   2.0748094e-23
   1.9327057e+01   2.0640581e-23
   1.9371626e+01   2.0533670e-23
   1.9416297e+01   2.0427357e-23
   1.9461071e+01   2.0321639e-23
   1.9505948e+01   2.0216511e-23
   1.9550929e+01   2.0111972e-23
   1.9596014e+01   2.0008016e-23
   1.9641202e+01   1.9904641e-23
   1.9686495e+01   1.9801844e-23
   1.9731892e+01   1.9699621e-23
   1.9777394e+01   1.9597969e-23
   1.9823001e+01   1.9496884e-23
   1.9868713e+01   1.9396364e-23
   1.9914530e+01   1.9296404e-23
   1.9960454e+01   1.9197003e-23
   2.0006482e+01   1.9098156e-23
   2.0052618e+01   1.8999862e-23
   2.0098859e+01   1.8902115e-23
   2.0145207e+01   1.8804915e-23
   2.0191662e+01   1.8708257e-23
   2.0238224e+01   1.8612138e-23
   2.0284894e+01   1.8516556e-23
   2.0331671e+01   1.8421508e-23
   2.0378556e+01   1.8326991e-23
   2.0425549e+01   1.8233001e-23
   2.0472650e+01   1.8139537e-23
   2.0519861e+01   1.8046594e-23
   2.0567180e+01   1.7954172e-23
   2.0614608e+01   1.7862265e-23
   2.0662145e+01   1.7770873e-23
   2.0709792e+01   1.7679992e-23
   2.0757549e+01   1.7589619e-23
   2.0805416e+01   1.7499752e-23
   2.0853394e+01   1.7410388e-23
   2.0901482e+01   1.7321525e-23
   2.0949681e+01   1.7233159e-23
   2.0997991e+01   1.7145289e-23
   2.1046412e+01   1.7057911e-23
   2.1094945e+01   1.6971024e-23
   2.1143591e+01   1.6884625e-23
   2.1192348e+01   1.6798711e-23
   2.1241218e+01   1.6713279e-23
   2.1290200e+01   1.6628328e-23
   2.1339295e+01   1.6543855e-23
   2.1388504e+01   1.6459857e-23
   2.1437826e+01   1.6376333e-23
   2.1487262e+01   1.6293279e-23
   2.1536812e+01   1.6210694e-23
   2.1586476e+01   1.6128575e-23
   2.1636254e+01   1.6046919e-23
   2.1686148e+01   1.5965726e-23
   2.1736156e+01   1.5884991e-23
   2.1786280e+01   1.5804714e-23
   2.1836519e+01   1.5724891e-23
   2.1886874e+01   1.5645521e-23
   2.1937346e+01   1.5566602e-23
   2.1987933e+01   1.5488131e-23
   2.2038638e+01   1.5410106e-23
   2.2089459e+01   1.5332525e-23
   2.2140397e+01   1.5255387e-23
   2.2191453e+01   1.5178688e-23
   2.2242627e+01   1.5102426e-23
   2.2293919e+01   1.5026601e-23
   2.2345328e+01   1.4951209e-23
   2.2396857e+01   1.4876250e-23
   2.2448504e+01   1.4801719e-23
   2.2500271e+01   1.4727617e-23
   2.2552157e+01   1.4653940e-23
   2.2604162e+01   1.4580687e-23
   2.2656287e+01   1.4507856e-23
   2.2708533e+01   1.4435445e-23
   2.2760899e+01   1.4363452e-23
   2.2813386e+01   1.4291875e-23
   2.2865994e+01   1.4220713e-23
   2.2918723e+01   1.4149963e-23
   2.2971574e+01   1.4079623e-23
   2.3024546e+01   1.4009693e-23
   2.3077641e+01   1.3940169e-23
   2.3130858e+01   1.3871051e-23
   2.3184198e+01   1.3802336e-23
   2.3237661e+01   1.3734022e-23
   2.3291247e+01   1.3666109e-23
   2.3344957e+01   1.3598593e-23
   2.3398791e+01   1.3531474e-23
   2.3452748e+01   1.3464750e-23
   2.3506831e+01   1.3398419e-23
   2.3561038e+01   1.3332479e-23
   2.3615370e+01   1.3266928e-23
   2.3669827e+01   1.3201766e-23
   2.3724410e+01   1.3136990e-23
   2.3779118e+01   1.3072599e-23
   2.3833953e+01   1.3008591e-23
   2.3888914e+01   1.2944964e-23
   2.3944002e+01   1.2881717e-23
   2.3999217e+01   1.2818849e-23
   2.4054560e+01   1.2756357e-23
   2.4110030e+01   1.2694240e-23
   2.4165628e+01   1.2632497e-23
   2.4221354e+01   1.2571126e-23
   2.4277208e+01   1.2510125e-23
   2.4333192e+01   1.2449493e-23
   2.4389304e+01   1.2389229e-23
   2.4445546e+01   1.2329331e-23
   2.4501918e+01   1.2269797e-23
   2.4558420e+01   1.2210627e-23
   2.4615051e+01   1.2151817e-23
   2.4671814e+01   1.2093368e-23
   2.4728707e+01   1.2035278e-23
   2.4785732e+01   1.1977544e-23
   2.4842888e+01   1.1920167e-23
   2.4900176e+01   1.1863143e-23
   2.4957596e+01   1.1806473e-23
   2.5015148e+01   1.1750154e-23
   2.5072833e+01   1.1694185e-23
   2.5130652e+01   1.1638565e-23
   2.5188603e+01   1.1583293e-23
   2.5246688e+01   1.1528366e-23
   2.5304907e+01   1.1473783e-23
   2.5363261e+01   1.1419544e-23
   2.5421748e+01   1.1365647e-23
   2.5480371e+01   1.1312090e-23
   2.5539129e+01   1.1258873e-23
   2.5598023e+01   1.1205993e-23
   2.5657052e+01   1.1153450e-23
   2.5716217e+01   1.1101242e-23
   2.5775519e+01   1.1049368e-23
   2.5834957e+01   1.0997827e-23
   2.5894533e+01   1.0946617e-23
   2.5954246e+01   1.0895737e-23
   2.6014097e+01   1.0845185e-23
   2.6074085e+01   1.0794961e-23
   2.6134212e+01   1.0745063e-23
   2.6194478e+01   1.0695490e-23
   2.6254883e+01   1.0646241e-23
   2.6315427e+01   1.0597314e-23
   2.6376110e+01   1.0548708e-23
   2.6436934e+01   1.0500422e-23
   2.6497898e+01   1.0452454e-23
   2.6559002e+01   1.0404804e-23
   2.6620247e+01   1.0357470e-23
   2.6681634e+01   1.0310451e-23
   2.6743162e+01   1.0263745e-23
   2.6804832e+01   1.0217352e-23
   2.6866644e+01   1.0171270e-23
   2.6928599e+01   1.0125498e-23
   2.6990696e+01   1.0080035e-23
   2.7052937e+01   1.0034879e-23
   2.7115321e+01   9.9900298e-24
   2.7177849e+01   9.9454854e-24
   2.7240522e+01   9.9012449e-24
   2.7303338e+01   9.8573071e-24
   2.7366300e+01   9.8136707e-24
   2.7429407e+01   9.7703345e-24
   2.7492659e+01   9.7272975e-24
   2.7556058e+01   9.6845582e-24
   2.7619602e+01   9.6421156e-24
   2.7683293e+01   9.5999685e-24
   2.7747131e+01   9.5581156e-24
   2.7811116e+01   9.5165557e-24
   2.7875249e+01   9.4752877e-24
   2.7939529e+01   9.4343104e-24
   2.8003958e+01   9.3936225e-24
   2.8068536e+01   9.3532228e-24
   2.8133262e+01   9.3131103e-24
   2.8198137e+01   9.2732835e-24
   2.8263162e+01   9.2337415e-24
   2.8328338e+01   9.1944829e-24
   2.8393663e+01   9.1555066e-24
   2.8459139e+01   9.1168113e-24
   2.8524766e+01   9.0783959e-24
   2.8590544e+01   9.0402592e-24
   2.8656474e+01   9.0023999e-24
   2.8722556e+01   8.9648169e-24
   2.8788791e+01   8.9275089e-24
   2.8855178e+01   8.8904748e-24
   2.8921718e+01   8.8537132e-24
   2.8988412e+01   8.8172232e-24
   2.9055259e+01   8.7810033e-24
   2.9122261e+01   8.7450523e-24
   2.9189417e+01   8.7093692e-24
   2.9256728e+01   8.6739526e-24
   2.9324194e+01   8.6388013e-24
   2.9391816e+01   8.6039141e-24
   2.9459594e+01   8.5692898e-24
   2.9527528e+01   8.5349271e-24
   2.9595619e+01   8.5008248e-24
   2.9663866e+01   8.4669816e-24
   2.9732272e+01   8.4333964e-24
   2.9800834e+01   8.4000678e-24
   2.9869555e+01   8.3669947e-24
   2.9938435e+01   8.3341757e-24
   3.0007473e+01   8.3016096e-24
   3.0076670e+01   8.2692952e-24
   3.0146028e+01   8.2372311e-24
   3.0215544e+01   8.2054162e-24
   3.0285222e+01   8.1738491e-24
   3.0355060e+01   8.1425286e-24
   3.0425059e+01   8.1114533e-24
   3.0495219e+01   8.0806221e-24
   3.0565541e+01   8.0500336e-24
   3.0636026e+01   8.0196864e-24
   3.0706673e+01   7.9895795e-24
   3.0777482e+01   7.9597113e-24
   3.0848456e+01   7.9300806e-24
   3.0919592e+01   7.9006862e-24
   3.0990893e+01   7.8715266e-24
   3.1062358e+01   7.8426006e-24
   3.1133988e+01   7.8139068e-24
   3.1205784e+01   7.7854440e-24
   3.1277744e+01   7.7572107e-24
   3.1349871e+01   7.7292056e-24
   3.1422164e+01   7.7014275e-24
   3.1494624e+01   7.6738748e-24
   3.1567251e+01   7.6465464e-24
   3.1640045e+01   7.6194408e-24
   3.1713007e+01   7.5925567e-24
   3.1786138e+01   7.5658927e-24
   3.1859437e+01   7.5394474e-24
   3.1932905e+01   7.5132194e-24
   3.2006542e+01   7.4872074e-24
   3.2080350e+01   7.4614101e-24
   3.2154327e+01   7.4358259e-24
   3.2228475e+01   7.4104535e-24
   3.2302794e+01   7.3852915e-24
   3.2377285e+01   7.3603385e-24
   3.2451947e+01   7.3355931e-24
   3.2526782e+01   7.3110538e-24
   3.2601789e+01   7.2867194e-24
   3.2676969e+01   7.2625882e-24
   3.2752322e+01   7.2386590e-24
   3.2827849e+01   7.2149303e-24
   3.2903550e+01   7.1914006e-24
   3.2979426e+01   7.1680685e-24
   3.3055477e+01   7.1449326e-24
   3.3131703e+01   7.1219915e-24
   3.3208105e+01   7.0992436e-24
   3.3284683e+01   7.0766876e-24
   3.3361438e+01   7.0543219e-24
   3.3438370e+01   7.0321452e-24
   3.3515479e+01   7.0101559e-24
   3.3592766e+01   6.9883526e-24
   3.3670231e+01   6.9667339e-24
   3.3747875e+01   6.9452982e-24
   3.3825698e+01   6.9240441e-24
   3.3903700e+01   6.9029702e-24
   3.3981882e+01   6.8820748e-24
   3.4060245e+01   6.8613567e-24
   3.4138788e+01   6.8408142e-24
   3.4217512e+01   6.8204460e-24
   3.4296418e+01   6.8002504e-24
   3.4375506e+01   6.7802261e-24
   3.4454776e+01   6.7603716e-24
   3.4534229e+01   6.7406853e-24
   3.4613865e+01   6.7211658e-24
   3.4693685e+01   6.7018116e-24
   3.4773689e+01   6.6826212e-24
   3.4853877e+01   6.6635931e-24
   3.4934251e+01   6.6447259e-24
   3.5014809e+01   6.6260179e-24
   3.5095554e+01   6.6074678e-24
   3.5176484e+01   6.5890741e-24
   3.5257602e+01   6.5708352e-24
   3.5338906e+01   6.5527498e-24
   3.5420398e+01   6.5348162e-24
   3.5502077e+01   6.5170330e-24
   3.5583945e+01   6.4993987e-24
   3.5666002e+01   6.4819119e-24
   3.5748248e+01   6.4645710e-24
   3.5830684e+01   6.4473746e-24
   3.5913310e+01   6.4303212e-24
   3.5996126e+01   6.4134093e-24
   3.6079134e+01   6.3966375e-24
   3.6162332e+01   6.3800043e-24
   3.6245723e+01   6.3635082e-24
   3.6329306e+01   6.3471477e-24
   3.6413082e+01   6.3309215e-24
   3.6497050e+01   6.3148280e-24
   3.6581213e+01   6.2988657e-24
   3.6665569e+01   6.2830334e-24
   3.6750120e+01   6.2673294e-24
   3.6834867e+01   6.2517524e-24
   3.6919808e+01   6.2363009e-24
   3.7004945e+01   6.2209734e-24
   3.7090279e+01   6.2057687e-24
   3.7175810e+01   6.1906852e-24
   3.7261537e+01   6.1757216e-24
   3.7347463e+01   6.1608763e-24
   3.7433586e+01   6.1461481e-24
   3.7519908e+01   6.1315355e-24
   3.7606429e+01   6.1170372e-24
   3.7693150e+01   6.1026516e-24
   3.7780071e+01   6.0883776e-24
   3.7867192e+01   6.0742137e-24
   3.7954514e+01   6.0601585e-24
   3.8042037e+01   6.0462107e-24
   3.8129763e+01   6.0323689e-24
   3.8217690e+01   6.0186318e-24
   3.8305821e+01   6.0049981e-24
   3.8394154e+01   5.9914664e-24
   3.8482691e+01   5.9780354e-24
   3.8571433e+01   5.9647038e-24
   3.8660379e+01   5.9514703e-24
   3.8749530e+01   5.9383336e-24
   3.8838886e+01   5.9252925e-24
   3.8928449e+01   5.9123456e-24
   3.9018219e+01   5.8994916e-24
   3.9108195e+01   5.8867294e-24
   3.9198379e+01   5.8740577e-24
   3.9288770e+01   5.8614752e-24
   3.9379371e+01   5.8489807e-24
   3.9470180e+01   5.8365730e-24
   3.9561198e+01   5.8242509e-24
   3.9652427e+01   5.8120132e-24
   3.9743865e+01   5.7998586e-24
   3.9835515e+01   5.7877861e-24
   3.9927376e+01   5.7757944e-24
   4.0019449e+01   5.7638824e-24
   4.0111734e+01   5.7520489e-24
   4.0204232e+01   5.7402928e-24
   4.0296943e+01   5.7286130e-24
   4.0389868e+01   5.7170084e-24
   4.0483008e+01   5.7054778e-24
   4.0576362e+01   5.6940201e-24
   4.0669931e+01   5.6826343e-24
   4.0763716e+01   5.6713194e-24
   4.0857718e+01   5.6600742e-24
   4.0951936e+01   5.6488976e-24
   4.1046372e+01   5.6377888e-24
   4.1141025e+01   5.6267465e-24
   4.1235896e+01   5.6157699e-24
   4.1330987e+01   5.6048579e-24
   4.1426296e+01   5.5940095e-24
   4.1521826e+01   5.5832237e-24
   4.1617575e+01   5.5724996e-24
   4.1713546e+01   5.5618363e-24
   4.1809737e+01   5.5512327e-24
   4.1906151e+01   5.5406879e-24
   4.2002787e+01   5.5302010e-24
   4.2099646e+01   5.5197712e-24
   4.2196728e+01   5.5093975e-24
   4.2294034e+01   5.4990789e-24
   4.2391564e+01   5.4888148e-24
   4.2489319e+01   5.4786041e-24
   4.2587300e+01   5.4684460e-24
   4.2685507e+01   5.4583398e-24
   4.2783940e+01   5.4482845e-24
   4.2882600e+01   5.4382794e-24
   4.2981488e+01   5.4283236e-24
   4.3080603e+01   5.4184164e-24
   4.3179947e+01   5.4085570e-24
   4.3279521e+01   5.3987446e-24
   4.3379324e+01   5.3889784e-24
   4.3479357e+01   5.3792578e-24
   4.3579620e+01   5.3695819e-24
   4.3680115e+01   5.3599501e-24
   4.3780842e+01   5.3503617e-24
   4.3881801e+01   5.3408159e-24
   4.3982993e+01   5.3313120e-24
   4.4084418e+01   5.3218495e-24
   4.4186077e+01   5.3124276e-24
   4.4287970e+01   5.3030457e-24
   4.4390099e+01   5.2937031e-24
   4.4492463e+01   5.2843992e-24
   4.4595062e+01   5.2751334e-24
   4.4697899e+01   5.2659050e-24
   4.4800973e+01   5.2567136e-24
   4.4904284e+01   5.2475584e-24
   4.5007834e+01   5.2384390e-24
   4.5111622e+01   5.2293547e-24
   4.5215650e+01   5.2203051e-24
   4.5319918e+01   5.2112895e-24
   4.5424426e+01   5.2023074e-24
   4.5529175e+01   5.1933583e-24
   4.5634165e+01   5.1844417e-24
   4.5739398e+01   5.1755572e-24
   4.5844873e+01   5.1667041e-24
   4.5950592e+01   5.1578820e-24
   4.6056554e+01   5.1490905e-24
   4.6162761e+01   5.1403291e-24
   4.6269213e+01   5.1315974e-24
   4.6375910e+01   5.1228948e-24
   4.6482853e+01   5.1142210e-24
   4.6590043e+01   5.1055756e-24
   4.6697480e+01   5.0969580e-24
   4.6805165e+01   5.0883680e-24
   4.6913098e+01   5.0798052e-24
   4.7021280e+01   5.0712691e-24
   4.7129711e+01   5.0627593e-24
   4.7238393e+01   5.0542756e-24
   4.7347325e+01   5.0458175e-24
   4.7456508e+01   5.0373847e-24
   4.7565943e+01   5.0289769e-24
   4.7675631e+01   5.0205937e-24
   4.7785571e+01   5.0122348e-24
   4.7895765e+01   5.0038998e-24
   4.8006213e+01   4.9955886e-24
   4.8116916e+01   4.9873007e-24
   4.8227874e+01   4.9790358e-24
   4.8339087e+01   4.9707938e-24
   4.8450558e+01   4.9625743e-24
   4.8562285e+01   4.9543770e-24
   4.8674270e+01   4.9462018e-24
   4.8786513e+01   4.9380482e-24
   4.8899015e+01   4.9299161e-24
   4.9011777e+01   4.9218053e-24
   4.9124798e+01   4.9137155e-24
   4.9238081e+01   4.9056464e-24
   4.9351624e+01   4.8975979e-24
   4.9465429e+01   4.8895698e-24
   4.9579497e+01   4.8815618e-24
   4.9693828e+01   4.8735737e-24
   4.9808422e+01   4.8656054e-24
   4.9923280e+01   4.8576566e-24
   5.0038404e+01   4.8497272e-24
   5.0153793e+01   4.8418170e-24
   5.0269448e+01   4.8339258e-24
   5.0385370e+01   4.8260535e-24
   5.0501559e+01   4.8181999e-24
   5.0618016e+01   4.8103648e-24
   5.0734741e+01   4.8025482e-24
   5.0851736e+01   4.7947497e-24
   5.0969000e+01   4.7869694e-24
   5.1086535e+01   4.7792071e-24
   5.1204341e+01   4.7714627e-24
   5.1322419e+01   4.7637359e-24
   5.1440769e+01   4.7560268e-24
   5.1559392e+01   4.7483352e-24
   5.1678288e+01   4.7406610e-24
   5.1797458e+01   4.7330040e-24
   5.1916904e+01   4.7253643e-24
   5.2036625e+01   4.7177416e-24
   5.2156621e+01   4.7101360e-24
   5.2276895e+01   4.7025472e-24
   5.2397446e+01   4.6949753e-24
   5.2518275e+01   4.6874201e-24
   5.2639382e+01   4.6798816e-24
   5.2760769e+01   4.6723597e-24
   5.2882436e+01   4.6648543e-24
   5.3004383e+01   4.6573654e-24
   5.3126612e+01   4.6498929e-24
   5.3249122e+01   4.6424367e-24
   5.3371915e+01   4.6349968e-24
   5.3494991e+01   4.6275731e-24
   5.3618351e+01   4.6201656e-24
   5.3741995e+01   4.6127743e-24
   5.3865925e+01   4.6053990e-24
   5.3990140e+01   4.5980398e-24
   5.4114642e+01   4.5906966e-24
   5.4239430e+01   4.5833694e-24
   5.4364507e+01   4.5760581e-24
   5.4489872e+01   4.5687627e-24
   5.4615526e+01   4.5614832e-24
   5.4741470e+01   4.5542195e-24
   5.4867704e+01   4.5469717e-24
   5.4994229e+01   4.5397397e-24
   5.5121046e+01   4.5325235e-24
   5.5248156e+01   4.5253230e-24
   5.5375559e+01   4.5181383e-24
   5.5503255e+01   4.5109693e-24
   5.5631246e+01   4.5038161e-24
   5.5759532e+01   4.4966786e-24
   5.5888114e+01   4.4895568e-24
   5.6016992e+01   4.4824506e-24
   5.6146168e+01   4.4753602e-24
   5.6275642e+01   4.4682855e-24
   5.6405414e+01   4.4612264e-24
   5.6535485e+01   4.4541831e-24
   5.6665856e+01   4.4471554e-24
   5.6796528e+01   4.4401434e-24
   5.6927501e+01   4.4331471e-24
   5.7058777e+01   4.4261665e-24
   5.7190355e+01   4.4192016e-24
   5.7322236e+01   4.4122524e-24
   5.7454421e+01   4.4053188e-24
   5.7586912e+01   4.3984010e-24
   5.7719708e+01   4.3914990e-24
   5.7852810e+01   4.3846126e-24
   5.7986219e+01   4.3777420e-24
   5.8119935e+01   4.3708871e-24
   5.8253960e+01   4.3640480e-24
   5.8388294e+01   4.3572247e-24
   5.8522938e+01   4.3504171e-24
   5.8657893e+01   4.3436254e-24
   5.8793158e+01   4.3368494e-24
   5.8928736e+01   4.3300893e-24
   5.9064626e+01   4.3233450e-24
   5.9200829e+01   4.3166166e-24
   5.9337347e+01   4.3099040e-24
   5.9474179e+01   4.3032073e-24
   5.9611327e+01   4.2965265e-24
   5.9748791e+01   4.2898616e-24
   5.9886572e+01   4.2832126e-24
   6.0024671e+01   4.2765796e-24
   6.0163089e+01   4.2699625e-24
   6.0301825e+01   4.2633615e-24
   6.0440882e+01   4.2567764e-24
   6.0580259e+01   4.2502073e-24
   6.0719957e+01   4.2436542e-24
   6.0859978e+01   4.2371171e-24
   6.1000322e+01   4.2305962e-24
   6.1140989e+01   4.2240913e-24
   6.1281980e+01   4.2176024e-24
   6.1423297e+01   4.2111297e-24
   6.1564940e+01   4.2046731e-24
   6.1706909e+01   4.1982326e-24
   6.1849206e+01   4.1918083e-24
   6.1991830e+01   4.1854001e-24
   6.2134784e+01   4.1790082e-24
   6.2278067e+01   4.1726324e-24
   6.2421681e+01   4.1662728e-24
   6.2565626e+01   4.1599294e-24
   6.2709903e+01   4.1536023e-24
   6.2854512e+01   4.1472914e-24
   6.2999455e+01   4.1409968e-24
   6.3144732e+01   4.1347185e-24
   6.3290345e+01   4.1284564e-24
   6.3436293e+01   4.1222107e-24
   6.3582577e+01   4.1159812e-24
   6.3729199e+01   4.1097681e-24
   6.3876159e+01   4.1035713e-24
   6.4023458e+01   4.0973909e-24
   6.4171097e+01   4.0912268e-24
   6.4319076e+01   4.0850790e-24
   6.4467396e+01   4.0789477e-24
   6.4616058e+01   4.0728327e-24
   6.4765063e+01   4.0667341e-24
   6.4914412e+01   4.0606519e-24
   6.5064105e+01   4.0545860e-24
   6.5214144e+01   4.0485366e-24
   6.5364528e+01   4.0425037e-24
   6.5515259e+01   4.0364871e-24
   6.5666338e+01   4.0304869e-24
   6.5817765e+01   4.0245032e-24
   6.5969541e+01   4.0185359e-24
   6.6121667e+01   4.0125851e-24
   6.6274144e+01   4.0066507e-24
   6.6426973e+01   4.0007327e-24
   6.6580154e+01   3.9948311e-24
   6.6733688e+01   3.9889460e-24
   6.6887577e+01   3.9830774e-24
   6.7041820e+01   3.9772252e-24
   6.7196419e+01   3.9713894e-24
   6.7351374e+01   3.9655700e-24
   6.7506687e+01   3.9597671e-24
   6.7662358e+01   3.9539807e-24
   6.7818388e+01   3.9482106e-24
   6.7974778e+01   3.9424570e-24
   6.8131528e+01   3.9367198e-24
   6.8288640e+01   3.9309990e-24
   6.8446114e+01   3.9252947e-24
   6.8603951e+01   3.9196067e-24
   6.8762153e+01   3.9139351e-24
   6.8920719e+01   3.9082800e-24
   6.9079650e+01   3.9026412e-24
   6.9238949e+01   3.8970187e-24
   6.9398614e+01   3.8914127e-24
   6.9558648e+01   3.8858230e-24
   6.9719051e+01   3.8802496e-24
   6.9879823e+01   3.8746926e-24
   7.0040967e+01   3.8691519e-24
   7.0202482e+01   3.8636275e-24
   7.0364369e+01   3.8581194e-24
   7.0526630e+01   3.8526275e-24
   7.0689265e+01   3.8471520e-24
   7.0852275e+01   3.8416927e-24
   7.1015661e+01   3.8362496e-24
   7.1179423e+01   3.8308228e-24
   7.1343564e+01   3.8254122e-24
   7.1508083e+01   3.8200177e-24
   7.1672981e+01   3.8146395e-24
   7.1838259e+01   3.8092773e-24
   7.2003919e+01   3.8039314e-24
   7.2169960e+01   3.7986015e-24
   7.2336385e+01   3.7932877e-24
   7.2503193e+01   3.7879900e-24
   7.2670386e+01   3.7827084e-24
   7.2837964e+01   3.7774428e-24
   7.3005929e+01   3.7721932e-24
   7.3174282e+01   3.7669597e-24
   7.3343022e+01   3.7617420e-24
   7.3512152e+01   3.7565404e-24
   7.3681671e+01   3.7513546e-24
   7.3851582e+01   3.7461848e-24
   7.4021884e+01   3.7410308e-24
   7.4192579e+01   3.7358927e-24
   7.4363668e+01   3.7307704e-24
   7.4535151e+01   3.7256638e-24
   7.4707029e+01   3.7205731e-24
   7.4879304e+01   3.7154981e-24
   7.5051977e+01   3.7104388e-24
   7.5225047e+01   3.7053952e-24
   7.5398517e+01   3.7003673e-24
   7.5572386e+01   3.6953550e-24
   7.5746657e+01   3.6903583e-24
   7.5921329e+01   3.6853772e-24
   7.6096404e+01   3.6804116e-24
   7.6271883e+01   3.6754615e-24
   7.6447767e+01   3.6705270e-24
   7.6624056e+01   3.6656078e-24
   7.6800751e+01   3.6607041e-24
   7.6977855e+01   3.6558158e-24
   7.7155366e+01   3.6509428e-24
   7.7333287e+01   3.6460851e-24
   7.7511618e+01   3.6412427e-24
   7.7690361e+01   3.6364156e-24
   7.7869515e+01   3.6316037e-24
   7.8049083e+01   3.6268070e-24
   7.8229065e+01   3.6220254e-24
   7.8409461e+01   3.6172590e-24
   7.8590274e+01   3.6125076e-24
   7.8771504e+01   3.6077713e-24
   7.8953152e+01   3.6030500e-24
   7.9135218e+01   3.5983436e-24
   7.9317705e+01   3.5936522e-24
   7.9500612e+01   3.5889757e-24
   7.9683941e+01   3.5843141e-24
   7.9867693e+01   3.5796673e-24
   8.0051868e+01   3.5750353e-24
   8.0236468e+01   3.5704180e-24
   8.0421494e+01   3.5658154e-24
   8.0606947e+01   3.5612275e-24
   8.0792827e+01   3.5566543e-24
   8.0979136e+01   3.5520956e-24
   8.1165874e+01   3.5475515e-24
   8.1353044e+01   3.5430219e-24
   8.1540644e+01   3.5385068e-24
   8.1728678e+01   3.5340061e-24
   8.1917145e+01   3.5295199e-24
   8.2106046e+01   3.5250479e-24
   8.2295383e+01   3.5205903e-24
   8.2485157e+01   3.5161470e-24
   8.2675369e+01   3.5117179e-24
   8.2866019e+01   3.5073030e-24
   8.3057108e+01   3.5029023e-24
   8.3248639e+01   3.4985156e-24
   8.3440611e+01   3.4941430e-24
   8.3633025e+01   3.4897845e-24
   8.3825884e+01   3.4854399e-24
   8.4019187e+01   3.4811093e-24
   8.4212936e+01   3.4767926e-24
   8.4407131e+01   3.4724898e-24
   8.4601775e+01   3.4682007e-24
   8.4796867e+01   3.4639254e-24
   8.4992409e+01   3.4596639e-24
   8.5188403e+01   3.4554160e-24
   8.5384848e+01   3.4511818e-24
   8.5581746e+01   3.4469612e-24
   8.5779098e+01   3.4427541e-24
   8.5976905e+01   3.4385606e-24
   8.6175169e+01   3.4343805e-24
   8.6373889e+01   3.4302139e-24
   8.6573068e+01   3.4260606e-24
   8.6772706e+01   3.4219207e-24
   8.6972805e+01   3.4177940e-24
   8.7173365e+01   3.4136806e-24
   8.7374387e+01   3.4095804e-24
   8.7575873e+01   3.4054934e-24
   8.7777824e+01   3.4014195e-24
   8.7980240e+01   3.3973587e-24
   8.8183123e+01   3.3933109e-24
   8.8386474e+01   3.3892760e-24
   8.8590294e+01   3.3852541e-24
   8.8794584e+01   3.3812451e-24
   8.8999345e+01   3.3772490e-24
   8.9204578e+01   3.3732657e-24
   8.9410285e+01   3.3692951e-24
   8.9616465e+01   3.3653372e-24
   8.9823122e+01   3.3613920e-24
   9.0030254e+01   3.3574595e-24
   9.0237865e+01   3.3535395e-24
   9.0445954e+01   3.3496321e-24
   9.0654523e+01   3.3457371e-24
   9.0863573e+01   3.3418546e-24
   9.1073105e+01   3.3379845e-24
   9.1283120e+01   3.3341267e-24
   9.1493620e+01   3.3302813e-24
   9.1704605e+01   3.3264482e-24
   9.1916077e+01   3.3226272e-24
   9.2128036e+01   3.3188185e-24
   9.2340484e+01   3.3150218e-24
   9.2553422e+01   3.3112373e-24
   9.2766850e+01   3.3074648e-24
   9.2980771e+01   3.3037043e-24
   9.3195186e+01   3.2999558e-24
   9.3410095e+01   3.2962192e-24
   9.3625499e+01   3.2924944e-24
   9.3841400e+01   3.2887815e-24
   9.4057799e+01   3.2850803e-24
   9.4274697e+01   3.2813909e-24
   9.4492095e+01   3.2777131e-24
   9.4709995e+01   3.2740471e-24
   9.4928397e+01   3.2703926e-24
   9.5147302e+01   3.2667496e-24
   9.5366713e+01   3.2631182e-24
   9.5586629e+01   3.2594983e-24
   9.5807053e+01   3.2558898e-24
   9.6027984e+01   3.2522926e-24
   9.6249426e+01   3.2487068e-24
   9.6471378e+01   3.2451323e-24
   9.6693841e+01   3.2415690e-24
   9.6916818e+01   3.2380170e-24
   9.7140309e+01   3.2344761e-24
   9.7364315e+01   3.2309463e-24
   9.7588838e+01   3.2274276e-24
   9.7813879e+01   3.2239199e-24
   9.8039438e+01   3.2204233e-24
   9.8265518e+01   3.2169375e-24
   9.8492119e+01   3.2134627e-24
   9.8719243e+01   3.2099987e-24
   9.8946890e+01   3.2065456e-24
   9.9175062e+01   3.2031032e-24
   9.9403761e+01   3.1996716e-24
   9.9632987e+01   3.1962506e-24
   9.9862741e+01   3.1928403e-24
   1.0009303e+02   3.1894406e-24
   1.0032384e+02   3.1860515e-24
   1.0055519e+02   3.1826729e-24
   1.0078707e+02   3.1793048e-24
   1.0101948e+02   3.1759471e-24
   1.0125244e+02   3.1725998e-24
   1.0148593e+02   3.1692629e-24
   1.0171995e+02   3.1659363e-24
   1.0195452e+02   3.1626199e-24
   1.0218963e+02   3.1593138e-24
   1.0242528e+02   3.1560179e-24
   1.0266147e+02   3.1527321e-24
   1.0289821e+02   3.1494565e-24
   1.0313549e+02   3.1461909e-24
   1.0337332e+02   3.1429353e-24
   1.0361170e+02   3.1396897e-24
   1.0385063e+02   3.1364541e-24
   1.0409011e+02   3.1332284e-24
   1.0433015e+02   3.1300125e-24
   1.0457073e+02   3.1268065e-24
   1.0481187e+02   3.1236103e-24
   1.0505357e+02   3.1204238e-24
   1.0529582e+02   3.1172470e-24
   1.0553864e+02   3.1140799e-24
   1.0578201e+02   3.1109224e-24
   1.0602594e+02   3.1077745e-24
   1.0627044e+02   3.1046362e-24
   1.0651550e+02   3.1015074e-24
   1.0676113e+02   3.0983880e-24
   1.0700732e+02   3.0952781e-24
   1.0725408e+02   3.0921776e-24
   1.0750141e+02   3.0890865e-24
   1.0774931e+02   3.0860047e-24
   1.0799778e+02   3.0829321e-24
   1.0824682e+02   3.0798689e-24
   1.0849644e+02   3.0768148e-24
   1.0874663e+02   3.0737699e-24
   1.0899740e+02   3.0707341e-24
   1.0924875e+02   3.0677075e-24
   1.0950068e+02   3.0646899e-24
   1.0975319e+02   3.0616813e-24
   1.1000628e+02   3.0586817e-24
   1.1025996e+02   3.0556911e-24
   1.1051422e+02   3.0527094e-24
   1.1076906e+02   3.0497366e-24
   1.1102450e+02   3.0467726e-24
   1.1128052e+02   3.0438174e-24
   1.1153714e+02   3.0408710e-24
   1.1179434e+02   3.0379334e-24
   1.1205214e+02   3.0350044e-24
   1.1231053e+02   3.0320841e-24
   1.1256952e+02   3.0291725e-24
   1.1282911e+02   3.0262694e-24
   1.1308929e+02   3.0233749e-24
   1.1335008e+02   3.0204890e-24
   1.1361146e+02   3.0176115e-24
   1.1387345e+02   3.0147425e-24
   1.1413605e+02   3.0118820e-24
   1.1439924e+02   3.0090298e-24
   1.1466305e+02   3.0061860e-24
   1.1492746e+02   3.0033505e-24
   1.1519249e+02   3.0005233e-24
   1.1545812e+02   2.9977043e-24
   1.1572437e+02   2.9948936e-24
   1.1599123e+02   2.9920911e-24
   1.1625871e+02   2.9892967e-24
   1.1652680e+02   2.9865105e-24
   1.1679551e+02   2.9837324e-24
   1.1706484e+02   2.9809623e-24
   1.1733480e+02   2.9782003e-24
   1.1760537e+02   2.9754463e-24
   1.1787657e+02   2.9727002e-24
   1.1814839e+02   2.9699621e-24
   1.1842085e+02   2.9672319e-24
   1.1869392e+02   2.9645096e-24
   1.1896763e+02   2.9617951e-24
   1.1924197e+02   2.9590884e-24
   1.1951695e+02   2.9563895e-24
   1.1979255e+02   2.9536983e-24
   1.2006880e+02   2.9510149e-24
   1.2034568e+02   2.9483392e-24
   1.2062319e+02   2.9456711e-24
   1.2090135e+02   2.9430107e-24
   1.2118015e+02   2.9403579e-24
   1.2145959e+02   2.9377126e-24
   1.2173968e+02   2.9350749e-24
   1.2202041e+02   2.9324447e-24
   1.2230179e+02   2.9298220e-24
   1.2258382e+02   2.9272068e-24
   1.2286650e+02   2.9245989e-24
   1.2314983e+02   2.9219985e-24
   1.2343382e+02   2.9194055e-24
   1.2371846e+02   2.9168198e-24
   1.2400375e+02   2.9142414e-24
   1.2428971e+02   2.9116703e-24
   1.2457632e+02   2.9091064e-24
   1.2486359e+02   2.9065498e-24
   1.2515153e+02   2.9040004e-24
   1.2544013e+02   2.9014581e-24
   1.2572940e+02   2.8989231e-24
   1.2601933e+02   2.8963951e-24
   1.2630993e+02   2.8938742e-24
   1.2660120e+02   2.8913605e-24
   1.2689314e+02   2.8888537e-24
   1.2718576e+02   2.8863540e-24
   1.2747905e+02   2.8838612e-24
   1.2777302e+02   2.8813755e-24
   1.2806767e+02   2.8788966e-24
   1.2836299e+02   2.8764247e-24
   1.2865900e+02   2.8739597e-24
   1.2895569e+02   2.8715015e-24
   1.2925306e+02   2.8690502e-24
   1.2955112e+02   2.8666056e-24
   1.2984986e+02   2.8641679e-24
   1.3014930e+02   2.8617369e-24
   1.3044942e+02   2.8593127e-24
   1.3075024e+02   2.8568952e-24
   1.3105175e+02   2.8544843e-24
   1.3135396e+02   2.8520802e-24
   1.3165686e+02   2.8496827e-24
   1.3196046e+02   2.8472917e-24
   1.3226476e+02   2.8449074e-24
   1.3256977e+02   2.8425297e-24
   1.3287547e+02   2.8401585e-24
   1.3318189e+02   2.8377938e-24
   1.3348901e+02   2.8354357e-24
   1.3379683e+02   2.8330840e-24
   1.3410537e+02   2.8307387e-24
   1.3441462e+02   2.8283999e-24
   1.3472458e+02   2.8260675e-24
   1.3503525e+02   2.8237415e-24
   1.3534665e+02   2.8214219e-24
   1.3565876e+02   2.8191086e-24
   1.3597159e+02   2.8168016e-24
   1.3628514e+02   2.8145009e-24
   1.3659941e+02   2.8122065e-24
   1.3691441e+02   2.8099184e-24
   1.3723014e+02   2.8076365e-24
   1.3754659e+02   2.8053608e-24
   1.3786377e+02   2.8030913e-24
   1.3818169e+02   2.8008280e-24
   1.3850034e+02   2.7985708e-24
   1.3881972e+02   2.7963198e-24
   1.3913984e+02   2.7940748e-24
   1.3946070e+02   2.7918360e-24
   1.3978229e+02   2.7896032e-24
   1.4010463e+02   2.7873765e-24
   1.4042772e+02   2.7851558e-24
   1.4075154e+02   2.7829411e-24
   1.4107612e+02   2.7807324e-24
   1.4140144e+02   2.7785297e-24
   1.4172751e+02   2.7763329e-24
   1.4205434e+02   2.7741421e-24
   1.4238192e+02   2.7719572e-24
   1.4271025e+02   2.7697781e-24
   1.4303934e+02   2.7676050e-24
   1.4336919e+02   2.7654377e-24
   1.4369980e+02   2.7632762e-24
   1.4403117e+02   2.7611206e-24
   1.4436331e+02   2.7589707e-24
   1.4469621e+02   2.7568267e-24
   1.4502988e+02   2.7546884e-24
   1.4536432e+02   2.7525558e-24
   1.4569954e+02   2.7504290e-24
   1.4603552e+02   2.7483079e-24
   1.4637228e+02   2.7461925e-24
   1.4670981e+02   2.7440828e-24
   1.4704813e+02   2.7419787e-24
   1.4738722e+02   2.7398803e-24
   1.4772710e+02   2.7377875e-24
   1.4806776e+02   2.7357003e-24
   1.4840920e+02   2.7336187e-24
   1.4875144e+02   2.7315427e-24
   1.4909446e+02   2.7294722e-24
   1.4943827e+02   2.7274073e-24
   1.4978288e+02   2.7253479e-24
   1.5012828e+02   2.7232940e-24
   1.5047447e+02   2.7212456e-24
   1.5082147e+02   2.7192027e-24
   1.5116927e+02   2.7171652e-24
   1.5151786e+02   2.7151332e-24
   1.5186726e+02   2.7131066e-24
   1.5221747e+02   2.7110855e-24
   1.5256849e+02   2.7090697e-24
   1.5292031e+02   2.7070594e-24
   1.5327295e+02   2.7050544e-24
   1.5362639e+02   2.7030547e-24
   1.5398066e+02   2.7010604e-24
   1.5433574e+02   2.6990714e-24
   1.5469164e+02   2.6970877e-24
   1.5504836e+02   2.6951094e-24
   1.5540590e+02   2.6931363e-24
   1.5576427e+02   2.6911685e-24
   1.5612346e+02   2.6892059e-24
   1.5648348e+02   2.6872486e-24
   1.5684434e+02   2.6852965e-24
   1.5720602e+02   2.6833496e-24
   1.5756854e+02   2.6814079e-24
   1.5793189e+02   2.6794714e-24
   1.5829608e+02   2.6775400e-24
   1.5866112e+02   2.6756139e-24
   1.5902699e+02   2.6736928e-24
   1.5939371e+02   2.6717769e-24
   1.5976127e+02   2.6698661e-24
   1.6012968e+02   2.6679605e-24
   1.6049894e+02   2.6660599e-24
   1.6086905e+02   2.6641644e-24
   1.6124002e+02   2.6622739e-24
   1.6161184e+02   2.6603886e-24
   1.6198452e+02   2.6585082e-24
   1.6235805e+02   2.6566329e-24
   1.6273245e+02   2.6547626e-24
   1.6310772e+02   2.6528974e-24
   1.6348384e+02   2.6510371e-24
   1.6386084e+02   2.6491818e-24
   1.6423870e+02   2.6473314e-24
   1.6461744e+02   2.6454861e-24
   1.6499705e+02   2.6436457e-24
   1.6537753e+02   2.6418102e-24
   1.6575889e+02   2.6399796e-24
   1.6614114e+02   2.6381540e-24
   1.6652426e+02   2.6363332e-24
   1.6690826e+02   2.6345174e-24
   1.6729316e+02   2.6327064e-24
   1.6767894e+02   2.6309003e-24
   1.6806560e+02   2.6290990e-24
   1.6845316e+02   2.6273026e-24
   1.6884162e+02   2.6255111e-24
   1.6923097e+02   2.6237243e-24
   1.6962122e+02   2.6219424e-24
   1.7001236e+02   2.6201653e-24
   1.7040441e+02   2.6183930e-24
   1.7079737e+02   2.6166255e-24
   1.7119123e+02   2.6148627e-24
   1.7158600e+02   2.6131048e-24
   1.7198168e+02   2.6113515e-24
   1.7237827e+02   2.6096031e-24
   1.7277577e+02   2.6078593e-24
   1.7317419e+02   2.6061203e-24
   1.7357354e+02   2.6043860e-24
   1.7397380e+02   2.6026565e-24
   1.7437498e+02   2.6009316e-24
   1.7477709e+02   2.5992114e-24
   1.7518013e+02   2.5974959e-24
   1.7558410e+02   2.5957850e-24
   1.7598899e+02   2.5940789e-24
   1.7639483e+02   2.5923774e-24
   1.7680159e+02   2.5906805e-24
   1.7720930e+02   2.5889883e-24
   1.7761795e+02   2.5873007e-24
   1.7802753e+02   2.5856177e-24
   1.7843807e+02   2.5839393e-24
   1.7884955e+02   2.5822656e-24
   1.7926198e+02   2.5805964e-24
   1.7967535e+02   2.5789318e-24
   1.8008969e+02   2.5772718e-24
   1.8050498e+02   2.5756164e-24
   1.8092122e+02   2.5739655e-24
   1.8133843e+02   2.5723192e-24
   1.8175659e+02   2.5706775e-24
   1.8217573e+02   2.5690403e-24
   1.8259583e+02   2.5674076e-24
   1.8301689e+02   2.5657795e-24
   1.8343893e+02   2.5641558e-24
   1.8386194e+02   2.5625367e-24
   1.8428593e+02   2.5609221e-24
   1.8471089e+02   2.5593120e-24
   1.8513684e+02   2.5577064e-24
   1.8556377e+02   2.5561052e-24
   1.8599168e+02   2.5545086e-24
   1.8642058e+02   2.5529164e-24
   1.8685046e+02   2.5513287e-24
   1.8728134e+02   2.5497454e-24
   1.8771321e+02   2.5481666e-24
   1.8814608e+02   2.5465922e-24
   1.8857995e+02   2.5450223e-24
   1.8901482e+02   2.5434568e-24
   1.8945068e+02   2.5418957e-24
   1.8988756e+02   2.5403391e-24
   1.9032544e+02   2.5387868e-24
   1.9076433e+02   2.5372390e-24
   1.9120424e+02   2.5356956e-24
   1.9164516e+02   2.5341565e-24
   1.9208709e+02   2.5326219e-24
   1.9253005e+02   2.5310917e-24
   1.9297402e+02   2.5295658e-24
   1.9341902e+02   2.5280443e-24
   1.9386505e+02   2.5265271e-24
   1.9431210e+02   2.5250144e-24
   1.9476019e+02   2.5235060e-24
   1.9520930e+02   2.5220019e-24
   1.9565946e+02   2.5205022e-24
   1.9611065e+02   2.5190068e-24
   1.9656288e+02   2.5175158e-24
   1.9701616e+02   2.5160291e-24
   1.9747048e+02   2.5145467e-24
   1.9792585e+02   2.5130687e-24
   1.9838227e+02   2.5115949e-24
   1.9883974e+02   2.5101255e-24
   1.9929826e+02   2.5086604e-24
   1.9975785e+02   2.5071996e-24
   2.0021849e+02   2.5057431e-24
   2.0068020e+02   2.5042909e-24
   2.0114297e+02   2.5028430e-24
   2.0160680e+02   2.5013993e-24
   2.0207171e+02   2.4999600e-24
   2.0253769e+02   2.4985249e-24
   2.0300474e+02   2.4970941e-24
   2.0347287e+02   2.4956676e-24
   2.0394208e+02   2.4942454e-24
   2.0441237e+02   2.4928274e-24
   2.0488375e+02   2.4914137e-24
   2.0535621e+02   2.4900042e-24
   2.0582977e+02   2.4885990e-24
   2.0630441e+02   2.4871980e-24
   2.0678015e+02   2.4858013e-24
   2.0725699e+02   2.4844088e-24
   2.0773492e+02   2.4830206e-24
   2.0821396e+02   2.4816366e-24
   2.0869411e+02   2.4802568e-24
   2.0917536e+02   2.4788813e-24
   2.0965772e+02   2.4775100e-24
   2.1014119e+02   2.4761429e-24
   2.1062578e+02   2.4747801e-24
   2.1111148e+02   2.4734214e-24
   2.1159831e+02   2.4720670e-24
   2.1208625e+02   2.4707168e-24
   2.1257533e+02   2.4693708e-24
   2.1306553e+02   2.4680290e-24
   2.1355686e+02   2.4666914e-24
   2.1404932e+02   2.4653580e-24
   2.1454292e+02   2.4640288e-24
   2.1503766e+02   2.4627038e-24
   2.1553354e+02   2.4613830e-24
   2.1603056e+02   2.4600664e-24
   2.1652873e+02   2.4587540e-24
   2.1702804e+02   2.4574458e-24
   2.1752851e+02   2.4561418e-24
   2.1803013e+02   2.4548420e-24
   2.1853291e+02   2.4535463e-24
   2.1903685e+02   2.4522548e-24
   2.1954195e+02   2.4509675e-24
   2.2004822e+02   2.4496844e-24
   2.2055565e+02   2.4484055e-24
   2.2106425e+02   2.4471307e-24
   2.2157403e+02   2.4458601e-24
   2.2208498e+02   2.4445937e-24
   2.2259711e+02   2.4433315e-24
   2.2311042e+02   2.4420734e-24
   2.2362491e+02   2.4408195e-24
   2.2414060e+02   2.4395698e-24
   2.2465747e+02   2.4383242e-24
   2.2517553e+02   2.4370828e-24
   2.2569478e+02   2.4358456e-24
   2.2621524e+02   2.4346125e-24
   2.2673689e+02   2.4333836e-24
   2.2725975e+02   2.4321588e-24
   2.2778381e+02   2.4309382e-24
   2.2830908e+02   2.4297218e-24
   2.2883556e+02   2.4285096e-24
   2.2936326e+02   2.4273014e-24
   2.2989217e+02   2.4260975e-24
   2.3042231e+02   2.4248977e-24
   2.3095366e+02   2.4237021e-24
   2.3148624e+02   2.4225106e-24
   2.3202005e+02   2.4213233e-24
   2.3255509e+02   2.4201401e-24
   2.3309137e+02   2.4189611e-24
   2.3362888e+02   2.4177863e-24
   2.3416763e+02   2.4166156e-24
   2.3470762e+02   2.4154491e-24
   2.3524886e+02   2.4142867e-24
   2.3579134e+02   2.4131285e-24
   2.3633508e+02   2.4119744e-24
   2.3688007e+02   2.4108245e-24
   2.3742632e+02   2.4096788e-24
   2.3797382e+02   2.4085372e-24
   2.3852259e+02   2.4073998e-24
   2.3907263e+02   2.4062665e-24
   2.3962393e+02   2.4051374e-24
   2.4017651e+02   2.4040124e-24
   2.4073036e+02   2.4028917e-24
   2.4128548e+02   2.4017750e-24
   2.4184189e+02   2.4006626e-24
   2.4239958e+02   2.3995543e-24
   2.4295855e+02   2.3984501e-24
   2.4351882e+02   2.3973502e-24
   2.4408037e+02   2.3962544e-24
   2.4464322e+02   2.3951627e-24
   2.4520737e+02   2.3940753e-24
   2.4577282e+02   2.3929920e-24
   2.4633958e+02   2.3919128e-24
   2.4690764e+02   2.3908379e-24
   2.4747701e+02   2.3897671e-24
   2.4804769e+02   2.3887005e-24
   2.4861969e+02   2.3876381e-24
   2.4919301e+02   2.3865798e-24
   2.4976765e+02   2.3855257e-24
   2.5034362e+02   2.3844758e-24
   2.5092091e+02   2.3834301e-24
   2.5149954e+02   2.3823886e-24
   2.5207950e+02   2.3813512e-24
   2.5266080e+02   2.3803181e-24
   2.5324343e+02   2.3792891e-24
   2.5382742e+02   2.3782643e-24
   2.5441274e+02   2.3772438e-24
   2.5499942e+02   2.3762274e-24
   2.5558745e+02   2.3752152e-24
   2.5617684e+02   2.3742072e-24
   2.5676758e+02   2.3732034e-24
   2.5735969e+02   2.3722038e-24
   2.5795317e+02   2.3712084e-24
   2.5854801e+02   2.3702173e-24
   2.5914422e+02   2.3692303e-24
   2.5974181e+02   2.3682476e-24
   2.6034078e+02   2.3672690e-24
   2.6094112e+02   2.3662947e-24
   2.6154286e+02   2.3653246e-24
   2.6214598e+02   2.3643588e-24
   2.6275049e+02   2.3633971e-24
   2.6335639e+02   2.3624397e-24
   2.6396369e+02   2.3614865e-24
   2.6457240e+02   2.3605376e-24
   2.6518250e+02   2.3595929e-24
   2.6579401e+02   2.3586524e-24
   2.6640694e+02   2.3577162e-24
   2.6702127e+02   2.3567843e-24
   2.6763703e+02   2.3558565e-24
   2.6825420e+02   2.3549331e-24
   2.6887280e+02   2.3540139e-24
   2.6949282e+02   2.3530989e-24
   2.7011427e+02   2.3521882e-24
   2.7073716e+02   2.3512818e-24
   2.7136148e+02   2.3503797e-24
   2.7198724e+02   2.3494818e-24
   2.7261444e+02   2.3485882e-24
   2.7324310e+02   2.3476989e-24
   2.7387320e+02   2.3468139e-24
   2.7450475e+02   2.3459331e-24
   2.7513776e+02   2.3450567e-24
   2.7577223e+02   2.3441845e-24
   2.7640816e+02   2.3433167e-24
   2.7704556e+02   2.3424531e-24
   2.7768443e+02   2.3415939e-24
   2.7832477e+02   2.3407390e-24
   2.7896659e+02   2.3398884e-24
   2.7960989e+02   2.3390421e-24
   2.8025467e+02   2.3382001e-24
   2.8090094e+02   2.3373625e-24
   2.8154870e+02   2.3365292e-24
   2.8219796e+02   2.3357002e-24
   2.8284871e+02   2.3348756e-24
   2.8350096e+02   2.3340554e-24
   2.8415471e+02   2.3332394e-24
   2.8480998e+02   2.3324279e-24
   2.8546675e+02   2.3316207e-24
   2.8612504e+02   2.3308179e-24
   2.8678485e+02   2.3300194e-24
   2.8744617e+02   2.3292253e-24
   2.8810903e+02   2.3284356e-24
   2.8877341e+02   2.3276503e-24
   2.8943932e+02   2.3268693e-24
   2.9010677e+02   2.3260928e-24
   2.9077576e+02   2.3253207e-24
   2.9144629e+02   2.3245529e-24
   2.9211837e+02   2.3237896e-24
   2.9279200e+02   2.3230307e-24
   2.9346718e+02   2.3222762e-24
   2.9414391e+02   2.3215262e-24
   2.9482221e+02   2.3207805e-24
   2.9550207e+02   2.3200393e-24
   2.9618350e+02   2.3193026e-24
   2.9686651e+02   2.3185703e-24
   2.9755108e+02   2.3178424e-24
   2.9823724e+02   2.3171191e-24
   2.9892498e+02   2.3164001e-24
   2.9961430e+02   2.3156857e-24
   3.0030521e+02   2.3149757e-24
   3.0099772e+02   2.3142702e-24
   3.0169182e+02   2.3135692e-24
   3.0238752e+02   2.3128727e-24
   3.0308483e+02   2.3121807e-24
   3.0378375e+02   2.3114932e-24
   3.0448428e+02   2.3108102e-24
   3.0518642e+02   2.3101318e-24
   3.0589018e+02   2.3094578e-24
   3.0659557e+02   2.3087884e-24
   3.0730258e+02   2.3081235e-24
   3.0801122e+02   2.3074632e-24
   3.0872150e+02   2.3068074e-24
   3.0943341e+02   2.3061562e-24
   3.1014697e+02   2.3055095e-24
   3.1086217e+02   2.3048674e-24
   3.1157902e+02   2.3042299e-24
   3.1229752e+02   2.3035970e-24
   3.1301768e+02   2.3029687e-24
   3.1373950e+02   2.3023449e-24
   3.1446299e+02   2.3017258e-24
   3.1518814e+02   2.3011113e-24
   3.1591497e+02   2.3005014e-24
   3.1664347e+02   2.2998961e-24
   3.1737365e+02   2.2992955e-24
   3.1810552e+02   2.2986994e-24
   3.1883907e+02   2.2981081e-24
   3.1957432e+02   2.2975214e-24
   3.2031126e+02   2.2969393e-24
   3.2104990e+02   2.2963620e-24
   3.2179024e+02   2.2957893e-24
   3.2253229e+02   2.2952212e-24
   3.2327606e+02   2.2946579e-24
   3.2402153e+02   2.2940993e-24
   3.2476873e+02   2.2935454e-24
   3.2551765e+02   2.2929962e-24
   3.2626829e+02   2.2924517e-24
   3.2702067e+02   2.2919119e-24
   3.2777478e+02   2.2913769e-24
   3.2853063e+02   2.2908466e-24
   3.2928823e+02   2.2903211e-24
   3.3004757e+02   2.2898004e-24
   3.3080866e+02   2.2892844e-24
   3.3157151e+02   2.2887732e-24
   3.3233612e+02   2.2882668e-24
   3.3310249e+02   2.2877651e-24
   3.3387062e+02   2.2872683e-24
   3.3464053e+02   2.2867763e-24
   3.3541221e+02   2.2862891e-24
   3.3618568e+02   2.2858067e-24
   3.3696092e+02   2.2853292e-24
   3.3773796e+02   2.2848565e-24
   3.3851679e+02   2.2843887e-24
   3.3929741e+02   2.2839257e-24
   3.4007983e+02   2.2834676e-24
   3.4086406e+02   2.2830144e-24
   3.4165009e+02   2.2825661e-24
   3.4243794e+02   2.2821227e-24
   3.4322760e+02   2.2816842e-24
   3.4401909e+02   2.2812506e-24
   3.4481240e+02   2.2808219e-24
   3.4560754e+02   2.2803981e-24
   3.4640451e+02   2.2799793e-24
   3.4720333e+02   2.2795655e-24
   3.4800398e+02   2.2791566e-24
   3.4880648e+02   2.2787527e-24
   3.4961083e+02   2.2783538e-24
   3.5041703e+02   2.2779598e-24
   3.5122510e+02   2.2775709e-24
   3.5203503e+02   2.2771869e-24
   3.5284682e+02   2.2768080e-24
   3.5366049e+02   2.2764342e-24
   3.5447603e+02   2.2760653e-24
   3.5529346e+02   2.2757015e-24
   3.5611277e+02   2.2753428e-24
   3.5693397e+02   2.2749892e-24
   3.5775706e+02   2.2746406e-24
   3.5858205e+02   2.2742971e-24
   3.5940894e+02   2.2739587e-24
   3.6023774e+02   2.2736254e-24
   3.6106845e+02   2.2732973e-24
   3.6190108e+02   2.2729743e-24
   3.6273563e+02   2.2726564e-24
   3.6357210e+02   2.2723437e-24
   3.6441050e+02   2.2720361e-24
   3.6525083e+02   2.2717337e-24
   3.6609310e+02   2.2714365e-24
   3.6693731e+02   2.2711445e-24
   3.6778347e+02   2.2708577e-24
   3.6863159e+02   2.2705762e-24
   3.6948165e+02   2.2702998e-24
   3.7033368e+02   2.2700287e-24
   3.7118767e+02   2.2697629e-24
   3.7204364e+02   2.2695023e-24
   3.7290157e+02   2.2692470e-24
   3.7376148e+02   2.2689970e-24
   3.7462338e+02   2.2687523e-24
   3.7548727e+02   2.2685129e-24
   3.7635314e+02   2.2682788e-24
   3.7722102e+02   2.2680501e-24
   3.7809089e+02   2.2678267e-24
   3.7896277e+02   2.2676086e-24
   3.7983666e+02   2.2673960e-24
   3.8071257e+02   2.2671887e-24
   3.8159049e+02   2.2669868e-24
   3.8247044e+02   2.2667904e-24
   3.8335242e+02   2.2665993e-24
   3.8423644e+02   2.2664137e-24
   3.8512249e+02   2.2662336e-24
   3.8601059e+02   2.2660589e-24
   3.8690073e+02   2.2658897e-24
   3.8779292e+02   2.2657260e-24
   3.8868718e+02   2.2655677e-24
   3.8958349e+02   2.2654150e-24
   3.9048188e+02   2.2652679e-24
   3.9138233e+02   2.2651263e-24
   3.9228486e+02   2.2649902e-24
   3.9318947e+02   2.2648597e-24
   3.9409617e+02   2.2647349e-24
   3.9500496e+02   2.2646156e-24
   3.9591584e+02   2.2645019e-24
   3.9682883e+02   2.2643939e-24
   3.9774392e+02   2.2642916e-24
   3.9866112e+02   2.2641949e-24
   3.9958044e+02   2.2641039e-24
   4.0050187e+02   2.2640186e-24
   4.0142543e+02   2.2639390e-24
   4.0235112e+02   2.2638652e-24
   4.0327895e+02   2.2637971e-24
   4.0420891e+02   2.2637348e-24
   4.0514102e+02   2.2636783e-24
   4.0607528e+02   2.2636276e-24
   4.0701169e+02   2.2635827e-24
   4.0795026e+02   2.2635437e-24
   4.0889100e+02   2.2635105e-24
   4.0983390e+02   2.2634833e-24
   4.1077898e+02   2.2634620e-24
   4.1172624e+02   2.2634466e-24
   4.1267569e+02   2.2634372e-24
   4.1362732e+02   2.2634338e-24
   4.1458115e+02   2.2634363e-24
   4.1553718e+02   2.2634450e-24
   4.1649541e+02   2.2634597e-24
   4.1745585e+02   2.2634805e-24
   4.1841851e+02   2.2635074e-24
   4.1938338e+02   2.2635405e-24
   4.2035048e+02   2.2635798e-24
   4.2131982e+02   2.2636253e-24
   4.2229138e+02   2.2636770e-24
   4.2326519e+02   2.2637351e-24
   4.2424124e+02   2.2637996e-24
   4.2521955e+02   2.2638704e-24
   4.2620010e+02   2.2639476e-24
   4.2718293e+02   2.2640314e-24
   4.2816801e+02   2.2641217e-24
   4.2915537e+02   2.2642186e-24
   4.3014501e+02   2.2643221e-24
   4.3113692e+02   2.2644324e-24
   4.3213113e+02   2.2645495e-24
   4.3312763e+02   2.2646735e-24
   4.3412642e+02   2.2648044e-24
   4.3512752e+02   2.2649424e-24
   4.3613093e+02   2.2650876e-24
   4.3713665e+02   2.2652401e-24
   4.3814469e+02   2.2654001e-24
   4.3915506e+02   2.2655675e-24
   4.4016775e+02   2.2657428e-24
   4.4118278e+02   2.2659259e-24
   4.4220015e+02   2.2661172e-24
   4.4321987e+02   2.2663168e-24
   4.4424194e+02   2.2665250e-24
   4.4526636e+02   2.2667421e-24
   4.4629315e+02   2.2669686e-24
   4.4732231e+02   2.2672046e-24
   4.4835383e+02   2.2674508e-24
   4.4938774e+02   2.2677077e-24
   4.5042403e+02   2.2679759e-24
   4.5146271e+02   2.2682562e-24
   4.5250379e+02   2.2685494e-24
   4.5354727e+02   2.2688567e-24
   4.5459315e+02   2.2691793e-24
   4.5564145e+02   2.2695187e-24
   4.5669216e+02   2.2698770e-24
   4.5774529e+02   2.2702566e-24
   4.5880086e+02   2.2706603e-24
   4.5985886e+02   2.2710921e-24
   4.6091930e+02   2.2715567e-24
   4.6198218e+02   2.2720605e-24
   4.6304751e+02   2.2726118e-24
   4.6411530e+02   2.2732217e-24
   4.6518556e+02   2.2739055e-24
   4.6625828e+02   2.2746843e-24
   4.6733347e+02   2.2755886e-24
   4.6841115e+02   2.2766630e-24
   4.6949131e+02   2.2779754e-24
   4.7057396e+02   2.2796332e-24
   4.7165911e+02   2.2818147e-24
   4.7274676e+02   2.2848332e-24
   4.7383691e+02   2.2892825e-24
   4.7492958e+02   2.2964020e-24
   4.7602478e+02   2.3091490e-24
   4.7712249e+02   2.3361012e-24
   4.7822274e+02   2.4114826e-24
   4.7932553e+02   2.7948034e-24
   4.8043085e+02   4.0536045e-23
   4.8153873e+02   2.7184728e-24
   4.8264916e+02   2.3978056e-24
   4.8376216e+02   2.3316807e-24
   4.8487772e+02   2.3081542e-24
   4.8599585e+02   2.2973944e-24
   4.8711656e+02   2.2917371e-24
   4.8823985e+02   2.2885084e-24
   4.8936574e+02   2.2865812e-24
   4.9049422e+02   2.2854142e-24
   4.9162530e+02   2.2847215e-24
   4.9275899e+02   2.2843407e-24
   4.9389530e+02   2.2841743e-24
   4.9503423e+02   2.2841607e-24
   4.9617578e+02   2.2842593e-24
   4.9731996e+02   2.2844430e-24
   4.9846679e+02   2.2846926e-24
   4.9961626e+02   2.2849946e-24
   5.0076837e+02   2.2853390e-24
   5.0192315e+02   2.2857186e-24
   5.0308059e+02   2.2861278e-24
   5.0424070e+02   2.2865624e-24
   5.0540348e+02   2.2870191e-24
   5.0656894e+02   2.2874952e-24
   5.0773710e+02   2.2879889e-24
   5.0890794e+02   2.2884983e-24
   5.1008149e+02   2.2890223e-24
   5.1125774e+02   2.2895597e-24
   5.1243670e+02   2.2901097e-24
   5.1361839e+02   2.2906715e-24
   5.1480279e+02   2.2912445e-24
   5.1598993e+02   2.2918283e-24
   5.1717981e+02   2.2924224e-24
   5.1837243e+02   2.2930264e-24
   5.1956780e+02   2.2936401e-24
   5.2076593e+02   2.2942632e-24
   5.2196682e+02   2.2948955e-24
   5.2317048e+02   2.2955368e-24
   5.2437691e+02   2.2961869e-24
   5.2558613e+02   2.2968457e-24
   5.2679814e+02   2.2975131e-24
   5.2801294e+02   2.2981890e-24
   5.2923054e+02   2.2988734e-24
   5.3045095e+02   2.2995660e-24
   5.3167417e+02   2.3002670e-24
   5.3290022e+02   2.3009761e-24
   5.3412909e+02   2.3016935e-24
   5.3536079e+02   2.3024190e-24
   5.3659534e+02   2.3031525e-24
   5.3783273e+02   2.3038942e-24
   5.3907298e+02   2.3046439e-24
   5.4031609e+02   2.3054017e-24
   5.4156206e+02   2.3061675e-24
   5.4281090e+02   2.3069413e-24
   5.4406263e+02   2.3077231e-24
   5.4531724e+02   2.3085129e-24
   5.4657475e+02   2.3093108e-24
   5.4783515e+02   2.3101166e-24
   5.4909847e+02   2.3109304e-24
   5.5036469e+02   2.3117522e-24
   5.5163384e+02   2.3125820e-24
   5.5290591e+02   2.3134198e-24
   5.5418091e+02   2.3142657e-24
   5.5545886e+02   2.3151195e-24
   5.5673975e+02   2.3159814e-24
   5.5802360e+02   2.3168513e-24
   5.5931040e+02   2.3177293e-24
   5.6060018e+02   2.3186153e-24
   5.6189293e+02   2.3195094e-24
   5.6318866e+02   2.3204116e-24
   5.6448737e+02   2.3213219e-24
   5.6578909e+02   2.3222403e-24
   5.6709380e+02   2.3231668e-24
   5.6840152e+02   2.3241015e-24
   5.6971226e+02   2.3250443e-24
   5.7102602e+02   2.3259953e-24
   5.7234281e+02   2.3269545e-24
   5.7366264e+02   2.3279218e-24
   5.7498551e+02   2.3288974e-24
   5.7631143e+02   2.3298812e-24
   5.7764041e+02   2.3308733e-24
   5.7897245e+02   2.3318736e-24
   5.8030757e+02   2.3328822e-24
   5.8164576e+02   2.3338991e-24
   5.8298704e+02   2.3349243e-24
   5.8433141e+02   2.3359579e-24
   5.8567889e+02   2.3369998e-24
   5.8702947e+02   2.3380501e-24
   5.8838316e+02   2.3391088e-24
   5.8973998e+02   2.3401758e-24
   5.9109992e+02   2.3412513e-24
   5.9246300e+02   2.3423353e-24
   5.9382923e+02   2.3434277e-24
   5.9519860e+02   2.3445286e-24
   5.9657113e+02   2.3456380e-24
   5.9794683e+02   2.3467560e-24
   5.9932570e+02   2.3478824e-24
   6.0070775e+02   2.3490175e-24
   6.0209299e+02   2.3501611e-24
   6.0348142e+02   2.3513133e-24
   6.0487305e+02   2.3524741e-24
   6.0626789e+02   2.3536436e-24
   6.0766595e+02   2.3548217e-24
   6.0906723e+02   2.3560085e-24
   6.1047175e+02   2.3572040e-24
   6.1187950e+02   2.3584083e-24
   6.1329050e+02   2.3596213e-24
   6.1470475e+02   2.3608430e-24
   6.1612226e+02   2.3620735e-24
   6.1754305e+02   2.3633128e-24
   6.1896711e+02   2.3645610e-24
   6.2039445e+02   2.3658180e-24
   6.2182508e+02   2.3670838e-24
   6.2325902e+02   2.3683586e-24
   6.2469626e+02   2.3696422e-24
   6.2613681e+02   2.3709348e-24
   6.2758069e+02   2.3722363e-24
   6.2902789e+02   2.3735468e-24
   6.3047844e+02   2.3748663e-24
   6.3193232e+02   2.3761948e-24
   6.3338957e+02   2.3775323e-24
   6.3485017e+02   2.3788789e-24
   6.3631414e+02   2.3802345e-24
   6.3778148e+02   2.3815993e-24
   6.3925221e+02   2.3829731e-24
   6.4072633e+02   2.3843561e-24
   6.4220385e+02   2.3857483e-24
   6.4368478e+02   2.3871497e-24
   6.4516912e+02   2.3885602e-24
   6.4665688e+02   2.3899800e-24
   6.4814808e+02   2.3914090e-24
   6.4964271e+02   2.3928473e-24
   6.5114080e+02   2.3942949e-24
   6.5264233e+02   2.3957518e-24
   6.5414733e+02   2.3972181e-24
   6.5565580e+02   2.3986937e-24
   6.5716775e+02   2.4001786e-24
   6.5868318e+02   2.4016730e-24
   6.6020211e+02   2.4031768e-24
   6.6172454e+02   2.4046901e-24
   6.6325048e+02   2.4062128e-24
   6.6477994e+02   2.4077450e-24
   6.6631293e+02   2.4092867e-24
   6.6784945e+02   2.4108380e-24
   6.6938952e+02   2.4123988e-24
   6.7093314e+02   2.4139692e-24
   6.7248031e+02   2.4155492e-24
   6.7403106e+02   2.4171388e-24
   6.7558538e+02   2.4187380e-24
   6.7714328e+02   2.4203470e-24
   6.7870478e+02   2.4219656e-24
   6.8026988e+02   2.4235939e-24
   6.8183859e+02   2.4252320e-24
   6.8341091e+02   2.4268798e-24
   6.8498686e+02   2.4285375e-24
   6.8656645e+02   2.4302049e-24
   6.8814967e+02   2.4318821e-24
   6.8973655e+02   2.4335692e-24
   6.9132709e+02   2.4352662e-24
   6.9292130e+02   2.4369731e-24
   6.9451918e+02   2.4386899e-24
   6.9612074e+02   2.4404166e-24
   6.9772600e+02   2.4421533e-24
   6.9933497e+02   2.4439000e-24
   7.0094764e+02   2.4456567e-24
   7.0256403e+02   2.4474234e-24
   7.0418415e+02   2.4492002e-24
   7.0580800e+02   2.4509871e-24
   7.0743560e+02   2.4527841e-24
   7.0906695e+02   2.4545912e-24
   7.1070206e+02   2.4564084e-24
   7.1234095e+02   2.4582359e-24
   7.1398361e+02   2.4600735e-24
   7.1563006e+02   2.4619214e-24
   7.1728031e+02   2.4637795e-24
   7.1893437e+02   2.4656478e-24
   7.2059223e+02   2.4675265e-24
   7.2225393e+02   2.4694155e-24
   7.2391945e+02   2.4713148e-24
   7.2558881e+02   2.4732244e-24
   7.2726203e+02   2.4751445e-24
   7.2893910e+02   2.4770750e-24
   7.3062004e+02   2.4790159e-24
   7.3230485e+02   2.4809673e-24
   7.3399355e+02   2.4829291e-24
   7.3568615e+02   2.4849014e-24
   7.3738265e+02   2.4868843e-24
   7.3908306e+02   2.4888778e-24
   7.4078739e+02   2.4908818e-24
   7.4249565e+02   2.4928964e-24
   7.4420785e+02   2.4949216e-24
   7.4592400e+02   2.4969575e-24
   7.4764410e+02   2.4990041e-24
   7.4936818e+02   2.5010613e-24
   7.5109623e+02   2.5031293e-24
   7.5282826e+02   2.5052080e-24
   7.5456429e+02   2.5072975e-24
   7.5630432e+02   2.5093978e-24
   7.5804836e+02   2.5115089e-24
   7.5979643e+02   2.5136308e-24
   7.6154852e+02   2.5157636e-24
   7.6330466e+02   2.5179073e-24
   7.6506485e+02   2.5200620e-24
   7.6682909e+02   2.5222275e-24
   7.6859741e+02   2.5244040e-24
   7.7036980e+02   2.5265915e-24
   7.7214628e+02   2.5287901e-24
   7.7392685e+02   2.5309996e-24
   7.7571153e+02   2.5332202e-24
   7.7750033e+02   2.5354520e-24
   7.7929325e+02   2.5376948e-24
   7.8109031e+02   2.5399487e-24
   7.8289151e+02   2.5422139e-24
   7.8469686e+02   2.5444902e-24
   7.8650638e+02   2.5467777e-24
   7.8832007e+02   2.5490764e-24
   7.9013794e+02   2.5513864e-24
   7.9196000e+02   2.5537077e-24
   7.9378627e+02   2.5560403e-24
   7.9561675e+02   2.5583843e-24
   7.9745144e+02   2.5607396e-24
   7.9929037e+02   2.5631063e-24
   8.0113354e+02   2.5654844e-24
   8.0298096e+02   2.5678739e-24
   8.0483264e+02   2.5702749e-24
   8.0668859e+02   2.5726874e-24
   8.0854882e+02   2.5751113e-24
   8.1041334e+02   2.5775469e-24
   8.1228216e+02   2.5799940e-24
   8.1415529e+02   2.5824526e-24
   8.1603274e+02   2.5849229e-24
   8.1791452e+02   2.5874048e-24
   8.1980064e+02   2.5898984e-24
   8.2169110e+02   2.5924037e-24
   8.2358593e+02   2.5949207e-24
   8.2548512e+02   2.5974494e-24
   8.2738870e+02   2.5999899e-24
   8.2929666e+02   2.6025421e-24
   8.3120903e+02   2.6051062e-24
   8.3312580e+02   2.6076822e-24
   8.3504700e+02   2.6102700e-24
   8.3697262e+02   2.6128697e-24
   8.3890269e+02   2.6154813e-24
   8.4083720e+02   2.6181048e-24
   8.4277618e+02   2.6207404e-24
   8.4471963e+02   2.6233879e-24
   8.4666756e+02   2.6260474e-24
   8.4861998e+02   2.6287190e-24
   8.5057690e+02   2.6314027e-24
   8.5253834e+02   2.6340985e-24
   8.5450430e+02   2.6368064e-24
   8.5647479e+02   2.6395265e-24
   8.5844983e+02   2.6422587e-24
   8.6042942e+02   2.6450031e-24
   8.6241358e+02   2.6477598e-24
   8.6440231e+02   2.6505288e-24
   8.6639563e+02   2.6533100e-24
   8.6839354e+02   2.6561035e-24
   8.7039607e+02   2.6589094e-24
   8.7240321e+02   2.6617277e-24
   8.7441498e+02   2.6645583e-24
   8.7643138e+02   2.6674014e-24
   8.7845244e+02   2.6702570e-24
   8.8047816e+02   2.6731250e-24
   8.8250855e+02   2.6760055e-24
   8.8454362e+02   2.6788986e-24
   8.8658338e+02   2.6818042e-24
   8.8862785e+02   2.6847225e-24
   8.9067703e+02   2.6876533e-24
   8.9273094e+02   2.6905969e-24
   8.9478959e+02   2.6935531e-24
   8.9685298e+02   2.6965220e-24
   8.9892113e+02   2.6995037e-24
   9.0099405e+02   2.7024982e-24
   9.0307175e+02   2.7055056e-24
   9.0515424e+02   2.7085258e-24
   9.0724153e+02   2.7115589e-24
   9.0933364e+02   2.7146050e-24
   9.1143057e+02   2.7176641e-24
   9.1353233e+02   2.7207363e-24
   9.1563894e+02   2.7238216e-24
   9.1775041e+02   2.7269201e-24
   9.1986675e+02   2.7300318e-24
   9.2198797e+02   2.7331570e-24
   9.2411408e+02   2.7362956e-24
   9.2624510e+02   2.7394479e-24
   9.2838103e+02   2.7426140e-24
   9.3052188e+02   2.7457942e-24
   9.3266767e+02   2.7489889e-24
   9.3481841e+02   2.7521984e-24
   9.3697411e+02   2.7554236e-24
   9.3913478e+02   2.7586653e-24
   9.4130043e+02   2.7619254e-24
   9.4347108e+02   2.7652064e-24
   9.4564673e+02   2.7685132e-24
   9.4782740e+02   2.7718548e-24
   9.5001309e+02   2.7752504e-24
   9.5220383e+02   2.7787465e-24
   9.5439962e+02   2.7824823e-24
   9.5660047e+02   2.7870483e-24
   9.5880640e+02   2.7978893e-24
   9.6101742e+02   3.3613585e-24
   9.6323353e+02   2.8010288e-24
   9.6545475e+02   2.8000064e-24
   9.6768110e+02   2.8025023e-24
   9.6991258e+02   2.8055893e-24
   9.7214920e+02   2.8088638e-24
   9.7439099e+02   2.8122218e-24
   9.7663794e+02   2.8156268e-24
   9.7889008e+02   2.8190633e-24
   9.8114740e+02   2.8225241e-24
   9.8340994e+02   2.8260051e-24
   9.8567769e+02   2.8295041e-24
   9.8795067e+02   2.8330199e-24
   9.9022889e+02   2.8365515e-24
   9.9251237e+02   2.8400984e-24
   9.9480111e+02   2.8436604e-24
   9.9709513e+02   2.8472371e-24
   9.9939443e+02   2.8508284e-24
   1.0016990e+03   2.8544341e-24
   1.0040090e+03   2.8580543e-24
   1.0063242e+03   2.8616888e-24
   1.0086448e+03   2.8653376e-24
   1.0109708e+03   2.8690007e-24
   1.0133021e+03   2.8726782e-24
   1.0156387e+03   2.8763699e-24
   1.0179808e+03   2.8800759e-24
   1.0203283e+03   2.8837962e-24
   1.0226812e+03   2.8875309e-24
   1.0250395e+03   2.8912799e-24
   1.0274032e+03   2.8950432e-24
   1.0297724e+03   2.8988209e-24
   1.0321471e+03   2.9026130e-24
   1.0345272e+03   2.9064195e-24
   1.0369129e+03   2.9102405e-24
   1.0393040e+03   2.9140759e-24
   1.0417006e+03   2.9179259e-24
   1.0441028e+03   2.9217903e-24
   1.0465105e+03   2.9256693e-24
   1.0489238e+03   2.9295629e-24
   1.0513426e+03   2.9334710e-24
   1.0537670e+03   2.9373938e-24
   1.0561970e+03   2.9413312e-24
   1.0586326e+03   2.9452833e-24
   1.0610738e+03   2.9492501e-24
   1.0635207e+03   2.9532316e-24
   1.0659731e+03   2.9572279e-24
   1.0684313e+03   2.9612390e-24
   1.0708951e+03   2.9652649e-24
   1.0733646e+03   2.9693057e-24
   1.0758398e+03   2.9733613e-24
   1.0783207e+03   2.9774318e-24
   1.0808073e+03   2.9815173e-24
   1.0832996e+03   2.9856177e-24
   1.0857977e+03   2.9897331e-24
   1.0883016e+03   2.9938636e-24
   1.0908112e+03   2.9980091e-24
   1.0933266e+03   3.0021696e-24
   1.0958479e+03   3.0063453e-24
   1.0983749e+03   3.0105361e-24
   1.1009078e+03   3.0147421e-24
   1.1034465e+03   3.0189632e-24
   1.1059910e+03   3.0231996e-24
   1.1085414e+03   3.0274513e-24
   1.1110977e+03   3.0317182e-24
   1.1136599e+03   3.0360004e-24
   1.1162281e+03   3.0402980e-24
   1.1188021e+03   3.0446110e-24
   1.1213820e+03   3.0489393e-24
   1.1239680e+03   3.0532831e-24
   1.1265598e+03   3.0576424e-24
   1.1291577e+03   3.0620172e-24
   1.1317615e+03   3.0664074e-24
   1.1343714e+03   3.0708133e-24
   1.1369873e+03   3.0752347e-24
   1.1396092e+03   3.0796717e-24
   1.1422371e+03   3.0841244e-24
   1.1448711e+03   3.0885927e-24
   1.1475112e+03   3.0930768e-24
   1.1501574e+03   3.0975766e-24
   1.1528096e+03   3.1020921e-24
   1.1554680e+03   3.1066235e-24
   1.1581325e+03   3.1111707e-24
   1.1608032e+03   3.1157337e-24
   1.1634800e+03   3.1203127e-24
   1.1661630e+03   3.1249075e-24
   1.1688522e+03   3.1295183e-24
   1.1715476e+03   3.1341451e-24
   1.1742492e+03   3.1387879e-24
   1.1769570e+03   3.1434467e-24
   1.1796711e+03   3.1481216e-24
   1.1823914e+03   3.1528126e-24
   1.1851180e+03   3.1575198e-24
   1.1878509e+03   3.1622431e-24
   1.1905901e+03   3.1669827e-24
   1.1933356e+03   3.1717384e-24
   1.1960875e+03   3.1765104e-24
   1.1988456e+03   3.1812987e-24
   1.2016102e+03   3.1861034e-24
   1.2043811e+03   3.1909243e-24
   1.2071584e+03   3.1957617e-24
   1.2099421e+03   3.2006155e-24
   1.2127323e+03   3.2054858e-24
   1.2155288e+03   3.2103725e-24
   1.2183319e+03   3.2152757e-24
   1.2211413e+03   3.2201955e-24
   1.2239573e+03   3.2251319e-24
   1.2267798e+03   3.2300849e-24
   1.2296087e+03   3.2350545e-24
   1.2324442e+03   3.2400408e-24
   1.2352862e+03   3.2450438e-24
   1.2381348e+03   3.2500635e-24
   1.2409900e+03   3.2551000e-24
   1.2438517e+03   3.2601533e-24
   1.2467200e+03   3.2652235e-24
   1.2495950e+03   3.2703105e-24
   1.2524766e+03   3.2754144e-24
   1.2553648e+03   3.2805353e-24
   1.2582597e+03   3.2856731e-24
   1.2611612e+03   3.2908279e-24
   1.2640695e+03   3.2959997e-24
   1.2669844e+03   3.3011886e-24
   1.2699061e+03   3.3063946e-24
   1.2728345e+03   3.3116178e-24
   1.2757697e+03   3.3168580e-24
   1.2787116e+03   3.3221155e-24
   1.2816603e+03   3.3273902e-24
   1.2846158e+03   3.3326822e-24
   1.2875782e+03   3.3379915e-24
   1.2905473e+03   3.3433181e-24
   1.2935233e+03   3.3486620e-24
   1.2965062e+03   3.3540234e-24
   1.2994960e+03   3.3594021e-24
   1.3024926e+03   3.3647984e-24
   1.3054962e+03   3.3702121e-24
   1.3085067e+03   3.3756433e-24
   1.3115241e+03   3.3810922e-24
   1.3145485e+03   3.3865586e-24
   1.3175798e+03   3.3920426e-24
   1.3206182e+03   3.3975443e-24
   1.3236635e+03   3.4030637e-24
   1.3267159e+03   3.4086008e-24
   1.3297753e+03   3.4141557e-24
   1.3328418e+03   3.4197284e-24
   1.3359154e+03   3.4253190e-24
   1.3389960e+03   3.4309274e-24
   1.3420837e+03   3.4365537e-24
   1.3451786e+03   3.4421979e-24
   1.3482806e+03   3.4478601e-24
   1.3513897e+03   3.4535403e-24
   1.3545060e+03   3.4592386e-24
   1.3576295e+03   3.4649549e-24
   1.3607602e+03   3.4706894e-24
   1.3638982e+03   3.4764420e-24
   1.3670433e+03   3.4822128e-24
   1.3701957e+03   3.4880018e-24
   1.3733554e+03   3.4938091e-24
   1.3765224e+03   3.4996347e-24
   1.3796966e+03   3.5054786e-24
   1.3828782e+03   3.5113409e-24
   1.3860672e+03   3.5172216e-24
   1.3892634e+03   3.5231208e-24
   1.3924671e+03   3.5290385e-24
   1.3956781e+03   3.5349748e-24
   1.3988966e+03   3.5409296e-24
   1.4021224e+03   3.5469032e-24
   1.4053558e+03   3.5528956e-24
   1.4085965e+03   3.5589068e-24
   1.4118448e+03   3.5649371e-24
   1.4151005e+03   3.5709866e-24
   1.4183637e+03   3.5770558e-24
   1.4216345e+03   3.5831453e-24
   1.4249128e+03   3.5892566e-24
   1.4281986e+03   3.5953930e-24
   1.4314921e+03   3.6015644e-24
   1.4347931e+03   3.6078123e-24
   1.4381017e+03   3.6145032e-24
   1.4414180e+03   3.7121185e-24
   1.4447419e+03   3.6267288e-24
   1.4480735e+03   3.6326155e-24
   1.4514128e+03   3.6388015e-24
   1.4547598e+03   3.6450514e-24
   1.4581144e+03   3.6513338e-24
   1.4614769e+03   3.6576406e-24
   1.4648470e+03   3.6639693e-24
   1.4682250e+03   3.6703186e-24
   1.4716107e+03   3.6766879e-24
   1.4750043e+03   3.6830772e-24
   1.4784056e+03   3.6894861e-24
   1.4818149e+03   3.6959147e-24
   1.4852319e+03   3.7023630e-24
   1.4886569e+03   3.7088308e-24
   1.4920897e+03   3.7153183e-24
   1.4955305e+03   3.7218254e-24
   1.4989792e+03   3.7283522e-24
   1.5024359e+03   3.7348987e-24
   1.5059005e+03   3.7414649e-24
   1.5093731e+03   3.7480509e-24
   1.5128538e+03   3.7546567e-24
   1.5163424e+03   3.7612823e-24
   1.5198391e+03   3.7679277e-24
   1.5233439e+03   3.7745931e-24
   1.5268567e+03   3.7812784e-24
   1.5303776e+03   3.7879837e-24
   1.5339067e+03   3.7947090e-24
   1.5374439e+03   3.8014543e-24
   1.5409893e+03   3.8082198e-24
   1.5445428e+03   3.8150053e-24
   1.5481045e+03   3.8218110e-24
   1.5516745e+03   3.8286369e-24
   1.5552526e+03   3.8354831e-24
   1.5588391e+03   3.8423495e-24
   1.5624338e+03   3.8492363e-24
   1.5660367e+03   3.8561434e-24
   1.5696480e+03   3.8630709e-24
   1.5732677e+03   3.8700188e-24
   1.5768956e+03   3.8769872e-24
   1.5805320e+03   3.8839762e-24
   1.5841767e+03   3.8909857e-24
   1.5878298e+03   3.8980157e-24
   1.5914913e+03   3.9050664e-24
   1.5951613e+03   3.9121378e-24
   1.5988398e+03   3.9192299e-24
   1.6025267e+03   3.9263427e-24
   1.6062222e+03   3.9334764e-24
   1.6099261e+03   3.9406308e-24
   1.6136386e+03   3.9478062e-24
   1.6173597e+03   3.9550024e-24
   1.6210893e+03   3.9622196e-24
   1.6248276e+03   3.9694578e-24
   1.6285744e+03   3.9767171e-24
   1.6323300e+03   3.9839974e-24
   1.6360941e+03   3.9912988e-24
   1.6398670e+03   3.9986214e-24
   1.6436485e+03   4.0059652e-24
   1.6474388e+03   4.0133302e-24
   1.6512378e+03   4.0207165e-24
   1.6550456e+03   4.0281242e-24
   1.6588621e+03   4.0355532e-24
   1.6626874e+03   4.0430036e-24
   1.6665216e+03   4.0504754e-24
   1.6703646e+03   4.0579687e-24
   1.6742165e+03   4.0654836e-24
   1.6780773e+03   4.0730200e-24
   1.6819469e+03   4.0805781e-24
   1.6858255e+03   4.0881578e-24
   1.6897130e+03   4.0957592e-24
   1.6936095e+03   4.1033824e-24
   1.6975150e+03   4.1110273e-24
   1.7014295e+03   4.1186941e-24
   1.7053530e+03   4.1263827e-24
   1.7092855e+03   4.1340932e-24
   1.7132272e+03   4.1418257e-24
   1.7171779e+03   4.1495802e-24
   1.7211377e+03   4.1573567e-24
   1.7251067e+03   4.1651554e-24
   1.7290848e+03   4.1729761e-24
   1.7330721e+03   4.1808190e-24
   1.7370685e+03   4.1886841e-24
   1.7410742e+03   4.1965715e-24
   1.7450892e+03   4.2044812e-24
   1.7491133e+03   4.2124132e-24
   1.7531468e+03   4.2203676e-24
   1.7571896e+03   4.2283445e-24
   1.7612417e+03   4.2363438e-24
   1.7653031e+03   4.2443656e-24
   1.7693739e+03   4.2524100e-24
   1.7734541e+03   4.2604771e-24
   1.7775437e+03   4.2685667e-24
   1.7816427e+03   4.2766791e-24
   1.7857512e+03   4.2848142e-24
   1.7898692e+03   4.2929721e-24
   1.7939966e+03   4.3011528e-24
   1.7981336e+03   4.3093564e-24
   1.8022801e+03   4.3175829e-24
   1.8064362e+03   4.3258324e-24
   1.8106018e+03   4.3341049e-24
   1.8147771e+03   4.3424005e-24
   1.8189620e+03   4.3507191e-24
   1.8231565e+03   4.3590609e-24
   1.8273607e+03   4.3674259e-24
   1.8315746e+03   4.3758142e-24
   1.8357983e+03   4.3842257e-24
   1.8400316e+03   4.3926606e-24
   1.8442748e+03   4.4011189e-24
   1.8485277e+03   4.4096005e-24
   1.8527904e+03   4.4181057e-24
   1.8570629e+03   4.4266344e-24
   1.8613453e+03   4.4351866e-24
   1.8656376e+03   4.4437625e-24
   1.8699398e+03   4.4523621e-24
   1.8742519e+03   4.4609854e-24
   1.8785739e+03   4.4696325e-24
   1.8829059e+03   4.4783034e-24
   1.8872479e+03   4.4869983e-24
   1.8915999e+03   4.4957172e-24
   1.8959620e+03   4.5044603e-24
   1.9003341e+03   4.5132278e-24
   1.9047163e+03   4.5220205e-24
   1.9091086e+03   4.5308400e-24
   1.9135110e+03   4.5396939e-24
   1.9179235e+03   4.5486593e-24
   1.9223463e+03   4.5600428e-24
   1.9267792e+03   4.5663892e-24
   1.9312224e+03   4.5752817e-24
   1.9356758e+03   4.5842323e-24
   1.9401395e+03   4.5932132e-24
   1.9446135e+03   4.6022204e-24
   1.9490978e+03   4.6112529e-24
   1.9535924e+03   4.6203103e-24
   1.9580974e+03   4.6293925e-24
   1.9626128e+03   4.6384995e-24
   1.9671386e+03   4.6476313e-24
   1.9716748e+03   4.6567879e-24
   1.9762215e+03   4.6659693e-24
   1.9807787e+03   4.6751756e-24
   1.9853464e+03   4.6844069e-24
   1.9899246e+03   4.6936631e-24
   1.9945134e+03   4.7029443e-24
   1.9991128e+03   4.7122506e-24
   2.0037227e+03   4.7215820e-24
   2.0083433e+03   4.7309386e-24
   2.0129746e+03   4.7403204e-24
   2.0176165e+03   4.7497275e-24
   2.0222692e+03   4.7591599e-24
   2.0269325e+03   4.7686177e-24
   2.0316067e+03   4.7781008e-24
   2.0362916e+03   4.7876095e-24
   2.0409873e+03   4.7971437e-24
   2.0456938e+03   4.8067034e-24
   2.0504112e+03   4.8162888e-24
   2.0551394e+03   4.8258998e-24
   2.0598786e+03   4.8355366e-24
   2.0646287e+03   4.8451991e-24
   2.0693898e+03   4.8548875e-24
   2.0741618e+03   4.8646017e-24
   2.0789448e+03   4.8743419e-24
   2.0837389e+03   4.8841081e-24
   2.0885440e+03   4.8939003e-24
   2.0933602e+03   4.9037186e-24
   2.0981875e+03   4.9135630e-24
   2.1030259e+03   4.9234336e-24
   2.1078755e+03   4.9333305e-24
   2.1127363e+03   4.9432537e-24
   2.1176083e+03   4.9532032e-24
   2.1224915e+03   4.9631792e-24
   2.1273860e+03   4.9731816e-24
   2.1322918e+03   4.9832105e-24
   2.1372088e+03   4.9932661e-24
   2.1421373e+03   5.0033482e-24
   2.1470771e+03   5.0134570e-24
   2.1520282e+03   5.0235925e-24
   2.1569908e+03   5.0337548e-24
   2.1619649e+03   5.0439440e-24
   2.1669504e+03   5.0541601e-24
   2.1719474e+03   5.0644031e-24
   2.1769559e+03   5.0746731e-24
   2.1819760e+03   5.0849702e-24
   2.1870076e+03   5.0952944e-24
   2.1920509e+03   5.1056457e-24
   2.1971058e+03   5.1160243e-24
   2.2021723e+03   5.1264302e-24
   2.2072505e+03   5.1368634e-24
   2.2123405e+03   5.1473240e-24
   2.2174421e+03   5.1578121e-24
   2.2225556e+03   5.1683276e-24
   2.2276808e+03   5.1788707e-24
   2.2328179e+03   5.1894415e-24
   2.2379668e+03   5.2000399e-24
   2.2431275e+03   5.2106660e-24
   2.2483002e+03   5.2213199e-24
   2.2534848e+03   5.2320017e-24
   2.2586814e+03   5.2427114e-24
   2.2638899e+03   5.2534490e-24
   2.2691104e+03   5.2642147e-24
   2.2743430e+03   5.2750084e-24
   2.2795877e+03   5.2858302e-24
   2.2848444e+03   5.2966803e-24
   2.2901133e+03   5.3075586e-24
   2.2953943e+03   5.3184652e-24
   2.3006875e+03   5.3294001e-24
   2.3059929e+03   5.3403635e-24
   2.3113105e+03   5.3513554e-24
   2.3166404e+03   5.3623758e-24
   2.3219826e+03   5.3734248e-24
   2.3273371e+03   5.3845024e-24
   2.3327040e+03   5.3956088e-24
   2.3380832e+03   5.4067440e-24
   2.3434749e+03   5.4179080e-24
   2.3488789e+03   5.4291009e-24
   2.3542955e+03   5.4403227e-24
   2.3597245e+03   5.4515736e-24
   2.3651660e+03   5.4628537e-24
   2.3706201e+03   5.4741629e-24
   2.3760868e+03   5.4855014e-24
   2.3815661e+03   5.4968694e-24
   2.3870580e+03   5.5082675e-24
   2.3925626e+03   5.5196979e-24
   2.3980798e+03   5.5311877e-24
   2.4036098e+03   5.5428474e-24
   2.4091526e+03   5.5541577e-24
   2.4147081e+03   5.5656941e-24
   2.4202764e+03   5.5772662e-24
   2.4258576e+03   5.5888692e-24
   2.4314516e+03   5.6005023e-24
   2.4370586e+03   5.6121655e-24
   2.4426785e+03   5.6238586e-24
   2.4483113e+03   5.6355818e-24
   2.4539571e+03   5.6473351e-24
   2.4596160e+03   5.6591185e-24
   2.4652879e+03   5.6709321e-24
   2.4709728e+03   5.6827760e-24
   2.4766709e+03   5.6946501e-24
   2.4823821e+03   5.7065546e-24
   2.4881065e+03   5.7184896e-24
   2.4938441e+03   5.7304550e-24
   2.4995949e+03   5.7424510e-24
   2.5053590e+03   5.7544776e-24
   2.5111364e+03   5.7665350e-24
   2.5169271e+03   5.7786230e-24
   2.5227312e+03   5.7907419e-24
   2.5285486e+03   5.8028916e-24
   2.5343794e+03   5.8150723e-24
   2.5402237e+03   5.8272840e-24
   2.5460815e+03   5.8395268e-24
   2.5519528e+03   5.8518007e-24
   2.5578376e+03   5.8641058e-24
   2.5637360e+03   5.8764421e-24
   2.5696480e+03   5.8888098e-24
   2.5755736e+03   5.9012089e-24
   2.5815129e+03   5.9136395e-24
   2.5874659e+03   5.9261016e-24
   2.5934326e+03   5.9385952e-24
   2.5994131e+03   5.9511206e-24
   2.6054074e+03   5.9636777e-24
   2.6114155e+03   5.9762665e-24
   2.6174374e+03   5.9888872e-24
   2.6234732e+03   6.0015399e-24
   2.6295230e+03   6.0142245e-24
   2.6355867e+03   6.0269413e-24
   2.6416644e+03   6.0396901e-24
   2.6477561e+03   6.0524711e-24
   2.6538618e+03   6.0652844e-24
   2.6599816e+03   6.0781301e-24
   2.6661156e+03   6.0910081e-24
   2.6722637e+03   6.1039186e-24
   2.6784259e+03   6.1168617e-24
   2.6846024e+03   6.1298373e-24
   2.6907931e+03   6.1428457e-24
   2.6969981e+03   6.1558868e-24
   2.7032174e+03   6.1689606e-24
   2.7094510e+03   6.1820674e-24
   2.7156991e+03   6.1952071e-24
   2.7219615e+03   6.2083799e-24
   2.7282383e+03   6.2215857e-24
   2.7345297e+03   6.2348247e-24
   2.7408355e+03   6.2480970e-24
   2.7471559e+03   6.2614025e-24
   2.7534909e+03   6.2747414e-24
   2.7598405e+03   6.2881138e-24
   2.7662047e+03   6.3015197e-24
   2.7725836e+03   6.3149591e-24
   2.7789772e+03   6.3284322e-24
   2.7853855e+03   6.3419391e-24
   2.7918086e+03   6.3554797e-24
   2.7982465e+03   6.3690542e-24
   2.8046993e+03   6.3826627e-24
   2.8111670e+03   6.3963052e-24
   2.8176496e+03   6.4099817e-24
   2.8241471e+03   6.4236925e-24
   2.8306596e+03   6.4374375e-24
   2.8371871e+03   6.4512167e-24
   2.8437297e+03   6.4650304e-24
   2.8502873e+03   6.4788786e-24
   2.8568601e+03   6.4927614e-24
   2.8634481e+03   6.5066789e-24
   2.8700512e+03   6.5206318e-24
   2.8766696e+03   6.5346251e-24
   2.8833032e+03   6.5489124e-24
   2.8899521e+03   6.5626990e-24
   2.8966164e+03   6.5767871e-24
   2.9032960e+03   6.5909127e-24
   2.9099910e+03   6.6050740e-24
   2.9167015e+03   6.6192705e-24
   2.9234274e+03   6.6335024e-24
   2.9301688e+03   6.6477697e-24
   2.9369258e+03   6.6620723e-24
   2.9436984e+03   6.6764105e-24
   2.9504866e+03   6.6907843e-24
   2.9572904e+03   6.7051937e-24
   2.9641100e+03   6.7196388e-24
   2.9709452e+03   6.7341198e-24
   2.9777963e+03   6.7486366e-24
   2.9846631e+03   6.7631894e-24
   2.9915457e+03   6.7777782e-24
   2.9984443e+03   6.7924031e-24
   3.0053587e+03   6.8070642e-24
   3.0122891e+03   6.8217615e-24
   3.0192354e+03   6.8364952e-24
   3.0261978e+03   6.8512654e-24
   3.0331763e+03   6.8660720e-24
   3.0401708e+03   6.8809152e-24
   3.0471814e+03   6.8957950e-24
   3.0542083e+03   6.9107116e-24
   3.0612513e+03   6.9256650e-24
   3.0683106e+03   6.9406553e-24
   3.0753861e+03   6.9556825e-24
   3.0824780e+03   6.9707468e-24
   3.0895862e+03   6.9858483e-24
   3.0967108e+03   7.0009869e-24
   3.1038518e+03   7.0161628e-24
   3.1110093e+03   7.0313761e-24
   3.1181833e+03   7.0466269e-24
   3.1253739e+03   7.0619152e-24
   3.1325810e+03   7.0772411e-24
   3.1398048e+03   7.0926046e-24
   3.1470452e+03   7.1080060e-24
   3.1543023e+03   7.1234452e-24
   3.1615762e+03   7.1389224e-24
   3.1688668e+03   7.1544375e-24
   3.1761742e+03   7.1699908e-24
   3.1834985e+03   7.1855823e-24
   3.1908397e+03   7.2012120e-24
   3.1981978e+03   7.2168801e-24
   3.2055728e+03   7.2325866e-24
   3.2129649e+03   7.2483316e-24
   3.2203740e+03   7.2641152e-24
   3.2278002e+03   7.2799375e-24
   3.2352436e+03   7.2957986e-24
   3.2427041e+03   7.3116985e-24
   3.2501818e+03   7.3276373e-24
   3.2576767e+03   7.3436152e-24
   3.2651889e+03   7.3596322e-24
   3.2727185e+03   7.3756883e-24
   3.2802654e+03   7.3917838e-24
   3.2878297e+03   7.4079186e-24
   3.2954115e+03   7.4240928e-24
   3.3030107e+03   7.4403066e-24
   3.3106275e+03   7.4565599e-24
   3.3182618e+03   7.4728530e-24
   3.3259138e+03   7.4891859e-24
   3.3335833e+03   7.5055587e-24
   3.3412706e+03   7.5219715e-24
   3.3489756e+03   7.5384247e-24
   3.3566984e+03   7.5549205e-24
   3.3644389e+03   7.5714937e-24
   3.3721974e+03   7.5880247e-24
   3.3799737e+03   7.6046375e-24
   3.3877679e+03   7.6212915e-24
   3.3955801e+03   7.6379863e-24
   3.4034104e+03   7.6547218e-24
   3.4112587e+03   7.6714980e-24
   3.4191251e+03   7.6883151e-24
   3.4270096e+03   7.7051731e-24
   3.4349123e+03   7.7220721e-24
   3.4428332e+03   7.7390122e-24
   3.4507724e+03   7.7559935e-24
   3.4587299e+03   7.7730162e-24
   3.4667058e+03   7.7900801e-24
   3.4747000e+03   7.8071856e-24
   3.4827127e+03   7.8243326e-24
   3.4907439e+03   7.8415212e-24
   3.4987936e+03   7.8587516e-24
   3.5068618e+03   7.8760238e-24
   3.5149487e+03   7.8933380e-24
   3.5230542e+03   7.9106941e-24
   3.5311784e+03   7.9280923e-24
   3.5393213e+03   7.9455328e-24
   3.5474830e+03   7.9630155e-24
   3.5556635e+03   7.9805406e-24
   3.5638629e+03   7.9981082e-24
   3.5720812e+03   8.0157183e-24
   3.5803184e+03   8.0333711e-24
   3.5885747e+03   8.0510667e-24
   3.5968500e+03   8.0688051e-24
   3.6051443e+03   8.0865864e-24
   3.6134578e+03   8.1044108e-24
   3.6217905e+03   8.1222783e-24
   3.6301424e+03   8.1401890e-24
   3.6385135e+03   8.1581430e-24
   3.6469039e+03   8.1761405e-24
   3.6553137e+03   8.1941814e-24
   3.6637429e+03   8.2122660e-24
   3.6721915e+03   8.2303942e-24
   3.6806596e+03   8.2485663e-24
   3.6891472e+03   8.2667822e-24
   3.6976544e+03   8.2850421e-24
   3.7061813e+03   8.3033461e-24
   3.7147277e+03   8.3216943e-24
   3.7232939e+03   8.3400868e-24
   3.7318799e+03   8.3585236e-24
   3.7404856e+03   8.3770049e-24
   3.7491112e+03   8.3955308e-24
   3.7577567e+03   8.4141013e-24
   3.7664221e+03   8.4327166e-24
   3.7751075e+03   8.4513768e-24
   3.7838129e+03   8.4700819e-24
   3.7925384e+03   8.4888321e-24
   3.8012841e+03   8.5076275e-24
   3.8100498e+03   8.5264681e-24
   3.8188359e+03   8.5453542e-24
   3.8276421e+03   8.5642858e-24
   3.8364687e+03   8.5832641e-24
   3.8453156e+03   8.6022997e-24
   3.8541829e+03   8.6213541e-24
   3.8630707e+03   8.6404680e-24
   3.8719790e+03   8.6596281e-24
   3.8809078e+03   8.6788344e-24
   3.8898572e+03   8.6980869e-24
   3.8988272e+03   8.7173856e-24
   3.9078180e+03   8.7367307e-24
   3.9168294e+03   8.7561223e-24
   3.9258617e+03   8.7755604e-24
   3.9349147e+03   8.7950453e-24
   3.9439887e+03   8.8145769e-24
   3.9530835e+03   8.8341554e-24
   3.9621994e+03   8.8537809e-24
   3.9713362e+03   8.8734534e-24
   3.9804942e+03   8.8931732e-24
   3.9896732e+03   8.9129403e-24
   3.9988734e+03   8.9327548e-24
   4.0080949e+03   8.9526168e-24
   4.0173376e+03   8.9725264e-24
   4.0266016e+03   8.9924837e-24
   4.0358870e+03   9.0124888e-24
   4.0451937e+03   9.0325419e-24
   4.0545220e+03   9.0526430e-24
   4.0638718e+03   9.0727923e-24
   4.0732431e+03   9.0929898e-24
   4.0826360e+03   9.1132357e-24
   4.0920506e+03   9.1335300e-24
   4.1014869e+03   9.1538729e-24
   4.1109450e+03   9.1742645e-24
   4.1204248e+03   9.1947049e-24
   4.1299266e+03   9.2151942e-24
   4.1394502e+03   9.2357324e-24
   4.1489958e+03   9.2563198e-24
   4.1585634e+03   9.2769564e-24
   4.1681531e+03   9.2976424e-24
   4.1777649e+03   9.3183778e-24
   4.1873988e+03   9.3391627e-24
   4.1970550e+03   9.3599973e-24
   4.2067335e+03   9.3808816e-24
   4.2164342e+03   9.4018159e-24
   4.2261574e+03   9.4228001e-24
   4.2359029e+03   9.4438345e-24
   4.2456709e+03   9.4649190e-24
   4.2554615e+03   9.4860539e-24
   4.2652746e+03   9.5072392e-24
   4.2751104e+03   9.5284751e-24
   4.2849688e+03   9.5497616e-24
   4.2948500e+03   9.5710989e-24
   4.3047539e+03   9.5924872e-24
   4.3146807e+03   9.6139268e-24
   4.3246304e+03   9.6354486e-24
   4.3346030e+03   9.6569584e-24
   4.3445987e+03   9.6785511e-24
   4.3546173e+03   9.7001953e-24
   4.3646591e+03   9.7218912e-24
   4.3747241e+03   9.7436388e-24
   4.3848122e+03   9.7654382e-24
   4.3949236e+03   9.7872895e-24
   4.4050583e+03   9.8091928e-24
   4.4152164e+03   9.8311483e-24
   4.4253980e+03   9.8531560e-24
   4.4356030e+03   9.8752162e-24
   4.4458315e+03   9.8973288e-24
   4.4560836e+03   9.9194940e-24
   4.4663594e+03   9.9417120e-24
   4.4766588e+03   9.9639828e-24
   4.4869821e+03   9.9863066e-24
   4.4973291e+03   1.0008683e-23
   4.5076999e+03   1.0031114e-23
   4.5180947e+03   1.0053597e-23
   4.5285135e+03   1.0076134e-23
   4.5389563e+03   1.0098724e-23
   4.5494231e+03   1.0121368e-23
   4.5599142e+03   1.0144066e-23
   4.5704294e+03   1.0166818e-23
   4.5809688e+03   1.0189624e-23
   4.5915325e+03   1.0212484e-23
   4.6021207e+03   1.0235398e-23
   4.6127332e+03   1.0258367e-23
   4.6233702e+03   1.0281390e-23
   4.6340317e+03   1.0304468e-23
   4.6447178e+03   1.0327600e-23
   4.6554286e+03   1.0350788e-23
   4.6661640e+03   1.0374031e-23
   4.6769242e+03   1.0397328e-23
   4.6877093e+03   1.0420681e-23
   4.6985192e+03   1.0444089e-23
   4.7093540e+03   1.0467553e-23
   4.7202138e+03   1.0491073e-23
   4.7310986e+03   1.0514648e-23
   4.7420086e+03   1.0538279e-23
   4.7529437e+03   1.0561967e-23
   4.7639040e+03   1.0585709e-23
   4.7748896e+03   1.0609509e-23
   4.7859005e+03   1.0633365e-23
   4.7969369e+03   1.0657278e-23
   4.8079986e+03   1.0681248e-23
   4.8190859e+03   1.0705272e-23
   4.8301988e+03   1.0729355e-23
   4.8413372e+03   1.0753494e-23
   4.8525014e+03   1.0777691e-23
   4.8636913e+03   1.0801945e-23
   4.8749070e+03   1.0826257e-23
   4.8861486e+03   1.0850626e-23
   4.8974161e+03   1.0875053e-23
   4.9087096e+03   1.0899537e-23
   4.9200291e+03   1.0924080e-23
   4.9313747e+03   1.0948680e-23
   4.9427465e+03   1.0973339e-23
   4.9541445e+03   1.0998056e-23
   4.9655688e+03   1.1022831e-23
   4.9770194e+03   1.1047665e-23
   4.9884965e+03   1.1072558e-23
   5.0000000e+03   1.1097509e-23
