   5.0000000e+00   1.6455074e-20
   5.0115300e+00   1.6037000e-20
   5.0230867e+00   1.5631225e-20
   5.0346699e+00   1.5237692e-20
   5.0462799e+00   1.4856483e-20
   5.0579167e+00   1.4487438e-20
   5.0695803e+00   1.4125415e-20
   5.0812708e+00   1.3744509e-20
   5.0929882e+00   1.3356639e-20
   5.1047327e+00   1.3016819e-20
   5.1165042e+00   1.2697265e-20
   5.1283029e+00   1.2385196e-20
   5.1401288e+00   1.2080083e-20
   5.1519820e+00   1.1782185e-20
   5.1638625e+00   1.1491634e-20
   5.1757704e+00   1.1208439e-20
   5.1877058e+00   1.0932527e-20
   5.1996687e+00   1.0663775e-20
   5.2116592e+00   1.0402032e-20
   5.2236773e+00   1.0147135e-20
   5.2357231e+00   9.8989164e-21
   5.2477968e+00   9.6572026e-21
   5.2598982e+00   9.4218217e-21
   5.2720276e+00   9.1926032e-21
   5.2841849e+00   8.9693793e-21
   5.2963703e+00   8.7519854e-21
   5.3085838e+00   8.5402608e-21
   5.3208254e+00   8.3340486e-21
   5.3330953e+00   8.1331959e-21
   5.3453934e+00   7.9375541e-21
   5.3577199e+00   7.7469785e-21
   5.3700749e+00   7.5613286e-21
   5.3824583e+00   7.3804678e-21
   5.3948703e+00   7.2042636e-21
   5.4073109e+00   7.0325872e-21
   5.4197802e+00   6.8653135e-21
   5.4322783e+00   6.7023212e-21
   5.4448051e+00   6.5434925e-21
   5.4573609e+00   6.3887132e-21
   5.4699456e+00   6.2378721e-21
   5.4825594e+00   6.0908617e-21
   5.4952022e+00   5.9475774e-21
   5.5078742e+00   5.8079178e-21
   5.5205754e+00   5.6717843e-21
   5.5333058e+00   5.5390814e-21
   5.5460657e+00   5.4097163e-21
   5.5588550e+00   5.2835989e-21
   5.5716737e+00   5.1606418e-21
   5.5845220e+00   5.0407601e-21
   5.5974000e+00   4.9238714e-21
   5.6103076e+00   4.8098956e-21
   5.6232451e+00   4.6987551e-21
   5.6362123e+00   4.5903745e-21
   5.6492094e+00   4.4846803e-21
   5.6622366e+00   4.3816015e-21
   5.6752937e+00   4.2810689e-21
   5.6883810e+00   4.1830154e-21
   5.7014985e+00   4.0873758e-21
   5.7146461e+00   3.9940867e-21
   5.7278242e+00   3.9030867e-21
   5.7410326e+00   3.8143158e-21
   5.7542714e+00   3.7277159e-21
   5.7675408e+00   3.6432308e-21
   5.7808408e+00   3.5608054e-21
   5.7941715e+00   3.4803864e-21
   5.8075329e+00   3.4019221e-21
   5.8209251e+00   3.3253620e-21
   5.8343482e+00   3.2506572e-21
   5.8478023e+00   3.1777602e-21
   5.8612873e+00   3.1066246e-21
   5.8748035e+00   3.0372055e-21
   5.8883508e+00   2.9694592e-21
   5.9019294e+00   2.9033431e-21
   5.9155393e+00   2.8388159e-21
   5.9291806e+00   2.7758374e-21
   5.9428533e+00   2.7143684e-21
   5.9565576e+00   2.6543710e-21
   5.9702935e+00   2.5958082e-21
   5.9840610e+00   2.5386439e-21
   5.9978603e+00   2.4828433e-21
   6.0116914e+00   2.4283721e-21
   6.0255544e+00   2.3751974e-21
   6.0394494e+00   2.3232869e-21
   6.0533764e+00   2.2726092e-21
   6.0673355e+00   2.2231338e-21
   6.0813269e+00   2.1748311e-21
   6.0953505e+00   2.1276721e-21
   6.1094064e+00   2.0816287e-21
   6.1234947e+00   2.0366736e-21
   6.1376155e+00   1.9927801e-21
   6.1517689e+00   1.9499223e-21
   6.1659550e+00   1.9080749e-21
   6.1801737e+00   1.8672134e-21
   6.1944252e+00   1.8273139e-21
   6.2087096e+00   1.7883530e-21
   6.2230269e+00   1.7503082e-21
   6.2373773e+00   1.7131573e-21
   6.2517607e+00   1.6768788e-21
   6.2661773e+00   1.6414518e-21
   6.2806272e+00   1.6068559e-21
   6.2951104e+00   1.5730713e-21
   6.3096269e+00   1.5400786e-21
   6.3241770e+00   1.5078590e-21
   6.3387606e+00   1.4763941e-21
   6.3533778e+00   1.4456661e-21
   6.3680288e+00   1.4156576e-21
   6.3827135e+00   1.3863516e-21
   6.3974321e+00   1.3577316e-21
   6.4121846e+00   1.3297816e-21
   6.4269711e+00   1.3024857e-21
   6.4417918e+00   1.2758289e-21
   6.4566466e+00   1.2497961e-21
   6.4715357e+00   1.2243729e-21
   6.4864591e+00   1.1995451e-21
   6.5014169e+00   1.1752990e-21
   6.5164092e+00   1.1516211e-21
   6.5314361e+00   1.1284984e-21
   6.5464977e+00   1.1059182e-21
   6.5615939e+00   1.0838679e-21
   6.5767250e+00   1.0623356e-21
   6.5918910e+00   1.0413093e-21
   6.6070920e+00   1.0207776e-21
   6.6223280e+00   1.0007293e-21
   6.6375991e+00   9.8115351e-22
   6.6529055e+00   9.6203947e-22
   6.6682471e+00   9.4337684e-22
   6.6836241e+00   9.2515549e-22
   6.6990366e+00   9.0736557e-22
   6.7144846e+00   8.8999743e-22
   6.7299683e+00   8.7304171e-22
   6.7454877e+00   8.5648926e-22
   6.7610428e+00   8.4033116e-22
   6.7766338e+00   8.2455871e-22
   6.7922608e+00   8.0916346e-22
   6.8079238e+00   7.9413711e-22
   6.8236229e+00   7.7947164e-22
   6.8393582e+00   7.6515917e-22
   6.8551299e+00   7.5119205e-22
   6.8709378e+00   7.3756282e-22
   6.8867823e+00   7.2426419e-22
   6.9026632e+00   7.1128907e-22
   6.9185808e+00   6.9863053e-22
   6.9345351e+00   6.8628184e-22
   6.9505262e+00   6.7423642e-22
   6.9665542e+00   6.6248785e-22
   6.9826191e+00   6.5102988e-22
   6.9987211e+00   6.3985643e-22
   7.0148602e+00   6.2896157e-22
   7.0310365e+00   6.1833949e-22
   7.0472502e+00   6.0798457e-22
   7.0635012e+00   5.9789130e-22
   7.0797897e+00   5.8805435e-22
   7.0961157e+00   5.7846848e-22
   7.1124794e+00   5.6912862e-22
   7.1288808e+00   5.6002983e-22
   7.1453201e+00   5.5116728e-22
   7.1617972e+00   5.4253628e-22
   7.1783124e+00   5.3413227e-22
   7.1948656e+00   5.2595081e-22
   7.2114571e+00   5.1798757e-22
   7.2280867e+00   5.1023835e-22
   7.2447548e+00   5.0269907e-22
   7.2614612e+00   4.9536574e-22
   7.2782062e+00   4.8823452e-22
   7.2949898e+00   4.8130166e-22
   7.3118121e+00   4.7456352e-22
   7.3286732e+00   4.6801658e-22
   7.3455732e+00   4.6165742e-22
   7.3625121e+00   4.5548274e-22
   7.3794901e+00   4.4948932e-22
   7.3965073e+00   4.4367409e-22
   7.4135637e+00   4.3803404e-22
   7.4306594e+00   4.3256630e-22
   7.4477946e+00   4.2726809e-22
   7.4649693e+00   4.2213675e-22
   7.4821835e+00   4.1716970e-22
   7.4994375e+00   4.1236449e-22
   7.5167313e+00   4.0771878e-22
   7.5340649e+00   4.0323034e-22
   7.5514385e+00   3.9889702e-22
   7.5688522e+00   3.9471683e-22
   7.5863060e+00   3.9068785e-22
   7.6038001e+00   3.8680831e-22
   7.6213345e+00   3.8307654e-22
   7.6389094e+00   3.7949100e-22
   7.6565248e+00   3.7605028e-22
   7.6741808e+00   3.7275308e-22
   7.6918775e+00   3.6959825e-22
   7.7096150e+00   3.6658478e-22
   7.7273934e+00   3.6371178e-22
   7.7452129e+00   3.6097854e-22
   7.7630734e+00   3.5838449e-22
   7.7809751e+00   3.5592920e-22
   7.7989181e+00   3.5361245e-22
   7.8169025e+00   3.5143417e-22
   7.8349283e+00   3.4939449e-22
   7.8529957e+00   3.4749373e-22
   7.8711048e+00   3.4573241e-22
   7.8892556e+00   3.4411130e-22
   7.9074483e+00   3.4263138e-22
   7.9256829e+00   3.4129390e-22
   7.9439596e+00   3.4010036e-22
   7.9622784e+00   3.3905256e-22
   7.9806395e+00   3.3815259e-22
   7.9990429e+00   3.3740289e-22
   8.0174888e+00   3.3680625e-22
   8.0359772e+00   3.3636586e-22
   8.0545082e+00   3.3608531e-22
   8.0730819e+00   3.3596865e-22
   8.0916985e+00   3.3602042e-22
   8.1103581e+00   3.3624570e-22
   8.1290606e+00   3.3665018e-22
   8.1478063e+00   3.3724017e-22
   8.1665952e+00   3.3802272e-22
   8.1854274e+00   3.3900564e-22
   8.2043031e+00   3.4019763e-22
   8.2232223e+00   3.4160832e-22
   8.2421851e+00   3.4324845e-22
   8.2611916e+00   3.4512992e-22
   8.2802420e+00   3.4726598e-22
   8.2993363e+00   3.4967138e-22
   8.3184746e+00   3.5236254e-22
   8.3376571e+00   3.5535778e-22
   8.3568838e+00   3.5867759e-22
   8.3761548e+00   3.6234486e-22
   8.3954703e+00   3.6638532e-22
   8.4148303e+00   3.7082787e-22
   8.4342350e+00   3.7570508e-22
   8.4536844e+00   3.8105376e-22
   8.4731786e+00   3.8691567e-22
   8.4927179e+00   3.9333829e-22
   8.5123021e+00   4.0037581e-22
   8.5319316e+00   4.0809038e-22
   8.5516063e+00   4.1655349e-22
   8.5713263e+00   4.2584787e-22
   8.5910919e+00   4.3606964e-22
   8.6109030e+00   4.4733117e-22
   8.6307598e+00   4.5976458e-22
   8.6506624e+00   4.7352623e-22
   8.6706109e+00   4.8880235e-22
   8.6906054e+00   5.0581733e-22
   8.7106460e+00   5.2484244e-22
   8.7307328e+00   5.4620997e-22
   8.7508660e+00   5.7033088e-22
   8.7710455e+00   5.9771959e-22
   8.7912716e+00   6.2902857e-22
   8.8115444e+00   6.6509806e-22
   8.8318638e+00   7.0702874e-22
   8.8522302e+00   7.5629106e-22
   8.8726435e+00   8.1489472e-22
   8.8931039e+00   8.8566084e-22
   8.9136114e+00   9.7267735e-22
   8.9341663e+00   1.0820999e-21
   8.9547686e+00   1.2236484e-21
   8.9754183e+00   1.4136225e-21
   8.9961157e+00   1.6816015e-21
   9.0168608e+00   2.0874215e-21
   9.0376538e+00   2.7731293e-21
   9.0584947e+00   4.1779227e-21
   9.0793836e+00   8.6659088e-21
   9.1003208e+00   8.9941262e-20
   9.1213062e+00   7.1495056e-21
   9.1423400e+00   3.7013432e-21
   9.1634223e+00   2.4977113e-21
   9.1845532e+00   1.9009253e-21
   9.2057328e+00   1.5767818e-21
   9.2269613e+00   1.4674010e-21
   9.2482388e+00   1.8843581e-21
   9.2695653e+00   3.9194132e-20
   9.2909410e+00   1.7507071e-21
   9.3123660e+00   1.0458594e-21
   9.3338403e+00   8.1820597e-22
   9.3553642e+00   6.9683431e-22
   9.3769378e+00   6.1610038e-22
   9.3985611e+00   5.5601652e-22
   9.4202342e+00   5.0840251e-22
   9.4419574e+00   4.6919210e-22
   9.4637306e+00   4.3606885e-22
   9.4855540e+00   4.0757778e-22
   9.5074278e+00   3.8273752e-22
   9.5293520e+00   3.6085001e-22
   9.5513267e+00   3.4139841e-22
   9.5733522e+00   3.2398793e-22
   9.5954284e+00   3.0830955e-22
   9.6175555e+00   2.9411653e-22
   9.6397337e+00   2.8120865e-22
   9.6619630e+00   2.6942123e-22
   9.6842435e+00   2.5861720e-22
   9.7065755e+00   2.4868136e-22
   9.7289589e+00   2.3951600e-22
   9.7513940e+00   2.3103763e-22
   9.7738808e+00   2.2317444e-22
   9.7964194e+00   2.1586421e-22
   9.8190100e+00   2.0905281e-22
   9.8416527e+00   2.0269285e-22
   9.8643477e+00   1.9674266e-22
   9.8870949e+00   1.9116546e-22
   9.9098946e+00   1.8592865e-22
   9.9327469e+00   1.8100320e-22
   9.9556519e+00   1.7636323e-22
   9.9786097e+00   1.7198553e-22
   1.0001620e+01   1.6784954e-22
   1.0024684e+01   1.6393800e-22
   1.0047801e+01   1.6023000e-22
   1.0070972e+01   1.5671147e-22
   1.0094195e+01   1.5336951e-22
   1.0117473e+01   1.5019203e-22
   1.0140804e+01   1.4716718e-22
   1.0164188e+01   1.4428417e-22
   1.0187627e+01   1.4153319e-22
   1.0211120e+01   1.3890530e-22
   1.0234667e+01   1.3639278e-22
   1.0258268e+01   1.3398812e-22
   1.0281924e+01   1.3168434e-22
   1.0305634e+01   1.2947503e-22
   1.0329399e+01   1.2735456e-22
   1.0353218e+01   1.2531757e-22
   1.0377093e+01   1.2335899e-22
   1.0401023e+01   1.2147412e-22
   1.0425007e+01   1.1965878e-22
   1.0449048e+01   1.1790904e-22
   1.0473143e+01   1.1622116e-22
   1.0497294e+01   1.1459165e-22
   1.0521501e+01   1.1301733e-22
   1.0545764e+01   1.1149529e-22
   1.0570082e+01   1.1002271e-22
   1.0594457e+01   1.0859695e-22
   1.0618888e+01   1.0721559e-22
   1.0643375e+01   1.0587642e-22
   1.0667919e+01   1.0457729e-22
   1.0692519e+01   1.0331617e-22
   1.0717176e+01   1.0209121e-22
   1.0741890e+01   1.0090070e-22
   1.0766661e+01   9.9742975e-23
   1.0791489e+01   9.8616477e-23
   1.0816374e+01   9.7519752e-23
   1.0841317e+01   9.6451469e-23
   1.0866317e+01   9.5410333e-23
   1.0891375e+01   9.4395124e-23
   1.0916491e+01   9.3404701e-23
   1.0941664e+01   9.2438013e-23
   1.0966896e+01   9.1494039e-23
   1.0992185e+01   9.0571817e-23
   1.1017533e+01   8.9670442e-23
   1.1042940e+01   8.8789078e-23
   1.1068405e+01   8.7926913e-23
   1.1093929e+01   8.7083179e-23
   1.1119512e+01   8.6257156e-23
   1.1145153e+01   8.5448170e-23
   1.1170854e+01   8.4655571e-23
   1.1196614e+01   8.3878741e-23
   1.1222434e+01   8.3117100e-23
   1.1248313e+01   8.2370103e-23
   1.1274251e+01   8.1637224e-23
   1.1300250e+01   8.0917962e-23
   1.1326308e+01   8.0211847e-23
   1.1352427e+01   7.9518433e-23
   1.1378606e+01   7.8837291e-23
   1.1404845e+01   7.8168012e-23
   1.1431144e+01   7.7510213e-23
   1.1457505e+01   7.6863525e-23
   1.1483926e+01   7.6227595e-23
   1.1510408e+01   7.5602088e-23
   1.1536951e+01   7.4986687e-23
   1.1563555e+01   7.4381086e-23
   1.1590221e+01   7.3784994e-23
   1.1616948e+01   7.3198131e-23
   1.1643737e+01   7.2620233e-23
   1.1670587e+01   7.2051046e-23
   1.1697500e+01   7.1490325e-23
   1.1724474e+01   7.0937838e-23
   1.1751511e+01   7.0393362e-23
   1.1778610e+01   6.9856683e-23
   1.1805772e+01   6.9327595e-23
   1.1832996e+01   6.8805902e-23
   1.1860283e+01   6.8291417e-23
   1.1887633e+01   6.7783955e-23
   1.1915046e+01   6.7283345e-23
   1.1942522e+01   6.6789418e-23
   1.1970061e+01   6.6302013e-23
   1.1997664e+01   6.5820975e-23
   1.2025331e+01   6.5346156e-23
   1.2053062e+01   6.4877411e-23
   1.2080856e+01   6.4414602e-23
   1.2108715e+01   6.3957595e-23
   1.2136637e+01   6.3506261e-23
   1.2164625e+01   6.3060478e-23
   1.2192676e+01   6.2620123e-23
   1.2220793e+01   6.2185081e-23
   1.2248974e+01   6.1755241e-23
   1.2277220e+01   6.1330494e-23
   1.2305532e+01   6.0910734e-23
   1.2333908e+01   6.0495861e-23
   1.2362350e+01   6.0085777e-23
   1.2390858e+01   5.9680386e-23
   1.2419431e+01   5.9279596e-23
   1.2448071e+01   5.8883317e-23
   1.2476776e+01   5.8491463e-23
   1.2505548e+01   5.8103950e-23
   1.2534386e+01   5.7720696e-23
   1.2563290e+01   5.7341622e-23
   1.2592261e+01   5.6966651e-23
   1.2621299e+01   5.6595707e-23
   1.2650404e+01   5.6228718e-23
   1.2679576e+01   5.5865614e-23
   1.2708815e+01   5.5506324e-23
   1.2738121e+01   5.5150784e-23
   1.2767496e+01   5.4798926e-23
   1.2796938e+01   5.4450687e-23
   1.2826447e+01   5.4106006e-23
   1.2856025e+01   5.3764823e-23
   1.2885671e+01   5.3427077e-23
   1.2915386e+01   5.3092713e-23
   1.2945169e+01   5.2761674e-23
   1.2975020e+01   5.2433905e-23
   1.3004941e+01   5.2109354e-23
   1.3034930e+01   5.1787968e-23
   1.3064989e+01   5.1469696e-23
   1.3095117e+01   5.1154489e-23
   1.3125314e+01   5.0842299e-23
   1.3155582e+01   5.0533078e-23
   1.3185918e+01   5.0226780e-23
   1.3216325e+01   4.9923360e-23
   1.3246802e+01   4.9622774e-23
   1.3277349e+01   4.9324978e-23
   1.3307967e+01   4.9029930e-23
   1.3338655e+01   4.8737589e-23
   1.3369414e+01   4.8447915e-23
   1.3400244e+01   4.8160867e-23
   1.3431145e+01   4.7876408e-23
   1.3462118e+01   4.7594499e-23
   1.3493162e+01   4.7315103e-23
   1.3524277e+01   4.7038183e-23
   1.3555464e+01   4.6763705e-23
   1.3586723e+01   4.6491634e-23
   1.3618054e+01   4.6221934e-23
   1.3649457e+01   4.5954573e-23
   1.3680933e+01   4.5689518e-23
   1.3712481e+01   4.5426737e-23
   1.3744103e+01   4.5166199e-23
   1.3775797e+01   4.4907871e-23
   1.3807564e+01   4.4651725e-23
   1.3839404e+01   4.4397731e-23
   1.3871318e+01   4.4145859e-23
   1.3903305e+01   4.3896081e-23
   1.3935366e+01   4.3648369e-23
   1.3967501e+01   4.3402696e-23
   1.3999710e+01   4.3159034e-23
   1.4031994e+01   4.2917358e-23
   1.4064352e+01   4.2677641e-23
   1.4096784e+01   4.2439858e-23
   1.4129292e+01   4.2203984e-23
   1.4161874e+01   4.1969994e-23
   1.4194531e+01   4.1737865e-23
   1.4227264e+01   4.1507573e-23
   1.4260072e+01   4.1279095e-23
   1.4292956e+01   4.1052408e-23
   1.4325916e+01   4.0827490e-23
   1.4358951e+01   4.0604319e-23
   1.4392063e+01   4.0382873e-23
   1.4425251e+01   4.0163132e-23
   1.4458516e+01   3.9945074e-23
   1.4491858e+01   3.9728680e-23
   1.4525276e+01   3.9513929e-23
   1.4558771e+01   3.9300801e-23
   1.4592344e+01   3.9089278e-23
   1.4625994e+01   3.8879340e-23
   1.4659722e+01   3.8670969e-23
   1.4693527e+01   3.8464146e-23
   1.4727410e+01   3.8258854e-23
   1.4761372e+01   3.8055075e-23
   1.4795412e+01   3.7852792e-23
   1.4829530e+01   3.7651986e-23
   1.4863727e+01   3.7452643e-23
   1.4898003e+01   3.7254744e-23
   1.4932358e+01   3.7058275e-23
   1.4966792e+01   3.6863218e-23
   1.5001306e+01   3.6669560e-23
   1.5035899e+01   3.6477283e-23
   1.5070572e+01   3.6286372e-23
   1.5105324e+01   3.6096814e-23
   1.5140157e+01   3.5908593e-23
   1.5175071e+01   3.5721696e-23
   1.5210065e+01   3.5536107e-23
   1.5245139e+01   3.5351812e-23
   1.5280295e+01   3.5168799e-23
   1.5315531e+01   3.4987054e-23
   1.5350849e+01   3.4806563e-23
   1.5386248e+01   3.4627313e-23
   1.5421729e+01   3.4449292e-23
   1.5457291e+01   3.4272487e-23
   1.5492936e+01   3.4096886e-23
   1.5528663e+01   3.3922475e-23
   1.5564472e+01   3.3749244e-23
   1.5600364e+01   3.3577180e-23
   1.5636338e+01   3.3406272e-23
   1.5672396e+01   3.3236508e-23
   1.5708537e+01   3.3067877e-23
   1.5744761e+01   3.2900368e-23
   1.5781068e+01   3.2733969e-23
   1.5817459e+01   3.2568671e-23
   1.5853935e+01   3.2404462e-23
   1.5890494e+01   3.2241331e-23
   1.5927137e+01   3.2079270e-23
   1.5963866e+01   3.1918267e-23
   1.6000678e+01   3.1758312e-23
   1.6037576e+01   3.1599396e-23
   1.6074559e+01   3.1441509e-23
   1.6111627e+01   3.1284641e-23
   1.6148780e+01   3.1128783e-23
   1.6186020e+01   3.0973925e-23
   1.6223345e+01   3.0820059e-23
   1.6260756e+01   3.0667175e-23
   1.6298253e+01   3.0515265e-23
   1.6335837e+01   3.0364320e-23
   1.6373508e+01   3.0214330e-23
   1.6411265e+01   3.0065289e-23
   1.6449110e+01   2.9917186e-23
   1.6487041e+01   2.9770015e-23
   1.6525061e+01   2.9623766e-23
   1.6563168e+01   2.9478431e-23
   1.6601362e+01   2.9334004e-23
   1.6639645e+01   2.9190475e-23
   1.6678016e+01   2.9047838e-23
   1.6716476e+01   2.8906084e-23
   1.6755024e+01   2.8765206e-23
   1.6793662e+01   2.8625197e-23
   1.6832388e+01   2.8486049e-23
   1.6871203e+01   2.8347755e-23
   1.6910109e+01   2.8210308e-23
   1.6949103e+01   2.8073700e-23
   1.6988188e+01   2.7937926e-23
   1.7027363e+01   2.7802978e-23
   1.7066628e+01   2.7668849e-23
   1.7105984e+01   2.7535533e-23
   1.7145431e+01   2.7403023e-23
   1.7184968e+01   2.7271313e-23
   1.7224597e+01   2.7140396e-23
   1.7264317e+01   2.7010265e-23
   1.7304128e+01   2.6880915e-23
   1.7344032e+01   2.6752339e-23
   1.7384027e+01   2.6624532e-23
   1.7424115e+01   2.6497487e-23
   1.7464295e+01   2.6371198e-23
   1.7504568e+01   2.6245659e-23
   1.7544934e+01   2.6120865e-23
   1.7585392e+01   2.5996810e-23
   1.7625945e+01   2.5873487e-23
   1.7666590e+01   2.5750893e-23
   1.7707329e+01   2.5629020e-23
   1.7748163e+01   2.5507864e-23
   1.7789090e+01   2.5387419e-23
   1.7830112e+01   2.5267679e-23
   1.7871228e+01   2.5148640e-23
   1.7912439e+01   2.5030296e-23
   1.7953746e+01   2.4912642e-23
   1.7995147e+01   2.4795674e-23
   1.8036644e+01   2.4679385e-23
   1.8078237e+01   2.4563770e-23
   1.8119925e+01   2.4448826e-23
   1.8161710e+01   2.4334547e-23
   1.8203591e+01   2.4220928e-23
   1.8245569e+01   2.4107965e-23
   1.8287643e+01   2.3995652e-23
   1.8329814e+01   2.3883986e-23
   1.8372083e+01   2.3772961e-23
   1.8414449e+01   2.3662572e-23
   1.8456913e+01   2.3552817e-23
   1.8499475e+01   2.3443689e-23
   1.8542135e+01   2.3335184e-23
   1.8584893e+01   2.3227299e-23
   1.8627750e+01   2.3120028e-23
   1.8670706e+01   2.3013368e-23
   1.8713761e+01   2.2907314e-23
   1.8756915e+01   2.2801862e-23
   1.8800168e+01   2.2697009e-23
   1.8843522e+01   2.2592748e-23
   1.8886975e+01   2.2489078e-23
   1.8930528e+01   2.2385993e-23
   1.8974182e+01   2.2283491e-23
   1.9017937e+01   2.2181565e-23
   1.9061792e+01   2.2080214e-23
   1.9105749e+01   2.1979433e-23
   1.9149807e+01   2.1879218e-23
   1.9193967e+01   2.1779565e-23
   1.9238228e+01   2.1680471e-23
   1.9282592e+01   2.1581932e-23
   1.9327057e+01   2.1483944e-23
   1.9371626e+01   2.1386504e-23
   1.9416297e+01   2.1289607e-23
   1.9461071e+01   2.1193251e-23
   1.9505948e+01   2.1097432e-23
   1.9550929e+01   2.1002147e-23
   1.9596014e+01   2.0907391e-23
   1.9641202e+01   2.0813162e-23
   1.9686495e+01   2.0719456e-23
   1.9731892e+01   2.0626269e-23
   1.9777394e+01   2.0533599e-23
   1.9823001e+01   2.0441442e-23
   1.9868713e+01   2.0349795e-23
   1.9914530e+01   2.0258654e-23
   1.9960454e+01   2.0168016e-23
   2.0006482e+01   2.0077879e-23
   2.0052618e+01   1.9988238e-23
   2.0098859e+01   1.9899091e-23
   2.0145207e+01   1.9810435e-23
   2.0191662e+01   1.9722267e-23
   2.0238224e+01   1.9634583e-23
   2.0284894e+01   1.9547380e-23
   2.0331671e+01   1.9460656e-23
   2.0378556e+01   1.9374408e-23
   2.0425549e+01   1.9288632e-23
   2.0472650e+01   1.9203326e-23
   2.0519861e+01   1.9118487e-23
   2.0567180e+01   1.9034112e-23
   2.0614608e+01   1.8950197e-23
   2.0662145e+01   1.8866741e-23
   2.0709792e+01   1.8783741e-23
   2.0757549e+01   1.8701193e-23
   2.0805416e+01   1.8619095e-23
   2.0853394e+01   1.8537445e-23
   2.0901482e+01   1.8456239e-23
   2.0949681e+01   1.8375474e-23
   2.0997991e+01   1.8295149e-23
   2.1046412e+01   1.8215261e-23
   2.1094945e+01   1.8135806e-23
   2.1143591e+01   1.8056783e-23
   2.1192348e+01   1.7978188e-23
   2.1241218e+01   1.7900020e-23
   2.1290200e+01   1.7822275e-23
   2.1339295e+01   1.7744952e-23
   2.1388504e+01   1.7668047e-23
   2.1437826e+01   1.7591559e-23
   2.1487262e+01   1.7515484e-23
   2.1536812e+01   1.7439820e-23
   2.1586476e+01   1.7364566e-23
   2.1636254e+01   1.7289718e-23
   2.1686148e+01   1.7215274e-23
   2.1736156e+01   1.7141232e-23
   2.1786280e+01   1.7067590e-23
   2.1836519e+01   1.6994345e-23
   2.1886874e+01   1.6921494e-23
   2.1937346e+01   1.6849037e-23
   2.1987933e+01   1.6776969e-23
   2.2038638e+01   1.6705290e-23
   2.2089459e+01   1.6633996e-23
   2.2140397e+01   1.6563086e-23
   2.2191453e+01   1.6492558e-23
   2.2242627e+01   1.6422409e-23
   2.2293919e+01   1.6352637e-23
   2.2345328e+01   1.6283240e-23
   2.2396857e+01   1.6214215e-23
   2.2448504e+01   1.6145562e-23
   2.2500271e+01   1.6077277e-23
   2.2552157e+01   1.6009358e-23
   2.2604162e+01   1.5941804e-23
   2.2656287e+01   1.5874613e-23
   2.2708533e+01   1.5807782e-23
   2.2760899e+01   1.5741309e-23
   2.2813386e+01   1.5675193e-23
   2.2865994e+01   1.5609431e-23
   2.2918723e+01   1.5544021e-23
   2.2971574e+01   1.5478962e-23
   2.3024546e+01   1.5414251e-23
   2.3077641e+01   1.5349887e-23
   2.3130858e+01   1.5285868e-23
   2.3184198e+01   1.5222191e-23
   2.3237661e+01   1.5158855e-23
   2.3291247e+01   1.5095858e-23
   2.3344957e+01   1.5033198e-23
   2.3398791e+01   1.4970873e-23
   2.3452748e+01   1.4908882e-23
   2.3506831e+01   1.4847222e-23
   2.3561038e+01   1.4785892e-23
   2.3615370e+01   1.4724890e-23
   2.3669827e+01   1.4664214e-23
   2.3724410e+01   1.4603862e-23
   2.3779118e+01   1.4543833e-23
   2.3833953e+01   1.4484125e-23
   2.3888914e+01   1.4424736e-23
   2.3944002e+01   1.4365664e-23
   2.3999217e+01   1.4306908e-23
   2.4054560e+01   1.4248466e-23
   2.4110030e+01   1.4190336e-23
   2.4165628e+01   1.4132517e-23
   2.4221354e+01   1.4075007e-23
   2.4277208e+01   1.4017803e-23
   2.4333192e+01   1.3960906e-23
   2.4389304e+01   1.3904312e-23
   2.4445546e+01   1.3848021e-23
   2.4501918e+01   1.3792030e-23
   2.4558420e+01   1.3736339e-23
   2.4615051e+01   1.3680945e-23
   2.4671814e+01   1.3625847e-23
   2.4728707e+01   1.3571043e-23
   2.4785732e+01   1.3516532e-23
   2.4842888e+01   1.3462312e-23
   2.4900176e+01   1.3408382e-23
   2.4957596e+01   1.3354740e-23
   2.5015148e+01   1.3301385e-23
   2.5072833e+01   1.3248315e-23
   2.5130652e+01   1.3195528e-23
   2.5188603e+01   1.3143023e-23
   2.5246688e+01   1.3090799e-23
   2.5304907e+01   1.3038855e-23
   2.5363261e+01   1.2987187e-23
   2.5421748e+01   1.2935796e-23
   2.5480371e+01   1.2884680e-23
   2.5539129e+01   1.2833837e-23
   2.5598023e+01   1.2783266e-23
   2.5657052e+01   1.2732966e-23
   2.5716217e+01   1.2682934e-23
   2.5775519e+01   1.2633170e-23
   2.5834957e+01   1.2583672e-23
   2.5894533e+01   1.2534440e-23
   2.5954246e+01   1.2485470e-23
   2.6014097e+01   1.2436763e-23
   2.6074085e+01   1.2388316e-23
   2.6134212e+01   1.2340129e-23
   2.6194478e+01   1.2292200e-23
   2.6254883e+01   1.2244528e-23
   2.6315427e+01   1.2197111e-23
   2.6376110e+01   1.2149948e-23
   2.6436934e+01   1.2103037e-23
   2.6497898e+01   1.2056378e-23
   2.6559002e+01   1.2009969e-23
   2.6620247e+01   1.1963810e-23
   2.6681634e+01   1.1917897e-23
   2.6743162e+01   1.1872231e-23
   2.6804832e+01   1.1826810e-23
   2.6866644e+01   1.1781632e-23
   2.6928599e+01   1.1736697e-23
   2.6990696e+01   1.1692004e-23
   2.7052937e+01   1.1647550e-23
   2.7115321e+01   1.1603335e-23
   2.7177849e+01   1.1559358e-23
   2.7240522e+01   1.1515616e-23
   2.7303338e+01   1.1472110e-23
   2.7366300e+01   1.1428838e-23
   2.7429407e+01   1.1385799e-23
   2.7492659e+01   1.1342991e-23
   2.7556058e+01   1.1300414e-23
   2.7619602e+01   1.1258065e-23
   2.7683293e+01   1.1215945e-23
   2.7747131e+01   1.1174051e-23
   2.7811116e+01   1.1132383e-23
   2.7875249e+01   1.1090940e-23
   2.7939529e+01   1.1049720e-23
   2.8003958e+01   1.1008722e-23
   2.8068536e+01   1.0967945e-23
   2.8133262e+01   1.0927388e-23
   2.8198137e+01   1.0887050e-23
   2.8263162e+01   1.0846930e-23
   2.8328338e+01   1.0807026e-23
   2.8393663e+01   1.0767338e-23
   2.8459139e+01   1.0727865e-23
   2.8524766e+01   1.0688604e-23
   2.8590544e+01   1.0649556e-23
   2.8656474e+01   1.0610719e-23
   2.8722556e+01   1.0572093e-23
   2.8788791e+01   1.0533675e-23
   2.8855178e+01   1.0495465e-23
   2.8921718e+01   1.0457462e-23
   2.8988412e+01   1.0419665e-23
   2.9055259e+01   1.0382073e-23
   2.9122261e+01   1.0344685e-23
   2.9189417e+01   1.0307499e-23
   2.9256728e+01   1.0270515e-23
   2.9324194e+01   1.0233732e-23
   2.9391816e+01   1.0197148e-23
   2.9459594e+01   1.0160764e-23
   2.9527528e+01   1.0124576e-23
   2.9595619e+01   1.0088586e-23
   2.9663866e+01   1.0052791e-23
   2.9732272e+01   1.0017191e-23
   2.9800834e+01   9.9817846e-24
   2.9869555e+01   9.9465709e-24
   2.9938435e+01   9.9115489e-24
   3.0007473e+01   9.8767177e-24
   3.0076670e+01   9.8420763e-24
   3.0146028e+01   9.8076238e-24
   3.0215544e+01   9.7733591e-24
   3.0285222e+01   9.7392814e-24
   3.0355060e+01   9.7053897e-24
   3.0425059e+01   9.6716830e-24
   3.0495219e+01   9.6381604e-24
   3.0565541e+01   9.6048210e-24
   3.0636026e+01   9.5716639e-24
   3.0706673e+01   9.5386881e-24
   3.0777482e+01   9.5058928e-24
   3.0848456e+01   9.4732769e-24
   3.0919592e+01   9.4408396e-24
   3.0990893e+01   9.4085800e-24
   3.1062358e+01   9.3764972e-24
   3.1133988e+01   9.3445903e-24
   3.1205784e+01   9.3128584e-24
   3.1277744e+01   9.2813006e-24
   3.1349871e+01   9.2499160e-24
   3.1422164e+01   9.2187038e-24
   3.1494624e+01   9.1876630e-24
   3.1567251e+01   9.1567929e-24
   3.1640045e+01   9.1260925e-24
   3.1713007e+01   9.0955610e-24
   3.1786138e+01   9.0651975e-24
   3.1859437e+01   9.0350011e-24
   3.1932905e+01   9.0049711e-24
   3.2006542e+01   8.9751066e-24
   3.2080350e+01   8.9454067e-24
   3.2154327e+01   8.9158706e-24
   3.2228475e+01   8.8864975e-24
   3.2302794e+01   8.8572865e-24
   3.2377285e+01   8.8282368e-24
   3.2451947e+01   8.7993476e-24
   3.2526782e+01   8.7706180e-24
   3.2601789e+01   8.7420474e-24
   3.2676969e+01   8.7136347e-24
   3.2752322e+01   8.6853794e-24
   3.2827849e+01   8.6572804e-24
   3.2903550e+01   8.6293371e-24
   3.2979426e+01   8.6015486e-24
   3.3055477e+01   8.5739142e-24
   3.3131703e+01   8.5464330e-24
   3.3208105e+01   8.5191044e-24
   3.3284683e+01   8.4919274e-24
   3.3361438e+01   8.4649014e-24
   3.3438370e+01   8.4380255e-24
   3.3515479e+01   8.4112990e-24
   3.3592766e+01   8.3847211e-24
   3.3670231e+01   8.3582910e-24
   3.3747875e+01   8.3320081e-24
   3.3825698e+01   8.3058715e-24
   3.3903700e+01   8.2798804e-24
   3.3981882e+01   8.2540342e-24
   3.4060245e+01   8.2283321e-24
   3.4138788e+01   8.2027734e-24
   3.4217512e+01   8.1773572e-24
   3.4296418e+01   8.1520830e-24
   3.4375506e+01   8.1269498e-24
   3.4454776e+01   8.1019571e-24
   3.4534229e+01   8.0771041e-24
   3.4613865e+01   8.0523900e-24
   3.4693685e+01   8.0278142e-24
   3.4773689e+01   8.0033760e-24
   3.4853877e+01   7.9790745e-24
   3.4934251e+01   7.9549091e-24
   3.5014809e+01   7.9308792e-24
   3.5095554e+01   7.9069839e-24
   3.5176484e+01   7.8832227e-24
   3.5257602e+01   7.8595947e-24
   3.5338906e+01   7.8360994e-24
   3.5420398e+01   7.8127359e-24
   3.5502077e+01   7.7895037e-24
   3.5583945e+01   7.7664021e-24
   3.5666002e+01   7.7434303e-24
   3.5748248e+01   7.7205877e-24
   3.5830684e+01   7.6978736e-24
   3.5913310e+01   7.6752873e-24
   3.5996126e+01   7.6528282e-24
   3.6079134e+01   7.6304956e-24
   3.6162332e+01   7.6082889e-24
   3.6245723e+01   7.5862073e-24
   3.6329306e+01   7.5642502e-24
   3.6413082e+01   7.5424170e-24
   3.6497050e+01   7.5207070e-24
   3.6581213e+01   7.4991195e-24
   3.6665569e+01   7.4776540e-24
   3.6750120e+01   7.4563097e-24
   3.6834867e+01   7.4350861e-24
   3.6919808e+01   7.4139824e-24
   3.7004945e+01   7.3929981e-24
   3.7090279e+01   7.3721325e-24
   3.7175810e+01   7.3513850e-24
   3.7261537e+01   7.3307550e-24
   3.7347463e+01   7.3102418e-24
   3.7433586e+01   7.2898448e-24
   3.7519908e+01   7.2695634e-24
   3.7606429e+01   7.2493970e-24
   3.7693150e+01   7.2293450e-24
   3.7780071e+01   7.2094067e-24
   3.7867192e+01   7.1895815e-24
   3.7954514e+01   7.1698689e-24
   3.8042037e+01   7.1502683e-24
   3.8129763e+01   7.1307790e-24
   3.8217690e+01   7.1114004e-24
   3.8305821e+01   7.0921319e-24
   3.8394154e+01   7.0729730e-24
   3.8482691e+01   7.0539231e-24
   3.8571433e+01   7.0349815e-24
   3.8660379e+01   7.0161478e-24
   3.8749530e+01   6.9974212e-24
   3.8838886e+01   6.9788013e-24
   3.8928449e+01   6.9602874e-24
   3.9018219e+01   6.9418789e-24
   3.9108195e+01   6.9235754e-24
   3.9198379e+01   6.9053762e-24
   3.9288770e+01   6.8872808e-24
   3.9379371e+01   6.8692885e-24
   3.9470180e+01   6.8513989e-24
   3.9561198e+01   6.8336114e-24
   3.9652427e+01   6.8159253e-24
   3.9743865e+01   6.7983403e-24
   3.9835515e+01   6.7808556e-24
   3.9927376e+01   6.7634708e-24
   4.0019449e+01   6.7461853e-24
   4.0111734e+01   6.7289986e-24
   4.0204232e+01   6.7119101e-24
   4.0296943e+01   6.6949192e-24
   4.0389868e+01   6.6780255e-24
   4.0483008e+01   6.6612284e-24
   4.0576362e+01   6.6445274e-24
   4.0669931e+01   6.6279219e-24
   4.0763716e+01   6.6114114e-24
   4.0857718e+01   6.5949954e-24
   4.0951936e+01   6.5786733e-24
   4.1046372e+01   6.5624447e-24
   4.1141025e+01   6.5463089e-24
   4.1235896e+01   6.5302656e-24
   4.1330987e+01   6.5143142e-24
   4.1426296e+01   6.4984541e-24
   4.1521826e+01   6.4826849e-24
   4.1617575e+01   6.4670060e-24
   4.1713546e+01   6.4514170e-24
   4.1809737e+01   6.4359172e-24
   4.1906151e+01   6.4205064e-24
   4.2002787e+01   6.4051838e-24
   4.2099646e+01   6.3899491e-24
   4.2196728e+01   6.3748017e-24
   4.2294034e+01   6.3597412e-24
   4.2391564e+01   6.3447670e-24
   4.2489319e+01   6.3298787e-24
   4.2587300e+01   6.3150758e-24
   4.2685507e+01   6.3003578e-24
   4.2783940e+01   6.2857242e-24
   4.2882600e+01   6.2711745e-24
   4.2981488e+01   6.2567083e-24
   4.3080603e+01   6.2423250e-24
   4.3179947e+01   6.2280243e-24
   4.3279521e+01   6.2138056e-24
   4.3379324e+01   6.1996684e-24
   4.3479357e+01   6.1856124e-24
   4.3579620e+01   6.1716369e-24
   4.3680115e+01   6.1577417e-24
   4.3780842e+01   6.1439261e-24
   4.3881801e+01   6.1301899e-24
   4.3982993e+01   6.1165323e-24
   4.4084418e+01   6.1029532e-24
   4.4186077e+01   6.0894519e-24
   4.4287970e+01   6.0760281e-24
   4.4390099e+01   6.0626812e-24
   4.4492463e+01   6.0494109e-24
   4.4595062e+01   6.0362167e-24
   4.4697899e+01   6.0230981e-24
   4.4800973e+01   6.0100547e-24
   4.4904284e+01   5.9970862e-24
   4.5007834e+01   5.9841919e-24
   4.5111622e+01   5.9713716e-24
   4.5215650e+01   5.9586247e-24
   4.5319918e+01   5.9459509e-24
   4.5424426e+01   5.9333497e-24
   4.5529175e+01   5.9208207e-24
   4.5634165e+01   5.9083634e-24
   4.5739398e+01   5.8959775e-24
   4.5844873e+01   5.8836625e-24
   4.5950592e+01   5.8714180e-24
   4.6056554e+01   5.8592436e-24
   4.6162761e+01   5.8471389e-24
   4.6269213e+01   5.8351034e-24
   4.6375910e+01   5.8231368e-24
   4.6482853e+01   5.8112387e-24
   4.6590043e+01   5.7994085e-24
   4.6697480e+01   5.7876460e-24
   4.6805165e+01   5.7759508e-24
   4.6913098e+01   5.7643223e-24
   4.7021280e+01   5.7527603e-24
   4.7129711e+01   5.7412644e-24
   4.7238393e+01   5.7298341e-24
   4.7347325e+01   5.7184690e-24
   4.7456508e+01   5.7071688e-24
   4.7565943e+01   5.6959330e-24
   4.7675631e+01   5.6847614e-24
   4.7785571e+01   5.6736534e-24
   4.7895765e+01   5.6626087e-24
   4.8006213e+01   5.6516270e-24
   4.8116916e+01   5.6407079e-24
   4.8227874e+01   5.6298509e-24
   4.8339087e+01   5.6190557e-24
   4.8450558e+01   5.6083219e-24
   4.8562285e+01   5.5976492e-24
   4.8674270e+01   5.5870372e-24
   4.8786513e+01   5.5764855e-24
   4.8899015e+01   5.5659937e-24
   4.9011777e+01   5.5555615e-24
   4.9124798e+01   5.5451886e-24
   4.9238081e+01   5.5348745e-24
   4.9351624e+01   5.5246189e-24
   4.9465429e+01   5.5144215e-24
   4.9579497e+01   5.5042818e-24
   4.9693828e+01   5.4941996e-24
   4.9808422e+01   5.4841745e-24
   4.9923280e+01   5.4742061e-24
   5.0038404e+01   5.4642940e-24
   5.0153793e+01   5.4544381e-24
   5.0269448e+01   5.4446378e-24
   5.0385370e+01   5.4348929e-24
   5.0501559e+01   5.4252030e-24
   5.0618016e+01   5.4155677e-24
   5.0734741e+01   5.4059868e-24
   5.0851736e+01   5.3964599e-24
   5.0969000e+01   5.3869867e-24
   5.1086535e+01   5.3775668e-24
   5.1204341e+01   5.3681999e-24
   5.1322419e+01   5.3588857e-24
   5.1440769e+01   5.3496238e-24
   5.1559392e+01   5.3404140e-24
   5.1678288e+01   5.3312558e-24
   5.1797458e+01   5.3221490e-24
   5.1916904e+01   5.3130933e-24
   5.2036625e+01   5.3040883e-24
   5.2156621e+01   5.2951337e-24
   5.2276895e+01   5.2862293e-24
   5.2397446e+01   5.2773746e-24
   5.2518275e+01   5.2685694e-24
   5.2639382e+01   5.2598134e-24
   5.2760769e+01   5.2511063e-24
   5.2882436e+01   5.2424477e-24
   5.3004383e+01   5.2338374e-24
   5.3126612e+01   5.2252750e-24
   5.3249122e+01   5.2167602e-24
   5.3371915e+01   5.2082928e-24
   5.3494991e+01   5.1998725e-24
   5.3618351e+01   5.1914989e-24
   5.3741995e+01   5.1831717e-24
   5.3865925e+01   5.1748908e-24
   5.3990140e+01   5.1666557e-24
   5.4114642e+01   5.1584661e-24
   5.4239430e+01   5.1503219e-24
   5.4364507e+01   5.1422227e-24
   5.4489872e+01   5.1341682e-24
   5.4615526e+01   5.1261581e-24
   5.4741470e+01   5.1181922e-24
   5.4867704e+01   5.1102702e-24
   5.4994229e+01   5.1023918e-24
   5.5121046e+01   5.0945567e-24
   5.5248156e+01   5.0867646e-24
   5.5375559e+01   5.0790153e-24
   5.5503255e+01   5.0713085e-24
   5.5631246e+01   5.0636439e-24
   5.5759532e+01   5.0560213e-24
   5.5888114e+01   5.0484403e-24
   5.6016992e+01   5.0409008e-24
   5.6146168e+01   5.0334025e-24
   5.6275642e+01   5.0259450e-24
   5.6405414e+01   5.0185282e-24
   5.6535485e+01   5.0111517e-24
   5.6665856e+01   5.0038153e-24
   5.6796528e+01   4.9965188e-24
   5.6927501e+01   4.9892619e-24
   5.7058777e+01   4.9820444e-24
   5.7190355e+01   4.9748659e-24
   5.7322236e+01   4.9677263e-24
   5.7454421e+01   4.9606253e-24
   5.7586912e+01   4.9535626e-24
   5.7719708e+01   4.9465380e-24
   5.7852810e+01   4.9395512e-24
   5.7986219e+01   4.9326021e-24
   5.8119935e+01   4.9256903e-24
   5.8253960e+01   4.9188156e-24
   5.8388294e+01   4.9119779e-24
   5.8522938e+01   4.9051767e-24
   5.8657893e+01   4.8984120e-24
   5.8793158e+01   4.8916835e-24
   5.8928736e+01   4.8849909e-24
   5.9064626e+01   4.8783340e-24
   5.9200829e+01   4.8717125e-24
   5.9337347e+01   4.8651263e-24
   5.9474179e+01   4.8585752e-24
   5.9611327e+01   4.8520588e-24
   5.9748791e+01   4.8455770e-24
   5.9886572e+01   4.8391295e-24
   6.0024671e+01   4.8327161e-24
   6.0163089e+01   4.8263367e-24
   6.0301825e+01   4.8199909e-24
   6.0440882e+01   4.8136786e-24
   6.0580259e+01   4.8073995e-24
   6.0719957e+01   4.8011534e-24
   6.0859978e+01   4.7949401e-24
   6.1000322e+01   4.7887595e-24
   6.1140989e+01   4.7826112e-24
   6.1281980e+01   4.7764951e-24
   6.1423297e+01   4.7704109e-24
   6.1564940e+01   4.7643586e-24
   6.1706909e+01   4.7583377e-24
   6.1849206e+01   4.7523482e-24
   6.1991830e+01   4.7463899e-24
   6.2134784e+01   4.7404624e-24
   6.2278067e+01   4.7345657e-24
   6.2421681e+01   4.7286996e-24
   6.2565626e+01   4.7228638e-24
   6.2709903e+01   4.7170581e-24
   6.2854512e+01   4.7112823e-24
   6.2999455e+01   4.7055363e-24
   6.3144732e+01   4.6998199e-24
   6.3290345e+01   4.6941328e-24
   6.3436293e+01   4.6884749e-24
   6.3582577e+01   4.6828459e-24
   6.3729199e+01   4.6772458e-24
   6.3876159e+01   4.6716742e-24
   6.4023458e+01   4.6661311e-24
   6.4171097e+01   4.6606162e-24
   6.4319076e+01   4.6551293e-24
   6.4467396e+01   4.6496703e-24
   6.4616058e+01   4.6442389e-24
   6.4765063e+01   4.6388351e-24
   6.4914412e+01   4.6334586e-24
   6.5064105e+01   4.6281092e-24
   6.5214144e+01   4.6227868e-24
   6.5364528e+01   4.6174912e-24
   6.5515259e+01   4.6122222e-24
   6.5666338e+01   4.6069796e-24
   6.5817765e+01   4.6017633e-24
   6.5969541e+01   4.5965730e-24
   6.6121667e+01   4.5914087e-24
   6.6274144e+01   4.5862702e-24
   6.6426973e+01   4.5811573e-24
   6.6580154e+01   4.5760697e-24
   6.6733688e+01   4.5710074e-24
   6.6887577e+01   4.5659702e-24
   6.7041820e+01   4.5609580e-24
   6.7196419e+01   4.5559705e-24
   6.7351374e+01   4.5510076e-24
   6.7506687e+01   4.5460691e-24
   6.7662358e+01   4.5411550e-24
   6.7818388e+01   4.5362649e-24
   6.7974778e+01   4.5313988e-24
   6.8131528e+01   4.5265565e-24
   6.8288640e+01   4.5217379e-24
   6.8446114e+01   4.5169428e-24
   6.8603951e+01   4.5121710e-24
   6.8762153e+01   4.5074225e-24
   6.8920719e+01   4.5026970e-24
   6.9079650e+01   4.4979943e-24
   6.9238949e+01   4.4933145e-24
   6.9398614e+01   4.4886572e-24
   6.9558648e+01   4.4840224e-24
   6.9719051e+01   4.4794098e-24
   6.9879823e+01   4.4748195e-24
   7.0040967e+01   4.4702512e-24
   7.0202482e+01   4.4657047e-24
   7.0364369e+01   4.4611800e-24
   7.0526630e+01   4.4566768e-24
   7.0689265e+01   4.4521952e-24
   7.0852275e+01   4.4477348e-24
   7.1015661e+01   4.4432956e-24
   7.1179423e+01   4.4388775e-24
   7.1343564e+01   4.4344803e-24
   7.1508083e+01   4.4301038e-24
   7.1672981e+01   4.4257480e-24
   7.1838259e+01   4.4214126e-24
   7.2003919e+01   4.4170977e-24
   7.2169960e+01   4.4128030e-24
   7.2336385e+01   4.4085283e-24
   7.2503193e+01   4.4042737e-24
   7.2670386e+01   4.4000389e-24
   7.2837964e+01   4.3958239e-24
   7.3005929e+01   4.3916284e-24
   7.3174282e+01   4.3874524e-24
   7.3343022e+01   4.3832958e-24
   7.3512152e+01   4.3791583e-24
   7.3681671e+01   4.3750400e-24
   7.3851582e+01   4.3709406e-24
   7.4021884e+01   4.3668602e-24
   7.4192579e+01   4.3627984e-24
   7.4363668e+01   4.3587552e-24
   7.4535151e+01   4.3547306e-24
   7.4707029e+01   4.3507243e-24
   7.4879304e+01   4.3467363e-24
   7.5051977e+01   4.3427664e-24
   7.5225047e+01   4.3388146e-24
   7.5398517e+01   4.3348806e-24
   7.5572386e+01   4.3309645e-24
   7.5746657e+01   4.3270660e-24
   7.5921329e+01   4.3231852e-24
   7.6096404e+01   4.3193217e-24
   7.6271883e+01   4.3154757e-24
   7.6447767e+01   4.3116469e-24
   7.6624056e+01   4.3078352e-24
   7.6800751e+01   4.3040405e-24
   7.6977855e+01   4.3002628e-24
   7.7155366e+01   4.2965018e-24
   7.7333287e+01   4.2927576e-24
   7.7511618e+01   4.2890300e-24
   7.7690361e+01   4.2853189e-24
   7.7869515e+01   4.2816241e-24
   7.8049083e+01   4.2779457e-24
   7.8229065e+01   4.2742834e-24
   7.8409461e+01   4.2706372e-24
   7.8590274e+01   4.2670071e-24
   7.8771504e+01   4.2633927e-24
   7.8953152e+01   4.2597942e-24
   7.9135218e+01   4.2562114e-24
   7.9317705e+01   4.2526442e-24
   7.9500612e+01   4.2490924e-24
   7.9683941e+01   4.2455561e-24
   7.9867693e+01   4.2420350e-24
   8.0051868e+01   4.2385292e-24
   8.0236468e+01   4.2350384e-24
   8.0421494e+01   4.2315627e-24
   8.0606947e+01   4.2281019e-24
   8.0792827e+01   4.2246560e-24
   8.0979136e+01   4.2212248e-24
   8.1165874e+01   4.2178082e-24
   8.1353044e+01   4.2144062e-24
   8.1540644e+01   4.2110187e-24
   8.1728678e+01   4.2076456e-24
   8.1917145e+01   4.2042867e-24
   8.2106046e+01   4.2009421e-24
   8.2295383e+01   4.1976116e-24
   8.2485157e+01   4.1942951e-24
   8.2675369e+01   4.1909926e-24
   8.2866019e+01   4.1877040e-24
   8.3057108e+01   4.1844291e-24
   8.3248639e+01   4.1811679e-24
   8.3440611e+01   4.1779203e-24
   8.3633025e+01   4.1746863e-24
   8.3825884e+01   4.1714658e-24
   8.4019187e+01   4.1682586e-24
   8.4212936e+01   4.1650646e-24
   8.4407131e+01   4.1618839e-24
   8.4601775e+01   4.1587164e-24
   8.4796867e+01   4.1555619e-24
   8.4992409e+01   4.1524203e-24
   8.5188403e+01   4.1492917e-24
   8.5384848e+01   4.1461758e-24
   8.5581746e+01   4.1430728e-24
   8.5779098e+01   4.1399824e-24
   8.5976905e+01   4.1369045e-24
   8.6175169e+01   4.1338393e-24
   8.6373889e+01   4.1307864e-24
   8.6573068e+01   4.1277459e-24
   8.6772706e+01   4.1247178e-24
   8.6972805e+01   4.1217018e-24
   8.7173365e+01   4.1186980e-24
   8.7374387e+01   4.1157063e-24
   8.7575873e+01   4.1127266e-24
   8.7777824e+01   4.1097588e-24
   8.7980240e+01   4.1068030e-24
   8.8183123e+01   4.1038589e-24
   8.8386474e+01   4.1009266e-24
   8.8590294e+01   4.0980059e-24
   8.8794584e+01   4.0950968e-24
   8.8999345e+01   4.0921993e-24
   8.9204578e+01   4.0893132e-24
   8.9410285e+01   4.0864386e-24
   8.9616465e+01   4.0835753e-24
   8.9823122e+01   4.0807232e-24
   9.0030254e+01   4.0778824e-24
   9.0237865e+01   4.0750527e-24
   9.0445954e+01   4.0722341e-24
   9.0654523e+01   4.0694265e-24
   9.0863573e+01   4.0666298e-24
   9.1073105e+01   4.0638441e-24
   9.1283120e+01   4.0610692e-24
   9.1493620e+01   4.0583050e-24
   9.1704605e+01   4.0555516e-24
   9.1916077e+01   4.0528088e-24
   9.2128036e+01   4.0500766e-24
   9.2340484e+01   4.0473550e-24
   9.2553422e+01   4.0446438e-24
   9.2766850e+01   4.0419430e-24
   9.2980771e+01   4.0392526e-24
   9.3195186e+01   4.0365725e-24
   9.3410095e+01   4.0339027e-24
   9.3625499e+01   4.0312430e-24
   9.3841400e+01   4.0285935e-24
   9.4057799e+01   4.0259540e-24
   9.4274697e+01   4.0233246e-24
   9.4492095e+01   4.0207051e-24
   9.4709995e+01   4.0180956e-24
   9.4928397e+01   4.0154959e-24
   9.5147302e+01   4.0129060e-24
   9.5366713e+01   4.0103259e-24
   9.5586629e+01   4.0077555e-24
   9.5807053e+01   4.0051947e-24
   9.6027984e+01   4.0026435e-24
   9.6249426e+01   4.0001019e-24
   9.6471378e+01   3.9975698e-24
   9.6693841e+01   3.9950471e-24
   9.6916818e+01   3.9925338e-24
   9.7140309e+01   3.9900299e-24
   9.7364315e+01   3.9875352e-24
   9.7588838e+01   3.9850498e-24
   9.7813879e+01   3.9825736e-24
   9.8039438e+01   3.9801066e-24
   9.8265518e+01   3.9776487e-24
   9.8492119e+01   3.9751998e-24
   9.8719243e+01   3.9727599e-24
   9.8946890e+01   3.9703290e-24
   9.9175062e+01   3.9679071e-24
   9.9403761e+01   3.9654940e-24
   9.9632987e+01   3.9630897e-24
   9.9862741e+01   3.9606942e-24
   1.0009303e+02   3.9583074e-24
   1.0032384e+02   3.9559294e-24
   1.0055519e+02   3.9535600e-24
   1.0078707e+02   3.9511992e-24
   1.0101948e+02   3.9488469e-24
   1.0125244e+02   3.9465032e-24
   1.0148593e+02   3.9441680e-24
   1.0171995e+02   3.9418412e-24
   1.0195452e+02   3.9395228e-24
   1.0218963e+02   3.9372127e-24
   1.0242528e+02   3.9349110e-24
   1.0266147e+02   3.9326175e-24
   1.0289821e+02   3.9303323e-24
   1.0313549e+02   3.9280552e-24
   1.0337332e+02   3.9257863e-24
   1.0361170e+02   3.9235255e-24
   1.0385063e+02   3.9212728e-24
   1.0409011e+02   3.9190282e-24
   1.0433015e+02   3.9167915e-24
   1.0457073e+02   3.9145628e-24
   1.0481187e+02   3.9123420e-24
   1.0505357e+02   3.9101290e-24
   1.0529582e+02   3.9079240e-24
   1.0553864e+02   3.9057267e-24
   1.0578201e+02   3.9035372e-24
   1.0602594e+02   3.9013555e-24
   1.0627044e+02   3.8991814e-24
   1.0651550e+02   3.8970150e-24
   1.0676113e+02   3.8948562e-24
   1.0700732e+02   3.8927051e-24
   1.0725408e+02   3.8905614e-24
   1.0750141e+02   3.8884254e-24
   1.0774931e+02   3.8862968e-24
   1.0799778e+02   3.8841756e-24
   1.0824682e+02   3.8820619e-24
   1.0849644e+02   3.8799556e-24
   1.0874663e+02   3.8778566e-24
   1.0899740e+02   3.8757649e-24
   1.0924875e+02   3.8736806e-24
   1.0950068e+02   3.8716035e-24
   1.0975319e+02   3.8695336e-24
   1.1000628e+02   3.8674709e-24
   1.1025996e+02   3.8654154e-24
   1.1051422e+02   3.8633670e-24
   1.1076906e+02   3.8613257e-24
   1.1102450e+02   3.8592915e-24
   1.1128052e+02   3.8572643e-24
   1.1153714e+02   3.8552442e-24
   1.1179434e+02   3.8532310e-24
   1.1205214e+02   3.8512247e-24
   1.1231053e+02   3.8492254e-24
   1.1256952e+02   3.8472330e-24
   1.1282911e+02   3.8452475e-24
   1.1308929e+02   3.8432687e-24
   1.1335008e+02   3.8412968e-24
   1.1361146e+02   3.8393317e-24
   1.1387345e+02   3.8373733e-24
   1.1413605e+02   3.8354216e-24
   1.1439924e+02   3.8334767e-24
   1.1466305e+02   3.8315384e-24
   1.1492746e+02   3.8296067e-24
   1.1519249e+02   3.8276817e-24
   1.1545812e+02   3.8257632e-24
   1.1572437e+02   3.8238513e-24
   1.1599123e+02   3.8219460e-24
   1.1625871e+02   3.8200472e-24
   1.1652680e+02   3.8181548e-24
   1.1679551e+02   3.8162689e-24
   1.1706484e+02   3.8143894e-24
   1.1733480e+02   3.8125164e-24
   1.1760537e+02   3.8106497e-24
   1.1787657e+02   3.8087894e-24
   1.1814839e+02   3.8069354e-24
   1.1842085e+02   3.8050878e-24
   1.1869392e+02   3.8032464e-24
   1.1896763e+02   3.8014113e-24
   1.1924197e+02   3.7995825e-24
   1.1951695e+02   3.7977598e-24
   1.1979255e+02   3.7959434e-24
   1.2006880e+02   3.7941331e-24
   1.2034568e+02   3.7923290e-24
   1.2062319e+02   3.7905310e-24
   1.2090135e+02   3.7887391e-24
   1.2118015e+02   3.7869533e-24
   1.2145959e+02   3.7851736e-24
   1.2173968e+02   3.7833999e-24
   1.2202041e+02   3.7816322e-24
   1.2230179e+02   3.7798705e-24
   1.2258382e+02   3.7781148e-24
   1.2286650e+02   3.7763651e-24
   1.2314983e+02   3.7746213e-24
   1.2343382e+02   3.7728834e-24
   1.2371846e+02   3.7711514e-24
   1.2400375e+02   3.7694253e-24
   1.2428971e+02   3.7677050e-24
   1.2457632e+02   3.7659906e-24
   1.2486359e+02   3.7642820e-24
   1.2515153e+02   3.7625792e-24
   1.2544013e+02   3.7608822e-24
   1.2572940e+02   3.7591909e-24
   1.2601933e+02   3.7575054e-24
   1.2630993e+02   3.7558256e-24
   1.2660120e+02   3.7541515e-24
   1.2689314e+02   3.7524830e-24
   1.2718576e+02   3.7508203e-24
   1.2747905e+02   3.7491632e-24
   1.2777302e+02   3.7475117e-24
   1.2806767e+02   3.7458659e-24
   1.2836299e+02   3.7442257e-24
   1.2865900e+02   3.7425910e-24
   1.2895569e+02   3.7409619e-24
   1.2925306e+02   3.7393383e-24
   1.2955112e+02   3.7377203e-24
   1.2984986e+02   3.7361078e-24
   1.3014930e+02   3.7345008e-24
   1.3044942e+02   3.7328992e-24
   1.3075024e+02   3.7313032e-24
   1.3105175e+02   3.7297126e-24
   1.3135396e+02   3.7281274e-24
   1.3165686e+02   3.7265476e-24
   1.3196046e+02   3.7249733e-24
   1.3226476e+02   3.7234043e-24
   1.3256977e+02   3.7218407e-24
   1.3287547e+02   3.7202824e-24
   1.3318189e+02   3.7187295e-24
   1.3348901e+02   3.7171820e-24
   1.3379683e+02   3.7156397e-24
   1.3410537e+02   3.7141027e-24
   1.3441462e+02   3.7125711e-24
   1.3472458e+02   3.7110447e-24
   1.3503525e+02   3.7095235e-24
   1.3534665e+02   3.7080076e-24
   1.3565876e+02   3.7064969e-24
   1.3597159e+02   3.7049915e-24
   1.3628514e+02   3.7034912e-24
   1.3659941e+02   3.7019962e-24
   1.3691441e+02   3.7005063e-24
   1.3723014e+02   3.6990216e-24
   1.3754659e+02   3.6975420e-24
   1.3786377e+02   3.6960676e-24
   1.3818169e+02   3.6945983e-24
   1.3850034e+02   3.6931341e-24
   1.3881972e+02   3.6916750e-24
   1.3913984e+02   3.6902210e-24
   1.3946070e+02   3.6887721e-24
   1.3978229e+02   3.6873282e-24
   1.4010463e+02   3.6858894e-24
   1.4042772e+02   3.6844556e-24
   1.4075154e+02   3.6830269e-24
   1.4107612e+02   3.6816032e-24
   1.4140144e+02   3.6801845e-24
   1.4172751e+02   3.6787708e-24
   1.4205434e+02   3.6773621e-24
   1.4238192e+02   3.6759583e-24
   1.4271025e+02   3.6745595e-24
   1.4303934e+02   3.6731657e-24
   1.4336919e+02   3.6717768e-24
   1.4369980e+02   3.6703929e-24
   1.4403117e+02   3.6690139e-24
   1.4436331e+02   3.6676398e-24
   1.4469621e+02   3.6662706e-24
   1.4502988e+02   3.6649062e-24
   1.4536432e+02   3.6635468e-24
   1.4569954e+02   3.6621923e-24
   1.4603552e+02   3.6608426e-24
   1.4637228e+02   3.6594977e-24
   1.4670981e+02   3.6581578e-24
   1.4704813e+02   3.6568226e-24
   1.4738722e+02   3.6554923e-24
   1.4772710e+02   3.6541668e-24
   1.4806776e+02   3.6528461e-24
   1.4840920e+02   3.6515302e-24
   1.4875144e+02   3.6502191e-24
   1.4909446e+02   3.6489128e-24
   1.4943827e+02   3.6476113e-24
   1.4978288e+02   3.6463145e-24
   1.5012828e+02   3.6450225e-24
   1.5047447e+02   3.6437352e-24
   1.5082147e+02   3.6424527e-24
   1.5116927e+02   3.6411749e-24
   1.5151786e+02   3.6399019e-24
   1.5186726e+02   3.6386336e-24
   1.5221747e+02   3.6373699e-24
   1.5256849e+02   3.6361110e-24
   1.5292031e+02   3.6348568e-24
   1.5327295e+02   3.6336073e-24
   1.5362639e+02   3.6323625e-24
   1.5398066e+02   3.6311223e-24
   1.5433574e+02   3.6298869e-24
   1.5469164e+02   3.6286560e-24
   1.5504836e+02   3.6274299e-24
   1.5540590e+02   3.6262084e-24
   1.5576427e+02   3.6249915e-24
   1.5612346e+02   3.6237793e-24
   1.5648348e+02   3.6225717e-24
   1.5684434e+02   3.6213687e-24
   1.5720602e+02   3.6201704e-24
   1.5756854e+02   3.6189766e-24
   1.5793189e+02   3.6177875e-24
   1.5829608e+02   3.6166030e-24
   1.5866112e+02   3.6154230e-24
   1.5902699e+02   3.6142477e-24
   1.5939371e+02   3.6130770e-24
   1.5976127e+02   3.6119108e-24
   1.6012968e+02   3.6107492e-24
   1.6049894e+02   3.6095921e-24
   1.6086905e+02   3.6084397e-24
   1.6124002e+02   3.6072918e-24
   1.6161184e+02   3.6061484e-24
   1.6198452e+02   3.6050096e-24
   1.6235805e+02   3.6038754e-24
   1.6273245e+02   3.6027456e-24
   1.6310772e+02   3.6016205e-24
   1.6348384e+02   3.6004998e-24
   1.6386084e+02   3.5993837e-24
   1.6423870e+02   3.5982721e-24
   1.6461744e+02   3.5971650e-24
   1.6499705e+02   3.5960624e-24
   1.6537753e+02   3.5949644e-24
   1.6575889e+02   3.5938708e-24
   1.6614114e+02   3.5927818e-24
   1.6652426e+02   3.5916972e-24
   1.6690826e+02   3.5906172e-24
   1.6729316e+02   3.5895416e-24
   1.6767894e+02   3.5884705e-24
   1.6806560e+02   3.5874039e-24
   1.6845316e+02   3.5863418e-24
   1.6884162e+02   3.5852842e-24
   1.6923097e+02   3.5842310e-24
   1.6962122e+02   3.5831823e-24
   1.7001236e+02   3.5821381e-24
   1.7040441e+02   3.5810984e-24
   1.7079737e+02   3.5800631e-24
   1.7119123e+02   3.5790322e-24
   1.7158600e+02   3.5780059e-24
   1.7198168e+02   3.5769840e-24
   1.7237827e+02   3.5759665e-24
   1.7277577e+02   3.5749535e-24
   1.7317419e+02   3.5739449e-24
   1.7357354e+02   3.5729408e-24
   1.7397380e+02   3.5719411e-24
   1.7437498e+02   3.5709459e-24
   1.7477709e+02   3.5699551e-24
   1.7518013e+02   3.5689687e-24
   1.7558410e+02   3.5679868e-24
   1.7598899e+02   3.5670093e-24
   1.7639483e+02   3.5660362e-24
   1.7680159e+02   3.5650676e-24
   1.7720930e+02   3.5641034e-24
   1.7761795e+02   3.5631436e-24
   1.7802753e+02   3.5621882e-24
   1.7843807e+02   3.5612373e-24
   1.7884955e+02   3.5602908e-24
   1.7926198e+02   3.5593487e-24
   1.7967535e+02   3.5584111e-24
   1.8008969e+02   3.5574778e-24
   1.8050498e+02   3.5565490e-24
   1.8092122e+02   3.5556246e-24
   1.8133843e+02   3.5547046e-24
   1.8175659e+02   3.5537891e-24
   1.8217573e+02   3.5528779e-24
   1.8259583e+02   3.5519712e-24
   1.8301689e+02   3.5510688e-24
   1.8343893e+02   3.5501709e-24
   1.8386194e+02   3.5492774e-24
   1.8428593e+02   3.5483884e-24
   1.8471089e+02   3.5475037e-24
   1.8513684e+02   3.5466234e-24
   1.8556377e+02   3.5457476e-24
   1.8599168e+02   3.5448762e-24
   1.8642058e+02   3.5440092e-24
   1.8685046e+02   3.5431466e-24
   1.8728134e+02   3.5422884e-24
   1.8771321e+02   3.5414346e-24
   1.8814608e+02   3.5405852e-24
   1.8857995e+02   3.5397403e-24
   1.8901482e+02   3.5388998e-24
   1.8945068e+02   3.5380637e-24
   1.8988756e+02   3.5372320e-24
   1.9032544e+02   3.5364047e-24
   1.9076433e+02   3.5355819e-24
   1.9120424e+02   3.5347634e-24
   1.9164516e+02   3.5339494e-24
   1.9208709e+02   3.5331398e-24
   1.9253005e+02   3.5323347e-24
   1.9297402e+02   3.5315339e-24
   1.9341902e+02   3.5307376e-24
   1.9386505e+02   3.5299457e-24
   1.9431210e+02   3.5291582e-24
   1.9476019e+02   3.5283752e-24
   1.9520930e+02   3.5275966e-24
   1.9565946e+02   3.5268224e-24
   1.9611065e+02   3.5260527e-24
   1.9656288e+02   3.5252874e-24
   1.9701616e+02   3.5245265e-24
   1.9747048e+02   3.5237701e-24
   1.9792585e+02   3.5230181e-24
   1.9838227e+02   3.5222705e-24
   1.9883974e+02   3.5215275e-24
   1.9929826e+02   3.5207888e-24
   1.9975785e+02   3.5200546e-24
   2.0021849e+02   3.5193249e-24
   2.0068020e+02   3.5185996e-24
   2.0114297e+02   3.5178787e-24
   2.0160680e+02   3.5171623e-24
   2.0207171e+02   3.5164504e-24
   2.0253769e+02   3.5157430e-24
   2.0300474e+02   3.5150400e-24
   2.0347287e+02   3.5143415e-24
   2.0394208e+02   3.5136474e-24
   2.0441237e+02   3.5129579e-24
   2.0488375e+02   3.5122728e-24
   2.0535621e+02   3.5115922e-24
   2.0582977e+02   3.5109161e-24
   2.0630441e+02   3.5102444e-24
   2.0678015e+02   3.5095773e-24
   2.0725699e+02   3.5089146e-24
   2.0773492e+02   3.5082565e-24
   2.0821396e+02   3.5076028e-24
   2.0869411e+02   3.5069537e-24
   2.0917536e+02   3.5063090e-24
   2.0965772e+02   3.5056689e-24
   2.1014119e+02   3.5050333e-24
   2.1062578e+02   3.5044022e-24
   2.1111148e+02   3.5037756e-24
   2.1159831e+02   3.5031536e-24
   2.1208625e+02   3.5025361e-24
   2.1257533e+02   3.5019231e-24
   2.1306553e+02   3.5013147e-24
   2.1355686e+02   3.5007108e-24
   2.1404932e+02   3.5001114e-24
   2.1454292e+02   3.4995166e-24
   2.1503766e+02   3.4989264e-24
   2.1553354e+02   3.4983407e-24
   2.1603056e+02   3.4977596e-24
   2.1652873e+02   3.4971830e-24
   2.1702804e+02   3.4966111e-24
   2.1752851e+02   3.4960437e-24
   2.1803013e+02   3.4954808e-24
   2.1853291e+02   3.4949226e-24
   2.1903685e+02   3.4943690e-24
   2.1954195e+02   3.4938199e-24
   2.2004822e+02   3.4932755e-24
   2.2055565e+02   3.4927357e-24
   2.2106425e+02   3.4922005e-24
   2.2157403e+02   3.4916699e-24
   2.2208498e+02   3.4911439e-24
   2.2259711e+02   3.4906225e-24
   2.2311042e+02   3.4901058e-24
   2.2362491e+02   3.4895938e-24
   2.2414060e+02   3.4890863e-24
   2.2465747e+02   3.4885835e-24
   2.2517553e+02   3.4880854e-24
   2.2569478e+02   3.4875920e-24
   2.2621524e+02   3.4871032e-24
   2.2673689e+02   3.4866190e-24
   2.2725975e+02   3.4861396e-24
   2.2778381e+02   3.4856648e-24
   2.2830908e+02   3.4851948e-24
   2.2883556e+02   3.4847294e-24
   2.2936326e+02   3.4842687e-24
   2.2989217e+02   3.4838128e-24
   2.3042231e+02   3.4833615e-24
   2.3095366e+02   3.4829150e-24
   2.3148624e+02   3.4824732e-24
   2.3202005e+02   3.4820361e-24
   2.3255509e+02   3.4816038e-24
   2.3309137e+02   3.4811762e-24
   2.3362888e+02   3.4807534e-24
   2.3416763e+02   3.4803354e-24
   2.3470762e+02   3.4799221e-24
   2.3524886e+02   3.4795136e-24
   2.3579134e+02   3.4791098e-24
   2.3633508e+02   3.4787109e-24
   2.3688007e+02   3.4783167e-24
   2.3742632e+02   3.4779274e-24
   2.3797382e+02   3.4775429e-24
   2.3852259e+02   3.4771631e-24
   2.3907263e+02   3.4767883e-24
   2.3962393e+02   3.4764182e-24
   2.4017651e+02   3.4760530e-24
   2.4073036e+02   3.4756926e-24
   2.4128548e+02   3.4753371e-24
   2.4184189e+02   3.4749864e-24
   2.4239958e+02   3.4746406e-24
   2.4295855e+02   3.4742997e-24
   2.4351882e+02   3.4739637e-24
   2.4408037e+02   3.4736325e-24
   2.4464322e+02   3.4733063e-24
   2.4520737e+02   3.4729850e-24
   2.4577282e+02   3.4726686e-24
   2.4633958e+02   3.4723571e-24
   2.4690764e+02   3.4720505e-24
   2.4747701e+02   3.4717489e-24
   2.4804769e+02   3.4714523e-24
   2.4861969e+02   3.4711606e-24
   2.4919301e+02   3.4708738e-24
   2.4976765e+02   3.4705921e-24
   2.5034362e+02   3.4703153e-24
   2.5092091e+02   3.4700435e-24
   2.5149954e+02   3.4697768e-24
   2.5207950e+02   3.4695150e-24
   2.5266080e+02   3.4692582e-24
   2.5324343e+02   3.4690065e-24
   2.5382742e+02   3.4687598e-24
   2.5441274e+02   3.4685182e-24
   2.5499942e+02   3.4682816e-24
   2.5558745e+02   3.4680501e-24
   2.5617684e+02   3.4678236e-24
   2.5676758e+02   3.4676023e-24
   2.5735969e+02   3.4673860e-24
   2.5795317e+02   3.4671748e-24
   2.5854801e+02   3.4669688e-24
   2.5914422e+02   3.4667678e-24
   2.5974181e+02   3.4665720e-24
   2.6034078e+02   3.4663813e-24
   2.6094112e+02   3.4661958e-24
   2.6154286e+02   3.4660155e-24
   2.6214598e+02   3.4658403e-24
   2.6275049e+02   3.4656703e-24
   2.6335639e+02   3.4655054e-24
   2.6396369e+02   3.4653458e-24
   2.6457240e+02   3.4651914e-24
   2.6518250e+02   3.4650422e-24
   2.6579401e+02   3.4648983e-24
   2.6640694e+02   3.4647595e-24
   2.6702127e+02   3.4646261e-24
   2.6763703e+02   3.4644979e-24
   2.6825420e+02   3.4643749e-24
   2.6887280e+02   3.4642573e-24
   2.6949282e+02   3.4641449e-24
   2.7011427e+02   3.4640379e-24
   2.7073716e+02   3.4639361e-24
   2.7136148e+02   3.4638397e-24
   2.7198724e+02   3.4637486e-24
   2.7261444e+02   3.4636629e-24
   2.7324310e+02   3.4635825e-24
   2.7387320e+02   3.4635075e-24
   2.7450475e+02   3.4634379e-24
   2.7513776e+02   3.4633737e-24
   2.7577223e+02   3.4633149e-24
   2.7640816e+02   3.4632615e-24
   2.7704556e+02   3.4632135e-24
   2.7768443e+02   3.4631709e-24
   2.7832477e+02   3.4631339e-24
   2.7896659e+02   3.4631022e-24
   2.7960989e+02   3.4630761e-24
   2.8025467e+02   3.4630554e-24
   2.8090094e+02   3.4630402e-24
   2.8154870e+02   3.4630306e-24
   2.8219796e+02   3.4630264e-24
   2.8284871e+02   3.4630278e-24
   2.8350096e+02   3.4630348e-24
   2.8415471e+02   3.4630473e-24
   2.8480998e+02   3.4630654e-24
   2.8546675e+02   3.4630890e-24
   2.8612504e+02   3.4631183e-24
   2.8678485e+02   3.4631531e-24
   2.8744617e+02   3.4631936e-24
   2.8810903e+02   3.4632397e-24
   2.8877341e+02   3.4632915e-24
   2.8943932e+02   3.4633489e-24
   2.9010677e+02   3.4634120e-24
   2.9077576e+02   3.4634808e-24
   2.9144629e+02   3.4635552e-24
   2.9211837e+02   3.4636354e-24
   2.9279200e+02   3.4637213e-24
   2.9346718e+02   3.4638130e-24
   2.9414391e+02   3.4639104e-24
   2.9482221e+02   3.4640135e-24
   2.9550207e+02   3.4641225e-24
   2.9618350e+02   3.4642372e-24
   2.9686651e+02   3.4643577e-24
   2.9755108e+02   3.4644841e-24
   2.9823724e+02   3.4646162e-24
   2.9892498e+02   3.4647543e-24
   2.9961430e+02   3.4648982e-24
   3.0030521e+02   3.4650479e-24
   3.0099772e+02   3.4652036e-24
   3.0169182e+02   3.4653651e-24
   3.0238752e+02   3.4655326e-24
   3.0308483e+02   3.4657060e-24
   3.0378375e+02   3.4658853e-24
   3.0448428e+02   3.4660706e-24
   3.0518642e+02   3.4662619e-24
   3.0589018e+02   3.4664591e-24
   3.0659557e+02   3.4666624e-24
   3.0730258e+02   3.4668717e-24
   3.0801122e+02   3.4670870e-24
   3.0872150e+02   3.4673083e-24
   3.0943341e+02   3.4675357e-24
   3.1014697e+02   3.4677692e-24
   3.1086217e+02   3.4680088e-24
   3.1157902e+02   3.4682545e-24
   3.1229752e+02   3.4685063e-24
   3.1301768e+02   3.4687643e-24
   3.1373950e+02   3.4690284e-24
   3.1446299e+02   3.4692986e-24
   3.1518814e+02   3.4695751e-24
   3.1591497e+02   3.4698577e-24
   3.1664347e+02   3.4701466e-24
   3.1737365e+02   3.4704417e-24
   3.1810552e+02   3.4707430e-24
   3.1883907e+02   3.4710506e-24
   3.1957432e+02   3.4713645e-24
   3.2031126e+02   3.4716846e-24
   3.2104990e+02   3.4720111e-24
   3.2179024e+02   3.4723439e-24
   3.2253229e+02   3.4726830e-24
   3.2327606e+02   3.4730285e-24
   3.2402153e+02   3.4733804e-24
   3.2476873e+02   3.4737386e-24
   3.2551765e+02   3.4741033e-24
   3.2626829e+02   3.4744744e-24
   3.2702067e+02   3.4748519e-24
   3.2777478e+02   3.4752359e-24
   3.2853063e+02   3.4756264e-24
   3.2928823e+02   3.4760233e-24
   3.3004757e+02   3.4764268e-24
   3.3080866e+02   3.4768368e-24
   3.3157151e+02   3.4772533e-24
   3.3233612e+02   3.4776764e-24
   3.3310249e+02   3.4781060e-24
   3.3387062e+02   3.4785423e-24
   3.3464053e+02   3.4789851e-24
   3.3541221e+02   3.4794346e-24
   3.3618568e+02   3.4798907e-24
   3.3696092e+02   3.4803535e-24
   3.3773796e+02   3.4808230e-24
   3.3851679e+02   3.4812992e-24
   3.3929741e+02   3.4817821e-24
   3.4007983e+02   3.4822717e-24
   3.4086406e+02   3.4827681e-24
   3.4165009e+02   3.4832712e-24
   3.4243794e+02   3.4837812e-24
   3.4322760e+02   3.4842979e-24
   3.4401909e+02   3.4848215e-24
   3.4481240e+02   3.4853519e-24
   3.4560754e+02   3.4858891e-24
   3.4640451e+02   3.4864333e-24
   3.4720333e+02   3.4869843e-24
   3.4800398e+02   3.4875423e-24
   3.4880648e+02   3.4881072e-24
   3.4961083e+02   3.4886791e-24
   3.5041703e+02   3.4892579e-24
   3.5122510e+02   3.4898438e-24
   3.5203503e+02   3.4904366e-24
   3.5284682e+02   3.4910365e-24
   3.5366049e+02   3.4916434e-24
   3.5447603e+02   3.4922574e-24
   3.5529346e+02   3.4928785e-24
   3.5611277e+02   3.4935067e-24
   3.5693397e+02   3.4941420e-24
   3.5775706e+02   3.4947845e-24
   3.5858205e+02   3.4954341e-24
   3.5940894e+02   3.4960910e-24
   3.6023774e+02   3.4967550e-24
   3.6106845e+02   3.4974263e-24
   3.6190108e+02   3.4981048e-24
   3.6273563e+02   3.4987906e-24
   3.6357210e+02   3.4994837e-24
   3.6441050e+02   3.5001841e-24
   3.6525083e+02   3.5008918e-24
   3.6609310e+02   3.5016069e-24
   3.6693731e+02   3.5023293e-24
   3.6778347e+02   3.5030592e-24
   3.6863159e+02   3.5037964e-24
   3.6948165e+02   3.5045411e-24
   3.7033368e+02   3.5052933e-24
   3.7118767e+02   3.5060529e-24
   3.7204364e+02   3.5068200e-24
   3.7290157e+02   3.5075947e-24
   3.7376148e+02   3.5083769e-24
   3.7462338e+02   3.5091666e-24
   3.7548727e+02   3.5099640e-24
   3.7635314e+02   3.5107689e-24
   3.7722102e+02   3.5115815e-24
   3.7809089e+02   3.5124017e-24
   3.7896277e+02   3.5132296e-24
   3.7983666e+02   3.5140652e-24
   3.8071257e+02   3.5149085e-24
   3.8159049e+02   3.5157595e-24
   3.8247044e+02   3.5166184e-24
   3.8335242e+02   3.5174850e-24
   3.8423644e+02   3.5183594e-24
   3.8512249e+02   3.5192416e-24
   3.8601059e+02   3.5201317e-24
   3.8690073e+02   3.5210297e-24
   3.8779292e+02   3.5219355e-24
   3.8868718e+02   3.5228493e-24
   3.8958349e+02   3.5237711e-24
   3.9048188e+02   3.5247008e-24
   3.9138233e+02   3.5256385e-24
   3.9228486e+02   3.5265843e-24
   3.9318947e+02   3.5275381e-24
   3.9409617e+02   3.5284999e-24
   3.9500496e+02   3.5294699e-24
   3.9591584e+02   3.5304480e-24
   3.9682883e+02   3.5314342e-24
   3.9774392e+02   3.5324286e-24
   3.9866112e+02   3.5334312e-24
   3.9958044e+02   3.5344420e-24
   4.0050187e+02   3.5354610e-24
   4.0142543e+02   3.5364884e-24
   4.0235112e+02   3.5375240e-24
   4.0327895e+02   3.5385680e-24
   4.0420891e+02   3.5396203e-24
   4.0514102e+02   3.5406810e-24
   4.0607528e+02   3.5417501e-24
   4.0701169e+02   3.5428277e-24
   4.0795026e+02   3.5439137e-24
   4.0889100e+02   3.5450082e-24
   4.0983390e+02   3.5461113e-24
   4.1077898e+02   3.5472229e-24
   4.1172624e+02   3.5483431e-24
   4.1267569e+02   3.5494719e-24
   4.1362732e+02   3.5506094e-24
   4.1458115e+02   3.5517555e-24
   4.1553718e+02   3.5529104e-24
   4.1649541e+02   3.5540740e-24
   4.1745585e+02   3.5552464e-24
   4.1841851e+02   3.5564276e-24
   4.1938338e+02   3.5576176e-24
   4.2035048e+02   3.5588166e-24
   4.2131982e+02   3.5600245e-24
   4.2229138e+02   3.5612413e-24
   4.2326519e+02   3.5624672e-24
   4.2424124e+02   3.5637021e-24
   4.2521955e+02   3.5649461e-24
   4.2620010e+02   3.5661993e-24
   4.2718293e+02   3.5674617e-24
   4.2816801e+02   3.5687333e-24
   4.2915537e+02   3.5700142e-24
   4.3014501e+02   3.5713044e-24
   4.3113692e+02   3.5726041e-24
   4.3213113e+02   3.5739133e-24
   4.3312763e+02   3.5752320e-24
   4.3412642e+02   3.5765603e-24
   4.3512752e+02   3.5778983e-24
   4.3613093e+02   3.5792461e-24
   4.3713665e+02   3.5806037e-24
   4.3814469e+02   3.5819714e-24
   4.3915506e+02   3.5833491e-24
   4.4016775e+02   3.5847369e-24
   4.4118278e+02   3.5861352e-24
   4.4220015e+02   3.5875439e-24
   4.4321987e+02   3.5889632e-24
   4.4424194e+02   3.5903934e-24
   4.4526636e+02   3.5918345e-24
   4.4629315e+02   3.5932870e-24
   4.4732231e+02   3.5947510e-24
   4.4835383e+02   3.5962268e-24
   4.4938774e+02   3.5977148e-24
   4.5042403e+02   3.5992154e-24
   4.5146271e+02   3.6007291e-24
   4.5250379e+02   3.6022565e-24
   4.5354727e+02   3.6037983e-24
   4.5459315e+02   3.6053553e-24
   4.5564145e+02   3.6069285e-24
   4.5669216e+02   3.6085191e-24
   4.5774529e+02   3.6101286e-24
   4.5880086e+02   3.6117590e-24
   4.5985886e+02   3.6134127e-24
   4.6091930e+02   3.6150926e-24
   4.6198218e+02   3.6168028e-24
   4.6304751e+02   3.6185484e-24
   4.6411530e+02   3.6203366e-24
   4.6518556e+02   3.6221767e-24
   4.6625828e+02   3.6240822e-24
   4.6733347e+02   3.6260721e-24
   4.6841115e+02   3.6281744e-24
   4.6949131e+02   3.6304317e-24
   4.7057396e+02   3.6329115e-24
   4.7165911e+02   3.6357255e-24
   4.7274676e+02   3.6390707e-24
   4.7383691e+02   3.6433209e-24
   4.7492958e+02   3.6492579e-24
   4.7602478e+02   3.6587550e-24
   4.7712249e+02   3.6772863e-24
   4.7822274e+02   3.7270780e-24
   4.7932553e+02   3.9871837e-24
   4.8043085e+02   4.0635804e-23
   4.8153873e+02   3.9368317e-24
   4.8264916e+02   3.7241130e-24
   4.8376216e+02   3.6833853e-24
   4.8487772e+02   3.6700498e-24
   4.8599585e+02   3.6648137e-24
   4.8711656e+02   3.6627991e-24
   4.8823985e+02   3.6623163e-24
   4.8936574e+02   3.6626556e-24
   4.9049422e+02   3.6634773e-24
   4.9162530e+02   3.6646019e-24
   4.9275899e+02   3.6659279e-24
   4.9389530e+02   3.6673941e-24
   4.9503423e+02   3.6689620e-24
   4.9617578e+02   3.6706065e-24
   4.9731996e+02   3.6723103e-24
   4.9846679e+02   3.6740617e-24
   4.9961626e+02   3.6758521e-24
   5.0076837e+02   3.6776755e-24
   5.0192315e+02   3.6795272e-24
   5.0308059e+02   3.6814039e-24
   5.0424070e+02   3.6833028e-24
   5.0540348e+02   3.6852220e-24
   5.0656894e+02   3.6871599e-24
   5.0773710e+02   3.6891152e-24
   5.0890794e+02   3.6910870e-24
   5.1008149e+02   3.6930743e-24
   5.1125774e+02   3.6950767e-24
   5.1243670e+02   3.6970935e-24
   5.1361839e+02   3.6991243e-24
   5.1480279e+02   3.7011688e-24
   5.1598993e+02   3.7032267e-24
   5.1717981e+02   3.7052977e-24
   5.1837243e+02   3.7073816e-24
   5.1956780e+02   3.7094783e-24
   5.2076593e+02   3.7115876e-24
   5.2196682e+02   3.7137094e-24
   5.2317048e+02   3.7158437e-24
   5.2437691e+02   3.7179902e-24
   5.2558613e+02   3.7201491e-24
   5.2679814e+02   3.7223202e-24
   5.2801294e+02   3.7245035e-24
   5.2923054e+02   3.7266989e-24
   5.3045095e+02   3.7289065e-24
   5.3167417e+02   3.7311262e-24
   5.3290022e+02   3.7333579e-24
   5.3412909e+02   3.7356018e-24
   5.3536079e+02   3.7378578e-24
   5.3659534e+02   3.7401259e-24
   5.3783273e+02   3.7424061e-24
   5.3907298e+02   3.7446984e-24
   5.4031609e+02   3.7470028e-24
   5.4156206e+02   3.7493193e-24
   5.4281090e+02   3.7516480e-24
   5.4406263e+02   3.7539888e-24
   5.4531724e+02   3.7563419e-24
   5.4657475e+02   3.7587071e-24
   5.4783515e+02   3.7610845e-24
   5.4909847e+02   3.7634742e-24
   5.5036469e+02   3.7658762e-24
   5.5163384e+02   3.7682905e-24
   5.5290591e+02   3.7707170e-24
   5.5418091e+02   3.7731560e-24
   5.5545886e+02   3.7756072e-24
   5.5673975e+02   3.7780709e-24
   5.5802360e+02   3.7805470e-24
   5.5931040e+02   3.7830356e-24
   5.6060018e+02   3.7855367e-24
   5.6189293e+02   3.7880502e-24
   5.6318866e+02   3.7905763e-24
   5.6448737e+02   3.7931150e-24
   5.6578909e+02   3.7956663e-24
   5.6709380e+02   3.7982302e-24
   5.6840152e+02   3.8008068e-24
   5.6971226e+02   3.8033961e-24
   5.7102602e+02   3.8059981e-24
   5.7234281e+02   3.8086128e-24
   5.7366264e+02   3.8112404e-24
   5.7498551e+02   3.8138808e-24
   5.7631143e+02   3.8165340e-24
   5.7764041e+02   3.8192002e-24
   5.7897245e+02   3.8218793e-24
   5.8030757e+02   3.8245713e-24
   5.8164576e+02   3.8272763e-24
   5.8298704e+02   3.8299944e-24
   5.8433141e+02   3.8327255e-24
   5.8567889e+02   3.8354698e-24
   5.8702947e+02   3.8382271e-24
   5.8838316e+02   3.8409976e-24
   5.8973998e+02   3.8437814e-24
   5.9109992e+02   3.8465783e-24
   5.9246300e+02   3.8493886e-24
   5.9382923e+02   3.8522121e-24
   5.9519860e+02   3.8550490e-24
   5.9657113e+02   3.8578992e-24
   5.9794683e+02   3.8607629e-24
   5.9932570e+02   3.8636400e-24
   6.0070775e+02   3.8665307e-24
   6.0209299e+02   3.8694348e-24
   6.0348142e+02   3.8723525e-24
   6.0487305e+02   3.8752837e-24
   6.0626789e+02   3.8782287e-24
   6.0766595e+02   3.8811872e-24
   6.0906723e+02   3.8841595e-24
   6.1047175e+02   3.8871455e-24
   6.1187950e+02   3.8901453e-24
   6.1329050e+02   3.8931589e-24
   6.1470475e+02   3.8961863e-24
   6.1612226e+02   3.8992277e-24
   6.1754305e+02   3.9022829e-24
   6.1896711e+02   3.9053521e-24
   6.2039445e+02   3.9084354e-24
   6.2182508e+02   3.9115326e-24
   6.2325902e+02   3.9146439e-24
   6.2469626e+02   3.9177693e-24
   6.2613681e+02   3.9209089e-24
   6.2758069e+02   3.9240627e-24
   6.2902789e+02   3.9272306e-24
   6.3047844e+02   3.9304129e-24
   6.3193232e+02   3.9336094e-24
   6.3338957e+02   3.9368203e-24
   6.3485017e+02   3.9400455e-24
   6.3631414e+02   3.9432851e-24
   6.3778148e+02   3.9465392e-24
   6.3925221e+02   3.9498078e-24
   6.4072633e+02   3.9530909e-24
   6.4220385e+02   3.9563886e-24
   6.4368478e+02   3.9597009e-24
   6.4516912e+02   3.9630278e-24
   6.4665688e+02   3.9663694e-24
   6.4814808e+02   3.9697257e-24
   6.4964271e+02   3.9730967e-24
   6.5114080e+02   3.9764826e-24
   6.5264233e+02   3.9798833e-24
   6.5414733e+02   3.9832989e-24
   6.5565580e+02   3.9867293e-24
   6.5716775e+02   3.9901748e-24
   6.5868318e+02   3.9936352e-24
   6.6020211e+02   3.9971106e-24
   6.6172454e+02   4.0006011e-24
   6.6325048e+02   4.0041067e-24
   6.6477994e+02   4.0076275e-24
   6.6631293e+02   4.0111635e-24
   6.6784945e+02   4.0147146e-24
   6.6938952e+02   4.0182811e-24
   6.7093314e+02   4.0218628e-24
   6.7248031e+02   4.0254599e-24
   6.7403106e+02   4.0290724e-24
   6.7558538e+02   4.0327003e-24
   6.7714328e+02   4.0363437e-24
   6.7870478e+02   4.0400026e-24
   6.8026988e+02   4.0436770e-24
   6.8183859e+02   4.0473670e-24
   6.8341091e+02   4.0510726e-24
   6.8498686e+02   4.0547939e-24
   6.8656645e+02   4.0585309e-24
   6.8814967e+02   4.0622837e-24
   6.8973655e+02   4.0660522e-24
   6.9132709e+02   4.0698366e-24
   6.9292130e+02   4.0736368e-24
   6.9451918e+02   4.0774529e-24
   6.9612074e+02   4.0812850e-24
   6.9772600e+02   4.0851331e-24
   6.9933497e+02   4.0889972e-24
   7.0094764e+02   4.0928774e-24
   7.0256403e+02   4.0967737e-24
   7.0418415e+02   4.1006861e-24
   7.0580800e+02   4.1046147e-24
   7.0743560e+02   4.1085596e-24
   7.0906695e+02   4.1125208e-24
   7.1070206e+02   4.1164983e-24
   7.1234095e+02   4.1204921e-24
   7.1398361e+02   4.1245023e-24
   7.1563006e+02   4.1285290e-24
   7.1728031e+02   4.1325722e-24
   7.1893437e+02   4.1366319e-24
   7.2059223e+02   4.1407081e-24
   7.2225393e+02   4.1448010e-24
   7.2391945e+02   4.1489105e-24
   7.2558881e+02   4.1530367e-24
   7.2726203e+02   4.1571797e-24
   7.2893910e+02   4.1613394e-24
   7.3062004e+02   4.1655160e-24
   7.3230485e+02   4.1697094e-24
   7.3399355e+02   4.1739197e-24
   7.3568615e+02   4.1781470e-24
   7.3738265e+02   4.1823912e-24
   7.3908306e+02   4.1866525e-24
   7.4078739e+02   4.1909309e-24
   7.4249565e+02   4.1952264e-24
   7.4420785e+02   4.1995390e-24
   7.4592400e+02   4.2038689e-24
   7.4764410e+02   4.2082160e-24
   7.4936818e+02   4.2125803e-24
   7.5109623e+02   4.2169620e-24
   7.5282826e+02   4.2213611e-24
   7.5456429e+02   4.2257776e-24
   7.5630432e+02   4.2302116e-24
   7.5804836e+02   4.2346630e-24
   7.5979643e+02   4.2391320e-24
   7.6154852e+02   4.2436186e-24
   7.6330466e+02   4.2481229e-24
   7.6506485e+02   4.2526448e-24
   7.6682909e+02   4.2571844e-24
   7.6859741e+02   4.2617418e-24
   7.7036980e+02   4.2663170e-24
   7.7214628e+02   4.2709100e-24
   7.7392685e+02   4.2755210e-24
   7.7571153e+02   4.2801499e-24
   7.7750033e+02   4.2847967e-24
   7.7929325e+02   4.2894616e-24
   7.8109031e+02   4.2941446e-24
   7.8289151e+02   4.2988456e-24
   7.8469686e+02   4.3035649e-24
   7.8650638e+02   4.3083023e-24
   7.8832007e+02   4.3130580e-24
   7.9013794e+02   4.3178319e-24
   7.9196000e+02   4.3226242e-24
   7.9378627e+02   4.3274349e-24
   7.9561675e+02   4.3322640e-24
   7.9745144e+02   4.3371116e-24
   7.9929037e+02   4.3419777e-24
   8.0113354e+02   4.3468623e-24
   8.0298096e+02   4.3517656e-24
   8.0483264e+02   4.3566875e-24
   8.0668859e+02   4.3616281e-24
   8.0854882e+02   4.3665874e-24
   8.1041334e+02   4.3715655e-24
   8.1228216e+02   4.3765625e-24
   8.1415529e+02   4.3815783e-24
   8.1603274e+02   4.3866130e-24
   8.1791452e+02   4.3916667e-24
   8.1980064e+02   4.3967394e-24
   8.2169110e+02   4.4018311e-24
   8.2358593e+02   4.4069420e-24
   8.2548512e+02   4.4120720e-24
   8.2738870e+02   4.4172212e-24
   8.2929666e+02   4.4223896e-24
   8.3120903e+02   4.4275773e-24
   8.3312580e+02   4.4327844e-24
   8.3504700e+02   4.4380108e-24
   8.3697262e+02   4.4432566e-24
   8.3890269e+02   4.4485219e-24
   8.4083720e+02   4.4538067e-24
   8.4277618e+02   4.4591111e-24
   8.4471963e+02   4.4644351e-24
   8.4666756e+02   4.4697787e-24
   8.4861998e+02   4.4751420e-24
   8.5057690e+02   4.4805251e-24
   8.5253834e+02   4.4859279e-24
   8.5450430e+02   4.4913506e-24
   8.5647479e+02   4.4967932e-24
   8.5844983e+02   4.5022557e-24
   8.6042942e+02   4.5077382e-24
   8.6241358e+02   4.5132407e-24
   8.6440231e+02   4.5187633e-24
   8.6639563e+02   4.5243061e-24
   8.6839354e+02   4.5298689e-24
   8.7039607e+02   4.5354520e-24
   8.7240321e+02   4.5410554e-24
   8.7441498e+02   4.5466791e-24
   8.7643138e+02   4.5523231e-24
   8.7845244e+02   4.5579875e-24
   8.8047816e+02   4.5636724e-24
   8.8250855e+02   4.5693778e-24
   8.8454362e+02   4.5751038e-24
   8.8658338e+02   4.5808504e-24
   8.8862785e+02   4.5866176e-24
   8.9067703e+02   4.5924055e-24
   8.9273094e+02   4.5982142e-24
   8.9478959e+02   4.6040437e-24
   8.9685298e+02   4.6098940e-24
   8.9892113e+02   4.6157652e-24
   9.0099405e+02   4.6216574e-24
   9.0307175e+02   4.6275707e-24
   9.0515424e+02   4.6335050e-24
   9.0724153e+02   4.6394604e-24
   9.0933364e+02   4.6454370e-24
   9.1143057e+02   4.6514349e-24
   9.1353233e+02   4.6574541e-24
   9.1563894e+02   4.6634946e-24
   9.1775041e+02   4.6695567e-24
   9.1986675e+02   4.6756402e-24
   9.2198797e+02   4.6817454e-24
   9.2411408e+02   4.6878723e-24
   9.2624510e+02   4.6940211e-24
   9.2838103e+02   4.7001919e-24
   9.3052188e+02   4.7063848e-24
   9.3266767e+02   4.7126002e-24
   9.3481841e+02   4.7188383e-24
   9.3697411e+02   4.7250995e-24
   9.3913478e+02   4.7313845e-24
   9.4130043e+02   4.7376943e-24
   9.4347108e+02   4.7440305e-24
   9.4564673e+02   4.7503959e-24
   9.4782740e+02   4.7567958e-24
   9.5001309e+02   4.7632414e-24
   9.5220383e+02   4.7697599e-24
   9.5439962e+02   4.7764323e-24
   9.5660047e+02   4.7836027e-24
   9.5880640e+02   4.7944466e-24
   9.6101742e+02   5.1478910e-24
   9.6323353e+02   4.8053649e-24
   9.6545475e+02   4.8093373e-24
   9.6768110e+02   4.8153745e-24
   9.6991258e+02   4.8217705e-24
   9.7214920e+02   4.8282902e-24
   9.7439099e+02   4.8348732e-24
   9.7663794e+02   4.8414982e-24
   9.7889008e+02   4.8481564e-24
   9.8114740e+02   4.8548433e-24
   9.8340994e+02   4.8615568e-24
   9.8567769e+02   4.8682957e-24
   9.8795067e+02   4.8750591e-24
   9.9022889e+02   4.8818466e-24
   9.9251237e+02   4.8886580e-24
   9.9480111e+02   4.8954931e-24
   9.9709513e+02   4.9023518e-24
   9.9939443e+02   4.9092340e-24
   1.0016990e+03   4.9161397e-24
   1.0040090e+03   4.9230688e-24
   1.0063242e+03   4.9300215e-24
   1.0086448e+03   4.9369976e-24
   1.0109708e+03   4.9439973e-24
   1.0133021e+03   4.9510205e-24
   1.0156387e+03   4.9580674e-24
   1.0179808e+03   4.9651378e-24
   1.0203283e+03   4.9722320e-24
   1.0226812e+03   4.9793499e-24
   1.0250395e+03   4.9864915e-24
   1.0274032e+03   4.9936569e-24
   1.0297724e+03   5.0008462e-24
   1.0321471e+03   5.0080594e-24
   1.0345272e+03   5.0152965e-24
   1.0369129e+03   5.0225577e-24
   1.0393040e+03   5.0298428e-24
   1.0417006e+03   5.0371521e-24
   1.0441028e+03   5.0444856e-24
   1.0465105e+03   5.0518432e-24
   1.0489238e+03   5.0592251e-24
   1.0513426e+03   5.0666313e-24
   1.0537670e+03   5.0740619e-24
   1.0561970e+03   5.0815169e-24
   1.0586326e+03   5.0889963e-24
   1.0610738e+03   5.0965003e-24
   1.0635207e+03   5.1040288e-24
   1.0659731e+03   5.1115819e-24
   1.0684313e+03   5.1191597e-24
   1.0708951e+03   5.1267623e-24
   1.0733646e+03   5.1343896e-24
   1.0758398e+03   5.1420417e-24
   1.0783207e+03   5.1497187e-24
   1.0808073e+03   5.1574207e-24
   1.0832996e+03   5.1651477e-24
   1.0857977e+03   5.1728997e-24
   1.0883016e+03   5.1806768e-24
   1.0908112e+03   5.1884791e-24
   1.0933266e+03   5.1963065e-24
   1.0958479e+03   5.2041593e-24
   1.0983749e+03   5.2120373e-24
   1.1009078e+03   5.2199407e-24
   1.1034465e+03   5.2278696e-24
   1.1059910e+03   5.2358239e-24
   1.1085414e+03   5.2438038e-24
   1.1110977e+03   5.2518092e-24
   1.1136599e+03   5.2598403e-24
   1.1162281e+03   5.2678971e-24
   1.1188021e+03   5.2759797e-24
   1.1213820e+03   5.2840881e-24
   1.1239680e+03   5.2922223e-24
   1.1265598e+03   5.3003824e-24
   1.1291577e+03   5.3085686e-24
   1.1317615e+03   5.3167807e-24
   1.1343714e+03   5.3250189e-24
   1.1369873e+03   5.3332833e-24
   1.1396092e+03   5.3415739e-24
   1.1422371e+03   5.3498908e-24
   1.1448711e+03   5.3582339e-24
   1.1475112e+03   5.3666034e-24
   1.1501574e+03   5.3749994e-24
   1.1528096e+03   5.3834218e-24
   1.1554680e+03   5.3918707e-24
   1.1581325e+03   5.4003463e-24
   1.1608032e+03   5.4088484e-24
   1.1634800e+03   5.4173773e-24
   1.1661630e+03   5.4259330e-24
   1.1688522e+03   5.4345155e-24
   1.1715476e+03   5.4431248e-24
   1.1742492e+03   5.4517611e-24
   1.1769570e+03   5.4604244e-24
   1.1796711e+03   5.4691147e-24
   1.1823914e+03   5.4778321e-24
   1.1851180e+03   5.4865767e-24
   1.1878509e+03   5.4953485e-24
   1.1905901e+03   5.5041476e-24
   1.1933356e+03   5.5129740e-24
   1.1960875e+03   5.5218278e-24
   1.1988456e+03   5.5307091e-24
   1.2016102e+03   5.5396179e-24
   1.2043811e+03   5.5485542e-24
   1.2071584e+03   5.5575181e-24
   1.2099421e+03   5.5665098e-24
   1.2127323e+03   5.5755292e-24
   1.2155288e+03   5.5845763e-24
   1.2183319e+03   5.5936514e-24
   1.2211413e+03   5.6027543e-24
   1.2239573e+03   5.6118853e-24
   1.2267798e+03   5.6210442e-24
   1.2296087e+03   5.6302313e-24
   1.2324442e+03   5.6394465e-24
   1.2352862e+03   5.6486899e-24
   1.2381348e+03   5.6579616e-24
   1.2409900e+03   5.6672617e-24
   1.2438517e+03   5.6765901e-24
   1.2467200e+03   5.6859470e-24
   1.2495950e+03   5.6953323e-24
   1.2524766e+03   5.7047463e-24
   1.2553648e+03   5.7141889e-24
   1.2582597e+03   5.7236602e-24
   1.2611612e+03   5.7331602e-24
   1.2640695e+03   5.7426890e-24
   1.2669844e+03   5.7522467e-24
   1.2699061e+03   5.7618333e-24
   1.2728345e+03   5.7714490e-24
   1.2757697e+03   5.7810936e-24
   1.2787116e+03   5.7907674e-24
   1.2816603e+03   5.8004704e-24
   1.2846158e+03   5.8102026e-24
   1.2875782e+03   5.8199641e-24
   1.2905473e+03   5.8297550e-24
   1.2935233e+03   5.8395753e-24
   1.2965062e+03   5.8494250e-24
   1.2994960e+03   5.8593043e-24
   1.3024926e+03   5.8692132e-24
   1.3054962e+03   5.8791518e-24
   1.3085067e+03   5.8891201e-24
   1.3115241e+03   5.8991182e-24
   1.3145485e+03   5.9091461e-24
   1.3175798e+03   5.9192040e-24
   1.3206182e+03   5.9292918e-24
   1.3236635e+03   5.9394097e-24
   1.3267159e+03   5.9495577e-24
   1.3297753e+03   5.9597358e-24
   1.3328418e+03   5.9699442e-24
   1.3359154e+03   5.9801829e-24
   1.3389960e+03   5.9904519e-24
   1.3420837e+03   6.0007514e-24
   1.3451786e+03   6.0110813e-24
   1.3482806e+03   6.0214418e-24
   1.3513897e+03   6.0318328e-24
   1.3545060e+03   6.0422546e-24
   1.3576295e+03   6.0527071e-24
   1.3607602e+03   6.0631904e-24
   1.3638982e+03   6.0737046e-24
   1.3670433e+03   6.0842497e-24
   1.3701957e+03   6.0948258e-24
   1.3733554e+03   6.1054329e-24
   1.3765224e+03   6.1160712e-24
   1.3796966e+03   6.1267407e-24
   1.3828782e+03   6.1374415e-24
   1.3860672e+03   6.1481736e-24
   1.3892634e+03   6.1589371e-24
   1.3924671e+03   6.1697321e-24
   1.3956781e+03   6.1805586e-24
   1.3988966e+03   6.1914168e-24
   1.4021224e+03   6.2023067e-24
   1.4053558e+03   6.2132283e-24
   1.4085965e+03   6.2241819e-24
   1.4118448e+03   6.2351676e-24
   1.4151005e+03   6.2461855e-24
   1.4183637e+03   6.2572358e-24
   1.4216345e+03   6.2683191e-24
   1.4249128e+03   6.2794362e-24
   1.4281986e+03   6.2905891e-24
   1.4314921e+03   6.3017834e-24
   1.4347931e+03   6.3130429e-24
   1.4381017e+03   6.3245770e-24
   1.4414180e+03   6.3885331e-24
   1.4447419e+03   6.3470495e-24
   1.4480735e+03   6.3581889e-24
   1.4514128e+03   6.3695213e-24
   1.4547598e+03   6.3809118e-24
   1.4581144e+03   6.3923427e-24
   1.4614769e+03   6.4038095e-24
   1.4648470e+03   6.4153107e-24
   1.4682250e+03   6.4268456e-24
   1.4716107e+03   6.4384140e-24
   1.4750043e+03   6.4500158e-24
   1.4784056e+03   6.4616509e-24
   1.4818149e+03   6.4733195e-24
   1.4852319e+03   6.4850214e-24
   1.4886569e+03   6.4967568e-24
   1.4920897e+03   6.5085257e-24
   1.4955305e+03   6.5203282e-24
   1.4989792e+03   6.5321643e-24
   1.5024359e+03   6.5440341e-24
   1.5059005e+03   6.5559376e-24
   1.5093731e+03   6.5678750e-24
   1.5128538e+03   6.5798462e-24
   1.5163424e+03   6.5918515e-24
   1.5198391e+03   6.6038907e-24
   1.5233439e+03   6.6159640e-24
   1.5268567e+03   6.6280715e-24
   1.5303776e+03   6.6402133e-24
   1.5339067e+03   6.6523893e-24
   1.5374439e+03   6.6645998e-24
   1.5409893e+03   6.6768446e-24
   1.5445428e+03   6.6891240e-24
   1.5481045e+03   6.7014380e-24
   1.5516745e+03   6.7137867e-24
   1.5552526e+03   6.7261700e-24
   1.5588391e+03   6.7385882e-24
   1.5624338e+03   6.7510413e-24
   1.5660367e+03   6.7635293e-24
   1.5696480e+03   6.7760523e-24
   1.5732677e+03   6.7886104e-24
   1.5768956e+03   6.8012037e-24
   1.5805320e+03   6.8138322e-24
   1.5841767e+03   6.8264960e-24
   1.5878298e+03   6.8391953e-24
   1.5914913e+03   6.8519299e-24
   1.5951613e+03   6.8647001e-24
   1.5988398e+03   6.8775059e-24
   1.6025267e+03   6.8903474e-24
   1.6062222e+03   6.9032247e-24
   1.6099261e+03   6.9161377e-24
   1.6136386e+03   6.9290867e-24
   1.6173597e+03   6.9420716e-24
   1.6210893e+03   6.9550926e-24
   1.6248276e+03   6.9681497e-24
   1.6285744e+03   6.9812430e-24
   1.6323300e+03   6.9943726e-24
   1.6360941e+03   7.0075386e-24
   1.6398670e+03   7.0207409e-24
   1.6436485e+03   7.0339798e-24
   1.6474388e+03   7.0472552e-24
   1.6512378e+03   7.0605673e-24
   1.6550456e+03   7.0739161e-24
   1.6588621e+03   7.0873017e-24
   1.6626874e+03   7.1007242e-24
   1.6665216e+03   7.1141837e-24
   1.6703646e+03   7.1276802e-24
   1.6742165e+03   7.1412137e-24
   1.6780773e+03   7.1547845e-24
   1.6819469e+03   7.1683926e-24
   1.6858255e+03   7.1820380e-24
   1.6897130e+03   7.1957208e-24
   1.6936095e+03   7.2094411e-24
   1.6975150e+03   7.2231989e-24
   1.7014295e+03   7.2369945e-24
   1.7053530e+03   7.2508277e-24
   1.7092855e+03   7.2646988e-24
   1.7132272e+03   7.2786077e-24
   1.7171779e+03   7.2925546e-24
   1.7211377e+03   7.3065396e-24
   1.7251067e+03   7.3205627e-24
   1.7290848e+03   7.3346240e-24
   1.7330721e+03   7.3487235e-24
   1.7370685e+03   7.3628615e-24
   1.7410742e+03   7.3770378e-24
   1.7450892e+03   7.3912527e-24
   1.7491133e+03   7.4055062e-24
   1.7531468e+03   7.4197984e-24
   1.7571896e+03   7.4341293e-24
   1.7612417e+03   7.4484991e-24
   1.7653031e+03   7.4629078e-24
   1.7693739e+03   7.4773555e-24
   1.7734541e+03   7.4918423e-24
   1.7775437e+03   7.5063683e-24
   1.7816427e+03   7.5209335e-24
   1.7857512e+03   7.5355380e-24
   1.7898692e+03   7.5501820e-24
   1.7939966e+03   7.5648654e-24
   1.7981336e+03   7.5795884e-24
   1.8022801e+03   7.5943511e-24
   1.8064362e+03   7.6091535e-24
   1.8106018e+03   7.6239958e-24
   1.8147771e+03   7.6388779e-24
   1.8189620e+03   7.6538001e-24
   1.8231565e+03   7.6687623e-24
   1.8273607e+03   7.6837647e-24
   1.8315746e+03   7.6988073e-24
   1.8357983e+03   7.7138902e-24
   1.8400316e+03   7.7290136e-24
   1.8442748e+03   7.7441774e-24
   1.8485277e+03   7.7593818e-24
   1.8527904e+03   7.7746269e-24
   1.8570629e+03   7.7899128e-24
   1.8613453e+03   7.8052395e-24
   1.8656376e+03   7.8206071e-24
   1.8699398e+03   7.8360157e-24
   1.8742519e+03   7.8514654e-24
   1.8785739e+03   7.8669563e-24
   1.8829059e+03   7.8824885e-24
   1.8872479e+03   7.8980621e-24
   1.8915999e+03   7.9136773e-24
   1.8959620e+03   7.9293341e-24
   1.9003341e+03   7.9450327e-24
   1.9047163e+03   7.9607737e-24
   1.9091086e+03   7.9765580e-24
   1.9135110e+03   7.9923900e-24
   1.9179235e+03   8.0083135e-24
   1.9223463e+03   8.0256391e-24
   1.9267792e+03   8.0401314e-24
   1.9312224e+03   8.0560986e-24
   1.9356758e+03   8.0721273e-24
   1.9401395e+03   8.0882017e-24
   1.9446135e+03   8.1043196e-24
   1.9490978e+03   8.1204805e-24
   1.9535924e+03   8.1366843e-24
   1.9580974e+03   8.1529309e-24
   1.9626128e+03   8.1692205e-24
   1.9671386e+03   8.1855530e-24
   1.9716748e+03   8.2019285e-24
   1.9762215e+03   8.2183472e-24
   1.9807787e+03   8.2348091e-24
   1.9853464e+03   8.2513143e-24
   1.9899246e+03   8.2678629e-24
   1.9945134e+03   8.2844550e-24
   1.9991128e+03   8.3010907e-24
   2.0037227e+03   8.3177700e-24
   2.0083433e+03   8.3344930e-24
   2.0129746e+03   8.3512599e-24
   2.0176165e+03   8.3680707e-24
   2.0222692e+03   8.3849256e-24
   2.0269325e+03   8.4018246e-24
   2.0316067e+03   8.4187678e-24
   2.0362916e+03   8.4357553e-24
   2.0409873e+03   8.4527871e-24
   2.0456938e+03   8.4698635e-24
   2.0504112e+03   8.4869845e-24
   2.0551394e+03   8.5041501e-24
   2.0598786e+03   8.5213605e-24
   2.0646287e+03   8.5386158e-24
   2.0693898e+03   8.5559160e-24
   2.0741618e+03   8.5732613e-24
   2.0789448e+03   8.5906518e-24
   2.0837389e+03   8.6080875e-24
   2.0885440e+03   8.6255685e-24
   2.0933602e+03   8.6430949e-24
   2.0981875e+03   8.6606669e-24
   2.1030259e+03   8.6782845e-24
   2.1078755e+03   8.6959479e-24
   2.1127363e+03   8.7136570e-24
   2.1176083e+03   8.7314121e-24
   2.1224915e+03   8.7492132e-24
   2.1273860e+03   8.7670604e-24
   2.1322918e+03   8.7849538e-24
   2.1372088e+03   8.8028935e-24
   2.1421373e+03   8.8208796e-24
   2.1470771e+03   8.8389123e-24
   2.1520282e+03   8.8569915e-24
   2.1569908e+03   8.8751174e-24
   2.1619649e+03   8.8932901e-24
   2.1669504e+03   8.9115097e-24
   2.1719474e+03   8.9297763e-24
   2.1769559e+03   8.9480900e-24
   2.1819760e+03   8.9664509e-24
   2.1870076e+03   8.9848591e-24
   2.1920509e+03   9.0033146e-24
   2.1971058e+03   9.0218177e-24
   2.2021723e+03   9.0403684e-24
   2.2072505e+03   9.0589667e-24
   2.2123405e+03   9.0776129e-24
   2.2174421e+03   9.0963069e-24
   2.2225556e+03   9.1150490e-24
   2.2276808e+03   9.1338391e-24
   2.2328179e+03   9.1526775e-24
   2.2379668e+03   9.1715642e-24
   2.2431275e+03   9.1904992e-24
   2.2483002e+03   9.2094828e-24
   2.2534848e+03   9.2285150e-24
   2.2586814e+03   9.2475959e-24
   2.2638899e+03   9.2667256e-24
   2.2691104e+03   9.2859043e-24
   2.2743430e+03   9.3051320e-24
   2.2795877e+03   9.3244088e-24
   2.2848444e+03   9.3437349e-24
   2.2901133e+03   9.3631102e-24
   2.2953943e+03   9.3825351e-24
   2.3006875e+03   9.4020095e-24
   2.3059929e+03   9.4215335e-24
   2.3113105e+03   9.4411073e-24
   2.3166404e+03   9.4607310e-24
   2.3219826e+03   9.4804047e-24
   2.3273371e+03   9.5001284e-24
   2.3327040e+03   9.5199023e-24
   2.3380832e+03   9.5397266e-24
   2.3434749e+03   9.5596012e-24
   2.3488789e+03   9.5795263e-24
   2.3542955e+03   9.5995021e-24
   2.3597245e+03   9.6195286e-24
   2.3651660e+03   9.6396060e-24
   2.3706201e+03   9.6597343e-24
   2.3760868e+03   9.6799138e-24
   2.3815661e+03   9.7001445e-24
   2.3870580e+03   9.7204270e-24
   2.3925626e+03   9.7407625e-24
   2.3980798e+03   9.7611664e-24
   2.4036098e+03   9.7817015e-24
   2.4091526e+03   9.8020736e-24
   2.4147081e+03   9.8226089e-24
   2.4202764e+03   9.8431994e-24
   2.4258576e+03   9.8638427e-24
   2.4314516e+03   9.8845383e-24
   2.4370586e+03   9.9052863e-24
   2.4426785e+03   9.9260867e-24
   2.4483113e+03   9.9469396e-24
   2.4539571e+03   9.9678451e-24
   2.4596160e+03   9.9888033e-24
   2.4652879e+03   1.0009814e-23
   2.4709728e+03   1.0030878e-23
   2.4766709e+03   1.0051995e-23
   2.4823821e+03   1.0073166e-23
   2.4881065e+03   1.0094389e-23
   2.4938441e+03   1.0115666e-23
   2.4995949e+03   1.0136996e-23
   2.5053590e+03   1.0158380e-23
   2.5111364e+03   1.0179818e-23
   2.5169271e+03   1.0201310e-23
   2.5227312e+03   1.0222855e-23
   2.5285486e+03   1.0244455e-23
   2.5343794e+03   1.0266109e-23
   2.5402237e+03   1.0287817e-23
   2.5460815e+03   1.0309580e-23
   2.5519528e+03   1.0331397e-23
   2.5578376e+03   1.0353269e-23
   2.5637360e+03   1.0375195e-23
   2.5696480e+03   1.0397177e-23
   2.5755736e+03   1.0419214e-23
   2.5815129e+03   1.0441305e-23
   2.5874659e+03   1.0463452e-23
   2.5934326e+03   1.0485654e-23
   2.5994131e+03   1.0507912e-23
   2.6054074e+03   1.0530226e-23
   2.6114155e+03   1.0552595e-23
   2.6174374e+03   1.0575020e-23
   2.6234732e+03   1.0597501e-23
   2.6295230e+03   1.0620038e-23
   2.6355867e+03   1.0642631e-23
   2.6416644e+03   1.0665281e-23
   2.6477561e+03   1.0687987e-23
   2.6538618e+03   1.0710750e-23
   2.6599816e+03   1.0733569e-23
   2.6661156e+03   1.0756445e-23
   2.6722637e+03   1.0779379e-23
   2.6784259e+03   1.0802369e-23
   2.6846024e+03   1.0825416e-23
   2.6907931e+03   1.0848521e-23
   2.6969981e+03   1.0871683e-23
   2.7032174e+03   1.0894903e-23
   2.7094510e+03   1.0918181e-23
   2.7156991e+03   1.0941516e-23
   2.7219615e+03   1.0964909e-23
   2.7282383e+03   1.0988360e-23
   2.7345297e+03   1.1011870e-23
   2.7408355e+03   1.1035438e-23
   2.7471559e+03   1.1059064e-23
   2.7534909e+03   1.1082749e-23
   2.7598405e+03   1.1106492e-23
   2.7662047e+03   1.1130295e-23
   2.7725836e+03   1.1154156e-23
   2.7789772e+03   1.1178076e-23
   2.7853855e+03   1.1202056e-23
   2.7918086e+03   1.1226095e-23
   2.7982465e+03   1.1250193e-23
   2.8046993e+03   1.1274351e-23
   2.8111670e+03   1.1298569e-23
   2.8176496e+03   1.1322846e-23
   2.8241471e+03   1.1347184e-23
   2.8306596e+03   1.1371581e-23
   2.8371871e+03   1.1396039e-23
   2.8437297e+03   1.1420558e-23
   2.8502873e+03   1.1445136e-23
   2.8568601e+03   1.1469776e-23
   2.8634481e+03   1.1494476e-23
   2.8700512e+03   1.1519238e-23
   2.8766696e+03   1.1544064e-23
   2.8833032e+03   1.1569098e-23
   2.8899521e+03   1.1593889e-23
   2.8966164e+03   1.1618894e-23
   2.9032960e+03   1.1643961e-23
   2.9099910e+03   1.1669090e-23
   2.9167015e+03   1.1694281e-23
   2.9234274e+03   1.1719534e-23
   2.9301688e+03   1.1744849e-23
   2.9369258e+03   1.1770226e-23
   2.9436984e+03   1.1795666e-23
   2.9504866e+03   1.1821168e-23
   2.9572904e+03   1.1846733e-23
   2.9641100e+03   1.1872361e-23
   2.9709452e+03   1.1898052e-23
   2.9777963e+03   1.1923805e-23
   2.9846631e+03   1.1949622e-23
   2.9915457e+03   1.1975503e-23
   2.9984443e+03   1.2001446e-23
   3.0053587e+03   1.2027453e-23
   3.0122891e+03   1.2053525e-23
   3.0192354e+03   1.2079659e-23
   3.0261978e+03   1.2105858e-23
   3.0331763e+03   1.2132122e-23
   3.0401708e+03   1.2158449e-23
   3.0471814e+03   1.2184841e-23
   3.0542083e+03   1.2211297e-23
   3.0612513e+03   1.2237818e-23
   3.0683106e+03   1.2264405e-23
   3.0753861e+03   1.2291056e-23
   3.0824780e+03   1.2317772e-23
   3.0895862e+03   1.2344553e-23
   3.0967108e+03   1.2371400e-23
   3.1038518e+03   1.2398313e-23
   3.1110093e+03   1.2425291e-23
   3.1181833e+03   1.2452335e-23
   3.1253739e+03   1.2479445e-23
   3.1325810e+03   1.2506622e-23
   3.1398048e+03   1.2533864e-23
   3.1470452e+03   1.2561173e-23
   3.1543023e+03   1.2588549e-23
   3.1615762e+03   1.2615992e-23
   3.1688668e+03   1.2643501e-23
   3.1761742e+03   1.2671077e-23
   3.1834985e+03   1.2698721e-23
   3.1908397e+03   1.2726432e-23
   3.1981978e+03   1.2754210e-23
   3.2055728e+03   1.2782056e-23
   3.2129649e+03   1.2809969e-23
   3.2203740e+03   1.2837951e-23
   3.2278002e+03   1.2866001e-23
   3.2352436e+03   1.2894119e-23
   3.2427041e+03   1.2922305e-23
   3.2501818e+03   1.2950560e-23
   3.2576767e+03   1.2978883e-23
   3.2651889e+03   1.3007276e-23
   3.2727185e+03   1.3035737e-23
   3.2802654e+03   1.3064267e-23
   3.2878297e+03   1.3092867e-23
   3.2954115e+03   1.3121536e-23
   3.3030107e+03   1.3150275e-23
   3.3106275e+03   1.3179083e-23
   3.3182618e+03   1.3207961e-23
   3.3259138e+03   1.3236910e-23
   3.3335833e+03   1.3265928e-23
   3.3412706e+03   1.3295017e-23
   3.3489756e+03   1.3324177e-23
   3.3566984e+03   1.3353409e-23
   3.3644389e+03   1.3382732e-23
   3.3721974e+03   1.3412080e-23
   3.3799737e+03   1.3441523e-23
   3.3877679e+03   1.3471037e-23
   3.3955801e+03   1.3500622e-23
   3.4034104e+03   1.3530280e-23
   3.4112587e+03   1.3560009e-23
   3.4191251e+03   1.3589810e-23
   3.4270096e+03   1.3619683e-23
   3.4349123e+03   1.3649628e-23
   3.4428332e+03   1.3679646e-23
   3.4507724e+03   1.3709736e-23
   3.4587299e+03   1.3739899e-23
   3.4667058e+03   1.3770135e-23
   3.4747000e+03   1.3800443e-23
   3.4827127e+03   1.3830826e-23
   3.4907439e+03   1.3861281e-23
   3.4987936e+03   1.3891810e-23
   3.5068618e+03   1.3922412e-23
   3.5149487e+03   1.3953089e-23
   3.5230542e+03   1.3983839e-23
   3.5311784e+03   1.4014664e-23
   3.5393213e+03   1.4045563e-23
   3.5474830e+03   1.4076536e-23
   3.5556635e+03   1.4107585e-23
   3.5638629e+03   1.4138708e-23
   3.5720812e+03   1.4169905e-23
   3.5803184e+03   1.4201179e-23
   3.5885747e+03   1.4232527e-23
   3.5968500e+03   1.4263951e-23
   3.6051443e+03   1.4295451e-23
   3.6134578e+03   1.4327026e-23
   3.6217905e+03   1.4358677e-23
   3.6301424e+03   1.4390405e-23
   3.6385135e+03   1.4422209e-23
   3.6469039e+03   1.4454089e-23
   3.6553137e+03   1.4486046e-23
   3.6637429e+03   1.4518080e-23
   3.6721915e+03   1.4550191e-23
   3.6806596e+03   1.4582379e-23
   3.6891472e+03   1.4614645e-23
   3.6976544e+03   1.4646988e-23
   3.7061813e+03   1.4679409e-23
   3.7147277e+03   1.4711907e-23
   3.7232939e+03   1.4744484e-23
   3.7318799e+03   1.4777139e-23
   3.7404856e+03   1.4809872e-23
   3.7491112e+03   1.4842684e-23
   3.7577567e+03   1.4875574e-23
   3.7664221e+03   1.4908544e-23
   3.7751075e+03   1.4941592e-23
   3.7838129e+03   1.4974720e-23
   3.7925384e+03   1.5007928e-23
   3.8012841e+03   1.5041214e-23
   3.8100498e+03   1.5074581e-23
   3.8188359e+03   1.5108028e-23
   3.8276421e+03   1.5141555e-23
   3.8364687e+03   1.5175163e-23
   3.8453156e+03   1.5208857e-23
   3.8541829e+03   1.5242618e-23
   3.8630707e+03   1.5276467e-23
   3.8719790e+03   1.5310397e-23
   3.8809078e+03   1.5344408e-23
   3.8898572e+03   1.5378501e-23
   3.8988272e+03   1.5412676e-23
   3.9078180e+03   1.5446932e-23
   3.9168294e+03   1.5481270e-23
   3.9258617e+03   1.5515690e-23
   3.9349147e+03   1.5550193e-23
   3.9439887e+03   1.5584778e-23
   3.9530835e+03   1.5619446e-23
   3.9621994e+03   1.5654197e-23
   3.9713362e+03   1.5689030e-23
   3.9804942e+03   1.5723947e-23
   3.9896732e+03   1.5758948e-23
   3.9988734e+03   1.5794032e-23
   4.0080949e+03   1.5829199e-23
   4.0173376e+03   1.5864451e-23
   4.0266016e+03   1.5899787e-23
   4.0358870e+03   1.5935207e-23
   4.0451937e+03   1.5970712e-23
   4.0545220e+03   1.6006302e-23
   4.0638718e+03   1.6041976e-23
   4.0732431e+03   1.6077736e-23
   4.0826360e+03   1.6113581e-23
   4.0920506e+03   1.6149511e-23
   4.1014869e+03   1.6185527e-23
   4.1109450e+03   1.6221629e-23
   4.1204248e+03   1.6257817e-23
   4.1299266e+03   1.6294092e-23
   4.1394502e+03   1.6330452e-23
   4.1489958e+03   1.6366900e-23
   4.1585634e+03   1.6403434e-23
   4.1681531e+03   1.6440055e-23
   4.1777649e+03   1.6476764e-23
   4.1873988e+03   1.6513560e-23
   4.1970550e+03   1.6550443e-23
   4.2067335e+03   1.6587414e-23
   4.2164342e+03   1.6624474e-23
   4.2261574e+03   1.6661621e-23
   4.2359029e+03   1.6698857e-23
   4.2456709e+03   1.6736182e-23
   4.2554615e+03   1.6773595e-23
   4.2652746e+03   1.6811098e-23
   4.2751104e+03   1.6848689e-23
   4.2849688e+03   1.6886370e-23
   4.2948500e+03   1.6924141e-23
   4.3047539e+03   1.6962001e-23
   4.3146807e+03   1.6999952e-23
   4.3246304e+03   1.7038010e-23
   4.3346030e+03   1.7076123e-23
   4.3445987e+03   1.7114344e-23
   4.3546173e+03   1.7152657e-23
   4.3646591e+03   1.7191060e-23
   4.3747241e+03   1.7229555e-23
   4.3848122e+03   1.7268141e-23
   4.3949236e+03   1.7306818e-23
   4.4050583e+03   1.7345588e-23
   4.4152164e+03   1.7384449e-23
   4.4253980e+03   1.7423403e-23
   4.4356030e+03   1.7462449e-23
   4.4458315e+03   1.7501588e-23
   4.4560836e+03   1.7540820e-23
   4.4663594e+03   1.7580145e-23
   4.4766588e+03   1.7619563e-23
   4.4869821e+03   1.7659074e-23
   4.4973291e+03   1.7698680e-23
   4.5076999e+03   1.7738379e-23
   4.5180947e+03   1.7778172e-23
   4.5285135e+03   1.7818060e-23
   4.5389563e+03   1.7858042e-23
   4.5494231e+03   1.7898119e-23
   4.5599142e+03   1.7938291e-23
   4.5704294e+03   1.7978558e-23
   4.5809688e+03   1.8018920e-23
   4.5915325e+03   1.8059379e-23
   4.6021207e+03   1.8099933e-23
   4.6127332e+03   1.8140582e-23
   4.6233702e+03   1.8181329e-23
   4.6340317e+03   1.8222171e-23
   4.6447178e+03   1.8263111e-23
   4.6554286e+03   1.8304147e-23
   4.6661640e+03   1.8345281e-23
   4.6769242e+03   1.8386511e-23
   4.6877093e+03   1.8427840e-23
   4.6985192e+03   1.8469266e-23
   4.7093540e+03   1.8510790e-23
   4.7202138e+03   1.8552412e-23
   4.7310986e+03   1.8594133e-23
   4.7420086e+03   1.8635952e-23
   4.7529437e+03   1.8677871e-23
   4.7639040e+03   1.8719888e-23
   4.7748896e+03   1.8762005e-23
   4.7859005e+03   1.8804221e-23
   4.7969369e+03   1.8846538e-23
   4.8079986e+03   1.8888954e-23
   4.8190859e+03   1.8931470e-23
   4.8301988e+03   1.8974087e-23
   4.8413372e+03   1.9016804e-23
   4.8525014e+03   1.9059623e-23
   4.8636913e+03   1.9102542e-23
   4.8749070e+03   1.9145563e-23
   4.8861486e+03   1.9188686e-23
   4.8974161e+03   1.9231910e-23
   4.9087096e+03   1.9275236e-23
   4.9200291e+03   1.9318665e-23
   4.9313747e+03   1.9362196e-23
   4.9427465e+03   1.9405830e-23
   4.9541445e+03   1.9449567e-23
   4.9655688e+03   1.9493407e-23
   4.9770194e+03   1.9537350e-23
   4.9884965e+03   1.9581398e-23
   5.0000000e+03   1.9625549e-23
