   5.0000000e+00   2.7128933e-40
   5.0115300e+00   2.5770046e-40
   5.0230867e+00   2.4484558e-40
   5.0346699e+00   2.3269294e-40
   5.0462799e+00   2.2121615e-40
   5.0579167e+00   2.1038232e-40
   5.0695803e+00   2.0001926e-40
   5.0812708e+00   1.8939892e-40
   5.0929882e+00   1.7888271e-40
   5.1047327e+00   1.6991606e-40
   5.1165042e+00   1.6169463e-40
   5.1283029e+00   1.5386281e-40
   5.1401288e+00   1.4639383e-40
   5.1519820e+00   1.3928103e-40
   5.1638625e+00   1.3251457e-40
   5.1757704e+00   1.2608184e-40
   5.1877058e+00   1.1996873e-40
   5.1996687e+00   1.1416055e-40
   5.2116592e+00   1.0864264e-40
   5.2236773e+00   1.0340070e-40
   5.2357231e+00   9.8420879e-41
   5.2477968e+00   9.3689926e-41
   5.2598982e+00   8.9195157e-41
   5.2720276e+00   8.4924492e-41
   5.2841849e+00   8.0866443e-41
   5.2963703e+00   7.7010103e-41
   5.3085838e+00   7.3345119e-41
   5.3208254e+00   6.9861676e-41
   5.3330953e+00   6.6550465e-41
   5.3453934e+00   6.3402669e-41
   5.3577199e+00   6.0409928e-41
   5.3700749e+00   5.7564324e-41
   5.3824583e+00   5.4858354e-41
   5.3948703e+00   5.2284910e-41
   5.4073109e+00   4.9837259e-41
   5.4197802e+00   4.7509018e-41
   5.4322783e+00   4.5294143e-41
   5.4448051e+00   4.3186904e-41
   5.4573609e+00   4.1181874e-41
   5.4699456e+00   3.9273905e-41
   5.4825594e+00   3.7458122e-41
   5.4952022e+00   3.5729903e-41
   5.5078742e+00   3.4084865e-41
   5.5205754e+00   3.2518854e-41
   5.5333058e+00   3.1027929e-41
   5.5460657e+00   2.9608357e-41
   5.5588550e+00   2.8256593e-41
   5.5716737e+00   2.6969277e-41
   5.5845220e+00   2.5743222e-41
   5.5974000e+00   2.4575404e-41
   5.6103076e+00   2.3462953e-41
   5.6232451e+00   2.2403148e-41
   5.6362123e+00   2.1393404e-41
   5.6492094e+00   2.0431269e-41
   5.6622366e+00   1.9514416e-41
   5.6752937e+00   1.8640635e-41
   5.6883810e+00   1.7807828e-41
   5.7014985e+00   1.7014004e-41
   5.7146461e+00   1.6257271e-41
   5.7278242e+00   1.5535832e-41
   5.7410326e+00   1.4847981e-41
   5.7542714e+00   1.4192099e-41
   5.7675408e+00   1.3566644e-41
   5.7808408e+00   1.2970154e-41
   5.7941715e+00   1.2401239e-41
   5.8075329e+00   1.1858578e-41
   5.8209251e+00   1.1340916e-41
   5.8343482e+00   1.0847060e-41
   5.8478023e+00   1.0375874e-41
   5.8612873e+00   9.9262818e-42
   5.8748035e+00   9.4972569e-42
   5.8883508e+00   9.0878247e-42
   5.9019294e+00   8.6970582e-42
   5.9155393e+00   8.3240758e-42
   5.9291806e+00   7.9680387e-42
   5.9428533e+00   7.6281494e-42
   5.9565576e+00   7.3036491e-42
   5.9702935e+00   6.9938157e-42
   5.9840610e+00   6.6979623e-42
   5.9978603e+00   6.4154352e-42
   6.0116914e+00   6.1456123e-42
   6.0255544e+00   5.8879016e-42
   6.0394494e+00   5.6417394e-42
   6.0533764e+00   5.4065894e-42
   6.0673355e+00   5.1819408e-42
   6.0813269e+00   4.9673073e-42
   6.0953505e+00   4.7622261e-42
   6.1094064e+00   4.5662562e-42
   6.1234947e+00   4.3789777e-42
   6.1376155e+00   4.1999908e-42
   6.1517689e+00   4.0289146e-42
   6.1659550e+00   3.8653863e-42
   6.1801737e+00   3.7090601e-42
   6.1944252e+00   3.5596070e-42
   6.2087096e+00   3.4167130e-42
   6.2230269e+00   3.2800791e-42
   6.2373773e+00   3.1494207e-42
   6.2517607e+00   3.0244659e-42
   6.2661773e+00   2.9049562e-42
   6.2806272e+00   2.7906447e-42
   6.2951104e+00   2.6812965e-42
   6.3096269e+00   2.5766872e-42
   6.3241770e+00   2.4766032e-42
   6.3387606e+00   2.3808407e-42
   6.3533778e+00   2.2892054e-42
   6.3680288e+00   2.2015120e-42
   6.3827135e+00   2.1175838e-42
   6.3974321e+00   2.0372523e-42
   6.4121846e+00   1.9603567e-42
   6.4269711e+00   1.8867436e-42
   6.4417918e+00   1.8162669e-42
   6.4566466e+00   1.7487869e-42
   6.4715357e+00   1.6841706e-42
   6.4864591e+00   1.6222908e-42
   6.5014169e+00   1.5630264e-42
   6.5164092e+00   1.5062617e-42
   6.5314361e+00   1.4518863e-42
   6.5464977e+00   1.3997948e-42
   6.5615939e+00   1.3498867e-42
   6.5767250e+00   1.3020661e-42
   6.5918910e+00   1.2562412e-42
   6.6070920e+00   1.2123246e-42
   6.6223280e+00   1.1702329e-42
   6.6375991e+00   1.1298862e-42
   6.6529055e+00   1.0912085e-42
   6.6682471e+00   1.0541271e-42
   6.6836241e+00   1.0185726e-42
   6.6990366e+00   9.8447865e-43
   6.7144846e+00   9.5178198e-43
   6.7299683e+00   9.2042213e-43
   6.7454877e+00   8.9034135e-43
   6.7610428e+00   8.6148449e-43
   6.7766338e+00   8.3379886e-43
   6.7922608e+00   8.0723412e-43
   6.8079238e+00   7.8174218e-43
   6.8236229e+00   7.5727711e-43
   6.8393582e+00   7.3379501e-43
   6.8551299e+00   7.1125396e-43
   6.8709378e+00   6.8961386e-43
   6.8867823e+00   6.6883645e-43
   6.9026632e+00   6.4888512e-43
   6.9185808e+00   6.2972491e-43
   6.9345351e+00   6.1132241e-43
   6.9505262e+00   5.9364567e-43
   6.9665542e+00   5.7666419e-43
   6.9826191e+00   5.6034879e-43
   6.9987211e+00   5.4467158e-43
   7.0148602e+00   5.2960592e-43
   7.0310365e+00   5.1512634e-43
   7.0472502e+00   5.0120849e-43
   7.0635012e+00   4.8782909e-43
   7.0797897e+00   4.7496591e-43
   7.0961157e+00   4.6259768e-43
   7.1124794e+00   4.5070408e-43
   7.1288808e+00   4.3926567e-43
   7.1453201e+00   4.2826389e-43
   7.1617972e+00   4.1768098e-43
   7.1783124e+00   4.0749999e-43
   7.1948656e+00   3.9770469e-43
   7.2114571e+00   3.8827959e-43
   7.2280867e+00   3.7920987e-43
   7.2447548e+00   3.7048140e-43
   7.2614612e+00   3.6208063e-43
   7.2782062e+00   3.5399465e-43
   7.2949898e+00   3.4621112e-43
   7.3118121e+00   3.3871824e-43
   7.3286732e+00   3.3150475e-43
   7.3455732e+00   3.2455990e-43
   7.3625121e+00   3.1787342e-43
   7.3794901e+00   3.1143552e-43
   7.3965073e+00   3.0523684e-43
   7.4135637e+00   2.9926846e-43
   7.4306594e+00   2.9352187e-43
   7.4477946e+00   2.8798897e-43
   7.4649693e+00   2.8266203e-43
   7.4821835e+00   2.7753370e-43
   7.4994375e+00   2.7259696e-43
   7.5167313e+00   2.6784516e-43
   7.5340649e+00   2.6327198e-43
   7.5514385e+00   2.5887139e-43
   7.5688522e+00   2.5463769e-43
   7.5863060e+00   2.5056549e-43
   7.6038001e+00   2.4664967e-43
   7.6213345e+00   2.4288541e-43
   7.6389094e+00   2.3926813e-43
   7.6565248e+00   2.3579357e-43
   7.6741808e+00   2.3245770e-43
   7.6918775e+00   2.2925674e-43
   7.7096150e+00   2.2618719e-43
   7.7273934e+00   2.2324578e-43
   7.7452129e+00   2.2042950e-43
   7.7630734e+00   2.1773557e-43
   7.7809751e+00   2.1516147e-43
   7.7989181e+00   2.1270490e-43
   7.8169025e+00   2.1036384e-43
   7.8349283e+00   2.0813648e-43
   7.8529957e+00   2.0602130e-43
   7.8711048e+00   2.0401701e-43
   7.8892556e+00   2.0212258e-43
   7.9074483e+00   2.0033727e-43
   7.9256829e+00   1.9866060e-43
   7.9439596e+00   1.9709239e-43
   7.9622784e+00   1.9563275e-43
   7.9806395e+00   1.9428214e-43
   7.9990429e+00   1.9304134e-43
   8.0174888e+00   1.9191148e-43
   8.0359772e+00   1.9089410e-43
   8.0545082e+00   1.8999114e-43
   8.0730819e+00   1.8920498e-43
   8.0916985e+00   1.8853852e-43
   8.1103581e+00   1.8799515e-43
   8.1290606e+00   1.8757888e-43
   8.1478063e+00   1.8729435e-43
   8.1665952e+00   1.8714692e-43
   8.1854274e+00   1.8714273e-43
   8.2043031e+00   1.8728882e-43
   8.2232223e+00   1.8759322e-43
   8.2421851e+00   1.8806509e-43
   8.2611916e+00   1.8871485e-43
   8.2802420e+00   1.8955437e-43
   8.2993363e+00   1.9059717e-43
   8.3184746e+00   1.9185866e-43
   8.3376571e+00   1.9335642e-43
   8.3568838e+00   1.9511055e-43
   8.3761548e+00   1.9714408e-43
   8.3954703e+00   1.9948342e-43
   8.4148303e+00   2.0215902e-43
   8.4342350e+00   2.0520602e-43
   8.4536844e+00   2.0866513e-43
   8.4731786e+00   2.1258375e-43
   8.4927179e+00   2.1701723e-43
   8.5123021e+00   2.2203052e-43
   8.5319316e+00   2.2770025e-43
   8.5516063e+00   2.3411728e-43
   8.5713263e+00   2.4139001e-43
   8.5910919e+00   2.4964858e-43
   8.6109030e+00   2.5905033e-43
   8.6307598e+00   2.6978694e-43
   8.6506624e+00   2.8209387e-43
   8.6706109e+00   2.9626274e-43
   8.6906054e+00   3.1265928e-43
   8.7106460e+00   3.3174564e-43
   8.7307328e+00   3.5411412e-43
   8.7508660e+00   3.8053360e-43
   8.7710455e+00   4.1201717e-43
   8.7912716e+00   4.4992226e-43
   8.8115444e+00   4.9610223e-43
   8.8318638e+00   5.5314249e-43
   8.8522302e+00   6.2473959e-43
   8.8726435e+00   7.1633190e-43
   8.8931039e+00   8.3619315e-43
   8.9136114e+00   9.9742319e-43
   8.9341663e+00   1.2217905e-42
   8.9547686e+00   1.5476984e-42
   8.9754183e+00   2.0482484e-42
   8.9961157e+00   2.8772446e-42
   9.0168608e+00   4.4063348e-42
   9.0376538e+00   7.7388023e-42
   9.0584947e+00   1.7503148e-41
   9.0793836e+00   7.5145643e-41
   9.1003208e+00   8.0894779e-39
   9.1213062e+00   5.1162226e-41
   9.1423400e+00   1.3746306e-41
   9.1634223e+00   6.2845007e-42
   9.1845532e+00   3.6590335e-42
   9.2057328e+00   2.5313391e-42
   9.2269613e+00   2.1979493e-42
   9.2482388e+00   3.5950783e-42
   9.2695653e+00   1.5362238e-39
   9.2909410e+00   3.1084381e-42
   9.3123660e+00   1.1368852e-42
   9.3338403e+00   7.1212834e-43
   9.3553642e+00   5.2785316e-43
   9.3769378e+00   4.2146615e-43
   9.3985611e+00   3.5065578e-43
   9.4202342e+00   2.9959299e-43
   9.4419574e+00   2.6088309e-43
   9.4637306e+00   2.3052334e-43
   9.4855540e+00   2.0611583e-43
   9.5074278e+00   1.8611648e-43
   9.5293520e+00   1.6947688e-43
   9.5513267e+00   1.5545603e-43
   9.5733522e+00   1.4351367e-43
   9.5954284e+00   1.3324588e-43
   9.6175555e+00   1.2434450e-43
   9.6397337e+00   1.1657036e-43
   9.6619630e+00   1.0973514e-43
   9.6842435e+00   1.0368864e-43
   9.7065755e+00   9.8309791e-44
   9.7289589e+00   9.3499980e-44
   9.7513940e+00   8.9178228e-44
   9.7738808e+00   8.5277492e-44
   9.7964194e+00   8.1741867e-44
   9.8190100e+00   7.8524427e-44
   9.8416527e+00   7.5585546e-44
   9.8643477e+00   7.2891578e-44
   9.8870949e+00   7.0413799e-44
   9.9098946e+00   6.8127574e-44
   9.9327469e+00   6.6011680e-44
   9.9556519e+00   6.4047751e-44
   9.9786097e+00   6.2219834e-44
   1.0001620e+01   6.0514110e-44
   1.0024684e+01   5.8918896e-44
   1.0047801e+01   5.7422201e-44
   1.0070972e+01   5.6015058e-44
   1.0094195e+01   5.4689484e-44
   1.0117473e+01   5.3438288e-44
   1.0140804e+01   5.2254814e-44
   1.0164188e+01   5.1133161e-44
   1.0187627e+01   5.0068069e-44
   1.0211120e+01   4.9054856e-44
   1.0234667e+01   4.8089446e-44
   1.0258268e+01   4.7168070e-44
   1.0281924e+01   4.6287310e-44
   1.0305634e+01   4.5444084e-44
   1.0329399e+01   4.4635685e-44
   1.0353218e+01   4.3859619e-44
   1.0377093e+01   4.3113590e-44
   1.0401023e+01   4.2395515e-44
   1.0425007e+01   4.1703534e-44
   1.0449048e+01   4.1035947e-44
   1.0473143e+01   4.0391172e-44
   1.0497294e+01   3.9767759e-44
   1.0521501e+01   3.9164401e-44
   1.0545764e+01   3.8579905e-44
   1.0570082e+01   3.8013154e-44
   1.0594457e+01   3.7463116e-44
   1.0618888e+01   3.6928851e-44
   1.0643375e+01   3.6409503e-44
   1.0667919e+01   3.5904263e-44
   1.0692519e+01   3.5412383e-44
   1.0717176e+01   3.4933173e-44
   1.0741890e+01   3.4466006e-44
   1.0766661e+01   3.4010284e-44
   1.0791489e+01   3.3565452e-44
   1.0816374e+01   3.3130998e-44
   1.0841317e+01   3.2706450e-44
   1.0866317e+01   3.2291361e-44
   1.0891375e+01   3.1885311e-44
   1.0916491e+01   3.1487912e-44
   1.0941664e+01   3.1098803e-44
   1.0966896e+01   3.0717644e-44
   1.0992185e+01   3.0344113e-44
   1.1017533e+01   2.9977910e-44
   1.1042940e+01   2.9618756e-44
   1.1068405e+01   2.9266386e-44
   1.1093929e+01   2.8920549e-44
   1.1119512e+01   2.8581012e-44
   1.1145153e+01   2.8247554e-44
   1.1170854e+01   2.7919967e-44
   1.1196614e+01   2.7598052e-44
   1.1222434e+01   2.7281623e-44
   1.1248313e+01   2.6970504e-44
   1.1274251e+01   2.6664529e-44
   1.1300250e+01   2.6363538e-44
   1.1326308e+01   2.6067382e-44
   1.1352427e+01   2.5775918e-44
   1.1378606e+01   2.5489011e-44
   1.1404845e+01   2.5206531e-44
   1.1431144e+01   2.4928356e-44
   1.1457505e+01   2.4654368e-44
   1.1483926e+01   2.4384458e-44
   1.1510408e+01   2.4118517e-44
   1.1536951e+01   2.3856444e-44
   1.1563555e+01   2.3598144e-44
   1.1590221e+01   2.3343522e-44
   1.1616948e+01   2.3092489e-44
   1.1643737e+01   2.2844961e-44
   1.1670587e+01   2.2600856e-44
   1.1697500e+01   2.2360095e-44
   1.1724474e+01   2.2122604e-44
   1.1751511e+01   2.1888310e-44
   1.1778610e+01   2.1657144e-44
   1.1805772e+01   2.1429039e-44
   1.1832996e+01   2.1203930e-44
   1.1860283e+01   2.0981756e-44
   1.1887633e+01   2.0762457e-44
   1.1915046e+01   2.0545975e-44
   1.1942522e+01   2.0332255e-44
   1.1970061e+01   2.0121243e-44
   1.1997664e+01   1.9912887e-44
   1.2025331e+01   1.9707136e-44
   1.2053062e+01   1.9503943e-44
   1.2080856e+01   1.9303261e-44
   1.2108715e+01   1.9105043e-44
   1.2136637e+01   1.8909245e-44
   1.2164625e+01   1.8715825e-44
   1.2192676e+01   1.8524742e-44
   1.2220793e+01   1.8335954e-44
   1.2248974e+01   1.8149423e-44
   1.2277220e+01   1.7965111e-44
   1.2305532e+01   1.7782980e-44
   1.2333908e+01   1.7602995e-44
   1.2362350e+01   1.7425121e-44
   1.2390858e+01   1.7249324e-44
   1.2419431e+01   1.7075569e-44
   1.2448071e+01   1.6903826e-44
   1.2476776e+01   1.6734063e-44
   1.2505548e+01   1.6566248e-44
   1.2534386e+01   1.6400353e-44
   1.2563290e+01   1.6236347e-44
   1.2592261e+01   1.6074202e-44
   1.2621299e+01   1.5913890e-44
   1.2650404e+01   1.5755385e-44
   1.2679576e+01   1.5598659e-44
   1.2708815e+01   1.5443687e-44
   1.2738121e+01   1.5290442e-44
   1.2767496e+01   1.5138901e-44
   1.2796938e+01   1.4989039e-44
   1.2826447e+01   1.4840832e-44
   1.2856025e+01   1.4694257e-44
   1.2885671e+01   1.4549291e-44
   1.2915386e+01   1.4405911e-44
   1.2945169e+01   1.4264097e-44
   1.2975020e+01   1.4123826e-44
   1.3004941e+01   1.3985077e-44
   1.3034930e+01   1.3847831e-44
   1.3064989e+01   1.3712066e-44
   1.3095117e+01   1.3577763e-44
   1.3125314e+01   1.3444903e-44
   1.3155582e+01   1.3313466e-44
   1.3185918e+01   1.3183434e-44
   1.3216325e+01   1.3054788e-44
   1.3246802e+01   1.2927511e-44
   1.3277349e+01   1.2801585e-44
   1.3307967e+01   1.2676992e-44
   1.3338655e+01   1.2553716e-44
   1.3369414e+01   1.2431739e-44
   1.3400244e+01   1.2311046e-44
   1.3431145e+01   1.2191620e-44
   1.3462118e+01   1.2073445e-44
   1.3493162e+01   1.1956506e-44
   1.3524277e+01   1.1840788e-44
   1.3555464e+01   1.1726274e-44
   1.3586723e+01   1.1612951e-44
   1.3618054e+01   1.1500804e-44
   1.3649457e+01   1.1389818e-44
   1.3680933e+01   1.1279980e-44
   1.3712481e+01   1.1171275e-44
   1.3744103e+01   1.1063690e-44
   1.3775797e+01   1.0957212e-44
   1.3807564e+01   1.0851827e-44
   1.3839404e+01   1.0747522e-44
   1.3871318e+01   1.0644284e-44
   1.3903305e+01   1.0542102e-44
   1.3935366e+01   1.0440962e-44
   1.3967501e+01   1.0340852e-44
   1.3999710e+01   1.0241760e-44
   1.4031994e+01   1.0143674e-44
   1.4064352e+01   1.0046583e-44
   1.4096784e+01   9.9504753e-45
   1.4129292e+01   9.8553392e-45
   1.4161874e+01   9.7611638e-45
   1.4194531e+01   9.6679380e-45
   1.4227264e+01   9.5756510e-45
   1.4260072e+01   9.4842922e-45
   1.4292956e+01   9.3938509e-45
   1.4325916e+01   9.3043169e-45
   1.4358951e+01   9.2156798e-45
   1.4392063e+01   9.1279297e-45
   1.4425251e+01   9.0410565e-45
   1.4458516e+01   8.9550505e-45
   1.4491858e+01   8.8699021e-45
   1.4525276e+01   8.7856016e-45
   1.4558771e+01   8.7021397e-45
   1.4592344e+01   8.6195072e-45
   1.4625994e+01   8.5376948e-45
   1.4659722e+01   8.4566936e-45
   1.4693527e+01   8.3764947e-45
   1.4727410e+01   8.2970892e-45
   1.4761372e+01   8.2184687e-45
   1.4795412e+01   8.1406244e-45
   1.4829530e+01   8.0635480e-45
   1.4863727e+01   7.9872312e-45
   1.4898003e+01   7.9116658e-45
   1.4932358e+01   7.8368436e-45
   1.4966792e+01   7.7627566e-45
   1.5001306e+01   7.6893971e-45
   1.5035899e+01   7.6167571e-45
   1.5070572e+01   7.5448291e-45
   1.5105324e+01   7.4736054e-45
   1.5140157e+01   7.4030785e-45
   1.5175071e+01   7.3332410e-45
   1.5210065e+01   7.2640856e-45
   1.5245139e+01   7.1956052e-45
   1.5280295e+01   7.1277925e-45
   1.5315531e+01   7.0606406e-45
   1.5350849e+01   6.9941426e-45
   1.5386248e+01   6.9282915e-45
   1.5421729e+01   6.8630805e-45
   1.5457291e+01   6.7985031e-45
   1.5492936e+01   6.7345525e-45
   1.5528663e+01   6.6712224e-45
   1.5564472e+01   6.6085061e-45
   1.5600364e+01   6.5463973e-45
   1.5636338e+01   6.4848898e-45
   1.5672396e+01   6.4239773e-45
   1.5708537e+01   6.3636537e-45
   1.5744761e+01   6.3039130e-45
   1.5781068e+01   6.2447490e-45
   1.5817459e+01   6.1861559e-45
   1.5853935e+01   6.1281279e-45
   1.5890494e+01   6.0706591e-45
   1.5927137e+01   6.0137438e-45
   1.5963866e+01   5.9573763e-45
   1.6000678e+01   5.9015512e-45
   1.6037576e+01   5.8462628e-45
   1.6074559e+01   5.7915057e-45
   1.6111627e+01   5.7372746e-45
   1.6148780e+01   5.6835640e-45
   1.6186020e+01   5.6303686e-45
   1.6223345e+01   5.5776834e-45
   1.6260756e+01   5.5255031e-45
   1.6298253e+01   5.4738227e-45
   1.6335837e+01   5.4226370e-45
   1.6373508e+01   5.3719412e-45
   1.6411265e+01   5.3217302e-45
   1.6449110e+01   5.2719993e-45
   1.6487041e+01   5.2227437e-45
   1.6525061e+01   5.1739584e-45
   1.6563168e+01   5.1256390e-45
   1.6601362e+01   5.0777806e-45
   1.6639645e+01   5.0303787e-45
   1.6678016e+01   4.9834288e-45
   1.6716476e+01   4.9369263e-45
   1.6755024e+01   4.8908668e-45
   1.6793662e+01   4.8452459e-45
   1.6832388e+01   4.8000592e-45
   1.6871203e+01   4.7553024e-45
   1.6910109e+01   4.7109713e-45
   1.6949103e+01   4.6670617e-45
   1.6988188e+01   4.6235693e-45
   1.7027363e+01   4.5804901e-45
   1.7066628e+01   4.5378200e-45
   1.7105984e+01   4.4955549e-45
   1.7145431e+01   4.4536909e-45
   1.7184968e+01   4.4122240e-45
   1.7224597e+01   4.3711502e-45
   1.7264317e+01   4.3304659e-45
   1.7304128e+01   4.2901670e-45
   1.7344032e+01   4.2502499e-45
   1.7384027e+01   4.2107107e-45
   1.7424115e+01   4.1715459e-45
   1.7464295e+01   4.1327516e-45
   1.7504568e+01   4.0943244e-45
   1.7544934e+01   4.0562606e-45
   1.7585392e+01   4.0185566e-45
   1.7625945e+01   3.9812090e-45
   1.7666590e+01   3.9442143e-45
   1.7707329e+01   3.9075690e-45
   1.7748163e+01   3.8712698e-45
   1.7789090e+01   3.8353132e-45
   1.7830112e+01   3.7996959e-45
   1.7871228e+01   3.7644147e-45
   1.7912439e+01   3.7294663e-45
   1.7953746e+01   3.6948474e-45
   1.7995147e+01   3.6605549e-45
   1.8036644e+01   3.6265856e-45
   1.8078237e+01   3.5929363e-45
   1.8119925e+01   3.5596040e-45
   1.8161710e+01   3.5265856e-45
   1.8203591e+01   3.4938781e-45
   1.8245569e+01   3.4614784e-45
   1.8287643e+01   3.4293836e-45
   1.8329814e+01   3.3975907e-45
   1.8372083e+01   3.3660969e-45
   1.8414449e+01   3.3348992e-45
   1.8456913e+01   3.3039949e-45
   1.8499475e+01   3.2733810e-45
   1.8542135e+01   3.2430548e-45
   1.8584893e+01   3.2130135e-45
   1.8627750e+01   3.1832543e-45
   1.8670706e+01   3.1537747e-45
   1.8713761e+01   3.1245718e-45
   1.8756915e+01   3.0956430e-45
   1.8800168e+01   3.0669857e-45
   1.8843522e+01   3.0385973e-45
   1.8886975e+01   3.0104752e-45
   1.8930528e+01   2.9826169e-45
   1.8974182e+01   2.9550198e-45
   1.9017937e+01   2.9276815e-45
   1.9061792e+01   2.9005994e-45
   1.9105749e+01   2.8737711e-45
   1.9149807e+01   2.8471942e-45
   1.9193967e+01   2.8208662e-45
   1.9238228e+01   2.7947849e-45
   1.9282592e+01   2.7689478e-45
   1.9327057e+01   2.7433526e-45
   1.9371626e+01   2.7179971e-45
   1.9416297e+01   2.6928788e-45
   1.9461071e+01   2.6679957e-45
   1.9505948e+01   2.6433453e-45
   1.9550929e+01   2.6189256e-45
   1.9596014e+01   2.5947342e-45
   1.9641202e+01   2.5707691e-45
   1.9686495e+01   2.5470281e-45
   1.9731892e+01   2.5235090e-45
   1.9777394e+01   2.5002098e-45
   1.9823001e+01   2.4771284e-45
   1.9868713e+01   2.4542626e-45
   1.9914530e+01   2.4316104e-45
   1.9960454e+01   2.4091699e-45
   2.0006482e+01   2.3869389e-45
   2.0052618e+01   2.3649156e-45
   2.0098859e+01   2.3430979e-45
   2.0145207e+01   2.3214839e-45
   2.0191662e+01   2.3000717e-45
   2.0238224e+01   2.2788593e-45
   2.0284894e+01   2.2578449e-45
   2.0331671e+01   2.2370266e-45
   2.0378556e+01   2.2164025e-45
   2.0425549e+01   2.1959708e-45
   2.0472650e+01   2.1757296e-45
   2.0519861e+01   2.1556772e-45
   2.0567180e+01   2.1358118e-45
   2.0614608e+01   2.1161317e-45
   2.0662145e+01   2.0966349e-45
   2.0709792e+01   2.0773200e-45
   2.0757549e+01   2.0581850e-45
   2.0805416e+01   2.0392283e-45
   2.0853394e+01   2.0204483e-45
   2.0901482e+01   2.0018433e-45
   2.0949681e+01   1.9834115e-45
   2.0997991e+01   1.9651515e-45
   2.1046412e+01   1.9470615e-45
   2.1094945e+01   1.9291399e-45
   2.1143591e+01   1.9113853e-45
   2.1192348e+01   1.8937959e-45
   2.1241218e+01   1.8763703e-45
   2.1290200e+01   1.8591069e-45
   2.1339295e+01   1.8420041e-45
   2.1388504e+01   1.8250605e-45
   2.1437826e+01   1.8082746e-45
   2.1487262e+01   1.7916448e-45
   2.1536812e+01   1.7751698e-45
   2.1586476e+01   1.7588480e-45
   2.1636254e+01   1.7426780e-45
   2.1686148e+01   1.7266584e-45
   2.1736156e+01   1.7107878e-45
   2.1786280e+01   1.6950647e-45
   2.1836519e+01   1.6794879e-45
   2.1886874e+01   1.6640558e-45
   2.1937346e+01   1.6487672e-45
   2.1987933e+01   1.6336207e-45
   2.2038638e+01   1.6186150e-45
   2.2089459e+01   1.6037487e-45
   2.2140397e+01   1.5890206e-45
   2.2191453e+01   1.5744293e-45
   2.2242627e+01   1.5599736e-45
   2.2293919e+01   1.5456521e-45
   2.2345328e+01   1.5314637e-45
   2.2396857e+01   1.5174071e-45
   2.2448504e+01   1.5034811e-45
   2.2500271e+01   1.4896843e-45
   2.2552157e+01   1.4760157e-45
   2.2604162e+01   1.4624740e-45
   2.2656287e+01   1.4490580e-45
   2.2708533e+01   1.4357665e-45
   2.2760899e+01   1.4225984e-45
   2.2813386e+01   1.4095526e-45
   2.2865994e+01   1.3966278e-45
   2.2918723e+01   1.3838230e-45
   2.2971574e+01   1.3711370e-45
   2.3024546e+01   1.3585688e-45
   2.3077641e+01   1.3461171e-45
   2.3130858e+01   1.3337810e-45
   2.3184198e+01   1.3215593e-45
   2.3237661e+01   1.3094509e-45
   2.3291247e+01   1.2974549e-45
   2.3344957e+01   1.2855702e-45
   2.3398791e+01   1.2737956e-45
   2.3452748e+01   1.2621303e-45
   2.3506831e+01   1.2505731e-45
   2.3561038e+01   1.2391231e-45
   2.3615370e+01   1.2277793e-45
   2.3669827e+01   1.2165406e-45
   2.3724410e+01   1.2054061e-45
   2.3779118e+01   1.1943748e-45
   2.3833953e+01   1.1834458e-45
   2.3888914e+01   1.1726181e-45
   2.3944002e+01   1.1618907e-45
   2.3999217e+01   1.1512627e-45
   2.4054560e+01   1.1407332e-45
   2.4110030e+01   1.1303013e-45
   2.4165628e+01   1.1199661e-45
   2.4221354e+01   1.1097266e-45
   2.4277208e+01   1.0995819e-45
   2.4333192e+01   1.0895312e-45
   2.4389304e+01   1.0795737e-45
   2.4445546e+01   1.0697083e-45
   2.4501918e+01   1.0599344e-45
   2.4558420e+01   1.0502509e-45
   2.4615051e+01   1.0406572e-45
   2.4671814e+01   1.0311523e-45
   2.4728707e+01   1.0217354e-45
   2.4785732e+01   1.0124057e-45
   2.4842888e+01   1.0031623e-45
   2.4900176e+01   9.9400459e-46
   2.4957596e+01   9.8493162e-46
   2.5015148e+01   9.7594265e-46
   2.5072833e+01   9.6703688e-46
   2.5130652e+01   9.5821354e-46
   2.5188603e+01   9.4947188e-46
   2.5246688e+01   9.4081112e-46
   2.5304907e+01   9.3223051e-46
   2.5363261e+01   9.2372931e-46
   2.5421748e+01   9.1530678e-46
   2.5480371e+01   9.0696218e-46
   2.5539129e+01   8.9869479e-46
   2.5598023e+01   8.9050390e-46
   2.5657052e+01   8.8238879e-46
   2.5716217e+01   8.7434876e-46
   2.5775519e+01   8.6638310e-46
   2.5834957e+01   8.5849113e-46
   2.5894533e+01   8.5067216e-46
   2.5954246e+01   8.4292551e-46
   2.6014097e+01   8.3525051e-46
   2.6074085e+01   8.2764650e-46
   2.6134212e+01   8.2011281e-46
   2.6194478e+01   8.1264879e-46
   2.6254883e+01   8.0525379e-46
   2.6315427e+01   7.9792717e-46
   2.6376110e+01   7.9066830e-46
   2.6436934e+01   7.8347654e-46
   2.6497898e+01   7.7635128e-46
   2.6559002e+01   7.6929189e-46
   2.6620247e+01   7.6229776e-46
   2.6681634e+01   7.5536829e-46
   2.6743162e+01   7.4850288e-46
   2.6804832e+01   7.4170093e-46
   2.6866644e+01   7.3496185e-46
   2.6928599e+01   7.2828505e-46
   2.6990696e+01   7.2166997e-46
   2.7052937e+01   7.1511602e-46
   2.7115321e+01   7.0862264e-46
   2.7177849e+01   7.0218926e-46
   2.7240522e+01   6.9581534e-46
   2.7303338e+01   6.8950031e-46
   2.7366300e+01   6.8324363e-46
   2.7429407e+01   6.7704477e-46
   2.7492659e+01   6.7090317e-46
   2.7556058e+01   6.6481832e-46
   2.7619602e+01   6.5878968e-46
   2.7683293e+01   6.5281673e-46
   2.7747131e+01   6.4689896e-46
   2.7811116e+01   6.4103585e-46
   2.7875249e+01   6.3522690e-46
   2.7939529e+01   6.2947161e-46
   2.8003958e+01   6.2376947e-46
   2.8068536e+01   6.1812000e-46
   2.8133262e+01   6.1252270e-46
   2.8198137e+01   6.0697709e-46
   2.8263162e+01   6.0148270e-46
   2.8328338e+01   5.9603904e-46
   2.8393663e+01   5.9064565e-46
   2.8459139e+01   5.8530206e-46
   2.8524766e+01   5.8000781e-46
   2.8590544e+01   5.7476244e-46
   2.8656474e+01   5.6956550e-46
   2.8722556e+01   5.6441654e-46
   2.8788791e+01   5.5931511e-46
   2.8855178e+01   5.5426078e-46
   2.8921718e+01   5.4925310e-46
   2.8988412e+01   5.4429165e-46
   2.9055259e+01   5.3937600e-46
   2.9122261e+01   5.3450572e-46
   2.9189417e+01   5.2968039e-46
   2.9256728e+01   5.2489960e-46
   2.9324194e+01   5.2016292e-46
   2.9391816e+01   5.1546997e-46
   2.9459594e+01   5.1082032e-46
   2.9527528e+01   5.0621358e-46
   2.9595619e+01   5.0164934e-46
   2.9663866e+01   4.9712723e-46
   2.9732272e+01   4.9264684e-46
   2.9800834e+01   4.8820779e-46
   2.9869555e+01   4.8380969e-46
   2.9938435e+01   4.7945218e-46
   3.0007473e+01   4.7513486e-46
   3.0076670e+01   4.7085738e-46
   3.0146028e+01   4.6661935e-46
   3.0215544e+01   4.6242042e-46
   3.0285222e+01   4.5826022e-46
   3.0355060e+01   4.5413840e-46
   3.0425059e+01   4.5005459e-46
   3.0495219e+01   4.4600845e-46
   3.0565541e+01   4.4199963e-46
   3.0636026e+01   4.3802779e-46
   3.0706673e+01   4.3409257e-46
   3.0777482e+01   4.3019364e-46
   3.0848456e+01   4.2633067e-46
   3.0919592e+01   4.2250332e-46
   3.0990893e+01   4.1871126e-46
   3.1062358e+01   4.1495417e-46
   3.1133988e+01   4.1123172e-46
   3.1205784e+01   4.0754359e-46
   3.1277744e+01   4.0388947e-46
   3.1349871e+01   4.0026903e-46
   3.1422164e+01   3.9668197e-46
   3.1494624e+01   3.9312798e-46
   3.1567251e+01   3.8960676e-46
   3.1640045e+01   3.8611799e-46
   3.1713007e+01   3.8266138e-46
   3.1786138e+01   3.7923663e-46
   3.1859437e+01   3.7584345e-46
   3.1932905e+01   3.7248154e-46
   3.2006542e+01   3.6915062e-46
   3.2080350e+01   3.6585040e-46
   3.2154327e+01   3.6258059e-46
   3.2228475e+01   3.5934091e-46
   3.2302794e+01   3.5613109e-46
   3.2377285e+01   3.5295084e-46
   3.2451947e+01   3.4979990e-46
   3.2526782e+01   3.4667800e-46
   3.2601789e+01   3.4358485e-46
   3.2676969e+01   3.4052021e-46
   3.2752322e+01   3.3748380e-46
   3.2827849e+01   3.3447537e-46
   3.2903550e+01   3.3149465e-46
   3.2979426e+01   3.2854138e-46
   3.3055477e+01   3.2561533e-46
   3.3131703e+01   3.2271622e-46
   3.3208105e+01   3.1984382e-46
   3.3284683e+01   3.1699788e-46
   3.3361438e+01   3.1417815e-46
   3.3438370e+01   3.1138439e-46
   3.3515479e+01   3.0861636e-46
   3.3592766e+01   3.0587382e-46
   3.3670231e+01   3.0315653e-46
   3.3747875e+01   3.0046427e-46
   3.3825698e+01   2.9779680e-46
   3.3903700e+01   2.9515389e-46
   3.3981882e+01   2.9253532e-46
   3.4060245e+01   2.8994085e-46
   3.4138788e+01   2.8737028e-46
   3.4217512e+01   2.8482337e-46
   3.4296418e+01   2.8229990e-46
   3.4375506e+01   2.7979967e-46
   3.4454776e+01   2.7732245e-46
   3.4534229e+01   2.7486803e-46
   3.4613865e+01   2.7243621e-46
   3.4693685e+01   2.7002677e-46
   3.4773689e+01   2.6763950e-46
   3.4853877e+01   2.6527421e-46
   3.4934251e+01   2.6293068e-46
   3.5014809e+01   2.6060872e-46
   3.5095554e+01   2.5830813e-46
   3.5176484e+01   2.5602871e-46
   3.5257602e+01   2.5377026e-46
   3.5338906e+01   2.5153260e-46
   3.5420398e+01   2.4931552e-46
   3.5502077e+01   2.4711884e-46
   3.5583945e+01   2.4494236e-46
   3.5666002e+01   2.4278592e-46
   3.5748248e+01   2.4064930e-46
   3.5830684e+01   2.3853235e-46
   3.5913310e+01   2.3643486e-46
   3.5996126e+01   2.3435667e-46
   3.6079134e+01   2.3229759e-46
   3.6162332e+01   2.3025745e-46
   3.6245723e+01   2.2823608e-46
   3.6329306e+01   2.2623329e-46
   3.6413082e+01   2.2424892e-46
   3.6497050e+01   2.2228279e-46
   3.6581213e+01   2.2033475e-46
   3.6665569e+01   2.1840462e-46
   3.6750120e+01   2.1649223e-46
   3.6834867e+01   2.1459742e-46
   3.6919808e+01   2.1272004e-46
   3.7004945e+01   2.1085991e-46
   3.7090279e+01   2.0901688e-46
   3.7175810e+01   2.0719079e-46
   3.7261537e+01   2.0538149e-46
   3.7347463e+01   2.0358882e-46
   3.7433586e+01   2.0181262e-46
   3.7519908e+01   2.0005275e-46
   3.7606429e+01   1.9830905e-46
   3.7693150e+01   1.9658137e-46
   3.7780071e+01   1.9486956e-46
   3.7867192e+01   1.9317349e-46
   3.7954514e+01   1.9149300e-46
   3.8042037e+01   1.8982795e-46
   3.8129763e+01   1.8817819e-46
   3.8217690e+01   1.8654359e-46
   3.8305821e+01   1.8492400e-46
   3.8394154e+01   1.8331930e-46
   3.8482691e+01   1.8172933e-46
   3.8571433e+01   1.8015396e-46
   3.8660379e+01   1.7859306e-46
   3.8749530e+01   1.7704650e-46
   3.8838886e+01   1.7551413e-46
   3.8928449e+01   1.7399584e-46
   3.9018219e+01   1.7249149e-46
   3.9108195e+01   1.7100095e-46
   3.9198379e+01   1.6952409e-46
   3.9288770e+01   1.6806080e-46
   3.9379371e+01   1.6661093e-46
   3.9470180e+01   1.6517437e-46
   3.9561198e+01   1.6375100e-46
   3.9652427e+01   1.6234069e-46
   3.9743865e+01   1.6094333e-46
   3.9835515e+01   1.5955879e-46
   3.9927376e+01   1.5818695e-46
   4.0019449e+01   1.5682770e-46
   4.0111734e+01   1.5548093e-46
   4.0204232e+01   1.5414651e-46
   4.0296943e+01   1.5282433e-46
   4.0389868e+01   1.5151428e-46
   4.0483008e+01   1.5021624e-46
   4.0576362e+01   1.4893011e-46
   4.0669931e+01   1.4765578e-46
   4.0763716e+01   1.4639314e-46
   4.0857718e+01   1.4514207e-46
   4.0951936e+01   1.4390248e-46
   4.1046372e+01   1.4267425e-46
   4.1141025e+01   1.4145728e-46
   4.1235896e+01   1.4025147e-46
   4.1330987e+01   1.3905672e-46
   4.1426296e+01   1.3787291e-46
   4.1521826e+01   1.3669996e-46
   4.1617575e+01   1.3553776e-46
   4.1713546e+01   1.3438621e-46
   4.1809737e+01   1.3324521e-46
   4.1906151e+01   1.3211467e-46
   4.2002787e+01   1.3099448e-46
   4.2099646e+01   1.2988456e-46
   4.2196728e+01   1.2878481e-46
   4.2294034e+01   1.2769513e-46
   4.2391564e+01   1.2661543e-46
   4.2489319e+01   1.2554562e-46
   4.2587300e+01   1.2448561e-46
   4.2685507e+01   1.2343530e-46
   4.2783940e+01   1.2239462e-46
   4.2882600e+01   1.2136346e-46
   4.2981488e+01   1.2034175e-46
   4.3080603e+01   1.1932938e-46
   4.3179947e+01   1.1832629e-46
   4.3279521e+01   1.1733237e-46
   4.3379324e+01   1.1634755e-46
   4.3479357e+01   1.1537175e-46
   4.3579620e+01   1.1440487e-46
   4.3680115e+01   1.1344685e-46
   4.3780842e+01   1.1249758e-46
   4.3881801e+01   1.1155701e-46
   4.3982993e+01   1.1062503e-46
   4.4084418e+01   1.0970158e-46
   4.4186077e+01   1.0878658e-46
   4.4287970e+01   1.0787994e-46
   4.4390099e+01   1.0698160e-46
   4.4492463e+01   1.0609147e-46
   4.4595062e+01   1.0520948e-46
   4.4697899e+01   1.0433555e-46
   4.4800973e+01   1.0346960e-46
   4.4904284e+01   1.0261158e-46
   4.5007834e+01   1.0176140e-46
   4.5111622e+01   1.0091898e-46
   4.5215650e+01   1.0008426e-46
   4.5319918e+01   9.9257172e-47
   4.5424426e+01   9.8437638e-47
   4.5529175e+01   9.7625589e-47
   4.5634165e+01   9.6820958e-47
   4.5739398e+01   9.6023676e-47
   4.5844873e+01   9.5233674e-47
   4.5950592e+01   9.4450885e-47
   4.6056554e+01   9.3675244e-47
   4.6162761e+01   9.2906684e-47
   4.6269213e+01   9.2145139e-47
   4.6375910e+01   9.1390545e-47
   4.6482853e+01   9.0642837e-47
   4.6590043e+01   8.9901952e-47
   4.6697480e+01   8.9167828e-47
   4.6805165e+01   8.8440401e-47
   4.6913098e+01   8.7719609e-47
   4.7021280e+01   8.7005392e-47
   4.7129711e+01   8.6297688e-47
   4.7238393e+01   8.5596439e-47
   4.7347325e+01   8.4901583e-47
   4.7456508e+01   8.4213062e-47
   4.7565943e+01   8.3530817e-47
   4.7675631e+01   8.2854791e-47
   4.7785571e+01   8.2184925e-47
   4.7895765e+01   8.1521164e-47
   4.8006213e+01   8.0863451e-47
   4.8116916e+01   8.0211729e-47
   4.8227874e+01   7.9565944e-47
   4.8339087e+01   7.8926041e-47
   4.8450558e+01   7.8291966e-47
   4.8562285e+01   7.7663664e-47
   4.8674270e+01   7.7041082e-47
   4.8786513e+01   7.6424168e-47
   4.8899015e+01   7.5812868e-47
   4.9011777e+01   7.5207133e-47
   4.9124798e+01   7.4606909e-47
   4.9238081e+01   7.4012146e-47
   4.9351624e+01   7.3422794e-47
   4.9465429e+01   7.2838802e-47
   4.9579497e+01   7.2260122e-47
   4.9693828e+01   7.1686704e-47
   4.9808422e+01   7.1118499e-47
   4.9923280e+01   7.0555460e-47
   5.0038404e+01   6.9997538e-47
   5.0153793e+01   6.9444687e-47
   5.0269448e+01   6.8896860e-47
   5.0385370e+01   6.8354010e-47
   5.0501559e+01   6.7816091e-47
   5.0618016e+01   6.7283057e-47
   5.0734741e+01   6.6754865e-47
   5.0851736e+01   6.6231468e-47
   5.0969000e+01   6.5712824e-47
   5.1086535e+01   6.5198886e-47
   5.1204341e+01   6.4689614e-47
   5.1322419e+01   6.4184962e-47
   5.1440769e+01   6.3684890e-47
   5.1559392e+01   6.3189353e-47
   5.1678288e+01   6.2698311e-47
   5.1797458e+01   6.2211722e-47
   5.1916904e+01   6.1729545e-47
   5.2036625e+01   6.1251739e-47
   5.2156621e+01   6.0778264e-47
   5.2276895e+01   6.0309079e-47
   5.2397446e+01   5.9844146e-47
   5.2518275e+01   5.9383425e-47
   5.2639382e+01   5.8926876e-47
   5.2760769e+01   5.8474463e-47
   5.2882436e+01   5.8026145e-47
   5.3004383e+01   5.7581886e-47
   5.3126612e+01   5.7141648e-47
   5.3249122e+01   5.6705395e-47
   5.3371915e+01   5.6273088e-47
   5.3494991e+01   5.5844692e-47
   5.3618351e+01   5.5420171e-47
   5.3741995e+01   5.4999488e-47
   5.3865925e+01   5.4582610e-47
   5.3990140e+01   5.4169499e-47
   5.4114642e+01   5.3760122e-47
   5.4239430e+01   5.3354444e-47
   5.4364507e+01   5.2952431e-47
   5.4489872e+01   5.2554049e-47
   5.4615526e+01   5.2159265e-47
   5.4741470e+01   5.1768045e-47
   5.4867704e+01   5.1380357e-47
   5.4994229e+01   5.0996167e-47
   5.5121046e+01   5.0615444e-47
   5.5248156e+01   5.0238156e-47
   5.5375559e+01   4.9864271e-47
   5.5503255e+01   4.9493757e-47
   5.5631246e+01   4.9126583e-47
   5.5759532e+01   4.8762719e-47
   5.5888114e+01   4.8402135e-47
   5.6016992e+01   4.8044799e-47
   5.6146168e+01   4.7690681e-47
   5.6275642e+01   4.7339753e-47
   5.6405414e+01   4.6991984e-47
   5.6535485e+01   4.6647346e-47
   5.6665856e+01   4.6305810e-47
   5.6796528e+01   4.5967346e-47
   5.6927501e+01   4.5631927e-47
   5.7058777e+01   4.5299525e-47
   5.7190355e+01   4.4970111e-47
   5.7322236e+01   4.4643659e-47
   5.7454421e+01   4.4320140e-47
   5.7586912e+01   4.3999528e-47
   5.7719708e+01   4.3681796e-47
   5.7852810e+01   4.3366917e-47
   5.7986219e+01   4.3054866e-47
   5.8119935e+01   4.2745615e-47
   5.8253960e+01   4.2439139e-47
   5.8388294e+01   4.2135413e-47
   5.8522938e+01   4.1834411e-47
   5.8657893e+01   4.1536108e-47
   5.8793158e+01   4.1240479e-47
   5.8928736e+01   4.0947499e-47
   5.9064626e+01   4.0657144e-47
   5.9200829e+01   4.0369391e-47
   5.9337347e+01   4.0084214e-47
   5.9474179e+01   3.9801589e-47
   5.9611327e+01   3.9521495e-47
   5.9748791e+01   3.9243906e-47
   5.9886572e+01   3.8968801e-47
   6.0024671e+01   3.8696156e-47
   6.0163089e+01   3.8425948e-47
   6.0301825e+01   3.8158155e-47
   6.0440882e+01   3.7892755e-47
   6.0580259e+01   3.7629725e-47
   6.0719957e+01   3.7369044e-47
   6.0859978e+01   3.7110690e-47
   6.1000322e+01   3.6854642e-47
   6.1140989e+01   3.6600878e-47
   6.1281980e+01   3.6349378e-47
   6.1423297e+01   3.6100120e-47
   6.1564940e+01   3.5853083e-47
   6.1706909e+01   3.5608248e-47
   6.1849206e+01   3.5365594e-47
   6.1991830e+01   3.5125101e-47
   6.2134784e+01   3.4886749e-47
   6.2278067e+01   3.4650518e-47
   6.2421681e+01   3.4416389e-47
   6.2565626e+01   3.4184342e-47
   6.2709903e+01   3.3954358e-47
   6.2854512e+01   3.3726418e-47
   6.2999455e+01   3.3500503e-47
   6.3144732e+01   3.3276595e-47
   6.3290345e+01   3.3054675e-47
   6.3436293e+01   3.2834725e-47
   6.3582577e+01   3.2616726e-47
   6.3729199e+01   3.2400661e-47
   6.3876159e+01   3.2186512e-47
   6.4023458e+01   3.1974261e-47
   6.4171097e+01   3.1763890e-47
   6.4319076e+01   3.1555383e-47
   6.4467396e+01   3.1348722e-47
   6.4616058e+01   3.1143890e-47
   6.4765063e+01   3.0940871e-47
   6.4914412e+01   3.0739647e-47
   6.5064105e+01   3.0540202e-47
   6.5214144e+01   3.0342520e-47
   6.5364528e+01   3.0146584e-47
   6.5515259e+01   2.9952379e-47
   6.5666338e+01   2.9759887e-47
   6.5817765e+01   2.9569095e-47
   6.5969541e+01   2.9379986e-47
   6.6121667e+01   2.9192544e-47
   6.6274144e+01   2.9006754e-47
   6.6426973e+01   2.8822601e-47
   6.6580154e+01   2.8640069e-47
   6.6733688e+01   2.8459145e-47
   6.6887577e+01   2.8279813e-47
   6.7041820e+01   2.8102058e-47
   6.7196419e+01   2.7925866e-47
   6.7351374e+01   2.7751223e-47
   6.7506687e+01   2.7578114e-47
   6.7662358e+01   2.7406525e-47
   6.7818388e+01   2.7236442e-47
   6.7974778e+01   2.7067852e-47
   6.8131528e+01   2.6900740e-47
   6.8288640e+01   2.6735093e-47
   6.8446114e+01   2.6570898e-47
   6.8603951e+01   2.6408140e-47
   6.8762153e+01   2.6246808e-47
   6.8920719e+01   2.6086887e-47
   6.9079650e+01   2.5928365e-47
   6.9238949e+01   2.5771229e-47
   6.9398614e+01   2.5615467e-47
   6.9558648e+01   2.5461064e-47
   6.9719051e+01   2.5308010e-47
   6.9879823e+01   2.5156291e-47
   7.0040967e+01   2.5005896e-47
   7.0202482e+01   2.4856812e-47
   7.0364369e+01   2.4709027e-47
   7.0526630e+01   2.4562529e-47
   7.0689265e+01   2.4417307e-47
   7.0852275e+01   2.4273348e-47
   7.1015661e+01   2.4130641e-47
   7.1179423e+01   2.3989174e-47
   7.1343564e+01   2.3848937e-47
   7.1508083e+01   2.3709918e-47
   7.1672981e+01   2.3572105e-47
   7.1838259e+01   2.3435487e-47
   7.2003919e+01   2.3300054e-47
   7.2169960e+01   2.3165795e-47
   7.2336385e+01   2.3032698e-47
   7.2503193e+01   2.2900754e-47
   7.2670386e+01   2.2769952e-47
   7.2837964e+01   2.2640280e-47
   7.3005929e+01   2.2511729e-47
   7.3174282e+01   2.2384289e-47
   7.3343022e+01   2.2257948e-47
   7.3512152e+01   2.2132698e-47
   7.3681671e+01   2.2008528e-47
   7.3851582e+01   2.1885428e-47
   7.4021884e+01   2.1763389e-47
   7.4192579e+01   2.1642400e-47
   7.4363668e+01   2.1522452e-47
   7.4535151e+01   2.1403536e-47
   7.4707029e+01   2.1285641e-47
   7.4879304e+01   2.1168760e-47
   7.5051977e+01   2.1052881e-47
   7.5225047e+01   2.0937997e-47
   7.5398517e+01   2.0824097e-47
   7.5572386e+01   2.0711174e-47
   7.5746657e+01   2.0599217e-47
   7.5921329e+01   2.0488219e-47
   7.6096404e+01   2.0378170e-47
   7.6271883e+01   2.0269062e-47
   7.6447767e+01   2.0160885e-47
   7.6624056e+01   2.0053632e-47
   7.6800751e+01   1.9947294e-47
   7.6977855e+01   1.9841863e-47
   7.7155366e+01   1.9737330e-47
   7.7333287e+01   1.9633687e-47
   7.7511618e+01   1.9530926e-47
   7.7690361e+01   1.9429039e-47
   7.7869515e+01   1.9328018e-47
   7.8049083e+01   1.9227855e-47
   7.8229065e+01   1.9128541e-47
   7.8409461e+01   1.9030070e-47
   7.8590274e+01   1.8932434e-47
   7.8771504e+01   1.8835624e-47
   7.8953152e+01   1.8739634e-47
   7.9135218e+01   1.8644456e-47
   7.9317705e+01   1.8550082e-47
   7.9500612e+01   1.8456505e-47
   7.9683941e+01   1.8363718e-47
   7.9867693e+01   1.8271714e-47
   8.0051868e+01   1.8180485e-47
   8.0236468e+01   1.8090024e-47
   8.0421494e+01   1.8000324e-47
   8.0606947e+01   1.7911379e-47
   8.0792827e+01   1.7823181e-47
   8.0979136e+01   1.7735724e-47
   8.1165874e+01   1.7649001e-47
   8.1353044e+01   1.7563004e-47
   8.1540644e+01   1.7477728e-47
   8.1728678e+01   1.7393167e-47
   8.1917145e+01   1.7309312e-47
   8.2106046e+01   1.7226158e-47
   8.2295383e+01   1.7143699e-47
   8.2485157e+01   1.7061928e-47
   8.2675369e+01   1.6980839e-47
   8.2866019e+01   1.6900426e-47
   8.3057108e+01   1.6820682e-47
   8.3248639e+01   1.6741601e-47
   8.3440611e+01   1.6663178e-47
   8.3633025e+01   1.6585406e-47
   8.3825884e+01   1.6508280e-47
   8.4019187e+01   1.6431793e-47
   8.4212936e+01   1.6355940e-47
   8.4407131e+01   1.6280715e-47
   8.4601775e+01   1.6206112e-47
   8.4796867e+01   1.6132125e-47
   8.4992409e+01   1.6058749e-47
   8.5188403e+01   1.5985979e-47
   8.5384848e+01   1.5913809e-47
   8.5581746e+01   1.5842232e-47
   8.5779098e+01   1.5771245e-47
   8.5976905e+01   1.5700842e-47
   8.6175169e+01   1.5631016e-47
   8.6373889e+01   1.5561764e-47
   8.6573068e+01   1.5493080e-47
   8.6772706e+01   1.5424958e-47
   8.6972805e+01   1.5357394e-47
   8.7173365e+01   1.5290382e-47
   8.7374387e+01   1.5223918e-47
   8.7575873e+01   1.5157996e-47
   8.7777824e+01   1.5092611e-47
   8.7980240e+01   1.5027760e-47
   8.8183123e+01   1.4963436e-47
   8.8386474e+01   1.4899635e-47
   8.8590294e+01   1.4836352e-47
   8.8794584e+01   1.4773583e-47
   8.8999345e+01   1.4711323e-47
   8.9204578e+01   1.4649568e-47
   8.9410285e+01   1.4588312e-47
   8.9616465e+01   1.4527551e-47
   8.9823122e+01   1.4467281e-47
   9.0030254e+01   1.4407497e-47
   9.0237865e+01   1.4348195e-47
   9.0445954e+01   1.4289370e-47
   9.0654523e+01   1.4231019e-47
   9.0863573e+01   1.4173136e-47
   9.1073105e+01   1.4115718e-47
   9.1283120e+01   1.4058761e-47
   9.1493620e+01   1.4002260e-47
   9.1704605e+01   1.3946210e-47
   9.1916077e+01   1.3890609e-47
   9.2128036e+01   1.3835452e-47
   9.2340484e+01   1.3780735e-47
   9.2553422e+01   1.3726454e-47
   9.2766850e+01   1.3672605e-47
   9.2980771e+01   1.3619184e-47
   9.3195186e+01   1.3566188e-47
   9.3410095e+01   1.3513612e-47
   9.3625499e+01   1.3461452e-47
   9.3841400e+01   1.3409706e-47
   9.4057799e+01   1.3358369e-47
   9.4274697e+01   1.3307437e-47
   9.4492095e+01   1.3256907e-47
   9.4709995e+01   1.3206775e-47
   9.4928397e+01   1.3157038e-47
   9.5147302e+01   1.3107692e-47
   9.5366713e+01   1.3058733e-47
   9.5586629e+01   1.3010159e-47
   9.5807053e+01   1.2961965e-47
   9.6027984e+01   1.2914148e-47
   9.6249426e+01   1.2866706e-47
   9.6471378e+01   1.2819633e-47
   9.6693841e+01   1.2772928e-47
   9.6916818e+01   1.2726586e-47
   9.7140309e+01   1.2680605e-47
   9.7364315e+01   1.2634982e-47
   9.7588838e+01   1.2589712e-47
   9.7813879e+01   1.2544794e-47
   9.8039438e+01   1.2500223e-47
   9.8265518e+01   1.2455997e-47
   9.8492119e+01   1.2412112e-47
   9.8719243e+01   1.2368566e-47
   9.8946890e+01   1.2325355e-47
   9.9175062e+01   1.2282477e-47
   9.9403761e+01   1.2239928e-47
   9.9632987e+01   1.2197706e-47
   9.9862741e+01   1.2155808e-47
   1.0009303e+02   1.2114230e-47
   1.0032384e+02   1.2072970e-47
   1.0055519e+02   1.2032025e-47
   1.0078707e+02   1.1991392e-47
   1.0101948e+02   1.1951069e-47
   1.0125244e+02   1.1911052e-47
   1.0148593e+02   1.1871340e-47
   1.0171995e+02   1.1831928e-47
   1.0195452e+02   1.1792815e-47
   1.0218963e+02   1.1753998e-47
   1.0242528e+02   1.1715475e-47
   1.0266147e+02   1.1677241e-47
   1.0289821e+02   1.1639296e-47
   1.0313549e+02   1.1601637e-47
   1.0337332e+02   1.1564260e-47
   1.0361170e+02   1.1527164e-47
   1.0385063e+02   1.1490345e-47
   1.0409011e+02   1.1453802e-47
   1.0433015e+02   1.1417533e-47
   1.0457073e+02   1.1381533e-47
   1.0481187e+02   1.1345802e-47
   1.0505357e+02   1.1310337e-47
   1.0529582e+02   1.1275135e-47
   1.0553864e+02   1.1240195e-47
   1.0578201e+02   1.1205513e-47
   1.0602594e+02   1.1171088e-47
   1.0627044e+02   1.1136917e-47
   1.0651550e+02   1.1102998e-47
   1.0676113e+02   1.1069329e-47
   1.0700732e+02   1.1035907e-47
   1.0725408e+02   1.1002731e-47
   1.0750141e+02   1.0969798e-47
   1.0774931e+02   1.0937107e-47
   1.0799778e+02   1.0904654e-47
   1.0824682e+02   1.0872438e-47
   1.0849644e+02   1.0840457e-47
   1.0874663e+02   1.0808708e-47
   1.0899740e+02   1.0777191e-47
   1.0924875e+02   1.0745902e-47
   1.0950068e+02   1.0714839e-47
   1.0975319e+02   1.0684001e-47
   1.1000628e+02   1.0653386e-47
   1.1025996e+02   1.0622992e-47
   1.1051422e+02   1.0592816e-47
   1.1076906e+02   1.0562857e-47
   1.1102450e+02   1.0533114e-47
   1.1128052e+02   1.0503583e-47
   1.1153714e+02   1.0474264e-47
   1.1179434e+02   1.0445154e-47
   1.1205214e+02   1.0416251e-47
   1.1231053e+02   1.0387555e-47
   1.1256952e+02   1.0359062e-47
   1.1282911e+02   1.0330771e-47
   1.1308929e+02   1.0302681e-47
   1.1335008e+02   1.0274790e-47
   1.1361146e+02   1.0247095e-47
   1.1387345e+02   1.0219596e-47
   1.1413605e+02   1.0192290e-47
   1.1439924e+02   1.0165176e-47
   1.1466305e+02   1.0138253e-47
   1.1492746e+02   1.0111518e-47
   1.1519249e+02   1.0084969e-47
   1.1545812e+02   1.0058606e-47
   1.1572437e+02   1.0032427e-47
   1.1599123e+02   1.0006430e-47
   1.1625871e+02   9.9806135e-48
   1.1652680e+02   9.9549758e-48
   1.1679551e+02   9.9295157e-48
   1.1706484e+02   9.9042314e-48
   1.1733480e+02   9.8791215e-48
   1.1760537e+02   9.8541844e-48
   1.1787657e+02   9.8294188e-48
   1.1814839e+02   9.8048231e-48
   1.1842085e+02   9.7803958e-48
   1.1869392e+02   9.7561356e-48
   1.1896763e+02   9.7320410e-48
   1.1924197e+02   9.7081105e-48
   1.1951695e+02   9.6843428e-48
   1.1979255e+02   9.6607364e-48
   1.2006880e+02   9.6372901e-48
   1.2034568e+02   9.6140024e-48
   1.2062319e+02   9.5908719e-48
   1.2090135e+02   9.5678974e-48
   1.2118015e+02   9.5450774e-48
   1.2145959e+02   9.5224108e-48
   1.2173968e+02   9.4998961e-48
   1.2202041e+02   9.4775322e-48
   1.2230179e+02   9.4553176e-48
   1.2258382e+02   9.4332512e-48
   1.2286650e+02   9.4113316e-48
   1.2314983e+02   9.3895578e-48
   1.2343382e+02   9.3679283e-48
   1.2371846e+02   9.3464420e-48
   1.2400375e+02   9.3250977e-48
   1.2428971e+02   9.3038942e-48
   1.2457632e+02   9.2828303e-48
   1.2486359e+02   9.2619048e-48
   1.2515153e+02   9.2411166e-48
   1.2544013e+02   9.2204645e-48
   1.2572940e+02   9.1999473e-48
   1.2601933e+02   9.1795640e-48
   1.2630993e+02   9.1593134e-48
   1.2660120e+02   9.1391943e-48
   1.2689314e+02   9.1192058e-48
   1.2718576e+02   9.0993467e-48
   1.2747905e+02   9.0796159e-48
   1.2777302e+02   9.0600124e-48
   1.2806767e+02   9.0405351e-48
   1.2836299e+02   9.0211830e-48
   1.2865900e+02   9.0019549e-48
   1.2895569e+02   8.9828499e-48
   1.2925306e+02   8.9638670e-48
   1.2955112e+02   8.9450052e-48
   1.2984986e+02   8.9262634e-48
   1.3014930e+02   8.9076406e-48
   1.3044942e+02   8.8891360e-48
   1.3075024e+02   8.8707484e-48
   1.3105175e+02   8.8524770e-48
   1.3135396e+02   8.8343207e-48
   1.3165686e+02   8.8162787e-48
   1.3196046e+02   8.7983500e-48
   1.3226476e+02   8.7805336e-48
   1.3256977e+02   8.7628288e-48
   1.3287547e+02   8.7452344e-48
   1.3318189e+02   8.7277497e-48
   1.3348901e+02   8.7103737e-48
   1.3379683e+02   8.6931056e-48
   1.3410537e+02   8.6759445e-48
   1.3441462e+02   8.6588895e-48
   1.3472458e+02   8.6419397e-48
   1.3503525e+02   8.6250944e-48
   1.3534665e+02   8.6083526e-48
   1.3565876e+02   8.5917135e-48
   1.3597159e+02   8.5751763e-48
   1.3628514e+02   8.5587402e-48
   1.3659941e+02   8.5424043e-48
   1.3691441e+02   8.5261679e-48
   1.3723014e+02   8.5100301e-48
   1.3754659e+02   8.4939902e-48
   1.3786377e+02   8.4780474e-48
   1.3818169e+02   8.4622008e-48
   1.3850034e+02   8.4464498e-48
   1.3881972e+02   8.4307936e-48
   1.3913984e+02   8.4152314e-48
   1.3946070e+02   8.3997625e-48
   1.3978229e+02   8.3843861e-48
   1.4010463e+02   8.3691015e-48
   1.4042772e+02   8.3539080e-48
   1.4075154e+02   8.3388049e-48
   1.4107612e+02   8.3237913e-48
   1.4140144e+02   8.3088668e-48
   1.4172751e+02   8.2940304e-48
   1.4205434e+02   8.2792817e-48
   1.4238192e+02   8.2646197e-48
   1.4271025e+02   8.2500440e-48
   1.4303934e+02   8.2355538e-48
   1.4336919e+02   8.2211484e-48
   1.4369980e+02   8.2068272e-48
   1.4403117e+02   8.1925895e-48
   1.4436331e+02   8.1784347e-48
   1.4469621e+02   8.1643622e-48
   1.4502988e+02   8.1503713e-48
   1.4536432e+02   8.1364613e-48
   1.4569954e+02   8.1226317e-48
   1.4603552e+02   8.1088819e-48
   1.4637228e+02   8.0952111e-48
   1.4670981e+02   8.0816189e-48
   1.4704813e+02   8.0681046e-48
   1.4738722e+02   8.0546676e-48
   1.4772710e+02   8.0413074e-48
   1.4806776e+02   8.0280233e-48
   1.4840920e+02   8.0148148e-48
   1.4875144e+02   8.0016813e-48
   1.4909446e+02   7.9886223e-48
   1.4943827e+02   7.9756371e-48
   1.4978288e+02   7.9627252e-48
   1.5012828e+02   7.9498861e-48
   1.5047447e+02   7.9371193e-48
   1.5082147e+02   7.9244241e-48
   1.5116927e+02   7.9118001e-48
   1.5151786e+02   7.8992467e-48
   1.5186726e+02   7.8867634e-48
   1.5221747e+02   7.8743496e-48
   1.5256849e+02   7.8620049e-48
   1.5292031e+02   7.8497288e-48
   1.5327295e+02   7.8375207e-48
   1.5362639e+02   7.8253802e-48
   1.5398066e+02   7.8133067e-48
   1.5433574e+02   7.8012998e-48
   1.5469164e+02   7.7893589e-48
   1.5504836e+02   7.7774837e-48
   1.5540590e+02   7.7656735e-48
   1.5576427e+02   7.7539280e-48
   1.5612346e+02   7.7422467e-48
   1.5648348e+02   7.7306291e-48
   1.5684434e+02   7.7190747e-48
   1.5720602e+02   7.7075832e-48
   1.5756854e+02   7.6961540e-48
   1.5793189e+02   7.6847867e-48
   1.5829608e+02   7.6734808e-48
   1.5866112e+02   7.6622360e-48
   1.5902699e+02   7.6510518e-48
   1.5939371e+02   7.6399277e-48
   1.5976127e+02   7.6288634e-48
   1.6012968e+02   7.6178583e-48
   1.6049894e+02   7.6069122e-48
   1.6086905e+02   7.5960246e-48
   1.6124002e+02   7.5851951e-48
   1.6161184e+02   7.5744232e-48
   1.6198452e+02   7.5637086e-48
   1.6235805e+02   7.5530509e-48
   1.6273245e+02   7.5424497e-48
   1.6310772e+02   7.5319045e-48
   1.6348384e+02   7.5214151e-48
   1.6386084e+02   7.5109810e-48
   1.6423870e+02   7.5006019e-48
   1.6461744e+02   7.4902773e-48
   1.6499705e+02   7.4800069e-48
   1.6537753e+02   7.4697904e-48
   1.6575889e+02   7.4596274e-48
   1.6614114e+02   7.4495174e-48
   1.6652426e+02   7.4394602e-48
   1.6690826e+02   7.4294555e-48
   1.6729316e+02   7.4195028e-48
   1.6767894e+02   7.4096017e-48
   1.6806560e+02   7.3997521e-48
   1.6845316e+02   7.3899535e-48
   1.6884162e+02   7.3802056e-48
   1.6923097e+02   7.3705080e-48
   1.6962122e+02   7.3608605e-48
   1.7001236e+02   7.3512626e-48
   1.7040441e+02   7.3417142e-48
   1.7079737e+02   7.3322147e-48
   1.7119123e+02   7.3227641e-48
   1.7158600e+02   7.3133618e-48
   1.7198168e+02   7.3040077e-48
   1.7237827e+02   7.2947014e-48
   1.7277577e+02   7.2854426e-48
   1.7317419e+02   7.2762310e-48
   1.7357354e+02   7.2670663e-48
   1.7397380e+02   7.2579482e-48
   1.7437498e+02   7.2488764e-48
   1.7477709e+02   7.2398507e-48
   1.7518013e+02   7.2308707e-48
   1.7558410e+02   7.2219361e-48
   1.7598899e+02   7.2130467e-48
   1.7639483e+02   7.2042022e-48
   1.7680159e+02   7.1954023e-48
   1.7720930e+02   7.1866468e-48
   1.7761795e+02   7.1779353e-48
   1.7802753e+02   7.1692677e-48
   1.7843807e+02   7.1606436e-48
   1.7884955e+02   7.1520627e-48
   1.7926198e+02   7.1435249e-48
   1.7967535e+02   7.1350299e-48
   1.8008969e+02   7.1265773e-48
   1.8050498e+02   7.1181670e-48
   1.8092122e+02   7.1097987e-48
   1.8133843e+02   7.1014722e-48
   1.8175659e+02   7.0931872e-48
   1.8217573e+02   7.0849434e-48
   1.8259583e+02   7.0767407e-48
   1.8301689e+02   7.0685788e-48
   1.8343893e+02   7.0604574e-48
   1.8386194e+02   7.0523764e-48
   1.8428593e+02   7.0443355e-48
   1.8471089e+02   7.0363344e-48
   1.8513684e+02   7.0283730e-48
   1.8556377e+02   7.0204510e-48
   1.8599168e+02   7.0125682e-48
   1.8642058e+02   7.0047243e-48
   1.8685046e+02   6.9969193e-48
   1.8728134e+02   6.9891528e-48
   1.8771321e+02   6.9814246e-48
   1.8814608e+02   6.9737345e-48
   1.8857995e+02   6.9660824e-48
   1.8901482e+02   6.9584680e-48
   1.8945068e+02   6.9508911e-48
   1.8988756e+02   6.9433515e-48
   1.9032544e+02   6.9358490e-48
   1.9076433e+02   6.9283834e-48
   1.9120424e+02   6.9209546e-48
   1.9164516e+02   6.9135622e-48
   1.9208709e+02   6.9062062e-48
   1.9253005e+02   6.8988864e-48
   1.9297402e+02   6.8916025e-48
   1.9341902e+02   6.8843543e-48
   1.9386505e+02   6.8771418e-48
   1.9431210e+02   6.8699646e-48
   1.9476019e+02   6.8628227e-48
   1.9520930e+02   6.8557159e-48
   1.9565946e+02   6.8486439e-48
   1.9611065e+02   6.8416066e-48
   1.9656288e+02   6.8346038e-48
   1.9701616e+02   6.8276354e-48
   1.9747048e+02   6.8207012e-48
   1.9792585e+02   6.8138010e-48
   1.9838227e+02   6.8069347e-48
   1.9883974e+02   6.8001020e-48
   1.9929826e+02   6.7933029e-48
   1.9975785e+02   6.7865372e-48
   2.0021849e+02   6.7798047e-48
   2.0068020e+02   6.7731052e-48
   2.0114297e+02   6.7664386e-48
   2.0160680e+02   6.7598048e-48
   2.0207171e+02   6.7532036e-48
   2.0253769e+02   6.7466349e-48
   2.0300474e+02   6.7400984e-48
   2.0347287e+02   6.7335941e-48
   2.0394208e+02   6.7271218e-48
   2.0441237e+02   6.7206814e-48
   2.0488375e+02   6.7142727e-48
   2.0535621e+02   6.7078956e-48
   2.0582977e+02   6.7015500e-48
   2.0630441e+02   6.6952356e-48
   2.0678015e+02   6.6889525e-48
   2.0725699e+02   6.6827003e-48
   2.0773492e+02   6.6764791e-48
   2.0821396e+02   6.6702887e-48
   2.0869411e+02   6.6641289e-48
   2.0917536e+02   6.6579997e-48
   2.0965772e+02   6.6519008e-48
   2.1014119e+02   6.6458322e-48
   2.1062578e+02   6.6397938e-48
   2.1111148e+02   6.6337854e-48
   2.1159831e+02   6.6278068e-48
   2.1208625e+02   6.6218581e-48
   2.1257533e+02   6.6159391e-48
   2.1306553e+02   6.6100495e-48
   2.1355686e+02   6.6041895e-48
   2.1404932e+02   6.5983587e-48
   2.1454292e+02   6.5925572e-48
   2.1503766e+02   6.5867847e-48
   2.1553354e+02   6.5810413e-48
   2.1603056e+02   6.5753267e-48
   2.1652873e+02   6.5696409e-48
   2.1702804e+02   6.5639837e-48
   2.1752851e+02   6.5583552e-48
   2.1803013e+02   6.5527550e-48
   2.1853291e+02   6.5471833e-48
   2.1903685e+02   6.5416398e-48
   2.1954195e+02   6.5361244e-48
   2.2004822e+02   6.5306371e-48
   2.2055565e+02   6.5251778e-48
   2.2106425e+02   6.5197463e-48
   2.2157403e+02   6.5143426e-48
   2.2208498e+02   6.5089665e-48
   2.2259711e+02   6.5036181e-48
   2.2311042e+02   6.4982971e-48
   2.2362491e+02   6.4930036e-48
   2.2414060e+02   6.4877373e-48
   2.2465747e+02   6.4824983e-48
   2.2517553e+02   6.4772864e-48
   2.2569478e+02   6.4721015e-48
   2.2621524e+02   6.4669436e-48
   2.2673689e+02   6.4618126e-48
   2.2725975e+02   6.4567084e-48
   2.2778381e+02   6.4516310e-48
   2.2830908e+02   6.4465801e-48
   2.2883556e+02   6.4415558e-48
   2.2936326e+02   6.4365580e-48
   2.2989217e+02   6.4315866e-48
   2.3042231e+02   6.4266416e-48
   2.3095366e+02   6.4217228e-48
   2.3148624e+02   6.4168301e-48
   2.3202005e+02   6.4119636e-48
   2.3255509e+02   6.4071231e-48
   2.3309137e+02   6.4023086e-48
   2.3362888e+02   6.3975199e-48
   2.3416763e+02   6.3927571e-48
   2.3470762e+02   6.3880201e-48
   2.3524886e+02   6.3833087e-48
   2.3579134e+02   6.3786230e-48
   2.3633508e+02   6.3739628e-48
   2.3688007e+02   6.3693281e-48
   2.3742632e+02   6.3647189e-48
   2.3797382e+02   6.3601350e-48
   2.3852259e+02   6.3555764e-48
   2.3907263e+02   6.3510431e-48
   2.3962393e+02   6.3465350e-48
   2.4017651e+02   6.3420520e-48
   2.4073036e+02   6.3375941e-48
   2.4128548e+02   6.3331612e-48
   2.4184189e+02   6.3287532e-48
   2.4239958e+02   6.3243702e-48
   2.4295855e+02   6.3200120e-48
   2.4351882e+02   6.3156786e-48
   2.4408037e+02   6.3113700e-48
   2.4464322e+02   6.3070861e-48
   2.4520737e+02   6.3028268e-48
   2.4577282e+02   6.2985921e-48
   2.4633958e+02   6.2943820e-48
   2.4690764e+02   6.2901963e-48
   2.4747701e+02   6.2860352e-48
   2.4804769e+02   6.2818984e-48
   2.4861969e+02   6.2777860e-48
   2.4919301e+02   6.2736979e-48
   2.4976765e+02   6.2696341e-48
   2.5034362e+02   6.2655945e-48
   2.5092091e+02   6.2615791e-48
   2.5149954e+02   6.2575879e-48
   2.5207950e+02   6.2536208e-48
   2.5266080e+02   6.2496777e-48
   2.5324343e+02   6.2457587e-48
   2.5382742e+02   6.2418636e-48
   2.5441274e+02   6.2379926e-48
   2.5499942e+02   6.2341454e-48
   2.5558745e+02   6.2303221e-48
   2.5617684e+02   6.2265227e-48
   2.5676758e+02   6.2227471e-48
   2.5735969e+02   6.2189953e-48
   2.5795317e+02   6.2152672e-48
   2.5854801e+02   6.2115628e-48
   2.5914422e+02   6.2078821e-48
   2.5974181e+02   6.2042251e-48
   2.6034078e+02   6.2005917e-48
   2.6094112e+02   6.1969819e-48
   2.6154286e+02   6.1933957e-48
   2.6214598e+02   6.1898330e-48
   2.6275049e+02   6.1862938e-48
   2.6335639e+02   6.1827781e-48
   2.6396369e+02   6.1792859e-48
   2.6457240e+02   6.1758171e-48
   2.6518250e+02   6.1723717e-48
   2.6579401e+02   6.1689498e-48
   2.6640694e+02   6.1655511e-48
   2.6702127e+02   6.1621759e-48
   2.6763703e+02   6.1588239e-48
   2.6825420e+02   6.1554953e-48
   2.6887280e+02   6.1521900e-48
   2.6949282e+02   6.1489079e-48
   2.7011427e+02   6.1456490e-48
   2.7073716e+02   6.1424134e-48
   2.7136148e+02   6.1392010e-48
   2.7198724e+02   6.1360119e-48
   2.7261444e+02   6.1328458e-48
   2.7324310e+02   6.1297030e-48
   2.7387320e+02   6.1265833e-48
   2.7450475e+02   6.1234867e-48
   2.7513776e+02   6.1204133e-48
   2.7577223e+02   6.1173630e-48
   2.7640816e+02   6.1143358e-48
   2.7704556e+02   6.1113316e-48
   2.7768443e+02   6.1083506e-48
   2.7832477e+02   6.1053926e-48
   2.7896659e+02   6.1024577e-48
   2.7960989e+02   6.0995458e-48
   2.8025467e+02   6.0966569e-48
   2.8090094e+02   6.0937911e-48
   2.8154870e+02   6.0909484e-48
   2.8219796e+02   6.0881286e-48
   2.8284871e+02   6.0853319e-48
   2.8350096e+02   6.0825582e-48
   2.8415471e+02   6.0798074e-48
   2.8480998e+02   6.0770797e-48
   2.8546675e+02   6.0743750e-48
   2.8612504e+02   6.0716933e-48
   2.8678485e+02   6.0690346e-48
   2.8744617e+02   6.0663988e-48
   2.8810903e+02   6.0637861e-48
   2.8877341e+02   6.0611964e-48
   2.8943932e+02   6.0586296e-48
   2.9010677e+02   6.0560858e-48
   2.9077576e+02   6.0535651e-48
   2.9144629e+02   6.0510673e-48
   2.9211837e+02   6.0485926e-48
   2.9279200e+02   6.0461408e-48
   2.9346718e+02   6.0437120e-48
   2.9414391e+02   6.0413063e-48
   2.9482221e+02   6.0389236e-48
   2.9550207e+02   6.0365639e-48
   2.9618350e+02   6.0342272e-48
   2.9686651e+02   6.0319136e-48
   2.9755108e+02   6.0296230e-48
   2.9823724e+02   6.0273554e-48
   2.9892498e+02   6.0251109e-48
   2.9961430e+02   6.0228895e-48
   3.0030521e+02   6.0206912e-48
   3.0099772e+02   6.0185159e-48
   3.0169182e+02   6.0163638e-48
   3.0238752e+02   6.0142347e-48
   3.0308483e+02   6.0121288e-48
   3.0378375e+02   6.0100460e-48
   3.0448428e+02   6.0079864e-48
   3.0518642e+02   6.0059499e-48
   3.0589018e+02   6.0039366e-48
   3.0659557e+02   6.0019464e-48
   3.0730258e+02   5.9999795e-48
   3.0801122e+02   5.9980358e-48
   3.0872150e+02   5.9961154e-48
   3.0943341e+02   5.9942181e-48
   3.1014697e+02   5.9923442e-48
   3.1086217e+02   5.9904935e-48
   3.1157902e+02   5.9886662e-48
   3.1229752e+02   5.9868622e-48
   3.1301768e+02   5.9850815e-48
   3.1373950e+02   5.9833242e-48
   3.1446299e+02   5.9815902e-48
   3.1518814e+02   5.9798797e-48
   3.1591497e+02   5.9781926e-48
   3.1664347e+02   5.9765289e-48
   3.1737365e+02   5.9748887e-48
   3.1810552e+02   5.9732720e-48
   3.1883907e+02   5.9716789e-48
   3.1957432e+02   5.9701092e-48
   3.2031126e+02   5.9685632e-48
   3.2104990e+02   5.9670407e-48
   3.2179024e+02   5.9655418e-48
   3.2253229e+02   5.9640666e-48
   3.2327606e+02   5.9626151e-48
   3.2402153e+02   5.9611872e-48
   3.2476873e+02   5.9597831e-48
   3.2551765e+02   5.9584028e-48
   3.2626829e+02   5.9570462e-48
   3.2702067e+02   5.9557134e-48
   3.2777478e+02   5.9544045e-48
   3.2853063e+02   5.9531194e-48
   3.2928823e+02   5.9518583e-48
   3.3004757e+02   5.9506211e-48
   3.3080866e+02   5.9494078e-48
   3.3157151e+02   5.9482186e-48
   3.3233612e+02   5.9470534e-48
   3.3310249e+02   5.9459123e-48
   3.3387062e+02   5.9447952e-48
   3.3464053e+02   5.9437023e-48
   3.3541221e+02   5.9426336e-48
   3.3618568e+02   5.9415891e-48
   3.3696092e+02   5.9405688e-48
   3.3773796e+02   5.9395728e-48
   3.3851679e+02   5.9386012e-48
   3.3929741e+02   5.9376538e-48
   3.4007983e+02   5.9367309e-48
   3.4086406e+02   5.9358324e-48
   3.4165009e+02   5.9349584e-48
   3.4243794e+02   5.9341089e-48
   3.4322760e+02   5.9332840e-48
   3.4401909e+02   5.9324836e-48
   3.4481240e+02   5.9317079e-48
   3.4560754e+02   5.9309569e-48
   3.4640451e+02   5.9302306e-48
   3.4720333e+02   5.9295290e-48
   3.4800398e+02   5.9288523e-48
   3.4880648e+02   5.9282004e-48
   3.4961083e+02   5.9275734e-48
   3.5041703e+02   5.9269714e-48
   3.5122510e+02   5.9263944e-48
   3.5203503e+02   5.9258423e-48
   3.5284682e+02   5.9253154e-48
   3.5366049e+02   5.9248136e-48
   3.5447603e+02   5.9243370e-48
   3.5529346e+02   5.9238857e-48
   3.5611277e+02   5.9234596e-48
   3.5693397e+02   5.9230588e-48
   3.5775706e+02   5.9226834e-48
   3.5858205e+02   5.9223334e-48
   3.5940894e+02   5.9220090e-48
   3.6023774e+02   5.9217100e-48
   3.6106845e+02   5.9214367e-48
   3.6190108e+02   5.9211890e-48
   3.6273563e+02   5.9209670e-48
   3.6357210e+02   5.9207707e-48
   3.6441050e+02   5.9206003e-48
   3.6525083e+02   5.9204557e-48
   3.6609310e+02   5.9203370e-48
   3.6693731e+02   5.9202443e-48
   3.6778347e+02   5.9201777e-48
   3.6863159e+02   5.9201371e-48
   3.6948165e+02   5.9201227e-48
   3.7033368e+02   5.9201345e-48
   3.7118767e+02   5.9201726e-48
   3.7204364e+02   5.9202370e-48
   3.7290157e+02   5.9203279e-48
   3.7376148e+02   5.9204451e-48
   3.7462338e+02   5.9205889e-48
   3.7548727e+02   5.9207593e-48
   3.7635314e+02   5.9209564e-48
   3.7722102e+02   5.9211801e-48
   3.7809089e+02   5.9214307e-48
   3.7896277e+02   5.9217081e-48
   3.7983666e+02   5.9220124e-48
   3.8071257e+02   5.9223437e-48
   3.8159049e+02   5.9227021e-48
   3.8247044e+02   5.9230876e-48
   3.8335242e+02   5.9235003e-48
   3.8423644e+02   5.9239402e-48
   3.8512249e+02   5.9244076e-48
   3.8601059e+02   5.9249023e-48
   3.8690073e+02   5.9254245e-48
   3.8779292e+02   5.9259743e-48
   3.8868718e+02   5.9265518e-48
   3.8958349e+02   5.9271570e-48
   3.9048188e+02   5.9277900e-48
   3.9138233e+02   5.9284508e-48
   3.9228486e+02   5.9291397e-48
   3.9318947e+02   5.9298566e-48
   3.9409617e+02   5.9306016e-48
   3.9500496e+02   5.9313749e-48
   3.9591584e+02   5.9321764e-48
   3.9682883e+02   5.9330064e-48
   3.9774392e+02   5.9338648e-48
   3.9866112e+02   5.9347518e-48
   3.9958044e+02   5.9356675e-48
   4.0050187e+02   5.9366120e-48
   4.0142543e+02   5.9375853e-48
   4.0235112e+02   5.9385876e-48
   4.0327895e+02   5.9396189e-48
   4.0420891e+02   5.9406795e-48
   4.0514102e+02   5.9417692e-48
   4.0607528e+02   5.9428884e-48
   4.0701169e+02   5.9440370e-48
   4.0795026e+02   5.9452153e-48
   4.0889100e+02   5.9464232e-48
   4.0983390e+02   5.9476610e-48
   4.1077898e+02   5.9489288e-48
   4.1172624e+02   5.9502266e-48
   4.1267569e+02   5.9515547e-48
   4.1362732e+02   5.9529131e-48
   4.1458115e+02   5.9543020e-48
   4.1553718e+02   5.9557215e-48
   4.1649541e+02   5.9571718e-48
   4.1745585e+02   5.9586531e-48
   4.1841851e+02   5.9601654e-48
   4.1938338e+02   5.9617090e-48
   4.2035048e+02   5.9632841e-48
   4.2131982e+02   5.9648907e-48
   4.2229138e+02   5.9665292e-48
   4.2326519e+02   5.9681998e-48
   4.2424124e+02   5.9699025e-48
   4.2521955e+02   5.9716378e-48
   4.2620010e+02   5.9734057e-48
   4.2718293e+02   5.9752066e-48
   4.2816801e+02   5.9770408e-48
   4.2915537e+02   5.9789085e-48
   4.3014501e+02   5.9808100e-48
   4.3113692e+02   5.9827457e-48
   4.3213113e+02   5.9847160e-48
   4.3312763e+02   5.9867212e-48
   4.3412642e+02   5.9887617e-48
   4.3512752e+02   5.9908382e-48
   4.3613093e+02   5.9929509e-48
   4.3713665e+02   5.9951006e-48
   4.3814469e+02   5.9972878e-48
   4.3915506e+02   5.9995133e-48
   4.4016775e+02   6.0017778e-48
   4.4118278e+02   6.0040821e-48
   4.4220015e+02   6.0064273e-48
   4.4321987e+02   6.0088144e-48
   4.4424194e+02   6.0112446e-48
   4.4526636e+02   6.0137194e-48
   4.4629315e+02   6.0162404e-48
   4.4732231e+02   6.0188094e-48
   4.4835383e+02   6.0214286e-48
   4.4938774e+02   6.0241005e-48
   4.5042403e+02   6.0268281e-48
   4.5146271e+02   6.0296147e-48
   4.5250379e+02   6.0324644e-48
   4.5354727e+02   6.0353824e-48
   4.5459315e+02   6.0383743e-48
   4.5564145e+02   6.0414475e-48
   4.5669216e+02   6.0446107e-48
   4.5774529e+02   6.0478750e-48
   4.5880086e+02   6.0512539e-48
   4.5985886e+02   6.0547649e-48
   4.6091930e+02   6.0584299e-48
   4.6198218e+02   6.0622779e-48
   4.6304751e+02   6.0663468e-48
   4.6411530e+02   6.0706873e-48
   4.6518556e+02   6.0753690e-48
   4.6625828e+02   6.0804888e-48
   4.6733347e+02   6.0861853e-48
   4.6841115e+02   6.0926626e-48
   4.6949131e+02   6.1002313e-48
   4.7057396e+02   6.1093831e-48
   4.7165911e+02   6.1209346e-48
   4.7274676e+02   6.1363246e-48
   4.7383691e+02   6.1582862e-48
   4.7492958e+02   6.1925492e-48
   4.7602478e+02   6.2528764e-48
   4.7712249e+02   6.3797009e-48
   4.7822274e+02   6.7392106e-48
   4.7932553e+02   8.7365230e-48
   4.8043085e+02   1.6440982e-45
   4.8153873e+02   8.3189765e-48
   4.8264916e+02   6.6800036e-48
   4.8376216e+02   6.3689220e-48
   4.8487772e+02   6.2614230e-48
   4.8599585e+02   6.2135338e-48
   4.8711656e+02   6.1892423e-48
   4.8823985e+02   6.1761303e-48
   4.8936574e+02   6.1689942e-48
   4.9049422e+02   6.1653450e-48
   4.9162530e+02   6.1638710e-48
   4.9275899e+02   6.1638287e-48
   4.9389530e+02   6.1647711e-48
   4.9503423e+02   6.1664165e-48
   4.9617578e+02   6.1685807e-48
   4.9731996e+02   6.1711387e-48
   4.9846679e+02   6.1740037e-48
   4.9961626e+02   6.1771137e-48
   5.0076837e+02   6.1804237e-48
   5.0192315e+02   6.1839002e-48
   5.0308059e+02   6.1875180e-48
   5.0424070e+02   6.1912579e-48
   5.0540348e+02   6.1951049e-48
   5.0656894e+02   6.1990473e-48
   5.0773710e+02   6.2030759e-48
   5.0890794e+02   6.2071833e-48
   5.1008149e+02   6.2113636e-48
   5.1125774e+02   6.2156118e-48
   5.1243670e+02   6.2199241e-48
   5.1361839e+02   6.2242972e-48
   5.1480279e+02   6.2287284e-48
   5.1598993e+02   6.2332156e-48
   5.1717981e+02   6.2377567e-48
   5.1837243e+02   6.2423504e-48
   5.1956780e+02   6.2469952e-48
   5.2076593e+02   6.2516901e-48
   5.2196682e+02   6.2564342e-48
   5.2317048e+02   6.2612267e-48
   5.2437691e+02   6.2660670e-48
   5.2558613e+02   6.2709544e-48
   5.2679814e+02   6.2758886e-48
   5.2801294e+02   6.2808692e-48
   5.2923054e+02   6.2858958e-48
   5.3045095e+02   6.2909682e-48
   5.3167417e+02   6.2960861e-48
   5.3290022e+02   6.3012495e-48
   5.3412909e+02   6.3064581e-48
   5.3536079e+02   6.3117119e-48
   5.3659534e+02   6.3170107e-48
   5.3783273e+02   6.3223546e-48
   5.3907298e+02   6.3277436e-48
   5.4031609e+02   6.3331775e-48
   5.4156206e+02   6.3386564e-48
   5.4281090e+02   6.3441804e-48
   5.4406263e+02   6.3497495e-48
   5.4531724e+02   6.3553637e-48
   5.4657475e+02   6.3610231e-48
   5.4783515e+02   6.3667277e-48
   5.4909847e+02   6.3724777e-48
   5.5036469e+02   6.3782731e-48
   5.5163384e+02   6.3841141e-48
   5.5290591e+02   6.3900007e-48
   5.5418091e+02   6.3959331e-48
   5.5545886e+02   6.4019113e-48
   5.5673975e+02   6.4079355e-48
   5.5802360e+02   6.4140058e-48
   5.5931040e+02   6.4201223e-48
   5.6060018e+02   6.4262852e-48
   5.6189293e+02   6.4324947e-48
   5.6318866e+02   6.4387508e-48
   5.6448737e+02   6.4450536e-48
   5.6578909e+02   6.4514035e-48
   5.6709380e+02   6.4578004e-48
   5.6840152e+02   6.4642446e-48
   5.6971226e+02   6.4707362e-48
   5.7102602e+02   6.4772753e-48
   5.7234281e+02   6.4838622e-48
   5.7366264e+02   6.4904970e-48
   5.7498551e+02   6.4971799e-48
   5.7631143e+02   6.5039110e-48
   5.7764041e+02   6.5106905e-48
   5.7897245e+02   6.5175185e-48
   5.8030757e+02   6.5243953e-48
   5.8164576e+02   6.5313211e-48
   5.8298704e+02   6.5382959e-48
   5.8433141e+02   6.5453200e-48
   5.8567889e+02   6.5523936e-48
   5.8702947e+02   6.5595168e-48
   5.8838316e+02   6.5666898e-48
   5.8973998e+02   6.5739129e-48
   5.9109992e+02   6.5811862e-48
   5.9246300e+02   6.5885098e-48
   5.9382923e+02   6.5958840e-48
   5.9519860e+02   6.6033090e-48
   5.9657113e+02   6.6107850e-48
   5.9794683e+02   6.6183121e-48
   5.9932570e+02   6.6258906e-48
   6.0070775e+02   6.6335206e-48
   6.0209299e+02   6.6412024e-48
   6.0348142e+02   6.6489361e-48
   6.0487305e+02   6.6567220e-48
   6.0626789e+02   6.6645602e-48
   6.0766595e+02   6.6724510e-48
   6.0906723e+02   6.6803945e-48
   6.1047175e+02   6.6883910e-48
   6.1187950e+02   6.6964406e-48
   6.1329050e+02   6.7045437e-48
   6.1470475e+02   6.7127003e-48
   6.1612226e+02   6.7209107e-48
   6.1754305e+02   6.7291751e-48
   6.1896711e+02   6.7374938e-48
   6.2039445e+02   6.7458669e-48
   6.2182508e+02   6.7542946e-48
   6.2325902e+02   6.7627772e-48
   6.2469626e+02   6.7713149e-48
   6.2613681e+02   6.7799079e-48
   6.2758069e+02   6.7885564e-48
   6.2902789e+02   6.7972607e-48
   6.3047844e+02   6.8060209e-48
   6.3193232e+02   6.8148373e-48
   6.3338957e+02   6.8237102e-48
   6.3485017e+02   6.8326397e-48
   6.3631414e+02   6.8416260e-48
   6.3778148e+02   6.8506695e-48
   6.3925221e+02   6.8597703e-48
   6.4072633e+02   6.8689286e-48
   6.4220385e+02   6.8781447e-48
   6.4368478e+02   6.8874189e-48
   6.4516912e+02   6.8967513e-48
   6.4665688e+02   6.9061422e-48
   6.4814808e+02   6.9155919e-48
   6.4964271e+02   6.9251005e-48
   6.5114080e+02   6.9346683e-48
   6.5264233e+02   6.9442956e-48
   6.5414733e+02   6.9539826e-48
   6.5565580e+02   6.9637295e-48
   6.5716775e+02   6.9735366e-48
   6.5868318e+02   6.9834041e-48
   6.6020211e+02   6.9933322e-48
   6.6172454e+02   7.0033213e-48
   6.6325048e+02   7.0133716e-48
   6.6477994e+02   7.0234833e-48
   6.6631293e+02   7.0336566e-48
   6.6784945e+02   7.0438919e-48
   6.6938952e+02   7.0541894e-48
   6.7093314e+02   7.0645493e-48
   6.7248031e+02   7.0749718e-48
   6.7403106e+02   7.0854574e-48
   6.7558538e+02   7.0960061e-48
   6.7714328e+02   7.1066183e-48
   6.7870478e+02   7.1172942e-48
   6.8026988e+02   7.1280341e-48
   6.8183859e+02   7.1388383e-48
   6.8341091e+02   7.1497070e-48
   6.8498686e+02   7.1606405e-48
   6.8656645e+02   7.1716391e-48
   6.8814967e+02   7.1827030e-48
   6.8973655e+02   7.1938324e-48
   6.9132709e+02   7.2050278e-48
   6.9292130e+02   7.2162893e-48
   6.9451918e+02   7.2276172e-48
   6.9612074e+02   7.2390118e-48
   6.9772600e+02   7.2504734e-48
   6.9933497e+02   7.2620023e-48
   7.0094764e+02   7.2735987e-48
   7.0256403e+02   7.2852629e-48
   7.0418415e+02   7.2969952e-48
   7.0580800e+02   7.3087959e-48
   7.0743560e+02   7.3206652e-48
   7.0906695e+02   7.3326036e-48
   7.1070206e+02   7.3446111e-48
   7.1234095e+02   7.3566882e-48
   7.1398361e+02   7.3688352e-48
   7.1563006e+02   7.3810522e-48
   7.1728031e+02   7.3933397e-48
   7.1893437e+02   7.4056979e-48
   7.2059223e+02   7.4181271e-48
   7.2225393e+02   7.4306276e-48
   7.2391945e+02   7.4431997e-48
   7.2558881e+02   7.4558437e-48
   7.2726203e+02   7.4685600e-48
   7.2893910e+02   7.4813487e-48
   7.3062004e+02   7.4942103e-48
   7.3230485e+02   7.5071450e-48
   7.3399355e+02   7.5201532e-48
   7.3568615e+02   7.5332351e-48
   7.3738265e+02   7.5463911e-48
   7.3908306e+02   7.5596214e-48
   7.4078739e+02   7.5729265e-48
   7.4249565e+02   7.5863066e-48
   7.4420785e+02   7.5997619e-48
   7.4592400e+02   7.6132930e-48
   7.4764410e+02   7.6269000e-48
   7.4936818e+02   7.6405833e-48
   7.5109623e+02   7.6543432e-48
   7.5282826e+02   7.6681801e-48
   7.5456429e+02   7.6820942e-48
   7.5630432e+02   7.6960859e-48
   7.5804836e+02   7.7101556e-48
   7.5979643e+02   7.7243035e-48
   7.6154852e+02   7.7385300e-48
   7.6330466e+02   7.7528355e-48
   7.6506485e+02   7.7672202e-48
   7.6682909e+02   7.7816845e-48
   7.6859741e+02   7.7962288e-48
   7.7036980e+02   7.8108534e-48
   7.7214628e+02   7.8255586e-48
   7.7392685e+02   7.8403448e-48
   7.7571153e+02   7.8552123e-48
   7.7750033e+02   7.8701614e-48
   7.7929325e+02   7.8851926e-48
   7.8109031e+02   7.9003062e-48
   7.8289151e+02   7.9155025e-48
   7.8469686e+02   7.9307819e-48
   7.8650638e+02   7.9461448e-48
   7.8832007e+02   7.9615914e-48
   7.9013794e+02   7.9771222e-48
   7.9196000e+02   7.9927375e-48
   7.9378627e+02   8.0084377e-48
   7.9561675e+02   8.0242232e-48
   7.9745144e+02   8.0400943e-48
   7.9929037e+02   8.0560514e-48
   8.0113354e+02   8.0720948e-48
   8.0298096e+02   8.0882250e-48
   8.0483264e+02   8.1044423e-48
   8.0668859e+02   8.1207471e-48
   8.0854882e+02   8.1371397e-48
   8.1041334e+02   8.1536206e-48
   8.1228216e+02   8.1701901e-48
   8.1415529e+02   8.1868486e-48
   8.1603274e+02   8.2035966e-48
   8.1791452e+02   8.2204343e-48
   8.1980064e+02   8.2373621e-48
   8.2169110e+02   8.2543806e-48
   8.2358593e+02   8.2714900e-48
   8.2548512e+02   8.2886907e-48
   8.2738870e+02   8.3059832e-48
   8.2929666e+02   8.3233679e-48
   8.3120903e+02   8.3408451e-48
   8.3312580e+02   8.3584153e-48
   8.3504700e+02   8.3760788e-48
   8.3697262e+02   8.3938361e-48
   8.3890269e+02   8.4116875e-48
   8.4083720e+02   8.4296336e-48
   8.4277618e+02   8.4476746e-48
   8.4471963e+02   8.4658111e-48
   8.4666756e+02   8.4840434e-48
   8.4861998e+02   8.5023719e-48
   8.5057690e+02   8.5207971e-48
   8.5253834e+02   8.5393194e-48
   8.5450430e+02   8.5579393e-48
   8.5647479e+02   8.5766571e-48
   8.5844983e+02   8.5954733e-48
   8.6042942e+02   8.6143882e-48
   8.6241358e+02   8.6334025e-48
   8.6440231e+02   8.6525164e-48
   8.6639563e+02   8.6717305e-48
   8.6839354e+02   8.6910452e-48
   8.7039607e+02   8.7104608e-48
   8.7240321e+02   8.7299780e-48
   8.7441498e+02   8.7495970e-48
   8.7643138e+02   8.7693185e-48
   8.7845244e+02   8.7891428e-48
   8.8047816e+02   8.8090704e-48
   8.8250855e+02   8.8291017e-48
   8.8454362e+02   8.8492373e-48
   8.8658338e+02   8.8694776e-48
   8.8862785e+02   8.8898231e-48
   8.9067703e+02   8.9102742e-48
   8.9273094e+02   8.9308316e-48
   8.9478959e+02   8.9514955e-48
   8.9685298e+02   8.9722667e-48
   8.9892113e+02   8.9931455e-48
   9.0099405e+02   9.0141325e-48
   9.0307175e+02   9.0352283e-48
   9.0515424e+02   9.0564333e-48
   9.0724153e+02   9.0777482e-48
   9.0933364e+02   9.0991735e-48
   9.1143057e+02   9.1207098e-48
   9.1353233e+02   9.1423579e-48
   9.1563894e+02   9.1641182e-48
   9.1775041e+02   9.1859917e-48
   9.1986675e+02   9.2079791e-48
   9.2198797e+02   9.2300812e-48
   9.2411408e+02   9.2522992e-48
   9.2624510e+02   9.2746341e-48
   9.2838103e+02   9.2970874e-48
   9.3052188e+02   9.3196608e-48
   9.3266767e+02   9.3423567e-48
   9.3481841e+02   9.3651779e-48
   9.3697411e+02   9.3881287e-48
   9.3913478e+02   9.4112152e-48
   9.4130043e+02   9.4344470e-48
   9.4347108e+02   9.4578394e-48
   9.4564673e+02   9.4814194e-48
   9.4782740e+02   9.5052379e-48
   9.5001309e+02   9.5294022e-48
   9.5220383e+02   9.5541721e-48
   9.5439962e+02   9.5803240e-48
   9.5660047e+02   9.6111551e-48
   9.5880640e+02   9.6771255e-48
   9.6101742e+02   1.3153121e-47
   9.6323353e+02   9.7056257e-48
   9.6545475e+02   9.7053966e-48
   9.6768110e+02   9.7249025e-48
   9.6991258e+02   9.7477619e-48
   9.7214920e+02   9.7717184e-48
   9.7439099e+02   9.7961908e-48
   9.7663794e+02   9.8209757e-48
   9.7889008e+02   9.8459870e-48
   9.8114740e+02   9.8711838e-48
   9.8340994e+02   9.8965445e-48
   9.8567769e+02   9.9220571e-48
   9.8795067e+02   9.9477144e-48
   9.9022889e+02   9.9735124e-48
   9.9251237e+02   9.9994484e-48
   9.9480111e+02   1.0025521e-47
   9.9709513e+02   1.0051729e-47
   9.9939443e+02   1.0078072e-47
   1.0016990e+03   1.0104550e-47
   1.0040090e+03   1.0131163e-47
   1.0063242e+03   1.0157911e-47
   1.0086448e+03   1.0184794e-47
   1.0109708e+03   1.0211813e-47
   1.0133021e+03   1.0238968e-47
   1.0156387e+03   1.0266259e-47
   1.0179808e+03   1.0293688e-47
   1.0203283e+03   1.0321253e-47
   1.0226812e+03   1.0348957e-47
   1.0250395e+03   1.0376799e-47
   1.0274032e+03   1.0404781e-47
   1.0297724e+03   1.0432902e-47
   1.0321471e+03   1.0461163e-47
   1.0345272e+03   1.0489565e-47
   1.0369129e+03   1.0518109e-47
   1.0393040e+03   1.0546794e-47
   1.0417006e+03   1.0575622e-47
   1.0441028e+03   1.0604594e-47
   1.0465105e+03   1.0633709e-47
   1.0489238e+03   1.0662969e-47
   1.0513426e+03   1.0692374e-47
   1.0537670e+03   1.0721925e-47
   1.0561970e+03   1.0751622e-47
   1.0586326e+03   1.0781466e-47
   1.0610738e+03   1.0811458e-47
   1.0635207e+03   1.0841598e-47
   1.0659731e+03   1.0871888e-47
   1.0684313e+03   1.0902327e-47
   1.0708951e+03   1.0932916e-47
   1.0733646e+03   1.0963657e-47
   1.0758398e+03   1.0994549e-47
   1.0783207e+03   1.1025593e-47
   1.0808073e+03   1.1056791e-47
   1.0832996e+03   1.1088143e-47
   1.0857977e+03   1.1119648e-47
   1.0883016e+03   1.1151309e-47
   1.0908112e+03   1.1183126e-47
   1.0933266e+03   1.1215100e-47
   1.0958479e+03   1.1247230e-47
   1.0983749e+03   1.1279519e-47
   1.1009078e+03   1.1311966e-47
   1.1034465e+03   1.1344572e-47
   1.1059910e+03   1.1377339e-47
   1.1085414e+03   1.1410266e-47
   1.1110977e+03   1.1443355e-47
   1.1136599e+03   1.1476606e-47
   1.1162281e+03   1.1510020e-47
   1.1188021e+03   1.1543598e-47
   1.1213820e+03   1.1577340e-47
   1.1239680e+03   1.1611247e-47
   1.1265598e+03   1.1645320e-47
   1.1291577e+03   1.1679560e-47
   1.1317615e+03   1.1713967e-47
   1.1343714e+03   1.1748543e-47
   1.1369873e+03   1.1783287e-47
   1.1396092e+03   1.1818201e-47
   1.1422371e+03   1.1853286e-47
   1.1448711e+03   1.1888541e-47
   1.1475112e+03   1.1923969e-47
   1.1501574e+03   1.1959569e-47
   1.1528096e+03   1.1995343e-47
   1.1554680e+03   1.2031291e-47
   1.1581325e+03   1.2067415e-47
   1.1608032e+03   1.2103714e-47
   1.1634800e+03   1.2140190e-47
   1.1661630e+03   1.2176843e-47
   1.1688522e+03   1.2213675e-47
   1.1715476e+03   1.2250686e-47
   1.1742492e+03   1.2287876e-47
   1.1769570e+03   1.2325247e-47
   1.1796711e+03   1.2362800e-47
   1.1823914e+03   1.2400536e-47
   1.1851180e+03   1.2438454e-47
   1.1878509e+03   1.2476556e-47
   1.1905901e+03   1.2514843e-47
   1.1933356e+03   1.2553316e-47
   1.1960875e+03   1.2591975e-47
   1.1988456e+03   1.2630822e-47
   1.2016102e+03   1.2669857e-47
   1.2043811e+03   1.2709081e-47
   1.2071584e+03   1.2748495e-47
   1.2099421e+03   1.2788099e-47
   1.2127323e+03   1.2827895e-47
   1.2155288e+03   1.2867884e-47
   1.2183319e+03   1.2908066e-47
   1.2211413e+03   1.2948442e-47
   1.2239573e+03   1.2989013e-47
   1.2267798e+03   1.3029780e-47
   1.2296087e+03   1.3070745e-47
   1.2324442e+03   1.3111906e-47
   1.2352862e+03   1.3153267e-47
   1.2381348e+03   1.3194827e-47
   1.2409900e+03   1.3236588e-47
   1.2438517e+03   1.3278550e-47
   1.2467200e+03   1.3320714e-47
   1.2495950e+03   1.3363081e-47
   1.2524766e+03   1.3405653e-47
   1.2553648e+03   1.3448429e-47
   1.2582597e+03   1.3491412e-47
   1.2611612e+03   1.3534601e-47
   1.2640695e+03   1.3577999e-47
   1.2669844e+03   1.3621605e-47
   1.2699061e+03   1.3665421e-47
   1.2728345e+03   1.3709447e-47
   1.2757697e+03   1.3753685e-47
   1.2787116e+03   1.3798136e-47
   1.2816603e+03   1.3842800e-47
   1.2846158e+03   1.3887679e-47
   1.2875782e+03   1.3932774e-47
   1.2905473e+03   1.3978085e-47
   1.2935233e+03   1.4023613e-47
   1.2965062e+03   1.4069360e-47
   1.2994960e+03   1.4115326e-47
   1.3024926e+03   1.4161513e-47
   1.3054962e+03   1.4207921e-47
   1.3085067e+03   1.4254551e-47
   1.3115241e+03   1.4301405e-47
   1.3145485e+03   1.4348484e-47
   1.3175798e+03   1.4395788e-47
   1.3206182e+03   1.4443319e-47
   1.3236635e+03   1.4491077e-47
   1.3267159e+03   1.4539064e-47
   1.3297753e+03   1.4587280e-47
   1.3328418e+03   1.4635727e-47
   1.3359154e+03   1.4684406e-47
   1.3389960e+03   1.4733318e-47
   1.3420837e+03   1.4782463e-47
   1.3451786e+03   1.4831843e-47
   1.3482806e+03   1.4881460e-47
   1.3513897e+03   1.4931313e-47
   1.3545060e+03   1.4981405e-47
   1.3576295e+03   1.5031735e-47
   1.3607602e+03   1.5082307e-47
   1.3638982e+03   1.5133119e-47
   1.3670433e+03   1.5184174e-47
   1.3701957e+03   1.5235473e-47
   1.3733554e+03   1.5287017e-47
   1.3765224e+03   1.5338806e-47
   1.3796966e+03   1.5390843e-47
   1.3828782e+03   1.5443128e-47
   1.3860672e+03   1.5495662e-47
   1.3892634e+03   1.5548447e-47
   1.3924671e+03   1.5601484e-47
   1.3956781e+03   1.5654774e-47
   1.3988966e+03   1.5708318e-47
   1.4021224e+03   1.5762118e-47
   1.4053558e+03   1.5816175e-47
   1.4085965e+03   1.5870492e-47
   1.4118448e+03   1.5925069e-47
   1.4151005e+03   1.5979910e-47
   1.4183637e+03   1.6035019e-47
   1.4216345e+03   1.6090400e-47
   1.4249128e+03   1.6146066e-47
   1.4281986e+03   1.6202042e-47
   1.4314921e+03   1.6258400e-47
   1.4347931e+03   1.6315440e-47
   1.4381017e+03   1.6375816e-47
   1.4414180e+03   1.7103114e-47
   1.4447419e+03   1.6488615e-47
   1.4480735e+03   1.6543567e-47
   1.4514128e+03   1.6600823e-47
   1.4547598e+03   1.6658678e-47
   1.4581144e+03   1.6716904e-47
   1.4614769e+03   1.6775445e-47
   1.4648470e+03   1.6834283e-47
   1.4682250e+03   1.6893409e-47
   1.4716107e+03   1.6952822e-47
   1.4750043e+03   1.7012520e-47
   1.4784056e+03   1.7072503e-47
   1.4818149e+03   1.7132773e-47
   1.4852319e+03   1.7193328e-47
   1.4886569e+03   1.7254172e-47
   1.4920897e+03   1.7315304e-47
   1.4955305e+03   1.7376727e-47
   1.4989792e+03   1.7438440e-47
   1.5024359e+03   1.7500446e-47
   1.5059005e+03   1.7562746e-47
   1.5093731e+03   1.7625341e-47
   1.5128538e+03   1.7688232e-47
   1.5163424e+03   1.7751421e-47
   1.5198391e+03   1.7814908e-47
   1.5233439e+03   1.7878696e-47
   1.5268567e+03   1.7942786e-47
   1.5303776e+03   1.8007179e-47
   1.5339067e+03   1.8071877e-47
   1.5374439e+03   1.8136880e-47
   1.5409893e+03   1.8202190e-47
   1.5445428e+03   1.8267809e-47
   1.5481045e+03   1.8333739e-47
   1.5516745e+03   1.8399979e-47
   1.5552526e+03   1.8466533e-47
   1.5588391e+03   1.8533400e-47
   1.5624338e+03   1.8600584e-47
   1.5660367e+03   1.8668085e-47
   1.5696480e+03   1.8735904e-47
   1.5732677e+03   1.8804043e-47
   1.5768956e+03   1.8872504e-47
   1.5805320e+03   1.8941288e-47
   1.5841767e+03   1.9010397e-47
   1.5878298e+03   1.9079831e-47
   1.5914913e+03   1.9149593e-47
   1.5951613e+03   1.9219684e-47
   1.5988398e+03   1.9290106e-47
   1.6025267e+03   1.9360859e-47
   1.6062222e+03   1.9431946e-47
   1.6099261e+03   1.9503368e-47
   1.6136386e+03   1.9575126e-47
   1.6173597e+03   1.9647223e-47
   1.6210893e+03   1.9719659e-47
   1.6248276e+03   1.9792436e-47
   1.6285744e+03   1.9865556e-47
   1.6323300e+03   1.9939021e-47
   1.6360941e+03   2.0012831e-47
   1.6398670e+03   2.0086989e-47
   1.6436485e+03   2.0161496e-47
   1.6474388e+03   2.0236354e-47
   1.6512378e+03   2.0311564e-47
   1.6550456e+03   2.0387127e-47
   1.6588621e+03   2.0463047e-47
   1.6626874e+03   2.0539323e-47
   1.6665216e+03   2.0615958e-47
   1.6703646e+03   2.0692954e-47
   1.6742165e+03   2.0770312e-47
   1.6780773e+03   2.0848033e-47
   1.6819469e+03   2.0926120e-47
   1.6858255e+03   2.1004574e-47
   1.6897130e+03   2.1083397e-47
   1.6936095e+03   2.1162590e-47
   1.6975150e+03   2.1242155e-47
   1.7014295e+03   2.1322094e-47
   1.7053530e+03   2.1402409e-47
   1.7092855e+03   2.1483101e-47
   1.7132272e+03   2.1564172e-47
   1.7171779e+03   2.1645624e-47
   1.7211377e+03   2.1727458e-47
   1.7251067e+03   2.1809676e-47
   1.7290848e+03   2.1892281e-47
   1.7330721e+03   2.1975273e-47
   1.7370685e+03   2.2058655e-47
   1.7410742e+03   2.2142428e-47
   1.7450892e+03   2.2226594e-47
   1.7491133e+03   2.2311155e-47
   1.7531468e+03   2.2396113e-47
   1.7571896e+03   2.2481470e-47
   1.7612417e+03   2.2567227e-47
   1.7653031e+03   2.2653386e-47
   1.7693739e+03   2.2739949e-47
   1.7734541e+03   2.2826918e-47
   1.7775437e+03   2.2914295e-47
   1.7816427e+03   2.3002081e-47
   1.7857512e+03   2.3090280e-47
   1.7898692e+03   2.3178891e-47
   1.7939966e+03   2.3267918e-47
   1.7981336e+03   2.3357362e-47
   1.8022801e+03   2.3447225e-47
   1.8064362e+03   2.3537509e-47
   1.8106018e+03   2.3628217e-47
   1.8147771e+03   2.3719349e-47
   1.8189620e+03   2.3810908e-47
   1.8231565e+03   2.3902896e-47
   1.8273607e+03   2.3995315e-47
   1.8315746e+03   2.4088167e-47
   1.8357983e+03   2.4181453e-47
   1.8400316e+03   2.4275176e-47
   1.8442748e+03   2.4369338e-47
   1.8485277e+03   2.4463941e-47
   1.8527904e+03   2.4558987e-47
   1.8570629e+03   2.4654478e-47
   1.8613453e+03   2.4750415e-47
   1.8656376e+03   2.4846802e-47
   1.8699398e+03   2.4943640e-47
   1.8742519e+03   2.5040931e-47
   1.8785739e+03   2.5138678e-47
   1.8829059e+03   2.5236882e-47
   1.8872479e+03   2.5335547e-47
   1.8915999e+03   2.5434674e-47
   1.8959620e+03   2.5534267e-47
   1.9003341e+03   2.5634331e-47
   1.9047163e+03   2.5734871e-47
   1.9091086e+03   2.5835907e-47
   1.9135110e+03   2.5937509e-47
   1.9179235e+03   2.6040379e-47
   1.9223463e+03   2.6165556e-47
   1.9267792e+03   2.6245064e-47
   1.9312224e+03   2.6348043e-47
   1.9356758e+03   2.6451813e-47
   1.9401395e+03   2.6556122e-47
   1.9446135e+03   2.6660936e-47
   1.9490978e+03   2.6766246e-47
   1.9535924e+03   2.6872051e-47
   1.9580974e+03   2.6978352e-47
   1.9626128e+03   2.7085151e-47
   1.9671386e+03   2.7192450e-47
   1.9716748e+03   2.7300249e-47
   1.9762215e+03   2.7408553e-47
   1.9807787e+03   2.7517363e-47
   1.9853464e+03   2.7626680e-47
   1.9899246e+03   2.7736509e-47
   1.9945134e+03   2.7846850e-47
   1.9991128e+03   2.7957706e-47
   2.0037227e+03   2.8069080e-47
   2.0083433e+03   2.8180974e-47
   2.0129746e+03   2.8293389e-47
   2.0176165e+03   2.8406330e-47
   2.0222692e+03   2.8519798e-47
   2.0269325e+03   2.8633795e-47
   2.0316067e+03   2.8748324e-47
   2.0362916e+03   2.8863387e-47
   2.0409873e+03   2.8978987e-47
   2.0456938e+03   2.9095127e-47
   2.0504112e+03   2.9211808e-47
   2.0551394e+03   2.9329033e-47
   2.0598786e+03   2.9446806e-47
   2.0646287e+03   2.9565127e-47
   2.0693898e+03   2.9684000e-47
   2.0741618e+03   2.9803428e-47
   2.0789448e+03   2.9923412e-47
   2.0837389e+03   3.0043956e-47
   2.0885440e+03   3.0165062e-47
   2.0933602e+03   3.0286732e-47
   2.0981875e+03   3.0408969e-47
   2.1030259e+03   3.0531777e-47
   2.1078755e+03   3.0655156e-47
   2.1127363e+03   3.0779111e-47
   2.1176083e+03   3.0903644e-47
   2.1224915e+03   3.1028756e-47
   2.1273860e+03   3.1154452e-47
   2.1322918e+03   3.1280733e-47
   2.1372088e+03   3.1407603e-47
   2.1421373e+03   3.1535064e-47
   2.1470771e+03   3.1663119e-47
   2.1520282e+03   3.1791770e-47
   2.1569908e+03   3.1921020e-47
   2.1619649e+03   3.2050873e-47
   2.1669504e+03   3.2181330e-47
   2.1719474e+03   3.2312395e-47
   2.1769559e+03   3.2444070e-47
   2.1819760e+03   3.2576359e-47
   2.1870076e+03   3.2709263e-47
   2.1920509e+03   3.2842787e-47
   2.1971058e+03   3.2976932e-47
   2.2021723e+03   3.3111701e-47
   2.2072505e+03   3.3247098e-47
   2.2123405e+03   3.3383126e-47
   2.2174421e+03   3.3519786e-47
   2.2225556e+03   3.3657083e-47
   2.2276808e+03   3.3795018e-47
   2.2328179e+03   3.3933596e-47
   2.2379668e+03   3.4072819e-47
   2.2431275e+03   3.4212689e-47
   2.2483002e+03   3.4353210e-47
   2.2534848e+03   3.4494386e-47
   2.2586814e+03   3.4636218e-47
   2.2638899e+03   3.4778710e-47
   2.2691104e+03   3.4921865e-47
   2.2743430e+03   3.5065686e-47
   2.2795877e+03   3.5210176e-47
   2.2848444e+03   3.5355339e-47
   2.2901133e+03   3.5501176e-47
   2.2953943e+03   3.5647692e-47
   2.3006875e+03   3.5794890e-47
   2.3059929e+03   3.5942772e-47
   2.3113105e+03   3.6091341e-47
   2.3166404e+03   3.6240602e-47
   2.3219826e+03   3.6390557e-47
   2.3273371e+03   3.6541209e-47
   2.3327040e+03   3.6692562e-47
   2.3380832e+03   3.6844619e-47
   2.3434749e+03   3.6997382e-47
   2.3488789e+03   3.7150856e-47
   2.3542955e+03   3.7305044e-47
   2.3597245e+03   3.7459949e-47
   2.3651660e+03   3.7615574e-47
   2.3706201e+03   3.7771923e-47
   2.3760868e+03   3.7929000e-47
   2.3815661e+03   3.8086811e-47
   2.3870580e+03   3.8245363e-47
   2.3925626e+03   3.8404684e-47
   2.3980798e+03   3.8565077e-47
   2.4036098e+03   3.8727771e-47
   2.4091526e+03   3.8887012e-47
   2.4147081e+03   3.9049180e-47
   2.4202764e+03   3.9212169e-47
   2.4258576e+03   3.9375928e-47
   2.4314516e+03   3.9540452e-47
   2.4370586e+03   3.9705742e-47
   2.4426785e+03   3.9871801e-47
   2.4483113e+03   4.0038632e-47
   2.4539571e+03   4.0206238e-47
   2.4596160e+03   4.0374623e-47
   2.4652879e+03   4.0543791e-47
   2.4709728e+03   4.0713744e-47
   2.4766709e+03   4.0884486e-47
   2.4823821e+03   4.1056022e-47
   2.4881065e+03   4.1228354e-47
   2.4938441e+03   4.1401487e-47
   2.4995949e+03   4.1575424e-47
   2.5053590e+03   4.1750168e-47
   2.5111364e+03   4.1925724e-47
   2.5169271e+03   4.2102095e-47
   2.5227312e+03   4.2279285e-47
   2.5285486e+03   4.2457298e-47
   2.5343794e+03   4.2636137e-47
   2.5402237e+03   4.2815807e-47
   2.5460815e+03   4.2996311e-47
   2.5519528e+03   4.3177653e-47
   2.5578376e+03   4.3359836e-47
   2.5637360e+03   4.3542866e-47
   2.5696480e+03   4.3726745e-47
   2.5755736e+03   4.3911477e-47
   2.5815129e+03   4.4097067e-47
   2.5874659e+03   4.4283519e-47
   2.5934326e+03   4.4470836e-47
   2.5994131e+03   4.4659022e-47
   2.6054074e+03   4.4848082e-47
   2.6114155e+03   4.5038019e-47
   2.6174374e+03   4.5228837e-47
   2.6234732e+03   4.5420541e-47
   2.6295230e+03   4.5613135e-47
   2.6355867e+03   4.5806622e-47
   2.6416644e+03   4.6001007e-47
   2.6477561e+03   4.6196294e-47
   2.6538618e+03   4.6392487e-47
   2.6599816e+03   4.6589590e-47
   2.6661156e+03   4.6787608e-47
   2.6722637e+03   4.6986545e-47
   2.6784259e+03   4.7186404e-47
   2.6846024e+03   4.7387191e-47
   2.6907931e+03   4.7588909e-47
   2.6969981e+03   4.7791562e-47
   2.7032174e+03   4.7995156e-47
   2.7094510e+03   4.8199694e-47
   2.7156991e+03   4.8405181e-47
   2.7219615e+03   4.8611621e-47
   2.7282383e+03   4.8819019e-47
   2.7345297e+03   4.9027378e-47
   2.7408355e+03   4.9236704e-47
   2.7471559e+03   4.9447000e-47
   2.7534909e+03   4.9658272e-47
   2.7598405e+03   4.9870524e-47
   2.7662047e+03   5.0083760e-47
   2.7725836e+03   5.0297984e-47
   2.7789772e+03   5.0513202e-47
   2.7853855e+03   5.0729418e-47
   2.7918086e+03   5.0946637e-47
   2.7982465e+03   5.1164863e-47
   2.8046993e+03   5.1384100e-47
   2.8111670e+03   5.1604355e-47
   2.8176496e+03   5.1825630e-47
   2.8241471e+03   5.2047931e-47
   2.8306596e+03   5.2271263e-47
   2.8371871e+03   5.2495630e-47
   2.8437297e+03   5.2721038e-47
   2.8502873e+03   5.2947491e-47
   2.8568601e+03   5.3174995e-47
   2.8634481e+03   5.3403556e-47
   2.8700512e+03   5.3633185e-47
   2.8766696e+03   5.3863951e-47
   2.8833032e+03   5.4099182e-47
   2.8899521e+03   5.4328473e-47
   2.8966164e+03   5.4562333e-47
   2.9032960e+03   5.4797311e-47
   2.9099910e+03   5.5033383e-47
   2.9167015e+03   5.5270552e-47
   2.9234274e+03   5.5508820e-47
   2.9301688e+03   5.5748192e-47
   2.9369258e+03   5.5988674e-47
   2.9436984e+03   5.6230271e-47
   2.9504866e+03   5.6472987e-47
   2.9572904e+03   5.6716828e-47
   2.9641100e+03   5.6961799e-47
   2.9709452e+03   5.7207905e-47
   2.9777963e+03   5.7455152e-47
   2.9846631e+03   5.7703544e-47
   2.9915457e+03   5.7953087e-47
   2.9984443e+03   5.8203786e-47
   3.0053587e+03   5.8455646e-47
   3.0122891e+03   5.8708674e-47
   3.0192354e+03   5.8962874e-47
   3.0261978e+03   5.9218251e-47
   3.0331763e+03   5.9474811e-47
   3.0401708e+03   5.9732561e-47
   3.0471814e+03   5.9991504e-47
   3.0542083e+03   6.0251646e-47
   3.0612513e+03   6.0512994e-47
   3.0683106e+03   6.0775552e-47
   3.0753861e+03   6.1039327e-47
   3.0824780e+03   6.1304323e-47
   3.0895862e+03   6.1570547e-47
   3.0967108e+03   6.1838004e-47
   3.1038518e+03   6.2106699e-47
   3.1110093e+03   6.2376640e-47
   3.1181833e+03   6.2647830e-47
   3.1253739e+03   6.2920276e-47
   3.1325810e+03   6.3193985e-47
   3.1398048e+03   6.3468961e-47
   3.1470452e+03   6.3745210e-47
   3.1543023e+03   6.4022738e-47
   3.1615762e+03   6.4301552e-47
   3.1688668e+03   6.4581657e-47
   3.1761742e+03   6.4863060e-47
   3.1834985e+03   6.5145765e-47
   3.1908397e+03   6.5429779e-47
   3.1981978e+03   6.5715109e-47
   3.2055728e+03   6.6001760e-47
   3.2129649e+03   6.6289738e-47
   3.2203740e+03   6.6579049e-47
   3.2278002e+03   6.6869700e-47
   3.2352436e+03   6.7161697e-47
   3.2427041e+03   6.7455046e-47
   3.2501818e+03   6.7749753e-47
   3.2576767e+03   6.8045824e-47
   3.2651889e+03   6.8343267e-47
   3.2727185e+03   6.8642086e-47
   3.2802654e+03   6.8942289e-47
   3.2878297e+03   6.9243881e-47
   3.2954115e+03   6.9546870e-47
   3.3030107e+03   6.9851262e-47
   3.3106275e+03   7.0157063e-47
   3.3182618e+03   7.0464279e-47
   3.3259138e+03   7.0772918e-47
   3.3335833e+03   7.1082986e-47
   3.3412706e+03   7.1394490e-47
   3.3489756e+03   7.1707441e-47
   3.3566984e+03   7.2021879e-47
   3.3644389e+03   7.2338335e-47
   3.3721974e+03   7.2655003e-47
   3.3799737e+03   7.2973767e-47
   3.3877679e+03   7.3294018e-47
   3.3955801e+03   7.3615753e-47
   3.4034104e+03   7.3938978e-47
   3.4112587e+03   7.4263700e-47
   3.4191251e+03   7.4589924e-47
   3.4270096e+03   7.4917659e-47
   3.4349123e+03   7.5246910e-47
   3.4428332e+03   7.5577685e-47
   3.4507724e+03   7.5909991e-47
   3.4587299e+03   7.6243835e-47
   3.4667058e+03   7.6579224e-47
   3.4747000e+03   7.6916165e-47
   3.4827127e+03   7.7254665e-47
   3.4907439e+03   7.7594732e-47
   3.4987936e+03   7.7936372e-47
   3.5068618e+03   7.8279594e-47
   3.5149487e+03   7.8624404e-47
   3.5230542e+03   7.8970809e-47
   3.5311784e+03   7.9318817e-47
   3.5393213e+03   7.9668436e-47
   3.5474830e+03   8.0019672e-47
   3.5556635e+03   8.0372534e-47
   3.5638629e+03   8.0727028e-47
   3.5720812e+03   8.1083162e-47
   3.5803184e+03   8.1440945e-47
   3.5885747e+03   8.1800383e-47
   3.5968500e+03   8.2161483e-47
   3.6051443e+03   8.2524255e-47
   3.6134578e+03   8.2888705e-47
   3.6217905e+03   8.3254841e-47
   3.6301424e+03   8.3622671e-47
   3.6385135e+03   8.3992203e-47
   3.6469039e+03   8.4363445e-47
   3.6553137e+03   8.4736404e-47
   3.6637429e+03   8.5111089e-47
   3.6721915e+03   8.5487507e-47
   3.6806596e+03   8.5865666e-47
   3.6891472e+03   8.6245575e-47
   3.6976544e+03   8.6627241e-47
   3.7061813e+03   8.7010673e-47
   3.7147277e+03   8.7395879e-47
   3.7232939e+03   8.7782867e-47
   3.7318799e+03   8.8171645e-47
   3.7404856e+03   8.8562221e-47
   3.7491112e+03   8.8954604e-47
   3.7577567e+03   8.9348802e-47
   3.7664221e+03   8.9744824e-47
   3.7751075e+03   9.0142678e-47
   3.7838129e+03   9.0542371e-47
   3.7925384e+03   9.0943914e-47
   3.8012841e+03   9.1347314e-47
   3.8100498e+03   9.1752580e-47
   3.8188359e+03   9.2159722e-47
   3.8276421e+03   9.2568748e-47
   3.8364687e+03   9.2979687e-47
   3.8453156e+03   9.3392725e-47
   3.8541829e+03   9.3807209e-47
   3.8630707e+03   9.4223846e-47
   3.8719790e+03   9.4642415e-47
   3.8809078e+03   9.5062920e-47
   3.8898572e+03   9.5485371e-47
   3.8988272e+03   9.5909776e-47
   3.9078180e+03   9.6336144e-47
   3.9168294e+03   9.6764483e-47
   3.9258617e+03   9.7194804e-47
   3.9349147e+03   9.7627114e-47
   3.9439887e+03   9.8061425e-47
   3.9530835e+03   9.8497743e-47
   3.9621994e+03   9.8936079e-47
   3.9713362e+03   9.9376443e-47
   3.9804942e+03   9.9818843e-47
   3.9896732e+03   1.0026329e-46
   3.9988734e+03   1.0070979e-46
   4.0080949e+03   1.0115836e-46
   4.0173376e+03   1.0160900e-46
   4.0266016e+03   1.0206172e-46
   4.0358870e+03   1.0251654e-46
   4.0451937e+03   1.0297346e-46
   4.0545220e+03   1.0343249e-46
   4.0638718e+03   1.0389365e-46
   4.0732431e+03   1.0435694e-46
   4.0826360e+03   1.0482237e-46
   4.0920506e+03   1.0528995e-46
   4.1014869e+03   1.0575970e-46
   4.1109450e+03   1.0623161e-46
   4.1204248e+03   1.0670571e-46
   4.1299266e+03   1.0718201e-46
   4.1394502e+03   1.0766050e-46
   4.1489958e+03   1.0814121e-46
   4.1585634e+03   1.0862413e-46
   4.1681531e+03   1.0910930e-46
   4.1777649e+03   1.0959670e-46
   4.1873988e+03   1.1008636e-46
   4.1970550e+03   1.1057828e-46
   4.2067335e+03   1.1107248e-46
   4.2164342e+03   1.1156896e-46
   4.2261574e+03   1.1206774e-46
   4.2359029e+03   1.1256882e-46
   4.2456709e+03   1.1307222e-46
   4.2554615e+03   1.1357795e-46
   4.2652746e+03   1.1408601e-46
   4.2751104e+03   1.1459643e-46
   4.2849688e+03   1.1510920e-46
   4.2948500e+03   1.1562435e-46
   4.3047539e+03   1.1614188e-46
   4.3146807e+03   1.1666180e-46
   4.3246304e+03   1.1718473e-46
   4.3346030e+03   1.1770886e-46
   4.3445987e+03   1.1823602e-46
   4.3546173e+03   1.1876562e-46
   4.3646591e+03   1.1929766e-46
   4.3747241e+03   1.1983217e-46
   4.3848122e+03   1.2036915e-46
   4.3949236e+03   1.2090861e-46
   4.4050583e+03   1.2145057e-46
   4.4152164e+03   1.2199503e-46
   4.4253980e+03   1.2254200e-46
   4.4356030e+03   1.2309151e-46
   4.4458315e+03   1.2364355e-46
   4.4560836e+03   1.2419815e-46
   4.4663594e+03   1.2475531e-46
   4.4766588e+03   1.2531505e-46
   4.4869821e+03   1.2587738e-46
   4.4973291e+03   1.2644230e-46
   4.5076999e+03   1.2700983e-46
   4.5180947e+03   1.2757999e-46
   4.5285135e+03   1.2815279e-46
   4.5389563e+03   1.2872823e-46
   4.5494231e+03   1.2930633e-46
   4.5599142e+03   1.2988710e-46
   4.5704294e+03   1.3047056e-46
   4.5809688e+03   1.3105671e-46
   4.5915325e+03   1.3164558e-46
   4.6021207e+03   1.3223716e-46
   4.6127332e+03   1.3283149e-46
   4.6233702e+03   1.3342855e-46
   4.6340317e+03   1.3402838e-46
   4.6447178e+03   1.3463098e-46
   4.6554286e+03   1.3523636e-46
   4.6661640e+03   1.3584455e-46
   4.6769242e+03   1.3645554e-46
   4.6877093e+03   1.3706936e-46
   4.6985192e+03   1.3768601e-46
   4.7093540e+03   1.3830552e-46
   4.7202138e+03   1.3892789e-46
   4.7310986e+03   1.3955313e-46
   4.7420086e+03   1.4018126e-46
   4.7529437e+03   1.4081233e-46
   4.7639040e+03   1.4144626e-46
   4.7748896e+03   1.4208314e-46
   4.7859005e+03   1.4272297e-46
   4.7969369e+03   1.4336576e-46
   4.8079986e+03   1.4401154e-46
   4.8190859e+03   1.4466025e-46
   4.8301988e+03   1.4531198e-46
   4.8413372e+03   1.4596673e-46
   4.8525014e+03   1.4662451e-46
   4.8636913e+03   1.4728532e-46
   4.8749070e+03   1.4794919e-46
   4.8861486e+03   1.4861613e-46
   4.8974161e+03   1.4928615e-46
   4.9087096e+03   1.4995927e-46
   4.9200291e+03   1.5063549e-46
   4.9313747e+03   1.5131484e-46
   4.9427465e+03   1.5199733e-46
   4.9541445e+03   1.5268298e-46
   4.9655688e+03   1.5337179e-46
   4.9770194e+03   1.5406379e-46
   4.9884965e+03   1.5475899e-46
   5.0000000e+03   1.5545739e-46
