   5.0000000e+00   1.6473154e-20
   5.0115300e+00   1.6055380e-20
   5.0230867e+00   1.5649909e-20
   5.0346699e+00   1.5256682e-20
   5.0462799e+00   1.4875781e-20
   5.0579167e+00   1.4507046e-20
   5.0695803e+00   1.4145340e-20
   5.0812708e+00   1.3764798e-20
   5.0929882e+00   1.3377324e-20
   5.1047327e+00   1.3037849e-20
   5.1165042e+00   1.2718625e-20
   5.1283029e+00   1.2406892e-20
   5.1401288e+00   1.2102122e-20
   5.1519820e+00   1.1804573e-20
   5.1638625e+00   1.1514376e-20
   5.1757704e+00   1.1231542e-20
   5.1877058e+00   1.0955994e-20
   5.1996687e+00   1.0687611e-20
   5.2116592e+00   1.0426242e-20
   5.2236773e+00   1.0171725e-20
   5.2357231e+00   9.9238901e-21
   5.2477968e+00   9.6825649e-21
   5.2598982e+00   9.4475776e-21
   5.2720276e+00   9.2187575e-21
   5.2841849e+00   8.9959368e-21
   5.2963703e+00   8.7789511e-21
   5.3085838e+00   8.5676395e-21
   5.3208254e+00   8.3618453e-21
   5.3330953e+00   8.1614157e-21
   5.3453934e+00   7.9662019e-21
   5.3577199e+00   7.7760594e-21
   5.3700749e+00   7.5908477e-21
   5.3824583e+00   7.4104303e-21
   5.3948703e+00   7.2346746e-21
   5.4073109e+00   7.0634519e-21
   5.4197802e+00   6.8966372e-21
   5.4322783e+00   6.7341092e-21
   5.4448051e+00   6.5757501e-21
   5.4573609e+00   6.4214457e-21
   5.4699456e+00   6.2710850e-21
   5.4825594e+00   6.1245604e-21
   5.4952022e+00   5.9817674e-21
   5.5078742e+00   5.8426045e-21
   5.5205754e+00   5.7069733e-21
   5.5333058e+00   5.5747783e-21
   5.5460657e+00   5.4459267e-21
   5.5588550e+00   5.3203284e-21
   5.5716737e+00   5.1978961e-21
   5.5845220e+00   5.0785450e-21
   5.5974000e+00   4.9621926e-21
   5.6103076e+00   4.8487589e-21
   5.6232451e+00   4.7381662e-21
   5.6362123e+00   4.6303393e-21
   5.6492094e+00   4.5252046e-21
   5.6622366e+00   4.4226912e-21
   5.6752937e+00   4.3227300e-21
   5.6883810e+00   4.2252539e-21
   5.7014985e+00   4.1301975e-21
   5.7146461e+00   4.0374977e-21
   5.7278242e+00   3.9470929e-21
   5.7410326e+00   3.8589233e-21
   5.7542714e+00   3.7729308e-21
   5.7675408e+00   3.6890590e-21
   5.7808408e+00   3.6072531e-21
   5.7941715e+00   3.5274596e-21
   5.8075329e+00   3.4496270e-21
   5.8209251e+00   3.3737046e-21
   5.8343482e+00   3.2996437e-21
   5.8478023e+00   3.2273966e-21
   5.8612873e+00   3.1569171e-21
   5.8748035e+00   3.0881602e-21
   5.8883508e+00   3.0210821e-21
   5.9019294e+00   2.9556404e-21
   5.9155393e+00   2.8917936e-21
   5.9291806e+00   2.8295016e-21
   5.9428533e+00   2.7687252e-21
   5.9565576e+00   2.7094263e-21
   5.9702935e+00   2.6515681e-21
   5.9840610e+00   2.5951144e-21
   5.9978603e+00   2.5400302e-21
   6.0116914e+00   2.4862815e-21
   6.0255544e+00   2.4338351e-21
   6.0394494e+00   2.3826586e-21
   6.0533764e+00   2.3327208e-21
   6.0673355e+00   2.2839910e-21
   6.0813269e+00   2.2364395e-21
   6.0953505e+00   2.1900373e-21
   6.1094064e+00   2.1447563e-21
   6.1234947e+00   2.1005690e-21
   6.1376155e+00   2.0574486e-21
   6.1517689e+00   2.0153693e-21
   6.1659550e+00   1.9743055e-21
   6.1801737e+00   1.9342328e-21
   6.1944252e+00   1.8951269e-21
   6.2087096e+00   1.8569647e-21
   6.2230269e+00   1.8197232e-21
   6.2373773e+00   1.7833802e-21
   6.2517607e+00   1.7479142e-21
   6.2661773e+00   1.7133040e-21
   6.2806272e+00   1.6795291e-21
   6.2951104e+00   1.6465696e-21
   6.3096269e+00   1.6144059e-21
   6.3241770e+00   1.5830189e-21
   6.3387606e+00   1.5523903e-21
   6.3533778e+00   1.5225019e-21
   6.3680288e+00   1.4933361e-21
   6.3827135e+00   1.4648758e-21
   6.3974321e+00   1.4371042e-21
   6.4121846e+00   1.4100051e-21
   6.4269711e+00   1.3835625e-21
   6.4417918e+00   1.3577609e-21
   6.4566466e+00   1.3325851e-21
   6.4715357e+00   1.3080205e-21
   6.4864591e+00   1.2840525e-21
   6.5014169e+00   1.2606672e-21
   6.5164092e+00   1.2378508e-21
   6.5314361e+00   1.2155900e-21
   6.5464977e+00   1.1938717e-21
   6.5615939e+00   1.1726832e-21
   6.5767250e+00   1.1520120e-21
   6.5918910e+00   1.1318460e-21
   6.6070920e+00   1.1121733e-21
   6.6223280e+00   1.0929824e-21
   6.6375991e+00   1.0742619e-21
   6.6529055e+00   1.0560009e-21
   6.6682471e+00   1.0381886e-21
   6.6836241e+00   1.0208144e-21
   6.6990366e+00   1.0038681e-21
   6.7144846e+00   9.8733964e-22
   6.7299683e+00   9.7121921e-22
   6.7454877e+00   9.5549724e-22
   6.7610428e+00   9.4016437e-22
   6.7766338e+00   9.2521148e-22
   6.7922608e+00   9.1062962e-22
   6.8079238e+00   8.9641008e-22
   6.8236229e+00   8.8254432e-22
   6.8393582e+00   8.6902403e-22
   6.8551299e+00   8.5584107e-22
   6.8709378e+00   8.4298747e-22
   6.8867823e+00   8.3045548e-22
   6.9026632e+00   8.1823750e-22
   6.9185808e+00   8.0632612e-22
   6.9345351e+00   7.9471408e-22
   6.9505262e+00   7.8339430e-22
   6.9665542e+00   7.7235986e-22
   6.9826191e+00   7.6160402e-22
   6.9987211e+00   7.5112016e-22
   7.0148602e+00   7.4090183e-22
   7.0310365e+00   7.3094274e-22
   7.0472502e+00   7.2123674e-22
   7.0635012e+00   7.1177782e-22
   7.0797897e+00   7.0256012e-22
   7.0961157e+00   6.9357792e-22
   7.1124794e+00   6.8482564e-22
   7.1288808e+00   6.7629782e-22
   7.1453201e+00   6.6798916e-22
   7.1617972e+00   6.5989446e-22
   7.1783124e+00   6.5200869e-22
   7.1948656e+00   6.4432691e-22
   7.2114571e+00   6.3684433e-22
   7.2280867e+00   6.2955628e-22
   7.2447548e+00   6.2245821e-22
   7.2614612e+00   6.1554570e-22
   7.2782062e+00   6.0881444e-22
   7.2949898e+00   6.0226026e-22
   7.3118121e+00   5.9587909e-22
   7.3286732e+00   5.8966698e-22
   7.3455732e+00   5.8362012e-22
   7.3625121e+00   5.7773480e-22
   7.3794901e+00   5.7200742e-22
   7.3965073e+00   5.6643451e-22
   7.4135637e+00   5.6101271e-22
   7.4306594e+00   5.5573879e-22
   7.4477946e+00   5.5060960e-22
   7.4649693e+00   5.4562216e-22
   7.4821835e+00   5.4077356e-22
   7.4994375e+00   5.3606103e-22
   7.5167313e+00   5.3148191e-22
   7.5340649e+00   5.2703367e-22
   7.5514385e+00   5.2271387e-22
   7.5688522e+00   5.1852023e-22
   7.5863060e+00   5.1445056e-22
   7.6038001e+00   5.1050282e-22
   7.6213345e+00   5.0667508e-22
   7.6389094e+00   5.0296553e-22
   7.6565248e+00   4.9937250e-22
   7.6741808e+00   4.9589448e-22
   7.6918775e+00   4.9253004e-22
   7.7096150e+00   4.8927794e-22
   7.7273934e+00   4.8613707e-22
   7.7452129e+00   4.8310645e-22
   7.7630734e+00   4.8018528e-22
   7.7809751e+00   4.7737291e-22
   7.7989181e+00   4.7466886e-22
   7.8169025e+00   4.7207281e-22
   7.8349283e+00   4.6958465e-22
   7.8529957e+00   4.6720444e-22
   7.8711048e+00   4.6493244e-22
   7.8892556e+00   4.6276913e-22
   7.9074483e+00   4.6071522e-22
   7.9256829e+00   4.5877165e-22
   7.9439596e+00   4.5693962e-22
   7.9622784e+00   4.5522061e-22
   7.9806395e+00   4.5361636e-22
   7.9990429e+00   4.5212896e-22
   8.0174888e+00   4.5076082e-22
   8.0359772e+00   4.4951473e-22
   8.0545082e+00   4.4839385e-22
   8.0730819e+00   4.4740179e-22
   8.0916985e+00   4.4654262e-22
   8.1103581e+00   4.4582092e-22
   8.1290606e+00   4.4524185e-22
   8.1478063e+00   4.4481117e-22
   8.1665952e+00   4.4453532e-22
   8.1854274e+00   4.4442150e-22
   8.2043031e+00   4.4447775e-22
   8.2232223e+00   4.4471301e-22
   8.2421851e+00   4.4513728e-22
   8.2611916e+00   4.4576171e-22
   8.2802420e+00   4.4659873e-22
   8.2993363e+00   4.4766224e-22
   8.3184746e+00   4.4896778e-22
   8.3376571e+00   4.5053276e-22
   8.3568838e+00   4.5237669e-22
   8.3761548e+00   4.5452149e-22
   8.3954703e+00   4.5699184e-22
   8.4148303e+00   4.5981557e-22
   8.4342350e+00   4.6302415e-22
   8.4536844e+00   4.6665329e-22
   8.4731786e+00   4.7074357e-22
   8.4927179e+00   4.7534130e-22
   8.5123021e+00   4.8049952e-22
   8.5319316e+00   4.8627917e-22
   8.5516063e+00   4.9275057e-22
   8.5713263e+00   4.9999527e-22
   8.5910919e+00   5.0810825e-22
   8.6109030e+00   5.1720077e-22
   8.6307598e+00   5.2740391e-22
   8.6506624e+00   5.3887304e-22
   8.6706109e+00   5.5179352e-22
   8.6906054e+00   5.6638892e-22
   8.7106460e+00   5.8292988e-22
   8.7307328e+00   6.0174820e-22
   8.7508660e+00   6.2325455e-22
   8.7710455e+00   6.4796324e-22
   8.7912716e+00   6.7652692e-22
   8.8115444e+00   7.0978627e-22
   8.8318638e+00   7.4884268e-22
   8.8522302e+00   7.9516771e-22
   8.8726435e+00   8.5077252e-22
   8.8931039e+00   9.1848007e-22
   8.9136114e+00   1.0023806e-21
   8.9341663e+00   1.1086325e-21
   8.9547686e+00   1.2469588e-21
   8.9754183e+00   1.4336629e-21
   8.9961157e+00   1.6983284e-21
   9.0168608e+00   2.1007960e-21
   9.0376538e+00   2.7831181e-21
   9.0584947e+00   4.1844985e-21
   9.0793836e+00   8.6690518e-21
   9.1003208e+00   8.9941563e-20
   9.1213062e+00   7.1532451e-21
   9.1423400e+00   3.7084948e-21
   9.1634223e+00   2.5081998e-21
   9.1845532e+00   1.9145595e-21
   9.2057328e+00   1.5930421e-21
   9.2269613e+00   1.4846998e-21
   9.2482388e+00   1.8977363e-21
   9.2695653e+00   3.9194771e-20
   9.2909410e+00   1.7648359e-21
   9.3123660e+00   1.0691283e-21
   9.3338403e+00   8.4747932e-22
   9.3553642e+00   7.3067734e-22
   9.3769378e+00   6.5379371e-22
   9.3985611e+00   5.9714340e-22
   9.4202342e+00   5.5268649e-22
   9.4419574e+00   5.1642798e-22
   9.4637306e+00   4.8609055e-22
   9.4855540e+00   4.6024224e-22
   9.5074278e+00   4.3791607e-22
   9.5293520e+00   4.1842356e-22
   9.5513267e+00   4.0125467e-22
   9.5733522e+00   3.8601983e-22
   9.5954284e+00   3.7241424e-22
   9.6175555e+00   3.6019480e-22
   9.6397337e+00   3.4916464e-22
   9.6619630e+00   3.3916215e-22
   9.6842435e+00   3.3005330e-22
   9.7065755e+00   3.2172580e-22
   9.7289589e+00   3.1408485e-22
   9.7513940e+00   3.0704983e-22
   9.7738808e+00   3.0055177e-22
   9.7964194e+00   2.9453129e-22
   9.8190100e+00   2.8893705e-22
   9.8416527e+00   2.8372442e-22
   9.8643477e+00   2.7885446e-22
   9.8870949e+00   2.7429307e-22
   9.9098946e+00   2.7001026e-22
   9.9327469e+00   2.6597958e-22
   9.9556519e+00   2.6217763e-22
   9.9786097e+00   2.5858365e-22
   1.0001620e+01   2.5517934e-22
   1.0024684e+01   2.5194919e-22
   1.0047801e+01   2.4887589e-22
   1.0070972e+01   2.4594709e-22
   1.0094195e+01   2.4315157e-22
   1.0117473e+01   2.4047904e-22
   1.0140804e+01   2.3791964e-22
   1.0164188e+01   2.3546452e-22
   1.0187627e+01   2.3310569e-22
   1.0211120e+01   2.3083595e-22
   1.0234667e+01   2.2864903e-22
   1.0258268e+01   2.2653900e-22
   1.0281924e+01   2.2450042e-22
   1.0305634e+01   2.2252831e-22
   1.0329399e+01   2.2061832e-22
   1.0353218e+01   2.1876636e-22
   1.0377093e+01   2.1696863e-22
   1.0401023e+01   2.1522162e-22
   1.0425007e+01   2.1352223e-22
   1.0449048e+01   2.1186759e-22
   1.0473143e+01   2.1025497e-22
   1.0497294e+01   2.0868188e-22
   1.0521501e+01   2.0714604e-22
   1.0545764e+01   2.0564540e-22
   1.0570082e+01   2.0417797e-22
   1.0594457e+01   2.0274193e-22
   1.0618888e+01   2.0133561e-22
   1.0643375e+01   1.9995749e-22
   1.0667919e+01   1.9860611e-22
   1.0692519e+01   1.9728012e-22
   1.0717176e+01   1.9597826e-22
   1.0741890e+01   1.9469941e-22
   1.0766661e+01   1.9344246e-22
   1.0791489e+01   1.9220639e-22
   1.0816374e+01   1.9099027e-22
   1.0841317e+01   1.8979322e-22
   1.0866317e+01   1.8861442e-22
   1.0891375e+01   1.8745308e-22
   1.0916491e+01   1.8630848e-22
   1.0941664e+01   1.8517995e-22
   1.0966896e+01   1.8406686e-22
   1.0992185e+01   1.8296859e-22
   1.1017533e+01   1.8188459e-22
   1.1042940e+01   1.8081434e-22
   1.1068405e+01   1.7975733e-22
   1.1093929e+01   1.7871310e-22
   1.1119512e+01   1.7768119e-22
   1.1145153e+01   1.7666121e-22
   1.1170854e+01   1.7565275e-22
   1.1196614e+01   1.7465544e-22
   1.1222434e+01   1.7366893e-22
   1.1248313e+01   1.7269289e-22
   1.1274251e+01   1.7172701e-22
   1.1300250e+01   1.7077098e-22
   1.1326308e+01   1.6982453e-22
   1.1352427e+01   1.6888738e-22
   1.1378606e+01   1.6795928e-22
   1.1404845e+01   1.6703999e-22
   1.1431144e+01   1.6612928e-22
   1.1457505e+01   1.6522694e-22
   1.1483926e+01   1.6433275e-22
   1.1510408e+01   1.6344651e-22
   1.1536951e+01   1.6256804e-22
   1.1563555e+01   1.6169716e-22
   1.1590221e+01   1.6083369e-22
   1.1616948e+01   1.5997747e-22
   1.1643737e+01   1.5912834e-22
   1.1670587e+01   1.5828616e-22
   1.1697500e+01   1.5745078e-22
   1.1724474e+01   1.5662206e-22
   1.1751511e+01   1.5579987e-22
   1.1778610e+01   1.5498409e-22
   1.1805772e+01   1.5417459e-22
   1.1832996e+01   1.5337125e-22
   1.1860283e+01   1.5257397e-22
   1.1887633e+01   1.5178264e-22
   1.1915046e+01   1.5099715e-22
   1.1942522e+01   1.5021740e-22
   1.1970061e+01   1.4944331e-22
   1.1997664e+01   1.4867477e-22
   1.2025331e+01   1.4791169e-22
   1.2053062e+01   1.4715400e-22
   1.2080856e+01   1.4640160e-22
   1.2108715e+01   1.4565442e-22
   1.2136637e+01   1.4491238e-22
   1.2164625e+01   1.4417540e-22
   1.2192676e+01   1.4344342e-22
   1.2220793e+01   1.4271636e-22
   1.2248974e+01   1.4199415e-22
   1.2277220e+01   1.4127673e-22
   1.2305532e+01   1.4056403e-22
   1.2333908e+01   1.3985599e-22
   1.2362350e+01   1.3915255e-22
   1.2390858e+01   1.3845366e-22
   1.2419431e+01   1.3775925e-22
   1.2448071e+01   1.3706927e-22
   1.2476776e+01   1.3638366e-22
   1.2505548e+01   1.3570238e-22
   1.2534386e+01   1.3502537e-22
   1.2563290e+01   1.3435258e-22
   1.2592261e+01   1.3368397e-22
   1.2621299e+01   1.3301948e-22
   1.2650404e+01   1.3235907e-22
   1.2679576e+01   1.3170270e-22
   1.2708815e+01   1.3105032e-22
   1.2738121e+01   1.3040188e-22
   1.2767496e+01   1.2975735e-22
   1.2796938e+01   1.2911669e-22
   1.2826447e+01   1.2847985e-22
   1.2856025e+01   1.2784680e-22
   1.2885671e+01   1.2721749e-22
   1.2915386e+01   1.2659189e-22
   1.2945169e+01   1.2596997e-22
   1.2975020e+01   1.2535168e-22
   1.3004941e+01   1.2473700e-22
   1.3034930e+01   1.2412588e-22
   1.3064989e+01   1.2351829e-22
   1.3095117e+01   1.2291420e-22
   1.3125314e+01   1.2231358e-22
   1.3155582e+01   1.2171640e-22
   1.3185918e+01   1.2112261e-22
   1.3216325e+01   1.2053220e-22
   1.3246802e+01   1.1994514e-22
   1.3277349e+01   1.1936138e-22
   1.3307967e+01   1.1878091e-22
   1.3338655e+01   1.1820370e-22
   1.3369414e+01   1.1762971e-22
   1.3400244e+01   1.1705892e-22
   1.3431145e+01   1.1649130e-22
   1.3462118e+01   1.1592682e-22
   1.3493162e+01   1.1536547e-22
   1.3524277e+01   1.1480721e-22
   1.3555464e+01   1.1425201e-22
   1.3586723e+01   1.1369986e-22
   1.3618054e+01   1.1315072e-22
   1.3649457e+01   1.1260458e-22
   1.3680933e+01   1.1206140e-22
   1.3712481e+01   1.1152117e-22
   1.3744103e+01   1.1098387e-22
   1.3775797e+01   1.1044946e-22
   1.3807564e+01   1.0991793e-22
   1.3839404e+01   1.0938926e-22
   1.3871318e+01   1.0886341e-22
   1.3903305e+01   1.0834038e-22
   1.3935366e+01   1.0782014e-22
   1.3967501e+01   1.0730267e-22
   1.3999710e+01   1.0678795e-22
   1.4031994e+01   1.0627595e-22
   1.4064352e+01   1.0576667e-22
   1.4096784e+01   1.0526007e-22
   1.4129292e+01   1.0475614e-22
   1.4161874e+01   1.0425486e-22
   1.4194531e+01   1.0375621e-22
   1.4227264e+01   1.0326017e-22
   1.4260072e+01   1.0276672e-22
   1.4292956e+01   1.0227585e-22
   1.4325916e+01   1.0178754e-22
   1.4358951e+01   1.0130176e-22
   1.4392063e+01   1.0081851e-22
   1.4425251e+01   1.0033776e-22
   1.4458516e+01   9.9859494e-23
   1.4491858e+01   9.9383700e-23
   1.4525276e+01   9.8910358e-23
   1.4558771e+01   9.8439453e-23
   1.4592344e+01   9.7970968e-23
   1.4625994e+01   9.7504886e-23
   1.4659722e+01   9.7041192e-23
   1.4693527e+01   9.6579871e-23
   1.4727410e+01   9.6120905e-23
   1.4761372e+01   9.5664281e-23
   1.4795412e+01   9.5209982e-23
   1.4829530e+01   9.4757993e-23
   1.4863727e+01   9.4308300e-23
   1.4898003e+01   9.3860888e-23
   1.4932358e+01   9.3415742e-23
   1.4966792e+01   9.2972849e-23
   1.5001306e+01   9.2532192e-23
   1.5035899e+01   9.2093759e-23
   1.5070572e+01   9.1657535e-23
   1.5105324e+01   9.1223507e-23
   1.5140157e+01   9.0791661e-23
   1.5175071e+01   9.0361984e-23
   1.5210065e+01   8.9934461e-23
   1.5245139e+01   8.9509080e-23
   1.5280295e+01   8.9085827e-23
   1.5315531e+01   8.8664690e-23
   1.5350849e+01   8.8245656e-23
   1.5386248e+01   8.7828712e-23
   1.5421729e+01   8.7413845e-23
   1.5457291e+01   8.7001043e-23
   1.5492936e+01   8.6590293e-23
   1.5528663e+01   8.6181583e-23
   1.5564472e+01   8.5774902e-23
   1.5600364e+01   8.5370237e-23
   1.5636338e+01   8.4967575e-23
   1.5672396e+01   8.4566907e-23
   1.5708537e+01   8.4168218e-23
   1.5744761e+01   8.3771499e-23
   1.5781068e+01   8.3376738e-23
   1.5817459e+01   8.2983923e-23
   1.5853935e+01   8.2593043e-23
   1.5890494e+01   8.2204086e-23
   1.5927137e+01   8.1817043e-23
   1.5963866e+01   8.1431901e-23
   1.6000678e+01   8.1048650e-23
   1.6037576e+01   8.0667279e-23
   1.6074559e+01   8.0287778e-23
   1.6111627e+01   7.9910135e-23
   1.6148780e+01   7.9534341e-23
   1.6186020e+01   7.9160385e-23
   1.6223345e+01   7.8788257e-23
   1.6260756e+01   7.8417946e-23
   1.6298253e+01   7.8049442e-23
   1.6335837e+01   7.7682735e-23
   1.6373508e+01   7.7317816e-23
   1.6411265e+01   7.6954673e-23
   1.6449110e+01   7.6593299e-23
   1.6487041e+01   7.6233682e-23
   1.6525061e+01   7.5875813e-23
   1.6563168e+01   7.5519682e-23
   1.6601362e+01   7.5165280e-23
   1.6639645e+01   7.4812598e-23
   1.6678016e+01   7.4461626e-23
   1.6716476e+01   7.4112355e-23
   1.6755024e+01   7.3764776e-23
   1.6793662e+01   7.3418879e-23
   1.6832388e+01   7.3074655e-23
   1.6871203e+01   7.2732096e-23
   1.6910109e+01   7.2391192e-23
   1.6949103e+01   7.2051934e-23
   1.6988188e+01   7.1714315e-23
   1.7027363e+01   7.1378324e-23
   1.7066628e+01   7.1043954e-23
   1.7105984e+01   7.0711195e-23
   1.7145431e+01   7.0380039e-23
   1.7184968e+01   7.0050478e-23
   1.7224597e+01   6.9722503e-23
   1.7264317e+01   6.9396106e-23
   1.7304128e+01   6.9071279e-23
   1.7344032e+01   6.8748013e-23
   1.7384027e+01   6.8426299e-23
   1.7424115e+01   6.8106131e-23
   1.7464295e+01   6.7787499e-23
   1.7504568e+01   6.7470397e-23
   1.7544934e+01   6.7154815e-23
   1.7585392e+01   6.6840746e-23
   1.7625945e+01   6.6528182e-23
   1.7666590e+01   6.6217115e-23
   1.7707329e+01   6.5907538e-23
   1.7748163e+01   6.5599442e-23
   1.7789090e+01   6.5292820e-23
   1.7830112e+01   6.4987665e-23
   1.7871228e+01   6.4683969e-23
   1.7912439e+01   6.4381725e-23
   1.7953746e+01   6.4080924e-23
   1.7995147e+01   6.3781560e-23
   1.8036644e+01   6.3483625e-23
   1.8078237e+01   6.3187113e-23
   1.8119925e+01   6.2892014e-23
   1.8161710e+01   6.2598324e-23
   1.8203591e+01   6.2306033e-23
   1.8245569e+01   6.2015136e-23
   1.8287643e+01   6.1725625e-23
   1.8329814e+01   6.1437493e-23
   1.8372083e+01   6.1150733e-23
   1.8414449e+01   6.0865338e-23
   1.8456913e+01   6.0581301e-23
   1.8499475e+01   6.0298615e-23
   1.8542135e+01   6.0017275e-23
   1.8584893e+01   5.9737272e-23
   1.8627750e+01   5.9458600e-23
   1.8670706e+01   5.9181252e-23
   1.8713761e+01   5.8905222e-23
   1.8756915e+01   5.8630503e-23
   1.8800168e+01   5.8357089e-23
   1.8843522e+01   5.8084973e-23
   1.8886975e+01   5.7814148e-23
   1.8930528e+01   5.7544609e-23
   1.8974182e+01   5.7276348e-23
   1.9017937e+01   5.7009359e-23
   1.9061792e+01   5.6743636e-23
   1.9105749e+01   5.6479173e-23
   1.9149807e+01   5.6215964e-23
   1.9193967e+01   5.5954001e-23
   1.9238228e+01   5.5693280e-23
   1.9282592e+01   5.5433794e-23
   1.9327057e+01   5.5175536e-23
   1.9371626e+01   5.4918501e-23
   1.9416297e+01   5.4662682e-23
   1.9461071e+01   5.4408075e-23
   1.9505948e+01   5.4154671e-23
   1.9550929e+01   5.3902467e-23
   1.9596014e+01   5.3651455e-23
   1.9641202e+01   5.3401631e-23
   1.9686495e+01   5.3152987e-23
   1.9731892e+01   5.2905519e-23
   1.9777394e+01   5.2659220e-23
   1.9823001e+01   5.2414085e-23
   1.9868713e+01   5.2170108e-23
   1.9914530e+01   5.1927284e-23
   1.9960454e+01   5.1685607e-23
   2.0006482e+01   5.1445070e-23
   2.0052618e+01   5.1205669e-23
   2.0098859e+01   5.0967399e-23
   2.0145207e+01   5.0730253e-23
   2.0191662e+01   5.0494226e-23
   2.0238224e+01   5.0259312e-23
   2.0284894e+01   5.0025507e-23
   2.0331671e+01   4.9792805e-23
   2.0378556e+01   4.9561200e-23
   2.0425549e+01   4.9330687e-23
   2.0472650e+01   4.9101261e-23
   2.0519861e+01   4.8872917e-23
   2.0567180e+01   4.8645649e-23
   2.0614608e+01   4.8419452e-23
   2.0662145e+01   4.8194321e-23
   2.0709792e+01   4.7970250e-23
   2.0757549e+01   4.7747236e-23
   2.0805416e+01   4.7525271e-23
   2.0853394e+01   4.7304353e-23
   2.0901482e+01   4.7084474e-23
   2.0949681e+01   4.6865631e-23
   2.0997991e+01   4.6647819e-23
   2.1046412e+01   4.6431031e-23
   2.1094945e+01   4.6215265e-23
   2.1143591e+01   4.6000513e-23
   2.1192348e+01   4.5786773e-23
   2.1241218e+01   4.5574038e-23
   2.1290200e+01   4.5362305e-23
   2.1339295e+01   4.5151567e-23
   2.1388504e+01   4.4941821e-23
   2.1437826e+01   4.4733062e-23
   2.1487262e+01   4.4525284e-23
   2.1536812e+01   4.4318484e-23
   2.1586476e+01   4.4112656e-23
   2.1636254e+01   4.3907796e-23
   2.1686148e+01   4.3703899e-23
   2.1736156e+01   4.3500961e-23
   2.1786280e+01   4.3298977e-23
   2.1836519e+01   4.3097942e-23
   2.1886874e+01   4.2897852e-23
   2.1937346e+01   4.2698703e-23
   2.1987933e+01   4.2500490e-23
   2.2038638e+01   4.2303208e-23
   2.2089459e+01   4.2106853e-23
   2.2140397e+01   4.1911421e-23
   2.2191453e+01   4.1716907e-23
   2.2242627e+01   4.1523307e-23
   2.2293919e+01   4.1330616e-23
   2.2345328e+01   4.1138831e-23
   2.2396857e+01   4.0947946e-23
   2.2448504e+01   4.0757958e-23
   2.2500271e+01   4.0568863e-23
   2.2552157e+01   4.0380655e-23
   2.2604162e+01   4.0193331e-23
   2.2656287e+01   4.0006887e-23
   2.2708533e+01   3.9821319e-23
   2.2760899e+01   3.9636622e-23
   2.2813386e+01   3.9452792e-23
   2.2865994e+01   3.9269825e-23
   2.2918723e+01   3.9087717e-23
   2.2971574e+01   3.8906464e-23
   2.3024546e+01   3.8726062e-23
   2.3077641e+01   3.8546507e-23
   2.3130858e+01   3.8367795e-23
   2.3184198e+01   3.8189922e-23
   2.3237661e+01   3.8012884e-23
   2.3291247e+01   3.7836677e-23
   2.3344957e+01   3.7661296e-23
   2.3398791e+01   3.7486739e-23
   2.3452748e+01   3.7313002e-23
   2.3506831e+01   3.7140079e-23
   2.3561038e+01   3.6967969e-23
   2.3615370e+01   3.6796666e-23
   2.3669827e+01   3.6626167e-23
   2.3724410e+01   3.6456468e-23
   2.3779118e+01   3.6287565e-23
   2.3833953e+01   3.6119455e-23
   2.3888914e+01   3.5952134e-23
   2.3944002e+01   3.5785599e-23
   2.3999217e+01   3.5619844e-23
   2.4054560e+01   3.5454868e-23
   2.4110030e+01   3.5290666e-23
   2.4165628e+01   3.5127234e-23
   2.4221354e+01   3.4964569e-23
   2.4277208e+01   3.4802668e-23
   2.4333192e+01   3.4641526e-23
   2.4389304e+01   3.4481141e-23
   2.4445546e+01   3.4321508e-23
   2.4501918e+01   3.4162624e-23
   2.4558420e+01   3.4004486e-23
   2.4615051e+01   3.3847090e-23
   2.4671814e+01   3.3690433e-23
   2.4728707e+01   3.3534510e-23
   2.4785732e+01   3.3379320e-23
   2.4842888e+01   3.3224857e-23
   2.4900176e+01   3.3071120e-23
   2.4957596e+01   3.2918104e-23
   2.5015148e+01   3.2765807e-23
   2.5072833e+01   3.2614224e-23
   2.5130652e+01   3.2463352e-23
   2.5188603e+01   3.2313189e-23
   2.5246688e+01   3.2163730e-23
   2.5304907e+01   3.2014973e-23
   2.5363261e+01   3.1866914e-23
   2.5421748e+01   3.1719550e-23
   2.5480371e+01   3.1572878e-23
   2.5539129e+01   3.1426895e-23
   2.5598023e+01   3.1281596e-23
   2.5657052e+01   3.1136980e-23
   2.5716217e+01   3.0993043e-23
   2.5775519e+01   3.0849781e-23
   2.5834957e+01   3.0707192e-23
   2.5894533e+01   3.0565273e-23
   2.5954246e+01   3.0424020e-23
   2.6014097e+01   3.0283430e-23
   2.6074085e+01   3.0143500e-23
   2.6134212e+01   3.0004228e-23
   2.6194478e+01   2.9865609e-23
   2.6254883e+01   2.9727642e-23
   2.6315427e+01   2.9590322e-23
   2.6376110e+01   2.9453648e-23
   2.6436934e+01   2.9317615e-23
   2.6497898e+01   2.9182221e-23
   2.6559002e+01   2.9047464e-23
   2.6620247e+01   2.8913340e-23
   2.6681634e+01   2.8779845e-23
   2.6743162e+01   2.8646978e-23
   2.6804832e+01   2.8514735e-23
   2.6866644e+01   2.8383114e-23
   2.6928599e+01   2.8252111e-23
   2.6990696e+01   2.8121724e-23
   2.7052937e+01   2.7991950e-23
   2.7115321e+01   2.7862785e-23
   2.7177849e+01   2.7734228e-23
   2.7240522e+01   2.7606275e-23
   2.7303338e+01   2.7478924e-23
   2.7366300e+01   2.7352171e-23
   2.7429407e+01   2.7226014e-23
   2.7492659e+01   2.7100451e-23
   2.7556058e+01   2.6975478e-23
   2.7619602e+01   2.6851093e-23
   2.7683293e+01   2.6727292e-23
   2.7747131e+01   2.6604075e-23
   2.7811116e+01   2.6481436e-23
   2.7875249e+01   2.6359375e-23
   2.7939529e+01   2.6237888e-23
   2.8003958e+01   2.6116973e-23
   2.8068536e+01   2.5996626e-23
   2.8133262e+01   2.5876846e-23
   2.8198137e+01   2.5757630e-23
   2.8263162e+01   2.5638975e-23
   2.8328338e+01   2.5520879e-23
   2.8393663e+01   2.5403338e-23
   2.8459139e+01   2.5286351e-23
   2.8524766e+01   2.5169915e-23
   2.8590544e+01   2.5054027e-23
   2.8656474e+01   2.4938685e-23
   2.8722556e+01   2.4823886e-23
   2.8788791e+01   2.4709628e-23
   2.8855178e+01   2.4595909e-23
   2.8921718e+01   2.4482725e-23
   2.8988412e+01   2.4370075e-23
   2.9055259e+01   2.4257955e-23
   2.9122261e+01   2.4146364e-23
   2.9189417e+01   2.4035299e-23
   2.9256728e+01   2.3924758e-23
   2.9324194e+01   2.3814737e-23
   2.9391816e+01   2.3705236e-23
   2.9459594e+01   2.3596251e-23
   2.9527528e+01   2.3487780e-23
   2.9595619e+01   2.3379821e-23
   2.9663866e+01   2.3272371e-23
   2.9732272e+01   2.3165428e-23
   2.9800834e+01   2.3058990e-23
   2.9869555e+01   2.2953054e-23
   2.9938435e+01   2.2847619e-23
   3.0007473e+01   2.2742681e-23
   3.0076670e+01   2.2638238e-23
   3.0146028e+01   2.2534289e-23
   3.0215544e+01   2.2430830e-23
   3.0285222e+01   2.2327861e-23
   3.0355060e+01   2.2225378e-23
   3.0425059e+01   2.2123379e-23
   3.0495219e+01   2.2021862e-23
   3.0565541e+01   2.1920824e-23
   3.0636026e+01   2.1820265e-23
   3.0706673e+01   2.1720181e-23
   3.0777482e+01   2.1620570e-23
   3.0848456e+01   2.1521430e-23
   3.0919592e+01   2.1422759e-23
   3.0990893e+01   2.1324555e-23
   3.1062358e+01   2.1226815e-23
   3.1133988e+01   2.1129538e-23
   3.1205784e+01   2.1032722e-23
   3.1277744e+01   2.0936363e-23
   3.1349871e+01   2.0840461e-23
   3.1422164e+01   2.0745013e-23
   3.1494624e+01   2.0650017e-23
   3.1567251e+01   2.0555471e-23
   3.1640045e+01   2.0461373e-23
   3.1713007e+01   2.0367721e-23
   3.1786138e+01   2.0274513e-23
   3.1859437e+01   2.0181746e-23
   3.1932905e+01   2.0089419e-23
   3.2006542e+01   1.9997530e-23
   3.2080350e+01   1.9906077e-23
   3.2154327e+01   1.9815058e-23
   3.2228475e+01   1.9724471e-23
   3.2302794e+01   1.9634313e-23
   3.2377285e+01   1.9544583e-23
   3.2451947e+01   1.9455279e-23
   3.2526782e+01   1.9366400e-23
   3.2601789e+01   1.9277942e-23
   3.2676969e+01   1.9189905e-23
   3.2752322e+01   1.9102285e-23
   3.2827849e+01   1.9015082e-23
   3.2903550e+01   1.8928294e-23
   3.2979426e+01   1.8841918e-23
   3.3055477e+01   1.8755953e-23
   3.3131703e+01   1.8670397e-23
   3.3208105e+01   1.8585247e-23
   3.3284683e+01   1.8500503e-23
   3.3361438e+01   1.8416162e-23
   3.3438370e+01   1.8332222e-23
   3.3515479e+01   1.8248682e-23
   3.3592766e+01   1.8165540e-23
   3.3670231e+01   1.8082794e-23
   3.3747875e+01   1.8000442e-23
   3.3825698e+01   1.7918483e-23
   3.3903700e+01   1.7836914e-23
   3.3981882e+01   1.7755734e-23
   3.4060245e+01   1.7674941e-23
   3.4138788e+01   1.7594533e-23
   3.4217512e+01   1.7514509e-23
   3.4296418e+01   1.7434867e-23
   3.4375506e+01   1.7355605e-23
   3.4454776e+01   1.7276721e-23
   3.4534229e+01   1.7198214e-23
   3.4613865e+01   1.7120082e-23
   3.4693685e+01   1.7042324e-23
   3.4773689e+01   1.6964936e-23
   3.4853877e+01   1.6887919e-23
   3.4934251e+01   1.6811270e-23
   3.5014809e+01   1.6734988e-23
   3.5095554e+01   1.6659070e-23
   3.5176484e+01   1.6583516e-23
   3.5257602e+01   1.6508323e-23
   3.5338906e+01   1.6433491e-23
   3.5420398e+01   1.6359016e-23
   3.5502077e+01   1.6284899e-23
   3.5583945e+01   1.6211136e-23
   3.5666002e+01   1.6137727e-23
   3.5748248e+01   1.6064670e-23
   3.5830684e+01   1.5991964e-23
   3.5913310e+01   1.5919606e-23
   3.5996126e+01   1.5847595e-23
   3.6079134e+01   1.5775930e-23
   3.6162332e+01   1.5704609e-23
   3.6245723e+01   1.5633630e-23
   3.6329306e+01   1.5562992e-23
   3.6413082e+01   1.5492694e-23
   3.6497050e+01   1.5422734e-23
   3.6581213e+01   1.5353110e-23
   3.6665569e+01   1.5283821e-23
   3.6750120e+01   1.5214865e-23
   3.6834867e+01   1.5146241e-23
   3.6919808e+01   1.5077947e-23
   3.7004945e+01   1.5009983e-23
   3.7090279e+01   1.4942345e-23
   3.7175810e+01   1.4875034e-23
   3.7261537e+01   1.4808047e-23
   3.7347463e+01   1.4741382e-23
   3.7433586e+01   1.4675040e-23
   3.7519908e+01   1.4609017e-23
   3.7606429e+01   1.4543314e-23
   3.7693150e+01   1.4477927e-23
   3.7780071e+01   1.4412856e-23
   3.7867192e+01   1.4348099e-23
   3.7954514e+01   1.4283656e-23
   3.8042037e+01   1.4219524e-23
   3.8129763e+01   1.4155702e-23
   3.8217690e+01   1.4092189e-23
   3.8305821e+01   1.4028983e-23
   3.8394154e+01   1.3966083e-23
   3.8482691e+01   1.3903488e-23
   3.8571433e+01   1.3841196e-23
   3.8660379e+01   1.3779206e-23
   3.8749530e+01   1.3717517e-23
   3.8838886e+01   1.3656127e-23
   3.8928449e+01   1.3595034e-23
   3.9018219e+01   1.3534238e-23
   3.9108195e+01   1.3473738e-23
   3.9198379e+01   1.3413531e-23
   3.9288770e+01   1.3353616e-23
   3.9379371e+01   1.3293993e-23
   3.9470180e+01   1.3234660e-23
   3.9561198e+01   1.3175616e-23
   3.9652427e+01   1.3116858e-23
   3.9743865e+01   1.3058387e-23
   3.9835515e+01   1.3000201e-23
   3.9927376e+01   1.2942298e-23
   4.0019449e+01   1.2884678e-23
   4.0111734e+01   1.2827338e-23
   4.0204232e+01   1.2770278e-23
   4.0296943e+01   1.2713497e-23
   4.0389868e+01   1.2656992e-23
   4.0483008e+01   1.2600764e-23
   4.0576362e+01   1.2544811e-23
   4.0669931e+01   1.2489131e-23
   4.0763716e+01   1.2433723e-23
   4.0857718e+01   1.2378587e-23
   4.0951936e+01   1.2323720e-23
   4.1046372e+01   1.2269122e-23
   4.1141025e+01   1.2214792e-23
   4.1235896e+01   1.2160728e-23
   4.1330987e+01   1.2106929e-23
   4.1426296e+01   1.2053394e-23
   4.1521826e+01   1.2000121e-23
   4.1617575e+01   1.1947110e-23
   4.1713546e+01   1.1894360e-23
   4.1809737e+01   1.1841869e-23
   4.1906151e+01   1.1789636e-23
   4.2002787e+01   1.1737660e-23
   4.2099646e+01   1.1685940e-23
   4.2196728e+01   1.1634474e-23
   4.2294034e+01   1.1583262e-23
   4.2391564e+01   1.1532302e-23
   4.2489319e+01   1.1481594e-23
   4.2587300e+01   1.1431136e-23
   4.2685507e+01   1.1380927e-23
   4.2783940e+01   1.1330965e-23
   4.2882600e+01   1.1281251e-23
   4.2981488e+01   1.1231782e-23
   4.3080603e+01   1.1182558e-23
   4.3179947e+01   1.1133578e-23
   4.3279521e+01   1.1084840e-23
   4.3379324e+01   1.1036344e-23
   4.3479357e+01   1.0988088e-23
   4.3579620e+01   1.0940071e-23
   4.3680115e+01   1.0892292e-23
   4.3780842e+01   1.0844751e-23
   4.3881801e+01   1.0797445e-23
   4.3982993e+01   1.0750375e-23
   4.4084418e+01   1.0703539e-23
   4.4186077e+01   1.0656935e-23
   4.4287970e+01   1.0610564e-23
   4.4390099e+01   1.0564424e-23
   4.4492463e+01   1.0518513e-23
   4.4595062e+01   1.0472831e-23
   4.4697899e+01   1.0427378e-23
   4.4800973e+01   1.0382151e-23
   4.4904284e+01   1.0337149e-23
   4.5007834e+01   1.0292373e-23
   4.5111622e+01   1.0247821e-23
   4.5215650e+01   1.0203491e-23
   4.5319918e+01   1.0159384e-23
   4.5424426e+01   1.0115497e-23
   4.5529175e+01   1.0071830e-23
   4.5634165e+01   1.0028382e-23
   4.5739398e+01   9.9851520e-24
   4.5844873e+01   9.9421391e-24
   4.5950592e+01   9.8993422e-24
   4.6056554e+01   9.8567604e-24
   4.6162761e+01   9.8143928e-24
   4.6269213e+01   9.7722383e-24
   4.6375910e+01   9.7302962e-24
   4.6482853e+01   9.6885653e-24
   4.6590043e+01   9.6470448e-24
   4.6697480e+01   9.6057338e-24
   4.6805165e+01   9.5646313e-24
   4.6913098e+01   9.5237365e-24
   4.7021280e+01   9.4830483e-24
   4.7129711e+01   9.4425659e-24
   4.7238393e+01   9.4022884e-24
   4.7347325e+01   9.3622148e-24
   4.7456508e+01   9.3223443e-24
   4.7565943e+01   9.2826760e-24
   4.7675631e+01   9.2432089e-24
   4.7785571e+01   9.2039423e-24
   4.7895765e+01   9.1648751e-24
   4.8006213e+01   9.1260066e-24
   4.8116916e+01   9.0873358e-24
   4.8227874e+01   9.0488619e-24
   4.8339087e+01   9.0105841e-24
   4.8450558e+01   8.9725013e-24
   4.8562285e+01   8.9346128e-24
   4.8674270e+01   8.8969178e-24
   4.8786513e+01   8.8594153e-24
   4.8899015e+01   8.8221046e-24
   4.9011777e+01   8.7849847e-24
   4.9124798e+01   8.7480549e-24
   4.9238081e+01   8.7113143e-24
   4.9351624e+01   8.6747620e-24
   4.9465429e+01   8.6383973e-24
   4.9579497e+01   8.6022193e-24
   4.9693828e+01   8.5662271e-24
   4.9808422e+01   8.5304200e-24
   4.9923280e+01   8.4947972e-24
   5.0038404e+01   8.4593578e-24
   5.0153793e+01   8.4241010e-24
   5.0269448e+01   8.3890261e-24
   5.0385370e+01   8.3541322e-24
   5.0501559e+01   8.3194184e-24
   5.0618016e+01   8.2848842e-24
   5.0734741e+01   8.2505285e-24
   5.0851736e+01   8.2163507e-24
   5.0969000e+01   8.1823500e-24
   5.1086535e+01   8.1485255e-24
   5.1204341e+01   8.1148766e-24
   5.1322419e+01   8.0814023e-24
   5.1440769e+01   8.0481021e-24
   5.1559392e+01   8.0149750e-24
   5.1678288e+01   7.9820204e-24
   5.1797458e+01   7.9492374e-24
   5.1916904e+01   7.9166253e-24
   5.2036625e+01   7.8841834e-24
   5.2156621e+01   7.8519109e-24
   5.2276895e+01   7.8198071e-24
   5.2397446e+01   7.7878711e-24
   5.2518275e+01   7.7561024e-24
   5.2639382e+01   7.7245000e-24
   5.2760769e+01   7.6930634e-24
   5.2882436e+01   7.6617917e-24
   5.3004383e+01   7.6306843e-24
   5.3126612e+01   7.5997404e-24
   5.3249122e+01   7.5689593e-24
   5.3371915e+01   7.5383402e-24
   5.3494991e+01   7.5078826e-24
   5.3618351e+01   7.4775855e-24
   5.3741995e+01   7.4474484e-24
   5.3865925e+01   7.4174705e-24
   5.3990140e+01   7.3876511e-24
   5.4114642e+01   7.3579895e-24
   5.4239430e+01   7.3284851e-24
   5.4364507e+01   7.2991371e-24
   5.4489872e+01   7.2699448e-24
   5.4615526e+01   7.2409076e-24
   5.4741470e+01   7.2120247e-24
   5.4867704e+01   7.1832955e-24
   5.4994229e+01   7.1547192e-24
   5.5121046e+01   7.1262953e-24
   5.5248156e+01   7.0980230e-24
   5.5375559e+01   7.0699017e-24
   5.5503255e+01   7.0419307e-24
   5.5631246e+01   7.0141093e-24
   5.5759532e+01   6.9864369e-24
   5.5888114e+01   6.9589128e-24
   5.6016992e+01   6.9315363e-24
   5.6146168e+01   6.9043068e-24
   5.6275642e+01   6.8772236e-24
   5.6405414e+01   6.8502862e-24
   5.6535485e+01   6.8234937e-24
   5.6665856e+01   6.7968456e-24
   5.6796528e+01   6.7703413e-24
   5.6927501e+01   6.7439801e-24
   5.7058777e+01   6.7177614e-24
   5.7190355e+01   6.6916845e-24
   5.7322236e+01   6.6657488e-24
   5.7454421e+01   6.6399536e-24
   5.7586912e+01   6.6142984e-24
   5.7719708e+01   6.5887825e-24
   5.7852810e+01   6.5634053e-24
   5.7986219e+01   6.5381662e-24
   5.8119935e+01   6.5130646e-24
   5.8253960e+01   6.4880997e-24
   5.8388294e+01   6.4632712e-24
   5.8522938e+01   6.4385782e-24
   5.8657893e+01   6.4140202e-24
   5.8793158e+01   6.3895967e-24
   5.8928736e+01   6.3653069e-24
   5.9064626e+01   6.3411503e-24
   5.9200829e+01   6.3171264e-24
   5.9337347e+01   6.2932344e-24
   5.9474179e+01   6.2694739e-24
   5.9611327e+01   6.2458442e-24
   5.9748791e+01   6.2223447e-24
   5.9886572e+01   6.1989748e-24
   6.0024671e+01   6.1757340e-24
   6.0163089e+01   6.1526217e-24
   6.0301825e+01   6.1296373e-24
   6.0440882e+01   6.1067802e-24
   6.0580259e+01   6.0840499e-24
   6.0719957e+01   6.0614457e-24
   6.0859978e+01   6.0389671e-24
   6.1000322e+01   6.0166135e-24
   6.1140989e+01   5.9943844e-24
   6.1281980e+01   5.9722792e-24
   6.1423297e+01   5.9502973e-24
   6.1564940e+01   5.9284382e-24
   6.1706909e+01   5.9067013e-24
   6.1849206e+01   5.8850861e-24
   6.1991830e+01   5.8635920e-24
   6.2134784e+01   5.8422184e-24
   6.2278067e+01   5.8209648e-24
   6.2421681e+01   5.7998307e-24
   6.2565626e+01   5.7788154e-24
   6.2709903e+01   5.7579186e-24
   6.2854512e+01   5.7371395e-24
   6.2999455e+01   5.7164777e-24
   6.3144732e+01   5.6959327e-24
   6.3290345e+01   5.6755039e-24
   6.3436293e+01   5.6551907e-24
   6.3582577e+01   5.6349927e-24
   6.3729199e+01   5.6149092e-24
   6.3876159e+01   5.5949399e-24
   6.4023458e+01   5.5750841e-24
   6.4171097e+01   5.5553413e-24
   6.4319076e+01   5.5357110e-24
   6.4467396e+01   5.5161927e-24
   6.4616058e+01   5.4967858e-24
   6.4765063e+01   5.4774899e-24
   6.4914412e+01   5.4583045e-24
   6.5064105e+01   5.4392289e-24
   6.5214144e+01   5.4202627e-24
   6.5364528e+01   5.4014055e-24
   6.5515259e+01   5.3826566e-24
   6.5666338e+01   5.3640155e-24
   6.5817765e+01   5.3454819e-24
   6.5969541e+01   5.3270551e-24
   6.6121667e+01   5.3087347e-24
   6.6274144e+01   5.2905202e-24
   6.6426973e+01   5.2724110e-24
   6.6580154e+01   5.2544067e-24
   6.6733688e+01   5.2365067e-24
   6.6887577e+01   5.2187107e-24
   6.7041820e+01   5.2010180e-24
   6.7196419e+01   5.1834283e-24
   6.7351374e+01   5.1659410e-24
   6.7506687e+01   5.1485556e-24
   6.7662358e+01   5.1312716e-24
   6.7818388e+01   5.1140886e-24
   6.7974778e+01   5.0970061e-24
   6.8131528e+01   5.0800236e-24
   6.8288640e+01   5.0631406e-24
   6.8446114e+01   5.0463567e-24
   6.8603951e+01   5.0296714e-24
   6.8762153e+01   5.0130841e-24
   6.8920719e+01   4.9965945e-24
   6.9079650e+01   4.9802020e-24
   6.9238949e+01   4.9639062e-24
   6.9398614e+01   4.9477067e-24
   6.9558648e+01   4.9316029e-24
   6.9719051e+01   4.9155944e-24
   6.9879823e+01   4.8996808e-24
   7.0040967e+01   4.8838615e-24
   7.0202482e+01   4.8681361e-24
   7.0364369e+01   4.8525042e-24
   7.0526630e+01   4.8369653e-24
   7.0689265e+01   4.8215189e-24
   7.0852275e+01   4.8061647e-24
   7.1015661e+01   4.7909020e-24
   7.1179423e+01   4.7757306e-24
   7.1343564e+01   4.7606499e-24
   7.1508083e+01   4.7456595e-24
   7.1672981e+01   4.7307590e-24
   7.1838259e+01   4.7159479e-24
   7.2003919e+01   4.7012257e-24
   7.2169960e+01   4.6865920e-24
   7.2336385e+01   4.6720465e-24
   7.2503193e+01   4.6575886e-24
   7.2670386e+01   4.6432179e-24
   7.2837964e+01   4.6289339e-24
   7.3005929e+01   4.6147363e-24
   7.3174282e+01   4.6006246e-24
   7.3343022e+01   4.5865984e-24
   7.3512152e+01   4.5726573e-24
   7.3681671e+01   4.5588007e-24
   7.3851582e+01   4.5450283e-24
   7.4021884e+01   4.5313397e-24
   7.4192579e+01   4.5177345e-24
   7.4363668e+01   4.5042121e-24
   7.4535151e+01   4.4907723e-24
   7.4707029e+01   4.4774145e-24
   7.4879304e+01   4.4641384e-24
   7.5051977e+01   4.4509435e-24
   7.5225047e+01   4.4378295e-24
   7.5398517e+01   4.4247958e-24
   7.5572386e+01   4.4118422e-24
   7.5746657e+01   4.3989681e-24
   7.5921329e+01   4.3861732e-24
   7.6096404e+01   4.3734571e-24
   7.6271883e+01   4.3608193e-24
   7.6447767e+01   4.3482595e-24
   7.6624056e+01   4.3357772e-24
   7.6800751e+01   4.3233721e-24
   7.6977855e+01   4.3110436e-24
   7.7155366e+01   4.2987916e-24
   7.7333287e+01   4.2866154e-24
   7.7511618e+01   4.2745148e-24
   7.7690361e+01   4.2624894e-24
   7.7869515e+01   4.2505386e-24
   7.8049083e+01   4.2386622e-24
   7.8229065e+01   4.2268598e-24
   7.8409461e+01   4.2151310e-24
   7.8590274e+01   4.2034753e-24
   7.8771504e+01   4.1918923e-24
   7.8953152e+01   4.1803818e-24
   7.9135218e+01   4.1689433e-24
   7.9317705e+01   4.1575764e-24
   7.9500612e+01   4.1462807e-24
   7.9683941e+01   4.1350559e-24
   7.9867693e+01   4.1239016e-24
   8.0051868e+01   4.1128173e-24
   8.0236468e+01   4.1018028e-24
   8.0421494e+01   4.0908576e-24
   8.0606947e+01   4.0799813e-24
   8.0792827e+01   4.0691736e-24
   8.0979136e+01   4.0584341e-24
   8.1165874e+01   4.0477625e-24
   8.1353044e+01   4.0371583e-24
   8.1540644e+01   4.0266212e-24
   8.1728678e+01   4.0161508e-24
   8.1917145e+01   4.0057467e-24
   8.2106046e+01   3.9954087e-24
   8.2295383e+01   3.9851362e-24
   8.2485157e+01   3.9749290e-24
   8.2675369e+01   3.9647868e-24
   8.2866019e+01   3.9547090e-24
   8.3057108e+01   3.9446954e-24
   8.3248639e+01   3.9347456e-24
   8.3440611e+01   3.9248592e-24
   8.3633025e+01   3.9150360e-24
   8.3825884e+01   3.9052755e-24
   8.4019187e+01   3.8955774e-24
   8.4212936e+01   3.8859413e-24
   8.4407131e+01   3.8763668e-24
   8.4601775e+01   3.8668538e-24
   8.4796867e+01   3.8574016e-24
   8.4992409e+01   3.8480102e-24
   8.5188403e+01   3.8386790e-24
   8.5384848e+01   3.8294077e-24
   8.5581746e+01   3.8201960e-24
   8.5779098e+01   3.8110436e-24
   8.5976905e+01   3.8019501e-24
   8.6175169e+01   3.7929151e-24
   8.6373889e+01   3.7839384e-24
   8.6573068e+01   3.7750196e-24
   8.6772706e+01   3.7661583e-24
   8.6972805e+01   3.7573543e-24
   8.7173365e+01   3.7486071e-24
   8.7374387e+01   3.7399165e-24
   8.7575873e+01   3.7312821e-24
   8.7777824e+01   3.7227035e-24
   8.7980240e+01   3.7141806e-24
   8.8183123e+01   3.7057129e-24
   8.8386474e+01   3.6973000e-24
   8.8590294e+01   3.6889418e-24
   8.8794584e+01   3.6806378e-24
   8.8999345e+01   3.6723877e-24
   8.9204578e+01   3.6641912e-24
   8.9410285e+01   3.6560480e-24
   8.9616465e+01   3.6479578e-24
   8.9823122e+01   3.6399202e-24
   9.0030254e+01   3.6319350e-24
   9.0237865e+01   3.6240018e-24
   9.0445954e+01   3.6161203e-24
   9.0654523e+01   3.6082901e-24
   9.0863573e+01   3.6005111e-24
   9.1073105e+01   3.5927828e-24
   9.1283120e+01   3.5851049e-24
   9.1493620e+01   3.5774772e-24
   9.1704605e+01   3.5698994e-24
   9.1916077e+01   3.5623710e-24
   9.2128036e+01   3.5548919e-24
   9.2340484e+01   3.5474618e-24
   9.2553422e+01   3.5400802e-24
   9.2766850e+01   3.5327470e-24
   9.2980771e+01   3.5254618e-24
   9.3195186e+01   3.5182243e-24
   9.3410095e+01   3.5110343e-24
   9.3625499e+01   3.5038914e-24
   9.3841400e+01   3.4967953e-24
   9.4057799e+01   3.4897457e-24
   9.4274697e+01   3.4827424e-24
   9.4492095e+01   3.4757851e-24
   9.4709995e+01   3.4688735e-24
   9.4928397e+01   3.4620072e-24
   9.5147302e+01   3.4551860e-24
   9.5366713e+01   3.4484096e-24
   9.5586629e+01   3.4416778e-24
   9.5807053e+01   3.4349902e-24
   9.6027984e+01   3.4283466e-24
   9.6249426e+01   3.4217466e-24
   9.6471378e+01   3.4151900e-24
   9.6693841e+01   3.4086766e-24
   9.6916818e+01   3.4022060e-24
   9.7140309e+01   3.3957780e-24
   9.7364315e+01   3.3893922e-24
   9.7588838e+01   3.3830485e-24
   9.7813879e+01   3.3767465e-24
   9.8039438e+01   3.3704860e-24
   9.8265518e+01   3.3642668e-24
   9.8492119e+01   3.3580884e-24
   9.8719243e+01   3.3519507e-24
   9.8946890e+01   3.3458535e-24
   9.9175062e+01   3.3397963e-24
   9.9403761e+01   3.3337791e-24
   9.9632987e+01   3.3278015e-24
   9.9862741e+01   3.3218632e-24
   1.0009303e+02   3.3159640e-24
   1.0032384e+02   3.3101037e-24
   1.0055519e+02   3.3042819e-24
   1.0078707e+02   3.2984985e-24
   1.0101948e+02   3.2927531e-24
   1.0125244e+02   3.2870455e-24
   1.0148593e+02   3.2813755e-24
   1.0171995e+02   3.2757429e-24
   1.0195452e+02   3.2701473e-24
   1.0218963e+02   3.2645885e-24
   1.0242528e+02   3.2590662e-24
   1.0266147e+02   3.2535803e-24
   1.0289821e+02   3.2481305e-24
   1.0313549e+02   3.2427165e-24
   1.0337332e+02   3.2373381e-24
   1.0361170e+02   3.2319950e-24
   1.0385063e+02   3.2266871e-24
   1.0409011e+02   3.2214140e-24
   1.0433015e+02   3.2161756e-24
   1.0457073e+02   3.2109716e-24
   1.0481187e+02   3.2058017e-24
   1.0505357e+02   3.2006658e-24
   1.0529582e+02   3.1955635e-24
   1.0553864e+02   3.1904948e-24
   1.0578201e+02   3.1854592e-24
   1.0602594e+02   3.1804567e-24
   1.0627044e+02   3.1754870e-24
   1.0651550e+02   3.1705498e-24
   1.0676113e+02   3.1656449e-24
   1.0700732e+02   3.1607722e-24
   1.0725408e+02   3.1559313e-24
   1.0750141e+02   3.1511221e-24
   1.0774931e+02   3.1463444e-24
   1.0799778e+02   3.1415978e-24
   1.0824682e+02   3.1368823e-24
   1.0849644e+02   3.1321976e-24
   1.0874663e+02   3.1275434e-24
   1.0899740e+02   3.1229196e-24
   1.0924875e+02   3.1183260e-24
   1.0950068e+02   3.1137623e-24
   1.0975319e+02   3.1092283e-24
   1.1000628e+02   3.1047238e-24
   1.1025996e+02   3.1002486e-24
   1.1051422e+02   3.0958026e-24
   1.1076906e+02   3.0913854e-24
   1.1102450e+02   3.0869969e-24
   1.1128052e+02   3.0826369e-24
   1.1153714e+02   3.0783052e-24
   1.1179434e+02   3.0740016e-24
   1.1205214e+02   3.0697259e-24
   1.1231053e+02   3.0654778e-24
   1.1256952e+02   3.0612573e-24
   1.1282911e+02   3.0570640e-24
   1.1308929e+02   3.0528979e-24
   1.1335008e+02   3.0487586e-24
   1.1361146e+02   3.0446460e-24
   1.1387345e+02   3.0405600e-24
   1.1413605e+02   3.0365003e-24
   1.1439924e+02   3.0324668e-24
   1.1466305e+02   3.0284591e-24
   1.1492746e+02   3.0244773e-24
   1.1519249e+02   3.0205210e-24
   1.1545812e+02   3.0165902e-24
   1.1572437e+02   3.0126845e-24
   1.1599123e+02   3.0088039e-24
   1.1625871e+02   3.0049481e-24
   1.1652680e+02   3.0011170e-24
   1.1679551e+02   2.9973103e-24
   1.1706484e+02   2.9935280e-24
   1.1733480e+02   2.9897698e-24
   1.1760537e+02   2.9860356e-24
   1.1787657e+02   2.9823251e-24
   1.1814839e+02   2.9786383e-24
   1.1842085e+02   2.9749749e-24
   1.1869392e+02   2.9713348e-24
   1.1896763e+02   2.9677177e-24
   1.1924197e+02   2.9641236e-24
   1.1951695e+02   2.9605523e-24
   1.1979255e+02   2.9570035e-24
   1.2006880e+02   2.9534772e-24
   1.2034568e+02   2.9499731e-24
   1.2062319e+02   2.9464912e-24
   1.2090135e+02   2.9430311e-24
   1.2118015e+02   2.9395929e-24
   1.2145959e+02   2.9361762e-24
   1.2173968e+02   2.9327810e-24
   1.2202041e+02   2.9294071e-24
   1.2230179e+02   2.9260544e-24
   1.2258382e+02   2.9227226e-24
   1.2286650e+02   2.9194117e-24
   1.2314983e+02   2.9161214e-24
   1.2343382e+02   2.9128517e-24
   1.2371846e+02   2.9096023e-24
   1.2400375e+02   2.9063731e-24
   1.2428971e+02   2.9031640e-24
   1.2457632e+02   2.8999749e-24
   1.2486359e+02   2.8968055e-24
   1.2515153e+02   2.8936557e-24
   1.2544013e+02   2.8905254e-24
   1.2572940e+02   2.8874145e-24
   1.2601933e+02   2.8843227e-24
   1.2630993e+02   2.8812500e-24
   1.2660120e+02   2.8781962e-24
   1.2689314e+02   2.8751611e-24
   1.2718576e+02   2.8721447e-24
   1.2747905e+02   2.8691468e-24
   1.2777302e+02   2.8661672e-24
   1.2806767e+02   2.8632059e-24
   1.2836299e+02   2.8602626e-24
   1.2865900e+02   2.8573372e-24
   1.2895569e+02   2.8544297e-24
   1.2925306e+02   2.8515399e-24
   1.2955112e+02   2.8486675e-24
   1.2984986e+02   2.8458126e-24
   1.3014930e+02   2.8429750e-24
   1.3044942e+02   2.8401546e-24
   1.3075024e+02   2.8373511e-24
   1.3105175e+02   2.8345646e-24
   1.3135396e+02   2.8317948e-24
   1.3165686e+02   2.8290417e-24
   1.3196046e+02   2.8263051e-24
   1.3226476e+02   2.8235849e-24
   1.3256977e+02   2.8208810e-24
   1.3287547e+02   2.8181932e-24
   1.3318189e+02   2.8155215e-24
   1.3348901e+02   2.8128657e-24
   1.3379683e+02   2.8102257e-24
   1.3410537e+02   2.8076013e-24
   1.3441462e+02   2.8049925e-24
   1.3472458e+02   2.8023992e-24
   1.3503525e+02   2.7998212e-24
   1.3534665e+02   2.7972584e-24
   1.3565876e+02   2.7947107e-24
   1.3597159e+02   2.7921780e-24
   1.3628514e+02   2.7896601e-24
   1.3659941e+02   2.7871571e-24
   1.3691441e+02   2.7846687e-24
   1.3723014e+02   2.7821948e-24
   1.3754659e+02   2.7797354e-24
   1.3786377e+02   2.7772903e-24
   1.3818169e+02   2.7748594e-24
   1.3850034e+02   2.7724426e-24
   1.3881972e+02   2.7700398e-24
   1.3913984e+02   2.7676510e-24
   1.3946070e+02   2.7652759e-24
   1.3978229e+02   2.7629146e-24
   1.4010463e+02   2.7605668e-24
   1.4042772e+02   2.7582326e-24
   1.4075154e+02   2.7559117e-24
   1.4107612e+02   2.7536042e-24
   1.4140144e+02   2.7513098e-24
   1.4172751e+02   2.7490286e-24
   1.4205434e+02   2.7467603e-24
   1.4238192e+02   2.7445049e-24
   1.4271025e+02   2.7422624e-24
   1.4303934e+02   2.7400326e-24
   1.4336919e+02   2.7378154e-24
   1.4369980e+02   2.7356107e-24
   1.4403117e+02   2.7334185e-24
   1.4436331e+02   2.7312386e-24
   1.4469621e+02   2.7290710e-24
   1.4502988e+02   2.7269155e-24
   1.4536432e+02   2.7247721e-24
   1.4569954e+02   2.7226407e-24
   1.4603552e+02   2.7205212e-24
   1.4637228e+02   2.7184135e-24
   1.4670981e+02   2.7163175e-24
   1.4704813e+02   2.7142332e-24
   1.4738722e+02   2.7121604e-24
   1.4772710e+02   2.7100991e-24
   1.4806776e+02   2.7080491e-24
   1.4840920e+02   2.7060105e-24
   1.4875144e+02   2.7039831e-24
   1.4909446e+02   2.7019668e-24
   1.4943827e+02   2.6999616e-24
   1.4978288e+02   2.6979673e-24
   1.5012828e+02   2.6959840e-24
   1.5047447e+02   2.6940114e-24
   1.5082147e+02   2.6920496e-24
   1.5116927e+02   2.6900985e-24
   1.5151786e+02   2.6881579e-24
   1.5186726e+02   2.6862279e-24
   1.5221747e+02   2.6843083e-24
   1.5256849e+02   2.6823990e-24
   1.5292031e+02   2.6805001e-24
   1.5327295e+02   2.6786113e-24
   1.5362639e+02   2.6767327e-24
   1.5398066e+02   2.6748641e-24
   1.5433574e+02   2.6730056e-24
   1.5469164e+02   2.6711569e-24
   1.5504836e+02   2.6693181e-24
   1.5540590e+02   2.6674891e-24
   1.5576427e+02   2.6656698e-24
   1.5612346e+02   2.6638602e-24
   1.5648348e+02   2.6620601e-24
   1.5684434e+02   2.6602695e-24
   1.5720602e+02   2.6584884e-24
   1.5756854e+02   2.6567166e-24
   1.5793189e+02   2.6549541e-24
   1.5829608e+02   2.6532009e-24
   1.5866112e+02   2.6514569e-24
   1.5902699e+02   2.6497220e-24
   1.5939371e+02   2.6479961e-24
   1.5976127e+02   2.6462792e-24
   1.6012968e+02   2.6445713e-24
   1.6049894e+02   2.6428722e-24
   1.6086905e+02   2.6411819e-24
   1.6124002e+02   2.6395004e-24
   1.6161184e+02   2.6378275e-24
   1.6198452e+02   2.6361633e-24
   1.6235805e+02   2.6345076e-24
   1.6273245e+02   2.6328604e-24
   1.6310772e+02   2.6312217e-24
   1.6348384e+02   2.6295914e-24
   1.6386084e+02   2.6279694e-24
   1.6423870e+02   2.6263557e-24
   1.6461744e+02   2.6247502e-24
   1.6499705e+02   2.6231529e-24
   1.6537753e+02   2.6215637e-24
   1.6575889e+02   2.6199825e-24
   1.6614114e+02   2.6184094e-24
   1.6652426e+02   2.6168442e-24
   1.6690826e+02   2.6152869e-24
   1.6729316e+02   2.6137375e-24
   1.6767894e+02   2.6121958e-24
   1.6806560e+02   2.6106619e-24
   1.6845316e+02   2.6091357e-24
   1.6884162e+02   2.6076171e-24
   1.6923097e+02   2.6061062e-24
   1.6962122e+02   2.6046027e-24
   1.7001236e+02   2.6031068e-24
   1.7040441e+02   2.6016183e-24
   1.7079737e+02   2.6001372e-24
   1.7119123e+02   2.5986635e-24
   1.7158600e+02   2.5971971e-24
   1.7198168e+02   2.5957379e-24
   1.7237827e+02   2.5942860e-24
   1.7277577e+02   2.5928412e-24
   1.7317419e+02   2.5914035e-24
   1.7357354e+02   2.5899729e-24
   1.7397380e+02   2.5885494e-24
   1.7437498e+02   2.5871328e-24
   1.7477709e+02   2.5857232e-24
   1.7518013e+02   2.5843205e-24
   1.7558410e+02   2.5829246e-24
   1.7598899e+02   2.5815356e-24
   1.7639483e+02   2.5801533e-24
   1.7680159e+02   2.5787778e-24
   1.7720930e+02   2.5774090e-24
   1.7761795e+02   2.5760468e-24
   1.7802753e+02   2.5746913e-24
   1.7843807e+02   2.5733423e-24
   1.7884955e+02   2.5719999e-24
   1.7926198e+02   2.5706639e-24
   1.7967535e+02   2.5693345e-24
   1.8008969e+02   2.5680114e-24
   1.8050498e+02   2.5666947e-24
   1.8092122e+02   2.5653844e-24
   1.8133843e+02   2.5640804e-24
   1.8175659e+02   2.5627827e-24
   1.8217573e+02   2.5614912e-24
   1.8259583e+02   2.5602059e-24
   1.8301689e+02   2.5589267e-24
   1.8343893e+02   2.5576537e-24
   1.8386194e+02   2.5563869e-24
   1.8428593e+02   2.5551260e-24
   1.8471089e+02   2.5538712e-24
   1.8513684e+02   2.5526224e-24
   1.8556377e+02   2.5513796e-24
   1.8599168e+02   2.5501426e-24
   1.8642058e+02   2.5489116e-24
   1.8685046e+02   2.5476865e-24
   1.8728134e+02   2.5464672e-24
   1.8771321e+02   2.5452537e-24
   1.8814608e+02   2.5440459e-24
   1.8857995e+02   2.5428439e-24
   1.8901482e+02   2.5416477e-24
   1.8945068e+02   2.5404571e-24
   1.8988756e+02   2.5392721e-24
   1.9032544e+02   2.5380928e-24
   1.9076433e+02   2.5369191e-24
   1.9120424e+02   2.5357509e-24
   1.9164516e+02   2.5345883e-24
   1.9208709e+02   2.5334312e-24
   1.9253005e+02   2.5322796e-24
   1.9297402e+02   2.5311334e-24
   1.9341902e+02   2.5299926e-24
   1.9386505e+02   2.5288573e-24
   1.9431210e+02   2.5277273e-24
   1.9476019e+02   2.5266027e-24
   1.9520930e+02   2.5254834e-24
   1.9565946e+02   2.5243694e-24
   1.9611065e+02   2.5232607e-24
   1.9656288e+02   2.5221572e-24
   1.9701616e+02   2.5210589e-24
   1.9747048e+02   2.5199659e-24
   1.9792585e+02   2.5188780e-24
   1.9838227e+02   2.5177953e-24
   1.9883974e+02   2.5167176e-24
   1.9929826e+02   2.5156451e-24
   1.9975785e+02   2.5145777e-24
   2.0021849e+02   2.5135154e-24
   2.0068020e+02   2.5124580e-24
   2.0114297e+02   2.5114057e-24
   2.0160680e+02   2.5103584e-24
   2.0207171e+02   2.5093161e-24
   2.0253769e+02   2.5082787e-24
   2.0300474e+02   2.5072462e-24
   2.0347287e+02   2.5062187e-24
   2.0394208e+02   2.5051960e-24
   2.0441237e+02   2.5041782e-24
   2.0488375e+02   2.5031653e-24
   2.0535621e+02   2.5021572e-24
   2.0582977e+02   2.5011539e-24
   2.0630441e+02   2.5001553e-24
   2.0678015e+02   2.4991616e-24
   2.0725699e+02   2.4981726e-24
   2.0773492e+02   2.4971884e-24
   2.0821396e+02   2.4962088e-24
   2.0869411e+02   2.4952340e-24
   2.0917536e+02   2.4942638e-24
   2.0965772e+02   2.4932983e-24
   2.1014119e+02   2.4923375e-24
   2.1062578e+02   2.4913813e-24
   2.1111148e+02   2.4904297e-24
   2.1159831e+02   2.4894827e-24
   2.1208625e+02   2.4885403e-24
   2.1257533e+02   2.4876024e-24
   2.1306553e+02   2.4866691e-24
   2.1355686e+02   2.4857403e-24
   2.1404932e+02   2.4848161e-24
   2.1454292e+02   2.4838963e-24
   2.1503766e+02   2.4829811e-24
   2.1553354e+02   2.4820703e-24
   2.1603056e+02   2.4811639e-24
   2.1652873e+02   2.4802621e-24
   2.1702804e+02   2.4793646e-24
   2.1752851e+02   2.4784716e-24
   2.1803013e+02   2.4775830e-24
   2.1853291e+02   2.4766987e-24
   2.1903685e+02   2.4758189e-24
   2.1954195e+02   2.4749434e-24
   2.2004822e+02   2.4740723e-24
   2.2055565e+02   2.4732055e-24
   2.2106425e+02   2.4723430e-24
   2.2157403e+02   2.4714849e-24
   2.2208498e+02   2.4706310e-24
   2.2259711e+02   2.4697815e-24
   2.2311042e+02   2.4689362e-24
   2.2362491e+02   2.4680952e-24
   2.2414060e+02   2.4672584e-24
   2.2465747e+02   2.4664260e-24
   2.2517553e+02   2.4655977e-24
   2.2569478e+02   2.4647737e-24
   2.2621524e+02   2.4639539e-24
   2.2673689e+02   2.4631383e-24
   2.2725975e+02   2.4623268e-24
   2.2778381e+02   2.4615196e-24
   2.2830908e+02   2.4607166e-24
   2.2883556e+02   2.4599177e-24
   2.2936326e+02   2.4591230e-24
   2.2989217e+02   2.4583324e-24
   2.3042231e+02   2.4575460e-24
   2.3095366e+02   2.4567637e-24
   2.3148624e+02   2.4559856e-24
   2.3202005e+02   2.4552115e-24
   2.3255509e+02   2.4544416e-24
   2.3309137e+02   2.4536757e-24
   2.3362888e+02   2.4529140e-24
   2.3416763e+02   2.4521563e-24
   2.3470762e+02   2.4514027e-24
   2.3524886e+02   2.4506532e-24
   2.3579134e+02   2.4499077e-24
   2.3633508e+02   2.4491663e-24
   2.3688007e+02   2.4484290e-24
   2.3742632e+02   2.4476957e-24
   2.3797382e+02   2.4469664e-24
   2.3852259e+02   2.4462412e-24
   2.3907263e+02   2.4455200e-24
   2.3962393e+02   2.4448028e-24
   2.4017651e+02   2.4440896e-24
   2.4073036e+02   2.4433804e-24
   2.4128548e+02   2.4426752e-24
   2.4184189e+02   2.4419740e-24
   2.4239958e+02   2.4412768e-24
   2.4295855e+02   2.4405836e-24
   2.4351882e+02   2.4398944e-24
   2.4408037e+02   2.4392091e-24
   2.4464322e+02   2.4385279e-24
   2.4520737e+02   2.4378506e-24
   2.4577282e+02   2.4371772e-24
   2.4633958e+02   2.4365078e-24
   2.4690764e+02   2.4358424e-24
   2.4747701e+02   2.4351809e-24
   2.4804769e+02   2.4345233e-24
   2.4861969e+02   2.4338698e-24
   2.4919301e+02   2.4332201e-24
   2.4976765e+02   2.4325744e-24
   2.5034362e+02   2.4319326e-24
   2.5092091e+02   2.4312947e-24
   2.5149954e+02   2.4306608e-24
   2.5207950e+02   2.4300308e-24
   2.5266080e+02   2.4294047e-24
   2.5324343e+02   2.4287826e-24
   2.5382742e+02   2.4281643e-24
   2.5441274e+02   2.4275500e-24
   2.5499942e+02   2.4269396e-24
   2.5558745e+02   2.4263331e-24
   2.5617684e+02   2.4257305e-24
   2.5676758e+02   2.4251318e-24
   2.5735969e+02   2.4245371e-24
   2.5795317e+02   2.4239462e-24
   2.5854801e+02   2.4233592e-24
   2.5914422e+02   2.4227762e-24
   2.5974181e+02   2.4221970e-24
   2.6034078e+02   2.4216218e-24
   2.6094112e+02   2.4210504e-24
   2.6154286e+02   2.4204829e-24
   2.6214598e+02   2.4199194e-24
   2.6275049e+02   2.4193597e-24
   2.6335639e+02   2.4188040e-24
   2.6396369e+02   2.4182521e-24
   2.6457240e+02   2.4177042e-24
   2.6518250e+02   2.4171601e-24
   2.6579401e+02   2.4166199e-24
   2.6640694e+02   2.4160837e-24
   2.6702127e+02   2.4155513e-24
   2.6763703e+02   2.4150229e-24
   2.6825420e+02   2.4144983e-24
   2.6887280e+02   2.4139776e-24
   2.6949282e+02   2.4134609e-24
   2.7011427e+02   2.4129480e-24
   2.7073716e+02   2.4124391e-24
   2.7136148e+02   2.4119340e-24
   2.7198724e+02   2.4114329e-24
   2.7261444e+02   2.4109357e-24
   2.7324310e+02   2.4104424e-24
   2.7387320e+02   2.4099530e-24
   2.7450475e+02   2.4094675e-24
   2.7513776e+02   2.4089859e-24
   2.7577223e+02   2.4085083e-24
   2.7640816e+02   2.4080346e-24
   2.7704556e+02   2.4075648e-24
   2.7768443e+02   2.4070989e-24
   2.7832477e+02   2.4066369e-24
   2.7896659e+02   2.4061789e-24
   2.7960989e+02   2.4057248e-24
   2.8025467e+02   2.4052747e-24
   2.8090094e+02   2.4048285e-24
   2.8154870e+02   2.4043862e-24
   2.8219796e+02   2.4039479e-24
   2.8284871e+02   2.4035135e-24
   2.8350096e+02   2.4030831e-24
   2.8415471e+02   2.4026566e-24
   2.8480998e+02   2.4022341e-24
   2.8546675e+02   2.4018156e-24
   2.8612504e+02   2.4014010e-24
   2.8678485e+02   2.4009904e-24
   2.8744617e+02   2.4005837e-24
   2.8810903e+02   2.4001811e-24
   2.8877341e+02   2.3997824e-24
   2.8943932e+02   2.3993877e-24
   2.9010677e+02   2.3989970e-24
   2.9077576e+02   2.3986103e-24
   2.9144629e+02   2.3982276e-24
   2.9211837e+02   2.3978489e-24
   2.9279200e+02   2.3974742e-24
   2.9346718e+02   2.3971035e-24
   2.9414391e+02   2.3967368e-24
   2.9482221e+02   2.3963742e-24
   2.9550207e+02   2.3960156e-24
   2.9618350e+02   2.3956610e-24
   2.9686651e+02   2.3953104e-24
   2.9755108e+02   2.3949639e-24
   2.9823724e+02   2.3946215e-24
   2.9892498e+02   2.3942831e-24
   2.9961430e+02   2.3939488e-24
   3.0030521e+02   2.3936185e-24
   3.0099772e+02   2.3932923e-24
   3.0169182e+02   2.3929702e-24
   3.0238752e+02   2.3926522e-24
   3.0308483e+02   2.3923382e-24
   3.0378375e+02   2.3920284e-24
   3.0448428e+02   2.3917226e-24
   3.0518642e+02   2.3914210e-24
   3.0589018e+02   2.3911235e-24
   3.0659557e+02   2.3908301e-24
   3.0730258e+02   2.3905408e-24
   3.0801122e+02   2.3902557e-24
   3.0872150e+02   2.3899747e-24
   3.0943341e+02   2.3896978e-24
   3.1014697e+02   2.3894252e-24
   3.1086217e+02   2.3891566e-24
   3.1157902e+02   2.3888923e-24
   3.1229752e+02   2.3886321e-24
   3.1301768e+02   2.3883761e-24
   3.1373950e+02   2.3881243e-24
   3.1446299e+02   2.3878767e-24
   3.1518814e+02   2.3876333e-24
   3.1591497e+02   2.3873941e-24
   3.1664347e+02   2.3871592e-24
   3.1737365e+02   2.3869285e-24
   3.1810552e+02   2.3867020e-24
   3.1883907e+02   2.3864797e-24
   3.1957432e+02   2.3862617e-24
   3.2031126e+02   2.3860480e-24
   3.2104990e+02   2.3858386e-24
   3.2179024e+02   2.3856334e-24
   3.2253229e+02   2.3854325e-24
   3.2327606e+02   2.3852359e-24
   3.2402153e+02   2.3850436e-24
   3.2476873e+02   2.3848556e-24
   3.2551765e+02   2.3846720e-24
   3.2626829e+02   2.3844926e-24
   3.2702067e+02   2.3843177e-24
   3.2777478e+02   2.3841470e-24
   3.2853063e+02   2.3839807e-24
   3.2928823e+02   2.3838188e-24
   3.3004757e+02   2.3836613e-24
   3.3080866e+02   2.3835081e-24
   3.3157151e+02   2.3833594e-24
   3.3233612e+02   2.3832150e-24
   3.3310249e+02   2.3830751e-24
   3.3387062e+02   2.3829395e-24
   3.3464053e+02   2.3828085e-24
   3.3541221e+02   2.3826818e-24
   3.3618568e+02   2.3825596e-24
   3.3696092e+02   2.3824419e-24
   3.3773796e+02   2.3823286e-24
   3.3851679e+02   2.3822198e-24
   3.3929741e+02   2.3821155e-24
   3.4007983e+02   2.3820158e-24
   3.4086406e+02   2.3819205e-24
   3.4165009e+02   2.3818297e-24
   3.4243794e+02   2.3817435e-24
   3.4322760e+02   2.3816618e-24
   3.4401909e+02   2.3815847e-24
   3.4481240e+02   2.3815122e-24
   3.4560754e+02   2.3814442e-24
   3.4640451e+02   2.3813808e-24
   3.4720333e+02   2.3813220e-24
   3.4800398e+02   2.3812678e-24
   3.4880648e+02   2.3812183e-24
   3.4961083e+02   2.3811733e-24
   3.5041703e+02   2.3811330e-24
   3.5122510e+02   2.3810974e-24
   3.5203503e+02   2.3810664e-24
   3.5284682e+02   2.3810401e-24
   3.5366049e+02   2.3810185e-24
   3.5447603e+02   2.3810016e-24
   3.5529346e+02   2.3809894e-24
   3.5611277e+02   2.3809820e-24
   3.5693397e+02   2.3809792e-24
   3.5775706e+02   2.3809812e-24
   3.5858205e+02   2.3809880e-24
   3.5940894e+02   2.3809996e-24
   3.6023774e+02   2.3810159e-24
   3.6106845e+02   2.3810370e-24
   3.6190108e+02   2.3810630e-24
   3.6273563e+02   2.3810937e-24
   3.6357210e+02   2.3811293e-24
   3.6441050e+02   2.3811698e-24
   3.6525083e+02   2.3812151e-24
   3.6609310e+02   2.3812652e-24
   3.6693731e+02   2.3813203e-24
   3.6778347e+02   2.3813803e-24
   3.6863159e+02   2.3814451e-24
   3.6948165e+02   2.3815149e-24
   3.7033368e+02   2.3815897e-24
   3.7118767e+02   2.3816693e-24
   3.7204364e+02   2.3817540e-24
   3.7290157e+02   2.3818436e-24
   3.7376148e+02   2.3819383e-24
   3.7462338e+02   2.3820379e-24
   3.7548727e+02   2.3821425e-24
   3.7635314e+02   2.3822522e-24
   3.7722102e+02   2.3823670e-24
   3.7809089e+02   2.3824868e-24
   3.7896277e+02   2.3826117e-24
   3.7983666e+02   2.3827416e-24
   3.8071257e+02   2.3828767e-24
   3.8159049e+02   2.3830169e-24
   3.8247044e+02   2.3831623e-24
   3.8335242e+02   2.3833128e-24
   3.8423644e+02   2.3834684e-24
   3.8512249e+02   2.3836293e-24
   3.8601059e+02   2.3837954e-24
   3.8690073e+02   2.3839666e-24
   3.8779292e+02   2.3841431e-24
   3.8868718e+02   2.3843249e-24
   3.8958349e+02   2.3845119e-24
   3.9048188e+02   2.3847041e-24
   3.9138233e+02   2.3849017e-24
   3.9228486e+02   2.3851046e-24
   3.9318947e+02   2.3853128e-24
   3.9409617e+02   2.3855264e-24
   3.9500496e+02   2.3857454e-24
   3.9591584e+02   2.3859697e-24
   3.9682883e+02   2.3861994e-24
   3.9774392e+02   2.3864345e-24
   3.9866112e+02   2.3866751e-24
   3.9958044e+02   2.3869211e-24
   4.0050187e+02   2.3871727e-24
   4.0142543e+02   2.3874297e-24
   4.0235112e+02   2.3876922e-24
   4.0327895e+02   2.3879602e-24
   4.0420891e+02   2.3882338e-24
   4.0514102e+02   2.3885130e-24
   4.0607528e+02   2.3887978e-24
   4.0701169e+02   2.3890882e-24
   4.0795026e+02   2.3893842e-24
   4.0889100e+02   2.3896859e-24
   4.0983390e+02   2.3899933e-24
   4.1077898e+02   2.3903064e-24
   4.1172624e+02   2.3906253e-24
   4.1267569e+02   2.3909499e-24
   4.1362732e+02   2.3912803e-24
   4.1458115e+02   2.3916165e-24
   4.1553718e+02   2.3919585e-24
   4.1649541e+02   2.3923065e-24
   4.1745585e+02   2.3926603e-24
   4.1841851e+02   2.3930201e-24
   4.1938338e+02   2.3933858e-24
   4.2035048e+02   2.3937576e-24
   4.2131982e+02   2.3941354e-24
   4.2229138e+02   2.3945193e-24
   4.2326519e+02   2.3949093e-24
   4.2424124e+02   2.3953054e-24
   4.2521955e+02   2.3957078e-24
   4.2620010e+02   2.3961164e-24
   4.2718293e+02   2.3965314e-24
   4.2816801e+02   2.3969527e-24
   4.2915537e+02   2.3973804e-24
   4.3014501e+02   2.3978146e-24
   4.3113692e+02   2.3982553e-24
   4.3213113e+02   2.3987027e-24
   4.3312763e+02   2.3991568e-24
   4.3412642e+02   2.3996177e-24
   4.3512752e+02   2.4000854e-24
   4.3613093e+02   2.4005601e-24
   4.3713665e+02   2.4010420e-24
   4.3814469e+02   2.4015311e-24
   4.3915506e+02   2.4020275e-24
   4.4016775e+02   2.4025314e-24
   4.4118278e+02   2.4030431e-24
   4.4220015e+02   2.4035626e-24
   4.4321987e+02   2.4040903e-24
   4.4424194e+02   2.4046263e-24
   4.4526636e+02   2.4051710e-24
   4.4629315e+02   2.4057247e-24
   4.4732231e+02   2.4062877e-24
   4.4835383e+02   2.4068606e-24
   4.4938774e+02   2.4074438e-24
   4.5042403e+02   2.4080379e-24
   4.5146271e+02   2.4086436e-24
   4.5250379e+02   2.4092618e-24
   4.5354727e+02   2.4098935e-24
   4.5459315e+02   2.4105399e-24
   4.5564145e+02   2.4112025e-24
   4.5669216e+02   2.4118831e-24
   4.5774529e+02   2.4125839e-24
   4.5880086e+02   2.4133079e-24
   4.5985886e+02   2.4140585e-24
   4.6091930e+02   2.4148402e-24
   4.6198218e+02   2.4156592e-24
   4.6304751e+02   2.4165230e-24
   4.6411530e+02   2.4174423e-24
   4.6518556e+02   2.4184312e-24
   4.6625828e+02   2.4195098e-24
   4.6733347e+02   2.4207066e-24
   4.6841115e+02   2.4220635e-24
   4.6949131e+02   2.4236444e-24
   4.7057396e+02   2.4255501e-24
   4.7165911e+02   2.4279480e-24
   4.7274676e+02   2.4311327e-24
   4.7383691e+02   2.4356622e-24
   4.7492958e+02   2.4427021e-24
   4.7602478e+02   2.4550353e-24
   4.7712249e+02   2.4807455e-24
   4.7822274e+02   2.5521915e-24
   4.7932553e+02   2.9173729e-24
   4.8043085e+02   4.0544701e-23
   4.8153873e+02   2.8449346e-24
   4.8264916e+02   2.5406188e-24
   4.8376216e+02   2.4786537e-24
   4.8487772e+02   2.4568851e-24
   4.8599585e+02   2.4471315e-24
   4.8711656e+02   2.4421744e-24
   4.8823985e+02   2.4394992e-24
   4.8936574e+02   2.4380465e-24
   4.9049422e+02   2.4373078e-24
   4.9162530e+02   2.4370148e-24
   4.9275899e+02   2.4370150e-24
   4.9389530e+02   2.4372168e-24
   4.9503423e+02   2.4375623e-24
   4.9617578e+02   2.4380137e-24
   4.9731996e+02   2.4385453e-24
   4.9846679e+02   2.4391392e-24
   4.9961626e+02   2.4397827e-24
   5.0076837e+02   2.4404666e-24
   5.0192315e+02   2.4411839e-24
   5.0308059e+02   2.4419295e-24
   5.0424070e+02   2.4426993e-24
   5.0540348e+02   2.4434904e-24
   5.0656894e+02   2.4443002e-24
   5.0773710e+02   2.4451270e-24
   5.0890794e+02   2.4459691e-24
   5.1008149e+02   2.4468254e-24
   5.1125774e+02   2.4476947e-24
   5.1243670e+02   2.4485764e-24
   5.1361839e+02   2.4494697e-24
   5.1480279e+02   2.4503741e-24
   5.1598993e+02   2.4512890e-24
   5.1717981e+02   2.4522142e-24
   5.1837243e+02   2.4531493e-24
   5.1956780e+02   2.4540940e-24
   5.2076593e+02   2.4550480e-24
   5.2196682e+02   2.4560112e-24
   5.2317048e+02   2.4569834e-24
   5.2437691e+02   2.4579645e-24
   5.2558613e+02   2.4589544e-24
   5.2679814e+02   2.4599528e-24
   5.2801294e+02   2.4609598e-24
   5.2923054e+02   2.4619753e-24
   5.3045095e+02   2.4629992e-24
   5.3167417e+02   2.4640315e-24
   5.3290022e+02   2.4650720e-24
   5.3412909e+02   2.4661209e-24
   5.3536079e+02   2.4671780e-24
   5.3659534e+02   2.4682433e-24
   5.3783273e+02   2.4693167e-24
   5.3907298e+02   2.4703984e-24
   5.4031609e+02   2.4714882e-24
   5.4156206e+02   2.4725862e-24
   5.4281090e+02   2.4736924e-24
   5.4406263e+02   2.4748067e-24
   5.4531724e+02   2.4759291e-24
   5.4657475e+02   2.4770597e-24
   5.4783515e+02   2.4781984e-24
   5.4909847e+02   2.4793453e-24
   5.5036469e+02   2.4805004e-24
   5.5163384e+02   2.4816636e-24
   5.5290591e+02   2.4828350e-24
   5.5418091e+02   2.4840146e-24
   5.5545886e+02   2.4852024e-24
   5.5673975e+02   2.4863984e-24
   5.5802360e+02   2.4876026e-24
   5.5931040e+02   2.4888151e-24
   5.6060018e+02   2.4900358e-24
   5.6189293e+02   2.4912648e-24
   5.6318866e+02   2.4925020e-24
   5.6448737e+02   2.4937476e-24
   5.6578909e+02   2.4950015e-24
   5.6709380e+02   2.4962638e-24
   5.6840152e+02   2.4975343e-24
   5.6971226e+02   2.4988133e-24
   5.7102602e+02   2.5001006e-24
   5.7234281e+02   2.5013964e-24
   5.7366264e+02   2.5027006e-24
   5.7498551e+02   2.5040132e-24
   5.7631143e+02   2.5053343e-24
   5.7764041e+02   2.5066639e-24
   5.7897245e+02   2.5080020e-24
   5.8030757e+02   2.5093486e-24
   5.8164576e+02   2.5107038e-24
   5.8298704e+02   2.5120675e-24
   5.8433141e+02   2.5134399e-24
   5.8567889e+02   2.5148208e-24
   5.8702947e+02   2.5162104e-24
   5.8838316e+02   2.5176086e-24
   5.8973998e+02   2.5190155e-24
   5.9109992e+02   2.5204311e-24
   5.9246300e+02   2.5218555e-24
   5.9382923e+02   2.5232886e-24
   5.9519860e+02   2.5247304e-24
   5.9657113e+02   2.5261810e-24
   5.9794683e+02   2.5276405e-24
   5.9932570e+02   2.5291088e-24
   6.0070775e+02   2.5305859e-24
   6.0209299e+02   2.5320719e-24
   6.0348142e+02   2.5335668e-24
   6.0487305e+02   2.5350707e-24
   6.0626789e+02   2.5365835e-24
   6.0766595e+02   2.5381053e-24
   6.0906723e+02   2.5396360e-24
   6.1047175e+02   2.5411758e-24
   6.1187950e+02   2.5427246e-24
   6.1329050e+02   2.5442825e-24
   6.1470475e+02   2.5458495e-24
   6.1612226e+02   2.5474256e-24
   6.1754305e+02   2.5490108e-24
   6.1896711e+02   2.5506052e-24
   6.2039445e+02   2.5522088e-24
   6.2182508e+02   2.5538216e-24
   6.2325902e+02   2.5554436e-24
   6.2469626e+02   2.5570749e-24
   6.2613681e+02   2.5587155e-24
   6.2758069e+02   2.5603653e-24
   6.2902789e+02   2.5620245e-24
   6.3047844e+02   2.5636931e-24
   6.3193232e+02   2.5653710e-24
   6.3338957e+02   2.5670584e-24
   6.3485017e+02   2.5687551e-24
   6.3631414e+02   2.5704614e-24
   6.3778148e+02   2.5721771e-24
   6.3925221e+02   2.5739023e-24
   6.4072633e+02   2.5756370e-24
   6.4220385e+02   2.5773813e-24
   6.4368478e+02   2.5791351e-24
   6.4516912e+02   2.5808986e-24
   6.4665688e+02   2.5826717e-24
   6.4814808e+02   2.5844544e-24
   6.4964271e+02   2.5862469e-24
   6.5114080e+02   2.5880490e-24
   6.5264233e+02   2.5898608e-24
   6.5414733e+02   2.5916824e-24
   6.5565580e+02   2.5935138e-24
   6.5716775e+02   2.5953550e-24
   6.5868318e+02   2.5972060e-24
   6.6020211e+02   2.5990669e-24
   6.6172454e+02   2.6009376e-24
   6.6325048e+02   2.6028183e-24
   6.6477994e+02   2.6047088e-24
   6.6631293e+02   2.6066094e-24
   6.6784945e+02   2.6085199e-24
   6.6938952e+02   2.6104404e-24
   6.7093314e+02   2.6123710e-24
   6.7248031e+02   2.6143116e-24
   6.7403106e+02   2.6162623e-24
   6.7558538e+02   2.6182231e-24
   6.7714328e+02   2.6201940e-24
   6.7870478e+02   2.6221752e-24
   6.8026988e+02   2.6241664e-24
   6.8183859e+02   2.6261680e-24
   6.8341091e+02   2.6281797e-24
   6.8498686e+02   2.6302017e-24
   6.8656645e+02   2.6322340e-24
   6.8814967e+02   2.6342767e-24
   6.8973655e+02   2.6363296e-24
   6.9132709e+02   2.6383930e-24
   6.9292130e+02   2.6404667e-24
   6.9451918e+02   2.6425509e-24
   6.9612074e+02   2.6446455e-24
   6.9772600e+02   2.6467506e-24
   6.9933497e+02   2.6488662e-24
   7.0094764e+02   2.6509923e-24
   7.0256403e+02   2.6531290e-24
   7.0418415e+02   2.6552762e-24
   7.0580800e+02   2.6574341e-24
   7.0743560e+02   2.6596026e-24
   7.0906695e+02   2.6617817e-24
   7.1070206e+02   2.6639716e-24
   7.1234095e+02   2.6661721e-24
   7.1398361e+02   2.6683835e-24
   7.1563006e+02   2.6706055e-24
   7.1728031e+02   2.6728384e-24
   7.1893437e+02   2.6750821e-24
   7.2059223e+02   2.6773366e-24
   7.2225393e+02   2.6796020e-24
   7.2391945e+02   2.6818784e-24
   7.2558881e+02   2.6841656e-24
   7.2726203e+02   2.6864638e-24
   7.2893910e+02   2.6887730e-24
   7.3062004e+02   2.6910932e-24
   7.3230485e+02   2.6934245e-24
   7.3399355e+02   2.6957668e-24
   7.3568615e+02   2.6981202e-24
   7.3738265e+02   2.7004847e-24
   7.3908306e+02   2.7028604e-24
   7.4078739e+02   2.7052472e-24
   7.4249565e+02   2.7076452e-24
   7.4420785e+02   2.7100545e-24
   7.4592400e+02   2.7124750e-24
   7.4764410e+02   2.7149068e-24
   7.4936818e+02   2.7173500e-24
   7.5109623e+02   2.7198044e-24
   7.5282826e+02   2.7222703e-24
   7.5456429e+02   2.7247475e-24
   7.5630432e+02   2.7272361e-24
   7.5804836e+02   2.7297362e-24
   7.5979643e+02   2.7322478e-24
   7.6154852e+02   2.7347709e-24
   7.6330466e+02   2.7373055e-24
   7.6506485e+02   2.7398517e-24
   7.6682909e+02   2.7424094e-24
   7.6859741e+02   2.7449788e-24
   7.7036980e+02   2.7475598e-24
   7.7214628e+02   2.7501525e-24
   7.7392685e+02   2.7527569e-24
   7.7571153e+02   2.7553731e-24
   7.7750033e+02   2.7580009e-24
   7.7929325e+02   2.7606406e-24
   7.8109031e+02   2.7632921e-24
   7.8289151e+02   2.7659554e-24
   7.8469686e+02   2.7686306e-24
   7.8650638e+02   2.7713177e-24
   7.8832007e+02   2.7740167e-24
   7.9013794e+02   2.7767277e-24
   7.9196000e+02   2.7794506e-24
   7.9378627e+02   2.7821856e-24
   7.9561675e+02   2.7849326e-24
   7.9745144e+02   2.7876916e-24
   7.9929037e+02   2.7904628e-24
   8.0113354e+02   2.7932461e-24
   8.0298096e+02   2.7960415e-24
   8.0483264e+02   2.7988491e-24
   8.0668859e+02   2.8016690e-24
   8.0854882e+02   2.8045010e-24
   8.1041334e+02   2.8073454e-24
   8.1228216e+02   2.8102020e-24
   8.1415529e+02   2.8130710e-24
   8.1603274e+02   2.8159523e-24
   8.1791452e+02   2.8188460e-24
   8.1980064e+02   2.8217521e-24
   8.2169110e+02   2.8246706e-24
   8.2358593e+02   2.8276016e-24
   8.2548512e+02   2.8305452e-24
   8.2738870e+02   2.8335012e-24
   8.2929666e+02   2.8364698e-24
   8.3120903e+02   2.8394510e-24
   8.3312580e+02   2.8424448e-24
   8.3504700e+02   2.8454512e-24
   8.3697262e+02   2.8484704e-24
   8.3890269e+02   2.8515022e-24
   8.4083720e+02   2.8545467e-24
   8.4277618e+02   2.8576041e-24
   8.4471963e+02   2.8606742e-24
   8.4666756e+02   2.8637571e-24
   8.4861998e+02   2.8668529e-24
   8.5057690e+02   2.8699615e-24
   8.5253834e+02   2.8730831e-24
   8.5450430e+02   2.8762176e-24
   8.5647479e+02   2.8793651e-24
   8.5844983e+02   2.8825256e-24
   8.6042942e+02   2.8856991e-24
   8.6241358e+02   2.8888857e-24
   8.6440231e+02   2.8920854e-24
   8.6639563e+02   2.8952982e-24
   8.6839354e+02   2.8985241e-24
   8.7039607e+02   2.9017632e-24
   8.7240321e+02   2.9050156e-24
   8.7441498e+02   2.9082811e-24
   8.7643138e+02   2.9115600e-24
   8.7845244e+02   2.9148522e-24
   8.8047816e+02   2.9181577e-24
   8.8250855e+02   2.9214766e-24
   8.8454362e+02   2.9248088e-24
   8.8658338e+02   2.9281546e-24
   8.8862785e+02   2.9315138e-24
   8.9067703e+02   2.9348865e-24
   8.9273094e+02   2.9382727e-24
   8.9478959e+02   2.9416725e-24
   8.9685298e+02   2.9450859e-24
   8.9892113e+02   2.9485130e-24
   9.0099405e+02   2.9519537e-24
   9.0307175e+02   2.9554082e-24
   9.0515424e+02   2.9588764e-24
   9.0724153e+02   2.9623585e-24
   9.0933364e+02   2.9658544e-24
   9.1143057e+02   2.9693642e-24
   9.1353233e+02   2.9728880e-24
   9.1563894e+02   2.9764259e-24
   9.1775041e+02   2.9799778e-24
   9.1986675e+02   2.9835439e-24
   9.2198797e+02   2.9871243e-24
   9.2411408e+02   2.9907190e-24
   9.2624510e+02   2.9943283e-24
   9.2838103e+02   2.9979524e-24
   9.3052188e+02   3.0015913e-24
   9.3266767e+02   3.0052456e-24
   9.3481841e+02   3.0089155e-24
   9.3697411e+02   3.0126018e-24
   9.3913478e+02   3.0163054e-24
   9.4130043e+02   3.0200278e-24
   9.4347108e+02   3.0237715e-24
   9.4564673e+02   3.0275408e-24
   9.4782740e+02   3.0313441e-24
   9.5001309e+02   3.0351989e-24
   9.5220383e+02   3.0391477e-24
   9.5439962e+02   3.0433178e-24
   9.5660047e+02   3.0482490e-24
   9.5880640e+02   3.0589207e-24
   9.6101742e+02   3.5822048e-24
   9.6323353e+02   3.0633137e-24
   9.6545475e+02   3.0631441e-24
   9.6768110e+02   3.0661937e-24
   9.6991258e+02   3.0697859e-24
   9.7214920e+02   3.0735515e-24
   9.7439099e+02   3.0773957e-24
   9.7663794e+02   3.0812850e-24
   9.7889008e+02   3.0852055e-24
   9.8114740e+02   3.0891502e-24
   9.8340994e+02   3.0931157e-24
   9.8567769e+02   3.0970998e-24
   9.8795067e+02   3.1011015e-24
   9.9022889e+02   3.1051199e-24
   9.9251237e+02   3.1091546e-24
   9.9480111e+02   3.1132052e-24
   9.9709513e+02   3.1172716e-24
   9.9939443e+02   3.1213535e-24
   1.0016990e+03   3.1254510e-24
   1.0040090e+03   3.1295639e-24
   1.0063242e+03   3.1336922e-24
   1.0086448e+03   3.1378359e-24
   1.0109708e+03   3.1419949e-24
   1.0133021e+03   3.1461693e-24
   1.0156387e+03   3.1503591e-24
   1.0179808e+03   3.1545642e-24
   1.0203283e+03   3.1587847e-24
   1.0226812e+03   3.1630207e-24
   1.0250395e+03   3.1672721e-24
   1.0274032e+03   3.1715389e-24
   1.0297724e+03   3.1758213e-24
   1.0321471e+03   3.1801191e-24
   1.0345272e+03   3.1844325e-24
   1.0369129e+03   3.1887614e-24
   1.0393040e+03   3.1931060e-24
   1.0417006e+03   3.1974661e-24
   1.0441028e+03   3.2018419e-24
   1.0465105e+03   3.2062334e-24
   1.0489238e+03   3.2106406e-24
   1.0513426e+03   3.2150635e-24
   1.0537670e+03   3.2195022e-24
   1.0561970e+03   3.2239567e-24
   1.0586326e+03   3.2284270e-24
   1.0610738e+03   3.2329132e-24
   1.0635207e+03   3.2374153e-24
   1.0659731e+03   3.2419333e-24
   1.0684313e+03   3.2464673e-24
   1.0708951e+03   3.2510173e-24
   1.0733646e+03   3.2555833e-24
   1.0758398e+03   3.2601654e-24
   1.0783207e+03   3.2647636e-24
   1.0808073e+03   3.2693779e-24
   1.0832996e+03   3.2740083e-24
   1.0857977e+03   3.2786550e-24
   1.0883016e+03   3.2833178e-24
   1.0908112e+03   3.2879969e-24
   1.0933266e+03   3.2926924e-24
   1.0958479e+03   3.2974041e-24
   1.0983749e+03   3.3021322e-24
   1.1009078e+03   3.3068767e-24
   1.1034465e+03   3.3116376e-24
   1.1059910e+03   3.3164149e-24
   1.1085414e+03   3.3212088e-24
   1.1110977e+03   3.3260192e-24
   1.1136599e+03   3.3308461e-24
   1.1162281e+03   3.3356897e-24
   1.1188021e+03   3.3405498e-24
   1.1213820e+03   3.3454266e-24
   1.1239680e+03   3.3503202e-24
   1.1265598e+03   3.3552304e-24
   1.1291577e+03   3.3601574e-24
   1.1317615e+03   3.3651012e-24
   1.1343714e+03   3.3700618e-24
   1.1369873e+03   3.3750393e-24
   1.1396092e+03   3.3800337e-24
   1.1422371e+03   3.3850451e-24
   1.1448711e+03   3.3900734e-24
   1.1475112e+03   3.3951187e-24
   1.1501574e+03   3.4001810e-24
   1.1528096e+03   3.4052604e-24
   1.1554680e+03   3.4103569e-24
   1.1581325e+03   3.4154706e-24
   1.1608032e+03   3.4206014e-24
   1.1634800e+03   3.4257495e-24
   1.1661630e+03   3.4309148e-24
   1.1688522e+03   3.4360973e-24
   1.1715476e+03   3.4412972e-24
   1.1742492e+03   3.4465144e-24
   1.1769570e+03   3.4517491e-24
   1.1796711e+03   3.4570011e-24
   1.1823914e+03   3.4622706e-24
   1.1851180e+03   3.4675576e-24
   1.1878509e+03   3.4728621e-24
   1.1905901e+03   3.4781842e-24
   1.1933356e+03   3.4835238e-24
   1.1960875e+03   3.4888811e-24
   1.1988456e+03   3.4942561e-24
   1.2016102e+03   3.4996488e-24
   1.2043811e+03   3.5050592e-24
   1.2071584e+03   3.5104874e-24
   1.2099421e+03   3.5159334e-24
   1.2127323e+03   3.5213972e-24
   1.2155288e+03   3.5268790e-24
   1.2183319e+03   3.5323786e-24
   1.2211413e+03   3.5378962e-24
   1.2239573e+03   3.5434318e-24
   1.2267798e+03   3.5489854e-24
   1.2296087e+03   3.5545571e-24
   1.2324442e+03   3.5601469e-24
   1.2352862e+03   3.5657548e-24
   1.2381348e+03   3.5713809e-24
   1.2409900e+03   3.5770252e-24
   1.2438517e+03   3.5826877e-24
   1.2467200e+03   3.5883686e-24
   1.2495950e+03   3.5940677e-24
   1.2524766e+03   3.5997852e-24
   1.2553648e+03   3.6055211e-24
   1.2582597e+03   3.6112754e-24
   1.2611612e+03   3.6170482e-24
   1.2640695e+03   3.6228394e-24
   1.2669844e+03   3.6286493e-24
   1.2699061e+03   3.6344776e-24
   1.2728345e+03   3.6403246e-24
   1.2757697e+03   3.6461903e-24
   1.2787116e+03   3.6520746e-24
   1.2816603e+03   3.6579777e-24
   1.2846158e+03   3.6638995e-24
   1.2875782e+03   3.6698402e-24
   1.2905473e+03   3.6757996e-24
   1.2935233e+03   3.6817780e-24
   1.2965062e+03   3.6877752e-24
   1.2994960e+03   3.6937914e-24
   1.3024926e+03   3.6998266e-24
   1.3054962e+03   3.7058808e-24
   1.3085067e+03   3.7119541e-24
   1.3115241e+03   3.7180465e-24
   1.3145485e+03   3.7241580e-24
   1.3175798e+03   3.7302887e-24
   1.3206182e+03   3.7364386e-24
   1.3236635e+03   3.7426078e-24
   1.3267159e+03   3.7487963e-24
   1.3297753e+03   3.7550041e-24
   1.3328418e+03   3.7612312e-24
   1.3359154e+03   3.7674778e-24
   1.3389960e+03   3.7737438e-24
   1.3420837e+03   3.7800293e-24
   1.3451786e+03   3.7863344e-24
   1.3482806e+03   3.7926590e-24
   1.3513897e+03   3.7990032e-24
   1.3545060e+03   3.8053670e-24
   1.3576295e+03   3.8117506e-24
   1.3607602e+03   3.8181538e-24
   1.3638982e+03   3.8245768e-24
   1.3670433e+03   3.8310197e-24
   1.3701957e+03   3.8374823e-24
   1.3733554e+03   3.8439649e-24
   1.3765224e+03   3.8504674e-24
   1.3796966e+03   3.8569899e-24
   1.3828782e+03   3.8635324e-24
   1.3860672e+03   3.8700949e-24
   1.3892634e+03   3.8766776e-24
   1.3924671e+03   3.8832804e-24
   1.3956781e+03   3.8899034e-24
   1.3988966e+03   3.8965468e-24
   1.4021224e+03   3.9032104e-24
   1.4053558e+03   3.9098945e-24
   1.4085965e+03   3.9165992e-24
   1.4118448e+03   3.9233245e-24
   1.4151005e+03   3.9300707e-24
   1.4183637e+03   3.9368382e-24
   1.4216345e+03   3.9436276e-24
   1.4249128e+03   3.9504402e-24
   1.4281986e+03   3.9572790e-24
   1.4314921e+03   3.9641531e-24
   1.4347931e+03   3.9711001e-24
   1.4381017e+03   3.9784530e-24
   1.4414180e+03   4.0685935e-24
   1.4447419e+03   3.9921189e-24
   1.4480735e+03   3.9987515e-24
   1.4514128e+03   4.0056597e-24
   1.4547598e+03   4.0126294e-24
   1.4581144e+03   4.0196320e-24
   1.4614769e+03   4.0266605e-24
   1.4648470e+03   4.0337122e-24
   1.4682250e+03   4.0407862e-24
   1.4716107e+03   4.0478820e-24
   1.4750043e+03   4.0549994e-24
   1.4784056e+03   4.0621382e-24
   1.4818149e+03   4.0692985e-24
   1.4852319e+03   4.0764801e-24
   1.4886569e+03   4.0836832e-24
   1.4920897e+03   4.0909076e-24
   1.4955305e+03   4.0981535e-24
   1.4989792e+03   4.1054209e-24
   1.5024359e+03   4.1127098e-24
   1.5059005e+03   4.1200202e-24
   1.5093731e+03   4.1273522e-24
   1.5128538e+03   4.1347058e-24
   1.5163424e+03   4.1420811e-24
   1.5198391e+03   4.1494780e-24
   1.5233439e+03   4.1568967e-24
   1.5268567e+03   4.1643372e-24
   1.5303776e+03   4.1717995e-24
   1.5339067e+03   4.1792836e-24
   1.5374439e+03   4.1867897e-24
   1.5409893e+03   4.1943177e-24
   1.5445428e+03   4.2018677e-24
   1.5481045e+03   4.2094397e-24
   1.5516745e+03   4.2170338e-24
   1.5552526e+03   4.2246500e-24
   1.5588391e+03   4.2322884e-24
   1.5624338e+03   4.2399490e-24
   1.5660367e+03   4.2476318e-24
   1.5696480e+03   4.2553370e-24
   1.5732677e+03   4.2630644e-24
   1.5768956e+03   4.2708143e-24
   1.5805320e+03   4.2785866e-24
   1.5841767e+03   4.2863813e-24
   1.5878298e+03   4.2941986e-24
   1.5914913e+03   4.3020384e-24
   1.5951613e+03   4.3099009e-24
   1.5988398e+03   4.3177860e-24
   1.6025267e+03   4.3256938e-24
   1.6062222e+03   4.3336243e-24
   1.6099261e+03   4.3415776e-24
   1.6136386e+03   4.3495538e-24
   1.6173597e+03   4.3575528e-24
   1.6210893e+03   4.3655747e-24
   1.6248276e+03   4.3736196e-24
   1.6285744e+03   4.3816876e-24
   1.6323300e+03   4.3897785e-24
   1.6360941e+03   4.3978926e-24
   1.6398670e+03   4.4060299e-24
   1.6436485e+03   4.4141903e-24
   1.6474388e+03   4.4223740e-24
   1.6512378e+03   4.4305810e-24
   1.6550456e+03   4.4388113e-24
   1.6588621e+03   4.4470650e-24
   1.6626874e+03   4.4553421e-24
   1.6665216e+03   4.4636427e-24
   1.6703646e+03   4.4719668e-24
   1.6742165e+03   4.4803145e-24
   1.6780773e+03   4.4886858e-24
   1.6819469e+03   4.4970807e-24
   1.6858255e+03   4.5054994e-24
   1.6897130e+03   4.5139419e-24
   1.6936095e+03   4.5224081e-24
   1.6975150e+03   4.5308982e-24
   1.7014295e+03   4.5394122e-24
   1.7053530e+03   4.5479501e-24
   1.7092855e+03   4.5565121e-24
   1.7132272e+03   4.5650981e-24
   1.7171779e+03   4.5737081e-24
   1.7211377e+03   4.5823424e-24
   1.7251067e+03   4.5910008e-24
   1.7290848e+03   4.5996834e-24
   1.7330721e+03   4.6083904e-24
   1.7370685e+03   4.6171216e-24
   1.7410742e+03   4.6258773e-24
   1.7450892e+03   4.6346574e-24
   1.7491133e+03   4.6434619e-24
   1.7531468e+03   4.6522910e-24
   1.7571896e+03   4.6611447e-24
   1.7612417e+03   4.6700230e-24
   1.7653031e+03   4.6789260e-24
   1.7693739e+03   4.6878537e-24
   1.7734541e+03   4.6968062e-24
   1.7775437e+03   4.7057835e-24
   1.7816427e+03   4.7147857e-24
   1.7857512e+03   4.7238128e-24
   1.7898692e+03   4.7328649e-24
   1.7939966e+03   4.7419420e-24
   1.7981336e+03   4.7510442e-24
   1.8022801e+03   4.7601715e-24
   1.8064362e+03   4.7693241e-24
   1.8106018e+03   4.7785018e-24
   1.8147771e+03   4.7877048e-24
   1.8189620e+03   4.7969332e-24
   1.8231565e+03   4.8061869e-24
   1.8273607e+03   4.8154661e-24
   1.8315746e+03   4.8247707e-24
   1.8357983e+03   4.8341009e-24
   1.8400316e+03   4.8434567e-24
   1.8442748e+03   4.8528381e-24
   1.8485277e+03   4.8622452e-24
   1.8527904e+03   4.8716781e-24
   1.8570629e+03   4.8811368e-24
   1.8613453e+03   4.8906213e-24
   1.8656376e+03   4.9001317e-24
   1.8699398e+03   4.9096681e-24
   1.8742519e+03   4.9192306e-24
   1.8785739e+03   4.9288191e-24
   1.8829059e+03   4.9384338e-24
   1.8872479e+03   4.9480747e-24
   1.8915999e+03   4.9577420e-24
   1.8959620e+03   4.9674357e-24
   1.9003341e+03   4.9771563e-24
   1.9047163e+03   4.9869041e-24
   1.9091086e+03   4.9966809e-24
   1.9135110e+03   5.0064935e-24
   1.9179235e+03   5.0164118e-24
   1.9223463e+03   5.0285274e-24
   1.9267792e+03   5.0360800e-24
   1.9312224e+03   5.0459461e-24
   1.9356758e+03   5.0558695e-24
   1.9401395e+03   5.0658251e-24
   1.9446135e+03   5.0758092e-24
   1.9490978e+03   5.0858209e-24
   1.9535924e+03   5.0958598e-24
   1.9580974e+03   5.1059260e-24
   1.9626128e+03   5.1160193e-24
   1.9671386e+03   5.1261399e-24
   1.9716748e+03   5.1362876e-24
   1.9762215e+03   5.1464627e-24
   1.9807787e+03   5.1566650e-24
   1.9853464e+03   5.1668948e-24
   1.9899246e+03   5.1771519e-24
   1.9945134e+03   5.1874365e-24
   1.9991128e+03   5.1977487e-24
   2.0037227e+03   5.2080884e-24
   2.0083433e+03   5.2184558e-24
   2.0129746e+03   5.2288508e-24
   2.0176165e+03   5.2392736e-24
   2.0222692e+03   5.2497243e-24
   2.0269325e+03   5.2602027e-24
   2.0316067e+03   5.2707091e-24
   2.0362916e+03   5.2812435e-24
   2.0409873e+03   5.2918059e-24
   2.0456938e+03   5.3023964e-24
   2.0504112e+03   5.3130150e-24
   2.0551394e+03   5.3236619e-24
   2.0598786e+03   5.3343370e-24
   2.0646287e+03   5.3450404e-24
   2.0693898e+03   5.3557722e-24
   2.0741618e+03   5.3665324e-24
   2.0789448e+03   5.3773211e-24
   2.0837389e+03   5.3881384e-24
   2.0885440e+03   5.3989843e-24
   2.0933602e+03   5.4098589e-24
   2.0981875e+03   5.4207622e-24
   2.1030259e+03   5.4316942e-24
   2.1078755e+03   5.4426552e-24
   2.1127363e+03   5.4536450e-24
   2.1176083e+03   5.4646638e-24
   2.1224915e+03   5.4757116e-24
   2.1273860e+03   5.4867885e-24
   2.1322918e+03   5.4978945e-24
   2.1372088e+03   5.5090298e-24
   2.1421373e+03   5.5201943e-24
   2.1470771e+03   5.5313881e-24
   2.1520282e+03   5.5426113e-24
   2.1569908e+03   5.5538640e-24
   2.1619649e+03   5.5651462e-24
   2.1669504e+03   5.5764579e-24
   2.1719474e+03   5.5877992e-24
   2.1769559e+03   5.5991703e-24
   2.1819760e+03   5.6105711e-24
   2.1870076e+03   5.6220017e-24
   2.1920509e+03   5.6334622e-24
   2.1971058e+03   5.6449526e-24
   2.2021723e+03   5.6564730e-24
   2.2072505e+03   5.6680235e-24
   2.2123405e+03   5.6796041e-24
   2.2174421e+03   5.6912149e-24
   2.2225556e+03   5.7028559e-24
   2.2276808e+03   5.7145272e-24
   2.2328179e+03   5.7262289e-24
   2.2379668e+03   5.7379610e-24
   2.2431275e+03   5.7497237e-24
   2.2483002e+03   5.7615169e-24
   2.2534848e+03   5.7733407e-24
   2.2586814e+03   5.7851952e-24
   2.2638899e+03   5.7970804e-24
   2.2691104e+03   5.8089965e-24
   2.2743430e+03   5.8209434e-24
   2.2795877e+03   5.8329213e-24
   2.2848444e+03   5.8449302e-24
   2.2901133e+03   5.8569702e-24
   2.2953943e+03   5.8690413e-24
   2.3006875e+03   5.8811436e-24
   2.3059929e+03   5.8932772e-24
   2.3113105e+03   5.9054421e-24
   2.3166404e+03   5.9176384e-24
   2.3219826e+03   5.9298661e-24
   2.3273371e+03   5.9421254e-24
   2.3327040e+03   5.9544163e-24
   2.3380832e+03   5.9667388e-24
   2.3434749e+03   5.9790931e-24
   2.3488789e+03   5.9914792e-24
   2.3542955e+03   6.0038971e-24
   2.3597245e+03   6.0163470e-24
   2.3651660e+03   6.0288289e-24
   2.3706201e+03   6.0413430e-24
   2.3760868e+03   6.0538892e-24
   2.3815661e+03   6.0664679e-24
   2.3870580e+03   6.0790796e-24
   2.3925626e+03   6.0917261e-24
   2.3980798e+03   6.1044323e-24
   2.4036098e+03   6.1172981e-24
   2.4091526e+03   6.1298531e-24
   2.4147081e+03   6.1426187e-24
   2.4202764e+03   6.1554224e-24
   2.4258576e+03   6.1682599e-24
   2.4314516e+03   6.1811305e-24
   2.4370586e+03   6.1940342e-24
   2.4426785e+03   6.2069708e-24
   2.4483113e+03   6.2199405e-24
   2.4539571e+03   6.2329433e-24
   2.4596160e+03   6.2459793e-24
   2.4652879e+03   6.2590485e-24
   2.4709728e+03   6.2721510e-24
   2.4766709e+03   6.2852868e-24
   2.4823821e+03   6.2984561e-24
   2.4881065e+03   6.3116589e-24
   2.4938441e+03   6.3248952e-24
   2.4995949e+03   6.3381652e-24
   2.5053590e+03   6.3514689e-24
   2.5111364e+03   6.3648064e-24
   2.5169271e+03   6.3781778e-24
   2.5227312e+03   6.3915830e-24
   2.5285486e+03   6.4050223e-24
   2.5343794e+03   6.4184956e-24
   2.5402237e+03   6.4320031e-24
   2.5460815e+03   6.4455447e-24
   2.5519528e+03   6.4591207e-24
   2.5578376e+03   6.4727310e-24
   2.5637360e+03   6.4863758e-24
   2.5696480e+03   6.5000550e-24
   2.5755736e+03   6.5137688e-24
   2.5815129e+03   6.5275173e-24
   2.5874659e+03   6.5413005e-24
   2.5934326e+03   6.5551185e-24
   2.5994131e+03   6.5689713e-24
   2.6054074e+03   6.5828591e-24
   2.6114155e+03   6.5967819e-24
   2.6174374e+03   6.6107398e-24
   2.6234732e+03   6.6247329e-24
   2.6295230e+03   6.6387612e-24
   2.6355867e+03   6.6528248e-24
   2.6416644e+03   6.6669238e-24
   2.6477561e+03   6.6810583e-24
   2.6538618e+03   6.6952283e-24
   2.6599816e+03   6.7094339e-24
   2.6661156e+03   6.7236752e-24
   2.6722637e+03   6.7379522e-24
   2.6784259e+03   6.7522652e-24
   2.6846024e+03   6.7666140e-24
   2.6907931e+03   6.7809988e-24
   2.6969981e+03   6.7954197e-24
   2.7032174e+03   6.8098767e-24
   2.7094510e+03   6.8243700e-24
   2.7156991e+03   6.8388996e-24
   2.7219615e+03   6.8534655e-24
   2.7282383e+03   6.8680679e-24
   2.7345297e+03   6.8827069e-24
   2.7408355e+03   6.8973824e-24
   2.7471559e+03   6.9120947e-24
   2.7534909e+03   6.9268437e-24
   2.7598405e+03   6.9416295e-24
   2.7662047e+03   6.9564523e-24
   2.7725836e+03   6.9713121e-24
   2.7789772e+03   6.9862089e-24
   2.7853855e+03   7.0011430e-24
   2.7918086e+03   7.0161142e-24
   2.7982465e+03   7.0311228e-24
   2.8046993e+03   7.0461688e-24
   2.8111670e+03   7.0612523e-24
   2.8176496e+03   7.0763734e-24
   2.8241471e+03   7.0915320e-24
   2.8306596e+03   7.1067285e-24
   2.8371871e+03   7.1219627e-24
   2.8437297e+03   7.1372348e-24
   2.8502873e+03   7.1525449e-24
   2.8568601e+03   7.1678932e-24
   2.8634481e+03   7.1832797e-24
   2.8700512e+03   7.1987051e-24
   2.8766696e+03   7.2141738e-24
   2.8833032e+03   7.2299157e-24
   2.8899521e+03   7.2452109e-24
   2.8966164e+03   7.2607861e-24
   2.9032960e+03   7.2764021e-24
   2.9099910e+03   7.2920573e-24
   2.9167015e+03   7.3077514e-24
   2.9234274e+03   7.3234845e-24
   2.9301688e+03   7.3392565e-24
   2.9369258e+03   7.3550675e-24
   2.9436984e+03   7.3709177e-24
   2.9504866e+03   7.3868071e-24
   2.9572904e+03   7.4027357e-24
   2.9641100e+03   7.4187038e-24
   2.9709452e+03   7.4347113e-24
   2.9777963e+03   7.4507584e-24
   2.9846631e+03   7.4668451e-24
   2.9915457e+03   7.4829715e-24
   2.9984443e+03   7.4991377e-24
   3.0053587e+03   7.5153438e-24
   3.0122891e+03   7.5315899e-24
   3.0192354e+03   7.5478760e-24
   3.0261978e+03   7.5642023e-24
   3.0331763e+03   7.5805689e-24
   3.0401708e+03   7.5969757e-24
   3.0471814e+03   7.6134229e-24
   3.0542083e+03   7.6299107e-24
   3.0612513e+03   7.6464390e-24
   3.0683106e+03   7.6630080e-24
   3.0753861e+03   7.6796177e-24
   3.0824780e+03   7.6962683e-24
   3.0895862e+03   7.7129598e-24
   3.0967108e+03   7.7296924e-24
   3.1038518e+03   7.7464661e-24
   3.1110093e+03   7.7632809e-24
   3.1181833e+03   7.7801371e-24
   3.1253739e+03   7.7970346e-24
   3.1325810e+03   7.8139736e-24
   3.1398048e+03   7.8309541e-24
   3.1470452e+03   7.8479763e-24
   3.1543023e+03   7.8650403e-24
   3.1615762e+03   7.8821460e-24
   3.1688668e+03   7.8992937e-24
   3.1761742e+03   7.9164834e-24
   3.1834985e+03   7.9337152e-24
   3.1908397e+03   7.9509892e-24
   3.1981978e+03   7.9683055e-24
   3.2055728e+03   7.9856642e-24
   3.2129649e+03   8.0030653e-24
   3.2203740e+03   8.0205090e-24
   3.2278002e+03   8.0379953e-24
   3.2352436e+03   8.0555244e-24
   3.2427041e+03   8.0730964e-24
   3.2501818e+03   8.0907112e-24
   3.2576767e+03   8.1083691e-24
   3.2651889e+03   8.1260701e-24
   3.2727185e+03   8.1438143e-24
   3.2802654e+03   8.1616019e-24
   3.2878297e+03   8.1794328e-24
   3.2954115e+03   8.1973072e-24
   3.3030107e+03   8.2152253e-24
   3.3106275e+03   8.2331870e-24
   3.3182618e+03   8.2511925e-24
   3.3259138e+03   8.2692419e-24
   3.3335833e+03   8.2873353e-24
   3.3412706e+03   8.3054728e-24
   3.3489756e+03   8.3236547e-24
   3.3566984e+03   8.3418832e-24
   3.3644389e+03   8.3601898e-24
   3.3721974e+03   8.3784661e-24
   3.3799737e+03   8.3968243e-24
   3.3877679e+03   8.4152280e-24
   3.3955801e+03   8.4336765e-24
   3.4034104e+03   8.4521699e-24
   3.4112587e+03   8.4707082e-24
   3.4191251e+03   8.4892916e-24
   3.4270096e+03   8.5079202e-24
   3.4349123e+03   8.5265940e-24
   3.4428332e+03   8.5453131e-24
   3.4507724e+03   8.5640777e-24
   3.4587299e+03   8.5828878e-24
   3.4667058e+03   8.6017435e-24
   3.4747000e+03   8.6206450e-24
   3.4827127e+03   8.6395923e-24
   3.4907439e+03   8.6585856e-24
   3.4987936e+03   8.6776249e-24
   3.5068618e+03   8.6967103e-24
   3.5149487e+03   8.7158419e-24
   3.5230542e+03   8.7350199e-24
   3.5311784e+03   8.7542444e-24
   3.5393213e+03   8.7735154e-24
   3.5474830e+03   8.7928330e-24
   3.5556635e+03   8.8121974e-24
   3.5638629e+03   8.8316086e-24
   3.5720812e+03   8.8510668e-24
   3.5803184e+03   8.8705721e-24
   3.5885747e+03   8.8901245e-24
   3.5968500e+03   8.9097241e-24
   3.6051443e+03   8.9293712e-24
   3.6134578e+03   8.9490657e-24
   3.6217905e+03   8.9688078e-24
   3.6301424e+03   8.9885975e-24
   3.6385135e+03   9.0084351e-24
   3.6469039e+03   9.0283205e-24
   3.6553137e+03   9.0482540e-24
   3.6637429e+03   9.0682355e-24
   3.6721915e+03   9.0882653e-24
   3.6806596e+03   9.1083433e-24
   3.6891472e+03   9.1284698e-24
   3.6976544e+03   9.1486448e-24
   3.7061813e+03   9.1688685e-24
   3.7147277e+03   9.1891409e-24
   3.7232939e+03   9.2094621e-24
   3.7318799e+03   9.2298323e-24
   3.7404856e+03   9.2502515e-24
   3.7491112e+03   9.2707200e-24
   3.7577567e+03   9.2912377e-24
   3.7664221e+03   9.3118048e-24
   3.7751075e+03   9.3324214e-24
   3.7838129e+03   9.3530876e-24
   3.7925384e+03   9.3738035e-24
   3.8012841e+03   9.3945693e-24
   3.8100498e+03   9.4153850e-24
   3.8188359e+03   9.4362508e-24
   3.8276421e+03   9.4571668e-24
   3.8364687e+03   9.4781342e-24
   3.8453156e+03   9.4991624e-24
   3.8541829e+03   9.5202168e-24
   3.8630707e+03   9.5413341e-24
   3.8719790e+03   9.5625023e-24
   3.8809078e+03   9.5837215e-24
   3.8898572e+03   9.6049916e-24
   3.8988272e+03   9.6263127e-24
   3.9078180e+03   9.6476851e-24
   3.9168294e+03   9.6691087e-24
   3.9258617e+03   9.6905837e-24
   3.9349147e+03   9.7121102e-24
   3.9439887e+03   9.7336883e-24
   3.9530835e+03   9.7553182e-24
   3.9621994e+03   9.7769999e-24
   3.9713362e+03   9.7987335e-24
   3.9804942e+03   9.8205193e-24
   3.9896732e+03   9.8423572e-24
   3.9988734e+03   9.8642475e-24
   4.0080949e+03   9.8861902e-24
   4.0173376e+03   9.9081854e-24
   4.0266016e+03   9.9302333e-24
   4.0358870e+03   9.9523339e-24
   4.0451937e+03   9.9744875e-24
   4.0545220e+03   9.9966940e-24
   4.0638718e+03   1.0018954e-23
   4.0732431e+03   1.0041267e-23
   4.0826360e+03   1.0063633e-23
   4.0920506e+03   1.0086053e-23
   4.1014869e+03   1.0108526e-23
   4.1109450e+03   1.0131053e-23
   4.1204248e+03   1.0153634e-23
   4.1299266e+03   1.0176269e-23
   4.1394502e+03   1.0198958e-23
   4.1489958e+03   1.0221701e-23
   4.1585634e+03   1.0244499e-23
   4.1681531e+03   1.0267351e-23
   4.1777649e+03   1.0290257e-23
   4.1873988e+03   1.0313218e-23
   4.1970550e+03   1.0336234e-23
   4.2067335e+03   1.0359305e-23
   4.2164342e+03   1.0382431e-23
   4.2261574e+03   1.0405612e-23
   4.2359029e+03   1.0428849e-23
   4.2456709e+03   1.0452141e-23
   4.2554615e+03   1.0475488e-23
   4.2652746e+03   1.0498891e-23
   4.2751104e+03   1.0522350e-23
   4.2849688e+03   1.0545865e-23
   4.2948500e+03   1.0569435e-23
   4.3047539e+03   1.0593062e-23
   4.3146807e+03   1.0616746e-23
   4.3246304e+03   1.0640514e-23
   4.3346030e+03   1.0664282e-23
   4.3445987e+03   1.0688134e-23
   4.3546173e+03   1.0712044e-23
   4.3646591e+03   1.0736010e-23
   4.3747241e+03   1.0760034e-23
   4.3848122e+03   1.0784115e-23
   4.3949236e+03   1.0808253e-23
   4.4050583e+03   1.0832448e-23
   4.4152164e+03   1.0856701e-23
   4.4253980e+03   1.0881012e-23
   4.4356030e+03   1.0905381e-23
   4.4458315e+03   1.0929807e-23
   4.4560836e+03   1.0954292e-23
   4.4663594e+03   1.0978834e-23
   4.4766588e+03   1.1003436e-23
   4.4869821e+03   1.1028095e-23
   4.4973291e+03   1.1052813e-23
   4.5076999e+03   1.1077590e-23
   4.5180947e+03   1.1102426e-23
   4.5285135e+03   1.1127321e-23
   4.5389563e+03   1.1152274e-23
   4.5494231e+03   1.1177287e-23
   4.5599142e+03   1.1202360e-23
   4.5704294e+03   1.1227492e-23
   4.5809688e+03   1.1252684e-23
   4.5915325e+03   1.1277935e-23
   4.6021207e+03   1.1303246e-23
   4.6127332e+03   1.1328618e-23
   4.6233702e+03   1.1354049e-23
   4.6340317e+03   1.1379541e-23
   4.6447178e+03   1.1405093e-23
   4.6554286e+03   1.1430706e-23
   4.6661640e+03   1.1456380e-23
   4.6769242e+03   1.1482114e-23
   4.6877093e+03   1.1507910e-23
   4.6985192e+03   1.1533767e-23
   4.7093540e+03   1.1559685e-23
   4.7202138e+03   1.1585664e-23
   4.7310986e+03   1.1611705e-23
   4.7420086e+03   1.1637807e-23
   4.7529437e+03   1.1663973e-23
   4.7639040e+03   1.1690198e-23
   4.7748896e+03   1.1716486e-23
   4.7859005e+03   1.1742837e-23
   4.7969369e+03   1.1769251e-23
   4.8079986e+03   1.1795727e-23
   4.8190859e+03   1.1822264e-23
   4.8301988e+03   1.1848865e-23
   4.8413372e+03   1.1875529e-23
   4.8525014e+03   1.1902256e-23
   4.8636913e+03   1.1929046e-23
   4.8749070e+03   1.1955900e-23
   4.8861486e+03   1.1982817e-23
   4.8974161e+03   1.2009798e-23
   4.9087096e+03   1.2036842e-23
   4.9200291e+03   1.2063951e-23
   4.9313747e+03   1.2091124e-23
   4.9427465e+03   1.2118360e-23
   4.9541445e+03   1.2145662e-23
   4.9655688e+03   1.2173027e-23
   4.9770194e+03   1.2200458e-23
   4.9884965e+03   1.2227953e-23
   5.0000000e+03   1.2255513e-23
