   5.0000000e+00   2.7128791e-40
   5.0115300e+00   2.5769906e-40
   5.0230867e+00   2.4484419e-40
   5.0346699e+00   2.3269156e-40
   5.0462799e+00   2.2121478e-40
   5.0579167e+00   2.1038096e-40
   5.0695803e+00   2.0001791e-40
   5.0812708e+00   1.8939759e-40
   5.0929882e+00   1.7888139e-40
   5.1047327e+00   1.6991475e-40
   5.1165042e+00   1.6169332e-40
   5.1283029e+00   1.5386152e-40
   5.1401288e+00   1.4639255e-40
   5.1519820e+00   1.3927976e-40
   5.1638625e+00   1.3251331e-40
   5.1757704e+00   1.2608060e-40
   5.1877058e+00   1.1996749e-40
   5.1996687e+00   1.1415932e-40
   5.2116592e+00   1.0864143e-40
   5.2236773e+00   1.0339949e-40
   5.2357231e+00   9.8419683e-41
   5.2477968e+00   9.3688740e-41
   5.2598982e+00   8.9193981e-41
   5.2720276e+00   8.4923326e-41
   5.2841849e+00   8.0865287e-41
   5.2963703e+00   7.7008956e-41
   5.3085838e+00   7.3343982e-41
   5.3208254e+00   6.9860548e-41
   5.3330953e+00   6.6549348e-41
   5.3453934e+00   6.3401561e-41
   5.3577199e+00   6.0408829e-41
   5.3700749e+00   5.7563234e-41
   5.3824583e+00   5.4857273e-41
   5.3948703e+00   5.2283839e-41
   5.4073109e+00   4.9836196e-41
   5.4197802e+00   4.7507964e-41
   5.4322783e+00   4.5293098e-41
   5.4448051e+00   4.3185868e-41
   5.4573609e+00   4.1180846e-41
   5.4699456e+00   3.9272886e-41
   5.4825594e+00   3.7457112e-41
   5.4952022e+00   3.5728901e-41
   5.5078742e+00   3.4083872e-41
   5.5205754e+00   3.2517868e-41
   5.5333058e+00   3.1026952e-41
   5.5460657e+00   2.9607388e-41
   5.5588550e+00   2.8255632e-41
   5.5716737e+00   2.6968324e-41
   5.5845220e+00   2.5742277e-41
   5.5974000e+00   2.4574467e-41
   5.6103076e+00   2.3462024e-41
   5.6232451e+00   2.2402226e-41
   5.6362123e+00   2.1392490e-41
   5.6492094e+00   2.0430363e-41
   5.6622366e+00   1.9513517e-41
   5.6752937e+00   1.8639744e-41
   5.6883810e+00   1.7806945e-41
   5.7014985e+00   1.7013128e-41
   5.7146461e+00   1.6256402e-41
   5.7278242e+00   1.5534970e-41
   5.7410326e+00   1.4847127e-41
   5.7542714e+00   1.4191251e-41
   5.7675408e+00   1.3565803e-41
   5.7808408e+00   1.2969320e-41
   5.7941715e+00   1.2400412e-41
   5.8075329e+00   1.1857759e-41
   5.8209251e+00   1.1340103e-41
   5.8343482e+00   1.0846253e-41
   5.8478023e+00   1.0375075e-41
   5.8612873e+00   9.9254888e-42
   5.8748035e+00   9.4964704e-42
   5.8883508e+00   9.0870448e-42
   5.9019294e+00   8.6962847e-42
   5.9155393e+00   8.3233086e-42
   5.9291806e+00   7.9672779e-42
   5.9428533e+00   7.6273949e-42
   5.9565576e+00   7.3029008e-42
   5.9702935e+00   6.9930736e-42
   5.9840610e+00   6.6972263e-42
   5.9978603e+00   6.4147053e-42
   6.0116914e+00   6.1448883e-42
   6.0255544e+00   5.8871836e-42
   6.0394494e+00   5.6410274e-42
   6.0533764e+00   5.4058832e-42
   6.0673355e+00   5.1812404e-42
   6.0813269e+00   4.9666127e-42
   6.0953505e+00   4.7615372e-42
   6.1094064e+00   4.5655729e-42
   6.1234947e+00   4.3783001e-42
   6.1376155e+00   4.1993187e-42
   6.1517689e+00   4.0282480e-42
   6.1659550e+00   3.8647251e-42
   6.1801737e+00   3.7084044e-42
   6.1944252e+00   3.5589566e-42
   6.2087096e+00   3.4160680e-42
   6.2230269e+00   3.2794394e-42
   6.2373773e+00   3.1487862e-42
   6.2517607e+00   3.0238366e-42
   6.2661773e+00   2.9043320e-42
   6.2806272e+00   2.7900257e-42
   6.2951104e+00   2.6806825e-42
   6.3096269e+00   2.5760782e-42
   6.3241770e+00   2.4759992e-42
   6.3387606e+00   2.3802416e-42
   6.3533778e+00   2.2886112e-42
   6.3680288e+00   2.2009227e-42
   6.3827135e+00   2.1169993e-42
   6.3974321e+00   2.0366725e-42
   6.4121846e+00   1.9597816e-42
   6.4269711e+00   1.8861732e-42
   6.4417918e+00   1.8157011e-42
   6.4566466e+00   1.7482258e-42
   6.4715357e+00   1.6836140e-42
   6.4864591e+00   1.6217387e-42
   6.5014169e+00   1.5624788e-42
   6.5164092e+00   1.5057185e-42
   6.5314361e+00   1.4513475e-42
   6.5464977e+00   1.3992604e-42
   6.5615939e+00   1.3493567e-42
   6.5767250e+00   1.3015403e-42
   6.5918910e+00   1.2557197e-42
   6.6070920e+00   1.2118073e-42
   6.6223280e+00   1.1697198e-42
   6.6375991e+00   1.1293773e-42
   6.6529055e+00   1.0907037e-42
   6.6682471e+00   1.0536264e-42
   6.6836241e+00   1.0180759e-42
   6.6990366e+00   9.8398592e-43
   6.7144846e+00   9.5129322e-43
   6.7299683e+00   9.1993731e-43
   6.7454877e+00   8.8986044e-43
   6.7610428e+00   8.6100746e-43
   6.7766338e+00   8.3332566e-43
   6.7922608e+00   8.0676473e-43
   6.8079238e+00   7.8127656e-43
   6.8236229e+00   7.5681523e-43
   6.8393582e+00   7.3333685e-43
   6.8551299e+00   7.1079947e-43
   6.8709378e+00   6.8916302e-43
   6.8867823e+00   6.6838922e-43
   6.9026632e+00   6.4844148e-43
   6.9185808e+00   6.2928482e-43
   6.9345351e+00   6.1088585e-43
   6.9505262e+00   5.9321261e-43
   6.9665542e+00   5.7623459e-43
   6.9826191e+00   5.5992262e-43
   6.9987211e+00   5.4424882e-43
   7.0148602e+00   5.2918654e-43
   7.0310365e+00   5.1471030e-43
   7.0472502e+00   5.0079577e-43
   7.0635012e+00   4.8741967e-43
   7.0797897e+00   4.7455976e-43
   7.0961157e+00   4.6219476e-43
   7.1124794e+00   4.5030437e-43
   7.1288808e+00   4.3886914e-43
   7.1453201e+00   4.2787051e-43
   7.1617972e+00   4.1729074e-43
   7.1783124e+00   4.0711284e-43
   7.1948656e+00   3.9732062e-43
   7.2114571e+00   3.8789857e-43
   7.2280867e+00   3.7883188e-43
   7.2447548e+00   3.7010640e-43
   7.2614612e+00   3.6170860e-43
   7.2782062e+00   3.5362557e-43
   7.2949898e+00   3.4584496e-43
   7.3118121e+00   3.3835498e-43
   7.3286732e+00   3.3114436e-43
   7.3455732e+00   3.2420236e-43
   7.3625121e+00   3.1751871e-43
   7.3794901e+00   3.1108361e-43
   7.3965073e+00   3.0488770e-43
   7.4135637e+00   2.9892208e-43
   7.4306594e+00   2.9317823e-43
   7.4477946e+00   2.8764803e-43
   7.4649693e+00   2.8232378e-43
   7.4821835e+00   2.7719811e-43
   7.4994375e+00   2.7226401e-43
   7.5167313e+00   2.6751483e-43
   7.5340649e+00   2.6294424e-43
   7.5514385e+00   2.5854623e-43
   7.5688522e+00   2.5431509e-43
   7.5863060e+00   2.5024542e-43
   7.6038001e+00   2.4633211e-43
   7.6213345e+00   2.4257033e-43
   7.6389094e+00   2.3895553e-43
   7.6565248e+00   2.3548341e-43
   7.6741808e+00   2.3214997e-43
   7.6918775e+00   2.2895142e-43
   7.7096150e+00   2.2588425e-43
   7.7273934e+00   2.2294521e-43
   7.7452129e+00   2.2013128e-43
   7.7630734e+00   2.1743967e-43
   7.7809751e+00   2.1486787e-43
   7.7989181e+00   2.1241360e-43
   7.8169025e+00   2.1007480e-43
   7.8349283e+00   2.0784970e-43
   7.8529957e+00   2.0573675e-43
   7.8711048e+00   2.0373467e-43
   7.8892556e+00   2.0184244e-43
   7.9074483e+00   2.0005930e-43
   7.9256829e+00   1.9838479e-43
   7.9439596e+00   1.9681871e-43
   7.9622784e+00   1.9536121e-43
   7.9806395e+00   1.9401270e-43
   7.9990429e+00   1.9277398e-43
   8.0174888e+00   1.9164619e-43
   8.0359772e+00   1.9063086e-43
   8.0545082e+00   1.8972994e-43
   8.0730819e+00   1.8894580e-43
   8.0916985e+00   1.8828134e-43
   8.1103581e+00   1.8773995e-43
   8.1290606e+00   1.8732565e-43
   8.1478063e+00   1.8704308e-43
   8.1665952e+00   1.8689758e-43
   8.1854274e+00   1.8689531e-43
   8.2043031e+00   1.8704330e-43
   8.2232223e+00   1.8734959e-43
   8.2421851e+00   1.8782333e-43
   8.2611916e+00   1.8847495e-43
   8.2802420e+00   1.8931631e-43
   8.2993363e+00   1.9036094e-43
   8.3184746e+00   1.9162424e-43
   8.3376571e+00   1.9312380e-43
   8.3568838e+00   1.9487971e-43
   8.3761548e+00   1.9691500e-43
   8.3954703e+00   1.9925610e-43
   8.4148303e+00   2.0193344e-43
   8.4342350e+00   2.0498216e-43
   8.4536844e+00   2.0844298e-43
   8.4731786e+00   2.1236330e-43
   8.4927179e+00   2.1679846e-43
   8.5123021e+00   2.2181342e-43
   8.5319316e+00   2.2748480e-43
   8.5516063e+00   2.3390347e-43
   8.5713263e+00   2.4117782e-43
   8.5910919e+00   2.4943800e-43
   8.6109030e+00   2.5884135e-43
   8.6307598e+00   2.6957956e-43
   8.6506624e+00   2.8188805e-43
   8.6706109e+00   2.9605849e-43
   8.6906054e+00   3.1245657e-43
   8.7106460e+00   3.3154447e-43
   8.7307328e+00   3.5391448e-43
   8.7508660e+00   3.8033546e-43
   8.7710455e+00   4.1182054e-43
   8.7912716e+00   4.4972711e-43
   8.8115444e+00   4.9590855e-43
   8.8318638e+00   5.5295027e-43
   8.8522302e+00   6.2454882e-43
   8.8726435e+00   7.1614257e-43
   8.8931039e+00   8.3600524e-43
   8.9136114e+00   9.9723670e-43
   8.9341663e+00   1.2216054e-42
   8.9547686e+00   1.5475147e-42
   8.9754183e+00   2.0480660e-42
   8.9961157e+00   2.8770637e-42
   9.0168608e+00   4.4061552e-42
   9.0376538e+00   7.7386241e-42
   9.0584947e+00   1.7502971e-41
   9.0793836e+00   7.5145468e-41
   9.1003208e+00   8.0894777e-39
   9.1213062e+00   5.1162053e-41
   9.1423400e+00   1.3746135e-41
   9.1634223e+00   6.2843303e-42
   9.1845532e+00   3.6588644e-42
   9.2057328e+00   2.5311712e-42
   9.2269613e+00   2.1977827e-42
   9.2482388e+00   3.5949129e-42
   9.2695653e+00   1.5362237e-39
   9.2909410e+00   3.1082752e-42
   9.3123660e+00   1.1367235e-42
   9.3338403e+00   7.1196784e-43
   9.3553642e+00   5.2769385e-43
   9.3769378e+00   4.2130802e-43
   9.3985611e+00   3.5049882e-43
   9.4202342e+00   2.9943720e-43
   9.4419574e+00   2.6072844e-43
   9.4637306e+00   2.3036984e-43
   9.4855540e+00   2.0596347e-43
   9.5074278e+00   1.8596525e-43
   9.5293520e+00   1.6932676e-43
   9.5513267e+00   1.5530702e-43
   9.5733522e+00   1.4336575e-43
   9.5954284e+00   1.3309905e-43
   9.6175555e+00   1.2419875e-43
   9.6397337e+00   1.1642569e-43
   9.6619630e+00   1.0959153e-43
   9.6842435e+00   1.0354609e-43
   9.7065755e+00   9.8168287e-44
   9.7289589e+00   9.3359514e-44
   9.7513940e+00   8.9038792e-44
   9.7738808e+00   8.5139078e-44
   9.7964194e+00   8.1604467e-44
   9.8190100e+00   7.8388032e-44
   9.8416527e+00   7.5450149e-44
   9.8643477e+00   7.2757170e-44
   9.8870949e+00   7.0280373e-44
   9.9098946e+00   6.7995122e-44
   9.9327469e+00   6.5880194e-44
   9.9556519e+00   6.3917223e-44
   9.9786097e+00   6.2090257e-44
   1.0001620e+01   6.0385476e-44
   1.0024684e+01   5.8791197e-44
   1.0047801e+01   5.7295431e-44
   1.0070972e+01   5.5889209e-44
   1.0094195e+01   5.4564549e-44
   1.0117473e+01   5.3314258e-44
   1.0140804e+01   5.2131683e-44
   1.0164188e+01   5.1010922e-44
   1.0187627e+01   4.9946715e-44
   1.0211120e+01   4.8934380e-44
   1.0234667e+01   4.7969841e-44
   1.0258268e+01   4.7049329e-44
   1.0281924e+01   4.6169425e-44
   1.0305634e+01   4.5327050e-44
   1.0329399e+01   4.4519494e-44
   1.0353218e+01   4.3744264e-44
   1.0377093e+01   4.2999066e-44
   1.0401023e+01   4.2281815e-44
   1.0425007e+01   4.1590651e-44
   1.0449048e+01   4.0923875e-44
   1.0473143e+01   4.0279904e-44
   1.0497294e+01   3.9657289e-44
   1.0521501e+01   3.9054722e-44
   1.0545764e+01   3.8471012e-44
   1.0570082e+01   3.7905040e-44
   1.0594457e+01   3.7355775e-44
   1.0618888e+01   3.6822277e-44
   1.0643375e+01   3.6303690e-44
   1.0667919e+01   3.5799205e-44
   1.0692519e+01   3.5308074e-44
   1.0717176e+01   3.4829608e-44
   1.0741890e+01   3.4363178e-44
   1.0766661e+01   3.3908187e-44
   1.0791489e+01   3.3464081e-44
   1.0816374e+01   3.3030348e-44
   1.0841317e+01   3.2606514e-44
   1.0866317e+01   3.2192134e-44
   1.0891375e+01   3.1786787e-44
   1.0916491e+01   3.1390086e-44
   1.0941664e+01   3.1001670e-44
   1.0966896e+01   3.0621198e-44
   1.0992185e+01   3.0248348e-44
   1.1017533e+01   2.9882821e-44
   1.1042940e+01   2.9524339e-44
   1.1068405e+01   2.9172635e-44
   1.1093929e+01   2.8827459e-44
   1.1119512e+01   2.8488577e-44
   1.1145153e+01   2.8155770e-44
   1.1170854e+01   2.7828828e-44
   1.1196614e+01   2.7507553e-44
   1.1222434e+01   2.7191760e-44
   1.1248313e+01   2.6881272e-44
   1.1274251e+01   2.6575922e-44
   1.1300250e+01   2.6275552e-44
   1.1326308e+01   2.5980012e-44
   1.1352427e+01   2.5689159e-44
   1.1378606e+01   2.5402859e-44
   1.1404845e+01   2.5120980e-44
   1.1431144e+01   2.4843402e-44
   1.1457505e+01   2.4570007e-44
   1.1483926e+01   2.4300685e-44
   1.1510408e+01   2.4035327e-44
   1.1536951e+01   2.3773834e-44
   1.1563555e+01   2.3516108e-44
   1.1590221e+01   2.3262056e-44
   1.1616948e+01   2.3011589e-44
   1.1643737e+01   2.2764622e-44
   1.1670587e+01   2.2521074e-44
   1.1697500e+01   2.2280866e-44
   1.1724474e+01   2.2043923e-44
   1.1751511e+01   2.1810174e-44
   1.1778610e+01   2.1579548e-44
   1.1805772e+01   2.1351978e-44
   1.1832996e+01   2.1127402e-44
   1.1860283e+01   2.0905755e-44
   1.1887633e+01   2.0686980e-44
   1.1915046e+01   2.0471018e-44
   1.1942522e+01   2.0257814e-44
   1.1970061e+01   2.0047314e-44
   1.1997664e+01   1.9839465e-44
   1.2025331e+01   1.9634219e-44
   1.2053062e+01   1.9431527e-44
   1.2080856e+01   1.9231340e-44
   1.2108715e+01   1.9033615e-44
   1.2136637e+01   1.8838306e-44
   1.2164625e+01   1.8645372e-44
   1.2192676e+01   1.8454770e-44
   1.2220793e+01   1.8266460e-44
   1.2248974e+01   1.8080403e-44
   1.2277220e+01   1.7896562e-44
   1.2305532e+01   1.7714898e-44
   1.2333908e+01   1.7535377e-44
   1.2362350e+01   1.7357963e-44
   1.2390858e+01   1.7182622e-44
   1.2419431e+01   1.7009321e-44
   1.2448071e+01   1.6838027e-44
   1.2476776e+01   1.6668710e-44
   1.2505548e+01   1.6501339e-44
   1.2534386e+01   1.6335883e-44
   1.2563290e+01   1.6172313e-44
   1.2592261e+01   1.6010601e-44
   1.2621299e+01   1.5850720e-44
   1.2650404e+01   1.5692641e-44
   1.2679576e+01   1.5536338e-44
   1.2708815e+01   1.5381786e-44
   1.2738121e+01   1.5228959e-44
   1.2767496e+01   1.5077831e-44
   1.2796938e+01   1.4928380e-44
   1.2826447e+01   1.4780581e-44
   1.2856025e+01   1.4634410e-44
   1.2885671e+01   1.4489846e-44
   1.2915386e+01   1.4346865e-44
   1.2945169e+01   1.4205446e-44
   1.2975020e+01   1.4065568e-44
   1.3004941e+01   1.3927209e-44
   1.3034930e+01   1.3790349e-44
   1.3064989e+01   1.3654968e-44
   1.3095117e+01   1.3521047e-44
   1.3125314e+01   1.3388565e-44
   1.3155582e+01   1.3257503e-44
   1.3185918e+01   1.3127844e-44
   1.3216325e+01   1.2999568e-44
   1.3246802e+01   1.2872658e-44
   1.3277349e+01   1.2747097e-44
   1.3307967e+01   1.2622866e-44
   1.3338655e+01   1.2499949e-44
   1.3369414e+01   1.2378329e-44
   1.3400244e+01   1.2257989e-44
   1.3431145e+01   1.2138914e-44
   1.3462118e+01   1.2021088e-44
   1.3493162e+01   1.1904495e-44
   1.3524277e+01   1.1789120e-44
   1.3555464e+01   1.1674947e-44
   1.3586723e+01   1.1561963e-44
   1.3618054e+01   1.1450151e-44
   1.3649457e+01   1.1339499e-44
   1.3680933e+01   1.1229992e-44
   1.3712481e+01   1.1121616e-44
   1.3744103e+01   1.1014357e-44
   1.3775797e+01   1.0908202e-44
   1.3807564e+01   1.0803139e-44
   1.3839404e+01   1.0699153e-44
   1.3871318e+01   1.0596232e-44
   1.3903305e+01   1.0494364e-44
   1.3935366e+01   1.0393536e-44
   1.3967501e+01   1.0293736e-44
   1.3999710e+01   1.0194951e-44
   1.4031994e+01   1.0097171e-44
   1.4064352e+01   1.0000383e-44
   1.4096784e+01   9.9045763e-45
   1.4129292e+01   9.8097390e-45
   1.4161874e+01   9.7158601e-45
   1.4194531e+01   9.6229287e-45
   1.4227264e+01   9.5309340e-45
   1.4260072e+01   9.4398653e-45
   1.4292956e+01   9.3497121e-45
   1.4325916e+01   9.2604640e-45
   1.4358951e+01   9.1721108e-45
   1.4392063e+01   9.0846425e-45
   1.4425251e+01   8.9980491e-45
   1.4458516e+01   8.9123209e-45
   1.4491858e+01   8.8274482e-45
   1.4525276e+01   8.7434215e-45
   1.4558771e+01   8.6602314e-45
   1.4592344e+01   8.5778687e-45
   1.4625994e+01   8.4963242e-45
   1.4659722e+01   8.4155889e-45
   1.4693527e+01   8.3356541e-45
   1.4727410e+01   8.2565108e-45
   1.4761372e+01   8.1781505e-45
   1.4795412e+01   8.1005647e-45
   1.4829530e+01   8.0237449e-45
   1.4863727e+01   7.9476828e-45
   1.4898003e+01   7.8723702e-45
   1.4932358e+01   7.7977991e-45
   1.4966792e+01   7.7239615e-45
   1.5001306e+01   7.6508495e-45
   1.5035899e+01   7.5784552e-45
   1.5070572e+01   7.5067712e-45
   1.5105324e+01   7.4357897e-45
   1.5140157e+01   7.3655034e-45
   1.5175071e+01   7.2959047e-45
   1.5210065e+01   7.2269865e-45
   1.5245139e+01   7.1587415e-45
   1.5280295e+01   7.0911626e-45
   1.5315531e+01   7.0242428e-45
   1.5350849e+01   6.9579752e-45
   1.5386248e+01   6.8923529e-45
   1.5421729e+01   6.8273692e-45
   1.5457291e+01   6.7630174e-45
   1.5492936e+01   6.6992908e-45
   1.5528663e+01   6.6361831e-45
   1.5564472e+01   6.5736876e-45
   1.5600364e+01   6.5117982e-45
   1.5636338e+01   6.4505084e-45
   1.5672396e+01   6.3898122e-45
   1.5708537e+01   6.3297033e-45
   1.5744761e+01   6.2701757e-45
   1.5781068e+01   6.2112234e-45
   1.5817459e+01   6.1528406e-45
   1.5853935e+01   6.0950212e-45
   1.5890494e+01   6.0377597e-45
   1.5927137e+01   5.9810502e-45
   1.5963866e+01   5.9248872e-45
   1.6000678e+01   5.8692650e-45
   1.6037576e+01   5.8141781e-45
   1.6074559e+01   5.7596212e-45
   1.6111627e+01   5.7055887e-45
   1.6148780e+01   5.6520754e-45
   1.6186020e+01   5.5990761e-45
   1.6223345e+01   5.5465855e-45
   1.6260756e+01   5.4945984e-45
   1.6298253e+01   5.4431099e-45
   1.6335837e+01   5.3921148e-45
   1.6373508e+01   5.3416082e-45
   1.6411265e+01   5.2915852e-45
   1.6449110e+01   5.2420409e-45
   1.6487041e+01   5.1929706e-45
   1.6525061e+01   5.1443694e-45
   1.6563168e+01   5.0962327e-45
   1.6601362e+01   5.0485559e-45
   1.6639645e+01   5.0013342e-45
   1.6678016e+01   4.9545633e-45
   1.6716476e+01   4.9082386e-45
   1.6755024e+01   4.8623557e-45
   1.6793662e+01   4.8169101e-45
   1.6832388e+01   4.7718976e-45
   1.6871203e+01   4.7273137e-45
   1.6910109e+01   4.6831544e-45
   1.6949103e+01   4.6394153e-45
   1.6988188e+01   4.5960924e-45
   1.7027363e+01   4.5531814e-45
   1.7066628e+01   4.5106784e-45
   1.7105984e+01   4.4685793e-45
   1.7145431e+01   4.4268801e-45
   1.7184968e+01   4.3855768e-45
   1.7224597e+01   4.3446657e-45
   1.7264317e+01   4.3041428e-45
   1.7304128e+01   4.2640043e-45
   1.7344032e+01   4.2242464e-45
   1.7384027e+01   4.1848655e-45
   1.7424115e+01   4.1458577e-45
   1.7464295e+01   4.1072196e-45
   1.7504568e+01   4.0689473e-45
   1.7544934e+01   4.0310374e-45
   1.7585392e+01   3.9934864e-45
   1.7625945e+01   3.9562906e-45
   1.7666590e+01   3.9194467e-45
   1.7707329e+01   3.8829512e-45
   1.7748163e+01   3.8468008e-45
   1.7789090e+01   3.8109920e-45
   1.7830112e+01   3.7755215e-45
   1.7871228e+01   3.7403861e-45
   1.7912439e+01   3.7055825e-45
   1.7953746e+01   3.6711075e-45
   1.7995147e+01   3.6369578e-45
   1.8036644e+01   3.6031304e-45
   1.8078237e+01   3.5696221e-45
   1.8119925e+01   3.5364299e-45
   1.8161710e+01   3.5035505e-45
   1.8203591e+01   3.4709811e-45
   1.8245569e+01   3.4387187e-45
   1.8287643e+01   3.4067602e-45
   1.8329814e+01   3.3751027e-45
   1.8372083e+01   3.3437434e-45
   1.8414449e+01   3.3126793e-45
   1.8456913e+01   3.2819077e-45
   1.8499475e+01   3.2514256e-45
   1.8542135e+01   3.2212303e-45
   1.8584893e+01   3.1913191e-45
   1.8627750e+01   3.1616892e-45
   1.8670706e+01   3.1323378e-45
   1.8713761e+01   3.1032624e-45
   1.8756915e+01   3.0744603e-45
   1.8800168e+01   3.0459288e-45
   1.8843522e+01   3.0176654e-45
   1.8886975e+01   2.9896675e-45
   1.8930528e+01   2.9619325e-45
   1.8974182e+01   2.9344579e-45
   1.9017937e+01   2.9072413e-45
   1.9061792e+01   2.8802801e-45
   1.9105749e+01   2.8535719e-45
   1.9149807e+01   2.8271143e-45
   1.9193967e+01   2.8009049e-45
   1.9238228e+01   2.7749413e-45
   1.9282592e+01   2.7492212e-45
   1.9327057e+01   2.7237422e-45
   1.9371626e+01   2.6985021e-45
   1.9416297e+01   2.6734986e-45
   1.9461071e+01   2.6487294e-45
   1.9505948e+01   2.6241922e-45
   1.9550929e+01   2.5998849e-45
   1.9596014e+01   2.5758053e-45
   1.9641202e+01   2.5519512e-45
   1.9686495e+01   2.5283204e-45
   1.9731892e+01   2.5049109e-45
   1.9777394e+01   2.4817205e-45
   1.9823001e+01   2.4587472e-45
   1.9868713e+01   2.4359888e-45
   1.9914530e+01   2.4134434e-45
   1.9960454e+01   2.3911089e-45
   2.0006482e+01   2.3689833e-45
   2.0052618e+01   2.3470646e-45
   2.0098859e+01   2.3253509e-45
   2.0145207e+01   2.3038402e-45
   2.0191662e+01   2.2825306e-45
   2.0238224e+01   2.2614202e-45
   2.0284894e+01   2.2405071e-45
   2.0331671e+01   2.2197895e-45
   2.0378556e+01   2.1992654e-45
   2.0425549e+01   2.1789330e-45
   2.0472650e+01   2.1587906e-45
   2.0519861e+01   2.1388363e-45
   2.0567180e+01   2.1190684e-45
   2.0614608e+01   2.0994851e-45
   2.0662145e+01   2.0800846e-45
   2.0709792e+01   2.0608652e-45
   2.0757549e+01   2.0418252e-45
   2.0805416e+01   2.0229629e-45
   2.0853394e+01   2.0042767e-45
   2.0901482e+01   1.9857648e-45
   2.0949681e+01   1.9674257e-45
   2.0997991e+01   1.9492576e-45
   2.1046412e+01   1.9312590e-45
   2.1094945e+01   1.9134283e-45
   2.1143591e+01   1.8957639e-45
   2.1192348e+01   1.8782642e-45
   2.1241218e+01   1.8609277e-45
   2.1290200e+01   1.8437528e-45
   2.1339295e+01   1.8267380e-45
   2.1388504e+01   1.8098818e-45
   2.1437826e+01   1.7931828e-45
   2.1487262e+01   1.7766393e-45
   2.1536812e+01   1.7602500e-45
   2.1586476e+01   1.7440135e-45
   2.1636254e+01   1.7279282e-45
   2.1686148e+01   1.7119927e-45
   2.1736156e+01   1.6962057e-45
   2.1786280e+01   1.6805658e-45
   2.1836519e+01   1.6650715e-45
   2.1886874e+01   1.6497215e-45
   2.1937346e+01   1.6345144e-45
   2.1987933e+01   1.6194490e-45
   2.2038638e+01   1.6045237e-45
   2.2089459e+01   1.5897375e-45
   2.2140397e+01   1.5750889e-45
   2.2191453e+01   1.5605766e-45
   2.2242627e+01   1.5461994e-45
   2.2293919e+01   1.5319560e-45
   2.2345328e+01   1.5178451e-45
   2.2396857e+01   1.5038655e-45
   2.2448504e+01   1.4900160e-45
   2.2500271e+01   1.4762954e-45
   2.2552157e+01   1.4627024e-45
   2.2604162e+01   1.4492358e-45
   2.2656287e+01   1.4358945e-45
   2.2708533e+01   1.4226773e-45
   2.2760899e+01   1.4095830e-45
   2.2813386e+01   1.3966104e-45
   2.2865994e+01   1.3837585e-45
   2.2918723e+01   1.3710261e-45
   2.2971574e+01   1.3584121e-45
   2.3024546e+01   1.3459153e-45
   2.3077641e+01   1.3335347e-45
   2.3130858e+01   1.3212692e-45
   2.3184198e+01   1.3091177e-45
   2.3237661e+01   1.2970791e-45
   2.3291247e+01   1.2851524e-45
   2.3344957e+01   1.2733365e-45
   2.3398791e+01   1.2616305e-45
   2.3452748e+01   1.2500332e-45
   2.3506831e+01   1.2385437e-45
   2.3561038e+01   1.2271609e-45
   2.3615370e+01   1.2158838e-45
   2.3669827e+01   1.2047116e-45
   2.3724410e+01   1.1936430e-45
   2.3779118e+01   1.1826774e-45
   2.3833953e+01   1.1718135e-45
   2.3888914e+01   1.1610506e-45
   2.3944002e+01   1.1503876e-45
   2.3999217e+01   1.1398236e-45
   2.4054560e+01   1.1293577e-45
   2.4110030e+01   1.1189890e-45
   2.4165628e+01   1.1087166e-45
   2.4221354e+01   1.0985396e-45
   2.4277208e+01   1.0884570e-45
   2.4333192e+01   1.0784680e-45
   2.4389304e+01   1.0685718e-45
   2.4445546e+01   1.0587674e-45
   2.4501918e+01   1.0490540e-45
   2.4558420e+01   1.0394308e-45
   2.4615051e+01   1.0298969e-45
   2.4671814e+01   1.0204515e-45
   2.4728707e+01   1.0110937e-45
   2.4785732e+01   1.0018228e-45
   2.4842888e+01   9.9263787e-46
   2.4900176e+01   9.8353819e-46
   2.4957596e+01   9.7452294e-46
   2.5015148e+01   9.6559133e-46
   2.5072833e+01   9.5674259e-46
   2.5130652e+01   9.4797594e-46
   2.5188603e+01   9.3929061e-46
   2.5246688e+01   9.3068586e-46
   2.5304907e+01   9.2216092e-46
   2.5363261e+01   9.1371505e-46
   2.5421748e+01   9.0534752e-46
   2.5480371e+01   8.9705760e-46
   2.5539129e+01   8.8884457e-46
   2.5598023e+01   8.8070770e-46
   2.5657052e+01   8.7264629e-46
   2.5716217e+01   8.6465963e-46
   2.5775519e+01   8.5674704e-46
   2.5834957e+01   8.4890781e-46
   2.5894533e+01   8.4114128e-46
   2.5954246e+01   8.3344675e-46
   2.6014097e+01   8.2582356e-46
   2.6074085e+01   8.1827105e-46
   2.6134212e+01   8.1078856e-46
   2.6194478e+01   8.0337543e-46
   2.6254883e+01   7.9603103e-46
   2.6315427e+01   7.8875470e-46
   2.6376110e+01   7.8154583e-46
   2.6436934e+01   7.7440377e-46
   2.6497898e+01   7.6732792e-46
   2.6559002e+01   7.6031764e-46
   2.6620247e+01   7.5337234e-46
   2.6681634e+01   7.4649141e-46
   2.6743162e+01   7.3967425e-46
   2.6804832e+01   7.3292026e-46
   2.6866644e+01   7.2622887e-46
   2.6928599e+01   7.1959948e-46
   2.6990696e+01   7.1303152e-46
   2.7052937e+01   7.0652442e-46
   2.7115321e+01   7.0007761e-46
   2.7177849e+01   6.9369054e-46
   2.7240522e+01   6.8736265e-46
   2.7303338e+01   6.8109338e-46
   2.7366300e+01   6.7488220e-46
   2.7429407e+01   6.6872856e-46
   2.7492659e+01   6.6263193e-46
   2.7556058e+01   6.5659178e-46
   2.7619602e+01   6.5060758e-46
   2.7683293e+01   6.4467882e-46
   2.7747131e+01   6.3880497e-46
   2.7811116e+01   6.3298554e-46
   2.7875249e+01   6.2722000e-46
   2.7939529e+01   6.2150787e-46
   2.8003958e+01   6.1584865e-46
   2.8068536e+01   6.1024184e-46
   2.8133262e+01   6.0468696e-46
   2.8198137e+01   5.9918352e-46
   2.8263162e+01   5.9373105e-46
   2.8328338e+01   5.8832908e-46
   2.8393663e+01   5.8297713e-46
   2.8459139e+01   5.7767475e-46
   2.8524766e+01   5.7242146e-46
   2.8590544e+01   5.6721682e-46
   2.8656474e+01   5.6206038e-46
   2.8722556e+01   5.5695167e-46
   2.8788791e+01   5.5189028e-46
   2.8855178e+01   5.4687574e-46
   2.8921718e+01   5.4190764e-46
   2.8988412e+01   5.3698553e-46
   2.9055259e+01   5.3210900e-46
   2.9122261e+01   5.2727761e-46
   2.9189417e+01   5.2249095e-46
   2.9256728e+01   5.1774860e-46
   2.9324194e+01   5.1305016e-46
   2.9391816e+01   5.0839521e-46
   2.9459594e+01   5.0378335e-46
   2.9527528e+01   4.9921418e-46
   2.9595619e+01   4.9468731e-46
   2.9663866e+01   4.9020235e-46
   2.9732272e+01   4.8575889e-46
   2.9800834e+01   4.8135657e-46
   2.9869555e+01   4.7699499e-46
   2.9938435e+01   4.7267378e-46
   3.0007473e+01   4.6839257e-46
   3.0076670e+01   4.6415098e-46
   3.0146028e+01   4.5994865e-46
   3.0215544e+01   4.5578521e-46
   3.0285222e+01   4.5166030e-46
   3.0355060e+01   4.4757357e-46
   3.0425059e+01   4.4352465e-46
   3.0495219e+01   4.3951320e-46
   3.0565541e+01   4.3553888e-46
   3.0636026e+01   4.3160133e-46
   3.0706673e+01   4.2770022e-46
   3.0777482e+01   4.2383521e-46
   3.0848456e+01   4.2000596e-46
   3.0919592e+01   4.1621215e-46
   3.0990893e+01   4.1245344e-46
   3.1062358e+01   4.0872950e-46
   3.1133988e+01   4.0504002e-46
   3.1205784e+01   4.0138468e-46
   3.1277744e+01   3.9776316e-46
   3.1349871e+01   3.9417514e-46
   3.1422164e+01   3.9062032e-46
   3.1494624e+01   3.8709838e-46
   3.1567251e+01   3.8360903e-46
   3.1640045e+01   3.8015196e-46
   3.1713007e+01   3.7672687e-46
   3.1786138e+01   3.7333347e-46
   3.1859437e+01   3.6997145e-46
   3.1932905e+01   3.6664054e-46
   3.2006542e+01   3.6334044e-46
   3.2080350e+01   3.6007086e-46
   3.2154327e+01   3.5683153e-46
   3.2228475e+01   3.5362216e-46
   3.2302794e+01   3.5044248e-46
   3.2377285e+01   3.4729220e-46
   3.2451947e+01   3.4417107e-46
   3.2526782e+01   3.4107880e-46
   3.2601789e+01   3.3801513e-46
   3.2676969e+01   3.3497980e-46
   3.2752322e+01   3.3197254e-46
   3.2827849e+01   3.2899309e-46
   3.2903550e+01   3.2604120e-46
   3.2979426e+01   3.2311660e-46
   3.3055477e+01   3.2021905e-46
   3.3131703e+01   3.1734830e-46
   3.3208105e+01   3.1450409e-46
   3.3284683e+01   3.1168618e-46
   3.3361438e+01   3.0889434e-46
   3.3438370e+01   3.0612830e-46
   3.3515479e+01   3.0338785e-46
   3.3592766e+01   3.0067273e-46
   3.3670231e+01   2.9798272e-46
   3.3747875e+01   2.9531758e-46
   3.3825698e+01   2.9267709e-46
   3.3903700e+01   2.9006100e-46
   3.3981882e+01   2.8746911e-46
   3.4060245e+01   2.8490117e-46
   3.4138788e+01   2.8235698e-46
   3.4217512e+01   2.7983631e-46
   3.4296418e+01   2.7733894e-46
   3.4375506e+01   2.7486467e-46
   3.4454776e+01   2.7241326e-46
   3.4534229e+01   2.6998451e-46
   3.4613865e+01   2.6757822e-46
   3.4693685e+01   2.6519417e-46
   3.4773689e+01   2.6283216e-46
   3.4853877e+01   2.6049198e-46
   3.4934251e+01   2.5817343e-46
   3.5014809e+01   2.5587631e-46
   3.5095554e+01   2.5360043e-46
   3.5176484e+01   2.5134558e-46
   3.5257602e+01   2.4911157e-46
   3.5338906e+01   2.4689821e-46
   3.5420398e+01   2.4470530e-46
   3.5502077e+01   2.4253266e-46
   3.5583945e+01   2.4038010e-46
   3.5666002e+01   2.3824744e-46
   3.5748248e+01   2.3613448e-46
   3.5830684e+01   2.3404104e-46
   3.5913310e+01   2.3196696e-46
   3.5996126e+01   2.2991204e-46
   3.6079134e+01   2.2787610e-46
   3.6162332e+01   2.2585898e-46
   3.6245723e+01   2.2386050e-46
   3.6329306e+01   2.2188048e-46
   3.6413082e+01   2.1991876e-46
   3.6497050e+01   2.1797516e-46
   3.6581213e+01   2.1604952e-46
   3.6665569e+01   2.1414167e-46
   3.6750120e+01   2.1225145e-46
   3.6834867e+01   2.1037869e-46
   3.6919808e+01   2.0852323e-46
   3.7004945e+01   2.0668491e-46
   3.7090279e+01   2.0486357e-46
   3.7175810e+01   2.0305906e-46
   3.7261537e+01   2.0127121e-46
   3.7347463e+01   1.9949988e-46
   3.7433586e+01   1.9774492e-46
   3.7519908e+01   1.9600616e-46
   3.7606429e+01   1.9428346e-46
   3.7693150e+01   1.9257667e-46
   3.7780071e+01   1.9088564e-46
   3.7867192e+01   1.8921024e-46
   3.7954514e+01   1.8755030e-46
   3.8042037e+01   1.8590570e-46
   3.8129763e+01   1.8427628e-46
   3.8217690e+01   1.8266191e-46
   3.8305821e+01   1.8106244e-46
   3.8394154e+01   1.7947775e-46
   3.8482691e+01   1.7790768e-46
   3.8571433e+01   1.7635212e-46
   3.8660379e+01   1.7481092e-46
   3.8749530e+01   1.7328394e-46
   3.8838886e+01   1.7177107e-46
   3.8928449e+01   1.7027216e-46
   3.9018219e+01   1.6878708e-46
   3.9108195e+01   1.6731572e-46
   3.9198379e+01   1.6585794e-46
   3.9288770e+01   1.6441362e-46
   3.9379371e+01   1.6298263e-46
   3.9470180e+01   1.6156485e-46
   3.9561198e+01   1.6016015e-46
   3.9652427e+01   1.5876842e-46
   3.9743865e+01   1.5738953e-46
   3.9835515e+01   1.5602337e-46
   3.9927376e+01   1.5466982e-46
   4.0019449e+01   1.5332876e-46
   4.0111734e+01   1.5200007e-46
   4.0204232e+01   1.5068365e-46
   4.0296943e+01   1.4937937e-46
   4.0389868e+01   1.4808712e-46
   4.0483008e+01   1.4680680e-46
   4.0576362e+01   1.4553830e-46
   4.0669931e+01   1.4428149e-46
   4.0763716e+01   1.4303628e-46
   4.0857718e+01   1.4180256e-46
   4.0951936e+01   1.4058021e-46
   4.1046372e+01   1.3936915e-46
   4.1141025e+01   1.3816925e-46
   4.1235896e+01   1.3698042e-46
   4.1330987e+01   1.3580256e-46
   4.1426296e+01   1.3463556e-46
   4.1521826e+01   1.3347932e-46
   4.1617575e+01   1.3233375e-46
   4.1713546e+01   1.3119874e-46
   4.1809737e+01   1.3007419e-46
   4.1906151e+01   1.2896002e-46
   4.2002787e+01   1.2785612e-46
   4.2099646e+01   1.2676239e-46
   4.2196728e+01   1.2567875e-46
   4.2294034e+01   1.2460510e-46
   4.2391564e+01   1.2354135e-46
   4.2489319e+01   1.2248741e-46
   4.2587300e+01   1.2144318e-46
   4.2685507e+01   1.2040857e-46
   4.2783940e+01   1.1938350e-46
   4.2882600e+01   1.1836788e-46
   4.2981488e+01   1.1736162e-46
   4.3080603e+01   1.1636463e-46
   4.3179947e+01   1.1537682e-46
   4.3279521e+01   1.1439812e-46
   4.3379324e+01   1.1342844e-46
   4.3479357e+01   1.1246770e-46
   4.3579620e+01   1.1151580e-46
   4.3680115e+01   1.1057267e-46
   4.3780842e+01   1.0963823e-46
   4.3881801e+01   1.0871240e-46
   4.3982993e+01   1.0779510e-46
   4.4084418e+01   1.0688624e-46
   4.4186077e+01   1.0598576e-46
   4.4287970e+01   1.0509357e-46
   4.4390099e+01   1.0420959e-46
   4.4492463e+01   1.0333376e-46
   4.4595062e+01   1.0246599e-46
   4.4697899e+01   1.0160621e-46
   4.4800973e+01   1.0075434e-46
   4.4904284e+01   9.9910319e-47
   4.5007834e+01   9.9074066e-47
   4.5111622e+01   9.8245510e-47
   4.5215650e+01   9.7424580e-47
   4.5319918e+01   9.6611206e-47
   4.5424426e+01   9.5805317e-47
   4.5529175e+01   9.5006845e-47
   4.5634165e+01   9.4215720e-47
   4.5739398e+01   9.3431874e-47
   4.5844873e+01   9.2655239e-47
   4.5950592e+01   9.1885750e-47
   4.6056554e+01   9.1123340e-47
   4.6162761e+01   9.0367942e-47
   4.6269213e+01   8.9619493e-47
   4.6375910e+01   8.8877927e-47
   4.6482853e+01   8.8143181e-47
   4.6590043e+01   8.7415191e-47
   4.6697480e+01   8.6693896e-47
   4.6805165e+01   8.5979232e-47
   4.6913098e+01   8.5271139e-47
   4.7021280e+01   8.4569555e-47
   4.7129711e+01   8.3874421e-47
   4.7238393e+01   8.3185676e-47
   4.7347325e+01   8.2503260e-47
   4.7456508e+01   8.1827117e-47
   4.7565943e+01   8.1157186e-47
   4.7675631e+01   8.0493411e-47
   4.7785571e+01   7.9835735e-47
   4.7895765e+01   7.9184101e-47
   4.8006213e+01   7.8538452e-47
   4.8116916e+01   7.7898735e-47
   4.8227874e+01   7.7264892e-47
   4.8339087e+01   7.6636871e-47
   4.8450558e+01   7.6014617e-47
   4.8562285e+01   7.5398076e-47
   4.8674270e+01   7.4787196e-47
   4.8786513e+01   7.4181924e-47
   4.8899015e+01   7.3582207e-47
   4.9011777e+01   7.2987996e-47
   4.9124798e+01   7.2399238e-47
   4.9238081e+01   7.1815883e-47
   4.9351624e+01   7.1237880e-47
   4.9465429e+01   7.0665181e-47
   4.9579497e+01   7.0097736e-47
   4.9693828e+01   6.9535496e-47
   4.9808422e+01   6.8978413e-47
   4.9923280e+01   6.8426439e-47
   5.0038404e+01   6.7879527e-47
   5.0153793e+01   6.7337630e-47
   5.0269448e+01   6.6800701e-47
   5.0385370e+01   6.6268694e-47
   5.0501559e+01   6.5741564e-47
   5.0618016e+01   6.5219265e-47
   5.0734741e+01   6.4701753e-47
   5.0851736e+01   6.4188982e-47
   5.0969000e+01   6.3680910e-47
   5.1086535e+01   6.3177492e-47
   5.1204341e+01   6.2678686e-47
   5.1322419e+01   6.2184448e-47
   5.1440769e+01   6.1694737e-47
   5.1559392e+01   6.1209509e-47
   5.1678288e+01   6.0728725e-47
   5.1797458e+01   6.0252341e-47
   5.1916904e+01   5.9780318e-47
   5.2036625e+01   5.9312616e-47
   5.2156621e+01   5.8849193e-47
   5.2276895e+01   5.8390011e-47
   5.2397446e+01   5.7935029e-47
   5.2518275e+01   5.7484210e-47
   5.2639382e+01   5.7037514e-47
   5.2760769e+01   5.6594903e-47
   5.2882436e+01   5.6156340e-47
   5.3004383e+01   5.5721786e-47
   5.3126612e+01   5.5291204e-47
   5.3249122e+01   5.4864558e-47
   5.3371915e+01   5.4441811e-47
   5.3494991e+01   5.4022928e-47
   5.3618351e+01   5.3607871e-47
   5.3741995e+01   5.3196606e-47
   5.3865925e+01   5.2789097e-47
   5.3990140e+01   5.2385309e-47
   5.4114642e+01   5.1985209e-47
   5.4239430e+01   5.1588761e-47
   5.4364507e+01   5.1195933e-47
   5.4489872e+01   5.0806689e-47
   5.4615526e+01   5.0420998e-47
   5.4741470e+01   5.0038826e-47
   5.4867704e+01   4.9660140e-47
   5.4994229e+01   4.9284908e-47
   5.5121046e+01   4.8913098e-47
   5.5248156e+01   4.8544678e-47
   5.5375559e+01   4.8179617e-47
   5.5503255e+01   4.7817884e-47
   5.5631246e+01   4.7459448e-47
   5.5759532e+01   4.7104277e-47
   5.5888114e+01   4.6752343e-47
   5.6016992e+01   4.6403614e-47
   5.6146168e+01   4.6058061e-47
   5.6275642e+01   4.5715655e-47
   5.6405414e+01   4.5376366e-47
   5.6535485e+01   4.5040165e-47
   5.6665856e+01   4.4707024e-47
   5.6796528e+01   4.4376915e-47
   5.6927501e+01   4.4049809e-47
   5.7058777e+01   4.3725678e-47
   5.7190355e+01   4.3404495e-47
   5.7322236e+01   4.3086232e-47
   5.7454421e+01   4.2770862e-47
   5.7586912e+01   4.2458359e-47
   5.7719708e+01   4.2148695e-47
   5.7852810e+01   4.1841845e-47
   5.7986219e+01   4.1537783e-47
   5.8119935e+01   4.1236482e-47
   5.8253960e+01   4.0937916e-47
   5.8388294e+01   4.0642061e-47
   5.8522938e+01   4.0348891e-47
   5.8657893e+01   4.0058382e-47
   5.8793158e+01   3.9770508e-47
   5.8928736e+01   3.9485245e-47
   5.9064626e+01   3.9202569e-47
   5.9200829e+01   3.8922456e-47
   5.9337347e+01   3.8644883e-47
   5.9474179e+01   3.8369824e-47
   5.9611327e+01   3.8097258e-47
   5.9748791e+01   3.7827161e-47
   5.9886572e+01   3.7559510e-47
   6.0024671e+01   3.7294283e-47
   6.0163089e+01   3.7031456e-47
   6.0301825e+01   3.6771008e-47
   6.0440882e+01   3.6512917e-47
   6.0580259e+01   3.6257160e-47
   6.0719957e+01   3.6003716e-47
   6.0859978e+01   3.5752564e-47
   6.1000322e+01   3.5503682e-47
   6.1140989e+01   3.5257050e-47
   6.1281980e+01   3.5012645e-47
   6.1423297e+01   3.4770448e-47
   6.1564940e+01   3.4530439e-47
   6.1706909e+01   3.4292596e-47
   6.1849206e+01   3.4056899e-47
   6.1991830e+01   3.3823330e-47
   6.2134784e+01   3.3591868e-47
   6.2278067e+01   3.3362493e-47
   6.2421681e+01   3.3135186e-47
   6.2565626e+01   3.2909928e-47
   6.2709903e+01   3.2686699e-47
   6.2854512e+01   3.2465482e-47
   6.2999455e+01   3.2246257e-47
   6.3144732e+01   3.2029006e-47
   6.3290345e+01   3.1813711e-47
   6.3436293e+01   3.1600353e-47
   6.3582577e+01   3.1388914e-47
   6.3729199e+01   3.1179377e-47
   6.3876159e+01   3.0971724e-47
   6.4023458e+01   3.0765937e-47
   6.4171097e+01   3.0561999e-47
   6.4319076e+01   3.0359893e-47
   6.4467396e+01   3.0159602e-47
   6.4616058e+01   2.9961109e-47
   6.4765063e+01   2.9764398e-47
   6.4914412e+01   2.9569451e-47
   6.5064105e+01   2.9376253e-47
   6.5214144e+01   2.9184787e-47
   6.5364528e+01   2.8995037e-47
   6.5515259e+01   2.8806988e-47
   6.5666338e+01   2.8620622e-47
   6.5817765e+01   2.8435926e-47
   6.5969541e+01   2.8252883e-47
   6.6121667e+01   2.8071478e-47
   6.6274144e+01   2.7891695e-47
   6.6426973e+01   2.7713521e-47
   6.6580154e+01   2.7536939e-47
   6.6733688e+01   2.7361935e-47
   6.6887577e+01   2.7188494e-47
   6.7041820e+01   2.7016602e-47
   6.7196419e+01   2.6846245e-47
   6.7351374e+01   2.6677408e-47
   6.7506687e+01   2.6510077e-47
   6.7662358e+01   2.6344238e-47
   6.7818388e+01   2.6179877e-47
   6.7974778e+01   2.6016981e-47
   6.8131528e+01   2.5855536e-47
   6.8288640e+01   2.5695528e-47
   6.8446114e+01   2.5536944e-47
   6.8603951e+01   2.5379771e-47
   6.8762153e+01   2.5223997e-47
   6.8920719e+01   2.5069607e-47
   6.9079650e+01   2.4916589e-47
   6.9238949e+01   2.4764930e-47
   6.9398614e+01   2.4614618e-47
   6.9558648e+01   2.4465640e-47
   6.9719051e+01   2.4317984e-47
   6.9879823e+01   2.4171637e-47
   7.0040967e+01   2.4026588e-47
   7.0202482e+01   2.3882824e-47
   7.0364369e+01   2.3740334e-47
   7.0526630e+01   2.3599105e-47
   7.0689265e+01   2.3459126e-47
   7.0852275e+01   2.3320385e-47
   7.1015661e+01   2.3182871e-47
   7.1179423e+01   2.3046573e-47
   7.1343564e+01   2.2911478e-47
   7.1508083e+01   2.2777577e-47
   7.1672981e+01   2.2644858e-47
   7.1838259e+01   2.2513309e-47
   7.2003919e+01   2.2382921e-47
   7.2169960e+01   2.2253681e-47
   7.2336385e+01   2.2125581e-47
   7.2503193e+01   2.1998609e-47
   7.2670386e+01   2.1872754e-47
   7.2837964e+01   2.1748006e-47
   7.3005929e+01   2.1624356e-47
   7.3174282e+01   2.1501792e-47
   7.3343022e+01   2.1380306e-47
   7.3512152e+01   2.1259885e-47
   7.3681671e+01   2.1140522e-47
   7.3851582e+01   2.1022206e-47
   7.4021884e+01   2.0904927e-47
   7.4192579e+01   2.0788676e-47
   7.4363668e+01   2.0673444e-47
   7.4535151e+01   2.0559220e-47
   7.4707029e+01   2.0445995e-47
   7.4879304e+01   2.0333761e-47
   7.5051977e+01   2.0222507e-47
   7.5225047e+01   2.0112226e-47
   7.5398517e+01   2.0002907e-47
   7.5572386e+01   1.9894543e-47
   7.5746657e+01   1.9787123e-47
   7.5921329e+01   1.9680640e-47
   7.6096404e+01   1.9575085e-47
   7.6271883e+01   1.9470448e-47
   7.6447767e+01   1.9366722e-47
   7.6624056e+01   1.9263899e-47
   7.6800751e+01   1.9161969e-47
   7.6977855e+01   1.9060925e-47
   7.7155366e+01   1.8960758e-47
   7.7333287e+01   1.8861460e-47
   7.7511618e+01   1.8763023e-47
   7.7690361e+01   1.8665440e-47
   7.7869515e+01   1.8568701e-47
   7.8049083e+01   1.8472801e-47
   7.8229065e+01   1.8377729e-47
   7.8409461e+01   1.8283480e-47
   7.8590274e+01   1.8190046e-47
   7.8771504e+01   1.8097418e-47
   7.8953152e+01   1.8005589e-47
   7.9135218e+01   1.7914552e-47
   7.9317705e+01   1.7824300e-47
   7.9500612e+01   1.7734826e-47
   7.9683941e+01   1.7646122e-47
   7.9867693e+01   1.7558180e-47
   8.0051868e+01   1.7470995e-47
   8.0236468e+01   1.7384559e-47
   8.0421494e+01   1.7298864e-47
   8.0606947e+01   1.7213905e-47
   8.0792827e+01   1.7129675e-47
   8.0979136e+01   1.7046166e-47
   8.1165874e+01   1.6963372e-47
   8.1353044e+01   1.6881287e-47
   8.1540644e+01   1.6799903e-47
   8.1728678e+01   1.6719215e-47
   8.1917145e+01   1.6639215e-47
   8.2106046e+01   1.6559898e-47
   8.2295383e+01   1.6481258e-47
   8.2485157e+01   1.6403287e-47
   8.2675369e+01   1.6325981e-47
   8.2866019e+01   1.6249331e-47
   8.3057108e+01   1.6173334e-47
   8.3248639e+01   1.6097982e-47
   8.3440611e+01   1.6023270e-47
   8.3633025e+01   1.5949191e-47
   8.3825884e+01   1.5875740e-47
   8.4019187e+01   1.5802912e-47
   8.4212936e+01   1.5730699e-47
   8.4407131e+01   1.5659098e-47
   8.4601775e+01   1.5588101e-47
   8.4796867e+01   1.5517704e-47
   8.4992409e+01   1.5447900e-47
   8.5188403e+01   1.5378685e-47
   8.5384848e+01   1.5310053e-47
   8.5581746e+01   1.5241999e-47
   8.5779098e+01   1.5174516e-47
   8.5976905e+01   1.5107601e-47
   8.6175169e+01   1.5041248e-47
   8.6373889e+01   1.4975451e-47
   8.6573068e+01   1.4910205e-47
   8.6772706e+01   1.4845506e-47
   8.6972805e+01   1.4781348e-47
   8.7173365e+01   1.4717727e-47
   8.7374387e+01   1.4654637e-47
   8.7575873e+01   1.4592073e-47
   8.7777824e+01   1.4530031e-47
   8.7980240e+01   1.4468506e-47
   8.8183123e+01   1.4407493e-47
   8.8386474e+01   1.4346987e-47
   8.8590294e+01   1.4286984e-47
   8.8794584e+01   1.4227479e-47
   8.8999345e+01   1.4168468e-47
   8.9204578e+01   1.4109946e-47
   8.9410285e+01   1.4051907e-47
   8.9616465e+01   1.3994349e-47
   8.9823122e+01   1.3937267e-47
   9.0030254e+01   1.3880656e-47
   9.0237865e+01   1.3824511e-47
   9.0445954e+01   1.3768830e-47
   9.0654523e+01   1.3713606e-47
   9.0863573e+01   1.3658837e-47
   9.1073105e+01   1.3604517e-47
   9.1283120e+01   1.3550644e-47
   9.1493620e+01   1.3497212e-47
   9.1704605e+01   1.3444218e-47
   9.1916077e+01   1.3391657e-47
   9.2128036e+01   1.3339526e-47
   9.2340484e+01   1.3287821e-47
   9.2553422e+01   1.3236538e-47
   9.2766850e+01   1.3185672e-47
   9.2980771e+01   1.3135221e-47
   9.3195186e+01   1.3085180e-47
   9.3410095e+01   1.3035546e-47
   9.3625499e+01   1.2986314e-47
   9.3841400e+01   1.2937482e-47
   9.4057799e+01   1.2889045e-47
   9.4274697e+01   1.2840999e-47
   9.4492095e+01   1.2793342e-47
   9.4709995e+01   1.2746070e-47
   9.4928397e+01   1.2699179e-47
   9.5147302e+01   1.2652666e-47
   9.5366713e+01   1.2606527e-47
   9.5586629e+01   1.2560759e-47
   9.5807053e+01   1.2515358e-47
   9.6027984e+01   1.2470321e-47
   9.6249426e+01   1.2425645e-47
   9.6471378e+01   1.2381327e-47
   9.6693841e+01   1.2337363e-47
   9.6916818e+01   1.2293749e-47
   9.7140309e+01   1.2250484e-47
   9.7364315e+01   1.2207563e-47
   9.7588838e+01   1.2164983e-47
   9.7813879e+01   1.2122742e-47
   9.8039438e+01   1.2080835e-47
   9.8265518e+01   1.2039262e-47
   9.8492119e+01   1.1998017e-47
   9.8719243e+01   1.1957098e-47
   9.8946890e+01   1.1916503e-47
   9.9175062e+01   1.1876227e-47
   9.9403761e+01   1.1836269e-47
   9.9632987e+01   1.1796626e-47
   9.9862741e+01   1.1757294e-47
   1.0009303e+02   1.1718271e-47
   1.0032384e+02   1.1679553e-47
   1.0055519e+02   1.1641139e-47
   1.0078707e+02   1.1603025e-47
   1.0101948e+02   1.1565209e-47
   1.0125244e+02   1.1527688e-47
   1.0148593e+02   1.1490459e-47
   1.0171995e+02   1.1453520e-47
   1.0195452e+02   1.1416867e-47
   1.0218963e+02   1.1380499e-47
   1.0242528e+02   1.1344413e-47
   1.0266147e+02   1.1308606e-47
   1.0289821e+02   1.1273076e-47
   1.0313549e+02   1.1237820e-47
   1.0337332e+02   1.1202836e-47
   1.0361170e+02   1.1168121e-47
   1.0385063e+02   1.1133673e-47
   1.0409011e+02   1.1099489e-47
   1.0433015e+02   1.1065567e-47
   1.0457073e+02   1.1031905e-47
   1.0481187e+02   1.0998501e-47
   1.0505357e+02   1.0965351e-47
   1.0529582e+02   1.0932454e-47
   1.0553864e+02   1.0899807e-47
   1.0578201e+02   1.0867409e-47
   1.0602594e+02   1.0835256e-47
   1.0627044e+02   1.0803347e-47
   1.0651550e+02   1.0771680e-47
   1.0676113e+02   1.0740252e-47
   1.0700732e+02   1.0709061e-47
   1.0725408e+02   1.0678105e-47
   1.0750141e+02   1.0647383e-47
   1.0774931e+02   1.0616890e-47
   1.0799778e+02   1.0586627e-47
   1.0824682e+02   1.0556591e-47
   1.0849644e+02   1.0526779e-47
   1.0874663e+02   1.0497189e-47
   1.0899740e+02   1.0467821e-47
   1.0924875e+02   1.0438671e-47
   1.0950068e+02   1.0409738e-47
   1.0975319e+02   1.0381019e-47
   1.1000628e+02   1.0352513e-47
   1.1025996e+02   1.0324219e-47
   1.1051422e+02   1.0296133e-47
   1.1076906e+02   1.0268255e-47
   1.1102450e+02   1.0240582e-47
   1.1128052e+02   1.0213112e-47
   1.1153714e+02   1.0185844e-47
   1.1179434e+02   1.0158776e-47
   1.1205214e+02   1.0131907e-47
   1.1231053e+02   1.0105233e-47
   1.1256952e+02   1.0078754e-47
   1.1282911e+02   1.0052468e-47
   1.1308929e+02   1.0026373e-47
   1.1335008e+02   1.0000468e-47
   1.1361146e+02   9.9747500e-48
   1.1387345e+02   9.9492184e-48
   1.1413605e+02   9.9238713e-48
   1.1439924e+02   9.8987070e-48
   1.1466305e+02   9.8737238e-48
   1.1492746e+02   9.8489203e-48
   1.1519249e+02   9.8242948e-48
   1.1545812e+02   9.7998456e-48
   1.1572437e+02   9.7755714e-48
   1.1599123e+02   9.7514704e-48
   1.1625871e+02   9.7275413e-48
   1.1652680e+02   9.7037824e-48
   1.1679551e+02   9.6801923e-48
   1.1706484e+02   9.6567694e-48
   1.1733480e+02   9.6335124e-48
   1.1760537e+02   9.6104197e-48
   1.1787657e+02   9.5874900e-48
   1.1814839e+02   9.5647217e-48
   1.1842085e+02   9.5421134e-48
   1.1869392e+02   9.5196638e-48
   1.1896763e+02   9.4973715e-48
   1.1924197e+02   9.4752350e-48
   1.1951695e+02   9.4532530e-48
   1.1979255e+02   9.4314243e-48
   1.2006880e+02   9.4097473e-48
   1.2034568e+02   9.3882208e-48
   1.2062319e+02   9.3668435e-48
   1.2090135e+02   9.3456141e-48
   1.2118015e+02   9.3245313e-48
   1.2145959e+02   9.3035938e-48
   1.2173968e+02   9.2828003e-48
   1.2202041e+02   9.2621497e-48
   1.2230179e+02   9.2416406e-48
   1.2258382e+02   9.2212718e-48
   1.2286650e+02   9.2010421e-48
   1.2314983e+02   9.1809503e-48
   1.2343382e+02   9.1609953e-48
   1.2371846e+02   9.1411757e-48
   1.2400375e+02   9.1214906e-48
   1.2428971e+02   9.1019386e-48
   1.2457632e+02   9.0825186e-48
   1.2486359e+02   9.0632296e-48
   1.2515153e+02   9.0440703e-48
   1.2544013e+02   9.0250398e-48
   1.2572940e+02   9.0061367e-48
   1.2601933e+02   8.9873601e-48
   1.2630993e+02   8.9687089e-48
   1.2660120e+02   8.9501820e-48
   1.2689314e+02   8.9317783e-48
   1.2718576e+02   8.9134968e-48
   1.2747905e+02   8.8953365e-48
   1.2777302e+02   8.8772962e-48
   1.2806767e+02   8.8593750e-48
   1.2836299e+02   8.8415719e-48
   1.2865900e+02   8.8238858e-48
   1.2895569e+02   8.8063158e-48
   1.2925306e+02   8.7888608e-48
   1.2955112e+02   8.7715200e-48
   1.2984986e+02   8.7542923e-48
   1.3014930e+02   8.7371767e-48
   1.3044942e+02   8.7201724e-48
   1.3075024e+02   8.7032783e-48
   1.3105175e+02   8.6864936e-48
   1.3135396e+02   8.6698174e-48
   1.3165686e+02   8.6532486e-48
   1.3196046e+02   8.6367865e-48
   1.3226476e+02   8.6204301e-48
   1.3256977e+02   8.6041785e-48
   1.3287547e+02   8.5880309e-48
   1.3318189e+02   8.5719863e-48
   1.3348901e+02   8.5560440e-48
   1.3379683e+02   8.5402030e-48
   1.3410537e+02   8.5244625e-48
   1.3441462e+02   8.5088217e-48
   1.3472458e+02   8.4932798e-48
   1.3503525e+02   8.4778359e-48
   1.3534665e+02   8.4624892e-48
   1.3565876e+02   8.4472390e-48
   1.3597159e+02   8.4320843e-48
   1.3628514e+02   8.4170245e-48
   1.3659941e+02   8.4020587e-48
   1.3691441e+02   8.3871862e-48
   1.3723014e+02   8.3724061e-48
   1.3754659e+02   8.3577178e-48
   1.3786377e+02   8.3431205e-48
   1.3818169e+02   8.3286135e-48
   1.3850034e+02   8.3141959e-48
   1.3881972e+02   8.2998671e-48
   1.3913984e+02   8.2856264e-48
   1.3946070e+02   8.2714729e-48
   1.3978229e+02   8.2574061e-48
   1.4010463e+02   8.2434252e-48
   1.4042772e+02   8.2295295e-48
   1.4075154e+02   8.2157184e-48
   1.4107612e+02   8.2019910e-48
   1.4140144e+02   8.1883469e-48
   1.4172751e+02   8.1747852e-48
   1.4205434e+02   8.1613054e-48
   1.4238192e+02   8.1479067e-48
   1.4271025e+02   8.1345886e-48
   1.4303934e+02   8.1213503e-48
   1.4336919e+02   8.1081913e-48
   1.4369980e+02   8.0951109e-48
   1.4403117e+02   8.0821085e-48
   1.4436331e+02   8.0691834e-48
   1.4469621e+02   8.0563351e-48
   1.4502988e+02   8.0435629e-48
   1.4536432e+02   8.0308662e-48
   1.4569954e+02   8.0182445e-48
   1.4603552e+02   8.0056971e-48
   1.4637228e+02   7.9932235e-48
   1.4670981e+02   7.9808230e-48
   1.4704813e+02   7.9684952e-48
   1.4738722e+02   7.9562394e-48
   1.4772710e+02   7.9440551e-48
   1.4806776e+02   7.9319417e-48
   1.4840920e+02   7.9198987e-48
   1.4875144e+02   7.9079255e-48
   1.4909446e+02   7.8960216e-48
   1.4943827e+02   7.8841865e-48
   1.4978288e+02   7.8724195e-48
   1.5012828e+02   7.8607203e-48
   1.5047447e+02   7.8490882e-48
   1.5082147e+02   7.8375227e-48
   1.5116927e+02   7.8260234e-48
   1.5151786e+02   7.8145898e-48
   1.5186726e+02   7.8032213e-48
   1.5221747e+02   7.7919174e-48
   1.5256849e+02   7.7806777e-48
   1.5292031e+02   7.7695016e-48
   1.5327295e+02   7.7583888e-48
   1.5362639e+02   7.7473386e-48
   1.5398066e+02   7.7363507e-48
   1.5433574e+02   7.7254246e-48
   1.5469164e+02   7.7145598e-48
   1.5504836e+02   7.7037558e-48
   1.5540590e+02   7.6930122e-48
   1.5576427e+02   7.6823286e-48
   1.5612346e+02   7.6717045e-48
   1.5648348e+02   7.6611394e-48
   1.5684434e+02   7.6506330e-48
   1.5720602e+02   7.6401847e-48
   1.5756854e+02   7.6297943e-48
   1.5793189e+02   7.6194612e-48
   1.5829608e+02   7.6091850e-48
   1.5866112e+02   7.5989653e-48
   1.5902699e+02   7.5888018e-48
   1.5939371e+02   7.5786939e-48
   1.5976127e+02   7.5686414e-48
   1.6012968e+02   7.5586437e-48
   1.6049894e+02   7.5487005e-48
   1.6086905e+02   7.5388115e-48
   1.6124002e+02   7.5289761e-48
   1.6161184e+02   7.5191942e-48
   1.6198452e+02   7.5094651e-48
   1.6235805e+02   7.4997887e-48
   1.6273245e+02   7.4901645e-48
   1.6310772e+02   7.4805921e-48
   1.6348384e+02   7.4710712e-48
   1.6386084e+02   7.4616015e-48
   1.6423870e+02   7.4521825e-48
   1.6461744e+02   7.4428139e-48
   1.6499705e+02   7.4334954e-48
   1.6537753e+02   7.4242266e-48
   1.6575889e+02   7.4150072e-48
   1.6614114e+02   7.4058368e-48
   1.6652426e+02   7.3967151e-48
   1.6690826e+02   7.3876418e-48
   1.6729316e+02   7.3786165e-48
   1.6767894e+02   7.3696389e-48
   1.6806560e+02   7.3607087e-48
   1.6845316e+02   7.3518256e-48
   1.6884162e+02   7.3429893e-48
   1.6923097e+02   7.3341994e-48
   1.6962122e+02   7.3254556e-48
   1.7001236e+02   7.3167576e-48
   1.7040441e+02   7.3081051e-48
   1.7079737e+02   7.2994979e-48
   1.7119123e+02   7.2909356e-48
   1.7158600e+02   7.2824179e-48
   1.7198168e+02   7.2739446e-48
   1.7237827e+02   7.2655153e-48
   1.7277577e+02   7.2571297e-48
   1.7317419e+02   7.2487877e-48
   1.7357354e+02   7.2404888e-48
   1.7397380e+02   7.2322329e-48
   1.7437498e+02   7.2240196e-48
   1.7477709e+02   7.2158487e-48
   1.7518013e+02   7.2077199e-48
   1.7558410e+02   7.1996329e-48
   1.7598899e+02   7.1915875e-48
   1.7639483e+02   7.1835835e-48
   1.7680159e+02   7.1756205e-48
   1.7720930e+02   7.1676983e-48
   1.7761795e+02   7.1598166e-48
   1.7802753e+02   7.1519753e-48
   1.7843807e+02   7.1441740e-48
   1.7884955e+02   7.1364126e-48
   1.7926198e+02   7.1286907e-48
   1.7967535e+02   7.1210081e-48
   1.8008969e+02   7.1133646e-48
   1.8050498e+02   7.1057600e-48
   1.8092122e+02   7.0981940e-48
   1.8133843e+02   7.0906665e-48
   1.8175659e+02   7.0831770e-48
   1.8217573e+02   7.0757256e-48
   1.8259583e+02   7.0683118e-48
   1.8301689e+02   7.0609356e-48
   1.8343893e+02   7.0535966e-48
   1.8386194e+02   7.0462947e-48
   1.8428593e+02   7.0390297e-48
   1.8471089e+02   7.0318013e-48
   1.8513684e+02   7.0246094e-48
   1.8556377e+02   7.0174537e-48
   1.8599168e+02   7.0103340e-48
   1.8642058e+02   7.0032501e-48
   1.8685046e+02   6.9962019e-48
   1.8728134e+02   6.9891890e-48
   1.8771321e+02   6.9822115e-48
   1.8814608e+02   6.9752689e-48
   1.8857995e+02   6.9683612e-48
   1.8901482e+02   6.9614882e-48
   1.8945068e+02   6.9546496e-48
   1.8988756e+02   6.9478453e-48
   1.9032544e+02   6.9410751e-48
   1.9076433e+02   6.9343388e-48
   1.9120424e+02   6.9276363e-48
   1.9164516e+02   6.9209673e-48
   1.9208709e+02   6.9143317e-48
   1.9253005e+02   6.9077293e-48
   1.9297402e+02   6.9011599e-48
   1.9341902e+02   6.8946235e-48
   1.9386505e+02   6.8881197e-48
   1.9431210e+02   6.8816485e-48
   1.9476019e+02   6.8752096e-48
   1.9520930e+02   6.8688029e-48
   1.9565946e+02   6.8624283e-48
   1.9611065e+02   6.8560856e-48
   1.9656288e+02   6.8497746e-48
   1.9701616e+02   6.8434952e-48
   1.9747048e+02   6.8372473e-48
   1.9792585e+02   6.8310306e-48
   1.9838227e+02   6.8248450e-48
   1.9883974e+02   6.8186904e-48
   1.9929826e+02   6.8125666e-48
   1.9975785e+02   6.8064735e-48
   2.0021849e+02   6.8004109e-48
   2.0068020e+02   6.7943788e-48
   2.0114297e+02   6.7883769e-48
   2.0160680e+02   6.7824051e-48
   2.0207171e+02   6.7764633e-48
   2.0253769e+02   6.7705513e-48
   2.0300474e+02   6.7646691e-48
   2.0347287e+02   6.7588164e-48
   2.0394208e+02   6.7529932e-48
   2.0441237e+02   6.7471993e-48
   2.0488375e+02   6.7414346e-48
   2.0535621e+02   6.7356990e-48
   2.0582977e+02   6.7299923e-48
   2.0630441e+02   6.7243144e-48
   2.0678015e+02   6.7186653e-48
   2.0725699e+02   6.7130447e-48
   2.0773492e+02   6.7074525e-48
   2.0821396e+02   6.7018887e-48
   2.0869411e+02   6.6963532e-48
   2.0917536e+02   6.6908457e-48
   2.0965772e+02   6.6853663e-48
   2.1014119e+02   6.6799147e-48
   2.1062578e+02   6.6744909e-48
   2.1111148e+02   6.6690948e-48
   2.1159831e+02   6.6637263e-48
   2.1208625e+02   6.6583852e-48
   2.1257533e+02   6.6530714e-48
   2.1306553e+02   6.6477849e-48
   2.1355686e+02   6.6425256e-48
   2.1404932e+02   6.6372932e-48
   2.1454292e+02   6.6320879e-48
   2.1503766e+02   6.6269093e-48
   2.1553354e+02   6.6217576e-48
   2.1603056e+02   6.6166324e-48
   2.1652873e+02   6.6115339e-48
   2.1702804e+02   6.6064618e-48
   2.1752851e+02   6.6014160e-48
   2.1803013e+02   6.5963966e-48
   2.1853291e+02   6.5914033e-48
   2.1903685e+02   6.5864362e-48
   2.1954195e+02   6.5814950e-48
   2.2004822e+02   6.5765798e-48
   2.2055565e+02   6.5716904e-48
   2.2106425e+02   6.5668268e-48
   2.2157403e+02   6.5619889e-48
   2.2208498e+02   6.5571766e-48
   2.2259711e+02   6.5523898e-48
   2.2311042e+02   6.5476284e-48
   2.2362491e+02   6.5428924e-48
   2.2414060e+02   6.5381816e-48
   2.2465747e+02   6.5334961e-48
   2.2517553e+02   6.5288357e-48
   2.2569478e+02   6.5242003e-48
   2.2621524e+02   6.5195900e-48
   2.2673689e+02   6.5150045e-48
   2.2725975e+02   6.5104439e-48
   2.2778381e+02   6.5059081e-48
   2.2830908e+02   6.5013969e-48
   2.2883556e+02   6.4969104e-48
   2.2936326e+02   6.4924485e-48
   2.2989217e+02   6.4880111e-48
   2.3042231e+02   6.4835981e-48
   2.3095366e+02   6.4792095e-48
   2.3148624e+02   6.4748452e-48
   2.3202005e+02   6.4705052e-48
   2.3255509e+02   6.4661893e-48
   2.3309137e+02   6.4618976e-48
   2.3362888e+02   6.4576300e-48
   2.3416763e+02   6.4533863e-48
   2.3470762e+02   6.4491667e-48
   2.3524886e+02   6.4449709e-48
   2.3579134e+02   6.4407990e-48
   2.3633508e+02   6.4366509e-48
   2.3688007e+02   6.4325265e-48
   2.3742632e+02   6.4284258e-48
   2.3797382e+02   6.4243487e-48
   2.3852259e+02   6.4202953e-48
   2.3907263e+02   6.4162654e-48
   2.3962393e+02   6.4122589e-48
   2.4017651e+02   6.4082759e-48
   2.4073036e+02   6.4043164e-48
   2.4128548e+02   6.4003801e-48
   2.4184189e+02   6.3964672e-48
   2.4239958e+02   6.3925775e-48
   2.4295855e+02   6.3887111e-48
   2.4351882e+02   6.3848678e-48
   2.4408037e+02   6.3810476e-48
   2.4464322e+02   6.3772506e-48
   2.4520737e+02   6.3734766e-48
   2.4577282e+02   6.3697256e-48
   2.4633958e+02   6.3659976e-48
   2.4690764e+02   6.3622926e-48
   2.4747701e+02   6.3586104e-48
   2.4804769e+02   6.3549511e-48
   2.4861969e+02   6.3513147e-48
   2.4919301e+02   6.3477010e-48
   2.4976765e+02   6.3441101e-48
   2.5034362e+02   6.3405420e-48
   2.5092091e+02   6.3369965e-48
   2.5149954e+02   6.3334737e-48
   2.5207950e+02   6.3299736e-48
   2.5266080e+02   6.3264960e-48
   2.5324343e+02   6.3230411e-48
   2.5382742e+02   6.3196086e-48
   2.5441274e+02   6.3161988e-48
   2.5499942e+02   6.3128114e-48
   2.5558745e+02   6.3094465e-48
   2.5617684e+02   6.3061040e-48
   2.5676758e+02   6.3027840e-48
   2.5735969e+02   6.2994863e-48
   2.5795317e+02   6.2962110e-48
   2.5854801e+02   6.2929581e-48
   2.5914422e+02   6.2897276e-48
   2.5974181e+02   6.2865193e-48
   2.6034078e+02   6.2833333e-48
   2.6094112e+02   6.2801696e-48
   2.6154286e+02   6.2770282e-48
   2.6214598e+02   6.2739090e-48
   2.6275049e+02   6.2708120e-48
   2.6335639e+02   6.2677372e-48
   2.6396369e+02   6.2646846e-48
   2.6457240e+02   6.2616542e-48
   2.6518250e+02   6.2586459e-48
   2.6579401e+02   6.2556598e-48
   2.6640694e+02   6.2526958e-48
   2.6702127e+02   6.2497540e-48
   2.6763703e+02   6.2468342e-48
   2.6825420e+02   6.2439365e-48
   2.6887280e+02   6.2410609e-48
   2.6949282e+02   6.2382074e-48
   2.7011427e+02   6.2353760e-48
   2.7073716e+02   6.2325666e-48
   2.7136148e+02   6.2297792e-48
   2.7198724e+02   6.2270139e-48
   2.7261444e+02   6.2242707e-48
   2.7324310e+02   6.2215494e-48
   2.7387320e+02   6.2188502e-48
   2.7450475e+02   6.2161730e-48
   2.7513776e+02   6.2135178e-48
   2.7577223e+02   6.2108847e-48
   2.7640816e+02   6.2082735e-48
   2.7704556e+02   6.2056843e-48
   2.7768443e+02   6.2031172e-48
   2.7832477e+02   6.2005720e-48
   2.7896659e+02   6.1980489e-48
   2.7960989e+02   6.1955477e-48
   2.8025467e+02   6.1930686e-48
   2.8090094e+02   6.1906114e-48
   2.8154870e+02   6.1881763e-48
   2.8219796e+02   6.1857632e-48
   2.8284871e+02   6.1833721e-48
   2.8350096e+02   6.1810030e-48
   2.8415471e+02   6.1786559e-48
   2.8480998e+02   6.1763308e-48
   2.8546675e+02   6.1740278e-48
   2.8612504e+02   6.1717468e-48
   2.8678485e+02   6.1694879e-48
   2.8744617e+02   6.1672510e-48
   2.8810903e+02   6.1650361e-48
   2.8877341e+02   6.1628433e-48
   2.8943932e+02   6.1606726e-48
   2.9010677e+02   6.1585240e-48
   2.9077576e+02   6.1563975e-48
   2.9144629e+02   6.1542931e-48
   2.9211837e+02   6.1522108e-48
   2.9279200e+02   6.1501506e-48
   2.9346718e+02   6.1481126e-48
   2.9414391e+02   6.1460967e-48
   2.9482221e+02   6.1441030e-48
   2.9550207e+02   6.1421314e-48
   2.9618350e+02   6.1401821e-48
   2.9686651e+02   6.1382549e-48
   2.9755108e+02   6.1363500e-48
   2.9823724e+02   6.1344673e-48
   2.9892498e+02   6.1326069e-48
   2.9961430e+02   6.1307688e-48
   3.0030521e+02   6.1289529e-48
   3.0099772e+02   6.1271594e-48
   3.0169182e+02   6.1253882e-48
   3.0238752e+02   6.1236393e-48
   3.0308483e+02   6.1219128e-48
   3.0378375e+02   6.1202087e-48
   3.0448428e+02   6.1185270e-48
   3.0518642e+02   6.1168678e-48
   3.0589018e+02   6.1152310e-48
   3.0659557e+02   6.1136166e-48
   3.0730258e+02   6.1120248e-48
   3.0801122e+02   6.1104555e-48
   3.0872150e+02   6.1089087e-48
   3.0943341e+02   6.1073845e-48
   3.1014697e+02   6.1058829e-48
   3.1086217e+02   6.1044040e-48
   3.1157902e+02   6.1029476e-48
   3.1229752e+02   6.1015140e-48
   3.1301768e+02   6.1001031e-48
   3.1373950e+02   6.0987148e-48
   3.1446299e+02   6.0973494e-48
   3.1518814e+02   6.0960067e-48
   3.1591497e+02   6.0946869e-48
   3.1664347e+02   6.0933899e-48
   3.1737365e+02   6.0921157e-48
   3.1810552e+02   6.0908645e-48
   3.1883907e+02   6.0896362e-48
   3.1957432e+02   6.0884309e-48
   3.2031126e+02   6.0872486e-48
   3.2104990e+02   6.0860894e-48
   3.2179024e+02   6.0849532e-48
   3.2253229e+02   6.0838401e-48
   3.2327606e+02   6.0827501e-48
   3.2402153e+02   6.0816833e-48
   3.2476873e+02   6.0806398e-48
   3.2551765e+02   6.0796195e-48
   3.2626829e+02   6.0786224e-48
   3.2702067e+02   6.0776487e-48
   3.2777478e+02   6.0766984e-48
   3.2853063e+02   6.0757714e-48
   3.2928823e+02   6.0748679e-48
   3.3004757e+02   6.0739878e-48
   3.3080866e+02   6.0731313e-48
   3.3157151e+02   6.0722983e-48
   3.3233612e+02   6.0714889e-48
   3.3310249e+02   6.0707031e-48
   3.3387062e+02   6.0699411e-48
   3.3464053e+02   6.0692027e-48
   3.3541221e+02   6.0684881e-48
   3.3618568e+02   6.0677973e-48
   3.3696092e+02   6.0671304e-48
   3.3773796e+02   6.0664874e-48
   3.3851679e+02   6.0658683e-48
   3.3929741e+02   6.0652731e-48
   3.4007983e+02   6.0647020e-48
   3.4086406e+02   6.0641550e-48
   3.4165009e+02   6.0636322e-48
   3.4243794e+02   6.0631334e-48
   3.4322760e+02   6.0626590e-48
   3.4401909e+02   6.0622087e-48
   3.4481240e+02   6.0617828e-48
   3.4560754e+02   6.0613813e-48
   3.4640451e+02   6.0610042e-48
   3.4720333e+02   6.0606515e-48
   3.4800398e+02   6.0603234e-48
   3.4880648e+02   6.0600199e-48
   3.4961083e+02   6.0597409e-48
   3.5041703e+02   6.0594867e-48
   3.5122510e+02   6.0592572e-48
   3.5203503e+02   6.0590524e-48
   3.5284682e+02   6.0588725e-48
   3.5366049e+02   6.0587175e-48
   3.5447603e+02   6.0585875e-48
   3.5529346e+02   6.0584824e-48
   3.5611277e+02   6.0584025e-48
   3.5693397e+02   6.0583476e-48
   3.5775706e+02   6.0583179e-48
   3.5858205e+02   6.0583135e-48
   3.5940894e+02   6.0583344e-48
   3.6023774e+02   6.0583806e-48
   3.6106845e+02   6.0584522e-48
   3.6190108e+02   6.0585494e-48
   3.6273563e+02   6.0586720e-48
   3.6357210e+02   6.0588203e-48
   3.6441050e+02   6.0589942e-48
   3.6525083e+02   6.0591939e-48
   3.6609310e+02   6.0594193e-48
   3.6693731e+02   6.0596706e-48
   3.6778347e+02   6.0599478e-48
   3.6863159e+02   6.0602511e-48
   3.6948165e+02   6.0605803e-48
   3.7033368e+02   6.0609357e-48
   3.7118767e+02   6.0613173e-48
   3.7204364e+02   6.0617252e-48
   3.7290157e+02   6.0621593e-48
   3.7376148e+02   6.0626199e-48
   3.7462338e+02   6.0631070e-48
   3.7548727e+02   6.0636206e-48
   3.7635314e+02   6.0641608e-48
   3.7722102e+02   6.0647277e-48
   3.7809089e+02   6.0653213e-48
   3.7896277e+02   6.0659418e-48
   3.7983666e+02   6.0665892e-48
   3.8071257e+02   6.0672636e-48
   3.8159049e+02   6.0679650e-48
   3.8247044e+02   6.0686936e-48
   3.8335242e+02   6.0694494e-48
   3.8423644e+02   6.0702325e-48
   3.8512249e+02   6.0710430e-48
   3.8601059e+02   6.0718809e-48
   3.8690073e+02   6.0727464e-48
   3.8779292e+02   6.0736396e-48
   3.8868718e+02   6.0745604e-48
   3.8958349e+02   6.0755090e-48
   3.9048188e+02   6.0764855e-48
   3.9138233e+02   6.0774900e-48
   3.9228486e+02   6.0785226e-48
   3.9318947e+02   6.0795833e-48
   3.9409617e+02   6.0806722e-48
   3.9500496e+02   6.0817895e-48
   3.9591584e+02   6.0829352e-48
   3.9682883e+02   6.0841094e-48
   3.9774392e+02   6.0853123e-48
   3.9866112e+02   6.0865439e-48
   3.9958044e+02   6.0878043e-48
   4.0050187e+02   6.0890936e-48
   4.0142543e+02   6.0904119e-48
   4.0235112e+02   6.0917594e-48
   4.0327895e+02   6.0931361e-48
   4.0420891e+02   6.0945422e-48
   4.0514102e+02   6.0959778e-48
   4.0607528e+02   6.0974429e-48
   4.0701169e+02   6.0989377e-48
   4.0795026e+02   6.1004623e-48
   4.0889100e+02   6.1020169e-48
   4.0983390e+02   6.1036016e-48
   4.1077898e+02   6.1052164e-48
   4.1172624e+02   6.1068616e-48
   4.1267569e+02   6.1085372e-48
   4.1362732e+02   6.1102435e-48
   4.1458115e+02   6.1119805e-48
   4.1553718e+02   6.1137484e-48
   4.1649541e+02   6.1155474e-48
   4.1745585e+02   6.1173776e-48
   4.1841851e+02   6.1192392e-48
   4.1938338e+02   6.1211324e-48
   4.2035048e+02   6.1230574e-48
   4.2131982e+02   6.1250143e-48
   4.2229138e+02   6.1270033e-48
   4.2326519e+02   6.1290247e-48
   4.2424124e+02   6.1310787e-48
   4.2521955e+02   6.1331655e-48
   4.2620010e+02   6.1352853e-48
   4.2718293e+02   6.1374385e-48
   4.2816801e+02   6.1396254e-48
   4.2915537e+02   6.1418461e-48
   4.3014501e+02   6.1441010e-48
   4.3113692e+02   6.1463906e-48
   4.3213113e+02   6.1487151e-48
   4.3312763e+02   6.1510749e-48
   4.3412642e+02   6.1534705e-48
   4.3512752e+02   6.1559024e-48
   4.3613093e+02   6.1583711e-48
   4.3713665e+02   6.1608772e-48
   4.3814469e+02   6.1634212e-48
   4.3915506e+02   6.1660040e-48
   4.4016775e+02   6.1686262e-48
   4.4118278e+02   6.1712887e-48
   4.4220015e+02   6.1739925e-48
   4.4321987e+02   6.1767388e-48
   4.4424194e+02   6.1795287e-48
   4.4526636e+02   6.1823637e-48
   4.4629315e+02   6.1852453e-48
   4.4732231e+02   6.1881755e-48
   4.4835383e+02   6.1911564e-48
   4.4938774e+02   6.1941906e-48
   4.5042403e+02   6.1972809e-48
   4.5146271e+02   6.2004308e-48
   4.5250379e+02   6.2036445e-48
   4.5354727e+02   6.2069268e-48
   4.5459315e+02   6.2102838e-48
   4.5564145e+02   6.2137226e-48
   4.5669216e+02   6.2172520e-48
   4.5774529e+02   6.2208830e-48
   4.5880086e+02   6.2246294e-48
   4.5985886e+02   6.2285083e-48
   4.6091930e+02   6.2325420e-48
   4.6198218e+02   6.2367592e-48
   4.6304751e+02   6.2411979e-48
   4.6411530e+02   6.2459090e-48
   4.6518556e+02   6.2509618e-48
   4.6625828e+02   6.2564534e-48
   4.6733347e+02   6.2625224e-48
   4.6841115e+02   6.2693729e-48
   4.6949131e+02   6.2773154e-48
   4.7057396e+02   6.2868418e-48
   4.7165911e+02   6.2987684e-48
   4.7274676e+02   6.3145344e-48
   4.7383691e+02   6.3368726e-48
   4.7492958e+02   6.3715130e-48
   4.7602478e+02   6.4322183e-48
   4.7712249e+02   6.5594216e-48
   4.7822274e+02   6.9193109e-48
   4.7932553e+02   8.9170036e-48
   4.8043085e+02   1.6442791e-45
   4.8153873e+02   8.5002200e-48
   4.8264916e+02   6.8616297e-48
   4.8376216e+02   6.5509316e-48
   4.8487772e+02   6.4438168e-48
   4.8599585e+02   6.3963126e-48
   4.8711656e+02   6.3724069e-48
   4.8823985e+02   6.3596815e-48
   4.8936574e+02   6.3529329e-48
   4.9049422e+02   6.3496720e-48
   4.9162530e+02   6.3485871e-48
   4.9275899e+02   6.3489348e-48
   4.9389530e+02   6.3502680e-48
   4.9503423e+02   6.3523052e-48
   4.9617578e+02   6.3548620e-48
   4.9731996e+02   6.3578135e-48
   4.9846679e+02   6.3610729e-48
   4.9961626e+02   6.3645782e-48
   5.0076837e+02   6.3682843e-48
   5.0192315e+02   6.3721579e-48
   5.0308059e+02   6.3761737e-48
   5.0424070e+02   6.3803126e-48
   5.0540348e+02   6.3845595e-48
   5.0656894e+02   6.3889027e-48
   5.0773710e+02   6.3933332e-48
   5.0890794e+02   6.3978434e-48
   5.1008149e+02   6.4024274e-48
   5.1125774e+02   6.4070804e-48
   5.1243670e+02   6.4117984e-48
   5.1361839e+02   6.4165783e-48
   5.1480279e+02   6.4214173e-48
   5.1598993e+02   6.4263132e-48
   5.1717981e+02   6.4312641e-48
   5.1837243e+02   6.4362686e-48
   5.1956780e+02   6.4413254e-48
   5.2076593e+02   6.4464332e-48
   5.2196682e+02   6.4515914e-48
   5.2317048e+02   6.4567989e-48
   5.2437691e+02   6.4620554e-48
   5.2558613e+02   6.4673601e-48
   5.2679814e+02   6.4727126e-48
   5.2801294e+02   6.4781126e-48
   5.2923054e+02   6.4835598e-48
   5.3045095e+02   6.4890539e-48
   5.3167417e+02   6.4945947e-48
   5.3290022e+02   6.5001820e-48
   5.3412909e+02   6.5058158e-48
   5.3536079e+02   6.5114959e-48
   5.3659534e+02   6.5172222e-48
   5.3783273e+02   6.5229948e-48
   5.3907298e+02   6.5288135e-48
   5.4031609e+02   6.5346785e-48
   5.4156206e+02   6.5405897e-48
   5.4281090e+02   6.5465472e-48
   5.4406263e+02   6.5525509e-48
   5.4531724e+02   6.5586010e-48
   5.4657475e+02   6.5646976e-48
   5.4783515e+02   6.5708407e-48
   5.4909847e+02   6.5770304e-48
   5.5036469e+02   6.5832668e-48
   5.5163384e+02   6.5895500e-48
   5.5290591e+02   6.5958801e-48
   5.5418091e+02   6.6022573e-48
   5.5545886e+02   6.6086817e-48
   5.5673975e+02   6.6151533e-48
   5.5802360e+02   6.6216724e-48
   5.5931040e+02   6.6282391e-48
   5.6060018e+02   6.6348535e-48
   5.6189293e+02   6.6415158e-48
   5.6318866e+02   6.6482260e-48
   5.6448737e+02   6.6549845e-48
   5.6578909e+02   6.6617913e-48
   5.6709380e+02   6.6686466e-48
   5.6840152e+02   6.6755506e-48
   5.6971226e+02   6.6825034e-48
   5.7102602e+02   6.6895051e-48
   5.7234281e+02   6.6965561e-48
   5.7366264e+02   6.7036564e-48
   5.7498551e+02   6.7108062e-48
   5.7631143e+02   6.7180057e-48
   5.7764041e+02   6.7252551e-48
   5.7897245e+02   6.7325545e-48
   5.8030757e+02   6.7399042e-48
   5.8164576e+02   6.7473043e-48
   5.8298704e+02   6.7547550e-48
   5.8433141e+02   6.7622565e-48
   5.8567889e+02   6.7698091e-48
   5.8702947e+02   6.7774128e-48
   5.8838316e+02   6.7850679e-48
   5.8973998e+02   6.7927746e-48
   5.9109992e+02   6.8005330e-48
   5.9246300e+02   6.8083435e-48
   5.9382923e+02   6.8162061e-48
   5.9519860e+02   6.8241211e-48
   5.9657113e+02   6.8320886e-48
   5.9794683e+02   6.8401090e-48
   5.9932570e+02   6.8481824e-48
   6.0070775e+02   6.8563089e-48
   6.0209299e+02   6.8644889e-48
   6.0348142e+02   6.8727224e-48
   6.0487305e+02   6.8810098e-48
   6.0626789e+02   6.8893513e-48
   6.0766595e+02   6.8977470e-48
   6.0906723e+02   6.9061971e-48
   6.1047175e+02   6.9147020e-48
   6.1187950e+02   6.9232617e-48
   6.1329050e+02   6.9318766e-48
   6.1470475e+02   6.9405469e-48
   6.1612226e+02   6.9492726e-48
   6.1754305e+02   6.9580542e-48
   6.1896711e+02   6.9668918e-48
   6.2039445e+02   6.9757856e-48
   6.2182508e+02   6.9847359e-48
   6.2325902e+02   6.9937429e-48
   6.2469626e+02   7.0028068e-48
   6.2613681e+02   7.0119278e-48
   6.2758069e+02   7.0211063e-48
   6.2902789e+02   7.0303423e-48
   6.3047844e+02   7.0396362e-48
   6.3193232e+02   7.0489882e-48
   6.3338957e+02   7.0583984e-48
   6.3485017e+02   7.0678673e-48
   6.3631414e+02   7.0773949e-48
   6.3778148e+02   7.0869816e-48
   6.3925221e+02   7.0966275e-48
   6.4072633e+02   7.1063330e-48
   6.4220385e+02   7.1160982e-48
   6.4368478e+02   7.1259235e-48
   6.4516912e+02   7.1358090e-48
   6.4665688e+02   7.1457549e-48
   6.4814808e+02   7.1557617e-48
   6.4964271e+02   7.1658294e-48
   6.5114080e+02   7.1759584e-48
   6.5264233e+02   7.1861489e-48
   6.5414733e+02   7.1964011e-48
   6.5565580e+02   7.2067154e-48
   6.5716775e+02   7.2170919e-48
   6.5868318e+02   7.2275310e-48
   6.6020211e+02   7.2380328e-48
   6.6172454e+02   7.2485977e-48
   6.6325048e+02   7.2592259e-48
   6.6477994e+02   7.2699176e-48
   6.6631293e+02   7.2806732e-48
   6.6784945e+02   7.2914929e-48
   6.6938952e+02   7.3023769e-48
   6.7093314e+02   7.3133256e-48
   6.7248031e+02   7.3243392e-48
   6.7403106e+02   7.3354179e-48
   6.7558538e+02   7.3465621e-48
   6.7714328e+02   7.3577721e-48
   6.7870478e+02   7.3690480e-48
   6.8026988e+02   7.3803901e-48
   6.8183859e+02   7.3917989e-48
   6.8341091e+02   7.4032744e-48
   6.8498686e+02   7.4148171e-48
   6.8656645e+02   7.4264271e-48
   6.8814967e+02   7.4381048e-48
   6.8973655e+02   7.4498504e-48
   6.9132709e+02   7.4616643e-48
   6.9292130e+02   7.4735468e-48
   6.9451918e+02   7.4854980e-48
   6.9612074e+02   7.4975183e-48
   6.9772600e+02   7.5096081e-48
   6.9933497e+02   7.5217675e-48
   7.0094764e+02   7.5339969e-48
   7.0256403e+02   7.5462965e-48
   7.0418415e+02   7.5586668e-48
   7.0580800e+02   7.5711079e-48
   7.0743560e+02   7.5836202e-48
   7.0906695e+02   7.5962039e-48
   7.1070206e+02   7.6088595e-48
   7.1234095e+02   7.6215871e-48
   7.1398361e+02   7.6343871e-48
   7.1563006e+02   7.6472597e-48
   7.1728031e+02   7.6602054e-48
   7.1893437e+02   7.6732244e-48
   7.2059223e+02   7.6863170e-48
   7.2225393e+02   7.6994836e-48
   7.2391945e+02   7.7127244e-48
   7.2558881e+02   7.7260397e-48
   7.2726203e+02   7.7394300e-48
   7.2893910e+02   7.7528954e-48
   7.3062004e+02   7.7664364e-48
   7.3230485e+02   7.7800532e-48
   7.3399355e+02   7.7937461e-48
   7.3568615e+02   7.8075156e-48
   7.3738265e+02   7.8213619e-48
   7.3908306e+02   7.8352853e-48
   7.4078739e+02   7.8492862e-48
   7.4249565e+02   7.8633649e-48
   7.4420785e+02   7.8775217e-48
   7.4592400e+02   7.8917571e-48
   7.4764410e+02   7.9060712e-48
   7.4936818e+02   7.9204645e-48
   7.5109623e+02   7.9349373e-48
   7.5282826e+02   7.9494899e-48
   7.5456429e+02   7.9641226e-48
   7.5630432e+02   7.9788359e-48
   7.5804836e+02   7.9936301e-48
   7.5979643e+02   8.0085055e-48
   7.6154852e+02   8.0234624e-48
   7.6330466e+02   8.0385012e-48
   7.6506485e+02   8.0536223e-48
   7.6682909e+02   8.0688261e-48
   7.6859741e+02   8.0841128e-48
   7.7036980e+02   8.0994828e-48
   7.7214628e+02   8.1149365e-48
   7.7392685e+02   8.1304743e-48
   7.7571153e+02   8.1460965e-48
   7.7750033e+02   8.1618035e-48
   7.7929325e+02   8.1775956e-48
   7.8109031e+02   8.1934732e-48
   7.8289151e+02   8.2094367e-48
   7.8469686e+02   8.2254865e-48
   7.8650638e+02   8.2416229e-48
   7.8832007e+02   8.2578463e-48
   7.9013794e+02   8.2741571e-48
   7.9196000e+02   8.2905556e-48
   7.9378627e+02   8.3070423e-48
   7.9561675e+02   8.3236176e-48
   7.9745144e+02   8.3402817e-48
   7.9929037e+02   8.3570351e-48
   8.0113354e+02   8.3738782e-48
   8.0298096e+02   8.3908114e-48
   8.0483264e+02   8.4078350e-48
   8.0668859e+02   8.4249495e-48
   8.0854882e+02   8.4421553e-48
   8.1041334e+02   8.4594527e-48
   8.1228216e+02   8.4768421e-48
   8.1415529e+02   8.4943240e-48
   8.1603274e+02   8.5118988e-48
   8.1791452e+02   8.5295668e-48
   8.1980064e+02   8.5473285e-48
   8.2169110e+02   8.5651842e-48
   8.2358593e+02   8.5831345e-48
   8.2548512e+02   8.6011796e-48
   8.2738870e+02   8.6193201e-48
   8.2929666e+02   8.6375563e-48
   8.3120903e+02   8.6558886e-48
   8.3312580e+02   8.6743175e-48
   8.3504700e+02   8.6928435e-48
   8.3697262e+02   8.7114668e-48
   8.3890269e+02   8.7301880e-48
   8.4083720e+02   8.7490074e-48
   8.4277618e+02   8.7679256e-48
   8.4471963e+02   8.7869429e-48
   8.4666756e+02   8.8060598e-48
   8.4861998e+02   8.8252767e-48
   8.5057690e+02   8.8445941e-48
   8.5253834e+02   8.8640124e-48
   8.5450430e+02   8.8835320e-48
   8.5647479e+02   8.9031535e-48
   8.5844983e+02   8.9228771e-48
   8.6042942e+02   8.9427035e-48
   8.6241358e+02   8.9626330e-48
   8.6440231e+02   8.9826661e-48
   8.6639563e+02   9.0028034e-48
   8.6839354e+02   9.0230451e-48
   8.7039607e+02   9.0433918e-48
   8.7240321e+02   9.0638441e-48
   8.7441498e+02   9.0844022e-48
   8.7643138e+02   9.1050668e-48
   8.7845244e+02   9.1258382e-48
   8.8047816e+02   9.1467171e-48
   8.8250855e+02   9.1677038e-48
   8.8454362e+02   9.1887989e-48
   8.8658338e+02   9.2100028e-48
   8.8862785e+02   9.2313161e-48
   8.9067703e+02   9.2527392e-48
   8.9273094e+02   9.2742727e-48
   8.9478959e+02   9.2959170e-48
   8.9685298e+02   9.3176728e-48
   8.9892113e+02   9.3395405e-48
   9.0099405e+02   9.3615207e-48
   9.0307175e+02   9.3836139e-48
   9.0515424e+02   9.4058207e-48
   9.0724153e+02   9.4281418e-48
   9.0933364e+02   9.4505776e-48
   9.1143057e+02   9.4731289e-48
   9.1353233e+02   9.4957962e-48
   9.1563894e+02   9.5185803e-48
   9.1775041e+02   9.5414820e-48
   9.1986675e+02   9.5645021e-48
   9.2198797e+02   9.5876414e-48
   9.2411408e+02   9.6109011e-48
   9.2624510e+02   9.6342823e-48
   9.2838103e+02   9.6577864e-48
   9.3052188e+02   9.6814152e-48
   9.3266767e+02   9.7051711e-48
   9.3481841e+02   9.7290569e-48
   9.3697411e+02   9.7530771e-48
   9.3913478e+02   9.7772376e-48
   9.4130043e+02   9.8015481e-48
   9.4347108e+02   9.8260239e-48
   9.4564673e+02   9.8506920e-48
   9.4782740e+02   9.8756034e-48
   9.5001309e+02   9.9008655e-48
   9.5220383e+02   9.9267379e-48
   9.5439962e+02   9.9539972e-48
   9.5660047e+02   9.9859405e-48
   9.5880640e+02   1.0053028e-47
   9.6101742e+02   1.3530146e-47
   9.6323353e+02   1.0083777e-47
   9.6545475e+02   1.0084680e-47
   9.6768110e+02   1.0105323e-47
   9.6991258e+02   1.0129324e-47
   9.7214920e+02   1.0154428e-47
   9.7439099e+02   1.0180052e-47
   9.7663794e+02   1.0205994e-47
   9.7889008e+02   1.0232168e-47
   9.8114740e+02   1.0258532e-47
   9.8340994e+02   1.0285065e-47
   9.8567769e+02   1.0311755e-47
   9.8795067e+02   1.0338595e-47
   9.9022889e+02   1.0365581e-47
   9.9251237e+02   1.0392711e-47
   9.9480111e+02   1.0419982e-47
   9.9709513e+02   1.0447394e-47
   9.9939443e+02   1.0474946e-47
   1.0016990e+03   1.0502639e-47
   1.0040090e+03   1.0530472e-47
   1.0063242e+03   1.0558445e-47
   1.0086448e+03   1.0586559e-47
   1.0109708e+03   1.0614814e-47
   1.0133021e+03   1.0643211e-47
   1.0156387e+03   1.0671750e-47
   1.0179808e+03   1.0700431e-47
   1.0203283e+03   1.0729255e-47
   1.0226812e+03   1.0758223e-47
   1.0250395e+03   1.0787335e-47
   1.0274032e+03   1.0816591e-47
   1.0297724e+03   1.0845993e-47
   1.0321471e+03   1.0875541e-47
   1.0345272e+03   1.0905235e-47
   1.0369129e+03   1.0935077e-47
   1.0393040e+03   1.0965066e-47
   1.0417006e+03   1.0995204e-47
   1.0441028e+03   1.1025491e-47
   1.0465105e+03   1.1055928e-47
   1.0489238e+03   1.1086515e-47
   1.0513426e+03   1.1117253e-47
   1.0537670e+03   1.1148143e-47
   1.0561970e+03   1.1179185e-47
   1.0586326e+03   1.1210381e-47
   1.0610738e+03   1.1241730e-47
   1.0635207e+03   1.1273234e-47
   1.0659731e+03   1.1304892e-47
   1.0684313e+03   1.1336707e-47
   1.0708951e+03   1.1368678e-47
   1.0733646e+03   1.1400806e-47
   1.0758398e+03   1.1433092e-47
   1.0783207e+03   1.1465537e-47
   1.0808073e+03   1.1498141e-47
   1.0832996e+03   1.1530906e-47
   1.0857977e+03   1.1563831e-47
   1.0883016e+03   1.1596917e-47
   1.0908112e+03   1.1630166e-47
   1.0933266e+03   1.1663578e-47
   1.0958479e+03   1.1697153e-47
   1.0983749e+03   1.1730893e-47
   1.1009078e+03   1.1764797e-47
   1.1034465e+03   1.1798868e-47
   1.1059910e+03   1.1833106e-47
   1.1085414e+03   1.1867511e-47
   1.1110977e+03   1.1902083e-47
   1.1136599e+03   1.1936825e-47
   1.1162281e+03   1.1971737e-47
   1.1188021e+03   1.2006819e-47
   1.1213820e+03   1.2042072e-47
   1.1239680e+03   1.2077497e-47
   1.1265598e+03   1.2113095e-47
   1.1291577e+03   1.2148866e-47
   1.1317615e+03   1.2184812e-47
   1.1343714e+03   1.2220933e-47
   1.1369873e+03   1.2257229e-47
   1.1396092e+03   1.2293702e-47
   1.1422371e+03   1.2330353e-47
   1.1448711e+03   1.2367182e-47
   1.1475112e+03   1.2404190e-47
   1.1501574e+03   1.2441378e-47
   1.1528096e+03   1.2478747e-47
   1.1554680e+03   1.2516297e-47
   1.1581325e+03   1.2554029e-47
   1.1608032e+03   1.2591945e-47
   1.1634800e+03   1.2630044e-47
   1.1661630e+03   1.2668329e-47
   1.1688522e+03   1.2706799e-47
   1.1715476e+03   1.2745455e-47
   1.1742492e+03   1.2784299e-47
   1.1769570e+03   1.2823331e-47
   1.1796711e+03   1.2862552e-47
   1.1823914e+03   1.2901963e-47
   1.1851180e+03   1.2941565e-47
   1.1878509e+03   1.2981358e-47
   1.1905901e+03   1.3021344e-47
   1.1933356e+03   1.3061523e-47
   1.1960875e+03   1.3101896e-47
   1.1988456e+03   1.3142464e-47
   1.2016102e+03   1.3183229e-47
   1.2043811e+03   1.3224190e-47
   1.2071584e+03   1.3265349e-47
   1.2099421e+03   1.3306707e-47
   1.2127323e+03   1.3348264e-47
   1.2155288e+03   1.3390021e-47
   1.2183319e+03   1.3431980e-47
   1.2211413e+03   1.3474142e-47
   1.2239573e+03   1.3516506e-47
   1.2267798e+03   1.3559075e-47
   1.2296087e+03   1.3601848e-47
   1.2324442e+03   1.3644828e-47
   1.2352862e+03   1.3688014e-47
   1.2381348e+03   1.3731409e-47
   1.2409900e+03   1.3775012e-47
   1.2438517e+03   1.3818824e-47
   1.2467200e+03   1.3862848e-47
   1.2495950e+03   1.3907083e-47
   1.2524766e+03   1.3951531e-47
   1.2553648e+03   1.3996192e-47
   1.2582597e+03   1.4041068e-47
   1.2611612e+03   1.4086159e-47
   1.2640695e+03   1.4131467e-47
   1.2669844e+03   1.4176992e-47
   1.2699061e+03   1.4222736e-47
   1.2728345e+03   1.4268699e-47
   1.2757697e+03   1.4314883e-47
   1.2787116e+03   1.4361288e-47
   1.2816603e+03   1.4407916e-47
   1.2846158e+03   1.4454767e-47
   1.2875782e+03   1.4501842e-47
   1.2905473e+03   1.4549143e-47
   1.2935233e+03   1.4596671e-47
   1.2965062e+03   1.4644426e-47
   1.2994960e+03   1.4692409e-47
   1.3024926e+03   1.4740623e-47
   1.3054962e+03   1.4789067e-47
   1.3085067e+03   1.4837742e-47
   1.3115241e+03   1.4886651e-47
   1.3145485e+03   1.4935793e-47
   1.3175798e+03   1.4985170e-47
   1.3206182e+03   1.5034783e-47
   1.3236635e+03   1.5084634e-47
   1.3267159e+03   1.5134722e-47
   1.3297753e+03   1.5185050e-47
   1.3328418e+03   1.5235617e-47
   1.3359154e+03   1.5286427e-47
   1.3389960e+03   1.5337478e-47
   1.3420837e+03   1.5388774e-47
   1.3451786e+03   1.5440314e-47
   1.3482806e+03   1.5492100e-47
   1.3513897e+03   1.5544133e-47
   1.3545060e+03   1.5596414e-47
   1.3576295e+03   1.5648944e-47
   1.3607602e+03   1.5701724e-47
   1.3638982e+03   1.5754756e-47
   1.3670433e+03   1.5808041e-47
   1.3701957e+03   1.5861580e-47
   1.3733554e+03   1.5915373e-47
   1.3765224e+03   1.5969423e-47
   1.3796966e+03   1.6023730e-47
   1.3828782e+03   1.6078296e-47
   1.3860672e+03   1.6133122e-47
   1.3892634e+03   1.6188209e-47
   1.3924671e+03   1.6243558e-47
   1.3956781e+03   1.6299171e-47
   1.3988966e+03   1.6355048e-47
   1.4021224e+03   1.6411193e-47
   1.4053558e+03   1.6467605e-47
   1.4085965e+03   1.6524287e-47
   1.4118448e+03   1.6581241e-47
   1.4151005e+03   1.6638469e-47
   1.4183637e+03   1.6695976e-47
   1.4216345e+03   1.6753767e-47
   1.4249128e+03   1.6811853e-47
   1.4281986e+03   1.6870260e-47
   1.4314921e+03   1.6929060e-47
   1.4347931e+03   1.6988554e-47
   1.4381017e+03   1.7051394e-47
   1.4414180e+03   1.7781168e-47
   1.4447419e+03   1.7169157e-47
   1.4480735e+03   1.7226608e-47
   1.4514128e+03   1.7286374e-47
   1.4547598e+03   1.7346750e-47
   1.4581144e+03   1.7407510e-47
   1.4614769e+03   1.7468596e-47
   1.4648470e+03   1.7529990e-47
   1.4682250e+03   1.7591684e-47
   1.4716107e+03   1.7653677e-47
   1.4750043e+03   1.7715967e-47
   1.4784056e+03   1.7778553e-47
   1.4818149e+03   1.7841438e-47
   1.4852319e+03   1.7904621e-47
   1.4886569e+03   1.7968104e-47
   1.4920897e+03   1.8031888e-47
   1.4955305e+03   1.8095974e-47
   1.4989792e+03   1.8160364e-47
   1.5024359e+03   1.8225058e-47
   1.5059005e+03   1.8290058e-47
   1.5093731e+03   1.8355366e-47
   1.5128538e+03   1.8420982e-47
   1.5163424e+03   1.8486908e-47
   1.5198391e+03   1.8553146e-47
   1.5233439e+03   1.8619697e-47
   1.5268567e+03   1.8686563e-47
   1.5303776e+03   1.8753744e-47
   1.5339067e+03   1.8821242e-47
   1.5374439e+03   1.8889060e-47
   1.5409893e+03   1.8957197e-47
   1.5445428e+03   1.9025656e-47
   1.5481045e+03   1.9094437e-47
   1.5516745e+03   1.9163544e-47
   1.5552526e+03   1.9232976e-47
   1.5588391e+03   1.9302736e-47
   1.5624338e+03   1.9372825e-47
   1.5660367e+03   1.9443245e-47
   1.5696480e+03   1.9513996e-47
   1.5732677e+03   1.9585081e-47
   1.5768956e+03   1.9656501e-47
   1.5805320e+03   1.9728258e-47
   1.5841767e+03   1.9800353e-47
   1.5878298e+03   1.9872787e-47
   1.5914913e+03   1.9945563e-47
   1.5951613e+03   2.0018681e-47
   1.5988398e+03   2.0092144e-47
   1.6025267e+03   2.0165953e-47
   1.6062222e+03   2.0240109e-47
   1.6099261e+03   2.0314614e-47
   1.6136386e+03   2.0389471e-47
   1.6173597e+03   2.0464679e-47
   1.6210893e+03   2.0540241e-47
   1.6248276e+03   2.0616159e-47
   1.6285744e+03   2.0692434e-47
   1.6323300e+03   2.0769068e-47
   1.6360941e+03   2.0846062e-47
   1.6398670e+03   2.0923419e-47
   1.6436485e+03   2.1001139e-47
   1.6474388e+03   2.1079225e-47
   1.6512378e+03   2.1157677e-47
   1.6550456e+03   2.1236499e-47
   1.6588621e+03   2.1315691e-47
   1.6626874e+03   2.1395255e-47
   1.6665216e+03   2.1475193e-47
   1.6703646e+03   2.1555507e-47
   1.6742165e+03   2.1636198e-47
   1.6780773e+03   2.1717268e-47
   1.6819469e+03   2.1798719e-47
   1.6858255e+03   2.1880552e-47
   1.6897130e+03   2.1962770e-47
   1.6936095e+03   2.2045373e-47
   1.6975150e+03   2.2128365e-47
   1.7014295e+03   2.2211746e-47
   1.7053530e+03   2.2295518e-47
   1.7092855e+03   2.2379684e-47
   1.7132272e+03   2.2464244e-47
   1.7171779e+03   2.2549201e-47
   1.7211377e+03   2.2634557e-47
   1.7251067e+03   2.2720314e-47
   1.7290848e+03   2.2806472e-47
   1.7330721e+03   2.2893035e-47
   1.7370685e+03   2.2980004e-47
   1.7410742e+03   2.3067380e-47
   1.7450892e+03   2.3155166e-47
   1.7491133e+03   2.3243364e-47
   1.7531468e+03   2.3331975e-47
   1.7571896e+03   2.3421002e-47
   1.7612417e+03   2.3510446e-47
   1.7653031e+03   2.3600309e-47
   1.7693739e+03   2.3690593e-47
   1.7734541e+03   2.3781300e-47
   1.7775437e+03   2.3872432e-47
   1.7816427e+03   2.3963991e-47
   1.7857512e+03   2.4055979e-47
   1.7898692e+03   2.4148398e-47
   1.7939966e+03   2.4241250e-47
   1.7981336e+03   2.4334536e-47
   1.8022801e+03   2.4428260e-47
   1.8064362e+03   2.4522422e-47
   1.8106018e+03   2.4617025e-47
   1.8147771e+03   2.4712070e-47
   1.8189620e+03   2.4807561e-47
   1.8231565e+03   2.4903499e-47
   1.8273607e+03   2.4999885e-47
   1.8315746e+03   2.5096723e-47
   1.8357983e+03   2.5194014e-47
   1.8400316e+03   2.5291760e-47
   1.8442748e+03   2.5389963e-47
   1.8485277e+03   2.5488626e-47
   1.8527904e+03   2.5587751e-47
   1.8570629e+03   2.5687339e-47
   1.8613453e+03   2.5787393e-47
   1.8656376e+03   2.5887914e-47
   1.8699398e+03   2.5988907e-47
   1.8742519e+03   2.6090371e-47
   1.8785739e+03   2.6192310e-47
   1.8829059e+03   2.6294727e-47
   1.8872479e+03   2.6397622e-47
   1.8915999e+03   2.6501001e-47
   1.8959620e+03   2.6604864e-47
   1.9003341e+03   2.6709217e-47
   1.9047163e+03   2.6814068e-47
   1.9091086e+03   2.6919433e-47
   1.9135110e+03   2.7025384e-47
   1.9179235e+03   2.7132624e-47
   1.9223463e+03   2.7262190e-47
   1.9267792e+03   2.7346107e-47
   1.9312224e+03   2.7453517e-47
   1.9356758e+03   2.7561737e-47
   1.9401395e+03   2.7670518e-47
   1.9446135e+03   2.7779823e-47
   1.9490978e+03   2.7889645e-47
   1.9535924e+03   2.7999983e-47
   1.9580974e+03   2.8110838e-47
   1.9626128e+03   2.8222212e-47
   1.9671386e+03   2.8334106e-47
   1.9716748e+03   2.8446523e-47
   1.9762215e+03   2.8559465e-47
   1.9807787e+03   2.8672934e-47
   1.9853464e+03   2.8786933e-47
   1.9899246e+03   2.8901464e-47
   1.9945134e+03   2.9016530e-47
   1.9991128e+03   2.9132132e-47
   2.0037227e+03   2.9248274e-47
   2.0083433e+03   2.9364957e-47
   2.0129746e+03   2.9482185e-47
   2.0176165e+03   2.9599960e-47
   2.0222692e+03   2.9718284e-47
   2.0269325e+03   2.9837160e-47
   2.0316067e+03   2.9956590e-47
   2.0362916e+03   3.0076577e-47
   2.0409873e+03   3.0197124e-47
   2.0456938e+03   3.0318233e-47
   2.0504112e+03   3.0439906e-47
   2.0551394e+03   3.0562147e-47
   2.0598786e+03   3.0684957e-47
   2.0646287e+03   3.0808340e-47
   2.0693898e+03   3.0932298e-47
   2.0741618e+03   3.1056834e-47
   2.0789448e+03   3.1181950e-47
   2.0837389e+03   3.1307649e-47
   2.0885440e+03   3.1433934e-47
   2.0933602e+03   3.1560807e-47
   2.0981875e+03   3.1688272e-47
   2.1030259e+03   3.1816330e-47
   2.1078755e+03   3.1944985e-47
   2.1127363e+03   3.2074239e-47
   2.1176083e+03   3.2204096e-47
   2.1224915e+03   3.2334557e-47
   2.1273860e+03   3.2465626e-47
   2.1322918e+03   3.2597305e-47
   2.1372088e+03   3.2729598e-47
   2.1421373e+03   3.2862507e-47
   2.1470771e+03   3.2996034e-47
   2.1520282e+03   3.3130183e-47
   2.1569908e+03   3.3264957e-47
   2.1619649e+03   3.3400359e-47
   2.1669504e+03   3.3536391e-47
   2.1719474e+03   3.3673056e-47
   2.1769559e+03   3.3810357e-47
   2.1819760e+03   3.3948297e-47
   2.1870076e+03   3.4086880e-47
   2.1920509e+03   3.4226107e-47
   2.1971058e+03   3.4365983e-47
   2.2021723e+03   3.4506509e-47
   2.2072505e+03   3.4647689e-47
   2.2123405e+03   3.4789527e-47
   2.2174421e+03   3.4932024e-47
   2.2225556e+03   3.5075184e-47
   2.2276808e+03   3.5219011e-47
   2.2328179e+03   3.5363506e-47
   2.2379668e+03   3.5508674e-47
   2.2431275e+03   3.5654517e-47
   2.2483002e+03   3.5801039e-47
   2.2534848e+03   3.5948242e-47
   2.2586814e+03   3.6096130e-47
   2.2638899e+03   3.6244705e-47
   2.2691104e+03   3.6393972e-47
   2.2743430e+03   3.6543933e-47
   2.2795877e+03   3.6694591e-47
   2.2848444e+03   3.6845949e-47
   2.2901133e+03   3.6998012e-47
   2.2953943e+03   3.7150782e-47
   2.3006875e+03   3.7304262e-47
   2.3059929e+03   3.7458455e-47
   2.3113105e+03   3.7613366e-47
   2.3166404e+03   3.7768996e-47
   2.3219826e+03   3.7925350e-47
   2.3273371e+03   3.8082431e-47
   2.3327040e+03   3.8240243e-47
   2.3380832e+03   3.8398787e-47
   2.3434749e+03   3.8558069e-47
   2.3488789e+03   3.8718091e-47
   2.3542955e+03   3.8878857e-47
   2.3597245e+03   3.9040370e-47
   2.3651660e+03   3.9202635e-47
   2.3706201e+03   3.9365654e-47
   2.3760868e+03   3.9529431e-47
   2.3815661e+03   3.9693973e-47
   2.3870580e+03   3.9859288e-47
   2.3925626e+03   4.0025402e-47
   2.3980798e+03   4.0192620e-47
   2.4036098e+03   4.0362171e-47
   2.4091526e+03   4.0528300e-47
   2.4147081e+03   4.0697388e-47
   2.4202764e+03   4.0867328e-47
   2.4258576e+03   4.1038071e-47
   2.4314516e+03   4.1209611e-47
   2.4370586e+03   4.1381950e-47
   2.4426785e+03   4.1555090e-47
   2.4483113e+03   4.1729034e-47
   2.4539571e+03   4.1903787e-47
   2.4596160e+03   4.2079351e-47
   2.4652879e+03   4.2255730e-47
   2.4709728e+03   4.2432929e-47
   2.4766709e+03   4.2610951e-47
   2.4823821e+03   4.2789799e-47
   2.4881065e+03   4.2969478e-47
   2.4938441e+03   4.3149991e-47
   2.4995949e+03   4.3331342e-47
   2.5053590e+03   4.3513535e-47
   2.5111364e+03   4.3696573e-47
   2.5169271e+03   4.3880462e-47
   2.5227312e+03   4.4065204e-47
   2.5285486e+03   4.4250804e-47
   2.5343794e+03   4.4437265e-47
   2.5402237e+03   4.4624592e-47
   2.5460815e+03   4.4812788e-47
   2.5519528e+03   4.5001858e-47
   2.5578376e+03   4.5191805e-47
   2.5637360e+03   4.5382633e-47
   2.5696480e+03   4.5574348e-47
   2.5755736e+03   4.5766952e-47
   2.5815129e+03   4.5960449e-47
   2.5874659e+03   4.6154845e-47
   2.5934326e+03   4.6350143e-47
   2.5994131e+03   4.6546347e-47
   2.6054074e+03   4.6743461e-47
   2.6114155e+03   4.6941490e-47
   2.6174374e+03   4.7140437e-47
   2.6234732e+03   4.7340308e-47
   2.6295230e+03   4.7541106e-47
   2.6355867e+03   4.7742835e-47
   2.6416644e+03   4.7945500e-47
   2.6477561e+03   4.8149106e-47
   2.6538618e+03   4.8353656e-47
   2.6599816e+03   4.8559154e-47
   2.6661156e+03   4.8765606e-47
   2.6722637e+03   4.8973016e-47
   2.6784259e+03   4.9181387e-47
   2.6846024e+03   4.9390725e-47
   2.6907931e+03   4.9601034e-47
   2.6969981e+03   4.9812318e-47
   2.7032174e+03   5.0024582e-47
   2.7094510e+03   5.0237830e-47
   2.7156991e+03   5.0452068e-47
   2.7219615e+03   5.0667299e-47
   2.7282383e+03   5.0883527e-47
   2.7345297e+03   5.1100759e-47
   2.7408355e+03   5.1318998e-47
   2.7471559e+03   5.1538248e-47
   2.7534909e+03   5.1758516e-47
   2.7598405e+03   5.1979804e-47
   2.7662047e+03   5.2202119e-47
   2.7725836e+03   5.2425464e-47
   2.7789772e+03   5.2649845e-47
   2.7853855e+03   5.2875266e-47
   2.7918086e+03   5.3101732e-47
   2.7982465e+03   5.3329248e-47
   2.8046993e+03   5.3557818e-47
   2.8111670e+03   5.3787448e-47
   2.8176496e+03   5.4018143e-47
   2.8241471e+03   5.4249907e-47
   2.8306596e+03   5.4482745e-47
   2.8371871e+03   5.4716663e-47
   2.8437297e+03   5.4951665e-47
   2.8502873e+03   5.5187756e-47
   2.8568601e+03   5.5424943e-47
   2.8634481e+03   5.5663232e-47
   2.8700512e+03   5.5902634e-47
   2.8766696e+03   5.6143217e-47
   2.8833032e+03   5.6388312e-47
   2.8899521e+03   5.6627511e-47
   2.8966164e+03   5.6871326e-47
   2.9032960e+03   5.7116304e-47
   2.9099910e+03   5.7362422e-47
   2.9167015e+03   5.7609683e-47
   2.9234274e+03   5.7858091e-47
   2.9301688e+03   5.8107649e-47
   2.9369258e+03   5.8358365e-47
   2.9436984e+03   5.8610242e-47
   2.9504866e+03   5.8863286e-47
   2.9572904e+03   5.9117502e-47
   2.9641100e+03   5.9372896e-47
   2.9709452e+03   5.9629474e-47
   2.9777963e+03   5.9887240e-47
   2.9846631e+03   6.0146200e-47
   2.9915457e+03   6.0406360e-47
   2.9984443e+03   6.0667725e-47
   3.0053587e+03   6.0930301e-47
   3.0122891e+03   6.1194093e-47
   3.0192354e+03   6.1459108e-47
   3.0261978e+03   6.1725349e-47
   3.0331763e+03   6.1992824e-47
   3.0401708e+03   6.2261538e-47
   3.0471814e+03   6.2531497e-47
   3.0542083e+03   6.2802706e-47
   3.0612513e+03   6.3075171e-47
   3.0683106e+03   6.3348898e-47
   3.0753861e+03   6.3623892e-47
   3.0824780e+03   6.3900161e-47
   3.0895862e+03   6.4177708e-47
   3.0967108e+03   6.4456542e-47
   3.1038518e+03   6.4736666e-47
   3.1110093e+03   6.5018088e-47
   3.1181833e+03   6.5300813e-47
   3.1253739e+03   6.5584847e-47
   3.1325810e+03   6.5870196e-47
   3.1398048e+03   6.6156867e-47
   3.1470452e+03   6.6444865e-47
   3.1543023e+03   6.6734197e-47
   3.1615762e+03   6.7024869e-47
   3.1688668e+03   6.7316886e-47
   3.1761742e+03   6.7610256e-47
   3.1834985e+03   6.7904984e-47
   3.1908397e+03   6.8201076e-47
   3.1981978e+03   6.8498539e-47
   3.2055728e+03   6.8797380e-47
   3.2129649e+03   6.9097604e-47
   3.2203740e+03   6.9399218e-47
   3.2278002e+03   6.9702229e-47
   3.2352436e+03   7.0006642e-47
   3.2427041e+03   7.0312465e-47
   3.2501818e+03   7.0619703e-47
   3.2576767e+03   7.0928363e-47
   3.2651889e+03   7.1238453e-47
   3.2727185e+03   7.1549978e-47
   3.2802654e+03   7.1862945e-47
   3.2878297e+03   7.2177361e-47
   3.2954115e+03   7.2493232e-47
   3.3030107e+03   7.2810566e-47
   3.3106275e+03   7.3129368e-47
   3.3182618e+03   7.3449646e-47
   3.3259138e+03   7.3771407e-47
   3.3335833e+03   7.4094657e-47
   3.3412706e+03   7.4419405e-47
   3.3489756e+03   7.4745660e-47
   3.3566984e+03   7.5073463e-47
   3.3644389e+03   7.5403348e-47
   3.3721974e+03   7.5733505e-47
   3.3799737e+03   7.6065820e-47
   3.3877679e+03   7.6399686e-47
   3.3955801e+03   7.6735098e-47
   3.4034104e+03   7.7072064e-47
   3.4112587e+03   7.7410589e-47
   3.4191251e+03   7.7750681e-47
   3.4270096e+03   7.8092347e-47
   3.4349123e+03   7.8435594e-47
   3.4428332e+03   7.8780429e-47
   3.4507724e+03   7.9126861e-47
   3.4587299e+03   7.9474895e-47
   3.4667058e+03   7.9824540e-47
   3.4747000e+03   8.0175803e-47
   3.4827127e+03   8.0528691e-47
   3.4907439e+03   8.0883212e-47
   3.4987936e+03   8.1239374e-47
   3.5068618e+03   8.1597183e-47
   3.5149487e+03   8.1956648e-47
   3.5230542e+03   8.2317777e-47
   3.5311784e+03   8.2680576e-47
   3.5393213e+03   8.3045054e-47
   3.5474830e+03   8.3411218e-47
   3.5556635e+03   8.3779076e-47
   3.5638629e+03   8.4148636e-47
   3.5720812e+03   8.4519907e-47
   3.5803184e+03   8.4892894e-47
   3.5885747e+03   8.5267608e-47
   3.5968500e+03   8.5644055e-47
   3.6051443e+03   8.6022243e-47
   3.6134578e+03   8.6402182e-47
   3.6217905e+03   8.6783877e-47
   3.6301424e+03   8.7167339e-47
   3.6385135e+03   8.7552575e-47
   3.6469039e+03   8.7939593e-47
   3.6553137e+03   8.8328401e-47
   3.6637429e+03   8.8719007e-47
   3.6721915e+03   8.9111421e-47
   3.6806596e+03   8.9505650e-47
   3.6891472e+03   8.9901702e-47
   3.6976544e+03   9.0299587e-47
   3.7061813e+03   9.0699312e-47
   3.7147277e+03   9.1100886e-47
   3.7232939e+03   9.1504318e-47
   3.7318799e+03   9.1909615e-47
   3.7404856e+03   9.2316787e-47
   3.7491112e+03   9.2725843e-47
   3.7577567e+03   9.3136791e-47
   3.7664221e+03   9.3549639e-47
   3.7751075e+03   9.3964397e-47
   3.7838129e+03   9.4381074e-47
   3.7925384e+03   9.4799678e-47
   3.8012841e+03   9.5220217e-47
   3.8100498e+03   9.5642702e-47
   3.8188359e+03   9.6067142e-47
   3.8276421e+03   9.6493547e-47
   3.8364687e+03   9.6921944e-47
   3.8453156e+03   9.7352521e-47
   3.8541829e+03   9.7784626e-47
   3.8630707e+03   9.8218963e-47
   3.8719790e+03   9.8655315e-47
   3.8809078e+03   9.9093686e-47
   3.8898572e+03   9.9534085e-47
   3.8988272e+03   9.9976520e-47
   3.9078180e+03   1.0042100e-46
   3.9168294e+03   1.0086754e-46
   3.9258617e+03   1.0131614e-46
   3.9349147e+03   1.0176682e-46
   3.9439887e+03   1.0221958e-46
   3.9530835e+03   1.0267443e-46
   3.9621994e+03   1.0313139e-46
   3.9713362e+03   1.0359046e-46
   3.9804942e+03   1.0405165e-46
   3.9896732e+03   1.0451498e-46
   3.9988734e+03   1.0498045e-46
   4.0080949e+03   1.0544807e-46
   4.0173376e+03   1.0591785e-46
   4.0266016e+03   1.0638981e-46
   4.0358870e+03   1.0686395e-46
   4.0451937e+03   1.0734028e-46
   4.0545220e+03   1.0781881e-46
   4.0638718e+03   1.0829956e-46
   4.0732431e+03   1.0878252e-46
   4.0826360e+03   1.0926772e-46
   4.0920506e+03   1.0975517e-46
   4.1014869e+03   1.1024487e-46
   4.1109450e+03   1.1073683e-46
   4.1204248e+03   1.1123107e-46
   4.1299266e+03   1.1172759e-46
   4.1394502e+03   1.1222641e-46
   4.1489958e+03   1.1272753e-46
   4.1585634e+03   1.1323097e-46
   4.1681531e+03   1.1373674e-46
   4.1777649e+03   1.1424485e-46
   4.1873988e+03   1.1475531e-46
   4.1970550e+03   1.1526812e-46
   4.2067335e+03   1.1578331e-46
   4.2164342e+03   1.1630088e-46
   4.2261574e+03   1.1682084e-46
   4.2359029e+03   1.1734321e-46
   4.2456709e+03   1.1786799e-46
   4.2554615e+03   1.1839519e-46
   4.2652746e+03   1.1892484e-46
   4.2751104e+03   1.1945693e-46
   4.2849688e+03   1.1999148e-46
   4.2948500e+03   1.2052851e-46
   4.3047539e+03   1.2106802e-46
   4.3146807e+03   1.2161002e-46
   4.3246304e+03   1.2215514e-46
   4.3346030e+03   1.2270155e-46
   4.3445987e+03   1.2325110e-46
   4.3546173e+03   1.2380319e-46
   4.3646591e+03   1.2435783e-46
   4.3747241e+03   1.2491504e-46
   4.3848122e+03   1.2547482e-46
   4.3949236e+03   1.2603719e-46
   4.4050583e+03   1.2660216e-46
   4.4152164e+03   1.2716975e-46
   4.4253980e+03   1.2773995e-46
   4.4356030e+03   1.2831279e-46
   4.4458315e+03   1.2888828e-46
   4.4560836e+03   1.2946643e-46
   4.4663594e+03   1.3004726e-46
   4.4766588e+03   1.3063076e-46
   4.4869821e+03   1.3121697e-46
   4.4973291e+03   1.3180588e-46
   4.5076999e+03   1.3239752e-46
   4.5180947e+03   1.3299189e-46
   4.5285135e+03   1.3358900e-46
   4.5389563e+03   1.3418888e-46
   4.5494231e+03   1.3479153e-46
   4.5599142e+03   1.3539697e-46
   4.5704294e+03   1.3600520e-46
   4.5809688e+03   1.3661625e-46
   4.5915325e+03   1.3723012e-46
   4.6021207e+03   1.3784683e-46
   4.6127332e+03   1.3846638e-46
   4.6233702e+03   1.3908880e-46
   4.6340317e+03   1.3971410e-46
   4.6447178e+03   1.4034229e-46
   4.6554286e+03   1.4097338e-46
   4.6661640e+03   1.4160739e-46
   4.6769242e+03   1.4224433e-46
   4.6877093e+03   1.4288421e-46
   4.6985192e+03   1.4352705e-46
   4.7093540e+03   1.4417286e-46
   4.7202138e+03   1.4482165e-46
   4.7310986e+03   1.4547344e-46
   4.7420086e+03   1.4612825e-46
   4.7529437e+03   1.4678611e-46
   4.7639040e+03   1.4744695e-46
   4.7748896e+03   1.4811088e-46
   4.7859005e+03   1.4877788e-46
   4.7969369e+03   1.4944796e-46
   4.8079986e+03   1.5012116e-46
   4.8190859e+03   1.5079741e-46
   4.8301988e+03   1.5147682e-46
   4.8413372e+03   1.5215937e-46
   4.8525014e+03   1.5284507e-46
   4.8636913e+03   1.5353395e-46
   4.8749070e+03   1.5422600e-46
   4.8861486e+03   1.5492126e-46
   4.8974161e+03   1.5561972e-46
   4.9087096e+03   1.5632142e-46
   4.9200291e+03   1.5702636e-46
   4.9313747e+03   1.5773455e-46
   4.9427465e+03   1.5844602e-46
   4.9541445e+03   1.5916078e-46
   4.9655688e+03   1.5987884e-46
   4.9770194e+03   1.6060021e-46
   4.9884965e+03   1.6132492e-46
   5.0000000e+03   1.6205298e-46
