   5.0000000e+00   1.6473302e-20
   5.0115300e+00   1.6055531e-20
   5.0230867e+00   1.5650063e-20
   5.0346699e+00   1.5256838e-20
   5.0462799e+00   1.4875940e-20
   5.0579167e+00   1.4507207e-20
   5.0695803e+00   1.4145504e-20
   5.0812708e+00   1.3764965e-20
   5.0929882e+00   1.3377494e-20
   5.1047327e+00   1.3038022e-20
   5.1165042e+00   1.2718801e-20
   5.1283029e+00   1.2407071e-20
   5.1401288e+00   1.2102305e-20
   5.1519820e+00   1.1804758e-20
   5.1638625e+00   1.1514564e-20
   5.1757704e+00   1.1231733e-20
   5.1877058e+00   1.0956189e-20
   5.1996687e+00   1.0687809e-20
   5.2116592e+00   1.0426443e-20
   5.2236773e+00   1.0171929e-20
   5.2357231e+00   9.9240975e-21
   5.2477968e+00   9.6827758e-21
   5.2598982e+00   9.4477919e-21
   5.2720276e+00   9.2189753e-21
   5.2841849e+00   8.9961581e-21
   5.2963703e+00   8.7791759e-21
   5.3085838e+00   8.5678680e-21
   5.3208254e+00   8.3620774e-21
   5.3330953e+00   8.1616515e-21
   5.3453934e+00   7.9664414e-21
   5.3577199e+00   7.7763028e-21
   5.3700749e+00   7.5910949e-21
   5.3824583e+00   7.4106814e-21
   5.3948703e+00   7.2349296e-21
   5.4073109e+00   7.0637109e-21
   5.4197802e+00   6.8969003e-21
   5.4322783e+00   6.7343763e-21
   5.4448051e+00   6.5760214e-21
   5.4573609e+00   6.4217212e-21
   5.4699456e+00   6.2713647e-21
   5.4825594e+00   6.1248444e-21
   5.4952022e+00   5.9820557e-21
   5.5078742e+00   5.8428972e-21
   5.5205754e+00   5.7072705e-21
   5.5333058e+00   5.5750800e-21
   5.5460657e+00   5.4462329e-21
   5.5588550e+00   5.3206393e-21
   5.5716737e+00   5.1982117e-21
   5.5845220e+00   5.0788653e-21
   5.5974000e+00   4.9625176e-21
   5.6103076e+00   4.8490888e-21
   5.6232451e+00   4.7385010e-21
   5.6362123e+00   4.6306790e-21
   5.6492094e+00   4.5255494e-21
   5.6622366e+00   4.4230410e-21
   5.6752937e+00   4.3230849e-21
   5.6883810e+00   4.2256139e-21
   5.7014985e+00   4.1305628e-21
   5.7146461e+00   4.0378683e-21
   5.7278242e+00   3.9474688e-21
   5.7410326e+00   3.8593046e-21
   5.7542714e+00   3.7733175e-21
   5.7675408e+00   3.6894513e-21
   5.7808408e+00   3.6076509e-21
   5.7941715e+00   3.5278631e-21
   5.8075329e+00   3.4500361e-21
   5.8209251e+00   3.3741195e-21
   5.8343482e+00   3.3000644e-21
   5.8478023e+00   3.2278231e-21
   5.8612873e+00   3.1573495e-21
   5.8748035e+00   3.0885986e-21
   5.8883508e+00   3.0215265e-21
   5.9019294e+00   2.9560909e-21
   5.9155393e+00   2.8922502e-21
   5.9291806e+00   2.8299644e-21
   5.9428533e+00   2.7691943e-21
   5.9565576e+00   2.7099018e-21
   5.9702935e+00   2.6520499e-21
   5.9840610e+00   2.5956026e-21
   5.9978603e+00   2.5405249e-21
   6.0116914e+00   2.4867827e-21
   6.0255544e+00   2.4343428e-21
   6.0394494e+00   2.3831730e-21
   6.0533764e+00   2.3332419e-21
   6.0673355e+00   2.2845188e-21
   6.0813269e+00   2.2369741e-21
   6.0953505e+00   2.1905788e-21
   6.1094064e+00   2.1453047e-21
   6.1234947e+00   2.1011243e-21
   6.1376155e+00   2.0580109e-21
   6.1517689e+00   2.0159386e-21
   6.1659550e+00   1.9748819e-21
   6.1801737e+00   1.9348163e-21
   6.1944252e+00   1.8957176e-21
   6.2087096e+00   1.8575625e-21
   6.2230269e+00   1.8203283e-21
   6.2373773e+00   1.7839926e-21
   6.2517607e+00   1.7485339e-21
   6.2661773e+00   1.7139310e-21
   6.2806272e+00   1.6801636e-21
   6.2951104e+00   1.6472114e-21
   6.3096269e+00   1.6150551e-21
   6.3241770e+00   1.5836757e-21
   6.3387606e+00   1.5530545e-21
   6.3533778e+00   1.5231736e-21
   6.3680288e+00   1.4940154e-21
   6.3827135e+00   1.4655626e-21
   6.3974321e+00   1.4377986e-21
   6.4121846e+00   1.4107071e-21
   6.4269711e+00   1.3842720e-21
   6.4417918e+00   1.3584780e-21
   6.4566466e+00   1.3333099e-21
   6.4715357e+00   1.3087528e-21
   6.4864591e+00   1.2847925e-21
   6.5014169e+00   1.2614148e-21
   6.5164092e+00   1.2386060e-21
   6.5314361e+00   1.2163528e-21
   6.5464977e+00   1.1946420e-21
   6.5615939e+00   1.1734611e-21
   6.5767250e+00   1.1527974e-21
   6.5918910e+00   1.1326389e-21
   6.6070920e+00   1.1129737e-21
   6.6223280e+00   1.0937902e-21
   6.6375991e+00   1.0750772e-21
   6.6529055e+00   1.0568236e-21
   6.6682471e+00   1.0390186e-21
   6.6836241e+00   1.0216518e-21
   6.6990366e+00   1.0047127e-21
   6.7144846e+00   9.8819146e-22
   6.7299683e+00   9.7207818e-22
   6.7454877e+00   9.5636330e-22
   6.7610428e+00   9.4103746e-22
   6.7766338e+00   9.2609152e-22
   6.7922608e+00   9.1151656e-22
   6.8079238e+00   8.9730383e-22
   6.8236229e+00   8.8344481e-22
   6.8393582e+00   8.6993117e-22
   6.8551299e+00   8.5675477e-22
   6.8709378e+00   8.4390766e-22
   6.8867823e+00   8.3138205e-22
   6.9026632e+00   8.1917036e-22
   6.9185808e+00   8.0726515e-22
   6.9345351e+00   7.9565919e-22
   6.9505262e+00   7.8434538e-22
   6.9665542e+00   7.7331681e-22
   6.9826191e+00   7.6256670e-22
   6.9987211e+00   7.5208846e-22
   7.0148602e+00   7.4187564e-22
   7.0310365e+00   7.3192193e-22
   7.0472502e+00   7.2222117e-22
   7.0635012e+00   7.1276736e-22
   7.0797897e+00   7.0355464e-22
   7.0961157e+00   6.9457728e-22
   7.1124794e+00   6.8582970e-22
   7.1288808e+00   6.7730643e-22
   7.1453201e+00   6.6900218e-22
   7.1617972e+00   6.6091174e-22
   7.1783124e+00   6.5303007e-22
   7.1948656e+00   6.4535225e-22
   7.2114571e+00   6.3787347e-22
   7.2280867e+00   6.3058906e-22
   7.2447548e+00   6.2349447e-22
   7.2614612e+00   6.1658527e-22
   7.2782062e+00   6.0985717e-22
   7.2949898e+00   6.0330598e-22
   7.3118121e+00   5.9692763e-22
   7.3286732e+00   5.9071817e-22
   7.3455732e+00   5.8467380e-22
   7.3625121e+00   5.7879078e-22
   7.3794901e+00   5.7306554e-22
   7.3965073e+00   5.6749459e-22
   7.4135637e+00   5.6207459e-22
   7.4306594e+00   5.5680228e-22
   7.4477946e+00   5.5167453e-22
   7.4649693e+00   5.4668835e-22
   7.4821835e+00   5.4184083e-22
   7.4994375e+00   5.3712920e-22
   7.5167313e+00   5.3255080e-22
   7.5340649e+00   5.2810309e-22
   7.5514385e+00   5.2378366e-22
   7.5688522e+00   5.1959019e-22
   7.5863060e+00   5.1552052e-22
   7.6038001e+00   5.1157259e-22
   7.6213345e+00   5.0774447e-22
   7.6389094e+00   5.0403436e-22
   7.6565248e+00   5.0044059e-22
   7.6741808e+00   4.9696163e-22
   7.6918775e+00   4.9359608e-22
   7.7096150e+00   4.9034267e-22
   7.7273934e+00   4.8720029e-22
   7.7452129e+00   4.8416799e-22
   7.7630734e+00   4.8124494e-22
   7.7809751e+00   4.7843050e-22
   7.7989181e+00   4.7572417e-22
   7.8169025e+00   4.7312566e-22
   7.8349283e+00   4.7063483e-22
   7.8529957e+00   4.6825176e-22
   7.8711048e+00   4.6597669e-22
   7.8892556e+00   4.6381010e-22
   7.9074483e+00   4.6175271e-22
   7.9256829e+00   4.5980545e-22
   7.9439596e+00   4.5796951e-22
   7.9622784e+00   4.5624637e-22
   7.9806395e+00   4.5463777e-22
   7.9990429e+00   4.5314580e-22
   8.0174888e+00   4.5177285e-22
   8.0359772e+00   4.5052172e-22
   8.0545082e+00   4.4939555e-22
   8.0730819e+00   4.4839796e-22
   8.0916985e+00   4.4753300e-22
   8.1103581e+00   4.4680526e-22
   8.1290606e+00   4.4621987e-22
   8.1478063e+00   4.4578259e-22
   8.1665952e+00   4.4549986e-22
   8.1854274e+00   4.4537887e-22
   8.2043031e+00   4.4542764e-22
   8.2232223e+00   4.4565511e-22
   8.2421851e+00   4.4607125e-22
   8.2611916e+00   4.4668722e-22
   8.2802420e+00   4.4751542e-22
   8.2993363e+00   4.4856975e-22
   8.3184746e+00   4.4986573e-22
   8.3376571e+00   4.5142075e-22
   8.3568838e+00   4.5325430e-22
   8.3761548e+00   4.5538829e-22
   8.3954703e+00   4.5784737e-22
   8.4148303e+00   4.6065936e-22
   8.4342350e+00   4.6385571e-22
   8.4536844e+00   4.6747209e-22
   8.4731786e+00   4.7154908e-22
   8.4927179e+00   4.7613296e-22
   8.5123021e+00   4.8127673e-22
   8.5319316e+00   4.8704131e-22
   8.5516063e+00   4.9349700e-22
   8.5713263e+00   5.0072531e-22
   8.5910919e+00   5.0882119e-22
   8.6109030e+00   5.1789588e-22
   8.6307598e+00   5.2808041e-22
   8.6506624e+00   5.3953014e-22
   8.6706109e+00   5.5243039e-22
   8.6906054e+00   5.6700469e-22
   8.7106460e+00   5.8352367e-22
   8.7307328e+00   6.0231909e-22
   8.7508660e+00   6.2380159e-22
   8.7710455e+00   6.4848546e-22
   8.7912716e+00   6.7702333e-22
   8.8115444e+00   7.1025586e-22
   8.8318638e+00   7.4928444e-22
   8.8522302e+00   7.9558061e-22
   8.8726435e+00   8.5115553e-22
   8.8931039e+00   9.1883220e-22
   8.9136114e+00   1.0027008e-21
   8.9341663e+00   1.1089198e-21
   8.9547686e+00   1.2472124e-21
   8.9754183e+00   1.4338818e-21
   8.9961157e+00   1.6985118e-21
   9.0168608e+00   2.1009431e-21
   9.0376538e+00   2.7832283e-21
   9.0584947e+00   4.1845712e-21
   9.0793836e+00   8.6690866e-21
   9.1003208e+00   8.9941566e-20
   9.1213062e+00   7.1532867e-21
   9.1423400e+00   3.7085744e-21
   9.1634223e+00   2.5083168e-21
   9.1845532e+00   1.9147115e-21
   9.2057328e+00   1.5932235e-21
   9.2269613e+00   1.4848930e-21
   9.2482388e+00   1.8978863e-21
   9.2695653e+00   3.9194778e-20
   9.2909410e+00   1.7649948e-21
   9.3123660e+00   1.0693886e-21
   9.3338403e+00   8.4780530e-22
   9.3553642e+00   7.3105259e-22
   9.3769378e+00   6.5420996e-22
   9.3985611e+00   5.9759573e-22
   9.4202342e+00   5.5317155e-22
   9.4419574e+00   5.1694322e-22
   9.4637306e+00   4.8663386e-22
   9.4855540e+00   4.6081180e-22
   9.5074278e+00   4.3851020e-22
   9.5293520e+00   4.1904074e-22
   9.5513267e+00   4.0189348e-22
   9.5733522e+00   3.8667892e-22
   9.5954284e+00   3.7309233e-22
   9.6175555e+00   3.6089069e-22
   9.6397337e+00   3.4987719e-22
   9.6619630e+00   3.3989029e-22
   9.6842435e+00   3.3079599e-22
   9.7065755e+00   3.2248208e-22
   9.7289589e+00   3.1485380e-22
   9.7513940e+00   3.0783060e-22
   9.7738808e+00   3.0134354e-22
   9.7964194e+00   2.9533329e-22
   9.8190100e+00   2.8974856e-22
   9.8416527e+00   2.8454476e-22
   9.8643477e+00   2.7968299e-22
   9.8870949e+00   2.7512920e-22
   9.9098946e+00   2.7085342e-22
   9.9327469e+00   2.6682924e-22
   9.9556519e+00   2.6303330e-22
   9.9786097e+00   2.5944487e-22
   1.0001620e+01   2.5604566e-22
   1.0024684e+01   2.5282021e-22
   1.0047801e+01   2.4975124e-22
   1.0070972e+01   2.4682640e-22
   1.0094195e+01   2.4403451e-22
   1.0117473e+01   2.4136530e-22
   1.0140804e+01   2.3880891e-22
   1.0164188e+01   2.3635653e-22
   1.0187627e+01   2.3400019e-22
   1.0211120e+01   2.3173268e-22
   1.0234667e+01   2.2954778e-22
   1.0258268e+01   2.2743955e-22
   1.0281924e+01   2.2540257e-22
   1.0305634e+01   2.2343188e-22
   1.0329399e+01   2.2152312e-22
   1.0353218e+01   2.1967223e-22
   1.0377093e+01   2.1787541e-22
   1.0401023e+01   2.1612917e-22
   1.0425007e+01   2.1443042e-22
   1.0449048e+01   2.1277628e-22
   1.0473143e+01   2.1116404e-22
   1.0497294e+01   2.0959122e-22
   1.0521501e+01   2.0805554e-22
   1.0545764e+01   2.0655496e-22
   1.0570082e+01   2.0508750e-22
   1.0594457e+01   2.0365134e-22
   1.0618888e+01   2.0224481e-22
   1.0643375e+01   2.0086641e-22
   1.0667919e+01   1.9951467e-22
   1.0692519e+01   1.9818825e-22
   1.0717176e+01   1.9688590e-22
   1.0741890e+01   1.9560649e-22
   1.0766661e+01   1.9434892e-22
   1.0791489e+01   1.9311219e-22
   1.0816374e+01   1.9189535e-22
   1.0841317e+01   1.9069753e-22
   1.0866317e+01   1.8951791e-22
   1.0891375e+01   1.8835572e-22
   1.0916491e+01   1.8721022e-22
   1.0941664e+01   1.8608075e-22
   1.0966896e+01   1.8496669e-22
   1.0992185e+01   1.8386741e-22
   1.1017533e+01   1.8278237e-22
   1.1042940e+01   1.8171105e-22
   1.1068405e+01   1.8065294e-22
   1.1093929e+01   1.7960758e-22
   1.1119512e+01   1.7857453e-22
   1.1145153e+01   1.7755337e-22
   1.1170854e+01   1.7654371e-22
   1.1196614e+01   1.7554518e-22
   1.1222434e+01   1.7455744e-22
   1.1248313e+01   1.7358014e-22
   1.1274251e+01   1.7261298e-22
   1.1300250e+01   1.7165566e-22
   1.1326308e+01   1.7070790e-22
   1.1352427e+01   1.6976943e-22
   1.1378606e+01   1.6884000e-22
   1.1404845e+01   1.6791936e-22
   1.1431144e+01   1.6700729e-22
   1.1457505e+01   1.6610357e-22
   1.1483926e+01   1.6520800e-22
   1.1510408e+01   1.6432037e-22
   1.1536951e+01   1.6344050e-22
   1.1563555e+01   1.6256821e-22
   1.1590221e+01   1.6170332e-22
   1.1616948e+01   1.6084568e-22
   1.1643737e+01   1.5999512e-22
   1.1670587e+01   1.5915150e-22
   1.1697500e+01   1.5831467e-22
   1.1724474e+01   1.5748450e-22
   1.1751511e+01   1.5666086e-22
   1.1778610e+01   1.5584362e-22
   1.1805772e+01   1.5503265e-22
   1.1832996e+01   1.5422785e-22
   1.1860283e+01   1.5342910e-22
   1.1887633e+01   1.5263629e-22
   1.1915046e+01   1.5184932e-22
   1.1942522e+01   1.5106810e-22
   1.1970061e+01   1.5029252e-22
   1.1997664e+01   1.4952250e-22
   1.2025331e+01   1.4875794e-22
   1.2053062e+01   1.4799875e-22
   1.2080856e+01   1.4724487e-22
   1.2108715e+01   1.4649620e-22
   1.2136637e+01   1.4575267e-22
   1.2164625e+01   1.4501421e-22
   1.2192676e+01   1.4428073e-22
   1.2220793e+01   1.4355218e-22
   1.2248974e+01   1.4282848e-22
   1.2277220e+01   1.4210957e-22
   1.2305532e+01   1.4139538e-22
   1.2333908e+01   1.4068585e-22
   1.2362350e+01   1.3998093e-22
   1.2390858e+01   1.3928055e-22
   1.2419431e+01   1.3858465e-22
   1.2448071e+01   1.3789319e-22
   1.2476776e+01   1.3720610e-22
   1.2505548e+01   1.3652334e-22
   1.2534386e+01   1.3584485e-22
   1.2563290e+01   1.3517058e-22
   1.2592261e+01   1.3450049e-22
   1.2621299e+01   1.3383453e-22
   1.2650404e+01   1.3317265e-22
   1.2679576e+01   1.3251480e-22
   1.2708815e+01   1.3186095e-22
   1.2738121e+01   1.3121105e-22
   1.2767496e+01   1.3056506e-22
   1.2796938e+01   1.2992294e-22
   1.2826447e+01   1.2928464e-22
   1.2856025e+01   1.2865013e-22
   1.2885671e+01   1.2801938e-22
   1.2915386e+01   1.2739233e-22
   1.2945169e+01   1.2676896e-22
   1.2975020e+01   1.2614923e-22
   1.3004941e+01   1.2553310e-22
   1.3034930e+01   1.2492055e-22
   1.3064989e+01   1.2431153e-22
   1.3095117e+01   1.2370601e-22
   1.3125314e+01   1.2310396e-22
   1.3155582e+01   1.2250535e-22
   1.3185918e+01   1.2191015e-22
   1.3216325e+01   1.2131832e-22
   1.3246802e+01   1.2072984e-22
   1.3277349e+01   1.2014468e-22
   1.3307967e+01   1.1956280e-22
   1.3338655e+01   1.1898418e-22
   1.3369414e+01   1.1840880e-22
   1.3400244e+01   1.1783661e-22
   1.3431145e+01   1.1726760e-22
   1.3462118e+01   1.1670174e-22
   1.3493162e+01   1.1613900e-22
   1.3524277e+01   1.1557936e-22
   1.3555464e+01   1.1502279e-22
   1.3586723e+01   1.1446926e-22
   1.3618054e+01   1.1391876e-22
   1.3649457e+01   1.1337125e-22
   1.3680933e+01   1.1282672e-22
   1.3712481e+01   1.1228513e-22
   1.3744103e+01   1.1174647e-22
   1.3775797e+01   1.1121072e-22
   1.3807564e+01   1.1067785e-22
   1.3839404e+01   1.1014783e-22
   1.3871318e+01   1.0962065e-22
   1.3903305e+01   1.0909629e-22
   1.3935366e+01   1.0857473e-22
   1.3967501e+01   1.0805593e-22
   1.3999710e+01   1.0753989e-22
   1.4031994e+01   1.0702658e-22
   1.4064352e+01   1.0651598e-22
   1.4096784e+01   1.0600808e-22
   1.4129292e+01   1.0550285e-22
   1.4161874e+01   1.0500027e-22
   1.4194531e+01   1.0450033e-22
   1.4227264e+01   1.0400300e-22
   1.4260072e+01   1.0350827e-22
   1.4292956e+01   1.0301612e-22
   1.4325916e+01   1.0252653e-22
   1.4358951e+01   1.0203948e-22
   1.4392063e+01   1.0155496e-22
   1.4425251e+01   1.0107295e-22
   1.4458516e+01   1.0059343e-22
   1.4491858e+01   1.0011638e-22
   1.4525276e+01   9.9641789e-23
   1.4558771e+01   9.9169638e-23
   1.4592344e+01   9.8699913e-23
   1.4625994e+01   9.8232595e-23
   1.4659722e+01   9.7767669e-23
   1.4693527e+01   9.7305120e-23
   1.4727410e+01   9.6844931e-23
   1.4761372e+01   9.6387088e-23
   1.4795412e+01   9.5931575e-23
   1.4829530e+01   9.5478377e-23
   1.4863727e+01   9.5027478e-23
   1.4898003e+01   9.4578865e-23
   1.4932358e+01   9.4132523e-23
   1.4966792e+01   9.3688436e-23
   1.5001306e+01   9.3246592e-23
   1.5035899e+01   9.2806975e-23
   1.5070572e+01   9.2369573e-23
   1.5105324e+01   9.1934370e-23
   1.5140157e+01   9.1501353e-23
   1.5175071e+01   9.1070509e-23
   1.5210065e+01   9.0641825e-23
   1.5245139e+01   9.0215287e-23
   1.5280295e+01   8.9790881e-23
   1.5315531e+01   8.9368595e-23
   1.5350849e+01   8.8948417e-23
   1.5386248e+01   8.8530332e-23
   1.5421729e+01   8.8114330e-23
   1.5457291e+01   8.7700396e-23
   1.5492936e+01   8.7288520e-23
   1.5528663e+01   8.6878687e-23
   1.5564472e+01   8.6470888e-23
   1.5600364e+01   8.6065108e-23
   1.5636338e+01   8.5661337e-23
   1.5672396e+01   8.5259563e-23
   1.5708537e+01   8.4859773e-23
   1.5744761e+01   8.4461957e-23
   1.5781068e+01   8.4066103e-23
   1.5817459e+01   8.3672199e-23
   1.5853935e+01   8.3280235e-23
   1.5890494e+01   8.2890198e-23
   1.5927137e+01   8.2502079e-23
   1.5963866e+01   8.2115865e-23
   1.6000678e+01   8.1731547e-23
   1.6037576e+01   8.1349113e-23
   1.6074559e+01   8.0968552e-23
   1.6111627e+01   8.0589855e-23
   1.6148780e+01   8.0213010e-23
   1.6186020e+01   7.9838007e-23
   1.6223345e+01   7.9464837e-23
   1.6260756e+01   7.9093487e-23
   1.6298253e+01   7.8723949e-23
   1.6335837e+01   7.8356212e-23
   1.6373508e+01   7.7990267e-23
   1.6411265e+01   7.7626102e-23
   1.6449110e+01   7.7263710e-23
   1.6487041e+01   7.6903079e-23
   1.6525061e+01   7.6544200e-23
   1.6563168e+01   7.6187064e-23
   1.6601362e+01   7.5831660e-23
   1.6639645e+01   7.5477981e-23
   1.6678016e+01   7.5126015e-23
   1.6716476e+01   7.4775754e-23
   1.6755024e+01   7.4427189e-23
   1.6793662e+01   7.4080310e-23
   1.6832388e+01   7.3735108e-23
   1.6871203e+01   7.3391575e-23
   1.6910109e+01   7.3049701e-23
   1.6949103e+01   7.2709477e-23
   1.6988188e+01   7.2370896e-23
   1.7027363e+01   7.2033946e-23
   1.7066628e+01   7.1698622e-23
   1.7105984e+01   7.1364912e-23
   1.7145431e+01   7.1032810e-23
   1.7184968e+01   7.0702306e-23
   1.7224597e+01   7.0373392e-23
   1.7264317e+01   7.0046060e-23
   1.7304128e+01   6.9720301e-23
   1.7344032e+01   6.9396107e-23
   1.7384027e+01   6.9073469e-23
   1.7424115e+01   6.8752381e-23
   1.7464295e+01   6.8432833e-23
   1.7504568e+01   6.8114817e-23
   1.7544934e+01   6.7798326e-23
   1.7585392e+01   6.7483352e-23
   1.7625945e+01   6.7169886e-23
   1.7666590e+01   6.6857921e-23
   1.7707329e+01   6.6547450e-23
   1.7748163e+01   6.6238463e-23
   1.7789090e+01   6.5930955e-23
   1.7830112e+01   6.5624916e-23
   1.7871228e+01   6.5320340e-23
   1.7912439e+01   6.5017220e-23
   1.7953746e+01   6.4715546e-23
   1.7995147e+01   6.4415313e-23
   1.8036644e+01   6.4116513e-23
   1.8078237e+01   6.3819138e-23
   1.8119925e+01   6.3523181e-23
   1.8161710e+01   6.3228635e-23
   1.8203591e+01   6.2935493e-23
   1.8245569e+01   6.2643748e-23
   1.8287643e+01   6.2353392e-23
   1.8329814e+01   6.2064419e-23
   1.8372083e+01   6.1776821e-23
   1.8414449e+01   6.1490592e-23
   1.8456913e+01   6.1205725e-23
   1.8499475e+01   6.0922212e-23
   1.8542135e+01   6.0640047e-23
   1.8584893e+01   6.0359223e-23
   1.8627750e+01   6.0079734e-23
   1.8670706e+01   5.9801572e-23
   1.8713761e+01   5.9524731e-23
   1.8756915e+01   5.9249205e-23
   1.8800168e+01   5.8974987e-23
   1.8843522e+01   5.8702070e-23
   1.8886975e+01   5.8430448e-23
   1.8930528e+01   5.8160114e-23
   1.8974182e+01   5.7891062e-23
   1.9017937e+01   5.7623285e-23
   1.9061792e+01   5.7356778e-23
   1.9105749e+01   5.7091534e-23
   1.9149807e+01   5.6827546e-23
   1.9193967e+01   5.6564809e-23
   1.9238228e+01   5.6303315e-23
   1.9282592e+01   5.6043060e-23
   1.9327057e+01   5.5784037e-23
   1.9371626e+01   5.5526239e-23
   1.9416297e+01   5.5269661e-23
   1.9461071e+01   5.5014297e-23
   1.9505948e+01   5.4760141e-23
   1.9550929e+01   5.4507186e-23
   1.9596014e+01   5.4255428e-23
   1.9641202e+01   5.4004859e-23
   1.9686495e+01   5.3755474e-23
   1.9731892e+01   5.3507268e-23
   1.9777394e+01   5.3260234e-23
   1.9823001e+01   5.3014368e-23
   1.9868713e+01   5.2769662e-23
   1.9914530e+01   5.2526111e-23
   1.9960454e+01   5.2283710e-23
   2.0006482e+01   5.2042454e-23
   2.0052618e+01   5.1802336e-23
   2.0098859e+01   5.1563351e-23
   2.0145207e+01   5.1325493e-23
   2.0191662e+01   5.1088757e-23
   2.0238224e+01   5.0853138e-23
   2.0284894e+01   5.0618630e-23
   2.0331671e+01   5.0385228e-23
   2.0378556e+01   5.0152925e-23
   2.0425549e+01   4.9921718e-23
   2.0472650e+01   4.9691601e-23
   2.0519861e+01   4.9462567e-23
   2.0567180e+01   4.9234613e-23
   2.0614608e+01   4.9007733e-23
   2.0662145e+01   4.8781921e-23
   2.0709792e+01   4.8557173e-23
   2.0757549e+01   4.8333483e-23
   2.0805416e+01   4.8110846e-23
   2.0853394e+01   4.7889257e-23
   2.0901482e+01   4.7668712e-23
   2.0949681e+01   4.7449204e-23
   2.0997991e+01   4.7230730e-23
   2.1046412e+01   4.7013284e-23
   2.1094945e+01   4.6796860e-23
   2.1143591e+01   4.6581455e-23
   2.1192348e+01   4.6367063e-23
   2.1241218e+01   4.6153680e-23
   2.1290200e+01   4.5941300e-23
   2.1339295e+01   4.5729919e-23
   2.1388504e+01   4.5519532e-23
   2.1437826e+01   4.5310133e-23
   2.1487262e+01   4.5101720e-23
   2.1536812e+01   4.4894286e-23
   2.1586476e+01   4.4687827e-23
   2.1636254e+01   4.4482339e-23
   2.1686148e+01   4.4277816e-23
   2.1736156e+01   4.4074254e-23
   2.1786280e+01   4.3871649e-23
   2.1836519e+01   4.3669995e-23
   2.1886874e+01   4.3469289e-23
   2.1937346e+01   4.3269526e-23
   2.1987933e+01   4.3070701e-23
   2.2038638e+01   4.2872810e-23
   2.2089459e+01   4.2675849e-23
   2.2140397e+01   4.2479812e-23
   2.2191453e+01   4.2284696e-23
   2.2242627e+01   4.2090496e-23
   2.2293919e+01   4.1897208e-23
   2.2345328e+01   4.1704828e-23
   2.2396857e+01   4.1513350e-23
   2.2448504e+01   4.1322772e-23
   2.2500271e+01   4.1133088e-23
   2.2552157e+01   4.0944294e-23
   2.2604162e+01   4.0756387e-23
   2.2656287e+01   4.0569361e-23
   2.2708533e+01   4.0383214e-23
   2.2760899e+01   4.0197939e-23
   2.2813386e+01   4.0013535e-23
   2.2865994e+01   3.9829995e-23
   2.2918723e+01   3.9647317e-23
   2.2971574e+01   3.9465496e-23
   2.3024546e+01   3.9284528e-23
   2.3077641e+01   3.9104409e-23
   2.3130858e+01   3.8925135e-23
   2.3184198e+01   3.8746702e-23
   2.3237661e+01   3.8569106e-23
   2.3291247e+01   3.8392343e-23
   2.3344957e+01   3.8216409e-23
   2.3398791e+01   3.8041301e-23
   2.3452748e+01   3.7867013e-23
   2.3506831e+01   3.7693544e-23
   2.3561038e+01   3.7520888e-23
   2.3615370e+01   3.7349041e-23
   2.3669827e+01   3.7178001e-23
   2.3724410e+01   3.7007763e-23
   2.3779118e+01   3.6838323e-23
   2.3833953e+01   3.6669678e-23
   2.3888914e+01   3.6501823e-23
   2.3944002e+01   3.6334756e-23
   2.3999217e+01   3.6168473e-23
   2.4054560e+01   3.6002969e-23
   2.4110030e+01   3.5838241e-23
   2.4165628e+01   3.5674285e-23
   2.4221354e+01   3.5511099e-23
   2.4277208e+01   3.5348677e-23
   2.4333192e+01   3.5187018e-23
   2.4389304e+01   3.5026116e-23
   2.4445546e+01   3.4865969e-23
   2.4501918e+01   3.4706572e-23
   2.4558420e+01   3.4547924e-23
   2.4615051e+01   3.4390019e-23
   2.4671814e+01   3.4232854e-23
   2.4728707e+01   3.4076427e-23
   2.4785732e+01   3.3920733e-23
   2.4842888e+01   3.3765769e-23
   2.4900176e+01   3.3611531e-23
   2.4957596e+01   3.3458017e-23
   2.5015148e+01   3.3305223e-23
   2.5072833e+01   3.3153145e-23
   2.5130652e+01   3.3001781e-23
   2.5188603e+01   3.2851126e-23
   2.5246688e+01   3.2701178e-23
   2.5304907e+01   3.2551933e-23
   2.5363261e+01   3.2403387e-23
   2.5421748e+01   3.2255539e-23
   2.5480371e+01   3.2108384e-23
   2.5539129e+01   3.1961919e-23
   2.5598023e+01   3.1816141e-23
   2.5657052e+01   3.1671046e-23
   2.5716217e+01   3.1526632e-23
   2.5775519e+01   3.1382896e-23
   2.5834957e+01   3.1239834e-23
   2.5894533e+01   3.1097442e-23
   2.5954246e+01   3.0955719e-23
   2.6014097e+01   3.0814660e-23
   2.6074085e+01   3.0674264e-23
   2.6134212e+01   3.0534526e-23
   2.6194478e+01   3.0395443e-23
   2.6254883e+01   3.0257013e-23
   2.6315427e+01   3.0119232e-23
   2.6376110e+01   2.9982098e-23
   2.6436934e+01   2.9845607e-23
   2.6497898e+01   2.9709757e-23
   2.6559002e+01   2.9574545e-23
   2.6620247e+01   2.9439966e-23
   2.6681634e+01   2.9306020e-23
   2.6743162e+01   2.9172702e-23
   2.6804832e+01   2.9040009e-23
   2.6866644e+01   2.8907940e-23
   2.6928599e+01   2.8776490e-23
   2.6990696e+01   2.8645658e-23
   2.7052937e+01   2.8515439e-23
   2.7115321e+01   2.8385832e-23
   2.7177849e+01   2.8256834e-23
   2.7240522e+01   2.8128441e-23
   2.7303338e+01   2.8000651e-23
   2.7366300e+01   2.7873461e-23
   2.7429407e+01   2.7746868e-23
   2.7492659e+01   2.7620870e-23
   2.7556058e+01   2.7495464e-23
   2.7619602e+01   2.7370647e-23
   2.7683293e+01   2.7246415e-23
   2.7747131e+01   2.7122768e-23
   2.7811116e+01   2.6999701e-23
   2.7875249e+01   2.6877213e-23
   2.7939529e+01   2.6755300e-23
   2.8003958e+01   2.6633960e-23
   2.8068536e+01   2.6513190e-23
   2.8133262e+01   2.6392988e-23
   2.8198137e+01   2.6273350e-23
   2.8263162e+01   2.6154275e-23
   2.8328338e+01   2.6035760e-23
   2.8393663e+01   2.5917802e-23
   2.8459139e+01   2.5800398e-23
   2.8524766e+01   2.5683547e-23
   2.8590544e+01   2.5567245e-23
   2.8656474e+01   2.5451489e-23
   2.8722556e+01   2.5336279e-23
   2.8788791e+01   2.5221610e-23
   2.8855178e+01   2.5107480e-23
   2.8921718e+01   2.4993887e-23
   2.8988412e+01   2.4880829e-23
   2.9055259e+01   2.4768303e-23
   2.9122261e+01   2.4656306e-23
   2.9189417e+01   2.4544837e-23
   2.9256728e+01   2.4433891e-23
   2.9324194e+01   2.4323469e-23
   2.9391816e+01   2.4213566e-23
   2.9459594e+01   2.4104180e-23
   2.9527528e+01   2.3995309e-23
   2.9595619e+01   2.3886951e-23
   2.9663866e+01   2.3779104e-23
   2.9732272e+01   2.3671764e-23
   2.9800834e+01   2.3564930e-23
   2.9869555e+01   2.3458599e-23
   2.9938435e+01   2.3352769e-23
   3.0007473e+01   2.3247438e-23
   3.0076670e+01   2.3142603e-23
   3.0146028e+01   2.3038262e-23
   3.0215544e+01   2.2934413e-23
   3.0285222e+01   2.2831054e-23
   3.0355060e+01   2.2728182e-23
   3.0425059e+01   2.2625795e-23
   3.0495219e+01   2.2523891e-23
   3.0565541e+01   2.2422467e-23
   3.0636026e+01   2.2321522e-23
   3.0706673e+01   2.2221053e-23
   3.0777482e+01   2.2121059e-23
   3.0848456e+01   2.2021536e-23
   3.0919592e+01   2.1922482e-23
   3.0990893e+01   2.1823896e-23
   3.1062358e+01   2.1725776e-23
   3.1133988e+01   2.1628119e-23
   3.1205784e+01   2.1530923e-23
   3.1277744e+01   2.1434186e-23
   3.1349871e+01   2.1337906e-23
   3.1422164e+01   2.1242080e-23
   3.1494624e+01   2.1146708e-23
   3.1567251e+01   2.1051786e-23
   3.1640045e+01   2.0957313e-23
   3.1713007e+01   2.0863286e-23
   3.1786138e+01   2.0769704e-23
   3.1859437e+01   2.0676564e-23
   3.1932905e+01   2.0583864e-23
   3.2006542e+01   2.0491603e-23
   3.2080350e+01   2.0399779e-23
   3.2154327e+01   2.0308389e-23
   3.2228475e+01   2.0217431e-23
   3.2302794e+01   2.0126904e-23
   3.2377285e+01   2.0036805e-23
   3.2451947e+01   1.9947132e-23
   3.2526782e+01   1.9857885e-23
   3.2601789e+01   1.9769060e-23
   3.2676969e+01   1.9680655e-23
   3.2752322e+01   1.9592669e-23
   3.2827849e+01   1.9505101e-23
   3.2903550e+01   1.9417947e-23
   3.2979426e+01   1.9331206e-23
   3.3055477e+01   1.9244876e-23
   3.3131703e+01   1.9158956e-23
   3.3208105e+01   1.9073443e-23
   3.3284683e+01   1.8988336e-23
   3.3361438e+01   1.8903632e-23
   3.3438370e+01   1.8819330e-23
   3.3515479e+01   1.8735428e-23
   3.3592766e+01   1.8651925e-23
   3.3670231e+01   1.8568818e-23
   3.3747875e+01   1.8486105e-23
   3.3825698e+01   1.8403785e-23
   3.3903700e+01   1.8321856e-23
   3.3981882e+01   1.8240317e-23
   3.4060245e+01   1.8159164e-23
   3.4138788e+01   1.8078398e-23
   3.4217512e+01   1.7998015e-23
   3.4296418e+01   1.7918015e-23
   3.4375506e+01   1.7838395e-23
   3.4454776e+01   1.7759154e-23
   3.4534229e+01   1.7680289e-23
   3.4613865e+01   1.7601800e-23
   3.4693685e+01   1.7523684e-23
   3.4773689e+01   1.7445941e-23
   3.4853877e+01   1.7368567e-23
   3.4934251e+01   1.7291562e-23
   3.5014809e+01   1.7214924e-23
   3.5095554e+01   1.7138650e-23
   3.5176484e+01   1.7062741e-23
   3.5257602e+01   1.6987193e-23
   3.5338906e+01   1.6912005e-23
   3.5420398e+01   1.6837176e-23
   3.5502077e+01   1.6762703e-23
   3.5583945e+01   1.6688586e-23
   3.5666002e+01   1.6614822e-23
   3.5748248e+01   1.6541411e-23
   3.5830684e+01   1.6468350e-23
   3.5913310e+01   1.6395638e-23
   3.5996126e+01   1.6323273e-23
   3.6079134e+01   1.6251254e-23
   3.6162332e+01   1.6179579e-23
   3.6245723e+01   1.6108246e-23
   3.6329306e+01   1.6037255e-23
   3.6413082e+01   1.5966603e-23
   3.6497050e+01   1.5896288e-23
   3.6581213e+01   1.5826311e-23
   3.6665569e+01   1.5756668e-23
   3.6750120e+01   1.5687358e-23
   3.6834867e+01   1.5618380e-23
   3.6919808e+01   1.5549733e-23
   3.7004945e+01   1.5481414e-23
   3.7090279e+01   1.5413423e-23
   3.7175810e+01   1.5345758e-23
   3.7261537e+01   1.5278416e-23
   3.7347463e+01   1.5211398e-23
   3.7433586e+01   1.5144702e-23
   3.7519908e+01   1.5078325e-23
   3.7606429e+01   1.5012267e-23
   3.7693150e+01   1.4946525e-23
   3.7780071e+01   1.4881100e-23
   3.7867192e+01   1.4815989e-23
   3.7954514e+01   1.4751190e-23
   3.8042037e+01   1.4686703e-23
   3.8129763e+01   1.4622526e-23
   3.8217690e+01   1.4558657e-23
   3.8305821e+01   1.4495096e-23
   3.8394154e+01   1.4431840e-23
   3.8482691e+01   1.4368889e-23
   3.8571433e+01   1.4306241e-23
   3.8660379e+01   1.4243895e-23
   3.8749530e+01   1.4181848e-23
   3.8838886e+01   1.4120101e-23
   3.8928449e+01   1.4058651e-23
   3.9018219e+01   1.3997498e-23
   3.9108195e+01   1.3936639e-23
   3.9198379e+01   1.3876074e-23
   3.9288770e+01   1.3815801e-23
   3.9379371e+01   1.3755819e-23
   3.9470180e+01   1.3696127e-23
   3.9561198e+01   1.3636723e-23
   3.9652427e+01   1.3577606e-23
   3.9743865e+01   1.3518775e-23
   3.9835515e+01   1.3460228e-23
   3.9927376e+01   1.3401964e-23
   4.0019449e+01   1.3343982e-23
   4.0111734e+01   1.3286280e-23
   4.0204232e+01   1.3228858e-23
   4.0296943e+01   1.3171714e-23
   4.0389868e+01   1.3114847e-23
   4.0483008e+01   1.3058255e-23
   4.0576362e+01   1.3001938e-23
   4.0669931e+01   1.2945893e-23
   4.0763716e+01   1.2890121e-23
   4.0857718e+01   1.2834619e-23
   4.0951936e+01   1.2779386e-23
   4.1046372e+01   1.2724421e-23
   4.1141025e+01   1.2669724e-23
   4.1235896e+01   1.2615292e-23
   4.1330987e+01   1.2561125e-23
   4.1426296e+01   1.2507221e-23
   4.1521826e+01   1.2453579e-23
   4.1617575e+01   1.2400198e-23
   4.1713546e+01   1.2347078e-23
   4.1809737e+01   1.2294215e-23
   4.1906151e+01   1.2241610e-23
   4.2002787e+01   1.2189262e-23
   4.2099646e+01   1.2137169e-23
   4.2196728e+01   1.2085329e-23
   4.2294034e+01   1.2033743e-23
   4.2391564e+01   1.1982408e-23
   4.2489319e+01   1.1931324e-23
   4.2587300e+01   1.1880489e-23
   4.2685507e+01   1.1829903e-23
   4.2783940e+01   1.1779564e-23
   4.2882600e+01   1.1729471e-23
   4.2981488e+01   1.1679623e-23
   4.3080603e+01   1.1630018e-23
   4.3179947e+01   1.1580657e-23
   4.3279521e+01   1.1531537e-23
   4.3379324e+01   1.1482658e-23
   4.3479357e+01   1.1434019e-23
   4.3579620e+01   1.1385618e-23
   4.3680115e+01   1.1337454e-23
   4.3780842e+01   1.1289527e-23
   4.3881801e+01   1.1241835e-23
   4.3982993e+01   1.1194377e-23
   4.4084418e+01   1.1147152e-23
   4.4186077e+01   1.1100160e-23
   4.4287970e+01   1.1053398e-23
   4.4390099e+01   1.1006867e-23
   4.4492463e+01   1.0960564e-23
   4.4595062e+01   1.0914489e-23
   4.4697899e+01   1.0868642e-23
   4.4800973e+01   1.0823020e-23
   4.4904284e+01   1.0777623e-23
   4.5007834e+01   1.0732450e-23
   4.5111622e+01   1.0687499e-23
   4.5215650e+01   1.0642771e-23
   4.5319918e+01   1.0598264e-23
   4.5424426e+01   1.0553976e-23
   4.5529175e+01   1.0509907e-23
   4.5634165e+01   1.0466056e-23
   4.5739398e+01   1.0422422e-23
   4.5844873e+01   1.0379004e-23
   4.5950592e+01   1.0335801e-23
   4.6056554e+01   1.0292812e-23
   4.6162761e+01   1.0250036e-23
   4.6269213e+01   1.0207472e-23
   4.6375910e+01   1.0165120e-23
   4.6482853e+01   1.0122977e-23
   4.6590043e+01   1.0081044e-23
   4.6697480e+01   1.0039319e-23
   4.6805165e+01   9.9978010e-24
   4.6913098e+01   9.9564898e-24
   4.7021280e+01   9.9153840e-24
   4.7129711e+01   9.8744828e-24
   4.7238393e+01   9.8337853e-24
   4.7347325e+01   9.7932905e-24
   4.7456508e+01   9.7529975e-24
   4.7565943e+01   9.7129055e-24
   4.7675631e+01   9.6730134e-24
   4.7785571e+01   9.6333205e-24
   4.7895765e+01   9.5938258e-24
   4.8006213e+01   9.5545285e-24
   4.8116916e+01   9.5154275e-24
   4.8227874e+01   9.4765222e-24
   4.8339087e+01   9.4378115e-24
   4.8450558e+01   9.3992946e-24
   4.8562285e+01   9.3609707e-24
   4.8674270e+01   9.3228388e-24
   4.8786513e+01   9.2848981e-24
   4.8899015e+01   9.2471477e-24
   4.9011777e+01   9.2095869e-24
   4.9124798e+01   9.1722146e-24
   4.9238081e+01   9.1350302e-24
   4.9351624e+01   9.0980326e-24
   4.9465429e+01   9.0612212e-24
   4.9579497e+01   9.0245950e-24
   4.9693828e+01   8.9881533e-24
   4.9808422e+01   8.9518951e-24
   4.9923280e+01   8.9158197e-24
   5.0038404e+01   8.8799262e-24
   5.0153793e+01   8.8442139e-24
   5.0269448e+01   8.8086819e-24
   5.0385370e+01   8.7733293e-24
   5.0501559e+01   8.7381555e-24
   5.0618016e+01   8.7031595e-24
   5.0734741e+01   8.6683406e-24
   5.0851736e+01   8.6336980e-24
   5.0969000e+01   8.5992308e-24
   5.1086535e+01   8.5649384e-24
   5.1204341e+01   8.5308198e-24
   5.1322419e+01   8.4968744e-24
   5.1440769e+01   8.4631013e-24
   5.1559392e+01   8.4294998e-24
   5.1678288e+01   8.3960691e-24
   5.1797458e+01   8.3628083e-24
   5.1916904e+01   8.3297169e-24
   5.2036625e+01   8.2967939e-24
   5.2156621e+01   8.2640386e-24
   5.2276895e+01   8.2314503e-24
   5.2397446e+01   8.1990282e-24
   5.2518275e+01   8.1667716e-24
   5.2639382e+01   8.1346797e-24
   5.2760769e+01   8.1027518e-24
   5.2882436e+01   8.0709870e-24
   5.3004383e+01   8.0393848e-24
   5.3126612e+01   8.0079443e-24
   5.3249122e+01   7.9766649e-24
   5.3371915e+01   7.9455457e-24
   5.3494991e+01   7.9145861e-24
   5.3618351e+01   7.8837853e-24
   5.3741995e+01   7.8531427e-24
   5.3865925e+01   7.8226575e-24
   5.3990140e+01   7.7923289e-24
   5.4114642e+01   7.7621564e-24
   5.4239430e+01   7.7321391e-24
   5.4364507e+01   7.7022764e-24
   5.4489872e+01   7.6725675e-24
   5.4615526e+01   7.6430119e-24
   5.4741470e+01   7.6136087e-24
   5.4867704e+01   7.5843573e-24
   5.4994229e+01   7.5552570e-24
   5.5121046e+01   7.5263070e-24
   5.5248156e+01   7.4975069e-24
   5.5375559e+01   7.4688557e-24
   5.5503255e+01   7.4403529e-24
   5.5631246e+01   7.4119978e-24
   5.5759532e+01   7.3837897e-24
   5.5888114e+01   7.3557280e-24
   5.6016992e+01   7.3278120e-24
   5.6146168e+01   7.3000409e-24
   5.6275642e+01   7.2724142e-24
   5.6405414e+01   7.2449312e-24
   5.6535485e+01   7.2175913e-24
   5.6665856e+01   7.1903937e-24
   5.6796528e+01   7.1633379e-24
   5.6927501e+01   7.1364231e-24
   5.7058777e+01   7.1096488e-24
   5.7190355e+01   7.0830143e-24
   5.7322236e+01   7.0565190e-24
   5.7454421e+01   7.0301622e-24
   5.7586912e+01   7.0039432e-24
   5.7719708e+01   6.9778616e-24
   5.7852810e+01   6.9519165e-24
   5.7986219e+01   6.9261075e-24
   5.8119935e+01   6.9004338e-24
   5.8253960e+01   6.8748949e-24
   5.8388294e+01   6.8494901e-24
   5.8522938e+01   6.8242189e-24
   5.8657893e+01   6.7990805e-24
   5.8793158e+01   6.7740745e-24
   5.8928736e+01   6.7492001e-24
   5.9064626e+01   6.7244568e-24
   5.9200829e+01   6.6998440e-24
   5.9337347e+01   6.6753611e-24
   5.9474179e+01   6.6510074e-24
   5.9611327e+01   6.6267824e-24
   5.9748791e+01   6.6026855e-24
   5.9886572e+01   6.5787161e-24
   6.0024671e+01   6.5548736e-24
   6.0163089e+01   6.5311574e-24
   6.0301825e+01   6.5075670e-24
   6.0440882e+01   6.4841016e-24
   6.0580259e+01   6.4607609e-24
   6.0719957e+01   6.4375441e-24
   6.0859978e+01   6.4144508e-24
   6.1000322e+01   6.3914803e-24
   6.1140989e+01   6.3686320e-24
   6.1281980e+01   6.3459055e-24
   6.1423297e+01   6.3233001e-24
   6.1564940e+01   6.3008153e-24
   6.1706909e+01   6.2784504e-24
   6.1849206e+01   6.2562051e-24
   6.1991830e+01   6.2340786e-24
   6.2134784e+01   6.2120704e-24
   6.2278067e+01   6.1901801e-24
   6.2421681e+01   6.1684069e-24
   6.2565626e+01   6.1467505e-24
   6.2709903e+01   6.1252102e-24
   6.2854512e+01   6.1037855e-24
   6.2999455e+01   6.0824758e-24
   6.3144732e+01   6.0612806e-24
   6.3290345e+01   6.0401994e-24
   6.3436293e+01   6.0192317e-24
   6.3582577e+01   5.9983768e-24
   6.3729199e+01   5.9776344e-24
   6.3876159e+01   5.9570037e-24
   6.4023458e+01   5.9364844e-24
   6.4171097e+01   5.9160759e-24
   6.4319076e+01   5.8957776e-24
   6.4467396e+01   5.8755890e-24
   6.4616058e+01   5.8555097e-24
   6.4765063e+01   5.8355391e-24
   6.4914412e+01   5.8156767e-24
   6.5064105e+01   5.7959220e-24
   6.5214144e+01   5.7762744e-24
   6.5364528e+01   5.7567335e-24
   6.5515259e+01   5.7372987e-24
   6.5666338e+01   5.7179695e-24
   6.5817765e+01   5.6987455e-24
   6.5969541e+01   5.6796262e-24
   6.6121667e+01   5.6606110e-24
   6.6274144e+01   5.6416994e-24
   6.6426973e+01   5.6228909e-24
   6.6580154e+01   5.6041851e-24
   6.6733688e+01   5.5855815e-24
   6.6887577e+01   5.5670795e-24
   6.7041820e+01   5.5486787e-24
   6.7196419e+01   5.5303786e-24
   6.7351374e+01   5.5121787e-24
   6.7506687e+01   5.4940785e-24
   6.7662358e+01   5.4760776e-24
   6.7818388e+01   5.4581754e-24
   6.7974778e+01   5.4403715e-24
   6.8131528e+01   5.4226654e-24
   6.8288640e+01   5.4050567e-24
   6.8446114e+01   5.3875448e-24
   6.8603951e+01   5.3701293e-24
   6.8762153e+01   5.3528097e-24
   6.8920719e+01   5.3355856e-24
   6.9079650e+01   5.3184565e-24
   6.9238949e+01   5.3014219e-24
   6.9398614e+01   5.2844814e-24
   6.9558648e+01   5.2676345e-24
   6.9719051e+01   5.2508807e-24
   6.9879823e+01   5.2342197e-24
   7.0040967e+01   5.2176508e-24
   7.0202482e+01   5.2011738e-24
   7.0364369e+01   5.1847881e-24
   7.0526630e+01   5.1684933e-24
   7.0689265e+01   5.1522889e-24
   7.0852275e+01   5.1361745e-24
   7.1015661e+01   5.1201497e-24
   7.1179423e+01   5.1042139e-24
   7.1343564e+01   5.0883669e-24
   7.1508083e+01   5.0726080e-24
   7.1672981e+01   5.0569369e-24
   7.1838259e+01   5.0413532e-24
   7.2003919e+01   5.0258564e-24
   7.2169960e+01   5.0104461e-24
   7.2336385e+01   4.9951219e-24
   7.2503193e+01   4.9798832e-24
   7.2670386e+01   4.9647298e-24
   7.2837964e+01   4.9496611e-24
   7.3005929e+01   4.9346768e-24
   7.3174282e+01   4.9197764e-24
   7.3343022e+01   4.9049594e-24
   7.3512152e+01   4.8902256e-24
   7.3681671e+01   4.8755744e-24
   7.3851582e+01   4.8610055e-24
   7.4021884e+01   4.8465184e-24
   7.4192579e+01   4.8321127e-24
   7.4363668e+01   4.8177880e-24
   7.4535151e+01   4.8035439e-24
   7.4707029e+01   4.7893800e-24
   7.4879304e+01   4.7752958e-24
   7.5051977e+01   4.7612911e-24
   7.5225047e+01   4.7473652e-24
   7.5398517e+01   4.7335180e-24
   7.5572386e+01   4.7197489e-24
   7.5746657e+01   4.7060575e-24
   7.5921329e+01   4.6924436e-24
   7.6096404e+01   4.6789065e-24
   7.6271883e+01   4.6654461e-24
   7.6447767e+01   4.6520618e-24
   7.6624056e+01   4.6387533e-24
   7.6800751e+01   4.6255202e-24
   7.6977855e+01   4.6123621e-24
   7.7155366e+01   4.5992786e-24
   7.7333287e+01   4.5862693e-24
   7.7511618e+01   4.5733339e-24
   7.7690361e+01   4.5604719e-24
   7.7869515e+01   4.5476830e-24
   7.8049083e+01   4.5349668e-24
   7.8229065e+01   4.5223229e-24
   7.8409461e+01   4.5097510e-24
   7.8590274e+01   4.4972506e-24
   7.8771504e+01   4.4848214e-24
   7.8953152e+01   4.4724630e-24
   7.9135218e+01   4.4601750e-24
   7.9317705e+01   4.4479571e-24
   7.9500612e+01   4.4358089e-24
   7.9683941e+01   4.4237300e-24
   7.9867693e+01   4.4117201e-24
   8.0051868e+01   4.3997788e-24
   8.0236468e+01   4.3879057e-24
   8.0421494e+01   4.3761005e-24
   8.0606947e+01   4.3643628e-24
   8.0792827e+01   4.3526923e-24
   8.0979136e+01   4.3410885e-24
   8.1165874e+01   4.3295512e-24
   8.1353044e+01   4.3180800e-24
   8.1540644e+01   4.3066745e-24
   8.1728678e+01   4.2953344e-24
   8.1917145e+01   4.2840593e-24
   8.2106046e+01   4.2728488e-24
   8.2295383e+01   4.2617027e-24
   8.2485157e+01   4.2506206e-24
   8.2675369e+01   4.2396021e-24
   8.2866019e+01   4.2286469e-24
   8.3057108e+01   4.2177546e-24
   8.3248639e+01   4.2069250e-24
   8.3440611e+01   4.1961576e-24
   8.3633025e+01   4.1854521e-24
   8.3825884e+01   4.1748082e-24
   8.4019187e+01   4.1642255e-24
   8.4212936e+01   4.1537038e-24
   8.4407131e+01   4.1432427e-24
   8.4601775e+01   4.1328418e-24
   8.4796867e+01   4.1225008e-24
   8.4992409e+01   4.1122194e-24
   8.5188403e+01   4.1019972e-24
   8.5384848e+01   4.0918340e-24
   8.5581746e+01   4.0817294e-24
   8.5779098e+01   4.0716831e-24
   8.5976905e+01   4.0616948e-24
   8.6175169e+01   4.0517640e-24
   8.6373889e+01   4.0418906e-24
   8.6573068e+01   4.0320742e-24
   8.6772706e+01   4.0223145e-24
   8.6972805e+01   4.0126111e-24
   8.7173365e+01   4.0029638e-24
   8.7374387e+01   3.9933722e-24
   8.7575873e+01   3.9838360e-24
   8.7777824e+01   3.9743550e-24
   8.7980240e+01   3.9649287e-24
   8.8183123e+01   3.9555570e-24
   8.8386474e+01   3.9462394e-24
   8.8590294e+01   3.9369757e-24
   8.8794584e+01   3.9277655e-24
   8.8999345e+01   3.9186086e-24
   8.9204578e+01   3.9095047e-24
   8.9410285e+01   3.9004535e-24
   8.9616465e+01   3.8914546e-24
   8.9823122e+01   3.8825078e-24
   9.0030254e+01   3.8736128e-24
   9.0237865e+01   3.8647692e-24
   9.0445954e+01   3.8559768e-24
   9.0654523e+01   3.8472353e-24
   9.0863573e+01   3.8385444e-24
   9.1073105e+01   3.8299038e-24
   9.1283120e+01   3.8213132e-24
   9.1493620e+01   3.8127723e-24
   9.1704605e+01   3.8042808e-24
   9.1916077e+01   3.7958385e-24
   9.2128036e+01   3.7874451e-24
   9.2340484e+01   3.7791002e-24
   9.2553422e+01   3.7708037e-24
   9.2766850e+01   3.7625552e-24
   9.2980771e+01   3.7543544e-24
   9.3195186e+01   3.7462010e-24
   9.3410095e+01   3.7380949e-24
   9.3625499e+01   3.7300356e-24
   9.3841400e+01   3.7220230e-24
   9.4057799e+01   3.7140567e-24
   9.4274697e+01   3.7061366e-24
   9.4492095e+01   3.6982622e-24
   9.4709995e+01   3.6904334e-24
   9.4928397e+01   3.6826498e-24
   9.5147302e+01   3.6749113e-24
   9.5366713e+01   3.6672175e-24
   9.5586629e+01   3.6595682e-24
   9.5807053e+01   3.6519631e-24
   9.6027984e+01   3.6444020e-24
   9.6249426e+01   3.6368845e-24
   9.6471378e+01   3.6294105e-24
   9.6693841e+01   3.6219796e-24
   9.6916818e+01   3.6145916e-24
   9.7140309e+01   3.6072463e-24
   9.7364315e+01   3.5999434e-24
   9.7588838e+01   3.5926827e-24
   9.7813879e+01   3.5854638e-24
   9.8039438e+01   3.5782866e-24
   9.8265518e+01   3.5711508e-24
   9.8492119e+01   3.5640561e-24
   9.8719243e+01   3.5570023e-24
   9.8946890e+01   3.5499892e-24
   9.9175062e+01   3.5430164e-24
   9.9403761e+01   3.5360838e-24
   9.9632987e+01   3.5291911e-24
   9.9862741e+01   3.5223381e-24
   1.0009303e+02   3.5155245e-24
   1.0032384e+02   3.5087501e-24
   1.0055519e+02   3.5020147e-24
   1.0078707e+02   3.4953179e-24
   1.0101948e+02   3.4886597e-24
   1.0125244e+02   3.4820397e-24
   1.0148593e+02   3.4754576e-24
   1.0171995e+02   3.4689134e-24
   1.0195452e+02   3.4624067e-24
   1.0218963e+02   3.4559373e-24
   1.0242528e+02   3.4495050e-24
   1.0266147e+02   3.4431095e-24
   1.0289821e+02   3.4367507e-24
   1.0313549e+02   3.4304283e-24
   1.0337332e+02   3.4241420e-24
   1.0361170e+02   3.4178917e-24
   1.0385063e+02   3.4116771e-24
   1.0409011e+02   3.4054980e-24
   1.0433015e+02   3.3993542e-24
   1.0457073e+02   3.3932455e-24
   1.0481187e+02   3.3871716e-24
   1.0505357e+02   3.3811324e-24
   1.0529582e+02   3.3751275e-24
   1.0553864e+02   3.3691569e-24
   1.0578201e+02   3.3632203e-24
   1.0602594e+02   3.3573174e-24
   1.0627044e+02   3.3514481e-24
   1.0651550e+02   3.3456121e-24
   1.0676113e+02   3.3398093e-24
   1.0700732e+02   3.3340394e-24
   1.0725408e+02   3.3283023e-24
   1.0750141e+02   3.3225977e-24
   1.0774931e+02   3.3169253e-24
   1.0799778e+02   3.3112851e-24
   1.0824682e+02   3.3056769e-24
   1.0849644e+02   3.3001003e-24
   1.0874663e+02   3.2945552e-24
   1.0899740e+02   3.2890415e-24
   1.0924875e+02   3.2835588e-24
   1.0950068e+02   3.2781071e-24
   1.0975319e+02   3.2726861e-24
   1.1000628e+02   3.2672956e-24
   1.1025996e+02   3.2619355e-24
   1.1051422e+02   3.2566054e-24
   1.1076906e+02   3.2513054e-24
   1.1102450e+02   3.2460351e-24
   1.1128052e+02   3.2407943e-24
   1.1153714e+02   3.2355829e-24
   1.1179434e+02   3.2304007e-24
   1.1205214e+02   3.2252476e-24
   1.1231053e+02   3.2201232e-24
   1.1256952e+02   3.2150274e-24
   1.1282911e+02   3.2099602e-24
   1.1308929e+02   3.2049211e-24
   1.1335008e+02   3.1999102e-24
   1.1361146e+02   3.1949272e-24
   1.1387345e+02   3.1899719e-24
   1.1413605e+02   3.1850441e-24
   1.1439924e+02   3.1801437e-24
   1.1466305e+02   3.1752705e-24
   1.1492746e+02   3.1704244e-24
   1.1519249e+02   3.1656050e-24
   1.1545812e+02   3.1608124e-24
   1.1572437e+02   3.1560462e-24
   1.1599123e+02   3.1513064e-24
   1.1625871e+02   3.1465927e-24
   1.1652680e+02   3.1419050e-24
   1.1679551e+02   3.1372432e-24
   1.1706484e+02   3.1326070e-24
   1.1733480e+02   3.1279963e-24
   1.1760537e+02   3.1234109e-24
   1.1787657e+02   3.1188506e-24
   1.1814839e+02   3.1143154e-24
   1.1842085e+02   3.1098050e-24
   1.1869392e+02   3.1053193e-24
   1.1896763e+02   3.1008580e-24
   1.1924197e+02   3.0964212e-24
   1.1951695e+02   3.0920085e-24
   1.1979255e+02   3.0876199e-24
   1.2006880e+02   3.0832551e-24
   1.2034568e+02   3.0789141e-24
   1.2062319e+02   3.0745966e-24
   1.2090135e+02   3.0703026e-24
   1.2118015e+02   3.0660318e-24
   1.2145959e+02   3.0617842e-24
   1.2173968e+02   3.0575595e-24
   1.2202041e+02   3.0533576e-24
   1.2230179e+02   3.0491784e-24
   1.2258382e+02   3.0450217e-24
   1.2286650e+02   3.0408873e-24
   1.2314983e+02   3.0367752e-24
   1.2343382e+02   3.0326852e-24
   1.2371846e+02   3.0286171e-24
   1.2400375e+02   3.0245708e-24
   1.2428971e+02   3.0205461e-24
   1.2457632e+02   3.0165429e-24
   1.2486359e+02   3.0125612e-24
   1.2515153e+02   3.0086006e-24
   1.2544013e+02   3.0046611e-24
   1.2572940e+02   3.0007426e-24
   1.2601933e+02   2.9968449e-24
   1.2630993e+02   2.9929678e-24
   1.2660120e+02   2.9891113e-24
   1.2689314e+02   2.9852753e-24
   1.2718576e+02   2.9814594e-24
   1.2747905e+02   2.9776638e-24
   1.2777302e+02   2.9738881e-24
   1.2806767e+02   2.9701323e-24
   1.2836299e+02   2.9663963e-24
   1.2865900e+02   2.9626798e-24
   1.2895569e+02   2.9589829e-24
   1.2925306e+02   2.9553053e-24
   1.2955112e+02   2.9516470e-24
   1.2984986e+02   2.9480077e-24
   1.3014930e+02   2.9443875e-24
   1.3044942e+02   2.9407861e-24
   1.3075024e+02   2.9372035e-24
   1.3105175e+02   2.9336394e-24
   1.3135396e+02   2.9300939e-24
   1.3165686e+02   2.9265667e-24
   1.3196046e+02   2.9230578e-24
   1.3226476e+02   2.9195670e-24
   1.3256977e+02   2.9160943e-24
   1.3287547e+02   2.9126394e-24
   1.3318189e+02   2.9092023e-24
   1.3348901e+02   2.9057828e-24
   1.3379683e+02   2.9023810e-24
   1.3410537e+02   2.8989965e-24
   1.3441462e+02   2.8956294e-24
   1.3472458e+02   2.8922794e-24
   1.3503525e+02   2.8889466e-24
   1.3534665e+02   2.8856308e-24
   1.3565876e+02   2.8823318e-24
   1.3597159e+02   2.8790496e-24
   1.3628514e+02   2.8757840e-24
   1.3659941e+02   2.8725350e-24
   1.3691441e+02   2.8693024e-24
   1.3723014e+02   2.8660862e-24
   1.3754659e+02   2.8628861e-24
   1.3786377e+02   2.8597022e-24
   1.3818169e+02   2.8565343e-24
   1.3850034e+02   2.8533824e-24
   1.3881972e+02   2.8502462e-24
   1.3913984e+02   2.8471257e-24
   1.3946070e+02   2.8440209e-24
   1.3978229e+02   2.8409315e-24
   1.4010463e+02   2.8378575e-24
   1.4042772e+02   2.8347989e-24
   1.4075154e+02   2.8317554e-24
   1.4107612e+02   2.8287271e-24
   1.4140144e+02   2.8257137e-24
   1.4172751e+02   2.8227153e-24
   1.4205434e+02   2.8197317e-24
   1.4238192e+02   2.8167628e-24
   1.4271025e+02   2.8138085e-24
   1.4303934e+02   2.8108688e-24
   1.4336919e+02   2.8079435e-24
   1.4369980e+02   2.8050325e-24
   1.4403117e+02   2.8021358e-24
   1.4436331e+02   2.7992533e-24
   1.4469621e+02   2.7963848e-24
   1.4502988e+02   2.7935303e-24
   1.4536432e+02   2.7906897e-24
   1.4569954e+02   2.7878629e-24
   1.4603552e+02   2.7850499e-24
   1.4637228e+02   2.7822504e-24
   1.4670981e+02   2.7794645e-24
   1.4704813e+02   2.7766921e-24
   1.4738722e+02   2.7739330e-24
   1.4772710e+02   2.7711872e-24
   1.4806776e+02   2.7684546e-24
   1.4840920e+02   2.7657351e-24
   1.4875144e+02   2.7630287e-24
   1.4909446e+02   2.7603352e-24
   1.4943827e+02   2.7576546e-24
   1.4978288e+02   2.7549868e-24
   1.5012828e+02   2.7523317e-24
   1.5047447e+02   2.7496892e-24
   1.5082147e+02   2.7470592e-24
   1.5116927e+02   2.7444418e-24
   1.5151786e+02   2.7418367e-24
   1.5186726e+02   2.7392440e-24
   1.5221747e+02   2.7366634e-24
   1.5256849e+02   2.7340951e-24
   1.5292031e+02   2.7315388e-24
   1.5327295e+02   2.7289946e-24
   1.5362639e+02   2.7264623e-24
   1.5398066e+02   2.7239419e-24
   1.5433574e+02   2.7214332e-24
   1.5469164e+02   2.7189363e-24
   1.5504836e+02   2.7164510e-24
   1.5540590e+02   2.7139773e-24
   1.5576427e+02   2.7115151e-24
   1.5612346e+02   2.7090643e-24
   1.5648348e+02   2.7066249e-24
   1.5684434e+02   2.7041968e-24
   1.5720602e+02   2.7017799e-24
   1.5756854e+02   2.6993741e-24
   1.5793189e+02   2.6969795e-24
   1.5829608e+02   2.6945959e-24
   1.5866112e+02   2.6922232e-24
   1.5902699e+02   2.6898614e-24
   1.5939371e+02   2.6875105e-24
   1.5976127e+02   2.6851703e-24
   1.6012968e+02   2.6828408e-24
   1.6049894e+02   2.6805219e-24
   1.6086905e+02   2.6782136e-24
   1.6124002e+02   2.6759157e-24
   1.6161184e+02   2.6736284e-24
   1.6198452e+02   2.6713514e-24
   1.6235805e+02   2.6690847e-24
   1.6273245e+02   2.6668283e-24
   1.6310772e+02   2.6645820e-24
   1.6348384e+02   2.6623459e-24
   1.6386084e+02   2.6601199e-24
   1.6423870e+02   2.6579039e-24
   1.6461744e+02   2.6556979e-24
   1.6499705e+02   2.6535017e-24
   1.6537753e+02   2.6513154e-24
   1.6575889e+02   2.6491389e-24
   1.6614114e+02   2.6469721e-24
   1.6652426e+02   2.6448149e-24
   1.6690826e+02   2.6426674e-24
   1.6729316e+02   2.6405295e-24
   1.6767894e+02   2.6384010e-24
   1.6806560e+02   2.6362820e-24
   1.6845316e+02   2.6341724e-24
   1.6884162e+02   2.6320721e-24
   1.6923097e+02   2.6299811e-24
   1.6962122e+02   2.6278994e-24
   1.7001236e+02   2.6258268e-24
   1.7040441e+02   2.6237634e-24
   1.7079737e+02   2.6217091e-24
   1.7119123e+02   2.6196637e-24
   1.7158600e+02   2.6176274e-24
   1.7198168e+02   2.6156000e-24
   1.7237827e+02   2.6135815e-24
   1.7277577e+02   2.6115718e-24
   1.7317419e+02   2.6095709e-24
   1.7357354e+02   2.6075787e-24
   1.7397380e+02   2.6055952e-24
   1.7437498e+02   2.6036203e-24
   1.7477709e+02   2.6016540e-24
   1.7518013e+02   2.5996963e-24
   1.7558410e+02   2.5977471e-24
   1.7598899e+02   2.5958063e-24
   1.7639483e+02   2.5938739e-24
   1.7680159e+02   2.5919499e-24
   1.7720930e+02   2.5900342e-24
   1.7761795e+02   2.5881268e-24
   1.7802753e+02   2.5862276e-24
   1.7843807e+02   2.5843366e-24
   1.7884955e+02   2.5824537e-24
   1.7926198e+02   2.5805790e-24
   1.7967535e+02   2.5787123e-24
   1.8008969e+02   2.5768536e-24
   1.8050498e+02   2.5750028e-24
   1.8092122e+02   2.5731600e-24
   1.8133843e+02   2.5713251e-24
   1.8175659e+02   2.5694980e-24
   1.8217573e+02   2.5676788e-24
   1.8259583e+02   2.5658673e-24
   1.8301689e+02   2.5640635e-24
   1.8343893e+02   2.5622675e-24
   1.8386194e+02   2.5604791e-24
   1.8428593e+02   2.5586983e-24
   1.8471089e+02   2.5569250e-24
   1.8513684e+02   2.5551593e-24
   1.8556377e+02   2.5534012e-24
   1.8599168e+02   2.5516504e-24
   1.8642058e+02   2.5499071e-24
   1.8685046e+02   2.5481712e-24
   1.8728134e+02   2.5464426e-24
   1.8771321e+02   2.5447214e-24
   1.8814608e+02   2.5430074e-24
   1.8857995e+02   2.5413007e-24
   1.8901482e+02   2.5396012e-24
   1.8945068e+02   2.5379089e-24
   1.8988756e+02   2.5362237e-24
   1.9032544e+02   2.5345456e-24
   1.9076433e+02   2.5328746e-24
   1.9120424e+02   2.5312107e-24
   1.9164516e+02   2.5295537e-24
   1.9208709e+02   2.5279038e-24
   1.9253005e+02   2.5262607e-24
   1.9297402e+02   2.5246246e-24
   1.9341902e+02   2.5229954e-24
   1.9386505e+02   2.5213730e-24
   1.9431210e+02   2.5197575e-24
   1.9476019e+02   2.5181487e-24
   1.9520930e+02   2.5165467e-24
   1.9565946e+02   2.5149514e-24
   1.9611065e+02   2.5133628e-24
   1.9656288e+02   2.5117809e-24
   1.9701616e+02   2.5102057e-24
   1.9747048e+02   2.5086370e-24
   1.9792585e+02   2.5070749e-24
   1.9838227e+02   2.5055194e-24
   1.9883974e+02   2.5039704e-24
   1.9929826e+02   2.5024279e-24
   1.9975785e+02   2.5008919e-24
   2.0021849e+02   2.4993623e-24
   2.0068020e+02   2.4978391e-24
   2.0114297e+02   2.4963223e-24
   2.0160680e+02   2.4948119e-24
   2.0207171e+02   2.4933078e-24
   2.0253769e+02   2.4918100e-24
   2.0300474e+02   2.4903185e-24
   2.0347287e+02   2.4888333e-24
   2.0394208e+02   2.4873543e-24
   2.0441237e+02   2.4858815e-24
   2.0488375e+02   2.4844149e-24
   2.0535621e+02   2.4829545e-24
   2.0582977e+02   2.4815002e-24
   2.0630441e+02   2.4800520e-24
   2.0678015e+02   2.4786099e-24
   2.0725699e+02   2.4771738e-24
   2.0773492e+02   2.4757439e-24
   2.0821396e+02   2.4743199e-24
   2.0869411e+02   2.4729019e-24
   2.0917536e+02   2.4714899e-24
   2.0965772e+02   2.4700839e-24
   2.1014119e+02   2.4686837e-24
   2.1062578e+02   2.4672895e-24
   2.1111148e+02   2.4659012e-24
   2.1159831e+02   2.4645187e-24
   2.1208625e+02   2.4631421e-24
   2.1257533e+02   2.4617714e-24
   2.1306553e+02   2.4604064e-24
   2.1355686e+02   2.4590472e-24
   2.1404932e+02   2.4576937e-24
   2.1454292e+02   2.4563461e-24
   2.1503766e+02   2.4550041e-24
   2.1553354e+02   2.4536678e-24
   2.1603056e+02   2.4523373e-24
   2.1652873e+02   2.4510123e-24
   2.1702804e+02   2.4496931e-24
   2.1752851e+02   2.4483795e-24
   2.1803013e+02   2.4470714e-24
   2.1853291e+02   2.4457690e-24
   2.1903685e+02   2.4444722e-24
   2.1954195e+02   2.4431809e-24
   2.2004822e+02   2.4418951e-24
   2.2055565e+02   2.4406149e-24
   2.2106425e+02   2.4393402e-24
   2.2157403e+02   2.4380710e-24
   2.2208498e+02   2.4368072e-24
   2.2259711e+02   2.4355489e-24
   2.2311042e+02   2.4342961e-24
   2.2362491e+02   2.4330486e-24
   2.2414060e+02   2.4318066e-24
   2.2465747e+02   2.4305700e-24
   2.2517553e+02   2.4293387e-24
   2.2569478e+02   2.4281128e-24
   2.2621524e+02   2.4268923e-24
   2.2673689e+02   2.4256771e-24
   2.2725975e+02   2.4244672e-24
   2.2778381e+02   2.4232626e-24
   2.2830908e+02   2.4220633e-24
   2.2883556e+02   2.4208693e-24
   2.2936326e+02   2.4196805e-24
   2.2989217e+02   2.4184970e-24
   2.3042231e+02   2.4173187e-24
   2.3095366e+02   2.4161457e-24
   2.3148624e+02   2.4149778e-24
   2.3202005e+02   2.4138152e-24
   2.3255509e+02   2.4126577e-24
   2.3309137e+02   2.4115054e-24
   2.3362888e+02   2.4103583e-24
   2.3416763e+02   2.4092163e-24
   2.3470762e+02   2.4080794e-24
   2.3524886e+02   2.4069476e-24
   2.3579134e+02   2.4058210e-24
   2.3633508e+02   2.4046995e-24
   2.3688007e+02   2.4035830e-24
   2.3742632e+02   2.4024716e-24
   2.3797382e+02   2.4013653e-24
   2.3852259e+02   2.4002641e-24
   2.3907263e+02   2.3991678e-24
   2.3962393e+02   2.3980767e-24
   2.4017651e+02   2.3969905e-24
   2.4073036e+02   2.3959093e-24
   2.4128548e+02   2.3948332e-24
   2.4184189e+02   2.3937620e-24
   2.4239958e+02   2.3926958e-24
   2.4295855e+02   2.3916346e-24
   2.4351882e+02   2.3905784e-24
   2.4408037e+02   2.3895271e-24
   2.4464322e+02   2.3884807e-24
   2.4520737e+02   2.3874393e-24
   2.4577282e+02   2.3864028e-24
   2.4633958e+02   2.3853713e-24
   2.4690764e+02   2.3843446e-24
   2.4747701e+02   2.3833229e-24
   2.4804769e+02   2.3823060e-24
   2.4861969e+02   2.3812940e-24
   2.4919301e+02   2.3802869e-24
   2.4976765e+02   2.3792847e-24
   2.5034362e+02   2.3782873e-24
   2.5092091e+02   2.3772948e-24
   2.5149954e+02   2.3763071e-24
   2.5207950e+02   2.3753243e-24
   2.5266080e+02   2.3743463e-24
   2.5324343e+02   2.3733731e-24
   2.5382742e+02   2.3724048e-24
   2.5441274e+02   2.3714412e-24
   2.5499942e+02   2.3704825e-24
   2.5558745e+02   2.3695286e-24
   2.5617684e+02   2.3685794e-24
   2.5676758e+02   2.3676351e-24
   2.5735969e+02   2.3666955e-24
   2.5795317e+02   2.3657607e-24
   2.5854801e+02   2.3648307e-24
   2.5914422e+02   2.3639054e-24
   2.5974181e+02   2.3629849e-24
   2.6034078e+02   2.3620692e-24
   2.6094112e+02   2.3611582e-24
   2.6154286e+02   2.3602519e-24
   2.6214598e+02   2.3593504e-24
   2.6275049e+02   2.3584537e-24
   2.6335639e+02   2.3575616e-24
   2.6396369e+02   2.3566743e-24
   2.6457240e+02   2.3557917e-24
   2.6518250e+02   2.3549138e-24
   2.6579401e+02   2.3540407e-24
   2.6640694e+02   2.3531722e-24
   2.6702127e+02   2.3523084e-24
   2.6763703e+02   2.3514494e-24
   2.6825420e+02   2.3505951e-24
   2.6887280e+02   2.3497454e-24
   2.6949282e+02   2.3489004e-24
   2.7011427e+02   2.3480602e-24
   2.7073716e+02   2.3472246e-24
   2.7136148e+02   2.3463937e-24
   2.7198724e+02   2.3455675e-24
   2.7261444e+02   2.3447459e-24
   2.7324310e+02   2.3439290e-24
   2.7387320e+02   2.3431168e-24
   2.7450475e+02   2.3423093e-24
   2.7513776e+02   2.3415064e-24
   2.7577223e+02   2.3407083e-24
   2.7640816e+02   2.3399147e-24
   2.7704556e+02   2.3391259e-24
   2.7768443e+02   2.3383416e-24
   2.7832477e+02   2.3375621e-24
   2.7896659e+02   2.3367872e-24
   2.7960989e+02   2.3360170e-24
   2.8025467e+02   2.3352514e-24
   2.8090094e+02   2.3344905e-24
   2.8154870e+02   2.3337342e-24
   2.8219796e+02   2.3329826e-24
   2.8284871e+02   2.3322356e-24
   2.8350096e+02   2.3314933e-24
   2.8415471e+02   2.3307556e-24
   2.8480998e+02   2.3300225e-24
   2.8546675e+02   2.3292942e-24
   2.8612504e+02   2.3285704e-24
   2.8678485e+02   2.3278514e-24
   2.8744617e+02   2.3271369e-24
   2.8810903e+02   2.3264271e-24
   2.8877341e+02   2.3257220e-24
   2.8943932e+02   2.3250215e-24
   2.9010677e+02   2.3243257e-24
   2.9077576e+02   2.3236345e-24
   2.9144629e+02   2.3229479e-24
   2.9211837e+02   2.3222660e-24
   2.9279200e+02   2.3215888e-24
   2.9346718e+02   2.3209162e-24
   2.9414391e+02   2.3202482e-24
   2.9482221e+02   2.3195850e-24
   2.9550207e+02   2.3189263e-24
   2.9618350e+02   2.3182724e-24
   2.9686651e+02   2.3176230e-24
   2.9755108e+02   2.3169784e-24
   2.9823724e+02   2.3163384e-24
   2.9892498e+02   2.3157030e-24
   2.9961430e+02   2.3150724e-24
   3.0030521e+02   2.3144464e-24
   3.0099772e+02   2.3138250e-24
   3.0169182e+02   2.3132084e-24
   3.0238752e+02   2.3125964e-24
   3.0308483e+02   2.3119891e-24
   3.0378375e+02   2.3113864e-24
   3.0448428e+02   2.3107884e-24
   3.0518642e+02   2.3101952e-24
   3.0589018e+02   2.3096066e-24
   3.0659557e+02   2.3090227e-24
   3.0730258e+02   2.3084434e-24
   3.0801122e+02   2.3078689e-24
   3.0872150e+02   2.3072991e-24
   3.0943341e+02   2.3067340e-24
   3.1014697e+02   2.3061735e-24
   3.1086217e+02   2.3056178e-24
   3.1157902e+02   2.3050668e-24
   3.1229752e+02   2.3045205e-24
   3.1301768e+02   2.3039789e-24
   3.1373950e+02   2.3034420e-24
   3.1446299e+02   2.3029099e-24
   3.1518814e+02   2.3023825e-24
   3.1591497e+02   2.3018598e-24
   3.1664347e+02   2.3013419e-24
   3.1737365e+02   2.3008287e-24
   3.1810552e+02   2.3003202e-24
   3.1883907e+02   2.2998165e-24
   3.1957432e+02   2.2993175e-24
   3.2031126e+02   2.2988233e-24
   3.2104990e+02   2.2983339e-24
   3.2179024e+02   2.2978492e-24
   3.2253229e+02   2.2973693e-24
   3.2327606e+02   2.2968942e-24
   3.2402153e+02   2.2964238e-24
   3.2476873e+02   2.2959583e-24
   3.2551765e+02   2.2954975e-24
   3.2626829e+02   2.2950415e-24
   3.2702067e+02   2.2945904e-24
   3.2777478e+02   2.2941440e-24
   3.2853063e+02   2.2937025e-24
   3.2928823e+02   2.2932657e-24
   3.3004757e+02   2.2928338e-24
   3.3080866e+02   2.2924067e-24
   3.3157151e+02   2.2919845e-24
   3.3233612e+02   2.2915671e-24
   3.3310249e+02   2.2911546e-24
   3.3387062e+02   2.2907469e-24
   3.3464053e+02   2.2903440e-24
   3.3541221e+02   2.2899461e-24
   3.3618568e+02   2.2895530e-24
   3.3696092e+02   2.2891647e-24
   3.3773796e+02   2.2887814e-24
   3.3851679e+02   2.2884030e-24
   3.3929741e+02   2.2880294e-24
   3.4007983e+02   2.2876608e-24
   3.4086406e+02   2.2872970e-24
   3.4165009e+02   2.2869382e-24
   3.4243794e+02   2.2865844e-24
   3.4322760e+02   2.2862354e-24
   3.4401909e+02   2.2858914e-24
   3.4481240e+02   2.2855524e-24
   3.4560754e+02   2.2852183e-24
   3.4640451e+02   2.2848891e-24
   3.4720333e+02   2.2845649e-24
   3.4800398e+02   2.2842458e-24
   3.4880648e+02   2.2839316e-24
   3.4961083e+02   2.2836223e-24
   3.5041703e+02   2.2833181e-24
   3.5122510e+02   2.2830189e-24
   3.5203503e+02   2.2827248e-24
   3.5284682e+02   2.2824356e-24
   3.5366049e+02   2.2821515e-24
   3.5447603e+02   2.2818724e-24
   3.5529346e+02   2.2815984e-24
   3.5611277e+02   2.2813294e-24
   3.5693397e+02   2.2810655e-24
   3.5775706e+02   2.2808067e-24
   3.5858205e+02   2.2805530e-24
   3.5940894e+02   2.2803043e-24
   3.6023774e+02   2.2800608e-24
   3.6106845e+02   2.2798224e-24
   3.6190108e+02   2.2795891e-24
   3.6273563e+02   2.2793609e-24
   3.6357210e+02   2.2791379e-24
   3.6441050e+02   2.2789200e-24
   3.6525083e+02   2.2787073e-24
   3.6609310e+02   2.2784997e-24
   3.6693731e+02   2.2782974e-24
   3.6778347e+02   2.2781002e-24
   3.6863159e+02   2.2779082e-24
   3.6948165e+02   2.2777214e-24
   3.7033368e+02   2.2775399e-24
   3.7118767e+02   2.2773636e-24
   3.7204364e+02   2.2771925e-24
   3.7290157e+02   2.2770267e-24
   3.7376148e+02   2.2768661e-24
   3.7462338e+02   2.2767108e-24
   3.7548727e+02   2.2765608e-24
   3.7635314e+02   2.2764161e-24
   3.7722102e+02   2.2762767e-24
   3.7809089e+02   2.2761426e-24
   3.7896277e+02   2.2760138e-24
   3.7983666e+02   2.2758904e-24
   3.8071257e+02   2.2757723e-24
   3.8159049e+02   2.2756596e-24
   3.8247044e+02   2.2755522e-24
   3.8335242e+02   2.2754503e-24
   3.8423644e+02   2.2753537e-24
   3.8512249e+02   2.2752626e-24
   3.8601059e+02   2.2751769e-24
   3.8690073e+02   2.2750966e-24
   3.8779292e+02   2.2750218e-24
   3.8868718e+02   2.2749524e-24
   3.8958349e+02   2.2748885e-24
   3.9048188e+02   2.2748301e-24
   3.9138233e+02   2.2747772e-24
   3.9228486e+02   2.2747298e-24
   3.9318947e+02   2.2746880e-24
   3.9409617e+02   2.2746517e-24
   3.9500496e+02   2.2746209e-24
   3.9591584e+02   2.2745957e-24
   3.9682883e+02   2.2745762e-24
   3.9774392e+02   2.2745622e-24
   3.9866112e+02   2.2745538e-24
   3.9958044e+02   2.2745511e-24
   4.0050187e+02   2.2745540e-24
   4.0142543e+02   2.2745626e-24
   4.0235112e+02   2.2745769e-24
   4.0327895e+02   2.2745969e-24
   4.0420891e+02   2.2746226e-24
   4.0514102e+02   2.2746541e-24
   4.0607528e+02   2.2746913e-24
   4.0701169e+02   2.2747343e-24
   4.0795026e+02   2.2747831e-24
   4.0889100e+02   2.2748377e-24
   4.0983390e+02   2.2748982e-24
   4.1077898e+02   2.2749645e-24
   4.1172624e+02   2.2750367e-24
   4.1267569e+02   2.2751148e-24
   4.1362732e+02   2.2751988e-24
   4.1458115e+02   2.2752888e-24
   4.1553718e+02   2.2753848e-24
   4.1649541e+02   2.2754867e-24
   4.1745585e+02   2.2755947e-24
   4.1841851e+02   2.2757088e-24
   4.1938338e+02   2.2758290e-24
   4.2035048e+02   2.2759553e-24
   4.2131982e+02   2.2760878e-24
   4.2229138e+02   2.2762265e-24
   4.2326519e+02   2.2763714e-24
   4.2424124e+02   2.2765227e-24
   4.2521955e+02   2.2766802e-24
   4.2620010e+02   2.2768441e-24
   4.2718293e+02   2.2770145e-24
   4.2816801e+02   2.2771913e-24
   4.2915537e+02   2.2773746e-24
   4.3014501e+02   2.2775646e-24
   4.3113692e+02   2.2777612e-24
   4.3213113e+02   2.2779645e-24
   4.3312763e+02   2.2781747e-24
   4.3412642e+02   2.2783918e-24
   4.3512752e+02   2.2786159e-24
   4.3613093e+02   2.2788470e-24
   4.3713665e+02   2.2790855e-24
   4.3814469e+02   2.2793312e-24
   4.3915506e+02   2.2795845e-24
   4.4016775e+02   2.2798454e-24
   4.4118278e+02   2.2801141e-24
   4.4220015e+02   2.2803909e-24
   4.4321987e+02   2.2806760e-24
   4.4424194e+02   2.2809696e-24
   4.4526636e+02   2.2812721e-24
   4.4629315e+02   2.2815837e-24
   4.4732231e+02   2.2819049e-24
   4.4835383e+02   2.2822361e-24
   4.4938774e+02   2.2825779e-24
   4.5042403e+02   2.2829310e-24
   4.5146271e+02   2.2832960e-24
   4.5250379e+02   2.2836738e-24
   4.5354727e+02   2.2840656e-24
   4.5459315e+02   2.2844725e-24
   4.5564145e+02   2.2848962e-24
   4.5669216e+02   2.2853386e-24
   4.5774529e+02   2.2858021e-24
   4.5880086e+02   2.2862895e-24
   4.5985886e+02   2.2868048e-24
   4.6091930e+02   2.2873526e-24
   4.6198218e+02   2.2879394e-24
   4.6304751e+02   2.2885732e-24
   4.6411530e+02   2.2892652e-24
   4.6518556e+02   2.2900306e-24
   4.6625828e+02   2.2908902e-24
   4.6733347e+02   2.2918744e-24
   4.6841115e+02   2.2930274e-24
   4.6949131e+02   2.2944167e-24
   4.7057396e+02   2.2961488e-24
   4.7165911e+02   2.2984008e-24
   4.7274676e+02   2.3014835e-24
   4.7383691e+02   2.3059865e-24
   4.7492958e+02   2.3131402e-24
   4.7602478e+02   2.3258806e-24
   4.7712249e+02   2.3527253e-24
   4.7822274e+02   2.4276722e-24
   4.7932553e+02   2.8088550e-24
   4.8043085e+02   4.0537021e-23
   4.8153873e+02   2.7330620e-24
   4.8264916e+02   2.4144153e-24
   4.8376216e+02   2.3488426e-24
   4.8487772e+02   2.3255750e-24
   4.8599585e+02   2.3149820e-24
   4.8711656e+02   2.3094537e-24
   4.8823985e+02   2.3063360e-24
   4.8936574e+02   2.3045099e-24
   4.9049422e+02   2.3034382e-24
   4.9162530e+02   2.3028373e-24
   4.9275899e+02   2.3025460e-24
   4.9389530e+02   2.3024673e-24
   4.9503423e+02   2.3025402e-24
   4.9617578e+02   2.3027246e-24
   4.9731996e+02   2.3029933e-24
   4.9846679e+02   2.3033274e-24
   4.9961626e+02   2.3037135e-24
   5.0076837e+02   2.3041418e-24
   5.0192315e+02   2.3046049e-24
   5.0308059e+02   2.3050974e-24
   5.0424070e+02   2.3056150e-24
   5.0540348e+02   2.3061546e-24
   5.0656894e+02   2.3067136e-24
   5.0773710e+02   2.3072898e-24
   5.0890794e+02   2.3078818e-24
   5.1008149e+02   2.3084882e-24
   5.1125774e+02   2.3091079e-24
   5.1243670e+02   2.3097401e-24
   5.1361839e+02   2.3103840e-24
   5.1480279e+02   2.3110390e-24
   5.1598993e+02   2.3117048e-24
   5.1717981e+02   2.3123807e-24
   5.1837243e+02   2.3130665e-24
   5.1956780e+02   2.3137620e-24
   5.2076593e+02   2.3144667e-24
   5.2196682e+02   2.3151806e-24
   5.2317048e+02   2.3159034e-24
   5.2437691e+02   2.3166350e-24
   5.2558613e+02   2.3173752e-24
   5.2679814e+02   2.3181240e-24
   5.2801294e+02   2.3188812e-24
   5.2923054e+02   2.3196468e-24
   5.3045095e+02   2.3204206e-24
   5.3167417e+02   2.3212027e-24
   5.3290022e+02   2.3219930e-24
   5.3412909e+02   2.3227913e-24
   5.3536079e+02   2.3235978e-24
   5.3659534e+02   2.3244123e-24
   5.3783273e+02   2.3252348e-24
   5.3907298e+02   2.3260654e-24
   5.4031609e+02   2.3269040e-24
   5.4156206e+02   2.3277505e-24
   5.4281090e+02   2.3286050e-24
   5.4406263e+02   2.3294674e-24
   5.4531724e+02   2.3303379e-24
   5.4657475e+02   2.3312162e-24
   5.4783515e+02   2.3321026e-24
   5.4909847e+02   2.3329968e-24
   5.5036469e+02   2.3338991e-24
   5.5163384e+02   2.3348093e-24
   5.5290591e+02   2.3357274e-24
   5.5418091e+02   2.3366536e-24
   5.5545886e+02   2.3375877e-24
   5.5673975e+02   2.3385298e-24
   5.5802360e+02   2.3394799e-24
   5.5931040e+02   2.3404380e-24
   5.6060018e+02   2.3414042e-24
   5.6189293e+02   2.3423783e-24
   5.6318866e+02   2.3433606e-24
   5.6448737e+02   2.3443509e-24
   5.6578909e+02   2.3453492e-24
   5.6709380e+02   2.3463557e-24
   5.6840152e+02   2.3473702e-24
   5.6971226e+02   2.3483929e-24
   5.7102602e+02   2.3494237e-24
   5.7234281e+02   2.3504626e-24
   5.7366264e+02   2.3515098e-24
   5.7498551e+02   2.3525651e-24
   5.7631143e+02   2.3536286e-24
   5.7764041e+02   2.3547003e-24
   5.7897245e+02   2.3557803e-24
   5.8030757e+02   2.3568685e-24
   5.8164576e+02   2.3579650e-24
   5.8298704e+02   2.3590697e-24
   5.8433141e+02   2.3601828e-24
   5.8567889e+02   2.3613042e-24
   5.8702947e+02   2.3624340e-24
   5.8838316e+02   2.3635721e-24
   5.8973998e+02   2.3647186e-24
   5.9109992e+02   2.3658735e-24
   5.9246300e+02   2.3670368e-24
   5.9382923e+02   2.3682086e-24
   5.9519860e+02   2.3693888e-24
   5.9657113e+02   2.3705775e-24
   5.9794683e+02   2.3717747e-24
   5.9932570e+02   2.3729804e-24
   6.0070775e+02   2.3741947e-24
   6.0209299e+02   2.3754175e-24
   6.0348142e+02   2.3766489e-24
   6.0487305e+02   2.3778889e-24
   6.0626789e+02   2.3791376e-24
   6.0766595e+02   2.3803948e-24
   6.0906723e+02   2.3816608e-24
   6.1047175e+02   2.3829354e-24
   6.1187950e+02   2.3842187e-24
   6.1329050e+02   2.3855107e-24
   6.1470475e+02   2.3868115e-24
   6.1612226e+02   2.3881211e-24
   6.1754305e+02   2.3894394e-24
   6.1896711e+02   2.3907666e-24
   6.2039445e+02   2.3921026e-24
   6.2182508e+02   2.3934474e-24
   6.2325902e+02   2.3948011e-24
   6.2469626e+02   2.3961638e-24
   6.2613681e+02   2.3975353e-24
   6.2758069e+02   2.3989158e-24
   6.2902789e+02   2.4003052e-24
   6.3047844e+02   2.4017036e-24
   6.3193232e+02   2.4031110e-24
   6.3338957e+02   2.4045274e-24
   6.3485017e+02   2.4059529e-24
   6.3631414e+02   2.4073875e-24
   6.3778148e+02   2.4088311e-24
   6.3925221e+02   2.4102839e-24
   6.4072633e+02   2.4117458e-24
   6.4220385e+02   2.4132169e-24
   6.4368478e+02   2.4146971e-24
   6.4516912e+02   2.4161865e-24
   6.4665688e+02   2.4176852e-24
   6.4814808e+02   2.4191931e-24
   6.4964271e+02   2.4207103e-24
   6.5114080e+02   2.4222367e-24
   6.5264233e+02   2.4237725e-24
   6.5414733e+02   2.4253177e-24
   6.5565580e+02   2.4268721e-24
   6.5716775e+02   2.4284360e-24
   6.5868318e+02   2.4300093e-24
   6.6020211e+02   2.4315920e-24
   6.6172454e+02   2.4331841e-24
   6.6325048e+02   2.4347857e-24
   6.6477994e+02   2.4363969e-24
   6.6631293e+02   2.4380175e-24
   6.6784945e+02   2.4396477e-24
   6.6938952e+02   2.4412874e-24
   6.7093314e+02   2.4429368e-24
   6.7248031e+02   2.4445957e-24
   6.7403106e+02   2.4462643e-24
   6.7558538e+02   2.4479425e-24
   6.7714328e+02   2.4496304e-24
   6.7870478e+02   2.4513281e-24
   6.8026988e+02   2.4530354e-24
   6.8183859e+02   2.4547525e-24
   6.8341091e+02   2.4564794e-24
   6.8498686e+02   2.4582160e-24
   6.8656645e+02   2.4599625e-24
   6.8814967e+02   2.4617189e-24
   6.8973655e+02   2.4634851e-24
   6.9132709e+02   2.4652612e-24
   6.9292130e+02   2.4670472e-24
   6.9451918e+02   2.4688431e-24
   6.9612074e+02   2.4706490e-24
   6.9772600e+02   2.4724649e-24
   6.9933497e+02   2.4742908e-24
   7.0094764e+02   2.4761268e-24
   7.0256403e+02   2.4779728e-24
   7.0418415e+02   2.4798288e-24
   7.0580800e+02   2.4816950e-24
   7.0743560e+02   2.4835713e-24
   7.0906695e+02   2.4854578e-24
   7.1070206e+02   2.4873544e-24
   7.1234095e+02   2.4892613e-24
   7.1398361e+02   2.4911784e-24
   7.1563006e+02   2.4931057e-24
   7.1728031e+02   2.4950433e-24
   7.1893437e+02   2.4969912e-24
   7.2059223e+02   2.4989494e-24
   7.2225393e+02   2.5009179e-24
   7.2391945e+02   2.5028968e-24
   7.2558881e+02   2.5048862e-24
   7.2726203e+02   2.5068859e-24
   7.2893910e+02   2.5088961e-24
   7.3062004e+02   2.5109167e-24
   7.3230485e+02   2.5129479e-24
   7.3399355e+02   2.5149895e-24
   7.3568615e+02   2.5170417e-24
   7.3738265e+02   2.5191045e-24
   7.3908306e+02   2.5211779e-24
   7.4078739e+02   2.5232618e-24
   7.4249565e+02   2.5253564e-24
   7.4420785e+02   2.5274617e-24
   7.4592400e+02   2.5295777e-24
   7.4764410e+02   2.5317044e-24
   7.4936818e+02   2.5338418e-24
   7.5109623e+02   2.5359900e-24
   7.5282826e+02   2.5381489e-24
   7.5456429e+02   2.5403187e-24
   7.5630432e+02   2.5424993e-24
   7.5804836e+02   2.5446908e-24
   7.5979643e+02   2.5468932e-24
   7.6154852e+02   2.5491065e-24
   7.6330466e+02   2.5513307e-24
   7.6506485e+02   2.5535659e-24
   7.6682909e+02   2.5558121e-24
   7.6859741e+02   2.5580693e-24
   7.7036980e+02   2.5603375e-24
   7.7214628e+02   2.5626168e-24
   7.7392685e+02   2.5649072e-24
   7.7571153e+02   2.5672087e-24
   7.7750033e+02   2.5695213e-24
   7.7929325e+02   2.5718451e-24
   7.8109031e+02   2.5741801e-24
   7.8289151e+02   2.5765263e-24
   7.8469686e+02   2.5788838e-24
   7.8650638e+02   2.5812525e-24
   7.8832007e+02   2.5836325e-24
   7.9013794e+02   2.5860238e-24
   7.9196000e+02   2.5884265e-24
   7.9378627e+02   2.5908406e-24
   7.9561675e+02   2.5932660e-24
   7.9745144e+02   2.5957029e-24
   7.9929037e+02   2.5981512e-24
   8.0113354e+02   2.6006110e-24
   8.0298096e+02   2.6030822e-24
   8.0483264e+02   2.6055650e-24
   8.0668859e+02   2.6080594e-24
   8.0854882e+02   2.6105653e-24
   8.1041334e+02   2.6130828e-24
   8.1228216e+02   2.6156120e-24
   8.1415529e+02   2.6181528e-24
   8.1603274e+02   2.6207053e-24
   8.1791452e+02   2.6232695e-24
   8.1980064e+02   2.6258455e-24
   8.2169110e+02   2.6284331e-24
   8.2358593e+02   2.6310326e-24
   8.2548512e+02   2.6336439e-24
   8.2738870e+02   2.6362670e-24
   8.2929666e+02   2.6389020e-24
   8.3120903e+02   2.6415489e-24
   8.3312580e+02   2.6442077e-24
   8.3504700e+02   2.6468784e-24
   8.3697262e+02   2.6495611e-24
   8.3890269e+02   2.6522558e-24
   8.4083720e+02   2.6549626e-24
   8.4277618e+02   2.6576814e-24
   8.4471963e+02   2.6604122e-24
   8.4666756e+02   2.6631552e-24
   8.4861998e+02   2.6659102e-24
   8.5057690e+02   2.6686775e-24
   8.5253834e+02   2.6714569e-24
   8.5450430e+02   2.6742486e-24
   8.5647479e+02   2.6770524e-24
   8.5844983e+02   2.6798686e-24
   8.6042942e+02   2.6826970e-24
   8.6241358e+02   2.6855378e-24
   8.6440231e+02   2.6883909e-24
   8.6639563e+02   2.6912564e-24
   8.6839354e+02   2.6941343e-24
   8.7039607e+02   2.6970246e-24
   8.7240321e+02   2.6999273e-24
   8.7441498e+02   2.7028426e-24
   8.7643138e+02   2.7057704e-24
   8.7845244e+02   2.7087107e-24
   8.8047816e+02   2.7116636e-24
   8.8250855e+02   2.7146291e-24
   8.8454362e+02   2.7176073e-24
   8.8658338e+02   2.7205981e-24
   8.8862785e+02   2.7236016e-24
   8.9067703e+02   2.7266178e-24
   8.9273094e+02   2.7296468e-24
   8.9478959e+02   2.7326886e-24
   8.9685298e+02   2.7357432e-24
   8.9892113e+02   2.7388106e-24
   9.0099405e+02   2.7418910e-24
   9.0307175e+02   2.7449843e-24
   9.0515424e+02   2.7480906e-24
   9.0724153e+02   2.7512098e-24
   9.0933364e+02   2.7543422e-24
   9.1143057e+02   2.7574876e-24
   9.1353233e+02   2.7606463e-24
   9.1563894e+02   2.7638181e-24
   9.1775041e+02   2.7670033e-24
   9.1986675e+02   2.7702018e-24
   9.2198797e+02   2.7734138e-24
   9.2411408e+02   2.7766395e-24
   9.2624510e+02   2.7798788e-24
   9.2838103e+02   2.7831321e-24
   9.3052188e+02   2.7863996e-24
   9.3266767e+02   2.7896816e-24
   9.3481841e+02   2.7929786e-24
   9.3697411e+02   2.7962913e-24
   9.3913478e+02   2.7996206e-24
   9.4130043e+02   2.8029683e-24
   9.4347108e+02   2.8063370e-24
   9.4564673e+02   2.8097313e-24
   9.4782740e+02   2.8131603e-24
   9.5001309e+02   2.8166428e-24
   9.5220383e+02   2.8202246e-24
   9.5439962e+02   2.8240429e-24
   9.5660047e+02   2.8286796e-24
   9.5880640e+02   2.8394992e-24
   9.6101742e+02   3.3961872e-24
   9.6323353e+02   2.8428695e-24
   9.6545475e+02   2.8420013e-24
   9.6768110e+02   2.8445999e-24
   9.6991258e+02   2.8477813e-24
   9.7214920e+02   2.8511477e-24
   9.7439099e+02   2.8545967e-24
   9.7663794e+02   2.8580923e-24
   9.7889008e+02   2.8616193e-24
   9.8114740e+02   2.8651706e-24
   9.8340994e+02   2.8687421e-24
   9.8567769e+02   2.8723317e-24
   9.8795067e+02   2.8759381e-24
   9.9022889e+02   2.8795604e-24
   9.9251237e+02   2.8831983e-24
   9.9480111e+02   2.8868512e-24
   9.9709513e+02   2.8905190e-24
   9.9939443e+02   2.8942015e-24
   1.0016990e+03   2.8978986e-24
   1.0040090e+03   2.9016103e-24
   1.0063242e+03   2.9053364e-24
   1.0086448e+03   2.9090770e-24
   1.0109708e+03   2.9128321e-24
   1.0133021e+03   2.9166015e-24
   1.0156387e+03   2.9203854e-24
   1.0179808e+03   2.9241837e-24
   1.0203283e+03   2.9279965e-24
   1.0226812e+03   2.9318238e-24
   1.0250395e+03   2.9356655e-24
   1.0274032e+03   2.9395217e-24
   1.0297724e+03   2.9433925e-24
   1.0321471e+03   2.9472778e-24
   1.0345272e+03   2.9511776e-24
   1.0369129e+03   2.9550921e-24
   1.0393040e+03   2.9590211e-24
   1.0417006e+03   2.9629648e-24
   1.0441028e+03   2.9669232e-24
   1.0465105e+03   2.9708962e-24
   1.0489238e+03   2.9748840e-24
   1.0513426e+03   2.9788865e-24
   1.0537670e+03   2.9829038e-24
   1.0561970e+03   2.9869359e-24
   1.0586326e+03   2.9909829e-24
   1.0610738e+03   2.9950447e-24
   1.0635207e+03   2.9991214e-24
   1.0659731e+03   3.0032130e-24
   1.0684313e+03   3.0073195e-24
   1.0708951e+03   3.0114411e-24
   1.0733646e+03   3.0155776e-24
   1.0758398e+03   3.0197292e-24
   1.0783207e+03   3.0238958e-24
   1.0808073e+03   3.0280775e-24
   1.0832996e+03   3.0322744e-24
   1.0857977e+03   3.0364864e-24
   1.0883016e+03   3.0407136e-24
   1.0908112e+03   3.0449560e-24
   1.0933266e+03   3.0492137e-24
   1.0958479e+03   3.0534866e-24
   1.0983749e+03   3.0577748e-24
   1.1009078e+03   3.0620784e-24
   1.1034465e+03   3.0663973e-24
   1.1059910e+03   3.0707317e-24
   1.1085414e+03   3.0750814e-24
   1.1110977e+03   3.0794466e-24
   1.1136599e+03   3.0838273e-24
   1.1162281e+03   3.0882235e-24
   1.1188021e+03   3.0926353e-24
   1.1213820e+03   3.0970626e-24
   1.1239680e+03   3.1015056e-24
   1.1265598e+03   3.1059642e-24
   1.1291577e+03   3.1104384e-24
   1.1317615e+03   3.1149284e-24
   1.1343714e+03   3.1194341e-24
   1.1369873e+03   3.1239556e-24
   1.1396092e+03   3.1284928e-24
   1.1422371e+03   3.1330459e-24
   1.1448711e+03   3.1376149e-24
   1.1475112e+03   3.1421997e-24
   1.1501574e+03   3.1468004e-24
   1.1528096e+03   3.1514171e-24
   1.1554680e+03   3.1560498e-24
   1.1581325e+03   3.1606985e-24
   1.1608032e+03   3.1653633e-24
   1.1634800e+03   3.1700441e-24
   1.1661630e+03   3.1747410e-24
   1.1688522e+03   3.1794541e-24
   1.1715476e+03   3.1841834e-24
   1.1742492e+03   3.1889288e-24
   1.1769570e+03   3.1936905e-24
   1.1796711e+03   3.1984684e-24
   1.1823914e+03   3.2032627e-24
   1.1851180e+03   3.2080733e-24
   1.1878509e+03   3.2129002e-24
   1.1905901e+03   3.2177436e-24
   1.1933356e+03   3.2226033e-24
   1.1960875e+03   3.2274796e-24
   1.1988456e+03   3.2323723e-24
   1.2016102e+03   3.2372815e-24
   1.2043811e+03   3.2422073e-24
   1.2071584e+03   3.2471497e-24
   1.2099421e+03   3.2521088e-24
   1.2127323e+03   3.2570844e-24
   1.2155288e+03   3.2620768e-24
   1.2183319e+03   3.2670859e-24
   1.2211413e+03   3.2721117e-24
   1.2239573e+03   3.2771543e-24
   1.2267798e+03   3.2822137e-24
   1.2296087e+03   3.2872900e-24
   1.2324442e+03   3.2923832e-24
   1.2352862e+03   3.2974932e-24
   1.2381348e+03   3.3026203e-24
   1.2409900e+03   3.3077643e-24
   1.2438517e+03   3.3129253e-24
   1.2467200e+03   3.3181034e-24
   1.2495950e+03   3.3232985e-24
   1.2524766e+03   3.3285108e-24
   1.2553648e+03   3.3337402e-24
   1.2582597e+03   3.3389868e-24
   1.2611612e+03   3.3442506e-24
   1.2640695e+03   3.3495317e-24
   1.2669844e+03   3.3548300e-24
   1.2699061e+03   3.3601457e-24
   1.2728345e+03   3.3654787e-24
   1.2757697e+03   3.3708291e-24
   1.2787116e+03   3.3761969e-24
   1.2816603e+03   3.3815821e-24
   1.2846158e+03   3.3869849e-24
   1.2875782e+03   3.3924051e-24
   1.2905473e+03   3.3978429e-24
   1.2935233e+03   3.4032983e-24
   1.2965062e+03   3.4087714e-24
   1.2994960e+03   3.4142620e-24
   1.3024926e+03   3.4197704e-24
   1.3054962e+03   3.4252965e-24
   1.3085067e+03   3.4308403e-24
   1.3115241e+03   3.4364020e-24
   1.3145485e+03   3.4419814e-24
   1.3175798e+03   3.4475788e-24
   1.3206182e+03   3.4531940e-24
   1.3236635e+03   3.4588271e-24
   1.3267159e+03   3.4644783e-24
   1.3297753e+03   3.4701474e-24
   1.3328418e+03   3.4758346e-24
   1.3359154e+03   3.4815398e-24
   1.3389960e+03   3.4872631e-24
   1.3420837e+03   3.4930046e-24
   1.3451786e+03   3.4987643e-24
   1.3482806e+03   3.5045422e-24
   1.3513897e+03   3.5103383e-24
   1.3545060e+03   3.5161527e-24
   1.3576295e+03   3.5219854e-24
   1.3607602e+03   3.5278365e-24
   1.3638982e+03   3.5337060e-24
   1.3670433e+03   3.5395940e-24
   1.3701957e+03   3.5455004e-24
   1.3733554e+03   3.5514253e-24
   1.3765224e+03   3.5573687e-24
   1.3796966e+03   3.5633308e-24
   1.3828782e+03   3.5693114e-24
   1.3860672e+03   3.5753108e-24
   1.3892634e+03   3.5813289e-24
   1.3924671e+03   3.5873657e-24
   1.3956781e+03   3.5934213e-24
   1.3988966e+03   3.5994959e-24
   1.4021224e+03   3.6055893e-24
   1.4053558e+03   3.6117018e-24
   1.4085965e+03   3.6178335e-24
   1.4118448e+03   3.6239844e-24
   1.4151005e+03   3.6301548e-24
   1.4183637e+03   3.6363452e-24
   1.4216345e+03   3.6425561e-24
   1.4249128e+03   3.6487890e-24
   1.4281986e+03   3.6550471e-24
   1.4314921e+03   3.6613403e-24
   1.4347931e+03   3.6677093e-24
   1.4381017e+03   3.6745146e-24
   1.4414180e+03   3.7707954e-24
   1.4447419e+03   3.6869897e-24
   1.4480735e+03   3.6930057e-24
   1.4514128e+03   3.6993167e-24
   1.4547598e+03   3.7056911e-24
   1.4581144e+03   3.7120981e-24
   1.4614769e+03   3.7185297e-24
   1.4648470e+03   3.7249834e-24
   1.4682250e+03   3.7314579e-24
   1.4716107e+03   3.7379528e-24
   1.4750043e+03   3.7444678e-24
   1.4784056e+03   3.7510028e-24
   1.4818149e+03   3.7575577e-24
   1.4852319e+03   3.7641326e-24
   1.4886569e+03   3.7707273e-24
   1.4920897e+03   3.7773419e-24
   1.4955305e+03   3.7839765e-24
   1.4989792e+03   3.7906310e-24
   1.5024359e+03   3.7973055e-24
   1.5059005e+03   3.8040000e-24
   1.5093731e+03   3.8107146e-24
   1.5128538e+03   3.8174492e-24
   1.5163424e+03   3.8242039e-24
   1.5198391e+03   3.8309788e-24
   1.5233439e+03   3.8377739e-24
   1.5268567e+03   3.8445892e-24
   1.5303776e+03   3.8514248e-24
   1.5339067e+03   3.8582807e-24
   1.5374439e+03   3.8651569e-24
   1.5409893e+03   3.8720535e-24
   1.5445428e+03   3.8789705e-24
   1.5481045e+03   3.8859080e-24
   1.5516745e+03   3.8928659e-24
   1.5552526e+03   3.8998444e-24
   1.5588391e+03   3.9068435e-24
   1.5624338e+03   3.9138632e-24
   1.5660367e+03   3.9209035e-24
   1.5696480e+03   3.9279646e-24
   1.5732677e+03   3.9350464e-24
   1.5768956e+03   3.9421489e-24
   1.5805320e+03   3.9492723e-24
   1.5841767e+03   3.9564165e-24
   1.5878298e+03   3.9635816e-24
   1.5914913e+03   3.9707677e-24
   1.5951613e+03   3.9779747e-24
   1.5988398e+03   3.9852028e-24
   1.6025267e+03   3.9924519e-24
   1.6062222e+03   3.9997221e-24
   1.6099261e+03   4.0070135e-24
   1.6136386e+03   4.0143260e-24
   1.6173597e+03   4.0216598e-24
   1.6210893e+03   4.0290148e-24
   1.6248276e+03   4.0363912e-24
   1.6285744e+03   4.0437889e-24
   1.6323300e+03   4.0512079e-24
   1.6360941e+03   4.0586485e-24
   1.6398670e+03   4.0661104e-24
   1.6436485e+03   4.0735939e-24
   1.6474388e+03   4.0810990e-24
   1.6512378e+03   4.0886257e-24
   1.6550456e+03   4.0961740e-24
   1.6588621e+03   4.1037440e-24
   1.6626874e+03   4.1113357e-24
   1.6665216e+03   4.1189492e-24
   1.6703646e+03   4.1265845e-24
   1.6742165e+03   4.1342417e-24
   1.6780773e+03   4.1419207e-24
   1.6819469e+03   4.1496217e-24
   1.6858255e+03   4.1573447e-24
   1.6897130e+03   4.1650897e-24
   1.6936095e+03   4.1728568e-24
   1.6975150e+03   4.1806460e-24
   1.7014295e+03   4.1884574e-24
   1.7053530e+03   4.1962909e-24
   1.7092855e+03   4.2041467e-24
   1.7132272e+03   4.2120248e-24
   1.7171779e+03   4.2199253e-24
   1.7211377e+03   4.2278481e-24
   1.7251067e+03   4.2357933e-24
   1.7290848e+03   4.2437610e-24
   1.7330721e+03   4.2517512e-24
   1.7370685e+03   4.2597639e-24
   1.7410742e+03   4.2677993e-24
   1.7450892e+03   4.2758573e-24
   1.7491133e+03   4.2839379e-24
   1.7531468e+03   4.2920413e-24
   1.7571896e+03   4.3001675e-24
   1.7612417e+03   4.3083165e-24
   1.7653031e+03   4.3164884e-24
   1.7693739e+03   4.3246832e-24
   1.7734541e+03   4.3329010e-24
   1.7775437e+03   4.3411417e-24
   1.7816427e+03   4.3494055e-24
   1.7857512e+03   4.3576924e-24
   1.7898692e+03   4.3660024e-24
   1.7939966e+03   4.3743356e-24
   1.7981336e+03   4.3826921e-24
   1.8022801e+03   4.3910718e-24
   1.8064362e+03   4.3994748e-24
   1.8106018e+03   4.4079013e-24
   1.8147771e+03   4.4163511e-24
   1.8189620e+03   4.4248244e-24
   1.8231565e+03   4.4333212e-24
   1.8273607e+03   4.4418416e-24
   1.8315746e+03   4.4503855e-24
   1.8357983e+03   4.4589532e-24
   1.8400316e+03   4.4675445e-24
   1.8442748e+03   4.4761595e-24
   1.8485277e+03   4.4847984e-24
   1.8527904e+03   4.4934611e-24
   1.8570629e+03   4.5021477e-24
   1.8613453e+03   4.5108582e-24
   1.8656376e+03   4.5195928e-24
   1.8699398e+03   4.5283514e-24
   1.8742519e+03   4.5371341e-24
   1.8785739e+03   4.5459409e-24
   1.8829059e+03   4.5547720e-24
   1.8872479e+03   4.5636274e-24
   1.8915999e+03   4.5725072e-24
   1.8959620e+03   4.5814115e-24
   1.9003341e+03   4.5903407e-24
   1.9047163e+03   4.5992954e-24
   1.9091086e+03   4.6082772e-24
   1.9135110e+03   4.6172937e-24
   1.9179235e+03   4.6264205e-24
   1.9223463e+03   4.6379256e-24
   1.9267792e+03   4.6444790e-24
   1.9312224e+03   4.6535366e-24
   1.9356758e+03   4.6626521e-24
   1.9401395e+03   4.6717982e-24
   1.9446135e+03   4.6809709e-24
   1.9490978e+03   4.6901693e-24
   1.9535924e+03   4.6993930e-24
   1.9580974e+03   4.7086419e-24
   1.9626128e+03   4.7179159e-24
   1.9671386e+03   4.7272151e-24
   1.9716748e+03   4.7365396e-24
   1.9762215e+03   4.7458892e-24
   1.9807787e+03   4.7552642e-24
   1.9853464e+03   4.7646645e-24
   1.9899246e+03   4.7740901e-24
   1.9945134e+03   4.7835412e-24
   1.9991128e+03   4.7930177e-24
   2.0037227e+03   4.8025198e-24
   2.0083433e+03   4.8120474e-24
   2.0129746e+03   4.8216007e-24
   2.0176165e+03   4.8311796e-24
   2.0222692e+03   4.8407842e-24
   2.0269325e+03   4.8504147e-24
   2.0316067e+03   4.8600709e-24
   2.0362916e+03   4.8697530e-24
   2.0409873e+03   4.8794611e-24
   2.0456938e+03   4.8891951e-24
   2.0504112e+03   4.8989552e-24
   2.0551394e+03   4.9087414e-24
   2.0598786e+03   4.9185537e-24
   2.0646287e+03   4.9283921e-24
   2.0693898e+03   4.9382569e-24
   2.0741618e+03   4.9481479e-24
   2.0789448e+03   4.9580653e-24
   2.0837389e+03   4.9680091e-24
   2.0885440e+03   4.9779793e-24
   2.0933602e+03   4.9879761e-24
   2.0981875e+03   4.9979994e-24
   2.1030259e+03   5.0080494e-24
   2.1078755e+03   5.0181260e-24
   2.1127363e+03   5.0282294e-24
   2.1176083e+03   5.0383595e-24
   2.1224915e+03   5.0485165e-24
   2.1273860e+03   5.0587004e-24
   2.1322918e+03   5.0689112e-24
   2.1372088e+03   5.0791490e-24
   2.1421373e+03   5.0894138e-24
   2.1470771e+03   5.0997058e-24
   2.1520282e+03   5.1100250e-24
   2.1569908e+03   5.1203714e-24
   2.1619649e+03   5.1307450e-24
   2.1669504e+03   5.1411460e-24
   2.1719474e+03   5.1515744e-24
   2.1769559e+03   5.1620302e-24
   2.1819760e+03   5.1725135e-24
   2.1870076e+03   5.1830244e-24
   2.1920509e+03   5.1935629e-24
   2.1971058e+03   5.2041290e-24
   2.2021723e+03   5.2147229e-24
   2.2072505e+03   5.2253446e-24
   2.2123405e+03   5.2359941e-24
   2.2174421e+03   5.2466715e-24
   2.2225556e+03   5.2573769e-24
   2.2276808e+03   5.2681103e-24
   2.2328179e+03   5.2788717e-24
   2.2379668e+03   5.2896613e-24
   2.2431275e+03   5.3004791e-24
   2.2483002e+03   5.3113251e-24
   2.2534848e+03   5.3221994e-24
   2.2586814e+03   5.3331020e-24
   2.2638899e+03   5.3440331e-24
   2.2691104e+03   5.3549927e-24
   2.2743430e+03   5.3659808e-24
   2.2795877e+03   5.3769975e-24
   2.2848444e+03   5.3880428e-24
   2.2901133e+03   5.3991169e-24
   2.2953943e+03   5.4102197e-24
   2.3006875e+03   5.4213514e-24
   2.3059929e+03   5.4325119e-24
   2.3113105e+03   5.4437014e-24
   2.3166404e+03   5.4549199e-24
   2.3219826e+03   5.4661675e-24
   2.3273371e+03   5.4774442e-24
   2.3327040e+03   5.4887501e-24
   2.3380832e+03   5.5000853e-24
   2.3434749e+03   5.5114498e-24
   2.3488789e+03   5.5228436e-24
   2.3542955e+03   5.5342669e-24
   2.3597245e+03   5.5457197e-24
   2.3651660e+03   5.5572021e-24
   2.3706201e+03   5.5687142e-24
   2.3760868e+03   5.5802561e-24
   2.3815661e+03   5.5918280e-24
   2.3870580e+03   5.6034304e-24
   2.3925626e+03   5.6150655e-24
   2.3980798e+03   5.6267600e-24
   2.4036098e+03   5.6386225e-24
   2.4091526e+03   5.6501426e-24
   2.4147081e+03   5.6618859e-24
   2.4202764e+03   5.6736653e-24
   2.4258576e+03   5.6854760e-24
   2.4314516e+03   5.6973174e-24
   2.4370586e+03   5.7091893e-24
   2.4426785e+03   5.7210917e-24
   2.4483113e+03   5.7330247e-24
   2.4539571e+03   5.7449882e-24
   2.4596160e+03   5.7569824e-24
   2.4652879e+03   5.7690072e-24
   2.4709728e+03   5.7810628e-24
   2.4766709e+03   5.7931492e-24
   2.4823821e+03   5.8052665e-24
   2.4881065e+03   5.8174147e-24
   2.4938441e+03   5.8295939e-24
   2.4995949e+03   5.8418042e-24
   2.5053590e+03   5.8540456e-24
   2.5111364e+03   5.8663183e-24
   2.5169271e+03   5.8786221e-24
   2.5227312e+03   5.8909573e-24
   2.5285486e+03   5.9033239e-24
   2.5343794e+03   5.9157220e-24
   2.5402237e+03   5.9281516e-24
   2.5460815e+03   5.9406127e-24
   2.5519528e+03   5.9531056e-24
   2.5578376e+03   5.9656301e-24
   2.5637360e+03   5.9781865e-24
   2.5696480e+03   5.9907747e-24
   2.5755736e+03   6.0033948e-24
   2.5815129e+03   6.0160469e-24
   2.5874659e+03   6.0287310e-24
   2.5934326e+03   6.0414473e-24
   2.5994131e+03   6.0541958e-24
   2.6054074e+03   6.0669765e-24
   2.6114155e+03   6.0797896e-24
   2.6174374e+03   6.0926351e-24
   2.6234732e+03   6.1055130e-24
   2.6295230e+03   6.1184235e-24
   2.6355867e+03   6.1313665e-24
   2.6416644e+03   6.1443423e-24
   2.6477561e+03   6.1573507e-24
   2.6538618e+03   6.1703920e-24
   2.6599816e+03   6.1834661e-24
   2.6661156e+03   6.1965732e-24
   2.6722637e+03   6.2097134e-24
   2.6784259e+03   6.2228866e-24
   2.6846024e+03   6.2360929e-24
   2.6907931e+03   6.2493325e-24
   2.6969981e+03   6.2626054e-24
   2.7032174e+03   6.2759116e-24
   2.7094510e+03   6.2892513e-24
   2.7156991e+03   6.3026245e-24
   2.7219615e+03   6.3160312e-24
   2.7282383e+03   6.3294717e-24
   2.7345297e+03   6.3429458e-24
   2.7408355e+03   6.3564537e-24
   2.7471559e+03   6.3699955e-24
   2.7534909e+03   6.3835713e-24
   2.7598405e+03   6.3971810e-24
   2.7662047e+03   6.4108248e-24
   2.7725836e+03   6.4245028e-24
   2.7789772e+03   6.4382150e-24
   2.7853855e+03   6.4519615e-24
   2.7918086e+03   6.4657423e-24
   2.7982465e+03   6.4795577e-24
   2.8046993e+03   6.4934075e-24
   2.8111670e+03   6.5072919e-24
   2.8176496e+03   6.5212110e-24
   2.8241471e+03   6.5351648e-24
   2.8306596e+03   6.5491535e-24
   2.8371871e+03   6.5631770e-24
   2.8437297e+03   6.5772356e-24
   2.8502873e+03   6.5913291e-24
   2.8568601e+03   6.6054579e-24
   2.8634481e+03   6.6196221e-24
   2.8700512e+03   6.6338221e-24
   2.8766696e+03   6.6480630e-24
   2.8833032e+03   6.6625941e-24
   2.8899521e+03   6.6766343e-24
   2.8966164e+03   6.6909720e-24
   2.9032960e+03   6.7053478e-24
   2.9099910e+03   6.7197598e-24
   2.9167015e+03   6.7342076e-24
   2.9234274e+03   6.7486914e-24
   2.9301688e+03   6.7632112e-24
   2.9369258e+03   6.7777670e-24
   2.9436984e+03   6.7923589e-24
   2.9504866e+03   6.8069870e-24
   2.9572904e+03   6.8216514e-24
   2.9641100e+03   6.8363521e-24
   2.9709452e+03   6.8510891e-24
   2.9777963e+03   6.8658627e-24
   2.9846631e+03   6.8806729e-24
   2.9915457e+03   6.8955197e-24
   2.9984443e+03   6.9104032e-24
   3.0053587e+03   6.9253235e-24
   3.0122891e+03   6.9402807e-24
   3.0192354e+03   6.9552748e-24
   3.0261978e+03   6.9703060e-24
   3.0331763e+03   6.9853743e-24
   3.0401708e+03   7.0004798e-24
   3.0471814e+03   7.0156226e-24
   3.0542083e+03   7.0308027e-24
   3.0612513e+03   7.0460203e-24
   3.0683106e+03   7.0612754e-24
   3.0753861e+03   7.0765681e-24
   3.0824780e+03   7.0918985e-24
   3.0895862e+03   7.1072666e-24
   3.0967108e+03   7.1226726e-24
   3.1038518e+03   7.1381165e-24
   3.1110093e+03   7.1535984e-24
   3.1181833e+03   7.1691184e-24
   3.1253739e+03   7.1846766e-24
   3.1325810e+03   7.2002730e-24
   3.1398048e+03   7.2159078e-24
   3.1470452e+03   7.2315810e-24
   3.1543023e+03   7.2472927e-24
   3.1615762e+03   7.2630429e-24
   3.1688668e+03   7.2788319e-24
   3.1761742e+03   7.2946595e-24
   3.1834985e+03   7.3105261e-24
   3.1908397e+03   7.3264315e-24
   3.1981978e+03   7.3423760e-24
   3.2055728e+03   7.3583595e-24
   3.2129649e+03   7.3743822e-24
   3.2203740e+03   7.3904442e-24
   3.2278002e+03   7.4065455e-24
   3.2352436e+03   7.4226862e-24
   3.2427041e+03   7.4388664e-24
   3.2501818e+03   7.4550863e-24
   3.2576767e+03   7.4713458e-24
   3.2651889e+03   7.4876451e-24
   3.2727185e+03   7.5039843e-24
   3.2802654e+03   7.5203634e-24
   3.2878297e+03   7.5367825e-24
   3.2954115e+03   7.5532418e-24
   3.3030107e+03   7.5697413e-24
   3.3106275e+03   7.5862810e-24
   3.3182618e+03   7.6028612e-24
   3.3259138e+03   7.6194818e-24
   3.3335833e+03   7.6361430e-24
   3.3412706e+03   7.6528449e-24
   3.3489756e+03   7.6695879e-24
   3.3566984e+03   7.6863741e-24
   3.3644389e+03   7.7032379e-24
   3.3721974e+03   7.7200614e-24
   3.3799737e+03   7.7369668e-24
   3.3877679e+03   7.7539141e-24
   3.3955801e+03   7.7709028e-24
   3.4034104e+03   7.7879329e-24
   3.4112587e+03   7.8050044e-24
   3.4191251e+03   7.8221175e-24
   3.4270096e+03   7.8392723e-24
   3.4349123e+03   7.8564687e-24
   3.4428332e+03   7.8737070e-24
   3.4507724e+03   7.8909872e-24
   3.4587299e+03   7.9083094e-24
   3.4667058e+03   7.9256736e-24
   3.4747000e+03   7.9430800e-24
   3.4827127e+03   7.9605287e-24
   3.4907439e+03   7.9780198e-24
   3.4987936e+03   7.9955533e-24
   3.5068618e+03   8.0131294e-24
   3.5149487e+03   8.0307481e-24
   3.5230542e+03   8.0484095e-24
   3.5311784e+03   8.0661138e-24
   3.5393213e+03   8.0838609e-24
   3.5474830e+03   8.1016511e-24
   3.5556635e+03   8.1194844e-24
   3.5638629e+03   8.1373609e-24
   3.5720812e+03   8.1552807e-24
   3.5803184e+03   8.1732439e-24
   3.5885747e+03   8.1912505e-24
   3.5968500e+03   8.2093008e-24
   3.6051443e+03   8.2273947e-24
   3.6134578e+03   8.2455324e-24
   3.6217905e+03   8.2637140e-24
   3.6301424e+03   8.2819395e-24
   3.6385135e+03   8.3002091e-24
   3.6469039e+03   8.3185229e-24
   3.6553137e+03   8.3368809e-24
   3.6637429e+03   8.3552832e-24
   3.6721915e+03   8.3737300e-24
   3.6806596e+03   8.3922214e-24
   3.6891472e+03   8.4107574e-24
   3.6976544e+03   8.4293381e-24
   3.7061813e+03   8.4479637e-24
   3.7147277e+03   8.4666343e-24
   3.7232939e+03   8.4853498e-24
   3.7318799e+03   8.5041105e-24
   3.7404856e+03   8.5229165e-24
   3.7491112e+03   8.5417677e-24
   3.7577567e+03   8.5606645e-24
   3.7664221e+03   8.5796067e-24
   3.7751075e+03   8.5985946e-24
   3.7838129e+03   8.6176282e-24
   3.7925384e+03   8.6367077e-24
   3.8012841e+03   8.6558331e-24
   3.8100498e+03   8.6750046e-24
   3.8188359e+03   8.6942222e-24
   3.8276421e+03   8.7134862e-24
   3.8364687e+03   8.7327977e-24
   3.8453156e+03   8.7521670e-24
   3.8541829e+03   8.7715564e-24
   3.8630707e+03   8.7910059e-24
   3.8719790e+03   8.8105023e-24
   3.8809078e+03   8.8300457e-24
   3.8898572e+03   8.8496361e-24
   3.8988272e+03   8.8692736e-24
   3.9078180e+03   8.8889582e-24
   3.9168294e+03   8.9086901e-24
   3.9258617e+03   8.9284694e-24
   3.9349147e+03   8.9482962e-24
   3.9439887e+03   8.9681705e-24
   3.9530835e+03   8.9880926e-24
   3.9621994e+03   9.0080624e-24
   3.9713362e+03   9.0280802e-24
   3.9804942e+03   9.0481459e-24
   3.9896732e+03   9.0682598e-24
   3.9988734e+03   9.0884219e-24
   4.0080949e+03   9.1086323e-24
   4.0173376e+03   9.1288912e-24
   4.0266016e+03   9.1491986e-24
   4.0358870e+03   9.1695547e-24
   4.0451937e+03   9.1899595e-24
   4.0545220e+03   9.2104132e-24
   4.0638718e+03   9.2309159e-24
   4.0732431e+03   9.2514676e-24
   4.0826360e+03   9.2720686e-24
   4.0920506e+03   9.2927188e-24
   4.1014869e+03   9.3134185e-24
   4.1109450e+03   9.3341676e-24
   4.1204248e+03   9.3549665e-24
   4.1299266e+03   9.3758150e-24
   4.1394502e+03   9.3967134e-24
   4.1489958e+03   9.4176618e-24
   4.1585634e+03   9.4386602e-24
   4.1681531e+03   9.4597088e-24
   4.1777649e+03   9.4808077e-24
   4.1873988e+03   9.5019570e-24
   4.1970550e+03   9.5231569e-24
   4.2067335e+03   9.5444073e-24
   4.2164342e+03   9.5657086e-24
   4.2261574e+03   9.5870606e-24
   4.2359029e+03   9.6084637e-24
   4.2456709e+03   9.6299178e-24
   4.2554615e+03   9.6514231e-24
   4.2652746e+03   9.6729797e-24
   4.2751104e+03   9.6945878e-24
   4.2849688e+03   9.7162474e-24
   4.2948500e+03   9.7379587e-24
   4.3047539e+03   9.7597217e-24
   4.3146807e+03   9.7815370e-24
   4.3246304e+03   9.8034349e-24
   4.3346030e+03   9.8253227e-24
   4.3445987e+03   9.8472937e-24
   4.3546173e+03   9.8693173e-24
   4.3646591e+03   9.8913933e-24
   4.3747241e+03   9.9135219e-24
   4.3848122e+03   9.9357032e-24
   4.3949236e+03   9.9579374e-24
   4.4050583e+03   9.9802244e-24
   4.4152164e+03   1.0002565e-23
   4.4253980e+03   1.0024958e-23
   4.4356030e+03   1.0047404e-23
   4.4458315e+03   1.0069904e-23
   4.4560836e+03   1.0092458e-23
   4.4663594e+03   1.0115065e-23
   4.4766588e+03   1.0137726e-23
   4.4869821e+03   1.0160441e-23
   4.4973291e+03   1.0183210e-23
   4.5076999e+03   1.0206033e-23
   4.5180947e+03   1.0228910e-23
   4.5285135e+03   1.0251841e-23
   4.5389563e+03   1.0274827e-23
   4.5494231e+03   1.0297868e-23
   4.5599142e+03   1.0320963e-23
   4.5704294e+03   1.0344114e-23
   4.5809688e+03   1.0367319e-23
   4.5915325e+03   1.0390579e-23
   4.6021207e+03   1.0413895e-23
   4.6127332e+03   1.0437265e-23
   4.6233702e+03   1.0460692e-23
   4.6340317e+03   1.0484174e-23
   4.6447178e+03   1.0507711e-23
   4.6554286e+03   1.0531305e-23
   4.6661640e+03   1.0554954e-23
   4.6769242e+03   1.0578660e-23
   4.6877093e+03   1.0602422e-23
   4.6985192e+03   1.0626240e-23
   4.7093540e+03   1.0650115e-23
   4.7202138e+03   1.0674046e-23
   4.7310986e+03   1.0698034e-23
   4.7420086e+03   1.0722078e-23
   4.7529437e+03   1.0746181e-23
   4.7639040e+03   1.0770339e-23
   4.7748896e+03   1.0794555e-23
   4.7859005e+03   1.0818829e-23
   4.7969369e+03   1.0843160e-23
   4.8079986e+03   1.0867550e-23
   4.8190859e+03   1.0891995e-23
   4.8301988e+03   1.0916499e-23
   4.8413372e+03   1.0941061e-23
   4.8525014e+03   1.0965681e-23
   4.8636913e+03   1.0990360e-23
   4.8749070e+03   1.1015097e-23
   4.8861486e+03   1.1039892e-23
   4.8974161e+03   1.1064746e-23
   4.9087096e+03   1.1089659e-23
   4.9200291e+03   1.1114631e-23
   4.9313747e+03   1.1139662e-23
   4.9427465e+03   1.1164753e-23
   4.9541445e+03   1.1189902e-23
   4.9655688e+03   1.1215111e-23
   4.9770194e+03   1.1240380e-23
   4.9884965e+03   1.1265708e-23
   5.0000000e+03   1.1291096e-23
