   5.0000000e+00   2.7128406e-40
   5.0115300e+00   2.5769524e-40
   5.0230867e+00   2.4484040e-40
   5.0346699e+00   2.3268781e-40
   5.0462799e+00   2.2121106e-40
   5.0579167e+00   2.1037727e-40
   5.0695803e+00   2.0001425e-40
   5.0812708e+00   1.8939396e-40
   5.0929882e+00   1.7887779e-40
   5.1047327e+00   1.6991119e-40
   5.1165042e+00   1.6168979e-40
   5.1283029e+00   1.5385802e-40
   5.1401288e+00   1.4638908e-40
   5.1519820e+00   1.3927632e-40
   5.1638625e+00   1.3250990e-40
   5.1757704e+00   1.2607721e-40
   5.1877058e+00   1.1996414e-40
   5.1996687e+00   1.1415600e-40
   5.2116592e+00   1.0863813e-40
   5.2236773e+00   1.0339622e-40
   5.2357231e+00   9.8416444e-41
   5.2477968e+00   9.3685529e-41
   5.2598982e+00   8.9190798e-41
   5.2720276e+00   8.4920170e-41
   5.2841849e+00   8.0862158e-41
   5.2963703e+00   7.7005855e-41
   5.3085838e+00   7.3340908e-41
   5.3208254e+00   6.9857500e-41
   5.3330953e+00   6.6546326e-41
   5.3453934e+00   6.3398565e-41
   5.3577199e+00   6.0405859e-41
   5.3700749e+00   5.7560289e-41
   5.3824583e+00   5.4854354e-41
   5.3948703e+00   5.2280945e-41
   5.4073109e+00   4.9833327e-41
   5.4197802e+00   4.7505120e-41
   5.4322783e+00   4.5290277e-41
   5.4448051e+00   4.3183072e-41
   5.4573609e+00   4.1178074e-41
   5.4699456e+00   3.9270138e-41
   5.4825594e+00   3.7454387e-41
   5.4952022e+00   3.5726200e-41
   5.5078742e+00   3.4081194e-41
   5.5205754e+00   3.2515213e-41
   5.5333058e+00   3.1024320e-41
   5.5460657e+00   2.9604778e-41
   5.5588550e+00   2.8253045e-41
   5.5716737e+00   2.6965759e-41
   5.5845220e+00   2.5739734e-41
   5.5974000e+00   2.4571945e-41
   5.6103076e+00   2.3459524e-41
   5.6232451e+00   2.2399748e-41
   5.6362123e+00   2.1390033e-41
   5.6492094e+00   2.0427927e-41
   5.6622366e+00   1.9511102e-41
   5.6752937e+00   1.8637349e-41
   5.6883810e+00   1.7804570e-41
   5.7014985e+00   1.7010773e-41
   5.7146461e+00   1.6254068e-41
   5.7278242e+00   1.5532656e-41
   5.7410326e+00   1.4844832e-41
   5.7542714e+00   1.4188976e-41
   5.7675408e+00   1.3563548e-41
   5.7808408e+00   1.2967084e-41
   5.7941715e+00   1.2398195e-41
   5.8075329e+00   1.1855560e-41
   5.8209251e+00   1.1337924e-41
   5.8343482e+00   1.0844092e-41
   5.8478023e+00   1.0372932e-41
   5.8612873e+00   9.9233643e-42
   5.8748035e+00   9.4943641e-42
   5.8883508e+00   9.0849563e-42
   5.9019294e+00   8.6942140e-42
   5.9155393e+00   8.3212555e-42
   5.9291806e+00   7.9652423e-42
   5.9428533e+00   7.6253765e-42
   5.9565576e+00   7.3008996e-42
   5.9702935e+00   6.9910893e-42
   5.9840610e+00   6.6952589e-42
   5.9978603e+00   6.4127545e-42
   6.0116914e+00   6.1429542e-42
   6.0255544e+00   5.8852658e-42
   6.0394494e+00   5.6391258e-42
   6.0533764e+00   5.4039977e-42
   6.0673355e+00   5.1793709e-42
   6.0813269e+00   4.9647591e-42
   6.0953505e+00   4.7596992e-42
   6.1094064e+00   4.5637505e-42
   6.1234947e+00   4.3764931e-42
   6.1376155e+00   4.1975270e-42
   6.1517689e+00   4.0264714e-42
   6.1659550e+00   3.8629636e-42
   6.1801737e+00   3.7066577e-42
   6.1944252e+00   3.5572247e-42
   6.2087096e+00   3.4143506e-42
   6.2230269e+00   3.2777366e-42
   6.2373773e+00   3.1470977e-42
   6.2517607e+00   3.0221624e-42
   6.2661773e+00   2.9026719e-42
   6.2806272e+00   2.7883795e-42
   6.2951104e+00   2.6790502e-42
   6.3096269e+00   2.5744597e-42
   6.3241770e+00   2.4743943e-42
   6.3387606e+00   2.3786502e-42
   6.3533778e+00   2.2870332e-42
   6.3680288e+00   2.1993579e-42
   6.3827135e+00   2.1154477e-42
   6.3974321e+00   2.0351339e-42
   6.4121846e+00   1.9582560e-42
   6.4269711e+00   1.8846604e-42
   6.4417918e+00   1.8142010e-42
   6.4566466e+00   1.7467382e-42
   6.4715357e+00   1.6821389e-42
   6.4864591e+00   1.6202760e-42
   6.5014169e+00   1.5610284e-42
   6.5164092e+00   1.5042802e-42
   6.5314361e+00   1.4499213e-42
   6.5464977e+00   1.3978461e-42
   6.5615939e+00   1.3479542e-42
   6.5767250e+00   1.3001496e-42
   6.5918910e+00   1.2543406e-42
   6.6070920e+00   1.2104398e-42
   6.6223280e+00   1.1683637e-42
   6.6375991e+00   1.1280325e-42
   6.6529055e+00   1.0893701e-42
   6.6682471e+00   1.0523039e-42
   6.6836241e+00   1.0167645e-42
   6.6990366e+00   9.8268548e-43
   6.7144846e+00   9.5000362e-43
   6.7299683e+00   9.1865847e-43
   6.7454877e+00   8.8859225e-43
   6.7610428e+00   8.5974983e-43
   6.7766338e+00   8.3207851e-43
   6.7922608e+00   8.0552795e-43
   6.8079238e+00   7.8005008e-43
   6.8236229e+00   7.5559895e-43
   6.8393582e+00   7.3213068e-43
   6.8551299e+00   7.0960332e-43
   6.8709378e+00   6.8797682e-43
   6.8867823e+00   6.6721287e-43
   6.9026632e+00   6.4727489e-43
   6.9185808e+00   6.2812791e-43
   6.9345351e+00   6.0973853e-43
   6.9505262e+00   5.9207481e-43
   6.9665542e+00   5.7510622e-43
   6.9826191e+00   5.5880360e-43
   6.9987211e+00   5.4313906e-43
   7.0148602e+00   5.2808597e-43
   7.0310365e+00   5.1361884e-43
   7.0472502e+00   4.9971334e-43
   7.0635012e+00   4.8634619e-43
   7.0797897e+00   4.7349515e-43
   7.0961157e+00   4.6113895e-43
   7.1124794e+00   4.4925727e-43
   7.1288808e+00   4.3783069e-43
   7.1453201e+00   4.2684063e-43
   7.1617972e+00   4.1626935e-43
   7.1783124e+00   4.0609988e-43
   7.1948656e+00   3.9631600e-43
   7.2114571e+00   3.8690223e-43
   7.2280867e+00   3.7784374e-43
   7.2447548e+00   3.6912640e-43
   7.2614612e+00   3.6073666e-43
   7.2782062e+00   3.5266163e-43
   7.2949898e+00   3.4488894e-43
   7.3118121e+00   3.3740682e-43
   7.3286732e+00   3.3020399e-43
   7.3455732e+00   3.2326971e-43
   7.3625121e+00   3.1659371e-43
   7.3794901e+00   3.1016620e-43
   7.3965073e+00   3.0397782e-43
   7.4135637e+00   2.9801965e-43
   7.4306594e+00   2.9228319e-43
   7.4477946e+00   2.8676033e-43
   7.4649693e+00   2.8144334e-43
   7.4821835e+00   2.7632487e-43
   7.4994375e+00   2.7139792e-43
   7.5167313e+00   2.6665582e-43
   7.5340649e+00   2.6209225e-43
   7.5514385e+00   2.5770120e-43
   7.5688522e+00   2.5347695e-43
   7.5863060e+00   2.4941412e-43
   7.6038001e+00   2.4550760e-43
   7.6213345e+00   2.4175254e-43
   7.6389094e+00   2.3814440e-43
   7.6565248e+00   2.3467890e-43
   7.6741808e+00   2.3135200e-43
   7.6918775e+00   2.2815995e-43
   7.7096150e+00   2.2509922e-43
   7.7273934e+00   2.2216656e-43
   7.7452129e+00   2.1935896e-43
   7.7630734e+00   2.1667363e-43
   7.7809751e+00   2.1410805e-43
   7.7989181e+00   2.1165994e-43
   7.8169025e+00   2.0932726e-43
   7.8349283e+00   2.0710822e-43
   7.8529957e+00   2.0500129e-43
   7.8711048e+00   2.0300516e-43
   7.8892556e+00   2.0111884e-43
   7.9074483e+00   1.9934156e-43
   7.9256829e+00   1.9767285e-43
   7.9439596e+00   1.9611254e-43
   7.9622784e+00   1.9466074e-43
   7.9806395e+00   1.9331789e-43
   7.9990429e+00   1.9208478e-43
   8.0174888e+00   1.9096256e-43
   8.0359772e+00   1.8995274e-43
   8.0545082e+00   1.8905728e-43
   8.0730819e+00   1.8827857e-43
   8.0916985e+00   1.8761948e-43
   8.1103581e+00   1.8708343e-43
   8.1290606e+00   1.8667441e-43
   8.1478063e+00   1.8639708e-43
   8.1665952e+00   1.8625677e-43
   8.1854274e+00   1.8625965e-43
   8.2043031e+00   1.8641275e-43
   8.2232223e+00   1.8672410e-43
   8.2421851e+00   1.8720287e-43
   8.2611916e+00   1.8785946e-43
   8.2802420e+00   1.8870576e-43
   8.2993363e+00   1.8975528e-43
   8.3184746e+00   1.9102343e-43
   8.3376571e+00   1.9252780e-43
   8.3568838e+00   1.9428848e-43
   8.3761548e+00   1.9632850e-43
   8.3954703e+00   1.9867429e-43
   8.4148303e+00   2.0135627e-43
   8.4342350e+00   2.0440960e-43
   8.4536844e+00   2.0787500e-43
   8.4731786e+00   2.1179984e-43
   8.4927179e+00   2.1623949e-43
   8.5123021e+00   2.2125891e-43
   8.5319316e+00   2.2693471e-43
   8.5516063e+00   2.3335776e-43
   8.5713263e+00   2.4063645e-43
   8.5910919e+00   2.4890094e-43
   8.6109030e+00   2.5830856e-43
   8.6307598e+00   2.6905100e-43
   8.6506624e+00   2.8136369e-43
   8.6706109e+00   2.9553829e-43
   8.6906054e+00   3.1194050e-43
   8.7106460e+00   3.3103249e-43
   8.7307328e+00   3.5340655e-43
   8.7508660e+00   3.7983156e-43
   8.7710455e+00   4.1132062e-43
   8.7912716e+00   4.4923115e-43
   8.8115444e+00   4.9541652e-43
   8.8318638e+00   5.5246212e-43
   8.8522302e+00   6.2406453e-43
   8.8726435e+00   7.1566210e-43
   8.8931039e+00   8.3552857e-43
   8.9136114e+00   9.9676378e-43
   8.9341663e+00   1.2211362e-42
   8.9547686e+00   1.5470492e-42
   8.9754183e+00   2.0476042e-42
   8.9961157e+00   2.8766055e-42
   9.0168608e+00   4.4057007e-42
   9.0376538e+00   7.7381731e-42
   9.0584947e+00   1.7502524e-41
   9.0793836e+00   7.5145024e-41
   9.1003208e+00   8.0894773e-39
   9.1213062e+00   5.1161616e-41
   9.1423400e+00   1.3745701e-41
   9.1634223e+00   6.2839002e-42
   9.1845532e+00   3.6584375e-42
   9.2057328e+00   2.5307477e-42
   9.2269613e+00   2.1973625e-42
   9.2482388e+00   3.5944960e-42
   9.2695653e+00   1.5362232e-39
   9.2909410e+00   3.1078648e-42
   9.3123660e+00   1.1363163e-42
   9.3338403e+00   7.1156382e-43
   9.3553642e+00   5.2729298e-43
   9.3769378e+00   4.2091027e-43
   9.3985611e+00   3.5010418e-43
   9.4202342e+00   2.9904562e-43
   9.4419574e+00   2.6033991e-43
   9.4637306e+00   2.2998433e-43
   9.4855540e+00   2.0558096e-43
   9.5074278e+00   1.8558571e-43
   9.5293520e+00   1.6895016e-43
   9.5513267e+00   1.5493334e-43
   9.5733522e+00   1.4299497e-43
   9.5954284e+00   1.3273115e-43
   9.6175555e+00   1.2383370e-43
   9.6397337e+00   1.1606346e-43
   9.6619630e+00   1.0923210e-43
   9.6842435e+00   1.0318944e-43
   9.7065755e+00   9.7814391e-44
   9.7289589e+00   9.3008351e-44
   9.7513940e+00   8.8690338e-44
   9.7738808e+00   8.4793312e-44
   9.7964194e+00   8.1261366e-44
   9.8190100e+00   7.8047574e-44
   9.8416527e+00   7.5112312e-44
   9.8643477e+00   7.2421932e-44
   9.8870949e+00   6.9947712e-44
   9.9098946e+00   6.7665018e-44
   9.9327469e+00   6.5552625e-44
   9.9556519e+00   6.3592168e-44
   9.9786097e+00   6.1767696e-44
   1.0001620e+01   6.0065387e-44
   1.0024684e+01   5.8473561e-44
   1.0047801e+01   5.6980227e-44
   1.0070972e+01   5.5576417e-44
   1.0094195e+01   5.4254149e-44
   1.0117473e+01   5.3006231e-44
   1.0140804e+01   5.1826008e-44
   1.0164188e+01   5.0707581e-44
   1.0187627e+01   4.9645688e-44
   1.0211120e+01   4.8635648e-44
   1.0234667e+01   4.7673386e-44
   1.0258268e+01   4.6755131e-44
   1.0281924e+01   4.5877466e-44
   1.0305634e+01   4.5037312e-44
   1.0329399e+01   4.4231959e-44
   1.0353218e+01   4.3458913e-44
   1.0377093e+01   4.2715881e-44
   1.0401023e+01   4.2000778e-44
   1.0425007e+01   4.1311745e-44
   1.0449048e+01   4.0647083e-44
   1.0473143e+01   4.0005208e-44
   1.0497294e+01   3.9384672e-44
   1.0521501e+01   3.8784167e-44
   1.0545764e+01   3.8202502e-44
   1.0570082e+01   3.7638558e-44
   1.0594457e+01   3.7091305e-44
   1.0618888e+01   3.6559802e-44
   1.0643375e+01   3.6043194e-44
   1.0667919e+01   3.5540672e-44
   1.0692519e+01   3.5051488e-44
   1.0717176e+01   3.4574953e-44
   1.0741890e+01   3.4110438e-44
   1.0766661e+01   3.3657347e-44
   1.0791489e+01   3.3215125e-44
   1.0816374e+01   3.2783260e-44
   1.0841317e+01   3.2361280e-44
   1.0866317e+01   3.1948738e-44
   1.0891375e+01   3.1545215e-44
   1.0916491e+01   3.1150322e-44
   1.0941664e+01   3.0763701e-44
   1.0966896e+01   3.0385008e-44
   1.0992185e+01   3.0013923e-44
   1.1017533e+01   2.9650147e-44
   1.1042940e+01   2.9293400e-44
   1.1068405e+01   2.8943419e-44
   1.1093929e+01   2.8599951e-44
   1.1119512e+01   2.8262764e-44
   1.1145153e+01   2.7931638e-44
   1.1170854e+01   2.7606363e-44
   1.1196614e+01   2.7286742e-44
   1.1222434e+01   2.6972588e-44
   1.1248313e+01   2.6663728e-44
   1.1274251e+01   2.6359992e-44
   1.1300250e+01   2.6061223e-44
   1.1326308e+01   2.5767271e-44
   1.1352427e+01   2.5477993e-44
   1.1378606e+01   2.5193255e-44
   1.1404845e+01   2.4912926e-44
   1.1431144e+01   2.4636886e-44
   1.1457505e+01   2.4365016e-44
   1.1483926e+01   2.4097206e-44
   1.1510408e+01   2.3833349e-44
   1.1536951e+01   2.3573344e-44
   1.1563555e+01   2.3317095e-44
   1.1590221e+01   2.3064507e-44
   1.1616948e+01   2.2815493e-44
   1.1643737e+01   2.2569968e-44
   1.1670587e+01   2.2327849e-44
   1.1697500e+01   2.2089060e-44
   1.1724474e+01   2.1853524e-44
   1.1751511e+01   2.1621170e-44
   1.1778610e+01   2.1391928e-44
   1.1805772e+01   2.1165732e-44
   1.1832996e+01   2.0942518e-44
   1.1860283e+01   2.0722223e-44
   1.1887633e+01   2.0504789e-44
   1.1915046e+01   2.0290157e-44
   1.1942522e+01   2.0078272e-44
   1.1970061e+01   1.9869080e-44
   1.1997664e+01   1.9662531e-44
   1.2025331e+01   1.9458573e-44
   1.2053062e+01   1.9257158e-44
   1.2080856e+01   1.9058239e-44
   1.2108715e+01   1.8861771e-44
   1.2136637e+01   1.8667710e-44
   1.2164625e+01   1.8476014e-44
   1.2192676e+01   1.8286639e-44
   1.2220793e+01   1.8099548e-44
   1.2248974e+01   1.7914699e-44
   1.2277220e+01   1.7732057e-44
   1.2305532e+01   1.7551582e-44
   1.2333908e+01   1.7373241e-44
   1.2362350e+01   1.7196997e-44
   1.2390858e+01   1.7022818e-44
   1.2419431e+01   1.6850669e-44
   1.2448071e+01   1.6680518e-44
   1.2476776e+01   1.6512335e-44
   1.2505548e+01   1.6346089e-44
   1.2534386e+01   1.6181749e-44
   1.2563290e+01   1.6019286e-44
   1.2592261e+01   1.5858673e-44
   1.2621299e+01   1.5699882e-44
   1.2650404e+01   1.5542884e-44
   1.2679576e+01   1.5387654e-44
   1.2708815e+01   1.5234166e-44
   1.2738121e+01   1.5082395e-44
   1.2767496e+01   1.4932316e-44
   1.2796938e+01   1.4783904e-44
   1.2826447e+01   1.4637136e-44
   1.2856025e+01   1.4491988e-44
   1.2885671e+01   1.4348439e-44
   1.2915386e+01   1.4206466e-44
   1.2945169e+01   1.4066046e-44
   1.2975020e+01   1.3927160e-44
   1.3004941e+01   1.3789785e-44
   1.3034930e+01   1.3653901e-44
   1.3064989e+01   1.3519489e-44
   1.3095117e+01   1.3386528e-44
   1.3125314e+01   1.3254999e-44
   1.3155582e+01   1.3124884e-44
   1.3185918e+01   1.2996163e-44
   1.3216325e+01   1.2868819e-44
   1.3246802e+01   1.2742833e-44
   1.3277349e+01   1.2618188e-44
   1.3307967e+01   1.2494867e-44
   1.3338655e+01   1.2372852e-44
   1.3369414e+01   1.2252128e-44
   1.3400244e+01   1.2132677e-44
   1.3431145e+01   1.2014484e-44
   1.3462118e+01   1.1897533e-44
   1.3493162e+01   1.1781808e-44
   1.3524277e+01   1.1667294e-44
   1.3555464e+01   1.1553976e-44
   1.3586723e+01   1.1441840e-44
   1.3618054e+01   1.1330870e-44
   1.3649457e+01   1.1221053e-44
   1.3680933e+01   1.1112374e-44
   1.3712481e+01   1.1004820e-44
   1.3744103e+01   1.0898378e-44
   1.3775797e+01   1.0793033e-44
   1.3807564e+01   1.0688772e-44
   1.3839404e+01   1.0585584e-44
   1.3871318e+01   1.0483454e-44
   1.3903305e+01   1.0382371e-44
   1.3935366e+01   1.0282321e-44
   1.3967501e+01   1.0183294e-44
   1.3999710e+01   1.0085277e-44
   1.4031994e+01   9.9882576e-45
   1.4064352e+01   9.8922250e-45
   1.4096784e+01   9.7971675e-45
   1.4129292e+01   9.7030739e-45
   1.4161874e+01   9.6099330e-45
   1.4194531e+01   9.5177340e-45
   1.4227264e+01   9.4264661e-45
   1.4260072e+01   9.3361186e-45
   1.4292956e+01   9.2466811e-45
   1.4325916e+01   9.1581432e-45
   1.4358951e+01   9.0704949e-45
   1.4392063e+01   8.9837260e-45
   1.4425251e+01   8.8978268e-45
   1.4458516e+01   8.8127874e-45
   1.4491858e+01   8.7285983e-45
   1.4525276e+01   8.6452500e-45
   1.4558771e+01   8.5627332e-45
   1.4592344e+01   8.4810386e-45
   1.4625994e+01   8.4001572e-45
   1.4659722e+01   8.3200800e-45
   1.4693527e+01   8.2407982e-45
   1.4727410e+01   8.1623031e-45
   1.4761372e+01   8.0845860e-45
   1.4795412e+01   8.0076385e-45
   1.4829530e+01   7.9314521e-45
   1.4863727e+01   7.8560188e-45
   1.4898003e+01   7.7813302e-45
   1.4932358e+01   7.7073783e-45
   1.4966792e+01   7.6341553e-45
   1.5001306e+01   7.5616532e-45
   1.5035899e+01   7.4898644e-45
   1.5070572e+01   7.4187811e-45
   1.5105324e+01   7.3483959e-45
   1.5140157e+01   7.2787014e-45
   1.5175071e+01   7.2096901e-45
   1.5210065e+01   7.1413548e-45
   1.5245139e+01   7.0736884e-45
   1.5280295e+01   7.0066837e-45
   1.5315531e+01   6.9403339e-45
   1.5350849e+01   6.8746319e-45
   1.5386248e+01   6.8095711e-45
   1.5421729e+01   6.7451446e-45
   1.5457291e+01   6.6813458e-45
   1.5492936e+01   6.6181682e-45
   1.5528663e+01   6.5556053e-45
   1.5564472e+01   6.4936506e-45
   1.5600364e+01   6.4322979e-45
   1.5636338e+01   6.3715409e-45
   1.5672396e+01   6.3113734e-45
   1.5708537e+01   6.2517894e-45
   1.5744761e+01   6.1927827e-45
   1.5781068e+01   6.1343475e-45
   1.5817459e+01   6.0764779e-45
   1.5853935e+01   6.0191680e-45
   1.5890494e+01   5.9624121e-45
   1.5927137e+01   5.9062045e-45
   1.5963866e+01   5.8505397e-45
   1.6000678e+01   5.7954120e-45
   1.6037576e+01   5.7408160e-45
   1.6074559e+01   5.6867462e-45
   1.6111627e+01   5.6331974e-45
   1.6148780e+01   5.5801642e-45
   1.6186020e+01   5.5276413e-45
   1.6223345e+01   5.4756237e-45
   1.6260756e+01   5.4241061e-45
   1.6298253e+01   5.3730836e-45
   1.6335837e+01   5.3225512e-45
   1.6373508e+01   5.2725038e-45
   1.6411265e+01   5.2229367e-45
   1.6449110e+01   5.1738449e-45
   1.6487041e+01   5.1252238e-45
   1.6525061e+01   5.0770685e-45
   1.6563168e+01   5.0293744e-45
   1.6601362e+01   4.9821370e-45
   1.6639645e+01   4.9353516e-45
   1.6678016e+01   4.8890136e-45
   1.6716476e+01   4.8431188e-45
   1.6755024e+01   4.7976625e-45
   1.6793662e+01   4.7526405e-45
   1.6832388e+01   4.7080485e-45
   1.6871203e+01   4.6638821e-45
   1.6910109e+01   4.6201371e-45
   1.6949103e+01   4.5768094e-45
   1.6988188e+01   4.5338949e-45
   1.7027363e+01   4.4913893e-45
   1.7066628e+01   4.4492888e-45
   1.7105984e+01   4.4075892e-45
   1.7145431e+01   4.3662867e-45
   1.7184968e+01   4.3253773e-45
   1.7224597e+01   4.2848571e-45
   1.7264317e+01   4.2447223e-45
   1.7304128e+01   4.2049691e-45
   1.7344032e+01   4.1655938e-45
   1.7384027e+01   4.1265926e-45
   1.7424115e+01   4.0879619e-45
   1.7464295e+01   4.0496980e-45
   1.7504568e+01   4.0117973e-45
   1.7544934e+01   3.9742564e-45
   1.7585392e+01   3.9370716e-45
   1.7625945e+01   3.9002395e-45
   1.7666590e+01   3.8637567e-45
   1.7707329e+01   3.8276196e-45
   1.7748163e+01   3.7918251e-45
   1.7789090e+01   3.7563696e-45
   1.7830112e+01   3.7212500e-45
   1.7871228e+01   3.6864629e-45
   1.7912439e+01   3.6520051e-45
   1.7953746e+01   3.6178734e-45
   1.7995147e+01   3.5840646e-45
   1.8036644e+01   3.5505757e-45
   1.8078237e+01   3.5174034e-45
   1.8119925e+01   3.4845448e-45
   1.8161710e+01   3.4519967e-45
   1.8203591e+01   3.4197562e-45
   1.8245569e+01   3.3878204e-45
   1.8287643e+01   3.3561861e-45
   1.8329814e+01   3.3248506e-45
   1.8372083e+01   3.2938110e-45
   1.8414449e+01   3.2630643e-45
   1.8456913e+01   3.2326078e-45
   1.8499475e+01   3.2024387e-45
   1.8542135e+01   3.1725541e-45
   1.8584893e+01   3.1429514e-45
   1.8627750e+01   3.1136278e-45
   1.8670706e+01   3.0845807e-45
   1.8713761e+01   3.0558073e-45
   1.8756915e+01   3.0273051e-45
   1.8800168e+01   2.9990714e-45
   1.8843522e+01   2.9711037e-45
   1.8886975e+01   2.9433994e-45
   1.8930528e+01   2.9159560e-45
   1.8974182e+01   2.8887709e-45
   1.9017937e+01   2.8618418e-45
   1.9061792e+01   2.8351660e-45
   1.9105749e+01   2.8087413e-45
   1.9149807e+01   2.7825652e-45
   1.9193967e+01   2.7566353e-45
   1.9238228e+01   2.7309493e-45
   1.9282592e+01   2.7055048e-45
   1.9327057e+01   2.6802996e-45
   1.9371626e+01   2.6553313e-45
   1.9416297e+01   2.6305976e-45
   1.9461071e+01   2.6060964e-45
   1.9505948e+01   2.5818254e-45
   1.9550929e+01   2.5577825e-45
   1.9596014e+01   2.5339653e-45
   1.9641202e+01   2.5103719e-45
   1.9686495e+01   2.4869999e-45
   1.9731892e+01   2.4638475e-45
   1.9777394e+01   2.4409124e-45
   1.9823001e+01   2.4181925e-45
   1.9868713e+01   2.3956859e-45
   1.9914530e+01   2.3733905e-45
   1.9960454e+01   2.3513043e-45
   2.0006482e+01   2.3294253e-45
   2.0052618e+01   2.3077515e-45
   2.0098859e+01   2.2862810e-45
   2.0145207e+01   2.2650118e-45
   2.0191662e+01   2.2439421e-45
   2.0238224e+01   2.2230699e-45
   2.0284894e+01   2.2023934e-45
   2.0331671e+01   2.1819107e-45
   2.0378556e+01   2.1616199e-45
   2.0425549e+01   2.1415193e-45
   2.0472650e+01   2.1216070e-45
   2.0519861e+01   2.1018813e-45
   2.0567180e+01   2.0823404e-45
   2.0614608e+01   2.0629826e-45
   2.0662145e+01   2.0438060e-45
   2.0709792e+01   2.0248090e-45
   2.0757549e+01   2.0059899e-45
   2.0805416e+01   1.9873471e-45
   2.0853394e+01   1.9688787e-45
   2.0901482e+01   1.9505833e-45
   2.0949681e+01   1.9324590e-45
   2.0997991e+01   1.9145045e-45
   2.1046412e+01   1.8967179e-45
   2.1094945e+01   1.8790978e-45
   2.1143591e+01   1.8616425e-45
   2.1192348e+01   1.8443506e-45
   2.1241218e+01   1.8272204e-45
   2.1290200e+01   1.8102505e-45
   2.1339295e+01   1.7934393e-45
   2.1388504e+01   1.7767853e-45
   2.1437826e+01   1.7602871e-45
   2.1487262e+01   1.7439431e-45
   2.1536812e+01   1.7277520e-45
   2.1586476e+01   1.7117123e-45
   2.1636254e+01   1.6958224e-45
   2.1686148e+01   1.6800812e-45
   2.1736156e+01   1.6644871e-45
   2.1786280e+01   1.6490387e-45
   2.1836519e+01   1.6337347e-45
   2.1886874e+01   1.6185737e-45
   2.1937346e+01   1.6035544e-45
   2.1987933e+01   1.5886754e-45
   2.2038638e+01   1.5739355e-45
   2.2089459e+01   1.5593333e-45
   2.2140397e+01   1.5448674e-45
   2.2191453e+01   1.5305367e-45
   2.2242627e+01   1.5163399e-45
   2.2293919e+01   1.5022757e-45
   2.2345328e+01   1.4883428e-45
   2.2396857e+01   1.4745400e-45
   2.2448504e+01   1.4608661e-45
   2.2500271e+01   1.4473200e-45
   2.2552157e+01   1.4339003e-45
   2.2604162e+01   1.4206058e-45
   2.2656287e+01   1.4074356e-45
   2.2708533e+01   1.3943882e-45
   2.2760899e+01   1.3814627e-45
   2.2813386e+01   1.3686578e-45
   2.2865994e+01   1.3559724e-45
   2.2918723e+01   1.3434055e-45
   2.2971574e+01   1.3309558e-45
   2.3024546e+01   1.3186223e-45
   2.3077641e+01   1.3064039e-45
   2.3130858e+01   1.2942995e-45
   2.3184198e+01   1.2823081e-45
   2.3237661e+01   1.2704286e-45
   2.3291247e+01   1.2586599e-45
   2.3344957e+01   1.2470010e-45
   2.3398791e+01   1.2354509e-45
   2.3452748e+01   1.2240085e-45
   2.3506831e+01   1.2126729e-45
   2.3561038e+01   1.2014430e-45
   2.3615370e+01   1.1903178e-45
   2.3669827e+01   1.1792965e-45
   2.3724410e+01   1.1683779e-45
   2.3779118e+01   1.1575611e-45
   2.3833953e+01   1.1468453e-45
   2.3888914e+01   1.1362294e-45
   2.3944002e+01   1.1257124e-45
   2.3999217e+01   1.1152936e-45
   2.4054560e+01   1.1049719e-45
   2.4110030e+01   1.0947465e-45
   2.4165628e+01   1.0846163e-45
   2.4221354e+01   1.0745807e-45
   2.4277208e+01   1.0646386e-45
   2.4333192e+01   1.0547892e-45
   2.4389304e+01   1.0450317e-45
   2.4445546e+01   1.0353651e-45
   2.4501918e+01   1.0257886e-45
   2.4558420e+01   1.0163014e-45
   2.4615051e+01   1.0069026e-45
   2.4671814e+01   9.9759149e-46
   2.4728707e+01   9.8836713e-46
   2.4785732e+01   9.7922876e-46
   2.4842888e+01   9.7017556e-46
   2.4900176e+01   9.6120674e-46
   2.4957596e+01   9.5232152e-46
   2.5015148e+01   9.4351911e-46
   2.5072833e+01   9.3479874e-46
   2.5130652e+01   9.2615964e-46
   2.5188603e+01   9.1760105e-46
   2.5246688e+01   9.0912223e-46
   2.5304907e+01   9.0072241e-46
   2.5363261e+01   8.9240088e-46
   2.5421748e+01   8.8415689e-46
   2.5480371e+01   8.7598973e-46
   2.5539129e+01   8.6789867e-46
   2.5598023e+01   8.5988300e-46
   2.5657052e+01   8.5194203e-46
   2.5716217e+01   8.4407504e-46
   2.5775519e+01   8.3628136e-46
   2.5834957e+01   8.2856030e-46
   2.5894533e+01   8.2091118e-46
   2.5954246e+01   8.1333333e-46
   2.6014097e+01   8.0582608e-46
   2.6074085e+01   7.9838878e-46
   2.6134212e+01   7.9102076e-46
   2.6194478e+01   7.8372140e-46
   2.6254883e+01   7.7649004e-46
   2.6315427e+01   7.6932605e-46
   2.6376110e+01   7.6222880e-46
   2.6436934e+01   7.5519768e-46
   2.6497898e+01   7.4823205e-46
   2.6559002e+01   7.4133132e-46
   2.6620247e+01   7.3449488e-46
   2.6681634e+01   7.2772212e-46
   2.6743162e+01   7.2101246e-46
   2.6804832e+01   7.1436530e-46
   2.6866644e+01   7.0778007e-46
   2.6928599e+01   7.0125618e-46
   2.6990696e+01   6.9479306e-46
   2.7052937e+01   6.8839016e-46
   2.7115321e+01   6.8204689e-46
   2.7177849e+01   6.7576272e-46
   2.7240522e+01   6.6953708e-46
   2.7303338e+01   6.6336944e-46
   2.7366300e+01   6.5725925e-46
   2.7429407e+01   6.5120598e-46
   2.7492659e+01   6.4520910e-46
   2.7556058e+01   6.3926808e-46
   2.7619602e+01   6.3338239e-46
   2.7683293e+01   6.2755154e-46
   2.7747131e+01   6.2177500e-46
   2.7811116e+01   6.1605226e-46
   2.7875249e+01   6.1038284e-46
   2.7939529e+01   6.0476622e-46
   2.8003958e+01   5.9920192e-46
   2.8068536e+01   5.9368946e-46
   2.8133262e+01   5.8822834e-46
   2.8198137e+01   5.8281809e-46
   2.8263162e+01   5.7745824e-46
   2.8328338e+01   5.7214831e-46
   2.8393663e+01   5.6688785e-46
   2.8459139e+01   5.6167639e-46
   2.8524766e+01   5.5651347e-46
   2.8590544e+01   5.5139865e-46
   2.8656474e+01   5.4633147e-46
   2.8722556e+01   5.4131149e-46
   2.8788791e+01   5.3633828e-46
   2.8855178e+01   5.3141139e-46
   2.8921718e+01   5.2653039e-46
   2.8988412e+01   5.2169487e-46
   2.9055259e+01   5.1690439e-46
   2.9122261e+01   5.1215853e-46
   2.9189417e+01   5.0745688e-46
   2.9256728e+01   5.0279903e-46
   2.9324194e+01   4.9818457e-46
   2.9391816e+01   4.9361310e-46
   2.9459594e+01   4.8908421e-46
   2.9527528e+01   4.8459752e-46
   2.9595619e+01   4.8015262e-46
   2.9663866e+01   4.7574912e-46
   2.9732272e+01   4.7138666e-46
   2.9800834e+01   4.6706483e-46
   2.9869555e+01   4.6278326e-46
   2.9938435e+01   4.5854158e-46
   3.0007473e+01   4.5433942e-46
   3.0076670e+01   4.5017641e-46
   3.0146028e+01   4.4605218e-46
   3.0215544e+01   4.4196637e-46
   3.0285222e+01   4.3791863e-46
   3.0355060e+01   4.3390861e-46
   3.0425059e+01   4.2993594e-46
   3.0495219e+01   4.2600028e-46
   3.0565541e+01   4.2210130e-46
   3.0636026e+01   4.1823864e-46
   3.0706673e+01   4.1441197e-46
   3.0777482e+01   4.1062095e-46
   3.0848456e+01   4.0686526e-46
   3.0919592e+01   4.0314456e-46
   3.0990893e+01   3.9945853e-46
   3.1062358e+01   3.9580685e-46
   3.1133988e+01   3.9218919e-46
   3.1205784e+01   3.8860524e-46
   3.1277744e+01   3.8505469e-46
   3.1349871e+01   3.8153722e-46
   3.1422164e+01   3.7805253e-46
   3.1494624e+01   3.7460031e-46
   3.1567251e+01   3.7118026e-46
   3.1640045e+01   3.6779208e-46
   3.1713007e+01   3.6443548e-46
   3.1786138e+01   3.6111015e-46
   3.1859437e+01   3.5781582e-46
   3.1932905e+01   3.5455219e-46
   3.2006542e+01   3.5131897e-46
   3.2080350e+01   3.4811589e-46
   3.2154327e+01   3.4494265e-46
   3.2228475e+01   3.4179899e-46
   3.2302794e+01   3.3868464e-46
   3.2377285e+01   3.3559930e-46
   3.2451947e+01   3.3254273e-46
   3.2526782e+01   3.2951464e-46
   3.2601789e+01   3.2651478e-46
   3.2676969e+01   3.2354288e-46
   3.2752322e+01   3.2059868e-46
   3.2827849e+01   3.1768192e-46
   3.2903550e+01   3.1479235e-46
   3.2979426e+01   3.1192972e-46
   3.3055477e+01   3.0909377e-46
   3.3131703e+01   3.0628426e-46
   3.3208105e+01   3.0350094e-46
   3.3284683e+01   3.0074356e-46
   3.3361438e+01   2.9801189e-46
   3.3438370e+01   2.9530569e-46
   3.3515479e+01   2.9262472e-46
   3.3592766e+01   2.8996874e-46
   3.3670231e+01   2.8733752e-46
   3.3747875e+01   2.8473083e-46
   3.3825698e+01   2.8214845e-46
   3.3903700e+01   2.7959014e-46
   3.3981882e+01   2.7705569e-46
   3.4060245e+01   2.7454487e-46
   3.4138788e+01   2.7205746e-46
   3.4217512e+01   2.6959324e-46
   3.4296418e+01   2.6715200e-46
   3.4375506e+01   2.6473353e-46
   3.4454776e+01   2.6233760e-46
   3.4534229e+01   2.5996402e-46
   3.4613865e+01   2.5761258e-46
   3.4693685e+01   2.5528306e-46
   3.4773689e+01   2.5297526e-46
   3.4853877e+01   2.5068899e-46
   3.4934251e+01   2.4842404e-46
   3.5014809e+01   2.4618022e-46
   3.5095554e+01   2.4395732e-46
   3.5176484e+01   2.4175515e-46
   3.5257602e+01   2.3957352e-46
   3.5338906e+01   2.3741224e-46
   3.5420398e+01   2.3527112e-46
   3.5502077e+01   2.3314997e-46
   3.5583945e+01   2.3104860e-46
   3.5666002e+01   2.2896684e-46
   3.5748248e+01   2.2690449e-46
   3.5830684e+01   2.2486138e-46
   3.5913310e+01   2.2283733e-46
   3.5996126e+01   2.2083217e-46
   3.6079134e+01   2.1884570e-46
   3.6162332e+01   2.1687777e-46
   3.6245723e+01   2.1492820e-46
   3.6329306e+01   2.1299682e-46
   3.6413082e+01   2.1108345e-46
   3.6497050e+01   2.0918794e-46
   3.6581213e+01   2.0731011e-46
   3.6665569e+01   2.0544981e-46
   3.6750120e+01   2.0360686e-46
   3.6834867e+01   2.0178110e-46
   3.6919808e+01   1.9997238e-46
   3.7004945e+01   1.9818054e-46
   3.7090279e+01   1.9640542e-46
   3.7175810e+01   1.9464686e-46
   3.7261537e+01   1.9290471e-46
   3.7347463e+01   1.9117882e-46
   3.7433586e+01   1.8946904e-46
   3.7519908e+01   1.8777521e-46
   3.7606429e+01   1.8609719e-46
   3.7693150e+01   1.8443483e-46
   3.7780071e+01   1.8278798e-46
   3.7867192e+01   1.8115651e-46
   3.7954514e+01   1.7954026e-46
   3.8042037e+01   1.7793909e-46
   3.8129763e+01   1.7635287e-46
   3.8217690e+01   1.7478145e-46
   3.8305821e+01   1.7322471e-46
   3.8394154e+01   1.7168249e-46
   3.8482691e+01   1.7015467e-46
   3.8571433e+01   1.6864111e-46
   3.8660379e+01   1.6714167e-46
   3.8749530e+01   1.6565624e-46
   3.8838886e+01   1.6418467e-46
   3.8928449e+01   1.6272684e-46
   3.9018219e+01   1.6128262e-46
   3.9108195e+01   1.5985188e-46
   3.9198379e+01   1.5843450e-46
   3.9288770e+01   1.5703035e-46
   3.9379371e+01   1.5563931e-46
   3.9470180e+01   1.5426126e-46
   3.9561198e+01   1.5289607e-46
   3.9652427e+01   1.5154363e-46
   3.9743865e+01   1.5020382e-46
   3.9835515e+01   1.4887651e-46
   3.9927376e+01   1.4756161e-46
   4.0019449e+01   1.4625897e-46
   4.0111734e+01   1.4496851e-46
   4.0204232e+01   1.4369009e-46
   4.0296943e+01   1.4242361e-46
   4.0389868e+01   1.4116895e-46
   4.0483008e+01   1.3992602e-46
   4.0576362e+01   1.3869469e-46
   4.0669931e+01   1.3747485e-46
   4.0763716e+01   1.3626641e-46
   4.0857718e+01   1.3506926e-46
   4.0951936e+01   1.3388328e-46
   4.1046372e+01   1.3270839e-46
   4.1141025e+01   1.3154446e-46
   4.1235896e+01   1.3039141e-46
   4.1330987e+01   1.2924912e-46
   4.1426296e+01   1.2811750e-46
   4.1521826e+01   1.2699646e-46
   4.1617575e+01   1.2588588e-46
   4.1713546e+01   1.2478568e-46
   4.1809737e+01   1.2369575e-46
   4.1906151e+01   1.2261600e-46
   4.2002787e+01   1.2154634e-46
   4.2099646e+01   1.2048667e-46
   4.2196728e+01   1.1943690e-46
   4.2294034e+01   1.1839694e-46
   4.2391564e+01   1.1736669e-46
   4.2489319e+01   1.1634606e-46
   4.2587300e+01   1.1533497e-46
   4.2685507e+01   1.1433332e-46
   4.2783940e+01   1.1334103e-46
   4.2882600e+01   1.1235801e-46
   4.2981488e+01   1.1138417e-46
   4.3080603e+01   1.1041943e-46
   4.3179947e+01   1.0946371e-46
   4.3279521e+01   1.0851691e-46
   4.3379324e+01   1.0757896e-46
   4.3479357e+01   1.0664977e-46
   4.3579620e+01   1.0572926e-46
   4.3680115e+01   1.0481735e-46
   4.3780842e+01   1.0391396e-46
   4.3881801e+01   1.0301902e-46
   4.3982993e+01   1.0213243e-46
   4.4084418e+01   1.0125413e-46
   4.4186077e+01   1.0038403e-46
   4.4287970e+01   9.9522061e-47
   4.4390099e+01   9.8668147e-47
   4.4492463e+01   9.7822211e-47
   4.4595062e+01   9.6984179e-47
   4.4697899e+01   9.6153978e-47
   4.4800973e+01   9.5331534e-47
   4.4904284e+01   9.4516774e-47
   4.5007834e+01   9.3709627e-47
   4.5111622e+01   9.2910021e-47
   4.5215650e+01   9.2117887e-47
   4.5319918e+01   9.1333155e-47
   4.5424426e+01   9.0555755e-47
   4.5529175e+01   8.9785619e-47
   4.5634165e+01   8.9022679e-47
   4.5739398e+01   8.8266868e-47
   4.5844873e+01   8.7518119e-47
   4.5950592e+01   8.6776367e-47
   4.6056554e+01   8.6041545e-47
   4.6162761e+01   8.5313589e-47
   4.6269213e+01   8.4592436e-47
   4.6375910e+01   8.3878021e-47
   4.6482853e+01   8.3170281e-47
   4.6590043e+01   8.2469155e-47
   4.6697480e+01   8.1774580e-47
   4.6805165e+01   8.1086495e-47
   4.6913098e+01   8.0404839e-47
   4.7021280e+01   7.9729553e-47
   4.7129711e+01   7.9060576e-47
   4.7238393e+01   7.8397850e-47
   4.7347325e+01   7.7741317e-47
   4.7456508e+01   7.7090918e-47
   4.7565943e+01   7.6446596e-47
   4.7675631e+01   7.5808294e-47
   4.7785571e+01   7.5175957e-47
   4.7895765e+01   7.4549527e-47
   4.8006213e+01   7.3928951e-47
   4.8116916e+01   7.3314173e-47
   4.8227874e+01   7.2705139e-47
   4.8339087e+01   7.2101795e-47
   4.8450558e+01   7.1504088e-47
   4.8562285e+01   7.0911966e-47
   4.8674270e+01   7.0325376e-47
   4.8786513e+01   6.9744266e-47
   4.8899015e+01   6.9168585e-47
   4.9011777e+01   6.8598282e-47
   4.9124798e+01   6.8033307e-47
   4.9238081e+01   6.7473611e-47
   4.9351624e+01   6.6919143e-47
   4.9465429e+01   6.6369855e-47
   4.9579497e+01   6.5825698e-47
   4.9693828e+01   6.5286625e-47
   4.9808422e+01   6.4752587e-47
   4.9923280e+01   6.4223538e-47
   5.0038404e+01   6.3699430e-47
   5.0153793e+01   6.3180218e-47
   5.0269448e+01   6.2665856e-47
   5.0385370e+01   6.2156299e-47
   5.0501559e+01   6.1651500e-47
   5.0618016e+01   6.1151417e-47
   5.0734741e+01   6.0656004e-47
   5.0851736e+01   6.0165218e-47
   5.0969000e+01   5.9679016e-47
   5.1086535e+01   5.9197354e-47
   5.1204341e+01   5.8720191e-47
   5.1322419e+01   5.8247483e-47
   5.1440769e+01   5.7779190e-47
   5.1559392e+01   5.7315269e-47
   5.1678288e+01   5.6855681e-47
   5.1797458e+01   5.6400384e-47
   5.1916904e+01   5.5949337e-47
   5.2036625e+01   5.5502503e-47
   5.2156621e+01   5.5059840e-47
   5.2276895e+01   5.4621310e-47
   5.2397446e+01   5.4186873e-47
   5.2518275e+01   5.3756493e-47
   5.2639382e+01   5.3330130e-47
   5.2760769e+01   5.2907747e-47
   5.2882436e+01   5.2489307e-47
   5.3004383e+01   5.2074772e-47
   5.3126612e+01   5.1664106e-47
   5.3249122e+01   5.1257273e-47
   5.3371915e+01   5.0854237e-47
   5.3494991e+01   5.0454963e-47
   5.3618351e+01   5.0059414e-47
   5.3741995e+01   4.9667556e-47
   5.3865925e+01   4.9279354e-47
   5.3990140e+01   4.8894775e-47
   5.4114642e+01   4.8513784e-47
   5.4239430e+01   4.8136347e-47
   5.4364507e+01   4.7762432e-47
   5.4489872e+01   4.7392004e-47
   5.4615526e+01   4.7025032e-47
   5.4741470e+01   4.6661482e-47
   5.4867704e+01   4.6301324e-47
   5.4994229e+01   4.5944524e-47
   5.5121046e+01   4.5591052e-47
   5.5248156e+01   4.5240877e-47
   5.5375559e+01   4.4893966e-47
   5.5503255e+01   4.4550290e-47
   5.5631246e+01   4.4209818e-47
   5.5759532e+01   4.3872521e-47
   5.5888114e+01   4.3538368e-47
   5.6016992e+01   4.3207330e-47
   5.6146168e+01   4.2879377e-47
   5.6275642e+01   4.2554481e-47
   5.6405414e+01   4.2232613e-47
   5.6535485e+01   4.1913744e-47
   5.6665856e+01   4.1597847e-47
   5.6796528e+01   4.1284893e-47
   5.6927501e+01   4.0974855e-47
   5.7058777e+01   4.0667705e-47
   5.7190355e+01   4.0363416e-47
   5.7322236e+01   4.0061962e-47
   5.7454421e+01   3.9763315e-47
   5.7586912e+01   3.9467450e-47
   5.7719708e+01   3.9174340e-47
   5.7852810e+01   3.8883959e-47
   5.7986219e+01   3.8596281e-47
   5.8119935e+01   3.8311282e-47
   5.8253960e+01   3.8028936e-47
   5.8388294e+01   3.7749218e-47
   5.8522938e+01   3.7472104e-47
   5.8657893e+01   3.7197568e-47
   5.8793158e+01   3.6925587e-47
   5.8928736e+01   3.6656137e-47
   5.9064626e+01   3.6389193e-47
   5.9200829e+01   3.6124733e-47
   5.9337347e+01   3.5862732e-47
   5.9474179e+01   3.5603169e-47
   5.9611327e+01   3.5346019e-47
   5.9748791e+01   3.5091260e-47
   5.9886572e+01   3.4838870e-47
   6.0024671e+01   3.4588826e-47
   6.0163089e+01   3.4341107e-47
   6.0301825e+01   3.4095689e-47
   6.0440882e+01   3.3852553e-47
   6.0580259e+01   3.3611676e-47
   6.0719957e+01   3.3373037e-47
   6.0859978e+01   3.3136615e-47
   6.1000322e+01   3.2902388e-47
   6.1140989e+01   3.2670338e-47
   6.1281980e+01   3.2440442e-47
   6.1423297e+01   3.2212680e-47
   6.1564940e+01   3.1987034e-47
   6.1706909e+01   3.1763481e-47
   6.1849206e+01   3.1542004e-47
   6.1991830e+01   3.1322582e-47
   6.2134784e+01   3.1105196e-47
   6.2278067e+01   3.0889827e-47
   6.2421681e+01   3.0676456e-47
   6.2565626e+01   3.0465063e-47
   6.2709903e+01   3.0255631e-47
   6.2854512e+01   3.0048141e-47
   6.2999455e+01   2.9842574e-47
   6.3144732e+01   2.9638913e-47
   6.3290345e+01   2.9437139e-47
   6.3436293e+01   2.9237235e-47
   6.3582577e+01   2.9039183e-47
   6.3729199e+01   2.8842966e-47
   6.3876159e+01   2.8648566e-47
   6.4023458e+01   2.8455966e-47
   6.4171097e+01   2.8265149e-47
   6.4319076e+01   2.8076099e-47
   6.4467396e+01   2.7888798e-47
   6.4616058e+01   2.7703231e-47
   6.4765063e+01   2.7519380e-47
   6.4914412e+01   2.7337230e-47
   6.5064105e+01   2.7156765e-47
   6.5214144e+01   2.6977969e-47
   6.5364528e+01   2.6800826e-47
   6.5515259e+01   2.6625320e-47
   6.5666338e+01   2.6451436e-47
   6.5817765e+01   2.6279159e-47
   6.5969541e+01   2.6108473e-47
   6.6121667e+01   2.5939364e-47
   6.6274144e+01   2.5771817e-47
   6.6426973e+01   2.5605816e-47
   6.6580154e+01   2.5441348e-47
   6.6733688e+01   2.5278397e-47
   6.6887577e+01   2.5116950e-47
   6.7041820e+01   2.4956992e-47
   6.7196419e+01   2.4798510e-47
   6.7351374e+01   2.4641489e-47
   6.7506687e+01   2.4485915e-47
   6.7662358e+01   2.4331775e-47
   6.7818388e+01   2.4179056e-47
   6.7974778e+01   2.4027743e-47
   6.8131528e+01   2.3877824e-47
   6.8288640e+01   2.3729285e-47
   6.8446114e+01   2.3582114e-47
   6.8603951e+01   2.3436298e-47
   6.8762153e+01   2.3291823e-47
   6.8920719e+01   2.3148677e-47
   6.9079650e+01   2.3006847e-47
   6.9238949e+01   2.2866322e-47
   6.9398614e+01   2.2727088e-47
   6.9558648e+01   2.2589133e-47
   6.9719051e+01   2.2452446e-47
   6.9879823e+01   2.2317015e-47
   7.0040967e+01   2.2182827e-47
   7.0202482e+01   2.2049871e-47
   7.0364369e+01   2.1918135e-47
   7.0526630e+01   2.1787607e-47
   7.0689265e+01   2.1658277e-47
   7.0852275e+01   2.1530133e-47
   7.1015661e+01   2.1403163e-47
   7.1179423e+01   2.1277357e-47
   7.1343564e+01   2.1152703e-47
   7.1508083e+01   2.1029191e-47
   7.1672981e+01   2.0906810e-47
   7.1838259e+01   2.0785549e-47
   7.2003919e+01   2.0665398e-47
   7.2169960e+01   2.0546345e-47
   7.2336385e+01   2.0428382e-47
   7.2503193e+01   2.0311496e-47
   7.2670386e+01   2.0195679e-47
   7.2837964e+01   2.0080920e-47
   7.3005929e+01   1.9967209e-47
   7.3174282e+01   1.9854536e-47
   7.3343022e+01   1.9742891e-47
   7.3512152e+01   1.9632265e-47
   7.3681671e+01   1.9522648e-47
   7.3851582e+01   1.9414030e-47
   7.4021884e+01   1.9306402e-47
   7.4192579e+01   1.9199755e-47
   7.4363668e+01   1.9094079e-47
   7.4535151e+01   1.8989365e-47
   7.4707029e+01   1.8885604e-47
   7.4879304e+01   1.8782787e-47
   7.5051977e+01   1.8680905e-47
   7.5225047e+01   1.8579949e-47
   7.5398517e+01   1.8479910e-47
   7.5572386e+01   1.8380780e-47
   7.5746657e+01   1.8282551e-47
   7.5921329e+01   1.8185212e-47
   7.6096404e+01   1.8088757e-47
   7.6271883e+01   1.7993177e-47
   7.6447767e+01   1.7898463e-47
   7.6624056e+01   1.7804607e-47
   7.6800751e+01   1.7711602e-47
   7.6977855e+01   1.7619438e-47
   7.7155366e+01   1.7528109e-47
   7.7333287e+01   1.7437606e-47
   7.7511618e+01   1.7347921e-47
   7.7690361e+01   1.7259046e-47
   7.7869515e+01   1.7170975e-47
   7.8049083e+01   1.7083699e-47
   7.8229065e+01   1.6997211e-47
   7.8409461e+01   1.6911503e-47
   7.8590274e+01   1.6826568e-47
   7.8771504e+01   1.6742399e-47
   7.8953152e+01   1.6658988e-47
   7.9135218e+01   1.6576328e-47
   7.9317705e+01   1.6494412e-47
   7.9500612e+01   1.6413233e-47
   7.9683941e+01   1.6332784e-47
   7.9867693e+01   1.6253058e-47
   8.0051868e+01   1.6174049e-47
   8.0236468e+01   1.6095748e-47
   8.0421494e+01   1.6018151e-47
   8.0606947e+01   1.5941249e-47
   8.0792827e+01   1.5865037e-47
   8.0979136e+01   1.5789508e-47
   8.1165874e+01   1.5714655e-47
   8.1353044e+01   1.5640473e-47
   8.1540644e+01   1.5566954e-47
   8.1728678e+01   1.5494092e-47
   8.1917145e+01   1.5421881e-47
   8.2106046e+01   1.5350316e-47
   8.2295383e+01   1.5279389e-47
   8.2485157e+01   1.5209095e-47
   8.2675369e+01   1.5139428e-47
   8.2866019e+01   1.5070382e-47
   8.3057108e+01   1.5001950e-47
   8.3248639e+01   1.4934128e-47
   8.3440611e+01   1.4866909e-47
   8.3633025e+01   1.4800287e-47
   8.3825884e+01   1.4734258e-47
   8.4019187e+01   1.4668815e-47
   8.4212936e+01   1.4603953e-47
   8.4407131e+01   1.4539666e-47
   8.4601775e+01   1.4475948e-47
   8.4796867e+01   1.4412795e-47
   8.4992409e+01   1.4350202e-47
   8.5188403e+01   1.4288162e-47
   8.5384848e+01   1.4226670e-47
   8.5581746e+01   1.4165722e-47
   8.5779098e+01   1.4105312e-47
   8.5976905e+01   1.4045435e-47
   8.6175169e+01   1.3986085e-47
   8.6373889e+01   1.3927259e-47
   8.6573068e+01   1.3868951e-47
   8.6772706e+01   1.3811156e-47
   8.6972805e+01   1.3753869e-47
   8.7173365e+01   1.3697086e-47
   8.7374387e+01   1.3640801e-47
   8.7575873e+01   1.3585010e-47
   8.7777824e+01   1.3529708e-47
   8.7980240e+01   1.3474891e-47
   8.8183123e+01   1.3420554e-47
   8.8386474e+01   1.3366692e-47
   8.8590294e+01   1.3313301e-47
   8.8794584e+01   1.3260377e-47
   8.8999345e+01   1.3207915e-47
   8.9204578e+01   1.3155910e-47
   8.9410285e+01   1.3104359e-47
   8.9616465e+01   1.3053256e-47
   8.9823122e+01   1.3002599e-47
   9.0030254e+01   1.2952382e-47
   9.0237865e+01   1.2902601e-47
   9.0445954e+01   1.2853252e-47
   9.0654523e+01   1.2804332e-47
   9.0863573e+01   1.2755836e-47
   9.1073105e+01   1.2707759e-47
   9.1283120e+01   1.2660099e-47
   9.1493620e+01   1.2612851e-47
   9.1704605e+01   1.2566011e-47
   9.1916077e+01   1.2519576e-47
   9.2128036e+01   1.2473541e-47
   9.2340484e+01   1.2427902e-47
   9.2553422e+01   1.2382657e-47
   9.2766850e+01   1.2337801e-47
   9.2980771e+01   1.2293330e-47
   9.3195186e+01   1.2249241e-47
   9.3410095e+01   1.2205531e-47
   9.3625499e+01   1.2162195e-47
   9.3841400e+01   1.2119230e-47
   9.4057799e+01   1.2076633e-47
   9.4274697e+01   1.2034400e-47
   9.4492095e+01   1.1992528e-47
   9.4709995e+01   1.1951013e-47
   9.4928397e+01   1.1909852e-47
   9.5147302e+01   1.1869041e-47
   9.5366713e+01   1.1828578e-47
   9.5586629e+01   1.1788458e-47
   9.5807053e+01   1.1748679e-47
   9.6027984e+01   1.1709238e-47
   9.6249426e+01   1.1670131e-47
   9.6471378e+01   1.1631355e-47
   9.6693841e+01   1.1592907e-47
   9.6916818e+01   1.1554784e-47
   9.7140309e+01   1.1516982e-47
   9.7364315e+01   1.1479499e-47
   9.7588838e+01   1.1442332e-47
   9.7813879e+01   1.1405478e-47
   9.8039438e+01   1.1368934e-47
   9.8265518e+01   1.1332696e-47
   9.8492119e+01   1.1296762e-47
   9.8719243e+01   1.1261130e-47
   9.8946890e+01   1.1225795e-47
   9.9175062e+01   1.1190756e-47
   9.9403761e+01   1.1156010e-47
   9.9632987e+01   1.1121553e-47
   9.9862741e+01   1.1087384e-47
   1.0009303e+02   1.1053499e-47
   1.0032384e+02   1.1019895e-47
   1.0055519e+02   1.0986571e-47
   1.0078707e+02   1.0953523e-47
   1.0101948e+02   1.0920749e-47
   1.0125244e+02   1.0888246e-47
   1.0148593e+02   1.0856012e-47
   1.0171995e+02   1.0824044e-47
   1.0195452e+02   1.0792339e-47
   1.0218963e+02   1.0760896e-47
   1.0242528e+02   1.0729711e-47
   1.0266147e+02   1.0698783e-47
   1.0289821e+02   1.0668108e-47
   1.0313549e+02   1.0637685e-47
   1.0337332e+02   1.0607511e-47
   1.0361170e+02   1.0577583e-47
   1.0385063e+02   1.0547900e-47
   1.0409011e+02   1.0518459e-47
   1.0433015e+02   1.0489258e-47
   1.0457073e+02   1.0460294e-47
   1.0481187e+02   1.0431566e-47
   1.0505357e+02   1.0403071e-47
   1.0529582e+02   1.0374806e-47
   1.0553864e+02   1.0346771e-47
   1.0578201e+02   1.0318961e-47
   1.0602594e+02   1.0291377e-47
   1.0627044e+02   1.0264014e-47
   1.0651550e+02   1.0236872e-47
   1.0676113e+02   1.0209948e-47
   1.0700732e+02   1.0183241e-47
   1.0725408e+02   1.0156747e-47
   1.0750141e+02   1.0130465e-47
   1.0774931e+02   1.0104394e-47
   1.0799778e+02   1.0078531e-47
   1.0824682e+02   1.0052873e-47
   1.0849644e+02   1.0027420e-47
   1.0874663e+02   1.0002170e-47
   1.0899740e+02   9.9771197e-48
   1.0924875e+02   9.9522681e-48
   1.0950068e+02   9.9276131e-48
   1.0975319e+02   9.9031531e-48
   1.1000628e+02   9.8788860e-48
   1.1025996e+02   9.8548102e-48
   1.1051422e+02   9.8309238e-48
   1.1076906e+02   9.8072251e-48
   1.1102450e+02   9.7837123e-48
   1.1128052e+02   9.7603836e-48
   1.1153714e+02   9.7372374e-48
   1.1179434e+02   9.7142720e-48
   1.1205214e+02   9.6914856e-48
   1.1231053e+02   9.6688767e-48
   1.1256952e+02   9.6464434e-48
   1.1282911e+02   9.6241843e-48
   1.1308929e+02   9.6020976e-48
   1.1335008e+02   9.5801818e-48
   1.1361146e+02   9.5584353e-48
   1.1387345e+02   9.5368565e-48
   1.1413605e+02   9.5154439e-48
   1.1439924e+02   9.4941958e-48
   1.1466305e+02   9.4731108e-48
   1.1492746e+02   9.4521874e-48
   1.1519249e+02   9.4314240e-48
   1.1545812e+02   9.4108192e-48
   1.1572437e+02   9.3903715e-48
   1.1599123e+02   9.3700794e-48
   1.1625871e+02   9.3499415e-48
   1.1652680e+02   9.3299564e-48
   1.1679551e+02   9.3101227e-48
   1.1706484e+02   9.2904389e-48
   1.1733480e+02   9.2709037e-48
   1.1760537e+02   9.2515156e-48
   1.1787657e+02   9.2322734e-48
   1.1814839e+02   9.2131757e-48
   1.1842085e+02   9.1942211e-48
   1.1869392e+02   9.1754084e-48
   1.1896763e+02   9.1567362e-48
   1.1924197e+02   9.1382032e-48
   1.1951695e+02   9.1198082e-48
   1.1979255e+02   9.1015498e-48
   1.2006880e+02   9.0834269e-48
   1.2034568e+02   9.0654381e-48
   1.2062319e+02   9.0475823e-48
   1.2090135e+02   9.0298581e-48
   1.2118015e+02   9.0122645e-48
   1.2145959e+02   8.9948002e-48
   1.2173968e+02   8.9774641e-48
   1.2202041e+02   8.9602549e-48
   1.2230179e+02   8.9431715e-48
   1.2258382e+02   8.9262127e-48
   1.2286650e+02   8.9093774e-48
   1.2314983e+02   8.8926645e-48
   1.2343382e+02   8.8760729e-48
   1.2371846e+02   8.8596014e-48
   1.2400375e+02   8.8432489e-48
   1.2428971e+02   8.8270145e-48
   1.2457632e+02   8.8108969e-48
   1.2486359e+02   8.7948952e-48
   1.2515153e+02   8.7790082e-48
   1.2544013e+02   8.7632350e-48
   1.2572940e+02   8.7475745e-48
   1.2601933e+02   8.7320257e-48
   1.2630993e+02   8.7165875e-48
   1.2660120e+02   8.7012590e-48
   1.2689314e+02   8.6860392e-48
   1.2718576e+02   8.6709271e-48
   1.2747905e+02   8.6559217e-48
   1.2777302e+02   8.6410221e-48
   1.2806767e+02   8.6262273e-48
   1.2836299e+02   8.6115364e-48
   1.2865900e+02   8.5969483e-48
   1.2895569e+02   8.5824623e-48
   1.2925306e+02   8.5680774e-48
   1.2955112e+02   8.5537926e-48
   1.2984986e+02   8.5396072e-48
   1.3014930e+02   8.5255201e-48
   1.3044942e+02   8.5115306e-48
   1.3075024e+02   8.4976376e-48
   1.3105175e+02   8.4838405e-48
   1.3135396e+02   8.4701383e-48
   1.3165686e+02   8.4565302e-48
   1.3196046e+02   8.4430153e-48
   1.3226476e+02   8.4295928e-48
   1.3256977e+02   8.4162619e-48
   1.3287547e+02   8.4030218e-48
   1.3318189e+02   8.3898717e-48
   1.3348901e+02   8.3768107e-48
   1.3379683e+02   8.3638382e-48
   1.3410537e+02   8.3509532e-48
   1.3441462e+02   8.3381551e-48
   1.3472458e+02   8.3254430e-48
   1.3503525e+02   8.3128163e-48
   1.3534665e+02   8.3002741e-48
   1.3565876e+02   8.2878158e-48
   1.3597159e+02   8.2754405e-48
   1.3628514e+02   8.2631476e-48
   1.3659941e+02   8.2509364e-48
   1.3691441e+02   8.2388060e-48
   1.3723014e+02   8.2267559e-48
   1.3754659e+02   8.2147853e-48
   1.3786377e+02   8.2028935e-48
   1.3818169e+02   8.1910799e-48
   1.3850034e+02   8.1793438e-48
   1.3881972e+02   8.1676844e-48
   1.3913984e+02   8.1561011e-48
   1.3946070e+02   8.1445934e-48
   1.3978229e+02   8.1331604e-48
   1.4010463e+02   8.1218017e-48
   1.4042772e+02   8.1105164e-48
   1.4075154e+02   8.0993041e-48
   1.4107612e+02   8.0881641e-48
   1.4140144e+02   8.0770957e-48
   1.4172751e+02   8.0660984e-48
   1.4205434e+02   8.0551715e-48
   1.4238192e+02   8.0443145e-48
   1.4271025e+02   8.0335267e-48
   1.4303934e+02   8.0228076e-48
   1.4336919e+02   8.0121565e-48
   1.4369980e+02   8.0015730e-48
   1.4403117e+02   7.9910564e-48
   1.4436331e+02   7.9806061e-48
   1.4469621e+02   7.9702217e-48
   1.4502988e+02   7.9599025e-48
   1.4536432e+02   7.9496481e-48
   1.4569954e+02   7.9394578e-48
   1.4603552e+02   7.9293311e-48
   1.4637228e+02   7.9192676e-48
   1.4670981e+02   7.9092666e-48
   1.4704813e+02   7.8993276e-48
   1.4738722e+02   7.8894502e-48
   1.4772710e+02   7.8796339e-48
   1.4806776e+02   7.8698780e-48
   1.4840920e+02   7.8601822e-48
   1.4875144e+02   7.8505459e-48
   1.4909446e+02   7.8409687e-48
   1.4943827e+02   7.8314500e-48
   1.4978288e+02   7.8219894e-48
   1.5012828e+02   7.8125865e-48
   1.5047447e+02   7.8032406e-48
   1.5082147e+02   7.7939514e-48
   1.5116927e+02   7.7847185e-48
   1.5151786e+02   7.7755413e-48
   1.5186726e+02   7.7664194e-48
   1.5221747e+02   7.7573524e-48
   1.5256849e+02   7.7483398e-48
   1.5292031e+02   7.7393812e-48
   1.5327295e+02   7.7304761e-48
   1.5362639e+02   7.7216242e-48
   1.5398066e+02   7.7128250e-48
   1.5433574e+02   7.7040781e-48
   1.5469164e+02   7.6953830e-48
   1.5504836e+02   7.6867394e-48
   1.5540590e+02   7.6781469e-48
   1.5576427e+02   7.6696050e-48
   1.5612346e+02   7.6611134e-48
   1.5648348e+02   7.6526717e-48
   1.5684434e+02   7.6442795e-48
   1.5720602e+02   7.6359363e-48
   1.5756854e+02   7.6276419e-48
   1.5793189e+02   7.6193958e-48
   1.5829608e+02   7.6111976e-48
   1.5866112e+02   7.6030471e-48
   1.5902699e+02   7.5949438e-48
   1.5939371e+02   7.5868874e-48
   1.5976127e+02   7.5788775e-48
   1.6012968e+02   7.5709138e-48
   1.6049894e+02   7.5629958e-48
   1.6086905e+02   7.5551234e-48
   1.6124002e+02   7.5472960e-48
   1.6161184e+02   7.5395135e-48
   1.6198452e+02   7.5317754e-48
   1.6235805e+02   7.5240815e-48
   1.6273245e+02   7.5164313e-48
   1.6310772e+02   7.5088246e-48
   1.6348384e+02   7.5012610e-48
   1.6386084e+02   7.4937403e-48
   1.6423870e+02   7.4862621e-48
   1.6461744e+02   7.4788261e-48
   1.6499705e+02   7.4714320e-48
   1.6537753e+02   7.4640795e-48
   1.6575889e+02   7.4567683e-48
   1.6614114e+02   7.4494981e-48
   1.6652426e+02   7.4422687e-48
   1.6690826e+02   7.4350796e-48
   1.6729316e+02   7.4279306e-48
   1.6767894e+02   7.4208215e-48
   1.6806560e+02   7.4137520e-48
   1.6845316e+02   7.4067217e-48
   1.6884162e+02   7.3997305e-48
   1.6923097e+02   7.3927779e-48
   1.6962122e+02   7.3858639e-48
   1.7001236e+02   7.3789880e-48
   1.7040441e+02   7.3721501e-48
   1.7079737e+02   7.3653499e-48
   1.7119123e+02   7.3585870e-48
   1.7158600e+02   7.3518614e-48
   1.7198168e+02   7.3451726e-48
   1.7237827e+02   7.3385205e-48
   1.7277577e+02   7.3319049e-48
   1.7317419e+02   7.3253253e-48
   1.7357354e+02   7.3187818e-48
   1.7397380e+02   7.3122739e-48
   1.7437498e+02   7.3058015e-48
   1.7477709e+02   7.2993643e-48
   1.7518013e+02   7.2929620e-48
   1.7558410e+02   7.2865946e-48
   1.7598899e+02   7.2802617e-48
   1.7639483e+02   7.2739631e-48
   1.7680159e+02   7.2676986e-48
   1.7720930e+02   7.2614680e-48
   1.7761795e+02   7.2552711e-48
   1.7802753e+02   7.2491076e-48
   1.7843807e+02   7.2429773e-48
   1.7884955e+02   7.2368801e-48
   1.7926198e+02   7.2308157e-48
   1.7967535e+02   7.2247839e-48
   1.8008969e+02   7.2187846e-48
   1.8050498e+02   7.2128175e-48
   1.8092122e+02   7.2068824e-48
   1.8133843e+02   7.2009791e-48
   1.8175659e+02   7.1951075e-48
   1.8217573e+02   7.1892674e-48
   1.8259583e+02   7.1834585e-48
   1.8301689e+02   7.1776807e-48
   1.8343893e+02   7.1719338e-48
   1.8386194e+02   7.1662176e-48
   1.8428593e+02   7.1605320e-48
   1.8471089e+02   7.1548767e-48
   1.8513684e+02   7.1492516e-48
   1.8556377e+02   7.1436566e-48
   1.8599168e+02   7.1380914e-48
   1.8642058e+02   7.1325558e-48
   1.8685046e+02   7.1270498e-48
   1.8728134e+02   7.1215731e-48
   1.8771321e+02   7.1161256e-48
   1.8814608e+02   7.1107072e-48
   1.8857995e+02   7.1053176e-48
   1.8901482e+02   7.0999567e-48
   1.8945068e+02   7.0946244e-48
   1.8988756e+02   7.0893205e-48
   1.9032544e+02   7.0840448e-48
   1.9076433e+02   7.0787973e-48
   1.9120424e+02   7.0735777e-48
   1.9164516e+02   7.0683859e-48
   1.9208709e+02   7.0632218e-48
   1.9253005e+02   7.0580852e-48
   1.9297402e+02   7.0529760e-48
   1.9341902e+02   7.0478941e-48
   1.9386505e+02   7.0428393e-48
   1.9431210e+02   7.0378115e-48
   1.9476019e+02   7.0328105e-48
   1.9520930e+02   7.0278362e-48
   1.9565946e+02   7.0228886e-48
   1.9611065e+02   7.0179673e-48
   1.9656288e+02   7.0130725e-48
   1.9701616e+02   7.0082038e-48
   1.9747048e+02   7.0033612e-48
   1.9792585e+02   6.9985446e-48
   1.9838227e+02   6.9937538e-48
   1.9883974e+02   6.9889888e-48
   1.9929826e+02   6.9842494e-48
   1.9975785e+02   6.9795354e-48
   2.0021849e+02   6.9748469e-48
   2.0068020e+02   6.9701836e-48
   2.0114297e+02   6.9655455e-48
   2.0160680e+02   6.9609325e-48
   2.0207171e+02   6.9563444e-48
   2.0253769e+02   6.9517811e-48
   2.0300474e+02   6.9472426e-48
   2.0347287e+02   6.9427287e-48
   2.0394208e+02   6.9382393e-48
   2.0441237e+02   6.9337744e-48
   2.0488375e+02   6.9293338e-48
   2.0535621e+02   6.9249175e-48
   2.0582977e+02   6.9205253e-48
   2.0630441e+02   6.9161571e-48
   2.0678015e+02   6.9118129e-48
   2.0725699e+02   6.9074925e-48
   2.0773492e+02   6.9031959e-48
   2.0821396e+02   6.8989230e-48
   2.0869411e+02   6.8946737e-48
   2.0917536e+02   6.8904479e-48
   2.0965772e+02   6.8862456e-48
   2.1014119e+02   6.8820665e-48
   2.1062578e+02   6.8779107e-48
   2.1111148e+02   6.8737781e-48
   2.1159831e+02   6.8696686e-48
   2.1208625e+02   6.8655821e-48
   2.1257533e+02   6.8615186e-48
   2.1306553e+02   6.8574779e-48
   2.1355686e+02   6.8534600e-48
   2.1404932e+02   6.8494648e-48
   2.1454292e+02   6.8454922e-48
   2.1503766e+02   6.8415423e-48
   2.1553354e+02   6.8376148e-48
   2.1603056e+02   6.8337097e-48
   2.1652873e+02   6.8298270e-48
   2.1702804e+02   6.8259666e-48
   2.1752851e+02   6.8221284e-48
   2.1803013e+02   6.8183124e-48
   2.1853291e+02   6.8145185e-48
   2.1903685e+02   6.8107466e-48
   2.1954195e+02   6.8069967e-48
   2.2004822e+02   6.8032687e-48
   2.2055565e+02   6.7995626e-48
   2.2106425e+02   6.7958783e-48
   2.2157403e+02   6.7922157e-48
   2.2208498e+02   6.7885748e-48
   2.2259711e+02   6.7849555e-48
   2.2311042e+02   6.7813578e-48
   2.2362491e+02   6.7777816e-48
   2.2414060e+02   6.7742269e-48
   2.2465747e+02   6.7706936e-48
   2.2517553e+02   6.7671817e-48
   2.2569478e+02   6.7636911e-48
   2.2621524e+02   6.7602218e-48
   2.2673689e+02   6.7567737e-48
   2.2725975e+02   6.7533467e-48
   2.2778381e+02   6.7499409e-48
   2.2830908e+02   6.7465563e-48
   2.2883556e+02   6.7431926e-48
   2.2936326e+02   6.7398500e-48
   2.2989217e+02   6.7365283e-48
   2.3042231e+02   6.7332275e-48
   2.3095366e+02   6.7299476e-48
   2.3148624e+02   6.7266886e-48
   2.3202005e+02   6.7234504e-48
   2.3255509e+02   6.7202330e-48
   2.3309137e+02   6.7170362e-48
   2.3362888e+02   6.7138602e-48
   2.3416763e+02   6.7107049e-48
   2.3470762e+02   6.7075702e-48
   2.3524886e+02   6.7044561e-48
   2.3579134e+02   6.7013625e-48
   2.3633508e+02   6.6982895e-48
   2.3688007e+02   6.6952370e-48
   2.3742632e+02   6.6922050e-48
   2.3797382e+02   6.6891935e-48
   2.3852259e+02   6.6862024e-48
   2.3907263e+02   6.6832316e-48
   2.3962393e+02   6.6802813e-48
   2.4017651e+02   6.6773513e-48
   2.4073036e+02   6.6744416e-48
   2.4128548e+02   6.6715522e-48
   2.4184189e+02   6.6686831e-48
   2.4239958e+02   6.6658342e-48
   2.4295855e+02   6.6630056e-48
   2.4351882e+02   6.6601972e-48
   2.4408037e+02   6.6574090e-48
   2.4464322e+02   6.6546410e-48
   2.4520737e+02   6.6518932e-48
   2.4577282e+02   6.6491655e-48
   2.4633958e+02   6.6464579e-48
   2.4690764e+02   6.6437704e-48
   2.4747701e+02   6.6411031e-48
   2.4804769e+02   6.6384558e-48
   2.4861969e+02   6.6358286e-48
   2.4919301e+02   6.6332214e-48
   2.4976765e+02   6.6306343e-48
   2.5034362e+02   6.6280673e-48
   2.5092091e+02   6.6255202e-48
   2.5149954e+02   6.6229932e-48
   2.5207950e+02   6.6204862e-48
   2.5266080e+02   6.6179992e-48
   2.5324343e+02   6.6155322e-48
   2.5382742e+02   6.6130851e-48
   2.5441274e+02   6.6106581e-48
   2.5499942e+02   6.6082510e-48
   2.5558745e+02   6.6058639e-48
   2.5617684e+02   6.6034967e-48
   2.5676758e+02   6.6011495e-48
   2.5735969e+02   6.5988223e-48
   2.5795317e+02   6.5965150e-48
   2.5854801e+02   6.5942277e-48
   2.5914422e+02   6.5919604e-48
   2.5974181e+02   6.5897130e-48
   2.6034078e+02   6.5874855e-48
   2.6094112e+02   6.5852780e-48
   2.6154286e+02   6.5830905e-48
   2.6214598e+02   6.5809229e-48
   2.6275049e+02   6.5787753e-48
   2.6335639e+02   6.5766477e-48
   2.6396369e+02   6.5745400e-48
   2.6457240e+02   6.5724524e-48
   2.6518250e+02   6.5703847e-48
   2.6579401e+02   6.5683370e-48
   2.6640694e+02   6.5663092e-48
   2.6702127e+02   6.5643015e-48
   2.6763703e+02   6.5623139e-48
   2.6825420e+02   6.5603462e-48
   2.6887280e+02   6.5583986e-48
   2.6949282e+02   6.5564710e-48
   2.7011427e+02   6.5545634e-48
   2.7073716e+02   6.5526759e-48
   2.7136148e+02   6.5508085e-48
   2.7198724e+02   6.5489612e-48
   2.7261444e+02   6.5471340e-48
   2.7324310e+02   6.5453269e-48
   2.7387320e+02   6.5435399e-48
   2.7450475e+02   6.5417731e-48
   2.7513776e+02   6.5400264e-48
   2.7577223e+02   6.5382999e-48
   2.7640816e+02   6.5365936e-48
   2.7704556e+02   6.5349076e-48
   2.7768443e+02   6.5332417e-48
   2.7832477e+02   6.5315961e-48
   2.7896659e+02   6.5299707e-48
   2.7960989e+02   6.5283656e-48
   2.8025467e+02   6.5267809e-48
   2.8090094e+02   6.5252164e-48
   2.8154870e+02   6.5236723e-48
   2.8219796e+02   6.5221485e-48
   2.8284871e+02   6.5206452e-48
   2.8350096e+02   6.5191623e-48
   2.8415471e+02   6.5176997e-48
   2.8480998e+02   6.5162577e-48
   2.8546675e+02   6.5148361e-48
   2.8612504e+02   6.5134351e-48
   2.8678485e+02   6.5120545e-48
   2.8744617e+02   6.5106945e-48
   2.8810903e+02   6.5093552e-48
   2.8877341e+02   6.5080364e-48
   2.8943932e+02   6.5067382e-48
   2.9010677e+02   6.5054608e-48
   2.9077576e+02   6.5042040e-48
   2.9144629e+02   6.5029679e-48
   2.9211837e+02   6.5017527e-48
   2.9279200e+02   6.5005581e-48
   2.9346718e+02   6.4993845e-48
   2.9414391e+02   6.4982316e-48
   2.9482221e+02   6.4970996e-48
   2.9550207e+02   6.4959886e-48
   2.9618350e+02   6.4948985e-48
   2.9686651e+02   6.4938293e-48
   2.9755108e+02   6.4927812e-48
   2.9823724e+02   6.4917542e-48
   2.9892498e+02   6.4907482e-48
   2.9961430e+02   6.4897633e-48
   3.0030521e+02   6.4887996e-48
   3.0099772e+02   6.4878570e-48
   3.0169182e+02   6.4869357e-48
   3.0238752e+02   6.4860357e-48
   3.0308483e+02   6.4851569e-48
   3.0378375e+02   6.4842995e-48
   3.0448428e+02   6.4834635e-48
   3.0518642e+02   6.4826489e-48
   3.0589018e+02   6.4818558e-48
   3.0659557e+02   6.4810841e-48
   3.0730258e+02   6.4803340e-48
   3.0801122e+02   6.4796055e-48
   3.0872150e+02   6.4788986e-48
   3.0943341e+02   6.4782134e-48
   3.1014697e+02   6.4775499e-48
   3.1086217e+02   6.4769081e-48
   3.1157902e+02   6.4762882e-48
   3.1229752e+02   6.4756900e-48
   3.1301768e+02   6.4751138e-48
   3.1373950e+02   6.4745595e-48
   3.1446299e+02   6.4740272e-48
   3.1518814e+02   6.4735169e-48
   3.1591497e+02   6.4730287e-48
   3.1664347e+02   6.4725626e-48
   3.1737365e+02   6.4721187e-48
   3.1810552e+02   6.4716970e-48
   3.1883907e+02   6.4712975e-48
   3.1957432e+02   6.4709204e-48
   3.2031126e+02   6.4705656e-48
   3.2104990e+02   6.4702333e-48
   3.2179024e+02   6.4699234e-48
   3.2253229e+02   6.4696361e-48
   3.2327606e+02   6.4693713e-48
   3.2402153e+02   6.4691292e-48
   3.2476873e+02   6.4689097e-48
   3.2551765e+02   6.4687130e-48
   3.2626829e+02   6.4685390e-48
   3.2702067e+02   6.4683879e-48
   3.2777478e+02   6.4682597e-48
   3.2853063e+02   6.4681545e-48
   3.2928823e+02   6.4680722e-48
   3.3004757e+02   6.4680130e-48
   3.3080866e+02   6.4679770e-48
   3.3157151e+02   6.4679641e-48
   3.3233612e+02   6.4679745e-48
   3.3310249e+02   6.4680081e-48
   3.3387062e+02   6.4680652e-48
   3.3464053e+02   6.4681456e-48
   3.3541221e+02   6.4682495e-48
   3.3618568e+02   6.4683770e-48
   3.3696092e+02   6.4685280e-48
   3.3773796e+02   6.4687027e-48
   3.3851679e+02   6.4689012e-48
   3.3929741e+02   6.4691234e-48
   3.4007983e+02   6.4693695e-48
   3.4086406e+02   6.4696395e-48
   3.4165009e+02   6.4699334e-48
   3.4243794e+02   6.4702515e-48
   3.4322760e+02   6.4705936e-48
   3.4401909e+02   6.4709599e-48
   3.4481240e+02   6.4713504e-48
   3.4560754e+02   6.4717653e-48
   3.4640451e+02   6.4722045e-48
   3.4720333e+02   6.4726682e-48
   3.4800398e+02   6.4731564e-48
   3.4880648e+02   6.4736691e-48
   3.4961083e+02   6.4742066e-48
   3.5041703e+02   6.4747687e-48
   3.5122510e+02   6.4753557e-48
   3.5203503e+02   6.4759675e-48
   3.5284682e+02   6.4766042e-48
   3.5366049e+02   6.4772660e-48
   3.5447603e+02   6.4779528e-48
   3.5529346e+02   6.4786648e-48
   3.5611277e+02   6.4794021e-48
   3.5693397e+02   6.4801646e-48
   3.5775706e+02   6.4809525e-48
   3.5858205e+02   6.4817659e-48
   3.5940894e+02   6.4826048e-48
   3.6023774e+02   6.4834694e-48
   3.6106845e+02   6.4843596e-48
   3.6190108e+02   6.4852756e-48
   3.6273563e+02   6.4862174e-48
   3.6357210e+02   6.4871852e-48
   3.6441050e+02   6.4881789e-48
   3.6525083e+02   6.4891988e-48
   3.6609310e+02   6.4902448e-48
   3.6693731e+02   6.4913171e-48
   3.6778347e+02   6.4924157e-48
   3.6863159e+02   6.4935408e-48
   3.6948165e+02   6.4946923e-48
   3.7033368e+02   6.4958705e-48
   3.7118767e+02   6.4970753e-48
   3.7204364e+02   6.4983068e-48
   3.7290157e+02   6.4995652e-48
   3.7376148e+02   6.5008506e-48
   3.7462338e+02   6.5021629e-48
   3.7548727e+02   6.5035024e-48
   3.7635314e+02   6.5048691e-48
   3.7722102e+02   6.5062631e-48
   3.7809089e+02   6.5076844e-48
   3.7896277e+02   6.5091332e-48
   3.7983666e+02   6.5106096e-48
   3.8071257e+02   6.5121137e-48
   3.8159049e+02   6.5136455e-48
   3.8247044e+02   6.5152052e-48
   3.8335242e+02   6.5167928e-48
   3.8423644e+02   6.5184085e-48
   3.8512249e+02   6.5200523e-48
   3.8601059e+02   6.5217243e-48
   3.8690073e+02   6.5234247e-48
   3.8779292e+02   6.5251536e-48
   3.8868718e+02   6.5269110e-48
   3.8958349e+02   6.5286970e-48
   3.9048188e+02   6.5305118e-48
   3.9138233e+02   6.5323555e-48
   3.9228486e+02   6.5342281e-48
   3.9318947e+02   6.5361298e-48
   3.9409617e+02   6.5380607e-48
   3.9500496e+02   6.5400209e-48
   3.9591584e+02   6.5420104e-48
   3.9682883e+02   6.5440296e-48
   3.9774392e+02   6.5460783e-48
   3.9866112e+02   6.5481568e-48
   3.9958044e+02   6.5502652e-48
   4.0050187e+02   6.5524036e-48
   4.0142543e+02   6.5545720e-48
   4.0235112e+02   6.5567708e-48
   4.0327895e+02   6.5589998e-48
   4.0420891e+02   6.5612594e-48
   4.0514102e+02   6.5635496e-48
   4.0607528e+02   6.5658706e-48
   4.0701169e+02   6.5682224e-48
   4.0795026e+02   6.5706053e-48
   4.0889100e+02   6.5730194e-48
   4.0983390e+02   6.5754648e-48
   4.1077898e+02   6.5779416e-48
   4.1172624e+02   6.5804501e-48
   4.1267569e+02   6.5829903e-48
   4.1362732e+02   6.5855625e-48
   4.1458115e+02   6.5881667e-48
   4.1553718e+02   6.5908033e-48
   4.1649541e+02   6.5934723e-48
   4.1745585e+02   6.5961739e-48
   4.1841851e+02   6.5989083e-48
   4.1938338e+02   6.6016757e-48
   4.2035048e+02   6.6044764e-48
   4.2131982e+02   6.6073104e-48
   4.2229138e+02   6.6101781e-48
   4.2326519e+02   6.6130797e-48
   4.2424124e+02   6.6160154e-48
   4.2521955e+02   6.6189854e-48
   4.2620010e+02   6.6219901e-48
   4.2718293e+02   6.6250297e-48
   4.2816801e+02   6.6281045e-48
   4.2915537e+02   6.6312148e-48
   4.3014501e+02   6.6343611e-48
   4.3113692e+02   6.6375435e-48
   4.3213113e+02   6.6407626e-48
   4.3312763e+02   6.6440187e-48
   4.3412642e+02   6.6473124e-48
   4.3512752e+02   6.6506440e-48
   4.3613093e+02   6.6540142e-48
   4.3713665e+02   6.6574236e-48
   4.3814469e+02   6.6608727e-48
   4.3915506e+02   6.6643623e-48
   4.4016775e+02   6.6678932e-48
   4.4118278e+02   6.6714663e-48
   4.4220015e+02   6.6750826e-48
   4.4321987e+02   6.6787432e-48
   4.4424194e+02   6.6824493e-48
   4.4526636e+02   6.6862025e-48
   4.4629315e+02   6.6900042e-48
   4.4732231e+02   6.6938565e-48
   4.4835383e+02   6.6977615e-48
   4.4938774e+02   6.7017217e-48
   4.5042403e+02   6.7057401e-48
   4.5146271e+02   6.7098202e-48
   4.5250379e+02   6.7139661e-48
   4.5354727e+02   6.7181828e-48
   4.5459315e+02   6.7224762e-48
   4.5564145e+02   6.7268535e-48
   4.5669216e+02   6.7313236e-48
   4.5774529e+02   6.7358975e-48
   4.5880086e+02   6.7405889e-48
   4.5985886e+02   6.7454151e-48
   4.6091930e+02   6.7503982e-48
   4.6198218e+02   6.7555672e-48
   4.6304751e+02   6.7609599e-48
   4.6411530e+02   6.7666272e-48
   4.6518556e+02   6.7726386e-48
   4.6625828e+02   6.7790911e-48
   4.6733347e+02   6.7861234e-48
   4.6841115e+02   6.7939395e-48
   4.6949131e+02   6.8028501e-48
   4.7057396e+02   6.8133468e-48
   4.7165911e+02   6.8262464e-48
   4.7274676e+02   6.8429876e-48
   4.7383691e+02   6.8663036e-48
   4.7492958e+02   6.9019243e-48
   4.7602478e+02   6.9636124e-48
   4.7712249e+02   7.0918010e-48
   4.7822274e+02   7.4526782e-48
   4.7932553e+02   9.4513614e-48
   4.8043085e+02   1.6448144e-45
   4.8153873e+02   9.0365665e-48
   4.8264916e+02   7.3989746e-48
   4.8376216e+02   7.0892773e-48
   4.8487772e+02   6.9831662e-48
   4.8599585e+02   6.9366684e-48
   4.8711656e+02   6.9137718e-48
   4.8823985e+02   6.9020582e-48
   4.8936574e+02   6.8963243e-48
   4.9049422e+02   6.8940807e-48
   4.9162530e+02   6.8940160e-48
   4.9275899e+02   6.8953868e-48
   4.9389530e+02   6.8977459e-48
   4.9503423e+02   6.9008118e-48
   4.9617578e+02   6.9044003e-48
   4.9731996e+02   6.9083863e-48
   4.9846679e+02   6.9126832e-48
   4.9961626e+02   6.9172290e-48
   5.0076837e+02   6.9219786e-48
   5.0192315e+02   6.9268987e-48
   5.0308059e+02   6.9319641e-48
   5.0424070e+02   6.9371555e-48
   5.0540348e+02   6.9424580e-48
   5.0656894e+02   6.9478600e-48
   5.0773710e+02   6.9533523e-48
   5.0890794e+02   6.9589275e-48
   5.1008149e+02   6.9645797e-48
   5.1125774e+02   6.9703041e-48
   5.1243670e+02   6.9760967e-48
   5.1361839e+02   6.9819543e-48
   5.1480279e+02   6.9878744e-48
   5.1598993e+02   6.9938546e-48
   5.1717981e+02   6.9998932e-48
   5.1837243e+02   7.0059887e-48
   5.1956780e+02   7.0121398e-48
   5.2076593e+02   7.0183453e-48
   5.2196682e+02   7.0246045e-48
   5.2317048e+02   7.0309166e-48
   5.2437691e+02   7.0372810e-48
   5.2558613e+02   7.0436971e-48
   5.2679814e+02   7.0501646e-48
   5.2801294e+02   7.0566830e-48
   5.2923054e+02   7.0632521e-48
   5.3045095e+02   7.0698717e-48
   5.3167417e+02   7.0765416e-48
   5.3290022e+02   7.0832617e-48
   5.3412909e+02   7.0900318e-48
   5.3536079e+02   7.0968518e-48
   5.3659534e+02   7.1037219e-48
   5.3783273e+02   7.1106418e-48
   5.3907298e+02   7.1176117e-48
   5.4031609e+02   7.1246315e-48
   5.4156206e+02   7.1317014e-48
   5.4281090e+02   7.1388213e-48
   5.4406263e+02   7.1459913e-48
   5.4531724e+02   7.1532116e-48
   5.4657475e+02   7.1604821e-48
   5.4783515e+02   7.1678031e-48
   5.4909847e+02   7.1751746e-48
   5.5036469e+02   7.1825968e-48
   5.5163384e+02   7.1900698e-48
   5.5290591e+02   7.1975937e-48
   5.5418091e+02   7.2051687e-48
   5.5545886e+02   7.2127949e-48
   5.5673975e+02   7.2204725e-48
   5.5802360e+02   7.2282017e-48
   5.5931040e+02   7.2359825e-48
   5.6060018e+02   7.2438153e-48
   5.6189293e+02   7.2517000e-48
   5.6318866e+02   7.2596370e-48
   5.6448737e+02   7.2676265e-48
   5.6578909e+02   7.2756685e-48
   5.6709380e+02   7.2837633e-48
   5.6840152e+02   7.2919111e-48
   5.6971226e+02   7.3001120e-48
   5.7102602e+02   7.3083663e-48
   5.7234281e+02   7.3166742e-48
   5.7366264e+02   7.3250358e-48
   5.7498551e+02   7.3334514e-48
   5.7631143e+02   7.3419212e-48
   5.7764041e+02   7.3504453e-48
   5.7897245e+02   7.3590240e-48
   5.8030757e+02   7.3676575e-48
   5.8164576e+02   7.3763461e-48
   5.8298704e+02   7.3850898e-48
   5.8433141e+02   7.3938890e-48
   5.8567889e+02   7.4027439e-48
   5.8702947e+02   7.4116546e-48
   5.8838316e+02   7.4206214e-48
   5.8973998e+02   7.4296446e-48
   5.9109992e+02   7.4387243e-48
   5.9246300e+02   7.4478608e-48
   5.9382923e+02   7.4570544e-48
   5.9519860e+02   7.4663051e-48
   5.9657113e+02   7.4756133e-48
   5.9794683e+02   7.4849792e-48
   5.9932570e+02   7.4944031e-48
   6.0070775e+02   7.5038851e-48
   6.0209299e+02   7.5134256e-48
   6.0348142e+02   7.5230247e-48
   6.0487305e+02   7.5326826e-48
   6.0626789e+02   7.5423998e-48
   6.0766595e+02   7.5521762e-48
   6.0906723e+02   7.5620123e-48
   6.1047175e+02   7.5719083e-48
   6.1187950e+02   7.5818644e-48
   6.1329050e+02   7.5918808e-48
   6.1470475e+02   7.6019579e-48
   6.1612226e+02   7.6120958e-48
   6.1754305e+02   7.6222948e-48
   6.1896711e+02   7.6325552e-48
   6.2039445e+02   7.6428772e-48
   6.2182508e+02   7.6532611e-48
   6.2325902e+02   7.6637071e-48
   6.2469626e+02   7.6742156e-48
   6.2613681e+02   7.6847867e-48
   6.2758069e+02   7.6954207e-48
   6.2902789e+02   7.7061179e-48
   6.3047844e+02   7.7168785e-48
   6.3193232e+02   7.7277029e-48
   6.3338957e+02   7.7385912e-48
   6.3485017e+02   7.7495438e-48
   6.3631414e+02   7.7605609e-48
   6.3778148e+02   7.7716428e-48
   6.3925221e+02   7.7827898e-48
   6.4072633e+02   7.7940021e-48
   6.4220385e+02   7.8052800e-48
   6.4368478e+02   7.8166238e-48
   6.4516912e+02   7.8280338e-48
   6.4665688e+02   7.8395103e-48
   6.4814808e+02   7.8510534e-48
   6.4964271e+02   7.8626636e-48
   6.5114080e+02   7.8743411e-48
   6.5264233e+02   7.8860862e-48
   6.5414733e+02   7.8978991e-48
   6.5565580e+02   7.9097802e-48
   6.5716775e+02   7.9217298e-48
   6.5868318e+02   7.9337481e-48
   6.6020211e+02   7.9458354e-48
   6.6172454e+02   7.9579921e-48
   6.6325048e+02   7.9702183e-48
   6.6477994e+02   7.9825145e-48
   6.6631293e+02   7.9948809e-48
   6.6784945e+02   8.0073179e-48
   6.6938952e+02   8.0198256e-48
   6.7093314e+02   8.0324044e-48
   6.7248031e+02   8.0450547e-48
   6.7403106e+02   8.0577767e-48
   6.7558538e+02   8.0705708e-48
   6.7714328e+02   8.0834372e-48
   6.7870478e+02   8.0963762e-48
   6.8026988e+02   8.1093882e-48
   6.8183859e+02   8.1224735e-48
   6.8341091e+02   8.1356324e-48
   6.8498686e+02   8.1488651e-48
   6.8656645e+02   8.1621721e-48
   6.8814967e+02   8.1755537e-48
   6.8973655e+02   8.1890101e-48
   6.9132709e+02   8.2025417e-48
   6.9292130e+02   8.2161488e-48
   6.9451918e+02   8.2298317e-48
   6.9612074e+02   8.2435908e-48
   6.9772600e+02   8.2574264e-48
   6.9933497e+02   8.2713388e-48
   7.0094764e+02   8.2853284e-48
   7.0256403e+02   8.2993954e-48
   7.0418415e+02   8.3135403e-48
   7.0580800e+02   8.3277633e-48
   7.0743560e+02   8.3420648e-48
   7.0906695e+02   8.3564451e-48
   7.1070206e+02   8.3709046e-48
   7.1234095e+02   8.3854436e-48
   7.1398361e+02   8.4000625e-48
   7.1563006e+02   8.4147615e-48
   7.1728031e+02   8.4295411e-48
   7.1893437e+02   8.4444016e-48
   7.2059223e+02   8.4593434e-48
   7.2225393e+02   8.4743667e-48
   7.2391945e+02   8.4894720e-48
   7.2558881e+02   8.5046596e-48
   7.2726203e+02   8.5199299e-48
   7.2893910e+02   8.5352832e-48
   7.3062004e+02   8.5507199e-48
   7.3230485e+02   8.5662404e-48
   7.3399355e+02   8.5818449e-48
   7.3568615e+02   8.5975340e-48
   7.3738265e+02   8.6133078e-48
   7.3908306e+02   8.6291669e-48
   7.4078739e+02   8.6451116e-48
   7.4249565e+02   8.6611422e-48
   7.4420785e+02   8.6772592e-48
   7.4592400e+02   8.6934629e-48
   7.4764410e+02   8.7097536e-48
   7.4936818e+02   8.7261319e-48
   7.5109623e+02   8.7425980e-48
   7.5282826e+02   8.7591523e-48
   7.5456429e+02   8.7757952e-48
   7.5630432e+02   8.7925271e-48
   7.5804836e+02   8.8093485e-48
   7.5979643e+02   8.8262596e-48
   7.6154852e+02   8.8432609e-48
   7.6330466e+02   8.8603527e-48
   7.6506485e+02   8.8775355e-48
   7.6682909e+02   8.8948097e-48
   7.6859741e+02   8.9121757e-48
   7.7036980e+02   8.9296338e-48
   7.7214628e+02   8.9471845e-48
   7.7392685e+02   8.9648282e-48
   7.7571153e+02   8.9825652e-48
   7.7750033e+02   9.0003961e-48
   7.7929325e+02   9.0183211e-48
   7.8109031e+02   9.0363408e-48
   7.8289151e+02   9.0544555e-48
   7.8469686e+02   9.0726657e-48
   7.8650638e+02   9.0909717e-48
   7.8832007e+02   9.1093740e-48
   7.9013794e+02   9.1278730e-48
   7.9196000e+02   9.1464692e-48
   7.9378627e+02   9.1651630e-48
   7.9561675e+02   9.1839547e-48
   7.9745144e+02   9.2028449e-48
   7.9929037e+02   9.2218339e-48
   8.0113354e+02   9.2409222e-48
   8.0298096e+02   9.2601103e-48
   8.0483264e+02   9.2793985e-48
   8.0668859e+02   9.2987874e-48
   8.0854882e+02   9.3182773e-48
   8.1041334e+02   9.3378687e-48
   8.1228216e+02   9.3575621e-48
   8.1415529e+02   9.3773579e-48
   8.1603274e+02   9.3972565e-48
   8.1791452e+02   9.4172584e-48
   8.1980064e+02   9.4373642e-48
   8.2169110e+02   9.4575741e-48
   8.2358593e+02   9.4778887e-48
   8.2548512e+02   9.4983085e-48
   8.2738870e+02   9.5188339e-48
   8.2929666e+02   9.5394654e-48
   8.3120903e+02   9.5602034e-48
   8.3312580e+02   9.5810485e-48
   8.3504700e+02   9.6020010e-48
   8.3697262e+02   9.6230615e-48
   8.3890269e+02   9.6442305e-48
   8.4083720e+02   9.6655085e-48
   8.4277618e+02   9.6868958e-48
   8.4471963e+02   9.7083931e-48
   8.4666756e+02   9.7300008e-48
   8.4861998e+02   9.7517193e-48
   8.5057690e+02   9.7735492e-48
   8.5253834e+02   9.7954911e-48
   8.5450430e+02   9.8175452e-48
   8.5647479e+02   9.8397123e-48
   8.5844983e+02   9.8619928e-48
   8.6042942e+02   9.8843871e-48
   8.6241358e+02   9.9068959e-48
   8.6440231e+02   9.9295195e-48
   8.6639563e+02   9.9522586e-48
   8.6839354e+02   9.9751137e-48
   8.7039607e+02   9.9980852e-48
   8.7240321e+02   1.0021174e-47
   8.7441498e+02   1.0044380e-47
   8.7643138e+02   1.0067704e-47
   8.7845244e+02   1.0091146e-47
   8.8047816e+02   1.0114708e-47
   8.8250855e+02   1.0138390e-47
   8.8454362e+02   1.0162191e-47
   8.8658338e+02   1.0186114e-47
   8.8862785e+02   1.0210158e-47
   8.9067703e+02   1.0234323e-47
   8.9273094e+02   1.0258611e-47
   8.9478959e+02   1.0283022e-47
   8.9685298e+02   1.0307557e-47
   8.9892113e+02   1.0332216e-47
   9.0099405e+02   1.0357000e-47
   9.0307175e+02   1.0381909e-47
   9.0515424e+02   1.0406945e-47
   9.0724153e+02   1.0432106e-47
   9.0933364e+02   1.0457396e-47
   9.1143057e+02   1.0482813e-47
   9.1353233e+02   1.0508359e-47
   9.1563894e+02   1.0534035e-47
   9.1775041e+02   1.0559841e-47
   9.1986675e+02   1.0585779e-47
   9.2198797e+02   1.0611848e-47
   9.2411408e+02   1.0638051e-47
   9.2624510e+02   1.0664388e-47
   9.2838103e+02   1.0690862e-47
   9.3052188e+02   1.0717473e-47
   9.3266767e+02   1.0744225e-47
   9.3481841e+02   1.0771120e-47
   9.3697411e+02   1.0798163e-47
   9.3913478e+02   1.0825359e-47
   9.4130043e+02   1.0852719e-47
   9.4347108e+02   1.0880258e-47
   9.4564673e+02   1.0908003e-47
   9.4782740e+02   1.0936005e-47
   9.5001309e+02   1.0964371e-47
   9.5220383e+02   1.0993361e-47
   9.5439962e+02   1.1023752e-47
   9.5660047e+02   1.1058841e-47
   9.5880640e+02   1.1129089e-47
   9.6101742e+02   1.4609380e-47
   9.6323353e+02   1.1166200e-47
   9.6545475e+02   1.1170305e-47
   9.6768110e+02   1.1194165e-47
   9.6991258e+02   1.1221397e-47
   9.7214920e+02   1.1249746e-47
   9.7439099e+02   1.1278631e-47
   9.7663794e+02   1.1307847e-47
   9.7889008e+02   1.1337310e-47
   9.8114740e+02   1.1366978e-47
   9.8340994e+02   1.1396830e-47
   9.8567769e+02   1.1426854e-47
   9.8795067e+02   1.1457042e-47
   9.9022889e+02   1.1487392e-47
   9.9251237e+02   1.1517900e-47
   9.9480111e+02   1.1548565e-47
   9.9709513e+02   1.1579385e-47
   9.9939443e+02   1.1610362e-47
   1.0016990e+03   1.1641494e-47
   1.0040090e+03   1.1672782e-47
   1.0063242e+03   1.1704226e-47
   1.0086448e+03   1.1735826e-47
   1.0109708e+03   1.1767583e-47
   1.0133021e+03   1.1799497e-47
   1.0156387e+03   1.1831569e-47
   1.0179808e+03   1.1863799e-47
   1.0203283e+03   1.1896189e-47
   1.0226812e+03   1.1928738e-47
   1.0250395e+03   1.1961447e-47
   1.0274032e+03   1.1994317e-47
   1.0297724e+03   1.2027348e-47
   1.0321471e+03   1.2060542e-47
   1.0345272e+03   1.2093899e-47
   1.0369129e+03   1.2127420e-47
   1.0393040e+03   1.2161104e-47
   1.0417006e+03   1.2194954e-47
   1.0441028e+03   1.2228970e-47
   1.0465105e+03   1.2263153e-47
   1.0489238e+03   1.2297502e-47
   1.0513426e+03   1.2332020e-47
   1.0537670e+03   1.2366706e-47
   1.0561970e+03   1.2401562e-47
   1.0586326e+03   1.2436589e-47
   1.0610738e+03   1.2471786e-47
   1.0635207e+03   1.2507155e-47
   1.0659731e+03   1.2542697e-47
   1.0684313e+03   1.2578412e-47
   1.0708951e+03   1.2614301e-47
   1.0733646e+03   1.2650365e-47
   1.0758398e+03   1.2686605e-47
   1.0783207e+03   1.2723021e-47
   1.0808073e+03   1.2759615e-47
   1.0832996e+03   1.2796386e-47
   1.0857977e+03   1.2833337e-47
   1.0883016e+03   1.2870467e-47
   1.0908112e+03   1.2907778e-47
   1.0933266e+03   1.2945270e-47
   1.0958479e+03   1.2982944e-47
   1.0983749e+03   1.3020802e-47
   1.1009078e+03   1.3058843e-47
   1.1034465e+03   1.3097068e-47
   1.1059910e+03   1.3135479e-47
   1.1085414e+03   1.3174077e-47
   1.1110977e+03   1.3212861e-47
   1.1136599e+03   1.3251834e-47
   1.1162281e+03   1.3290995e-47
   1.1188021e+03   1.3330346e-47
   1.1213820e+03   1.3369887e-47
   1.1239680e+03   1.3409620e-47
   1.1265598e+03   1.3449545e-47
   1.1291577e+03   1.3489664e-47
   1.1317615e+03   1.3529976e-47
   1.1343714e+03   1.3570483e-47
   1.1369873e+03   1.3611186e-47
   1.1396092e+03   1.3652086e-47
   1.1422371e+03   1.3693183e-47
   1.1448711e+03   1.3734479e-47
   1.1475112e+03   1.3775974e-47
   1.1501574e+03   1.3817669e-47
   1.1528096e+03   1.3859566e-47
   1.1554680e+03   1.3901664e-47
   1.1581325e+03   1.3943966e-47
   1.1608032e+03   1.3986471e-47
   1.1634800e+03   1.4029181e-47
   1.1661630e+03   1.4072097e-47
   1.1688522e+03   1.4115220e-47
   1.1715476e+03   1.4158551e-47
   1.1742492e+03   1.4202089e-47
   1.1769570e+03   1.4245838e-47
   1.1796711e+03   1.4289797e-47
   1.1823914e+03   1.4333967e-47
   1.1851180e+03   1.4378350e-47
   1.1878509e+03   1.4422946e-47
   1.1905901e+03   1.4467757e-47
   1.1933356e+03   1.4512782e-47
   1.1960875e+03   1.4558024e-47
   1.1988456e+03   1.4603484e-47
   1.2016102e+03   1.4649161e-47
   1.2043811e+03   1.4695058e-47
   1.2071584e+03   1.4741175e-47
   1.2099421e+03   1.4787513e-47
   1.2127323e+03   1.4834074e-47
   1.2155288e+03   1.4880857e-47
   1.2183319e+03   1.4927865e-47
   1.2211413e+03   1.4975098e-47
   1.2239573e+03   1.5022558e-47
   1.2267798e+03   1.5070245e-47
   1.2296087e+03   1.5118160e-47
   1.2324442e+03   1.5166305e-47
   1.2352862e+03   1.5214680e-47
   1.2381348e+03   1.5263287e-47
   1.2409900e+03   1.5312126e-47
   1.2438517e+03   1.5361199e-47
   1.2467200e+03   1.5410506e-47
   1.2495950e+03   1.5460050e-47
   1.2524766e+03   1.5509830e-47
   1.2553648e+03   1.5559848e-47
   1.2582597e+03   1.5610105e-47
   1.2611612e+03   1.5660602e-47
   1.2640695e+03   1.5711340e-47
   1.2669844e+03   1.5762320e-47
   1.2699061e+03   1.5813544e-47
   1.2728345e+03   1.5865012e-47
   1.2757697e+03   1.5916726e-47
   1.2787116e+03   1.5968687e-47
   1.2816603e+03   1.6020895e-47
   1.2846158e+03   1.6073352e-47
   1.2875782e+03   1.6126060e-47
   1.2905473e+03   1.6179019e-47
   1.2935233e+03   1.6232230e-47
   1.2965062e+03   1.6285694e-47
   1.2994960e+03   1.6339413e-47
   1.3024926e+03   1.6393389e-47
   1.3054962e+03   1.6447621e-47
   1.3085067e+03   1.6502111e-47
   1.3115241e+03   1.6556861e-47
   1.3145485e+03   1.6611871e-47
   1.3175798e+03   1.6667143e-47
   1.3206182e+03   1.6722678e-47
   1.3236635e+03   1.6778477e-47
   1.3267159e+03   1.6834541e-47
   1.3297753e+03   1.6890872e-47
   1.3328418e+03   1.6947471e-47
   1.3359154e+03   1.7004338e-47
   1.3389960e+03   1.7061476e-47
   1.3420837e+03   1.7118886e-47
   1.3451786e+03   1.7176568e-47
   1.3482806e+03   1.7234524e-47
   1.3513897e+03   1.7292755e-47
   1.3545060e+03   1.7351263e-47
   1.3576295e+03   1.7410048e-47
   1.3607602e+03   1.7469112e-47
   1.3638982e+03   1.7528457e-47
   1.3670433e+03   1.7588083e-47
   1.3701957e+03   1.7647993e-47
   1.3733554e+03   1.7708186e-47
   1.3765224e+03   1.7768665e-47
   1.3796966e+03   1.7829430e-47
   1.3828782e+03   1.7890484e-47
   1.3860672e+03   1.7951828e-47
   1.3892634e+03   1.8013462e-47
   1.3924671e+03   1.8075389e-47
   1.3956781e+03   1.8137610e-47
   1.3988966e+03   1.8200125e-47
   1.4021224e+03   1.8262938e-47
   1.4053558e+03   1.8326050e-47
   1.4085965e+03   1.8389461e-47
   1.4118448e+03   1.8453176e-47
   1.4151005e+03   1.8517196e-47
   1.4183637e+03   1.8581525e-47
   1.4216345e+03   1.8646170e-47
   1.4249128e+03   1.8711142e-47
   1.4281986e+03   1.8776466e-47
   1.4314921e+03   1.8842215e-47
   1.4347931e+03   1.8908689e-47
   1.4381017e+03   1.8978542e-47
   1.4414180e+03   1.9715361e-47
   1.4447419e+03   1.9110427e-47
   1.4480735e+03   1.9174987e-47
   1.4514128e+03   1.9241895e-47
   1.4547598e+03   1.9309446e-47
   1.4581144e+03   1.9377414e-47
   1.4614769e+03   1.9445741e-47
   1.4648470e+03   1.9514409e-47
   1.4682250e+03   1.9583411e-47
   1.4716107e+03   1.9652745e-47
   1.4750043e+03   1.9722409e-47
   1.4784056e+03   1.9792404e-47
   1.4818149e+03   1.9862732e-47
   1.4852319e+03   1.9933392e-47
   1.4886569e+03   2.0004386e-47
   1.4920897e+03   2.0075715e-47
   1.4955305e+03   2.0147381e-47
   1.4989792e+03   2.0219386e-47
   1.5024359e+03   2.0291730e-47
   1.5059005e+03   2.0364415e-47
   1.5093731e+03   2.0437443e-47
   1.5128538e+03   2.0510815e-47
   1.5163424e+03   2.0584533e-47
   1.5198391e+03   2.0658598e-47
   1.5233439e+03   2.0733012e-47
   1.5268567e+03   2.0807777e-47
   1.5303776e+03   2.0882894e-47
   1.5339067e+03   2.0958364e-47
   1.5374439e+03   2.1034190e-47
   1.5409893e+03   2.1110372e-47
   1.5445428e+03   2.1186914e-47
   1.5481045e+03   2.1263815e-47
   1.5516745e+03   2.1341078e-47
   1.5552526e+03   2.1418705e-47
   1.5588391e+03   2.1496697e-47
   1.5624338e+03   2.1575055e-47
   1.5660367e+03   2.1653783e-47
   1.5696480e+03   2.1732880e-47
   1.5732677e+03   2.1812349e-47
   1.5768956e+03   2.1892192e-47
   1.5805320e+03   2.1972410e-47
   1.5841767e+03   2.2053005e-47
   1.5878298e+03   2.2133979e-47
   1.5914913e+03   2.2215334e-47
   1.5951613e+03   2.2297070e-47
   1.5988398e+03   2.2379191e-47
   1.6025267e+03   2.2461697e-47
   1.6062222e+03   2.2544591e-47
   1.6099261e+03   2.2627874e-47
   1.6136386e+03   2.2711548e-47
   1.6173597e+03   2.2795615e-47
   1.6210893e+03   2.2880077e-47
   1.6248276e+03   2.2964935e-47
   1.6285744e+03   2.3050192e-47
   1.6323300e+03   2.3135848e-47
   1.6360941e+03   2.3221907e-47
   1.6398670e+03   2.3308369e-47
   1.6436485e+03   2.3395237e-47
   1.6474388e+03   2.3482512e-47
   1.6512378e+03   2.3570197e-47
   1.6550456e+03   2.3658293e-47
   1.6588621e+03   2.3746803e-47
   1.6626874e+03   2.3835727e-47
   1.6665216e+03   2.3925068e-47
   1.6703646e+03   2.4014828e-47
   1.6742165e+03   2.4105009e-47
   1.6780773e+03   2.4195612e-47
   1.6819469e+03   2.4286640e-47
   1.6858255e+03   2.4378095e-47
   1.6897130e+03   2.4469978e-47
   1.6936095e+03   2.4562292e-47
   1.6975150e+03   2.4655038e-47
   1.7014295e+03   2.4748219e-47
   1.7053530e+03   2.4841836e-47
   1.7092855e+03   2.4935892e-47
   1.7132272e+03   2.5030388e-47
   1.7171779e+03   2.5125327e-47
   1.7211377e+03   2.5220710e-47
   1.7251067e+03   2.5316540e-47
   1.7290848e+03   2.5412818e-47
   1.7330721e+03   2.5509547e-47
   1.7370685e+03   2.5606729e-47
   1.7410742e+03   2.5704366e-47
   1.7450892e+03   2.5802459e-47
   1.7491133e+03   2.5901012e-47
   1.7531468e+03   2.6000026e-47
   1.7571896e+03   2.6099503e-47
   1.7612417e+03   2.6199445e-47
   1.7653031e+03   2.6299855e-47
   1.7693739e+03   2.6400734e-47
   1.7734541e+03   2.6502086e-47
   1.7775437e+03   2.6603911e-47
   1.7816427e+03   2.6706213e-47
   1.7857512e+03   2.6808992e-47
   1.7898692e+03   2.6912253e-47
   1.7939966e+03   2.7015996e-47
   1.7981336e+03   2.7120224e-47
   1.8022801e+03   2.7224939e-47
   1.8064362e+03   2.7330144e-47
   1.8106018e+03   2.7435840e-47
   1.8147771e+03   2.7542031e-47
   1.8189620e+03   2.7648717e-47
   1.8231565e+03   2.7755902e-47
   1.8273607e+03   2.7863588e-47
   1.8315746e+03   2.7971777e-47
   1.8357983e+03   2.8080472e-47
   1.8400316e+03   2.8189674e-47
   1.8442748e+03   2.8299386e-47
   1.8485277e+03   2.8409611e-47
   1.8527904e+03   2.8520350e-47
   1.8570629e+03   2.8631607e-47
   1.8613453e+03   2.8743383e-47
   1.8656376e+03   2.8855681e-47
   1.8699398e+03   2.8968504e-47
   1.8742519e+03   2.9081853e-47
   1.8785739e+03   2.9195733e-47
   1.8829059e+03   2.9310144e-47
   1.8872479e+03   2.9425090e-47
   1.8915999e+03   2.9540573e-47
   1.8959620e+03   2.9656598e-47
   1.9003341e+03   2.9773169e-47
   1.9047163e+03   2.9890293e-47
   1.9091086e+03   3.0007988e-47
   1.9135110e+03   3.0126327e-47
   1.9179235e+03   3.0246010e-47
   1.9223463e+03   3.0388078e-47
   1.9267792e+03   3.0484555e-47
   1.9312224e+03   3.0604581e-47
   1.9356758e+03   3.0725477e-47
   1.9401395e+03   3.0846990e-47
   1.9446135e+03   3.0969087e-47
   1.9490978e+03   3.1091761e-47
   1.9535924e+03   3.1215009e-47
   1.9580974e+03   3.1338834e-47
   1.9626128e+03   3.1463237e-47
   1.9671386e+03   3.1588221e-47
   1.9716748e+03   3.1713788e-47
   1.9762215e+03   3.1839941e-47
   1.9807787e+03   3.1966681e-47
   1.9853464e+03   3.2094013e-47
   1.9899246e+03   3.2221938e-47
   1.9945134e+03   3.2350459e-47
   1.9991128e+03   3.2479579e-47
   2.0037227e+03   3.2609301e-47
   2.0083433e+03   3.2739627e-47
   2.0129746e+03   3.2870561e-47
   2.0176165e+03   3.3002104e-47
   2.0222692e+03   3.3134261e-47
   2.0269325e+03   3.3267032e-47
   2.0316067e+03   3.3400423e-47
   2.0362916e+03   3.3534434e-47
   2.0409873e+03   3.3669070e-47
   2.0456938e+03   3.3804333e-47
   2.0504112e+03   3.3940225e-47
   2.0551394e+03   3.4076751e-47
   2.0598786e+03   3.4213912e-47
   2.0646287e+03   3.4351711e-47
   2.0693898e+03   3.4490153e-47
   2.0741618e+03   3.4629238e-47
   2.0789448e+03   3.4768971e-47
   2.0837389e+03   3.4909355e-47
   2.0885440e+03   3.5050392e-47
   2.0933602e+03   3.5192086e-47
   2.0981875e+03   3.5334439e-47
   2.1030259e+03   3.5477454e-47
   2.1078755e+03   3.5621135e-47
   2.1127363e+03   3.5765485e-47
   2.1176083e+03   3.5910506e-47
   2.1224915e+03   3.6056203e-47
   2.1273860e+03   3.6202577e-47
   2.1322918e+03   3.6349632e-47
   2.1372088e+03   3.6497371e-47
   2.1421373e+03   3.6645798e-47
   2.1470771e+03   3.6794915e-47
   2.1520282e+03   3.6944725e-47
   2.1569908e+03   3.7095233e-47
   2.1619649e+03   3.7246440e-47
   2.1669504e+03   3.7398351e-47
   2.1719474e+03   3.7550968e-47
   2.1769559e+03   3.7704295e-47
   2.1819760e+03   3.7858335e-47
   2.1870076e+03   3.8013091e-47
   2.1920509e+03   3.8168567e-47
   2.1971058e+03   3.8324766e-47
   2.2021723e+03   3.8481691e-47
   2.2072505e+03   3.8639346e-47
   2.2123405e+03   3.8797733e-47
   2.2174421e+03   3.8956857e-47
   2.2225556e+03   3.9116721e-47
   2.2276808e+03   3.9277328e-47
   2.2328179e+03   3.9438681e-47
   2.2379668e+03   3.9600784e-47
   2.2431275e+03   3.9763641e-47
   2.2483002e+03   3.9927254e-47
   2.2534848e+03   4.0091628e-47
   2.2586814e+03   4.0256766e-47
   2.2638899e+03   4.0422671e-47
   2.2691104e+03   4.0589347e-47
   2.2743430e+03   4.0756798e-47
   2.2795877e+03   4.0925027e-47
   2.2848444e+03   4.1094037e-47
   2.2901133e+03   4.1263833e-47
   2.2953943e+03   4.1434417e-47
   2.3006875e+03   4.1605794e-47
   2.3059929e+03   4.1777967e-47
   2.3113105e+03   4.1950940e-47
   2.3166404e+03   4.2124716e-47
   2.3219826e+03   4.2299300e-47
   2.3273371e+03   4.2474694e-47
   2.3327040e+03   4.2650903e-47
   2.3380832e+03   4.2827931e-47
   2.3434749e+03   4.3005781e-47
   2.3488789e+03   4.3184457e-47
   2.3542955e+03   4.3363962e-47
   2.3597245e+03   4.3544302e-47
   2.3651660e+03   4.3725479e-47
   2.3706201e+03   4.3907499e-47
   2.3760868e+03   4.4090365e-47
   2.3815661e+03   4.4274082e-47
   2.3870580e+03   4.4458661e-47
   2.3925626e+03   4.4644129e-47
   2.3980798e+03   4.4830790e-47
   2.4036098e+03   4.5019873e-47
   2.4091526e+03   4.5205625e-47
   2.4147081e+03   4.5394426e-47
   2.4202764e+03   4.5584170e-47
   2.4258576e+03   4.5774808e-47
   2.4314516e+03   4.5966336e-47
   2.4370586e+03   4.6158753e-47
   2.4426785e+03   4.6352065e-47
   2.4483113e+03   4.6546275e-47
   2.4539571e+03   4.6741386e-47
   2.4596160e+03   4.6937402e-47
   2.4652879e+03   4.7134329e-47
   2.4709728e+03   4.7332169e-47
   2.4766709e+03   4.7530928e-47
   2.4823821e+03   4.7730609e-47
   2.4881065e+03   4.7931216e-47
   2.4938441e+03   4.8132754e-47
   2.4995949e+03   4.8335227e-47
   2.5053590e+03   4.8538640e-47
   2.5111364e+03   4.8742996e-47
   2.5169271e+03   4.8948301e-47
   2.5227312e+03   4.9154558e-47
   2.5285486e+03   4.9361771e-47
   2.5343794e+03   4.9569946e-47
   2.5402237e+03   4.9779087e-47
   2.5460815e+03   4.9989198e-47
   2.5519528e+03   5.0200283e-47
   2.5578376e+03   5.0412348e-47
   2.5637360e+03   5.0625396e-47
   2.5696480e+03   5.0839432e-47
   2.5755736e+03   5.1054461e-47
   2.5815129e+03   5.1270487e-47
   2.5874659e+03   5.1487515e-47
   2.5934326e+03   5.1705549e-47
   2.5994131e+03   5.1924595e-47
   2.6054074e+03   5.2144656e-47
   2.6114155e+03   5.2365738e-47
   2.6174374e+03   5.2587845e-47
   2.6234732e+03   5.2810982e-47
   2.6295230e+03   5.3035153e-47
   2.6355867e+03   5.3260364e-47
   2.6416644e+03   5.3486619e-47
   2.6477561e+03   5.3713923e-47
   2.6538618e+03   5.3942281e-47
   2.6599816e+03   5.4171698e-47
   2.6661156e+03   5.4402178e-47
   2.6722637e+03   5.4633726e-47
   2.6784259e+03   5.4866348e-47
   2.6846024e+03   5.5100049e-47
   2.6907931e+03   5.5334832e-47
   2.6969981e+03   5.5570704e-47
   2.7032174e+03   5.5807670e-47
   2.7094510e+03   5.6045733e-47
   2.7156991e+03   5.6284900e-47
   2.7219615e+03   5.6525176e-47
   2.7282383e+03   5.6766565e-47
   2.7345297e+03   5.7009073e-47
   2.7408355e+03   5.7252705e-47
   2.7471559e+03   5.7497466e-47
   2.7534909e+03   5.7743362e-47
   2.7598405e+03   5.7990397e-47
   2.7662047e+03   5.8238577e-47
   2.7725836e+03   5.8487906e-47
   2.7789772e+03   5.8738392e-47
   2.7853855e+03   5.8990038e-47
   2.7918086e+03   5.9242850e-47
   2.7982465e+03   5.9496833e-47
   2.8046993e+03   5.9751993e-47
   2.8111670e+03   6.0008336e-47
   2.8176496e+03   6.0265866e-47
   2.8241471e+03   6.0524590e-47
   2.8306596e+03   6.0784512e-47
   2.8371871e+03   6.1045639e-47
   2.8437297e+03   6.1307975e-47
   2.8502873e+03   6.1571528e-47
   2.8568601e+03   6.1836302e-47
   2.8634481e+03   6.2102305e-47
   2.8700512e+03   6.2369550e-47
   2.8766696e+03   6.2638105e-47
   2.8833032e+03   6.2911300e-47
   2.8899521e+03   6.3178729e-47
   2.8966164e+03   6.3450904e-47
   2.9032960e+03   6.3724373e-47
   2.9099910e+03   6.3999115e-47
   2.9167015e+03   6.4275131e-47
   2.9234274e+03   6.4552425e-47
   2.9301688e+03   6.4831005e-47
   2.9369258e+03   6.5110875e-47
   2.9436984e+03   6.5392041e-47
   2.9504866e+03   6.5674510e-47
   2.9572904e+03   6.5958287e-47
   2.9641100e+03   6.6243378e-47
   2.9709452e+03   6.6529789e-47
   2.9777963e+03   6.6817527e-47
   2.9846631e+03   6.7106597e-47
   2.9915457e+03   6.7397006e-47
   2.9984443e+03   6.7688760e-47
   3.0053587e+03   6.7981865e-47
   3.0122891e+03   6.8276327e-47
   3.0192354e+03   6.8572152e-47
   3.0261978e+03   6.8869347e-47
   3.0331763e+03   6.9167919e-47
   3.0401708e+03   6.9467873e-47
   3.0471814e+03   6.9769215e-47
   3.0542083e+03   7.0071953e-47
   3.0612513e+03   7.0376093e-47
   3.0683106e+03   7.0681640e-47
   3.0753861e+03   7.0988603e-47
   3.0824780e+03   7.1296986e-47
   3.0895862e+03   7.1606797e-47
   3.0967108e+03   7.1918043e-47
   3.1038518e+03   7.2230729e-47
   3.1110093e+03   7.2544863e-47
   3.1181833e+03   7.2860451e-47
   3.1253739e+03   7.3177500e-47
   3.1325810e+03   7.3496017e-47
   3.1398048e+03   7.3816008e-47
   3.1470452e+03   7.4137481e-47
   3.1543023e+03   7.4460441e-47
   3.1615762e+03   7.4784897e-47
   3.1688668e+03   7.5110854e-47
   3.1761742e+03   7.5438320e-47
   3.1834985e+03   7.5767302e-47
   3.1908397e+03   7.6097806e-47
   3.1981978e+03   7.6429841e-47
   3.2055728e+03   7.6763412e-47
   3.2129649e+03   7.7098527e-47
   3.2203740e+03   7.7435193e-47
   3.2278002e+03   7.7773417e-47
   3.2352436e+03   7.8113206e-47
   3.2427041e+03   7.8454569e-47
   3.2501818e+03   7.8797511e-47
   3.2576767e+03   7.9142040e-47
   3.2651889e+03   7.9488163e-47
   3.2727185e+03   7.9835888e-47
   3.2802654e+03   8.0185223e-47
   3.2878297e+03   8.0536174e-47
   3.2954115e+03   8.0888749e-47
   3.3030107e+03   8.1242956e-47
   3.3106275e+03   8.1598802e-47
   3.3182618e+03   8.1956295e-47
   3.3259138e+03   8.2315442e-47
   3.3335833e+03   8.2676251e-47
   3.3412706e+03   8.3038731e-47
   3.3489756e+03   8.3402893e-47
   3.3566984e+03   8.3768778e-47
   3.3644389e+03   8.4136920e-47
   3.3721974e+03   8.4505511e-47
   3.3799737e+03   8.4876438e-47
   3.3877679e+03   8.5249093e-47
   3.3955801e+03   8.5623474e-47
   3.4034104e+03   8.5999588e-47
   3.4112587e+03   8.6377442e-47
   3.4191251e+03   8.6757045e-47
   3.4270096e+03   8.7138404e-47
   3.4349123e+03   8.7521528e-47
   3.4428332e+03   8.7906424e-47
   3.4507724e+03   8.8293101e-47
   3.4587299e+03   8.8681567e-47
   3.4667058e+03   8.9071829e-47
   3.4747000e+03   8.9463898e-47
   3.4827127e+03   8.9857780e-47
   3.4907439e+03   9.0253484e-47
   3.4987936e+03   9.0651019e-47
   3.5068618e+03   9.1050392e-47
   3.5149487e+03   9.1451614e-47
   3.5230542e+03   9.1854691e-47
   3.5311784e+03   9.2259632e-47
   3.5393213e+03   9.2666447e-47
   3.5474830e+03   9.3075144e-47
   3.5556635e+03   9.3485731e-47
   3.5638629e+03   9.3898218e-47
   3.5720812e+03   9.4312612e-47
   3.5803184e+03   9.4728923e-47
   3.5885747e+03   9.5147160e-47
   3.5968500e+03   9.5567331e-47
   3.6051443e+03   9.5989446e-47
   3.6134578e+03   9.6413513e-47
   3.6217905e+03   9.6839542e-47
   3.6301424e+03   9.7267541e-47
   3.6385135e+03   9.7697519e-47
   3.6469039e+03   9.8129487e-47
   3.6553137e+03   9.8563452e-47
   3.6637429e+03   9.8999424e-47
   3.6721915e+03   9.9437412e-47
   3.6806596e+03   9.9877427e-47
   3.6891472e+03   1.0031948e-46
   3.6976544e+03   1.0076357e-46
   3.7061813e+03   1.0120972e-46
   3.7147277e+03   1.0165793e-46
   3.7232939e+03   1.0210821e-46
   3.7318799e+03   1.0256058e-46
   3.7404856e+03   1.0301503e-46
   3.7491112e+03   1.0347159e-46
   3.7577567e+03   1.0393027e-46
   3.7664221e+03   1.0439106e-46
   3.7751075e+03   1.0485398e-46
   3.7838129e+03   1.0531904e-46
   3.7925384e+03   1.0578626e-46
   3.8012841e+03   1.0625563e-46
   3.8100498e+03   1.0672718e-46
   3.8188359e+03   1.0720091e-46
   3.8276421e+03   1.0767682e-46
   3.8364687e+03   1.0815496e-46
   3.8453156e+03   1.0863551e-46
   3.8541829e+03   1.0911782e-46
   3.8630707e+03   1.0960260e-46
   3.8719790e+03   1.1008962e-46
   3.8809078e+03   1.1057889e-46
   3.8898572e+03   1.1107042e-46
   3.8988272e+03   1.1156423e-46
   3.9078180e+03   1.1206032e-46
   3.9168294e+03   1.1255871e-46
   3.9258617e+03   1.1305940e-46
   3.9349147e+03   1.1356240e-46
   3.9439887e+03   1.1406774e-46
   3.9530835e+03   1.1457540e-46
   3.9621994e+03   1.1508542e-46
   3.9713362e+03   1.1559779e-46
   3.9804942e+03   1.1611253e-46
   3.9896732e+03   1.1662965e-46
   3.9988734e+03   1.1714916e-46
   4.0080949e+03   1.1767108e-46
   4.0173376e+03   1.1819540e-46
   4.0266016e+03   1.1872215e-46
   4.0358870e+03   1.1925134e-46
   4.0451937e+03   1.1978297e-46
   4.0545220e+03   1.2031706e-46
   4.0638718e+03   1.2085362e-46
   4.0732431e+03   1.2139266e-46
   4.0826360e+03   1.2193419e-46
   4.0920506e+03   1.2247823e-46
   4.1014869e+03   1.2302478e-46
   4.1109450e+03   1.2357386e-46
   4.1204248e+03   1.2412547e-46
   4.1299266e+03   1.2467964e-46
   4.1394502e+03   1.2523637e-46
   4.1489958e+03   1.2579567e-46
   4.1585634e+03   1.2635755e-46
   4.1681531e+03   1.2692204e-46
   4.1777649e+03   1.2748913e-46
   4.1873988e+03   1.2805885e-46
   4.1970550e+03   1.2863119e-46
   4.2067335e+03   1.2920619e-46
   4.2164342e+03   1.2978384e-46
   4.2261574e+03   1.3036416e-46
   4.2359029e+03   1.3094717e-46
   4.2456709e+03   1.3153287e-46
   4.2554615e+03   1.3212127e-46
   4.2652746e+03   1.3271240e-46
   4.2751104e+03   1.3330626e-46
   4.2849688e+03   1.3390286e-46
   4.2948500e+03   1.3450223e-46
   4.3047539e+03   1.3510436e-46
   4.3146807e+03   1.3570928e-46
   4.3246304e+03   1.3631760e-46
   4.3346030e+03   1.3692751e-46
   4.3445987e+03   1.3754085e-46
   4.3546173e+03   1.3815703e-46
   4.3646591e+03   1.3877605e-46
   4.3747241e+03   1.3939794e-46
   4.3848122e+03   1.4002270e-46
   4.3949236e+03   1.4065035e-46
   4.4050583e+03   1.4128089e-46
   4.4152164e+03   1.4191436e-46
   4.4253980e+03   1.4255075e-46
   4.4356030e+03   1.4319008e-46
   4.4458315e+03   1.4383237e-46
   4.4560836e+03   1.4447763e-46
   4.4663594e+03   1.4512586e-46
   4.4766588e+03   1.4577710e-46
   4.4869821e+03   1.4643134e-46
   4.4973291e+03   1.4708861e-46
   4.5076999e+03   1.4774892e-46
   4.5180947e+03   1.4841227e-46
   4.5285135e+03   1.4907870e-46
   4.5389563e+03   1.4974820e-46
   4.5494231e+03   1.5042080e-46
   4.5599142e+03   1.5109650e-46
   4.5704294e+03   1.5177533e-46
   4.5809688e+03   1.5245730e-46
   4.5915325e+03   1.5314242e-46
   4.6021207e+03   1.5383070e-46
   4.6127332e+03   1.5452216e-46
   4.6233702e+03   1.5521682e-46
   4.6340317e+03   1.5591469e-46
   4.6447178e+03   1.5661579e-46
   4.6554286e+03   1.5732012e-46
   4.6661640e+03   1.5802771e-46
   4.6769242e+03   1.5873857e-46
   4.6877093e+03   1.5945272e-46
   4.6985192e+03   1.6017016e-46
   4.7093540e+03   1.6089093e-46
   4.7202138e+03   1.6161502e-46
   4.7310986e+03   1.6234245e-46
   4.7420086e+03   1.6307325e-46
   4.7529437e+03   1.6380746e-46
   4.7639040e+03   1.6454500e-46
   4.7748896e+03   1.6528598e-46
   4.7859005e+03   1.6603038e-46
   4.7969369e+03   1.6677823e-46
   4.8079986e+03   1.6752955e-46
   4.8190859e+03   1.6828429e-46
   4.8301988e+03   1.6904254e-46
   4.8413372e+03   1.6980430e-46
   4.8525014e+03   1.7056958e-46
   4.8636913e+03   1.7133840e-46
   4.8749070e+03   1.7211077e-46
   4.8861486e+03   1.7288671e-46
   4.8974161e+03   1.7366623e-46
   4.9087096e+03   1.7444936e-46
   4.9200291e+03   1.7523610e-46
   4.9313747e+03   1.7602648e-46
   4.9427465e+03   1.7682051e-46
   4.9541445e+03   1.7761821e-46
   4.9655688e+03   1.7841960e-46
   4.9770194e+03   1.7922469e-46
   4.9884965e+03   1.8003350e-46
   5.0000000e+03   1.8084604e-46
