   5.0000000e+00   1.6469837e-20
   5.0115300e+00   1.6052008e-20
   5.0230867e+00   1.5646481e-20
   5.0346699e+00   1.5253197e-20
   5.0462799e+00   1.4872240e-20
   5.0579167e+00   1.4503447e-20
   5.0695803e+00   1.4141683e-20
   5.0812708e+00   1.3761074e-20
   5.0929882e+00   1.3373527e-20
   5.1047327e+00   1.3033989e-20
   5.1165042e+00   1.2714704e-20
   5.1283029e+00   1.2402909e-20
   5.1401288e+00   1.2098076e-20
   5.1519820e+00   1.1800463e-20
   5.1638625e+00   1.1510201e-20
   5.1757704e+00   1.1227300e-20
   5.1877058e+00   1.0951685e-20
   5.1996687e+00   1.0683234e-20
   5.2116592e+00   1.0421796e-20
   5.2236773e+00   1.0167209e-20
   5.2357231e+00   9.9193034e-21
   5.2477968e+00   9.6779067e-21
   5.2598982e+00   9.4428469e-21
   5.2720276e+00   9.2139534e-21
   5.2841849e+00   8.9910585e-21
   5.2963703e+00   8.7739975e-21
   5.3085838e+00   8.5626099e-21
   5.3208254e+00   8.3567387e-21
   5.3330953e+00   8.1562311e-21
   5.3453934e+00   7.9609386e-21
   5.3577199e+00   7.7707164e-21
   5.3700749e+00   7.5854240e-21
   5.3824583e+00   7.4049249e-21
   5.3948703e+00   7.2290867e-21
   5.4073109e+00   7.0577805e-21
   5.4197802e+00   6.8908813e-21
   5.4322783e+00   6.7282678e-21
   5.4448051e+00   6.5698224e-21
   5.4573609e+00   6.4154306e-21
   5.4699456e+00   6.2649815e-21
   5.4825594e+00   6.1183676e-21
   5.4952022e+00   5.9754842e-21
   5.5078742e+00   5.8362300e-21
   5.5205754e+00   5.7005065e-21
   5.5333058e+00   5.5682181e-21
   5.5460657e+00   5.4392722e-21
   5.5588550e+00   5.3135786e-21
   5.5716737e+00   5.1910499e-21
   5.5845220e+00   5.0716013e-21
   5.5974000e+00   4.9551505e-21
   5.6103076e+00   4.8416173e-21
   5.6232451e+00   4.7309242e-21
   5.6362123e+00   4.6229956e-21
   5.6492094e+00   4.5177584e-21
   5.6622366e+00   4.4151414e-21
   5.6752937e+00   4.3150755e-21
   5.6883810e+00   4.2174937e-21
   5.7014985e+00   4.1223305e-21
   5.7146461e+00   4.0295229e-21
   5.7278242e+00   3.9390092e-21
   5.7410326e+00   3.8507297e-21
   5.7542714e+00   3.7646262e-21
   5.7675408e+00   3.6806424e-21
   5.7808408e+00   3.5987234e-21
   5.7941715e+00   3.5188158e-21
   5.8075329e+00   3.4408679e-21
   5.8209251e+00   3.3648294e-21
   5.8343482e+00   3.2906512e-21
   5.8478023e+00   3.2182858e-21
   5.8612873e+00   3.1476870e-21
   5.8748035e+00   3.0788097e-21
   5.8883508e+00   3.0116103e-21
   5.9019294e+00   2.9460461e-21
   5.9155393e+00   2.8820760e-21
   5.9291806e+00   2.8196596e-21
   5.9428533e+00   2.7587578e-21
   5.9565576e+00   2.6993326e-21
   5.9702935e+00   2.6413470e-21
   5.9840610e+00   2.5847650e-21
   5.9978603e+00   2.5295516e-21
   6.0116914e+00   2.4756727e-21
   6.0255544e+00   2.4230952e-21
   6.0394494e+00   2.3717868e-21
   6.0533764e+00   2.3217161e-21
   6.0673355e+00   2.2728526e-21
   6.0813269e+00   2.2251665e-21
   6.0953505e+00   2.1786289e-21
   6.1094064e+00   2.1332116e-21
   6.1234947e+00   2.0888873e-21
   6.1376155e+00   2.0456292e-21
   6.1517689e+00   2.0034113e-21
   6.1659550e+00   1.9622084e-21
   6.1801737e+00   1.9219957e-21
   6.1944252e+00   1.8827494e-21
   6.2087096e+00   1.8444459e-21
   6.2230269e+00   1.8070626e-21
   6.2373773e+00   1.7705774e-21
   6.2517607e+00   1.7349685e-21
   6.2661773e+00   1.7002150e-21
   6.2806272e+00   1.6662963e-21
   6.2951104e+00   1.6331925e-21
   6.3096269e+00   1.6008842e-21
   6.3241770e+00   1.5693524e-21
   6.3387606e+00   1.5385786e-21
   6.3533778e+00   1.5085447e-21
   6.3680288e+00   1.4792333e-21
   6.3827135e+00   1.4506272e-21
   6.3974321e+00   1.4227098e-21
   6.4121846e+00   1.3954648e-21
   6.4269711e+00   1.3688762e-21
   6.4417918e+00   1.3429288e-21
   6.4566466e+00   1.3176073e-21
   6.4715357e+00   1.2928971e-21
   6.4864591e+00   1.2687839e-21
   6.5014169e+00   1.2452535e-21
   6.5164092e+00   1.2222925e-21
   6.5314361e+00   1.1998875e-21
   6.5464977e+00   1.1780255e-21
   6.5615939e+00   1.1566938e-21
   6.5767250e+00   1.1358800e-21
   6.5918910e+00   1.1155721e-21
   6.6070920e+00   1.0957584e-21
   6.6223280e+00   1.0764272e-21
   6.6375991e+00   1.0575674e-21
   6.6529055e+00   1.0391680e-21
   6.6682471e+00   1.0212184e-21
   6.6836241e+00   1.0037080e-21
   6.6990366e+00   9.8662667e-22
   6.7144846e+00   9.6996449e-22
   6.7299683e+00   9.5371169e-22
   6.7454877e+00   9.3785879e-22
   6.7610428e+00   9.2239650e-22
   6.7766338e+00   9.0731576e-22
   6.7922608e+00   8.9260773e-22
   6.8079238e+00   8.7826375e-22
   6.8236229e+00   8.6427538e-22
   6.8393582e+00   8.5063437e-22
   6.8551299e+00   8.3733266e-22
   6.8709378e+00   8.2436236e-22
   6.8867823e+00   8.1171579e-22
   6.9026632e+00   7.9938543e-22
   6.9185808e+00   7.8736394e-22
   6.9345351e+00   7.7564413e-22
   6.9505262e+00   7.6421901e-22
   6.9665542e+00   7.5308172e-22
   6.9826191e+00   7.4222557e-22
   6.9987211e+00   7.3164403e-22
   7.0148602e+00   7.2133072e-22
   7.0310365e+00   7.1127940e-22
   7.0472502e+00   7.0148399e-22
   7.0635012e+00   6.9193854e-22
   7.0797897e+00   6.8263725e-22
   7.0961157e+00   6.7357446e-22
   7.1124794e+00   6.6474463e-22
   7.1288808e+00   6.5614237e-22
   7.1453201e+00   6.4776243e-22
   7.1617972e+00   6.3959966e-22
   7.1783124e+00   6.3164905e-22
   7.1948656e+00   6.2390575e-22
   7.2114571e+00   6.1636498e-22
   7.2280867e+00   6.0902211e-22
   7.2447548e+00   6.0187264e-22
   7.2614612e+00   5.9491218e-22
   7.2782062e+00   5.8813646e-22
   7.2949898e+00   5.8154132e-22
   7.3118121e+00   5.7512274e-22
   7.3286732e+00   5.6887679e-22
   7.3455732e+00   5.6279968e-22
   7.3625121e+00   5.5688772e-22
   7.3794901e+00   5.5113734e-22
   7.3965073e+00   5.4554508e-22
   7.4135637e+00   5.4010760e-22
   7.4306594e+00   5.3482168e-22
   7.4477946e+00   5.2968420e-22
   7.4649693e+00   5.2469217e-22
   7.4821835e+00   5.1984270e-22
   7.4994375e+00   5.1513303e-22
   7.5167313e+00   5.1056050e-22
   7.5340649e+00   5.0612260e-22
   7.5514385e+00   5.0181690e-22
   7.5688522e+00   4.9764111e-22
   7.5863060e+00   4.9359306e-22
   7.6038001e+00   4.8967071e-22
   7.6213345e+00   4.8587213e-22
   7.6389094e+00   4.8219553e-22
   7.6565248e+00   4.7863924e-22
   7.6741808e+00   4.7520175e-22
   7.6918775e+00   4.7188166e-22
   7.7096150e+00   4.6867771e-22
   7.7273934e+00   4.6558882e-22
   7.7452129e+00   4.6261402e-22
   7.7630734e+00   4.5975253e-22
   7.7809751e+00   4.5700370e-22
   7.7989181e+00   4.5436708e-22
   7.8169025e+00   4.5184238e-22
   7.8349283e+00   4.4942949e-22
   7.8529957e+00   4.4712852e-22
   7.8711048e+00   4.4493975e-22
   7.8892556e+00   4.4286370e-22
   7.9074483e+00   4.4090112e-22
   7.9256829e+00   4.3905300e-22
   7.9439596e+00   4.3732058e-22
   7.9622784e+00   4.3570539e-22
   7.9806395e+00   4.3420924e-22
   7.9990429e+00   4.3283428e-22
   8.0174888e+00   4.3158300e-22
   8.0359772e+00   4.3045826e-22
   8.0545082e+00   4.2946332e-22
   8.0730819e+00   4.2860186e-22
   8.0916985e+00   4.2787808e-22
   8.1103581e+00   4.2729666e-22
   8.1290606e+00   4.2686287e-22
   8.1478063e+00   4.2658261e-22
   8.1665952e+00   4.2646247e-22
   8.1854274e+00   4.2650978e-22
   8.2043031e+00   4.2673276e-22
   8.2232223e+00   4.2714052e-22
   8.2421851e+00   4.2774324e-22
   8.2611916e+00   4.2855227e-22
   8.2802420e+00   4.2958026e-22
   8.2993363e+00   4.3084134e-22
   8.3184746e+00   4.3235129e-22
   8.3376571e+00   4.3412777e-22
   8.3568838e+00   4.3619057e-22
   8.3761548e+00   4.3856189e-22
   8.3954703e+00   4.4126672e-22
   8.4148303e+00   4.4433321e-22
   8.4342350e+00   4.4779318e-22
   8.4536844e+00   4.5168268e-22
   8.4731786e+00   4.5604266e-22
   8.4927179e+00   4.6091982e-22
   8.5123021e+00   4.6636760e-22
   8.5319316e+00   4.7244735e-22
   8.5516063e+00   4.7922982e-22
   8.5713263e+00   4.8679700e-22
   8.5910919e+00   4.9524431e-22
   8.6109030e+00   5.0468345e-22
   8.6307598e+00   5.1524596e-22
   8.6506624e+00   5.2708766e-22
   8.6706109e+00   5.4039434e-22
   8.6906054e+00   5.5538998e-22
   8.7106460e+00   5.7234564e-22
   8.7307328e+00   5.9159349e-22
   8.7508660e+00   6.1354450e-22
   8.7710455e+00   6.3871329e-22
   8.7912716e+00   6.6775271e-22
   8.8115444e+00   7.0150359e-22
   8.8318638e+00   7.4106740e-22
   8.8522302e+00   7.8791563e-22
   8.8726435e+00   8.4405931e-22
   8.8931039e+00   9.1232113e-22
   8.9136114e+00   9.9679089e-22
   8.9341663e+00   1.1036264e-21
   8.9547686e+00   1.2425501e-21
   8.9754183e+00   1.4298644e-21
   8.9961157e+00   1.6951518e-21
   9.0168608e+00   2.0982518e-21
   9.0376538e+00   2.7812153e-21
   9.0584947e+00   4.1832445e-21
   9.0793836e+00   8.6684520e-21
   9.1003208e+00   8.9941505e-20
   9.1213062e+00   7.1525311e-21
   9.1423400e+00   3.7071298e-21
   9.1634223e+00   2.5061993e-21
   9.1845532e+00   1.9119614e-21
   9.2057328e+00   1.5899467e-21
   9.2269613e+00   1.4814077e-21
   9.2482388e+00   1.8951849e-21
   9.2695653e+00   3.9194649e-20
   9.2909410e+00   1.7621410e-21
   9.3123660e+00   1.0647137e-21
   9.3338403e+00   8.4195339e-22
   9.3553642e+00   7.2431839e-22
   9.3769378e+00   6.4674315e-22
   9.3985611e+00   5.8948510e-22
   9.4202342e+00   5.4447774e-22
   9.4419574e+00   5.0771251e-22
   9.4637306e+00   4.7690451e-22
   9.4855540e+00   4.5061718e-22
   9.5074278e+00   4.2788050e-22
   9.5293520e+00   4.0800383e-22
   9.5513267e+00   3.9047544e-22
   9.5733522e+00   3.7490436e-22
   9.5954284e+00   3.6098456e-22
   9.6175555e+00   3.4847184e-22
   9.6397337e+00   3.3716826e-22
   9.6619630e+00   3.2691122e-22
   9.6842435e+00   3.1756573e-22
   9.7065755e+00   3.0901856e-22
   9.7289589e+00   3.0117401e-22
   9.7513940e+00   2.9395061e-22
   9.7738808e+00   2.8727854e-22
   9.7964194e+00   2.8109761e-22
   9.8190100e+00   2.7535571e-22
   9.8416527e+00   2.7000748e-22
   9.8643477e+00   2.6501326e-22
   9.8870949e+00   2.6033827e-22
   9.9098946e+00   2.5595190e-22
   9.9327469e+00   2.5182707e-22
   9.9556519e+00   2.4793983e-22
   9.9786097e+00   2.4426885e-22
   1.0001620e+01   2.4079534e-22
   1.0024684e+01   2.3750336e-22
   1.0047801e+01   2.3437501e-22
   1.0070972e+01   2.3139753e-22
   1.0094195e+01   2.2855937e-22
   1.0117473e+01   2.2584985e-22
   1.0140804e+01   2.2325877e-22
   1.0164188e+01   2.2077692e-22
   1.0187627e+01   2.1839601e-22
   1.0211120e+01   2.1610852e-22
   1.0234667e+01   2.1390795e-22
   1.0258268e+01   2.1178809e-22
   1.0281924e+01   2.0974326e-22
   1.0305634e+01   2.0776825e-22
   1.0329399e+01   2.0585851e-22
   1.0353218e+01   2.0400975e-22
   1.0377093e+01   2.0221798e-22
   1.0401023e+01   2.0047953e-22
   1.0425007e+01   1.9879114e-22
   1.0449048e+01   1.9714977e-22
   1.0473143e+01   1.9555256e-22
   1.0497294e+01   1.9399688e-22
   1.0521501e+01   1.9248034e-22
   1.0545764e+01   1.9100076e-22
   1.0570082e+01   1.8955604e-22
   1.0594457e+01   1.8814427e-22
   1.0618888e+01   1.8676368e-22
   1.0643375e+01   1.8541265e-22
   1.0667919e+01   1.8408964e-22
   1.0692519e+01   1.8279322e-22
   1.0717176e+01   1.8152206e-22
   1.0741890e+01   1.8027495e-22
   1.0766661e+01   1.7905075e-22
   1.0791489e+01   1.7784835e-22
   1.0816374e+01   1.7666677e-22
   1.0841317e+01   1.7550508e-22
   1.0866317e+01   1.7436239e-22
   1.0891375e+01   1.7323788e-22
   1.0916491e+01   1.7213078e-22
   1.0941664e+01   1.7104038e-22
   1.0966896e+01   1.6996599e-22
   1.0992185e+01   1.6890698e-22
   1.1017533e+01   1.6786275e-22
   1.1042940e+01   1.6683273e-22
   1.1068405e+01   1.6581641e-22
   1.1093929e+01   1.6481327e-22
   1.1119512e+01   1.6382285e-22
   1.1145153e+01   1.6284471e-22
   1.1170854e+01   1.6187842e-22
   1.1196614e+01   1.6092359e-22
   1.1222434e+01   1.5997985e-22
   1.1248313e+01   1.5904684e-22
   1.1274251e+01   1.5812423e-22
   1.1300250e+01   1.5721169e-22
   1.1326308e+01   1.5630894e-22
   1.1352427e+01   1.5541568e-22
   1.1378606e+01   1.5453165e-22
   1.1404845e+01   1.5365658e-22
   1.1431144e+01   1.5279023e-22
   1.1457505e+01   1.5193237e-22
   1.1483926e+01   1.5108278e-22
   1.1510408e+01   1.5024125e-22
   1.1536951e+01   1.4940758e-22
   1.1563555e+01   1.4858157e-22
   1.1590221e+01   1.4776304e-22
   1.1616948e+01   1.4695183e-22
   1.1643737e+01   1.4614775e-22
   1.1670587e+01   1.4535066e-22
   1.1697500e+01   1.4456040e-22
   1.1724474e+01   1.4377682e-22
   1.1751511e+01   1.4299979e-22
   1.1778610e+01   1.4222917e-22
   1.1805772e+01   1.4146484e-22
   1.1832996e+01   1.4070666e-22
   1.1860283e+01   1.3995453e-22
   1.1887633e+01   1.3920832e-22
   1.1915046e+01   1.3846793e-22
   1.1942522e+01   1.3773326e-22
   1.1970061e+01   1.3700419e-22
   1.1997664e+01   1.3628065e-22
   1.2025331e+01   1.3556252e-22
   1.2053062e+01   1.3484972e-22
   1.2080856e+01   1.3414217e-22
   1.2108715e+01   1.3343977e-22
   1.2136637e+01   1.3274245e-22
   1.2164625e+01   1.3205013e-22
   1.2192676e+01   1.3136273e-22
   1.2220793e+01   1.3068018e-22
   1.2248974e+01   1.3000241e-22
   1.2277220e+01   1.2932934e-22
   1.2305532e+01   1.2866091e-22
   1.2333908e+01   1.2799706e-22
   1.2362350e+01   1.2733772e-22
   1.2390858e+01   1.2668283e-22
   1.2419431e+01   1.2603233e-22
   1.2448071e+01   1.2538617e-22
   1.2476776e+01   1.2474428e-22
   1.2505548e+01   1.2410661e-22
   1.2534386e+01   1.2347312e-22
   1.2563290e+01   1.2284374e-22
   1.2592261e+01   1.2221843e-22
   1.2621299e+01   1.2159713e-22
   1.2650404e+01   1.2097981e-22
   1.2679576e+01   1.2036641e-22
   1.2708815e+01   1.1975689e-22
   1.2738121e+01   1.1915120e-22
   1.2767496e+01   1.1854930e-22
   1.2796938e+01   1.1795115e-22
   1.2826447e+01   1.1735670e-22
   1.2856025e+01   1.1676592e-22
   1.2885671e+01   1.1617877e-22
   1.2915386e+01   1.1559520e-22
   1.2945169e+01   1.1501519e-22
   1.2975020e+01   1.1443868e-22
   1.3004941e+01   1.1386565e-22
   1.3034930e+01   1.1329606e-22
   1.3064989e+01   1.1272988e-22
   1.3095117e+01   1.1216707e-22
   1.3125314e+01   1.1160759e-22
   1.3155582e+01   1.1105143e-22
   1.3185918e+01   1.1049853e-22
   1.3216325e+01   1.0994888e-22
   1.3246802e+01   1.0940244e-22
   1.3277349e+01   1.0885918e-22
   1.3307967e+01   1.0831906e-22
   1.3338655e+01   1.0778208e-22
   1.3369414e+01   1.0724818e-22
   1.3400244e+01   1.0671735e-22
   1.3431145e+01   1.0618955e-22
   1.3462118e+01   1.0566477e-22
   1.3493162e+01   1.0514297e-22
   1.3524277e+01   1.0462412e-22
   1.3555464e+01   1.0410821e-22
   1.3586723e+01   1.0359520e-22
   1.3618054e+01   1.0308507e-22
   1.3649457e+01   1.0257780e-22
   1.3680933e+01   1.0207336e-22
   1.3712481e+01   1.0157173e-22
   1.3744103e+01   1.0107288e-22
   1.3775797e+01   1.0057680e-22
   1.3807564e+01   1.0008345e-22
   1.3839404e+01   9.9592820e-23
   1.3871318e+01   9.9104885e-23
   1.3903305e+01   9.8619623e-23
   1.3935366e+01   9.8137012e-23
   1.3967501e+01   9.7657032e-23
   1.3999710e+01   9.7179663e-23
   1.4031994e+01   9.6704882e-23
   1.4064352e+01   9.6232672e-23
   1.4096784e+01   9.5763011e-23
   1.4129292e+01   9.5295880e-23
   1.4161874e+01   9.4831259e-23
   1.4194531e+01   9.4369131e-23
   1.4227264e+01   9.3909476e-23
   1.4260072e+01   9.3452275e-23
   1.4292956e+01   9.2997511e-23
   1.4325916e+01   9.2545165e-23
   1.4358951e+01   9.2095220e-23
   1.4392063e+01   9.1647658e-23
   1.4425251e+01   9.1202462e-23
   1.4458516e+01   9.0759615e-23
   1.4491858e+01   9.0319100e-23
   1.4525276e+01   8.9880900e-23
   1.4558771e+01   8.9445000e-23
   1.4592344e+01   8.9011382e-23
   1.4625994e+01   8.8580031e-23
   1.4659722e+01   8.8150931e-23
   1.4693527e+01   8.7724067e-23
   1.4727410e+01   8.7299422e-23
   1.4761372e+01   8.6876983e-23
   1.4795412e+01   8.6456733e-23
   1.4829530e+01   8.6038658e-23
   1.4863727e+01   8.5622744e-23
   1.4898003e+01   8.5208975e-23
   1.4932358e+01   8.4797337e-23
   1.4966792e+01   8.4387817e-23
   1.5001306e+01   8.3980400e-23
   1.5035899e+01   8.3575072e-23
   1.5070572e+01   8.3171820e-23
   1.5105324e+01   8.2770631e-23
   1.5140157e+01   8.2371490e-23
   1.5175071e+01   8.1974384e-23
   1.5210065e+01   8.1579301e-23
   1.5245139e+01   8.1186227e-23
   1.5280295e+01   8.0795150e-23
   1.5315531e+01   8.0406057e-23
   1.5350849e+01   8.0018935e-23
   1.5386248e+01   7.9633772e-23
   1.5421729e+01   7.9250556e-23
   1.5457291e+01   7.8869274e-23
   1.5492936e+01   7.8489915e-23
   1.5528663e+01   7.8112467e-23
   1.5564472e+01   7.7736917e-23
   1.5600364e+01   7.7363255e-23
   1.5636338e+01   7.6991468e-23
   1.5672396e+01   7.6621545e-23
   1.5708537e+01   7.6253475e-23
   1.5744761e+01   7.5887247e-23
   1.5781068e+01   7.5522849e-23
   1.5817459e+01   7.5160271e-23
   1.5853935e+01   7.4799502e-23
   1.5890494e+01   7.4440530e-23
   1.5927137e+01   7.4083346e-23
   1.5963866e+01   7.3727938e-23
   1.6000678e+01   7.3374296e-23
   1.6037576e+01   7.3022411e-23
   1.6074559e+01   7.2672270e-23
   1.6111627e+01   7.2323865e-23
   1.6148780e+01   7.1977185e-23
   1.6186020e+01   7.1632220e-23
   1.6223345e+01   7.1288960e-23
   1.6260756e+01   7.0947395e-23
   1.6298253e+01   7.0607516e-23
   1.6335837e+01   7.0269313e-23
   1.6373508e+01   6.9932777e-23
   1.6411265e+01   6.9597897e-23
   1.6449110e+01   6.9264665e-23
   1.6487041e+01   6.8933070e-23
   1.6525061e+01   6.8603105e-23
   1.6563168e+01   6.8274759e-23
   1.6601362e+01   6.7948024e-23
   1.6639645e+01   6.7622890e-23
   1.6678016e+01   6.7299349e-23
   1.6716476e+01   6.6977392e-23
   1.6755024e+01   6.6657009e-23
   1.6793662e+01   6.6338192e-23
   1.6832388e+01   6.6020933e-23
   1.6871203e+01   6.5705223e-23
   1.6910109e+01   6.5391053e-23
   1.6949103e+01   6.5078415e-23
   1.6988188e+01   6.4767301e-23
   1.7027363e+01   6.4457701e-23
   1.7066628e+01   6.4149609e-23
   1.7105984e+01   6.3843015e-23
   1.7145431e+01   6.3537912e-23
   1.7184968e+01   6.3234291e-23
   1.7224597e+01   6.2932145e-23
   1.7264317e+01   6.2631465e-23
   1.7304128e+01   6.2332243e-23
   1.7344032e+01   6.2034473e-23
   1.7384027e+01   6.1738145e-23
   1.7424115e+01   6.1443253e-23
   1.7464295e+01   6.1149788e-23
   1.7504568e+01   6.0857743e-23
   1.7544934e+01   6.0567110e-23
   1.7585392e+01   6.0277883e-23
   1.7625945e+01   5.9990053e-23
   1.7666590e+01   5.9703613e-23
   1.7707329e+01   5.9418556e-23
   1.7748163e+01   5.9134874e-23
   1.7789090e+01   5.8852560e-23
   1.7830112e+01   5.8571608e-23
   1.7871228e+01   5.8292009e-23
   1.7912439e+01   5.8013757e-23
   1.7953746e+01   5.7736845e-23
   1.7995147e+01   5.7461265e-23
   1.8036644e+01   5.7187012e-23
   1.8078237e+01   5.6914077e-23
   1.8119925e+01   5.6642454e-23
   1.8161710e+01   5.6372137e-23
   1.8203591e+01   5.6103118e-23
   1.8245569e+01   5.5835391e-23
   1.8287643e+01   5.5568949e-23
   1.8329814e+01   5.5303786e-23
   1.8372083e+01   5.5039895e-23
   1.8414449e+01   5.4777268e-23
   1.8456913e+01   5.4515901e-23
   1.8499475e+01   5.4255787e-23
   1.8542135e+01   5.3996918e-23
   1.8584893e+01   5.3739289e-23
   1.8627750e+01   5.3482893e-23
   1.8670706e+01   5.3227725e-23
   1.8713761e+01   5.2973777e-23
   1.8756915e+01   5.2721044e-23
   1.8800168e+01   5.2469519e-23
   1.8843522e+01   5.2219197e-23
   1.8886975e+01   5.1970071e-23
   1.8930528e+01   5.1722135e-23
   1.8974182e+01   5.1475383e-23
   1.9017937e+01   5.1229809e-23
   1.9061792e+01   5.0985408e-23
   1.9105749e+01   5.0742173e-23
   1.9149807e+01   5.0500098e-23
   1.9193967e+01   5.0259178e-23
   1.9238228e+01   5.0019407e-23
   1.9282592e+01   4.9780779e-23
   1.9327057e+01   4.9543289e-23
   1.9371626e+01   4.9306930e-23
   1.9416297e+01   4.9071697e-23
   1.9461071e+01   4.8837584e-23
   1.9505948e+01   4.8604586e-23
   1.9550929e+01   4.8372698e-23
   1.9596014e+01   4.8141913e-23
   1.9641202e+01   4.7912227e-23
   1.9686495e+01   4.7683633e-23
   1.9731892e+01   4.7456127e-23
   1.9777394e+01   4.7229703e-23
   1.9823001e+01   4.7004355e-23
   1.9868713e+01   4.6780078e-23
   1.9914530e+01   4.6556868e-23
   1.9960454e+01   4.6334718e-23
   2.0006482e+01   4.6113624e-23
   2.0052618e+01   4.5893580e-23
   2.0098859e+01   4.5674582e-23
   2.0145207e+01   4.5456623e-23
   2.0191662e+01   4.5239699e-23
   2.0238224e+01   4.5023805e-23
   2.0284894e+01   4.4808935e-23
   2.0331671e+01   4.4595086e-23
   2.0378556e+01   4.4382251e-23
   2.0425549e+01   4.4170425e-23
   2.0472650e+01   4.3959605e-23
   2.0519861e+01   4.3749784e-23
   2.0567180e+01   4.3540959e-23
   2.0614608e+01   4.3333123e-23
   2.0662145e+01   4.3126273e-23
   2.0709792e+01   4.2920403e-23
   2.0757549e+01   4.2715509e-23
   2.0805416e+01   4.2511586e-23
   2.0853394e+01   4.2308629e-23
   2.0901482e+01   4.2106634e-23
   2.0949681e+01   4.1905596e-23
   2.0997991e+01   4.1705510e-23
   2.1046412e+01   4.1506371e-23
   2.1094945e+01   4.1308176e-23
   2.1143591e+01   4.1110918e-23
   2.1192348e+01   4.0914595e-23
   2.1241218e+01   4.0719202e-23
   2.1290200e+01   4.0524733e-23
   2.1339295e+01   4.0331184e-23
   2.1388504e+01   4.0138552e-23
   2.1437826e+01   3.9946831e-23
   2.1487262e+01   3.9756017e-23
   2.1536812e+01   3.9566106e-23
   2.1586476e+01   3.9377094e-23
   2.1636254e+01   3.9188975e-23
   2.1686148e+01   3.9001747e-23
   2.1736156e+01   3.8815404e-23
   2.1786280e+01   3.8629942e-23
   2.1836519e+01   3.8445357e-23
   2.1886874e+01   3.8261645e-23
   2.1937346e+01   3.8078802e-23
   2.1987933e+01   3.7896824e-23
   2.2038638e+01   3.7715705e-23
   2.2089459e+01   3.7535443e-23
   2.2140397e+01   3.7356033e-23
   2.2191453e+01   3.7177471e-23
   2.2242627e+01   3.6999754e-23
   2.2293919e+01   3.6822876e-23
   2.2345328e+01   3.6646834e-23
   2.2396857e+01   3.6471624e-23
   2.2448504e+01   3.6297242e-23
   2.2500271e+01   3.6123684e-23
   2.2552157e+01   3.5950946e-23
   2.2604162e+01   3.5779025e-23
   2.2656287e+01   3.5607916e-23
   2.2708533e+01   3.5437615e-23
   2.2760899e+01   3.5268119e-23
   2.2813386e+01   3.5099424e-23
   2.2865994e+01   3.4931526e-23
   2.2918723e+01   3.4764421e-23
   2.2971574e+01   3.4598106e-23
   2.3024546e+01   3.4432576e-23
   2.3077641e+01   3.4267828e-23
   2.3130858e+01   3.4103859e-23
   2.3184198e+01   3.3940664e-23
   2.3237661e+01   3.3778240e-23
   2.3291247e+01   3.3616584e-23
   2.3344957e+01   3.3455691e-23
   2.3398791e+01   3.3295558e-23
   2.3452748e+01   3.3136182e-23
   2.3506831e+01   3.2977558e-23
   2.3561038e+01   3.2819684e-23
   2.3615370e+01   3.2662556e-23
   2.3669827e+01   3.2506170e-23
   2.3724410e+01   3.2350523e-23
   2.3779118e+01   3.2195611e-23
   2.3833953e+01   3.2041431e-23
   2.3888914e+01   3.1887979e-23
   2.3944002e+01   3.1735252e-23
   2.3999217e+01   3.1583247e-23
   2.4054560e+01   3.1431960e-23
   2.4110030e+01   3.1281388e-23
   2.4165628e+01   3.1131527e-23
   2.4221354e+01   3.0982375e-23
   2.4277208e+01   3.0833927e-23
   2.4333192e+01   3.0686181e-23
   2.4389304e+01   3.0539132e-23
   2.4445546e+01   3.0392779e-23
   2.4501918e+01   3.0247118e-23
   2.4558420e+01   3.0102144e-23
   2.4615051e+01   2.9957856e-23
   2.4671814e+01   2.9814250e-23
   2.4728707e+01   2.9671323e-23
   2.4785732e+01   2.9529072e-23
   2.4842888e+01   2.9387493e-23
   2.4900176e+01   2.9246583e-23
   2.4957596e+01   2.9106339e-23
   2.5015148e+01   2.8966759e-23
   2.5072833e+01   2.8827838e-23
   2.5130652e+01   2.8689575e-23
   2.5188603e+01   2.8551965e-23
   2.5246688e+01   2.8415006e-23
   2.5304907e+01   2.8278695e-23
   2.5363261e+01   2.8143029e-23
   2.5421748e+01   2.8008004e-23
   2.5480371e+01   2.7873618e-23
   2.5539129e+01   2.7739868e-23
   2.5598023e+01   2.7606751e-23
   2.5657052e+01   2.7474264e-23
   2.5716217e+01   2.7342404e-23
   2.5775519e+01   2.7211167e-23
   2.5834957e+01   2.7080552e-23
   2.5894533e+01   2.6950556e-23
   2.5954246e+01   2.6821174e-23
   2.6014097e+01   2.6692406e-23
   2.6074085e+01   2.6564247e-23
   2.6134212e+01   2.6436695e-23
   2.6194478e+01   2.6309747e-23
   2.6254883e+01   2.6183400e-23
   2.6315427e+01   2.6057652e-23
   2.6376110e+01   2.5932499e-23
   2.6436934e+01   2.5807940e-23
   2.6497898e+01   2.5683971e-23
   2.6559002e+01   2.5560589e-23
   2.6620247e+01   2.5437792e-23
   2.6681634e+01   2.5315577e-23
   2.6743162e+01   2.5193942e-23
   2.6804832e+01   2.5072884e-23
   2.6866644e+01   2.4952399e-23
   2.6928599e+01   2.4832486e-23
   2.6990696e+01   2.4713142e-23
   2.7052937e+01   2.4594364e-23
   2.7115321e+01   2.4476150e-23
   2.7177849e+01   2.4358496e-23
   2.7240522e+01   2.4241401e-23
   2.7303338e+01   2.4124862e-23
   2.7366300e+01   2.4008876e-23
   2.7429407e+01   2.3893441e-23
   2.7492659e+01   2.3778554e-23
   2.7556058e+01   2.3664213e-23
   2.7619602e+01   2.3550415e-23
   2.7683293e+01   2.3437158e-23
   2.7747131e+01   2.3324438e-23
   2.7811116e+01   2.3212255e-23
   2.7875249e+01   2.3100605e-23
   2.7939529e+01   2.2989486e-23
   2.8003958e+01   2.2878895e-23
   2.8068536e+01   2.2768830e-23
   2.8133262e+01   2.2659289e-23
   2.8198137e+01   2.2550269e-23
   2.8263162e+01   2.2441768e-23
   2.8328338e+01   2.2333783e-23
   2.8393663e+01   2.2226312e-23
   2.8459139e+01   2.2119353e-23
   2.8524766e+01   2.2012904e-23
   2.8590544e+01   2.1906961e-23
   2.8656474e+01   2.1801523e-23
   2.8722556e+01   2.1696588e-23
   2.8788791e+01   2.1592153e-23
   2.8855178e+01   2.1488216e-23
   2.8921718e+01   2.1384774e-23
   2.8988412e+01   2.1281826e-23
   2.9055259e+01   2.1179369e-23
   2.9122261e+01   2.1077400e-23
   2.9189417e+01   2.0975919e-23
   2.9256728e+01   2.0874922e-23
   2.9324194e+01   2.0774407e-23
   2.9391816e+01   2.0674372e-23
   2.9459594e+01   2.0574815e-23
   2.9527528e+01   2.0475733e-23
   2.9595619e+01   2.0377125e-23
   2.9663866e+01   2.0278989e-23
   2.9732272e+01   2.0181322e-23
   2.9800834e+01   2.0084122e-23
   2.9869555e+01   1.9987387e-23
   2.9938435e+01   1.9891114e-23
   3.0007473e+01   1.9795303e-23
   3.0076670e+01   1.9699950e-23
   3.0146028e+01   1.9605054e-23
   3.0215544e+01   1.9510613e-23
   3.0285222e+01   1.9416624e-23
   3.0355060e+01   1.9323086e-23
   3.0425059e+01   1.9229996e-23
   3.0495219e+01   1.9137352e-23
   3.0565541e+01   1.9045153e-23
   3.0636026e+01   1.8953396e-23
   3.0706673e+01   1.8862080e-23
   3.0777482e+01   1.8771202e-23
   3.0848456e+01   1.8680761e-23
   3.0919592e+01   1.8590754e-23
   3.0990893e+01   1.8501179e-23
   3.1062358e+01   1.8412035e-23
   3.1133988e+01   1.8323320e-23
   3.1205784e+01   1.8235032e-23
   3.1277744e+01   1.8147168e-23
   3.1349871e+01   1.8059727e-23
   3.1422164e+01   1.7972707e-23
   3.1494624e+01   1.7886106e-23
   3.1567251e+01   1.7799923e-23
   3.1640045e+01   1.7714155e-23
   3.1713007e+01   1.7628800e-23
   3.1786138e+01   1.7543857e-23
   3.1859437e+01   1.7459324e-23
   3.1932905e+01   1.7375198e-23
   3.2006542e+01   1.7291479e-23
   3.2080350e+01   1.7208164e-23
   3.2154327e+01   1.7125252e-23
   3.2228475e+01   1.7042740e-23
   3.2302794e+01   1.6960628e-23
   3.2377285e+01   1.6878912e-23
   3.2451947e+01   1.6797592e-23
   3.2526782e+01   1.6716665e-23
   3.2601789e+01   1.6636131e-23
   3.2676969e+01   1.6555986e-23
   3.2752322e+01   1.6476230e-23
   3.2827849e+01   1.6396860e-23
   3.2903550e+01   1.6317875e-23
   3.2979426e+01   1.6239274e-23
   3.3055477e+01   1.6161054e-23
   3.3131703e+01   1.6083214e-23
   3.3208105e+01   1.6005752e-23
   3.3284683e+01   1.5928666e-23
   3.3361438e+01   1.5851955e-23
   3.3438370e+01   1.5775617e-23
   3.3515479e+01   1.5699651e-23
   3.3592766e+01   1.5624055e-23
   3.3670231e+01   1.5548827e-23
   3.3747875e+01   1.5473965e-23
   3.3825698e+01   1.5399468e-23
   3.3903700e+01   1.5325335e-23
   3.3981882e+01   1.5251563e-23
   3.4060245e+01   1.5178151e-23
   3.4138788e+01   1.5105098e-23
   3.4217512e+01   1.5032402e-23
   3.4296418e+01   1.4960061e-23
   3.4375506e+01   1.4888074e-23
   3.4454776e+01   1.4816439e-23
   3.4534229e+01   1.4745155e-23
   3.4613865e+01   1.4674220e-23
   3.4693685e+01   1.4603633e-23
   3.4773689e+01   1.4533391e-23
   3.4853877e+01   1.4463495e-23
   3.4934251e+01   1.4393941e-23
   3.5014809e+01   1.4324729e-23
   3.5095554e+01   1.4255857e-23
   3.5176484e+01   1.4187323e-23
   3.5257602e+01   1.4119127e-23
   3.5338906e+01   1.4051266e-23
   3.5420398e+01   1.3983740e-23
   3.5502077e+01   1.3916546e-23
   3.5583945e+01   1.3849683e-23
   3.5666002e+01   1.3783150e-23
   3.5748248e+01   1.3716945e-23
   3.5830684e+01   1.3651067e-23
   3.5913310e+01   1.3585515e-23
   3.5996126e+01   1.3520287e-23
   3.6079134e+01   1.3455381e-23
   3.6162332e+01   1.3390797e-23
   3.6245723e+01   1.3326532e-23
   3.6329306e+01   1.3262586e-23
   3.6413082e+01   1.3198957e-23
   3.6497050e+01   1.3135644e-23
   3.6581213e+01   1.3072645e-23
   3.6665569e+01   1.3009959e-23
   3.6750120e+01   1.2947584e-23
   3.6834867e+01   1.2885520e-23
   3.6919808e+01   1.2823765e-23
   3.7004945e+01   1.2762317e-23
   3.7090279e+01   1.2701175e-23
   3.7175810e+01   1.2640339e-23
   3.7261537e+01   1.2579806e-23
   3.7347463e+01   1.2519575e-23
   3.7433586e+01   1.2459646e-23
   3.7519908e+01   1.2400016e-23
   3.7606429e+01   1.2340684e-23
   3.7693150e+01   1.2281650e-23
   3.7780071e+01   1.2222911e-23
   3.7867192e+01   1.2164467e-23
   3.7954514e+01   1.2106316e-23
   3.8042037e+01   1.2048457e-23
   3.8129763e+01   1.1990890e-23
   3.8217690e+01   1.1933611e-23
   3.8305821e+01   1.1876621e-23
   3.8394154e+01   1.1819918e-23
   3.8482691e+01   1.1763501e-23
   3.8571433e+01   1.1707368e-23
   3.8660379e+01   1.1651519e-23
   3.8749530e+01   1.1595952e-23
   3.8838886e+01   1.1540666e-23
   3.8928449e+01   1.1485660e-23
   3.9018219e+01   1.1430933e-23
   3.9108195e+01   1.1376482e-23
   3.9198379e+01   1.1322309e-23
   3.9288770e+01   1.1268410e-23
   3.9379371e+01   1.1214785e-23
   3.9470180e+01   1.1161433e-23
   3.9561198e+01   1.1108352e-23
   3.9652427e+01   1.1055542e-23
   3.9743865e+01   1.1003001e-23
   3.9835515e+01   1.0950728e-23
   3.9927376e+01   1.0898722e-23
   4.0019449e+01   1.0846982e-23
   4.0111734e+01   1.0795507e-23
   4.0204232e+01   1.0744295e-23
   4.0296943e+01   1.0693346e-23
   4.0389868e+01   1.0642658e-23
   4.0483008e+01   1.0592231e-23
   4.0576362e+01   1.0542063e-23
   4.0669931e+01   1.0492153e-23
   4.0763716e+01   1.0442500e-23
   4.0857718e+01   1.0393103e-23
   4.0951936e+01   1.0343961e-23
   4.1046372e+01   1.0295073e-23
   4.1141025e+01   1.0246437e-23
   4.1235896e+01   1.0198053e-23
   4.1330987e+01   1.0149920e-23
   4.1426296e+01   1.0102037e-23
   4.1521826e+01   1.0054402e-23
   4.1617575e+01   1.0007014e-23
   4.1713546e+01   9.9598731e-24
   4.1809737e+01   9.9129776e-24
   4.1906151e+01   9.8663265e-24
   4.2002787e+01   9.8199188e-24
   4.2099646e+01   9.7737535e-24
   4.2196728e+01   9.7278296e-24
   4.2294034e+01   9.6821461e-24
   4.2391564e+01   9.6367021e-24
   4.2489319e+01   9.5914964e-24
   4.2587300e+01   9.5465281e-24
   4.2685507e+01   9.5017963e-24
   4.2783940e+01   9.4573000e-24
   4.2882600e+01   9.4130381e-24
   4.2981488e+01   9.3690098e-24
   4.3080603e+01   9.3252140e-24
   4.3179947e+01   9.2816498e-24
   4.3279521e+01   9.2383163e-24
   4.3379324e+01   9.1952124e-24
   4.3479357e+01   9.1523373e-24
   4.3579620e+01   9.1096900e-24
   4.3680115e+01   9.0672696e-24
   4.3780842e+01   9.0250752e-24
   4.3881801e+01   8.9831057e-24
   4.3982993e+01   8.9413604e-24
   4.4084418e+01   8.8998382e-24
   4.4186077e+01   8.8585383e-24
   4.4287970e+01   8.8174597e-24
   4.4390099e+01   8.7766016e-24
   4.4492463e+01   8.7359631e-24
   4.4595062e+01   8.6955432e-24
   4.4697899e+01   8.6553410e-24
   4.4800973e+01   8.6153558e-24
   4.4904284e+01   8.5755865e-24
   4.5007834e+01   8.5360323e-24
   4.5111622e+01   8.4966924e-24
   4.5215650e+01   8.4575659e-24
   4.5319918e+01   8.4186519e-24
   4.5424426e+01   8.3799495e-24
   4.5529175e+01   8.3414579e-24
   4.5634165e+01   8.3031762e-24
   4.5739398e+01   8.2651036e-24
   4.5844873e+01   8.2272392e-24
   4.5950592e+01   8.1895823e-24
   4.6056554e+01   8.1521319e-24
   4.6162761e+01   8.1148872e-24
   4.6269213e+01   8.0778474e-24
   4.6375910e+01   8.0410117e-24
   4.6482853e+01   8.0043792e-24
   4.6590043e+01   7.9679491e-24
   4.6697480e+01   7.9317207e-24
   4.6805165e+01   7.8956930e-24
   4.6913098e+01   7.8598654e-24
   4.7021280e+01   7.8242369e-24
   4.7129711e+01   7.7888069e-24
   4.7238393e+01   7.7535744e-24
   4.7347325e+01   7.7185387e-24
   4.7456508e+01   7.6836991e-24
   4.7565943e+01   7.6490546e-24
   4.7675631e+01   7.6146046e-24
   4.7785571e+01   7.5803483e-24
   4.7895765e+01   7.5462849e-24
   4.8006213e+01   7.5124136e-24
   4.8116916e+01   7.4787337e-24
   4.8227874e+01   7.4452443e-24
   4.8339087e+01   7.4119448e-24
   4.8450558e+01   7.3788344e-24
   4.8562285e+01   7.3459123e-24
   4.8674270e+01   7.3131777e-24
   4.8786513e+01   7.2806300e-24
   4.8899015e+01   7.2482684e-24
   4.9011777e+01   7.2160920e-24
   4.9124798e+01   7.1841003e-24
   4.9238081e+01   7.1522925e-24
   4.9351624e+01   7.1206678e-24
   4.9465429e+01   7.0892255e-24
   4.9579497e+01   7.0579649e-24
   4.9693828e+01   7.0268852e-24
   4.9808422e+01   6.9959858e-24
   4.9923280e+01   6.9652659e-24
   5.0038404e+01   6.9347248e-24
   5.0153793e+01   6.9043618e-24
   5.0269448e+01   6.8741763e-24
   5.0385370e+01   6.8441674e-24
   5.0501559e+01   6.8143345e-24
   5.0618016e+01   6.7846769e-24
   5.0734741e+01   6.7551938e-24
   5.0851736e+01   6.7258847e-24
   5.0969000e+01   6.6967488e-24
   5.1086535e+01   6.6677855e-24
   5.1204341e+01   6.6389940e-24
   5.1322419e+01   6.6103736e-24
   5.1440769e+01   6.5819237e-24
   5.1559392e+01   6.5536437e-24
   5.1678288e+01   6.5255327e-24
   5.1797458e+01   6.4975903e-24
   5.1916904e+01   6.4698156e-24
   5.2036625e+01   6.4422080e-24
   5.2156621e+01   6.4147669e-24
   5.2276895e+01   6.3874917e-24
   5.2397446e+01   6.3603815e-24
   5.2518275e+01   6.3334359e-24
   5.2639382e+01   6.3066541e-24
   5.2760769e+01   6.2800354e-24
   5.2882436e+01   6.2535793e-24
   5.3004383e+01   6.2272851e-24
   5.3126612e+01   6.2011522e-24
   5.3249122e+01   6.1751798e-24
   5.3371915e+01   6.1493674e-24
   5.3494991e+01   6.1237144e-24
   5.3618351e+01   6.0982200e-24
   5.3741995e+01   6.0728837e-24
   5.3865925e+01   6.0477048e-24
   5.3990140e+01   6.0226827e-24
   5.4114642e+01   5.9978168e-24
   5.4239430e+01   5.9731064e-24
   5.4364507e+01   5.9485509e-24
   5.4489872e+01   5.9241498e-24
   5.4615526e+01   5.8999023e-24
   5.4741470e+01   5.8758079e-24
   5.4867704e+01   5.8518660e-24
   5.4994229e+01   5.8280759e-24
   5.5121046e+01   5.8044370e-24
   5.5248156e+01   5.7809488e-24
   5.5375559e+01   5.7576105e-24
   5.5503255e+01   5.7344217e-24
   5.5631246e+01   5.7113817e-24
   5.5759532e+01   5.6884898e-24
   5.5888114e+01   5.6657456e-24
   5.6016992e+01   5.6431484e-24
   5.6146168e+01   5.6206976e-24
   5.6275642e+01   5.5983926e-24
   5.6405414e+01   5.5762328e-24
   5.6535485e+01   5.5542176e-24
   5.6665856e+01   5.5323465e-24
   5.6796528e+01   5.5106188e-24
   5.6927501e+01   5.4890339e-24
   5.7058777e+01   5.4675914e-24
   5.7190355e+01   5.4462905e-24
   5.7322236e+01   5.4251308e-24
   5.7454421e+01   5.4041115e-24
   5.7586912e+01   5.3832322e-24
   5.7719708e+01   5.3624923e-24
   5.7852810e+01   5.3418912e-24
   5.7986219e+01   5.3214282e-24
   5.8119935e+01   5.3011029e-24
   5.8253960e+01   5.2809147e-24
   5.8388294e+01   5.2608630e-24
   5.8522938e+01   5.2409471e-24
   5.8657893e+01   5.2211667e-24
   5.8793158e+01   5.2015210e-24
   5.8928736e+01   5.1820095e-24
   5.9064626e+01   5.1626317e-24
   5.9200829e+01   5.1433869e-24
   5.9337347e+01   5.1242747e-24
   5.9474179e+01   5.1052944e-24
   5.9611327e+01   5.0864456e-24
   5.9748791e+01   5.0677275e-24
   5.9886572e+01   5.0491398e-24
   6.0024671e+01   5.0306817e-24
   6.0163089e+01   5.0123528e-24
   6.0301825e+01   4.9941525e-24
   6.0440882e+01   4.9760803e-24
   6.0580259e+01   4.9581355e-24
   6.0719957e+01   4.9403177e-24
   6.0859978e+01   4.9226263e-24
   6.1000322e+01   4.9050607e-24
   6.1140989e+01   4.8876203e-24
   6.1281980e+01   4.8703047e-24
   6.1423297e+01   4.8531133e-24
   6.1564940e+01   4.8360455e-24
   6.1706909e+01   4.8191008e-24
   6.1849206e+01   4.8022787e-24
   6.1991830e+01   4.7855785e-24
   6.2134784e+01   4.7689998e-24
   6.2278067e+01   4.7525419e-24
   6.2421681e+01   4.7362045e-24
   6.2565626e+01   4.7199868e-24
   6.2709903e+01   4.7038884e-24
   6.2854512e+01   4.6879087e-24
   6.2999455e+01   4.6720472e-24
   6.3144732e+01   4.6563034e-24
   6.3290345e+01   4.6406766e-24
   6.3436293e+01   4.6251664e-24
   6.3582577e+01   4.6097723e-24
   6.3729199e+01   4.5944936e-24
   6.3876159e+01   4.5793299e-24
   6.4023458e+01   4.5642805e-24
   6.4171097e+01   4.5493451e-24
   6.4319076e+01   4.5345230e-24
   6.4467396e+01   4.5198137e-24
   6.4616058e+01   4.5052166e-24
   6.4765063e+01   4.4907313e-24
   6.4914412e+01   4.4763572e-24
   6.5064105e+01   4.4620937e-24
   6.5214144e+01   4.4479404e-24
   6.5364528e+01   4.4338967e-24
   6.5515259e+01   4.4199620e-24
   6.5666338e+01   4.4061359e-24
   6.5817765e+01   4.3924177e-24
   6.5969541e+01   4.3788071e-24
   6.6121667e+01   4.3653034e-24
   6.6274144e+01   4.3519061e-24
   6.6426973e+01   4.3386146e-24
   6.6580154e+01   4.3254286e-24
   6.6733688e+01   4.3123473e-24
   6.6887577e+01   4.2993704e-24
   6.7041820e+01   4.2864972e-24
   6.7196419e+01   4.2737273e-24
   6.7351374e+01   4.2610601e-24
   6.7506687e+01   4.2484950e-24
   6.7662358e+01   4.2360317e-24
   6.7818388e+01   4.2236694e-24
   6.7974778e+01   4.2114078e-24
   6.8131528e+01   4.1992463e-24
   6.8288640e+01   4.1871843e-24
   6.8446114e+01   4.1752214e-24
   6.8603951e+01   4.1633570e-24
   6.8762153e+01   4.1515906e-24
   6.8920719e+01   4.1399216e-24
   6.9079650e+01   4.1283497e-24
   6.9238949e+01   4.1168741e-24
   6.9398614e+01   4.1054945e-24
   6.9558648e+01   4.0942102e-24
   6.9719051e+01   4.0830208e-24
   6.9879823e+01   4.0719258e-24
   7.0040967e+01   4.0609245e-24
   7.0202482e+01   4.0500166e-24
   7.0364369e+01   4.0392015e-24
   7.0526630e+01   4.0284787e-24
   7.0689265e+01   4.0178476e-24
   7.0852275e+01   4.0073078e-24
   7.1015661e+01   3.9968587e-24
   7.1179423e+01   3.9864998e-24
   7.1343564e+01   3.9762306e-24
   7.1508083e+01   3.9660505e-24
   7.1672981e+01   3.9559592e-24
   7.1838259e+01   3.9459560e-24
   7.2003919e+01   3.9360404e-24
   7.2169960e+01   3.9262120e-24
   7.2336385e+01   3.9164701e-24
   7.2503193e+01   3.9068144e-24
   7.2670386e+01   3.8972443e-24
   7.2837964e+01   3.8877593e-24
   7.3005929e+01   3.8783588e-24
   7.3174282e+01   3.8690424e-24
   7.3343022e+01   3.8598096e-24
   7.3512152e+01   3.8506598e-24
   7.3681671e+01   3.8415926e-24
   7.3851582e+01   3.8326074e-24
   7.4021884e+01   3.8237037e-24
   7.4192579e+01   3.8148811e-24
   7.4363668e+01   3.8061390e-24
   7.4535151e+01   3.7974769e-24
   7.4707029e+01   3.7888944e-24
   7.4879304e+01   3.7803909e-24
   7.5051977e+01   3.7719659e-24
   7.5225047e+01   3.7636189e-24
   7.5398517e+01   3.7553494e-24
   7.5572386e+01   3.7471570e-24
   7.5746657e+01   3.7390411e-24
   7.5921329e+01   3.7310013e-24
   7.6096404e+01   3.7230369e-24
   7.6271883e+01   3.7151476e-24
   7.6447767e+01   3.7073329e-24
   7.6624056e+01   3.6995922e-24
   7.6800751e+01   3.6919251e-24
   7.6977855e+01   3.6843311e-24
   7.7155366e+01   3.6768096e-24
   7.7333287e+01   3.6693603e-24
   7.7511618e+01   3.6619826e-24
   7.7690361e+01   3.6546759e-24
   7.7869515e+01   3.6474400e-24
   7.8049083e+01   3.6402741e-24
   7.8229065e+01   3.6331780e-24
   7.8409461e+01   3.6261510e-24
   7.8590274e+01   3.6191928e-24
   7.8771504e+01   3.6123028e-24
   7.8953152e+01   3.6054805e-24
   7.9135218e+01   3.5987255e-24
   7.9317705e+01   3.5920373e-24
   7.9500612e+01   3.5854155e-24
   7.9683941e+01   3.5788595e-24
   7.9867693e+01   3.5723688e-24
   8.0051868e+01   3.5659431e-24
   8.0236468e+01   3.5595818e-24
   8.0421494e+01   3.5532845e-24
   8.0606947e+01   3.5470507e-24
   8.0792827e+01   3.5408799e-24
   8.0979136e+01   3.5347717e-24
   8.1165874e+01   3.5287256e-24
   8.1353044e+01   3.5227412e-24
   8.1540644e+01   3.5168179e-24
   8.1728678e+01   3.5109554e-24
   8.1917145e+01   3.5051531e-24
   8.2106046e+01   3.4994107e-24
   8.2295383e+01   3.4937276e-24
   8.2485157e+01   3.4881035e-24
   8.2675369e+01   3.4825378e-24
   8.2866019e+01   3.4770301e-24
   8.3057108e+01   3.4715800e-24
   8.3248639e+01   3.4661870e-24
   8.3440611e+01   3.4608506e-24
   8.3633025e+01   3.4555706e-24
   8.3825884e+01   3.4503462e-24
   8.4019187e+01   3.4451773e-24
   8.4212936e+01   3.4400632e-24
   8.4407131e+01   3.4350037e-24
   8.4601775e+01   3.4299981e-24
   8.4796867e+01   3.4250462e-24
   8.4992409e+01   3.4201475e-24
   8.5188403e+01   3.4153015e-24
   8.5384848e+01   3.4105078e-24
   8.5581746e+01   3.4057660e-24
   8.5779098e+01   3.4010757e-24
   8.5976905e+01   3.3964364e-24
   8.6175169e+01   3.3918478e-24
   8.6373889e+01   3.3873094e-24
   8.6573068e+01   3.3828207e-24
   8.6772706e+01   3.3783815e-24
   8.6972805e+01   3.3739912e-24
   8.7173365e+01   3.3696494e-24
   8.7374387e+01   3.3653558e-24
   8.7575873e+01   3.3611099e-24
   8.7777824e+01   3.3569114e-24
   8.7980240e+01   3.3527598e-24
   8.8183123e+01   3.3486547e-24
   8.8386474e+01   3.3445957e-24
   8.8590294e+01   3.3405825e-24
   8.8794584e+01   3.3366146e-24
   8.8999345e+01   3.3326916e-24
   8.9204578e+01   3.3288132e-24
   8.9410285e+01   3.3249790e-24
   8.9616465e+01   3.3211885e-24
   8.9823122e+01   3.3174414e-24
   9.0030254e+01   3.3137373e-24
   9.0237865e+01   3.3100758e-24
   9.0445954e+01   3.3064565e-24
   9.0654523e+01   3.3028791e-24
   9.0863573e+01   3.2993432e-24
   9.1073105e+01   3.2958485e-24
   9.1283120e+01   3.2923944e-24
   9.1493620e+01   3.2889807e-24
   9.1704605e+01   3.2856071e-24
   9.1916077e+01   3.2822730e-24
   9.2128036e+01   3.2789783e-24
   9.2340484e+01   3.2757224e-24
   9.2553422e+01   3.2725052e-24
   9.2766850e+01   3.2693261e-24
   9.2980771e+01   3.2661849e-24
   9.3195186e+01   3.2630811e-24
   9.3410095e+01   3.2600145e-24
   9.3625499e+01   3.2569847e-24
   9.3841400e+01   3.2539914e-24
   9.4057799e+01   3.2510342e-24
   9.4274697e+01   3.2481127e-24
   9.4492095e+01   3.2452266e-24
   9.4709995e+01   3.2423757e-24
   9.4928397e+01   3.2395595e-24
   9.5147302e+01   3.2367777e-24
   9.5366713e+01   3.2340300e-24
   9.5586629e+01   3.2313160e-24
   9.5807053e+01   3.2286355e-24
   9.6027984e+01   3.2259881e-24
   9.6249426e+01   3.2233735e-24
   9.6471378e+01   3.2207914e-24
   9.6693841e+01   3.2182414e-24
   9.6916818e+01   3.2157232e-24
   9.7140309e+01   3.2132366e-24
   9.7364315e+01   3.2107811e-24
   9.7588838e+01   3.2083566e-24
   9.7813879e+01   3.2059626e-24
   9.8039438e+01   3.2035990e-24
   9.8265518e+01   3.2012653e-24
   9.8492119e+01   3.1989613e-24
   9.8719243e+01   3.1966867e-24
   9.8946890e+01   3.1944412e-24
   9.9175062e+01   3.1922245e-24
   9.9403761e+01   3.1900363e-24
   9.9632987e+01   3.1878763e-24
   9.9862741e+01   3.1857442e-24
   1.0009303e+02   3.1836397e-24
   1.0032384e+02   3.1815627e-24
   1.0055519e+02   3.1795126e-24
   1.0078707e+02   3.1774894e-24
   1.0101948e+02   3.1754927e-24
   1.0125244e+02   3.1735223e-24
   1.0148593e+02   3.1715778e-24
   1.0171995e+02   3.1696590e-24
   1.0195452e+02   3.1677657e-24
   1.0218963e+02   3.1658975e-24
   1.0242528e+02   3.1640542e-24
   1.0266147e+02   3.1622356e-24
   1.0289821e+02   3.1604413e-24
   1.0313549e+02   3.1586711e-24
   1.0337332e+02   3.1569248e-24
   1.0361170e+02   3.1552022e-24
   1.0385063e+02   3.1535028e-24
   1.0409011e+02   3.1518266e-24
   1.0433015e+02   3.1501733e-24
   1.0457073e+02   3.1485425e-24
   1.0481187e+02   3.1469341e-24
   1.0505357e+02   3.1453479e-24
   1.0529582e+02   3.1437835e-24
   1.0553864e+02   3.1422408e-24
   1.0578201e+02   3.1407195e-24
   1.0602594e+02   3.1392194e-24
   1.0627044e+02   3.1377402e-24
   1.0651550e+02   3.1362818e-24
   1.0676113e+02   3.1348438e-24
   1.0700732e+02   3.1334261e-24
   1.0725408e+02   3.1320285e-24
   1.0750141e+02   3.1306507e-24
   1.0774931e+02   3.1292924e-24
   1.0799778e+02   3.1279536e-24
   1.0824682e+02   3.1266339e-24
   1.0849644e+02   3.1253331e-24
   1.0874663e+02   3.1240511e-24
   1.0899740e+02   3.1227876e-24
   1.0924875e+02   3.1215425e-24
   1.0950068e+02   3.1203154e-24
   1.0975319e+02   3.1191063e-24
   1.1000628e+02   3.1179149e-24
   1.1025996e+02   3.1167409e-24
   1.1051422e+02   3.1155843e-24
   1.1076906e+02   3.1144447e-24
   1.1102450e+02   3.1133221e-24
   1.1128052e+02   3.1122162e-24
   1.1153714e+02   3.1111268e-24
   1.1179434e+02   3.1100538e-24
   1.1205214e+02   3.1089969e-24
   1.1231053e+02   3.1079559e-24
   1.1256952e+02   3.1069308e-24
   1.1282911e+02   3.1059212e-24
   1.1308929e+02   3.1049270e-24
   1.1335008e+02   3.1039480e-24
   1.1361146e+02   3.1029841e-24
   1.1387345e+02   3.1020351e-24
   1.1413605e+02   3.1011008e-24
   1.1439924e+02   3.1001810e-24
   1.1466305e+02   3.0992755e-24
   1.1492746e+02   3.0983843e-24
   1.1519249e+02   3.0975070e-24
   1.1545812e+02   3.0966436e-24
   1.1572437e+02   3.0957939e-24
   1.1599123e+02   3.0949577e-24
   1.1625871e+02   3.0941349e-24
   1.1652680e+02   3.0933253e-24
   1.1679551e+02   3.0925287e-24
   1.1706484e+02   3.0917450e-24
   1.1733480e+02   3.0909740e-24
   1.1760537e+02   3.0902156e-24
   1.1787657e+02   3.0894696e-24
   1.1814839e+02   3.0887359e-24
   1.1842085e+02   3.0880144e-24
   1.1869392e+02   3.0873048e-24
   1.1896763e+02   3.0866070e-24
   1.1924197e+02   3.0859210e-24
   1.1951695e+02   3.0852464e-24
   1.1979255e+02   3.0845833e-24
   1.2006880e+02   3.0839315e-24
   1.2034568e+02   3.0832907e-24
   1.2062319e+02   3.0826610e-24
   1.2090135e+02   3.0820421e-24
   1.2118015e+02   3.0814339e-24
   1.2145959e+02   3.0808363e-24
   1.2173968e+02   3.0802492e-24
   1.2202041e+02   3.0796724e-24
   1.2230179e+02   3.0791058e-24
   1.2258382e+02   3.0785493e-24
   1.2286650e+02   3.0780027e-24
   1.2314983e+02   3.0774659e-24
   1.2343382e+02   3.0769388e-24
   1.2371846e+02   3.0764213e-24
   1.2400375e+02   3.0759132e-24
   1.2428971e+02   3.0754145e-24
   1.2457632e+02   3.0749250e-24
   1.2486359e+02   3.0744446e-24
   1.2515153e+02   3.0739731e-24
   1.2544013e+02   3.0735106e-24
   1.2572940e+02   3.0730568e-24
   1.2601933e+02   3.0726116e-24
   1.2630993e+02   3.0721750e-24
   1.2660120e+02   3.0717468e-24
   1.2689314e+02   3.0713269e-24
   1.2718576e+02   3.0709153e-24
   1.2747905e+02   3.0705117e-24
   1.2777302e+02   3.0701162e-24
   1.2806767e+02   3.0697285e-24
   1.2836299e+02   3.0693486e-24
   1.2865900e+02   3.0689765e-24
   1.2895569e+02   3.0686119e-24
   1.2925306e+02   3.0682549e-24
   1.2955112e+02   3.0679052e-24
   1.2984986e+02   3.0675628e-24
   1.3014930e+02   3.0672277e-24
   1.3044942e+02   3.0668996e-24
   1.3075024e+02   3.0665786e-24
   1.3105175e+02   3.0662646e-24
   1.3135396e+02   3.0659573e-24
   1.3165686e+02   3.0656568e-24
   1.3196046e+02   3.0653630e-24
   1.3226476e+02   3.0650758e-24
   1.3256977e+02   3.0647950e-24
   1.3287547e+02   3.0645207e-24
   1.3318189e+02   3.0642526e-24
   1.3348901e+02   3.0639908e-24
   1.3379683e+02   3.0637352e-24
   1.3410537e+02   3.0634856e-24
   1.3441462e+02   3.0632421e-24
   1.3472458e+02   3.0630044e-24
   1.3503525e+02   3.0627726e-24
   1.3534665e+02   3.0625465e-24
   1.3565876e+02   3.0623261e-24
   1.3597159e+02   3.0621113e-24
   1.3628514e+02   3.0619021e-24
   1.3659941e+02   3.0616983e-24
   1.3691441e+02   3.0614999e-24
   1.3723014e+02   3.0613068e-24
   1.3754659e+02   3.0611189e-24
   1.3786377e+02   3.0609362e-24
   1.3818169e+02   3.0607586e-24
   1.3850034e+02   3.0605861e-24
   1.3881972e+02   3.0604185e-24
   1.3913984e+02   3.0602558e-24
   1.3946070e+02   3.0600980e-24
   1.3978229e+02   3.0599449e-24
   1.4010463e+02   3.0597965e-24
   1.4042772e+02   3.0596528e-24
   1.4075154e+02   3.0595136e-24
   1.4107612e+02   3.0593790e-24
   1.4140144e+02   3.0592488e-24
   1.4172751e+02   3.0591231e-24
   1.4205434e+02   3.0590016e-24
   1.4238192e+02   3.0588845e-24
   1.4271025e+02   3.0587716e-24
   1.4303934e+02   3.0586628e-24
   1.4336919e+02   3.0585582e-24
   1.4369980e+02   3.0584576e-24
   1.4403117e+02   3.0583610e-24
   1.4436331e+02   3.0582683e-24
   1.4469621e+02   3.0581796e-24
   1.4502988e+02   3.0580947e-24
   1.4536432e+02   3.0580136e-24
   1.4569954e+02   3.0579362e-24
   1.4603552e+02   3.0578625e-24
   1.4637228e+02   3.0577925e-24
   1.4670981e+02   3.0577260e-24
   1.4704813e+02   3.0576631e-24
   1.4738722e+02   3.0576037e-24
   1.4772710e+02   3.0575477e-24
   1.4806776e+02   3.0574952e-24
   1.4840920e+02   3.0574460e-24
   1.4875144e+02   3.0574001e-24
   1.4909446e+02   3.0573575e-24
   1.4943827e+02   3.0573181e-24
   1.4978288e+02   3.0572819e-24
   1.5012828e+02   3.0572488e-24
   1.5047447e+02   3.0572188e-24
   1.5082147e+02   3.0571919e-24
   1.5116927e+02   3.0571680e-24
   1.5151786e+02   3.0571471e-24
   1.5186726e+02   3.0571292e-24
   1.5221747e+02   3.0571141e-24
   1.5256849e+02   3.0571019e-24
   1.5292031e+02   3.0570925e-24
   1.5327295e+02   3.0570859e-24
   1.5362639e+02   3.0570821e-24
   1.5398066e+02   3.0570810e-24
   1.5433574e+02   3.0570826e-24
   1.5469164e+02   3.0570868e-24
   1.5504836e+02   3.0570936e-24
   1.5540590e+02   3.0571031e-24
   1.5576427e+02   3.0571150e-24
   1.5612346e+02   3.0571295e-24
   1.5648348e+02   3.0571465e-24
   1.5684434e+02   3.0571659e-24
   1.5720602e+02   3.0571877e-24
   1.5756854e+02   3.0572120e-24
   1.5793189e+02   3.0572386e-24
   1.5829608e+02   3.0572675e-24
   1.5866112e+02   3.0572988e-24
   1.5902699e+02   3.0573323e-24
   1.5939371e+02   3.0573681e-24
   1.5976127e+02   3.0574060e-24
   1.6012968e+02   3.0574462e-24
   1.6049894e+02   3.0574886e-24
   1.6086905e+02   3.0575331e-24
   1.6124002e+02   3.0575797e-24
   1.6161184e+02   3.0576284e-24
   1.6198452e+02   3.0576792e-24
   1.6235805e+02   3.0577320e-24
   1.6273245e+02   3.0577869e-24
   1.6310772e+02   3.0578437e-24
   1.6348384e+02   3.0579025e-24
   1.6386084e+02   3.0579633e-24
   1.6423870e+02   3.0580260e-24
   1.6461744e+02   3.0580906e-24
   1.6499705e+02   3.0581571e-24
   1.6537753e+02   3.0582255e-24
   1.6575889e+02   3.0582957e-24
   1.6614114e+02   3.0583677e-24
   1.6652426e+02   3.0584416e-24
   1.6690826e+02   3.0585172e-24
   1.6729316e+02   3.0585947e-24
   1.6767894e+02   3.0586738e-24
   1.6806560e+02   3.0587547e-24
   1.6845316e+02   3.0588374e-24
   1.6884162e+02   3.0589217e-24
   1.6923097e+02   3.0590077e-24
   1.6962122e+02   3.0590954e-24
   1.7001236e+02   3.0591847e-24
   1.7040441e+02   3.0592757e-24
   1.7079737e+02   3.0593683e-24
   1.7119123e+02   3.0594625e-24
   1.7158600e+02   3.0595583e-24
   1.7198168e+02   3.0596557e-24
   1.7237827e+02   3.0597546e-24
   1.7277577e+02   3.0598551e-24
   1.7317419e+02   3.0599572e-24
   1.7357354e+02   3.0600607e-24
   1.7397380e+02   3.0601658e-24
   1.7437498e+02   3.0602724e-24
   1.7477709e+02   3.0603804e-24
   1.7518013e+02   3.0604900e-24
   1.7558410e+02   3.0606010e-24
   1.7598899e+02   3.0607134e-24
   1.7639483e+02   3.0608273e-24
   1.7680159e+02   3.0609427e-24
   1.7720930e+02   3.0610595e-24
   1.7761795e+02   3.0611777e-24
   1.7802753e+02   3.0612972e-24
   1.7843807e+02   3.0614182e-24
   1.7884955e+02   3.0615406e-24
   1.7926198e+02   3.0616644e-24
   1.7967535e+02   3.0617895e-24
   1.8008969e+02   3.0619160e-24
   1.8050498e+02   3.0620439e-24
   1.8092122e+02   3.0621731e-24
   1.8133843e+02   3.0623036e-24
   1.8175659e+02   3.0624355e-24
   1.8217573e+02   3.0625687e-24
   1.8259583e+02   3.0627033e-24
   1.8301689e+02   3.0628391e-24
   1.8343893e+02   3.0629763e-24
   1.8386194e+02   3.0631148e-24
   1.8428593e+02   3.0632545e-24
   1.8471089e+02   3.0633956e-24
   1.8513684e+02   3.0635380e-24
   1.8556377e+02   3.0636816e-24
   1.8599168e+02   3.0638266e-24
   1.8642058e+02   3.0639728e-24
   1.8685046e+02   3.0641203e-24
   1.8728134e+02   3.0642690e-24
   1.8771321e+02   3.0644191e-24
   1.8814608e+02   3.0645704e-24
   1.8857995e+02   3.0647229e-24
   1.8901482e+02   3.0648767e-24
   1.8945068e+02   3.0650318e-24
   1.8988756e+02   3.0651882e-24
   1.9032544e+02   3.0653457e-24
   1.9076433e+02   3.0655046e-24
   1.9120424e+02   3.0656647e-24
   1.9164516e+02   3.0658260e-24
   1.9208709e+02   3.0659886e-24
   1.9253005e+02   3.0661525e-24
   1.9297402e+02   3.0663176e-24
   1.9341902e+02   3.0664839e-24
   1.9386505e+02   3.0666515e-24
   1.9431210e+02   3.0668203e-24
   1.9476019e+02   3.0669904e-24
   1.9520930e+02   3.0671617e-24
   1.9565946e+02   3.0673343e-24
   1.9611065e+02   3.0675081e-24
   1.9656288e+02   3.0676832e-24
   1.9701616e+02   3.0678596e-24
   1.9747048e+02   3.0680372e-24
   1.9792585e+02   3.0682160e-24
   1.9838227e+02   3.0683961e-24
   1.9883974e+02   3.0685775e-24
   1.9929826e+02   3.0687601e-24
   1.9975785e+02   3.0689440e-24
   2.0021849e+02   3.0691291e-24
   2.0068020e+02   3.0693155e-24
   2.0114297e+02   3.0695032e-24
   2.0160680e+02   3.0696922e-24
   2.0207171e+02   3.0698824e-24
   2.0253769e+02   3.0700740e-24
   2.0300474e+02   3.0702668e-24
   2.0347287e+02   3.0704609e-24
   2.0394208e+02   3.0706563e-24
   2.0441237e+02   3.0708530e-24
   2.0488375e+02   3.0710509e-24
   2.0535621e+02   3.0712502e-24
   2.0582977e+02   3.0714508e-24
   2.0630441e+02   3.0716528e-24
   2.0678015e+02   3.0718560e-24
   2.0725699e+02   3.0720606e-24
   2.0773492e+02   3.0722665e-24
   2.0821396e+02   3.0724737e-24
   2.0869411e+02   3.0726823e-24
   2.0917536e+02   3.0728922e-24
   2.0965772e+02   3.0731034e-24
   2.1014119e+02   3.0733161e-24
   2.1062578e+02   3.0735301e-24
   2.1111148e+02   3.0737454e-24
   2.1159831e+02   3.0739621e-24
   2.1208625e+02   3.0741803e-24
   2.1257533e+02   3.0743998e-24
   2.1306553e+02   3.0746207e-24
   2.1355686e+02   3.0748430e-24
   2.1404932e+02   3.0750667e-24
   2.1454292e+02   3.0752918e-24
   2.1503766e+02   3.0755184e-24
   2.1553354e+02   3.0757464e-24
   2.1603056e+02   3.0759758e-24
   2.1652873e+02   3.0762067e-24
   2.1702804e+02   3.0764390e-24
   2.1752851e+02   3.0766728e-24
   2.1803013e+02   3.0769081e-24
   2.1853291e+02   3.0771448e-24
   2.1903685e+02   3.0773830e-24
   2.1954195e+02   3.0776228e-24
   2.2004822e+02   3.0778640e-24
   2.2055565e+02   3.0781067e-24
   2.2106425e+02   3.0783510e-24
   2.2157403e+02   3.0785968e-24
   2.2208498e+02   3.0788441e-24
   2.2259711e+02   3.0790930e-24
   2.2311042e+02   3.0793435e-24
   2.2362491e+02   3.0795955e-24
   2.2414060e+02   3.0798491e-24
   2.2465747e+02   3.0801042e-24
   2.2517553e+02   3.0803610e-24
   2.2569478e+02   3.0806194e-24
   2.2621524e+02   3.0808794e-24
   2.2673689e+02   3.0811410e-24
   2.2725975e+02   3.0814042e-24
   2.2778381e+02   3.0816692e-24
   2.2830908e+02   3.0819357e-24
   2.2883556e+02   3.0822039e-24
   2.2936326e+02   3.0824738e-24
   2.2989217e+02   3.0827454e-24
   2.3042231e+02   3.0830187e-24
   2.3095366e+02   3.0832937e-24
   2.3148624e+02   3.0835705e-24
   2.3202005e+02   3.0838489e-24
   2.3255509e+02   3.0841291e-24
   2.3309137e+02   3.0844111e-24
   2.3362888e+02   3.0846948e-24
   2.3416763e+02   3.0849803e-24
   2.3470762e+02   3.0852676e-24
   2.3524886e+02   3.0855567e-24
   2.3579134e+02   3.0858476e-24
   2.3633508e+02   3.0861403e-24
   2.3688007e+02   3.0864349e-24
   2.3742632e+02   3.0867313e-24
   2.3797382e+02   3.0870296e-24
   2.3852259e+02   3.0873297e-24
   2.3907263e+02   3.0876318e-24
   2.3962393e+02   3.0879357e-24
   2.4017651e+02   3.0882415e-24
   2.4073036e+02   3.0885493e-24
   2.4128548e+02   3.0888590e-24
   2.4184189e+02   3.0891707e-24
   2.4239958e+02   3.0894843e-24
   2.4295855e+02   3.0897998e-24
   2.4351882e+02   3.0901174e-24
   2.4408037e+02   3.0904370e-24
   2.4464322e+02   3.0907586e-24
   2.4520737e+02   3.0910822e-24
   2.4577282e+02   3.0914078e-24
   2.4633958e+02   3.0917356e-24
   2.4690764e+02   3.0920653e-24
   2.4747701e+02   3.0923972e-24
   2.4804769e+02   3.0927311e-24
   2.4861969e+02   3.0930672e-24
   2.4919301e+02   3.0934054e-24
   2.4976765e+02   3.0937457e-24
   2.5034362e+02   3.0940882e-24
   2.5092091e+02   3.0944328e-24
   2.5149954e+02   3.0947796e-24
   2.5207950e+02   3.0951286e-24
   2.5266080e+02   3.0954798e-24
   2.5324343e+02   3.0958332e-24
   2.5382742e+02   3.0961889e-24
   2.5441274e+02   3.0965468e-24
   2.5499942e+02   3.0969070e-24
   2.5558745e+02   3.0972695e-24
   2.5617684e+02   3.0976342e-24
   2.5676758e+02   3.0980013e-24
   2.5735969e+02   3.0983707e-24
   2.5795317e+02   3.0987424e-24
   2.5854801e+02   3.0991165e-24
   2.5914422e+02   3.0994930e-24
   2.5974181e+02   3.0998718e-24
   2.6034078e+02   3.1002530e-24
   2.6094112e+02   3.1006367e-24
   2.6154286e+02   3.1010228e-24
   2.6214598e+02   3.1014113e-24
   2.6275049e+02   3.1018023e-24
   2.6335639e+02   3.1021958e-24
   2.6396369e+02   3.1025918e-24
   2.6457240e+02   3.1029903e-24
   2.6518250e+02   3.1033913e-24
   2.6579401e+02   3.1037948e-24
   2.6640694e+02   3.1042009e-24
   2.6702127e+02   3.1046096e-24
   2.6763703e+02   3.1050208e-24
   2.6825420e+02   3.1054347e-24
   2.6887280e+02   3.1058512e-24
   2.6949282e+02   3.1062703e-24
   2.7011427e+02   3.1066921e-24
   2.7073716e+02   3.1071166e-24
   2.7136148e+02   3.1075437e-24
   2.7198724e+02   3.1079736e-24
   2.7261444e+02   3.1084062e-24
   2.7324310e+02   3.1088415e-24
   2.7387320e+02   3.1092795e-24
   2.7450475e+02   3.1097204e-24
   2.7513776e+02   3.1101640e-24
   2.7577223e+02   3.1106104e-24
   2.7640816e+02   3.1110597e-24
   2.7704556e+02   3.1115118e-24
   2.7768443e+02   3.1119667e-24
   2.7832477e+02   3.1124246e-24
   2.7896659e+02   3.1128853e-24
   2.7960989e+02   3.1133489e-24
   2.8025467e+02   3.1138155e-24
   2.8090094e+02   3.1142850e-24
   2.8154870e+02   3.1147574e-24
   2.8219796e+02   3.1152329e-24
   2.8284871e+02   3.1157113e-24
   2.8350096e+02   3.1161928e-24
   2.8415471e+02   3.1166773e-24
   2.8480998e+02   3.1171648e-24
   2.8546675e+02   3.1176554e-24
   2.8612504e+02   3.1181491e-24
   2.8678485e+02   3.1186459e-24
   2.8744617e+02   3.1191458e-24
   2.8810903e+02   3.1196489e-24
   2.8877341e+02   3.1201551e-24
   2.8943932e+02   3.1206645e-24
   2.9010677e+02   3.1211771e-24
   2.9077576e+02   3.1216929e-24
   2.9144629e+02   3.1222119e-24
   2.9211837e+02   3.1227342e-24
   2.9279200e+02   3.1232598e-24
   2.9346718e+02   3.1237886e-24
   2.9414391e+02   3.1243208e-24
   2.9482221e+02   3.1248563e-24
   2.9550207e+02   3.1253951e-24
   2.9618350e+02   3.1259373e-24
   2.9686651e+02   3.1264829e-24
   2.9755108e+02   3.1270319e-24
   2.9823724e+02   3.1275843e-24
   2.9892498e+02   3.1281401e-24
   2.9961430e+02   3.1286994e-24
   3.0030521e+02   3.1292622e-24
   3.0099772e+02   3.1298285e-24
   3.0169182e+02   3.1303983e-24
   3.0238752e+02   3.1309717e-24
   3.0308483e+02   3.1315486e-24
   3.0378375e+02   3.1321290e-24
   3.0448428e+02   3.1327131e-24
   3.0518642e+02   3.1333008e-24
   3.0589018e+02   3.1338921e-24
   3.0659557e+02   3.1344871e-24
   3.0730258e+02   3.1350858e-24
   3.0801122e+02   3.1356881e-24
   3.0872150e+02   3.1362942e-24
   3.0943341e+02   3.1369040e-24
   3.1014697e+02   3.1375175e-24
   3.1086217e+02   3.1381349e-24
   3.1157902e+02   3.1387560e-24
   3.1229752e+02   3.1393810e-24
   3.1301768e+02   3.1400097e-24
   3.1373950e+02   3.1406424e-24
   3.1446299e+02   3.1412789e-24
   3.1518814e+02   3.1419193e-24
   3.1591497e+02   3.1425637e-24
   3.1664347e+02   3.1432119e-24
   3.1737365e+02   3.1438642e-24
   3.1810552e+02   3.1445204e-24
   3.1883907e+02   3.1451806e-24
   3.1957432e+02   3.1458449e-24
   3.2031126e+02   3.1465131e-24
   3.2104990e+02   3.1471855e-24
   3.2179024e+02   3.1478619e-24
   3.2253229e+02   3.1485425e-24
   3.2327606e+02   3.1492272e-24
   3.2402153e+02   3.1499160e-24
   3.2476873e+02   3.1506090e-24
   3.2551765e+02   3.1513062e-24
   3.2626829e+02   3.1520076e-24
   3.2702067e+02   3.1527132e-24
   3.2777478e+02   3.1534231e-24
   3.2853063e+02   3.1541372e-24
   3.2928823e+02   3.1548557e-24
   3.3004757e+02   3.1555785e-24
   3.3080866e+02   3.1563056e-24
   3.3157151e+02   3.1570371e-24
   3.3233612e+02   3.1577730e-24
   3.3310249e+02   3.1585133e-24
   3.3387062e+02   3.1592580e-24
   3.3464053e+02   3.1600072e-24
   3.3541221e+02   3.1607609e-24
   3.3618568e+02   3.1615190e-24
   3.3696092e+02   3.1622817e-24
   3.3773796e+02   3.1630489e-24
   3.3851679e+02   3.1638207e-24
   3.3929741e+02   3.1645970e-24
   3.4007983e+02   3.1653780e-24
   3.4086406e+02   3.1661636e-24
   3.4165009e+02   3.1669539e-24
   3.4243794e+02   3.1677488e-24
   3.4322760e+02   3.1685484e-24
   3.4401909e+02   3.1693528e-24
   3.4481240e+02   3.1701619e-24
   3.4560754e+02   3.1709758e-24
   3.4640451e+02   3.1717944e-24
   3.4720333e+02   3.1726179e-24
   3.4800398e+02   3.1734462e-24
   3.4880648e+02   3.1742794e-24
   3.4961083e+02   3.1751174e-24
   3.5041703e+02   3.1759604e-24
   3.5122510e+02   3.1768083e-24
   3.5203503e+02   3.1776612e-24
   3.5284682e+02   3.1785190e-24
   3.5366049e+02   3.1793818e-24
   3.5447603e+02   3.1802497e-24
   3.5529346e+02   3.1811226e-24
   3.5611277e+02   3.1820005e-24
   3.5693397e+02   3.1828836e-24
   3.5775706e+02   3.1837718e-24
   3.5858205e+02   3.1846651e-24
   3.5940894e+02   3.1855636e-24
   3.6023774e+02   3.1864673e-24
   3.6106845e+02   3.1873762e-24
   3.6190108e+02   3.1882904e-24
   3.6273563e+02   3.1892098e-24
   3.6357210e+02   3.1901345e-24
   3.6441050e+02   3.1910645e-24
   3.6525083e+02   3.1919999e-24
   3.6609310e+02   3.1929406e-24
   3.6693731e+02   3.1938867e-24
   3.6778347e+02   3.1948382e-24
   3.6863159e+02   3.1957952e-24
   3.6948165e+02   3.1967576e-24
   3.7033368e+02   3.1977255e-24
   3.7118767e+02   3.1986989e-24
   3.7204364e+02   3.1996779e-24
   3.7290157e+02   3.2006624e-24
   3.7376148e+02   3.2016525e-24
   3.7462338e+02   3.2026482e-24
   3.7548727e+02   3.2036496e-24
   3.7635314e+02   3.2046566e-24
   3.7722102e+02   3.2056693e-24
   3.7809089e+02   3.2066877e-24
   3.7896277e+02   3.2077119e-24
   3.7983666e+02   3.2087418e-24
   3.8071257e+02   3.2097776e-24
   3.8159049e+02   3.2108191e-24
   3.8247044e+02   3.2118665e-24
   3.8335242e+02   3.2129198e-24
   3.8423644e+02   3.2139790e-24
   3.8512249e+02   3.2150441e-24
   3.8601059e+02   3.2161151e-24
   3.8690073e+02   3.2171922e-24
   3.8779292e+02   3.2182752e-24
   3.8868718e+02   3.2193643e-24
   3.8958349e+02   3.2204594e-24
   3.9048188e+02   3.2215606e-24
   3.9138233e+02   3.2226680e-24
   3.9228486e+02   3.2237815e-24
   3.9318947e+02   3.2249011e-24
   3.9409617e+02   3.2260270e-24
   3.9500496e+02   3.2271591e-24
   3.9591584e+02   3.2282974e-24
   3.9682883e+02   3.2294420e-24
   3.9774392e+02   3.2305930e-24
   3.9866112e+02   3.2317503e-24
   3.9958044e+02   3.2329139e-24
   4.0050187e+02   3.2340840e-24
   4.0142543e+02   3.2352605e-24
   4.0235112e+02   3.2364434e-24
   4.0327895e+02   3.2376329e-24
   4.0420891e+02   3.2388288e-24
   4.0514102e+02   3.2400314e-24
   4.0607528e+02   3.2412405e-24
   4.0701169e+02   3.2424562e-24
   4.0795026e+02   3.2436786e-24
   4.0889100e+02   3.2449076e-24
   4.0983390e+02   3.2461434e-24
   4.1077898e+02   3.2473859e-24
   4.1172624e+02   3.2486352e-24
   4.1267569e+02   3.2498914e-24
   4.1362732e+02   3.2511543e-24
   4.1458115e+02   3.2524242e-24
   4.1553718e+02   3.2537010e-24
   4.1649541e+02   3.2549847e-24
   4.1745585e+02   3.2562755e-24
   4.1841851e+02   3.2575733e-24
   4.1938338e+02   3.2588781e-24
   4.2035048e+02   3.2601901e-24
   4.2131982e+02   3.2615093e-24
   4.2229138e+02   3.2628356e-24
   4.2326519e+02   3.2641692e-24
   4.2424124e+02   3.2655101e-24
   4.2521955e+02   3.2668584e-24
   4.2620010e+02   3.2682140e-24
   4.2718293e+02   3.2695771e-24
   4.2816801e+02   3.2709477e-24
   4.2915537e+02   3.2723259e-24
   4.3014501e+02   3.2737117e-24
   4.3113692e+02   3.2751052e-24
   4.3213113e+02   3.2765065e-24
   4.3312763e+02   3.2779155e-24
   4.3412642e+02   3.2793325e-24
   4.3512752e+02   3.2807576e-24
   4.3613093e+02   3.2821906e-24
   4.3713665e+02   3.2836319e-24
   4.3814469e+02   3.2850815e-24
   4.3915506e+02   3.2865395e-24
   4.4016775e+02   3.2880060e-24
   4.4118278e+02   3.2894813e-24
   4.4220015e+02   3.2909653e-24
   4.4321987e+02   3.2924584e-24
   4.4424194e+02   3.2939607e-24
   4.4526636e+02   3.2954725e-24
   4.4629315e+02   3.2969940e-24
   4.4732231e+02   3.2985254e-24
   4.4835383e+02   3.3000673e-24
   4.4938774e+02   3.3016198e-24
   4.5042403e+02   3.3031835e-24
   4.5146271e+02   3.3047589e-24
   4.5250379e+02   3.3063466e-24
   4.5354727e+02   3.3079475e-24
   4.5459315e+02   3.3095623e-24
   4.5564145e+02   3.3111922e-24
   4.5669216e+02   3.3128385e-24
   4.5774529e+02   3.3145029e-24
   4.5880086e+02   3.3161874e-24
   4.5985886e+02   3.3178946e-24
   4.6091930e+02   3.3196279e-24
   4.6198218e+02   3.3213915e-24
   4.6304751e+02   3.3231912e-24
   4.6411530e+02   3.3250346e-24
   4.6518556e+02   3.3269320e-24
   4.6625828e+02   3.3288980e-24
   4.6733347e+02   3.3309533e-24
   4.6841115e+02   3.3331282e-24
   4.6949131e+02   3.3354693e-24
   4.7057396e+02   3.3380498e-24
   4.7165911e+02   3.3409914e-24
   4.7274676e+02   3.3445083e-24
   4.7383691e+02   3.3490067e-24
   4.7492958e+02   3.3553367e-24
   4.7602478e+02   3.3655333e-24
   4.7712249e+02   3.3855382e-24
   4.7822274e+02   3.4394238e-24
   4.7932553e+02   3.7195743e-24
   4.8043085e+02   4.0610408e-23
   4.8153873e+02   3.6652885e-24
   4.8264916e+02   3.4356565e-24
   4.8376216e+02   3.3913199e-24
   4.8487772e+02   3.3766814e-24
   4.8599585e+02   3.3708370e-24
   4.8711656e+02   3.3684913e-24
   4.8823985e+02   3.3678084e-24
   4.8936574e+02   3.3680169e-24
   4.9049422e+02   3.3687474e-24
   4.9162530e+02   3.3698049e-24
   4.9275899e+02   3.3710788e-24
   4.9389530e+02   3.3725027e-24
   4.9503423e+02   3.3740346e-24
   4.9617578e+02   3.3756471e-24
   4.9731996e+02   3.3773217e-24
   4.9846679e+02   3.3790454e-24
   4.9961626e+02   3.3808090e-24
   5.0076837e+02   3.3826059e-24
   5.0192315e+02   3.3844310e-24
   5.0308059e+02   3.3862806e-24
   5.0424070e+02   3.3881519e-24
   5.0540348e+02   3.3900426e-24
   5.0656894e+02   3.3919511e-24
   5.0773710e+02   3.3938759e-24
   5.0890794e+02   3.3958160e-24
   5.1008149e+02   3.3977705e-24
   5.1125774e+02   3.3997387e-24
   5.1243670e+02   3.4017201e-24
   5.1361839e+02   3.4037140e-24
   5.1480279e+02   3.4057202e-24
   5.1598993e+02   3.4077384e-24
   5.1717981e+02   3.4097682e-24
   5.1837243e+02   3.4118095e-24
   5.1956780e+02   3.4138620e-24
   5.2076593e+02   3.4159257e-24
   5.2196682e+02   3.4180004e-24
   5.2317048e+02   3.4200859e-24
   5.2437691e+02   3.4221823e-24
   5.2558613e+02   3.4242894e-24
   5.2679814e+02   3.4264072e-24
   5.2801294e+02   3.4285356e-24
   5.2923054e+02   3.4306746e-24
   5.3045095e+02   3.4328242e-24
   5.3167417e+02   3.4349843e-24
   5.3290022e+02   3.4371550e-24
   5.3412909e+02   3.4393361e-24
   5.3536079e+02   3.4415278e-24
   5.3659534e+02   3.4437300e-24
   5.3783273e+02   3.4459428e-24
   5.3907298e+02   3.4481660e-24
   5.4031609e+02   3.4503999e-24
   5.4156206e+02   3.4526442e-24
   5.4281090e+02   3.4548991e-24
   5.4406263e+02   3.4571646e-24
   5.4531724e+02   3.4594407e-24
   5.4657475e+02   3.4617274e-24
   5.4783515e+02   3.4640247e-24
   5.4909847e+02   3.4663327e-24
   5.5036469e+02   3.4686514e-24
   5.5163384e+02   3.4709808e-24
   5.5290591e+02   3.4733209e-24
   5.5418091e+02   3.4756718e-24
   5.5545886e+02   3.4780334e-24
   5.5673975e+02   3.4804059e-24
   5.5802360e+02   3.4827891e-24
   5.5931040e+02   3.4851833e-24
   5.6060018e+02   3.4875884e-24
   5.6189293e+02   3.4900043e-24
   5.6318866e+02   3.4924313e-24
   5.6448737e+02   3.4948692e-24
   5.6578909e+02   3.4973181e-24
   5.6709380e+02   3.4997781e-24
   5.6840152e+02   3.5022491e-24
   5.6971226e+02   3.5047313e-24
   5.7102602e+02   3.5072246e-24
   5.7234281e+02   3.5097291e-24
   5.7366264e+02   3.5122448e-24
   5.7498551e+02   3.5147717e-24
   5.7631143e+02   3.5173099e-24
   5.7764041e+02   3.5198594e-24
   5.7897245e+02   3.5224203e-24
   5.8030757e+02   3.5249925e-24
   5.8164576e+02   3.5275761e-24
   5.8298704e+02   3.5301712e-24
   5.8433141e+02   3.5327778e-24
   5.8567889e+02   3.5353958e-24
   5.8702947e+02   3.5380254e-24
   5.8838316e+02   3.5406666e-24
   5.8973998e+02   3.5433194e-24
   5.9109992e+02   3.5459839e-24
   5.9246300e+02   3.5486600e-24
   5.9382923e+02   3.5513479e-24
   5.9519860e+02   3.5540475e-24
   5.9657113e+02   3.5567589e-24
   5.9794683e+02   3.5594821e-24
   5.9932570e+02   3.5622172e-24
   6.0070775e+02   3.5649642e-24
   6.0209299e+02   3.5677231e-24
   6.0348142e+02   3.5704940e-24
   6.0487305e+02   3.5732769e-24
   6.0626789e+02   3.5760719e-24
   6.0766595e+02   3.5788789e-24
   6.0906723e+02   3.5816980e-24
   6.1047175e+02   3.5845293e-24
   6.1187950e+02   3.5873727e-24
   6.1329050e+02   3.5902284e-24
   6.1470475e+02   3.5930964e-24
   6.1612226e+02   3.5959766e-24
   6.1754305e+02   3.5988692e-24
   6.1896711e+02   3.6017742e-24
   6.2039445e+02   3.6046915e-24
   6.2182508e+02   3.6076213e-24
   6.2325902e+02   3.6105636e-24
   6.2469626e+02   3.6135184e-24
   6.2613681e+02   3.6164858e-24
   6.2758069e+02   3.6194657e-24
   6.2902789e+02   3.6224583e-24
   6.3047844e+02   3.6254635e-24
   6.3193232e+02   3.6284815e-24
   6.3338957e+02   3.6315122e-24
   6.3485017e+02   3.6345557e-24
   6.3631414e+02   3.6376119e-24
   6.3778148e+02   3.6406811e-24
   6.3925221e+02   3.6437631e-24
   6.4072633e+02   3.6468581e-24
   6.4220385e+02   3.6499660e-24
   6.4368478e+02   3.6530870e-24
   6.4516912e+02   3.6562210e-24
   6.4665688e+02   3.6593680e-24
   6.4814808e+02   3.6625282e-24
   6.4964271e+02   3.6657016e-24
   6.5114080e+02   3.6688881e-24
   6.5264233e+02   3.6720879e-24
   6.5414733e+02   3.6753010e-24
   6.5565580e+02   3.6785274e-24
   6.5716775e+02   3.6817671e-24
   6.5868318e+02   3.6850202e-24
   6.6020211e+02   3.6882867e-24
   6.6172454e+02   3.6915667e-24
   6.6325048e+02   3.6948602e-24
   6.6477994e+02   3.6981673e-24
   6.6631293e+02   3.7014879e-24
   6.6784945e+02   3.7048222e-24
   6.6938952e+02   3.7081701e-24
   6.7093314e+02   3.7115317e-24
   6.7248031e+02   3.7149071e-24
   6.7403106e+02   3.7182962e-24
   6.7558538e+02   3.7216992e-24
   6.7714328e+02   3.7251160e-24
   6.7870478e+02   3.7285467e-24
   6.8026988e+02   3.7319913e-24
   6.8183859e+02   3.7354500e-24
   6.8341091e+02   3.7389226e-24
   6.8498686e+02   3.7424093e-24
   6.8656645e+02   3.7459100e-24
   6.8814967e+02   3.7494249e-24
   6.8973655e+02   3.7529540e-24
   6.9132709e+02   3.7564973e-24
   6.9292130e+02   3.7600548e-24
   6.9451918e+02   3.7636267e-24
   6.9612074e+02   3.7672128e-24
   6.9772600e+02   3.7708134e-24
   6.9933497e+02   3.7744283e-24
   7.0094764e+02   3.7780577e-24
   7.0256403e+02   3.7817016e-24
   7.0418415e+02   3.7853600e-24
   7.0580800e+02   3.7890330e-24
   7.0743560e+02   3.7927206e-24
   7.0906695e+02   3.7964228e-24
   7.1070206e+02   3.8001398e-24
   7.1234095e+02   3.8038714e-24
   7.1398361e+02   3.8076179e-24
   7.1563006e+02   3.8113791e-24
   7.1728031e+02   3.8151553e-24
   7.1893437e+02   3.8189463e-24
   7.2059223e+02   3.8227522e-24
   7.2225393e+02   3.8265731e-24
   7.2391945e+02   3.8304090e-24
   7.2558881e+02   3.8342600e-24
   7.2726203e+02   3.8381261e-24
   7.2893910e+02   3.8420073e-24
   7.3062004e+02   3.8459037e-24
   7.3230485e+02   3.8498154e-24
   7.3399355e+02   3.8537423e-24
   7.3568615e+02   3.8576844e-24
   7.3738265e+02   3.8616420e-24
   7.3908306e+02   3.8656149e-24
   7.4078739e+02   3.8696032e-24
   7.4249565e+02   3.8736070e-24
   7.4420785e+02   3.8776264e-24
   7.4592400e+02   3.8816612e-24
   7.4764410e+02   3.8857117e-24
   7.4936818e+02   3.8897778e-24
   7.5109623e+02   3.8938596e-24
   7.5282826e+02   3.8979571e-24
   7.5456429e+02   3.9020703e-24
   7.5630432e+02   3.9061994e-24
   7.5804836e+02   3.9103442e-24
   7.5979643e+02   3.9145050e-24
   7.6154852e+02   3.9186817e-24
   7.6330466e+02   3.9228744e-24
   7.6506485e+02   3.9270830e-24
   7.6682909e+02   3.9313078e-24
   7.6859741e+02   3.9355486e-24
   7.7036980e+02   3.9398055e-24
   7.7214628e+02   3.9440787e-24
   7.7392685e+02   3.9483680e-24
   7.7571153e+02   3.9526736e-24
   7.7750033e+02   3.9569956e-24
   7.7929325e+02   3.9613338e-24
   7.8109031e+02   3.9656885e-24
   7.8289151e+02   3.9700596e-24
   7.8469686e+02   3.9744471e-24
   7.8650638e+02   3.9788512e-24
   7.8832007e+02   3.9832718e-24
   7.9013794e+02   3.9877091e-24
   7.9196000e+02   3.9921629e-24
   7.9378627e+02   3.9966335e-24
   7.9561675e+02   4.0011208e-24
   7.9745144e+02   4.0056249e-24
   7.9929037e+02   4.0101458e-24
   8.0113354e+02   4.0146835e-24
   8.0298096e+02   4.0192382e-24
   8.0483264e+02   4.0238098e-24
   8.0668859e+02   4.0283984e-24
   8.0854882e+02   4.0330040e-24
   8.1041334e+02   4.0376267e-24
   8.1228216e+02   4.0422665e-24
   8.1415529e+02   4.0469235e-24
   8.1603274e+02   4.0515977e-24
   8.1791452e+02   4.0562891e-24
   8.1980064e+02   4.0609978e-24
   8.2169110e+02   4.0657239e-24
   8.2358593e+02   4.0704673e-24
   8.2548512e+02   4.0752282e-24
   8.2738870e+02   4.0800065e-24
   8.2929666e+02   4.0848024e-24
   8.3120903e+02   4.0896158e-24
   8.3312580e+02   4.0944468e-24
   8.3504700e+02   4.0992954e-24
   8.3697262e+02   4.1041618e-24
   8.3890269e+02   4.1090458e-24
   8.4083720e+02   4.1139477e-24
   8.4277618e+02   4.1188673e-24
   8.4471963e+02   4.1238049e-24
   8.4666756e+02   4.1287603e-24
   8.4861998e+02   4.1337337e-24
   8.5057690e+02   4.1387251e-24
   8.5253834e+02   4.1437345e-24
   8.5450430e+02   4.1487620e-24
   8.5647479e+02   4.1538077e-24
   8.5844983e+02   4.1588715e-24
   8.6042942e+02   4.1639536e-24
   8.6241358e+02   4.1690539e-24
   8.6440231e+02   4.1741725e-24
   8.6639563e+02   4.1793095e-24
   8.6839354e+02   4.1844649e-24
   8.7039607e+02   4.1896387e-24
   8.7240321e+02   4.1948311e-24
   8.7441498e+02   4.2000420e-24
   8.7643138e+02   4.2052714e-24
   8.7845244e+02   4.2105195e-24
   8.8047816e+02   4.2157863e-24
   8.8250855e+02   4.2210718e-24
   8.8454362e+02   4.2263761e-24
   8.8658338e+02   4.2316992e-24
   8.8862785e+02   4.2370412e-24
   8.9067703e+02   4.2424021e-24
   8.9273094e+02   4.2477820e-24
   8.9478959e+02   4.2531808e-24
   8.9685298e+02   4.2585988e-24
   8.9892113e+02   4.2640358e-24
   9.0099405e+02   4.2694920e-24
   9.0307175e+02   4.2749675e-24
   9.0515424e+02   4.2804622e-24
   9.0724153e+02   4.2859762e-24
   9.0933364e+02   4.2915097e-24
   9.1143057e+02   4.2970625e-24
   9.1353233e+02   4.3026349e-24
   9.1563894e+02   4.3082269e-24
   9.1775041e+02   4.3138385e-24
   9.1986675e+02   4.3194698e-24
   9.2198797e+02   4.3251210e-24
   9.2411408e+02   4.3307921e-24
   9.2624510e+02   4.3364832e-24
   9.2838103e+02   4.3421946e-24
   9.3052188e+02   4.3479263e-24
   9.3266767e+02   4.3536787e-24
   9.3481841e+02   4.3594520e-24
   9.3697411e+02   4.3652468e-24
   9.3913478e+02   4.3710637e-24
   9.4130043e+02   4.3769037e-24
   9.4347108e+02   4.3827687e-24
   9.4564673e+02   4.3886616e-24
   9.4782740e+02   4.3945882e-24
   9.5001309e+02   4.4005607e-24
   9.5220383e+02   4.4066083e-24
   9.5439962e+02   4.4128188e-24
   9.5660047e+02   4.4195647e-24
   9.5880640e+02   4.4302825e-24
   9.6101742e+02   4.8096164e-24
   9.6323353e+02   4.4400516e-24
   9.6545475e+02   4.4433213e-24
   9.6768110e+02   4.4488221e-24
   9.6991258e+02   4.4547074e-24
   9.7214920e+02   4.4607230e-24
   9.7439099e+02   4.4668032e-24
   9.7663794e+02   4.4729252e-24
   9.7889008e+02   4.4790793e-24
   9.8114740e+02   4.4852609e-24
   9.8340994e+02   4.4914674e-24
   9.8567769e+02   4.4976975e-24
   9.8795067e+02   4.5039505e-24
   9.9022889e+02   4.5102257e-24
   9.9251237e+02   4.5165230e-24
   9.9480111e+02   4.5228422e-24
   9.9709513e+02   4.5291830e-24
   9.9939443e+02   4.5355455e-24
   1.0016990e+03   4.5419295e-24
   1.0040090e+03   4.5483352e-24
   1.0063242e+03   4.5547624e-24
   1.0086448e+03   4.5612112e-24
   1.0109708e+03   4.5676817e-24
   1.0133021e+03   4.5741737e-24
   1.0156387e+03   4.5806875e-24
   1.0179808e+03   4.5872229e-24
   1.0203283e+03   4.5937801e-24
   1.0226812e+03   4.6003590e-24
   1.0250395e+03   4.6069598e-24
   1.0274032e+03   4.6135824e-24
   1.0297724e+03   4.6202270e-24
   1.0321471e+03   4.6268935e-24
   1.0345272e+03   4.6335819e-24
   1.0369129e+03   4.6402925e-24
   1.0393040e+03   4.6470251e-24
   1.0417006e+03   4.6537798e-24
   1.0441028e+03   4.6605568e-24
   1.0465105e+03   4.6673559e-24
   1.0489238e+03   4.6741774e-24
   1.0513426e+03   4.6810212e-24
   1.0537670e+03   4.6878873e-24
   1.0561970e+03   4.6947759e-24
   1.0586326e+03   4.7016869e-24
   1.0610738e+03   4.7086205e-24
   1.0635207e+03   4.7155766e-24
   1.0659731e+03   4.7225554e-24
   1.0684313e+03   4.7295568e-24
   1.0708951e+03   4.7365810e-24
   1.0733646e+03   4.7436279e-24
   1.0758398e+03   4.7506977e-24
   1.0783207e+03   4.7577903e-24
   1.0808073e+03   4.7649059e-24
   1.0832996e+03   4.7720444e-24
   1.0857977e+03   4.7792059e-24
   1.0883016e+03   4.7863906e-24
   1.0908112e+03   4.7935983e-24
   1.0933266e+03   4.8008292e-24
   1.0958479e+03   4.8080834e-24
   1.0983749e+03   4.8153608e-24
   1.1009078e+03   4.8226616e-24
   1.1034465e+03   4.8299857e-24
   1.1059910e+03   4.8373333e-24
   1.1085414e+03   4.8447043e-24
   1.1110977e+03   4.8520989e-24
   1.1136599e+03   4.8595171e-24
   1.1162281e+03   4.8669589e-24
   1.1188021e+03   4.8744244e-24
   1.1213820e+03   4.8819136e-24
   1.1239680e+03   4.8894267e-24
   1.1265598e+03   4.8969636e-24
   1.1291577e+03   4.9045243e-24
   1.1317615e+03   4.9121091e-24
   1.1343714e+03   4.9197178e-24
   1.1369873e+03   4.9273505e-24
   1.1396092e+03   4.9350074e-24
   1.1422371e+03   4.9426885e-24
   1.1448711e+03   4.9503937e-24
   1.1475112e+03   4.9581232e-24
   1.1501574e+03   4.9658771e-24
   1.1528096e+03   4.9736553e-24
   1.1554680e+03   4.9814579e-24
   1.1581325e+03   4.9892850e-24
   1.1608032e+03   4.9971366e-24
   1.1634800e+03   5.0050128e-24
   1.1661630e+03   5.0129136e-24
   1.1688522e+03   5.0208391e-24
   1.1715476e+03   5.0287894e-24
   1.1742492e+03   5.0367644e-24
   1.1769570e+03   5.0447643e-24
   1.1796711e+03   5.0527891e-24
   1.1823914e+03   5.0608389e-24
   1.1851180e+03   5.0689137e-24
   1.1878509e+03   5.0770135e-24
   1.1905901e+03   5.0851384e-24
   1.1933356e+03   5.0932885e-24
   1.1960875e+03   5.1014639e-24
   1.1988456e+03   5.1096645e-24
   1.2016102e+03   5.1178904e-24
   1.2043811e+03   5.1261418e-24
   1.2071584e+03   5.1344185e-24
   1.2099421e+03   5.1427208e-24
   1.2127323e+03   5.1510486e-24
   1.2155288e+03   5.1594020e-24
   1.2183319e+03   5.1677811e-24
   1.2211413e+03   5.1761859e-24
   1.2239573e+03   5.1846165e-24
   1.2267798e+03   5.1930729e-24
   1.2296087e+03   5.2015552e-24
   1.2324442e+03   5.2100634e-24
   1.2352862e+03   5.2185976e-24
   1.2381348e+03   5.2271578e-24
   1.2409900e+03   5.2357442e-24
   1.2438517e+03   5.2443567e-24
   1.2467200e+03   5.2529954e-24
   1.2495950e+03   5.2616604e-24
   1.2524766e+03   5.2703517e-24
   1.2553648e+03   5.2790694e-24
   1.2582597e+03   5.2878135e-24
   1.2611612e+03   5.2965842e-24
   1.2640695e+03   5.3053813e-24
   1.2669844e+03   5.3142051e-24
   1.2699061e+03   5.3230556e-24
   1.2728345e+03   5.3319327e-24
   1.2757697e+03   5.3408367e-24
   1.2787116e+03   5.3497674e-24
   1.2816603e+03   5.3587251e-24
   1.2846158e+03   5.3677097e-24
   1.2875782e+03   5.3767213e-24
   1.2905473e+03   5.3857600e-24
   1.2935233e+03   5.3948258e-24
   1.2965062e+03   5.4039187e-24
   1.2994960e+03   5.4130389e-24
   1.3024926e+03   5.4221864e-24
   1.3054962e+03   5.4313613e-24
   1.3085067e+03   5.4405635e-24
   1.3115241e+03   5.4497932e-24
   1.3145485e+03   5.4590504e-24
   1.3175798e+03   5.4683353e-24
   1.3206182e+03   5.4776477e-24
   1.3236635e+03   5.4869878e-24
   1.3267159e+03   5.4963558e-24
   1.3297753e+03   5.5057515e-24
   1.3328418e+03   5.5151751e-24
   1.3359154e+03   5.5246266e-24
   1.3389960e+03   5.5341061e-24
   1.3420837e+03   5.5436137e-24
   1.3451786e+03   5.5531493e-24
   1.3482806e+03   5.5627132e-24
   1.3513897e+03   5.5723052e-24
   1.3545060e+03   5.5819256e-24
   1.3576295e+03   5.5915743e-24
   1.3607602e+03   5.6012514e-24
   1.3638982e+03   5.6109570e-24
   1.3670433e+03   5.6206911e-24
   1.3701957e+03   5.6304538e-24
   1.3733554e+03   5.6402452e-24
   1.3765224e+03   5.6500652e-24
   1.3796966e+03   5.6599141e-24
   1.3828782e+03   5.6697918e-24
   1.3860672e+03   5.6796984e-24
   1.3892634e+03   5.6896339e-24
   1.3924671e+03   5.6995985e-24
   1.3956781e+03   5.7095923e-24
   1.3988966e+03   5.7196152e-24
   1.4021224e+03   5.7296673e-24
   1.4053558e+03   5.7397489e-24
   1.4085965e+03   5.7498599e-24
   1.4118448e+03   5.7600005e-24
   1.4151005e+03   5.7701708e-24
   1.4183637e+03   5.7803713e-24
   1.4216345e+03   5.7906022e-24
   1.4249128e+03   5.8008646e-24
   1.4281986e+03   5.8111606e-24
   1.4314921e+03   5.8214963e-24
   1.4347931e+03   5.8318973e-24
   1.4381017e+03   5.8425906e-24
   1.4414180e+03   5.9099849e-24
   1.4447419e+03   5.8633164e-24
   1.4480735e+03   5.8735669e-24
   1.4514128e+03   5.8840208e-24
   1.4547598e+03   5.8945325e-24
   1.4581144e+03   5.9050828e-24
   1.4614769e+03   5.9156666e-24
   1.4648470e+03   5.9262823e-24
   1.4682250e+03   5.9369293e-24
   1.4716107e+03   5.9476072e-24
   1.4750043e+03   5.9583161e-24
   1.4784056e+03   5.9690557e-24
   1.4818149e+03   5.9798262e-24
   1.4852319e+03   5.9906275e-24
   1.4886569e+03   6.0014597e-24
   1.4920897e+03   6.0123229e-24
   1.4955305e+03   6.0232170e-24
   1.4989792e+03   6.0341421e-24
   1.5024359e+03   6.0450984e-24
   1.5059005e+03   6.0560858e-24
   1.5093731e+03   6.0671044e-24
   1.5128538e+03   6.0781543e-24
   1.5163424e+03   6.0892355e-24
   1.5198391e+03   6.1003482e-24
   1.5233439e+03   6.1114923e-24
   1.5268567e+03   6.1226679e-24
   1.5303776e+03   6.1338752e-24
   1.5339067e+03   6.1451141e-24
   1.5374439e+03   6.1563847e-24
   1.5409893e+03   6.1676872e-24
   1.5445428e+03   6.1790215e-24
   1.5481045e+03   6.1903877e-24
   1.5516745e+03   6.2017859e-24
   1.5552526e+03   6.2132162e-24
   1.5588391e+03   6.2246786e-24
   1.5624338e+03   6.2361732e-24
   1.5660367e+03   6.2477001e-24
   1.5696480e+03   6.2592592e-24
   1.5732677e+03   6.2708508e-24
   1.5768956e+03   6.2824749e-24
   1.5805320e+03   6.2941314e-24
   1.5841767e+03   6.3058206e-24
   1.5878298e+03   6.3175424e-24
   1.5914913e+03   6.3292970e-24
   1.5951613e+03   6.3410843e-24
   1.5988398e+03   6.3529046e-24
   1.6025267e+03   6.3647577e-24
   1.6062222e+03   6.3766439e-24
   1.6099261e+03   6.3885632e-24
   1.6136386e+03   6.4005155e-24
   1.6173597e+03   6.4125011e-24
   1.6210893e+03   6.4245200e-24
   1.6248276e+03   6.4365723e-24
   1.6285744e+03   6.4486579e-24
   1.6323300e+03   6.4607770e-24
   1.6360941e+03   6.4729297e-24
   1.6398670e+03   6.4851161e-24
   1.6436485e+03   6.4973361e-24
   1.6474388e+03   6.5095899e-24
   1.6512378e+03   6.5218775e-24
   1.6550456e+03   6.5341991e-24
   1.6588621e+03   6.5465546e-24
   1.6626874e+03   6.5589441e-24
   1.6665216e+03   6.5713678e-24
   1.6703646e+03   6.5838257e-24
   1.6742165e+03   6.5963179e-24
   1.6780773e+03   6.6088443e-24
   1.6819469e+03   6.6214052e-24
   1.6858255e+03   6.6340006e-24
   1.6897130e+03   6.6466305e-24
   1.6936095e+03   6.6592950e-24
   1.6975150e+03   6.6719943e-24
   1.7014295e+03   6.6847283e-24
   1.7053530e+03   6.6974971e-24
   1.7092855e+03   6.7103008e-24
   1.7132272e+03   6.7231396e-24
   1.7171779e+03   6.7360134e-24
   1.7211377e+03   6.7489223e-24
   1.7251067e+03   6.7618664e-24
   1.7290848e+03   6.7748458e-24
   1.7330721e+03   6.7878605e-24
   1.7370685e+03   6.8009107e-24
   1.7410742e+03   6.8139964e-24
   1.7450892e+03   6.8271176e-24
   1.7491133e+03   6.8402745e-24
   1.7531468e+03   6.8534671e-24
   1.7571896e+03   6.8666955e-24
   1.7612417e+03   6.8799597e-24
   1.7653031e+03   6.8932599e-24
   1.7693739e+03   6.9065961e-24
   1.7734541e+03   6.9199685e-24
   1.7775437e+03   6.9333769e-24
   1.7816427e+03   6.9468217e-24
   1.7857512e+03   6.9603027e-24
   1.7898692e+03   6.9738202e-24
   1.7939966e+03   6.9873741e-24
   1.7981336e+03   7.0009645e-24
   1.8022801e+03   7.0145916e-24
   1.8064362e+03   7.0282554e-24
   1.8106018e+03   7.0419560e-24
   1.8147771e+03   7.0556934e-24
   1.8189620e+03   7.0694678e-24
   1.8231565e+03   7.0832791e-24
   1.8273607e+03   7.0971276e-24
   1.8315746e+03   7.1110132e-24
   1.8357983e+03   7.1249360e-24
   1.8400316e+03   7.1388962e-24
   1.8442748e+03   7.1528938e-24
   1.8485277e+03   7.1669288e-24
   1.8527904e+03   7.1810014e-24
   1.8570629e+03   7.1951117e-24
   1.8613453e+03   7.2092596e-24
   1.8656376e+03   7.2234454e-24
   1.8699398e+03   7.2376690e-24
   1.8742519e+03   7.2519306e-24
   1.8785739e+03   7.2662302e-24
   1.8829059e+03   7.2805680e-24
   1.8872479e+03   7.2949441e-24
   1.8915999e+03   7.3093584e-24
   1.8959620e+03   7.3238113e-24
   1.9003341e+03   7.3383029e-24
   1.9047163e+03   7.3528337e-24
   1.9091086e+03   7.3674047e-24
   1.9135110e+03   7.3820208e-24
   1.9179235e+03   7.3967292e-24
   1.9223463e+03   7.4129489e-24
   1.9267792e+03   7.4260945e-24
   1.9312224e+03   7.4408301e-24
   1.9356758e+03   7.4556255e-24
   1.9401395e+03   7.4704637e-24
   1.9446135e+03   7.4853423e-24
   1.9490978e+03   7.5002606e-24
   1.9535924e+03   7.5152186e-24
   1.9580974e+03   7.5302161e-24
   1.9626128e+03   7.5452533e-24
   1.9671386e+03   7.5603302e-24
   1.9716748e+03   7.5754469e-24
   1.9762215e+03   7.5906034e-24
   1.9807787e+03   7.6057998e-24
   1.9853464e+03   7.6210362e-24
   1.9899246e+03   7.6363127e-24
   1.9945134e+03   7.6516293e-24
   1.9991128e+03   7.6669862e-24
   2.0037227e+03   7.6823835e-24
   2.0083433e+03   7.6978211e-24
   2.0129746e+03   7.7132992e-24
   2.0176165e+03   7.7288179e-24
   2.0222692e+03   7.7443773e-24
   2.0269325e+03   7.7599774e-24
   2.0316067e+03   7.7756183e-24
   2.0362916e+03   7.7913002e-24
   2.0409873e+03   7.8070231e-24
   2.0456938e+03   7.8227870e-24
   2.0504112e+03   7.8385922e-24
   2.0551394e+03   7.8544386e-24
   2.0598786e+03   7.8703263e-24
   2.0646287e+03   7.8862556e-24
   2.0693898e+03   7.9022263e-24
   2.0741618e+03   7.9182386e-24
   2.0789448e+03   7.9342927e-24
   2.0837389e+03   7.9503885e-24
   2.0885440e+03   7.9665262e-24
   2.0933602e+03   7.9827059e-24
   2.0981875e+03   7.9989277e-24
   2.1030259e+03   8.0151916e-24
   2.1078755e+03   8.0314977e-24
   2.1127363e+03   8.0478461e-24
   2.1176083e+03   8.0642370e-24
   2.1224915e+03   8.0806703e-24
   2.1273860e+03   8.0971463e-24
   2.1322918e+03   8.1136649e-24
   2.1372088e+03   8.1302263e-24
   2.1421373e+03   8.1468305e-24
   2.1470771e+03   8.1634777e-24
   2.1520282e+03   8.1801680e-24
   2.1569908e+03   8.1969014e-24
   2.1619649e+03   8.2136780e-24
   2.1669504e+03   8.2304979e-24
   2.1719474e+03   8.2473612e-24
   2.1769559e+03   8.2642681e-24
   2.1819760e+03   8.2812185e-24
   2.1870076e+03   8.2982126e-24
   2.1920509e+03   8.3152505e-24
   2.1971058e+03   8.3323322e-24
   2.2021723e+03   8.3494579e-24
   2.2072505e+03   8.3666277e-24
   2.2123405e+03   8.3838416e-24
   2.2174421e+03   8.4010998e-24
   2.2225556e+03   8.4184023e-24
   2.2276808e+03   8.4357492e-24
   2.2328179e+03   8.4531407e-24
   2.2379668e+03   8.4705768e-24
   2.2431275e+03   8.4880575e-24
   2.2483002e+03   8.5055831e-24
   2.2534848e+03   8.5231536e-24
   2.2586814e+03   8.5407691e-24
   2.2638899e+03   8.5584297e-24
   2.2691104e+03   8.5761355e-24
   2.2743430e+03   8.5938866e-24
   2.2795877e+03   8.6116830e-24
   2.2848444e+03   8.6295250e-24
   2.2901133e+03   8.6474125e-24
   2.2953943e+03   8.6653457e-24
   2.3006875e+03   8.6833246e-24
   2.3059929e+03   8.7013494e-24
   2.3113105e+03   8.7194202e-24
   2.3166404e+03   8.7375371e-24
   2.3219826e+03   8.7557001e-24
   2.3273371e+03   8.7739094e-24
   2.3327040e+03   8.7921650e-24
   2.3380832e+03   8.8104671e-24
   2.3434749e+03   8.8288158e-24
   2.3488789e+03   8.8472111e-24
   2.3542955e+03   8.8656532e-24
   2.3597245e+03   8.8841421e-24
   2.3651660e+03   8.9026780e-24
   2.3706201e+03   8.9212610e-24
   2.3760868e+03   8.9398913e-24
   2.3815661e+03   8.9585690e-24
   2.3870580e+03   8.9772944e-24
   2.3925626e+03   8.9960692e-24
   2.3980798e+03   9.0149098e-24
   2.4036098e+03   9.0338843e-24
   2.4091526e+03   9.0526740e-24
   2.4147081e+03   9.0716322e-24
   2.4202764e+03   9.0906420e-24
   2.4258576e+03   9.1097005e-24
   2.4314516e+03   9.1288075e-24
   2.4370586e+03   9.1479628e-24
   2.4426785e+03   9.1671666e-24
   2.4483113e+03   9.1864189e-24
   2.4539571e+03   9.2057197e-24
   2.4596160e+03   9.2250693e-24
   2.4652879e+03   9.2444677e-24
   2.4709728e+03   9.2639149e-24
   2.4766709e+03   9.2834112e-24
   2.4823821e+03   9.3029566e-24
   2.4881065e+03   9.3225512e-24
   2.4938441e+03   9.3421951e-24
   2.4995949e+03   9.3618885e-24
   2.5053590e+03   9.3816314e-24
   2.5111364e+03   9.4014239e-24
   2.5169271e+03   9.4212661e-24
   2.5227312e+03   9.4411583e-24
   2.5285486e+03   9.4611003e-24
   2.5343794e+03   9.4810925e-24
   2.5402237e+03   9.5011348e-24
   2.5460815e+03   9.5212274e-24
   2.5519528e+03   9.5413703e-24
   2.5578376e+03   9.5615638e-24
   2.5637360e+03   9.5818079e-24
   2.5696480e+03   9.6021027e-24
   2.5755736e+03   9.6224483e-24
   2.5815129e+03   9.6428448e-24
   2.5874659e+03   9.6632924e-24
   2.5934326e+03   9.6837911e-24
   2.5994131e+03   9.7043411e-24
   2.6054074e+03   9.7249425e-24
   2.6114155e+03   9.7455954e-24
   2.6174374e+03   9.7662998e-24
   2.6234732e+03   9.7870560e-24
   2.6295230e+03   9.8078639e-24
   2.6355867e+03   9.8287238e-24
   2.6416644e+03   9.8496357e-24
   2.6477561e+03   9.8705998e-24
   2.6538618e+03   9.8916162e-24
   2.6599816e+03   9.9126849e-24
   2.6661156e+03   9.9338061e-24
   2.6722637e+03   9.9549799e-24
   2.6784259e+03   9.9762065e-24
   2.6846024e+03   9.9974858e-24
   2.6907931e+03   1.0018818e-23
   2.6969981e+03   1.0040204e-23
   2.7032174e+03   1.0061642e-23
   2.7094510e+03   1.0083134e-23
   2.7156991e+03   1.0104679e-23
   2.7219615e+03   1.0126278e-23
   2.7282383e+03   1.0147930e-23
   2.7345297e+03   1.0169636e-23
   2.7408355e+03   1.0191396e-23
   2.7471559e+03   1.0213210e-23
   2.7534909e+03   1.0235078e-23
   2.7598405e+03   1.0257001e-23
   2.7662047e+03   1.0278977e-23
   2.7725836e+03   1.0301009e-23
   2.7789772e+03   1.0323094e-23
   2.7853855e+03   1.0345235e-23
   2.7918086e+03   1.0367430e-23
   2.7982465e+03   1.0389680e-23
   2.8046993e+03   1.0411985e-23
   2.8111670e+03   1.0434345e-23
   2.8176496e+03   1.0456761e-23
   2.8241471e+03   1.0479232e-23
   2.8306596e+03   1.0501758e-23
   2.8371871e+03   1.0524341e-23
   2.8437297e+03   1.0546979e-23
   2.8502873e+03   1.0569672e-23
   2.8568601e+03   1.0592422e-23
   2.8634481e+03   1.0615228e-23
   2.8700512e+03   1.0638091e-23
   2.8766696e+03   1.0661014e-23
   2.8833032e+03   1.0684152e-23
   2.8899521e+03   1.0707018e-23
   2.8966164e+03   1.0730105e-23
   2.9032960e+03   1.0753250e-23
   2.9099910e+03   1.0776452e-23
   2.9167015e+03   1.0799711e-23
   2.9234274e+03   1.0823028e-23
   2.9301688e+03   1.0846402e-23
   2.9369258e+03   1.0869833e-23
   2.9436984e+03   1.0893322e-23
   2.9504866e+03   1.0916869e-23
   2.9572904e+03   1.0940474e-23
   2.9641100e+03   1.0964136e-23
   2.9709452e+03   1.0987857e-23
   2.9777963e+03   1.1011636e-23
   2.9846631e+03   1.1035474e-23
   2.9915457e+03   1.1059370e-23
   2.9984443e+03   1.1083324e-23
   3.0053587e+03   1.1107338e-23
   3.0122891e+03   1.1131410e-23
   3.0192354e+03   1.1155541e-23
   3.0261978e+03   1.1179731e-23
   3.0331763e+03   1.1203981e-23
   3.0401708e+03   1.1228290e-23
   3.0471814e+03   1.1252658e-23
   3.0542083e+03   1.1277087e-23
   3.0612513e+03   1.1301575e-23
   3.0683106e+03   1.1326122e-23
   3.0753861e+03   1.1350730e-23
   3.0824780e+03   1.1375398e-23
   3.0895862e+03   1.1400127e-23
   3.0967108e+03   1.1424916e-23
   3.1038518e+03   1.1449765e-23
   3.1110093e+03   1.1474675e-23
   3.1181833e+03   1.1499646e-23
   3.1253739e+03   1.1524678e-23
   3.1325810e+03   1.1549771e-23
   3.1398048e+03   1.1574926e-23
   3.1470452e+03   1.1600141e-23
   3.1543023e+03   1.1625419e-23
   3.1615762e+03   1.1650757e-23
   3.1688668e+03   1.1676158e-23
   3.1761742e+03   1.1701621e-23
   3.1834985e+03   1.1727145e-23
   3.1908397e+03   1.1752732e-23
   3.1981978e+03   1.1778381e-23
   3.2055728e+03   1.1804093e-23
   3.2129649e+03   1.1829867e-23
   3.2203740e+03   1.1855704e-23
   3.2278002e+03   1.1881603e-23
   3.2352436e+03   1.1907566e-23
   3.2427041e+03   1.1933592e-23
   3.2501818e+03   1.1959681e-23
   3.2576767e+03   1.1985834e-23
   3.2651889e+03   1.2012050e-23
   3.2727185e+03   1.2038330e-23
   3.2802654e+03   1.2064674e-23
   3.2878297e+03   1.2091082e-23
   3.2954115e+03   1.2117553e-23
   3.3030107e+03   1.2144090e-23
   3.3106275e+03   1.2170690e-23
   3.3182618e+03   1.2197355e-23
   3.3259138e+03   1.2224085e-23
   3.3335833e+03   1.2250880e-23
   3.3412706e+03   1.2277739e-23
   3.3489756e+03   1.2304664e-23
   3.3566984e+03   1.2331656e-23
   3.3644389e+03   1.2358736e-23
   3.3721974e+03   1.2385831e-23
   3.3799737e+03   1.2413017e-23
   3.3877679e+03   1.2440269e-23
   3.3955801e+03   1.2467588e-23
   3.4034104e+03   1.2494972e-23
   3.4112587e+03   1.2522423e-23
   3.4191251e+03   1.2549941e-23
   3.4270096e+03   1.2577524e-23
   3.4349123e+03   1.2605175e-23
   3.4428332e+03   1.2632892e-23
   3.4507724e+03   1.2660677e-23
   3.4587299e+03   1.2688529e-23
   3.4667058e+03   1.2716447e-23
   3.4747000e+03   1.2744434e-23
   3.4827127e+03   1.2772488e-23
   3.4907439e+03   1.2800610e-23
   3.4987936e+03   1.2828799e-23
   3.5068618e+03   1.2857057e-23
   3.5149487e+03   1.2885383e-23
   3.5230542e+03   1.2913777e-23
   3.5311784e+03   1.2942240e-23
   3.5393213e+03   1.2970771e-23
   3.5474830e+03   1.2999371e-23
   3.5556635e+03   1.3028041e-23
   3.5638629e+03   1.3056779e-23
   3.5720812e+03   1.3085587e-23
   3.5803184e+03   1.3114463e-23
   3.5885747e+03   1.3143410e-23
   3.5968500e+03   1.3172426e-23
   3.6051443e+03   1.3201513e-23
   3.6134578e+03   1.3230669e-23
   3.6217905e+03   1.3259895e-23
   3.6301424e+03   1.3289192e-23
   3.6385135e+03   1.3318559e-23
   3.6469039e+03   1.3347997e-23
   3.6553137e+03   1.3377506e-23
   3.6637429e+03   1.3407085e-23
   3.6721915e+03   1.3436736e-23
   3.6806596e+03   1.3466458e-23
   3.6891472e+03   1.3496252e-23
   3.6976544e+03   1.3526117e-23
   3.7061813e+03   1.3556054e-23
   3.7147277e+03   1.3586063e-23
   3.7232939e+03   1.3616144e-23
   3.7318799e+03   1.3646297e-23
   3.7404856e+03   1.3676522e-23
   3.7491112e+03   1.3706821e-23
   3.7577567e+03   1.3737191e-23
   3.7664221e+03   1.3767635e-23
   3.7751075e+03   1.3798152e-23
   3.7838129e+03   1.3828742e-23
   3.7925384e+03   1.3859405e-23
   3.8012841e+03   1.3890142e-23
   3.8100498e+03   1.3920953e-23
   3.8188359e+03   1.3951837e-23
   3.8276421e+03   1.3982796e-23
   3.8364687e+03   1.4013829e-23
   3.8453156e+03   1.4044944e-23
   3.8541829e+03   1.4076117e-23
   3.8630707e+03   1.4107373e-23
   3.8719790e+03   1.4138704e-23
   3.8809078e+03   1.4170110e-23
   3.8898572e+03   1.4201592e-23
   3.8988272e+03   1.4233148e-23
   3.9078180e+03   1.4264780e-23
   3.9168294e+03   1.4296488e-23
   3.9258617e+03   1.4328272e-23
   3.9349147e+03   1.4360132e-23
   3.9439887e+03   1.4392068e-23
   3.9530835e+03   1.4424080e-23
   3.9621994e+03   1.4456169e-23
   3.9713362e+03   1.4488334e-23
   3.9804942e+03   1.4520577e-23
   3.9896732e+03   1.4552896e-23
   3.9988734e+03   1.4585293e-23
   4.0080949e+03   1.4617767e-23
   4.0173376e+03   1.4650319e-23
   4.0266016e+03   1.4682948e-23
   4.0358870e+03   1.4715655e-23
   4.0451937e+03   1.4748441e-23
   4.0545220e+03   1.4781304e-23
   4.0638718e+03   1.4814246e-23
   4.0732431e+03   1.4847267e-23
   4.0826360e+03   1.4880366e-23
   4.0920506e+03   1.4913545e-23
   4.1014869e+03   1.4946802e-23
   4.1109450e+03   1.4980139e-23
   4.1204248e+03   1.5013556e-23
   4.1299266e+03   1.5047052e-23
   4.1394502e+03   1.5080627e-23
   4.1489958e+03   1.5114283e-23
   4.1585634e+03   1.5148019e-23
   4.1681531e+03   1.5181836e-23
   4.1777649e+03   1.5215733e-23
   4.1873988e+03   1.5249711e-23
   4.1970550e+03   1.5283769e-23
   4.2067335e+03   1.5317909e-23
   4.2164342e+03   1.5352130e-23
   4.2261574e+03   1.5386433e-23
   4.2359029e+03   1.5420817e-23
   4.2456709e+03   1.5455283e-23
   4.2554615e+03   1.5489831e-23
   4.2652746e+03   1.5524461e-23
   4.2751104e+03   1.5559174e-23
   4.2849688e+03   1.5593969e-23
   4.2948500e+03   1.5628847e-23
   4.3047539e+03   1.5663808e-23
   4.3146807e+03   1.5698852e-23
   4.3246304e+03   1.5733999e-23
   4.3346030e+03   1.5769190e-23
   4.3445987e+03   1.5804484e-23
   4.3546173e+03   1.5839863e-23
   4.3646591e+03   1.5875325e-23
   4.3747241e+03   1.5910871e-23
   4.3848122e+03   1.5946503e-23
   4.3949236e+03   1.5982218e-23
   4.4050583e+03   1.6018019e-23
   4.4152164e+03   1.6053904e-23
   4.4253980e+03   1.6089875e-23
   4.4356030e+03   1.6125931e-23
   4.4458315e+03   1.6162072e-23
   4.4560836e+03   1.6198300e-23
   4.4663594e+03   1.6234613e-23
   4.4766588e+03   1.6271013e-23
   4.4869821e+03   1.6307499e-23
   4.4973291e+03   1.6344071e-23
   4.5076999e+03   1.6380730e-23
   4.5180947e+03   1.6417476e-23
   4.5285135e+03   1.6454309e-23
   4.5389563e+03   1.6491230e-23
   4.5494231e+03   1.6528238e-23
   4.5599142e+03   1.6565333e-23
   4.5704294e+03   1.6602517e-23
   4.5809688e+03   1.6639789e-23
   4.5915325e+03   1.6677149e-23
   4.6021207e+03   1.6714597e-23
   4.6127332e+03   1.6752134e-23
   4.6233702e+03   1.6789761e-23
   4.6340317e+03   1.6827476e-23
   4.6447178e+03   1.6865280e-23
   4.6554286e+03   1.6903174e-23
   4.6661640e+03   1.6941158e-23
   4.6769242e+03   1.6979232e-23
   4.6877093e+03   1.7017395e-23
   4.6985192e+03   1.7055649e-23
   4.7093540e+03   1.7093994e-23
   4.7202138e+03   1.7132429e-23
   4.7310986e+03   1.7170955e-23
   4.7420086e+03   1.7209572e-23
   4.7529437e+03   1.7248282e-23
   4.7639040e+03   1.7287081e-23
   4.7748896e+03   1.7325973e-23
   4.7859005e+03   1.7364957e-23
   4.7969369e+03   1.7404033e-23
   4.8079986e+03   1.7443202e-23
   4.8190859e+03   1.7482462e-23
   4.8301988e+03   1.7521816e-23
   4.8413372e+03   1.7561262e-23
   4.8525014e+03   1.7600802e-23
   4.8636913e+03   1.7640435e-23
   4.8749070e+03   1.7680162e-23
   4.8861486e+03   1.7719983e-23
   4.8974161e+03   1.7759898e-23
   4.9087096e+03   1.7799907e-23
   4.9200291e+03   1.7840010e-23
   4.9313747e+03   1.7880208e-23
   4.9427465e+03   1.7920501e-23
   4.9541445e+03   1.7960889e-23
   4.9655688e+03   1.8001373e-23
   4.9770194e+03   1.8041952e-23
   4.9884965e+03   1.8082626e-23
   5.0000000e+03   1.8123397e-23
