   5.0000000e+00   1.6472673e-20
   5.0115300e+00   1.6054891e-20
   5.0230867e+00   1.5649412e-20
   5.0346699e+00   1.5256176e-20
   5.0462799e+00   1.4875267e-20
   5.0579167e+00   1.4506523e-20
   5.0695803e+00   1.4144809e-20
   5.0812708e+00   1.3764257e-20
   5.0929882e+00   1.3376772e-20
   5.1047327e+00   1.3037288e-20
   5.1165042e+00   1.2718055e-20
   5.1283029e+00   1.2406313e-20
   5.1401288e+00   1.2101534e-20
   5.1519820e+00   1.1803975e-20
   5.1638625e+00   1.1513769e-20
   5.1757704e+00   1.1230924e-20
   5.1877058e+00   1.0955367e-20
   5.1996687e+00   1.0686973e-20
   5.2116592e+00   1.0425595e-20
   5.2236773e+00   1.0171067e-20
   5.2357231e+00   9.9232213e-21
   5.2477968e+00   9.6818855e-21
   5.2598982e+00   9.4468874e-21
   5.2720276e+00   9.2180565e-21
   5.2841849e+00   8.9952247e-21
   5.2963703e+00   8.7782278e-21
   5.3085838e+00   8.5669049e-21
   5.3208254e+00   8.3610992e-21
   5.3330953e+00   8.1606580e-21
   5.3453934e+00   7.9654324e-21
   5.3577199e+00   7.7752781e-21
   5.3700749e+00   7.5900543e-21
   5.3824583e+00   7.4096247e-21
   5.3948703e+00   7.2338567e-21
   5.4073109e+00   7.0626215e-21
   5.4197802e+00   6.8957942e-21
   5.4322783e+00   6.7332534e-21
   5.4448051e+00   6.5748814e-21
   5.4573609e+00   6.4205639e-21
   5.4699456e+00   6.2701900e-21
   5.4825594e+00   6.1236520e-21
   5.4952022e+00   5.9808454e-21
   5.5078742e+00   5.8416689e-21
   5.5205754e+00   5.7060238e-21
   5.5333058e+00   5.5738148e-21
   5.5460657e+00   5.4449490e-21
   5.5588550e+00   5.3193365e-21
   5.5716737e+00   5.1968897e-21
   5.5845220e+00   5.0775239e-21
   5.5974000e+00   4.9611567e-21
   5.6103076e+00   4.8477080e-21
   5.6232451e+00   4.7371003e-21
   5.6362123e+00   4.6292580e-21
   5.6492094e+00   4.5241079e-21
   5.6622366e+00   4.4215789e-21
   5.6752937e+00   4.3216019e-21
   5.6883810e+00   4.2241098e-21
   5.7014985e+00   4.1290373e-21
   5.7146461e+00   4.0363213e-21
   5.7278242e+00   3.9459000e-21
   5.7410326e+00   3.8577138e-21
   5.7542714e+00   3.7717045e-21
   5.7675408e+00   3.6878158e-21
   5.7808408e+00   3.6059927e-21
   5.7941715e+00   3.5261820e-21
   5.8075329e+00   3.4483319e-21
   5.8209251e+00   3.3723919e-21
   5.8343482e+00   3.2983132e-21
   5.8478023e+00   3.2260482e-21
   5.8612873e+00   3.1555506e-21
   5.8748035e+00   3.0867754e-21
   5.8883508e+00   3.0196789e-21
   5.9019294e+00   2.9542186e-21
   5.9155393e+00   2.8903530e-21
   5.9291806e+00   2.8280421e-21
   5.9428533e+00   2.7672466e-21
   5.9565576e+00   2.7079286e-21
   5.9702935e+00   2.6500509e-21
   5.9840610e+00   2.5935777e-21
   5.9978603e+00   2.5384738e-21
   6.0116914e+00   2.4847053e-21
   6.0255544e+00   2.4322388e-21
   6.0394494e+00   2.3810423e-21
   6.0533764e+00   2.3310841e-21
   6.0673355e+00   2.2823339e-21
   6.0813269e+00   2.2347619e-21
   6.0953505e+00   2.1883390e-21
   6.1094064e+00   2.1430371e-21
   6.1234947e+00   2.0988289e-21
   6.1376155e+00   2.0556874e-21
   6.1517689e+00   2.0135869e-21
   6.1659550e+00   1.9725018e-21
   6.1801737e+00   1.9324076e-21
   6.1944252e+00   1.8932802e-21
   6.2087096e+00   1.8550963e-21
   6.2230269e+00   1.8178331e-21
   6.2373773e+00   1.7814683e-21
   6.2517607e+00   1.7459803e-21
   6.2661773e+00   1.7113481e-21
   6.2806272e+00   1.6775511e-21
   6.2951104e+00   1.6445694e-21
   6.3096269e+00   1.6123834e-21
   6.3241770e+00   1.5809742e-21
   6.3387606e+00   1.5503232e-21
   6.3533778e+00   1.5204124e-21
   6.3680288e+00   1.4912241e-21
   6.3827135e+00   1.4627414e-21
   6.3974321e+00   1.4349473e-21
   6.4121846e+00   1.4078256e-21
   6.4269711e+00   1.3813605e-21
   6.4417918e+00   1.3555363e-21
   6.4566466e+00   1.3303380e-21
   6.4715357e+00   1.3057509e-21
   6.4864591e+00   1.2817604e-21
   6.5014169e+00   1.2583527e-21
   6.5164092e+00   1.2355139e-21
   6.5314361e+00   1.2132307e-21
   6.5464977e+00   1.1914901e-21
   6.5615939e+00   1.1702794e-21
   6.5767250e+00   1.1495860e-21
   6.5918910e+00   1.1293980e-21
   6.6070920e+00   1.1097034e-21
   6.6223280e+00   1.0904906e-21
   6.6375991e+00   1.0717485e-21
   6.6529055e+00   1.0534659e-21
   6.6682471e+00   1.0356322e-21
   6.6836241e+00   1.0182368e-21
   6.6990366e+00   1.0012694e-21
   6.7144846e+00   9.8472002e-22
   6.7299683e+00   9.6857888e-22
   6.7454877e+00   9.5283642e-22
   6.7610428e+00   9.3748328e-22
   6.7766338e+00   9.2251033e-22
   6.7922608e+00   9.0790866e-22
   6.8079238e+00   8.9366956e-22
   6.8236229e+00   8.7978452e-22
   6.8393582e+00   8.6624521e-22
   6.8551299e+00   8.5304352e-22
   6.8709378e+00   8.4017149e-22
   6.8867823e+00   8.2762138e-22
   6.9026632e+00   8.1538560e-22
   6.9185808e+00   8.0345674e-22
   6.9345351e+00   7.9182758e-22
   6.9505262e+00   7.8049103e-22
   6.9665542e+00   7.6944019e-22
   6.9826191e+00   7.5866831e-22
   6.9987211e+00   7.4816879e-22
   7.0148602e+00   7.3793521e-22
   7.0310365e+00   7.2796127e-22
   7.0472502e+00   7.1824083e-22
   7.0635012e+00   7.0876790e-22
   7.0797897e+00   6.9953662e-22
   7.0961157e+00   6.9054128e-22
   7.1124794e+00   6.8177630e-22
   7.1288808e+00   6.7323624e-22
   7.1453201e+00   6.6491579e-22
   7.1617972e+00   6.5680979e-22
   7.1783124e+00   6.4891319e-22
   7.1948656e+00   6.4122107e-22
   7.2114571e+00   6.3372863e-22
   7.2280867e+00   6.2643122e-22
   7.2447548e+00   6.1932429e-22
   7.2614612e+00   6.1240343e-22
   7.2782062e+00   6.0566433e-22
   7.2949898e+00   5.9910282e-22
   7.3118121e+00   5.9271485e-22
   7.3286732e+00   5.8649646e-22
   7.3455732e+00   5.8044385e-22
   7.3625121e+00   5.7455331e-22
   7.3794901e+00   5.6882124e-22
   7.3965073e+00   5.6324418e-22
   7.4135637e+00   5.5781877e-22
   7.4306594e+00   5.5254178e-22
   7.4477946e+00   5.4741007e-22
   7.4649693e+00   5.4242065e-22
   7.4821835e+00   5.3757062e-22
   7.4994375e+00   5.3285720e-22
   7.5167313e+00   5.2827775e-22
   7.5340649e+00   5.2382972e-22
   7.5514385e+00   5.1951069e-22
   7.5688522e+00   5.1531837e-22
   7.5863060e+00   5.1125059e-22
   7.6038001e+00   5.0730529e-22
   7.6213345e+00   5.0348054e-22
   7.6389094e+00   4.9977454e-22
   7.6565248e+00   4.9618563e-22
   7.6741808e+00   4.9271228e-22
   7.6918775e+00   4.8935309e-22
   7.7096150e+00   4.8610680e-22
   7.7273934e+00   4.8297230e-22
   7.7452129e+00   4.7994863e-22
   7.7630734e+00   4.7703498e-22
   7.7809751e+00   4.7423071e-22
   7.7989181e+00   4.7153533e-22
   7.8169025e+00   4.6894855e-22
   7.8349283e+00   4.6647024e-22
   7.8529957e+00   4.6410047e-22
   7.8711048e+00   4.6183951e-22
   7.8892556e+00   4.5968785e-22
   7.9074483e+00   4.5764621e-22
   7.9256829e+00   4.5571553e-22
   7.9439596e+00   4.5389702e-22
   7.9622784e+00   4.5219215e-22
   7.9806395e+00   4.5060271e-22
   7.9990429e+00   4.4913078e-22
   8.0174888e+00   4.4777878e-22
   8.0359772e+00   4.4654951e-22
   8.0545082e+00   4.4544616e-22
   8.0730819e+00   4.4447235e-22
   8.0916985e+00   4.4363216e-22
   8.1103581e+00   4.4293020e-22
   8.1290606e+00   4.4237164e-22
   8.1478063e+00   4.4196227e-22
   8.1665952e+00   4.4170855e-22
   8.1854274e+00   4.4161771e-22
   8.2043031e+00   4.4169781e-22
   8.2232223e+00   4.4195783e-22
   8.2421851e+00   4.4240780e-22
   8.2611916e+00   4.4305888e-22
   8.2802420e+00   4.4392357e-22
   8.2993363e+00   4.4501580e-22
   8.3184746e+00   4.4635115e-22
   8.3376571e+00   4.4794706e-22
   8.3568838e+00   4.4982310e-22
   8.3761548e+00   4.5200124e-22
   8.3954703e+00   4.5450621e-22
   8.4148303e+00   4.5736589e-22
   8.4342350e+00   4.6061183e-22
   8.4536844e+00   4.6427977e-22
   8.4731786e+00   4.6841038e-22
   8.4927179e+00   4.7305004e-22
   8.5123021e+00   4.7825184e-22
   8.5319316e+00   4.8407680e-22
   8.5516063e+00   4.9059533e-22
   8.5713263e+00   4.9788905e-22
   8.5910919e+00   5.0605302e-22
   8.6109030e+00   5.1519858e-22
   8.6307598e+00   5.2545689e-22
   8.6506624e+00   5.3698342e-22
   8.6706109e+00   5.4996360e-22
   8.6906054e+00   5.6462108e-22
   8.7106460e+00   5.8122658e-22
   8.7307328e+00   6.0011198e-22
   8.7508660e+00   6.2168801e-22
   8.7710455e+00   6.4646904e-22
   8.7912716e+00   6.7510778e-22
   8.8115444e+00   7.0844493e-22
   8.8318638e+00   7.4758192e-22
   8.8522302e+00   7.9399031e-22
   8.8726435e+00   8.4968125e-22
   8.8931039e+00   9.1747768e-22
   8.9136114e+00   1.0014698e-21
   8.9341663e+00   1.1078158e-21
   8.9547686e+00   1.2462387e-21
   8.9754183e+00   1.4330418e-21
   8.9961157e+00   1.6978084e-21
   9.0168608e+00   2.1003791e-21
   9.0376538e+00   2.7828060e-21
   9.0584947e+00   4.1842926e-21
   9.0793836e+00   8.6689532e-21
   9.1003208e+00   8.9941553e-20
   9.1213062e+00   7.1531276e-21
   9.1423400e+00   3.7082700e-21
   9.1634223e+00   2.5078702e-21
   9.1845532e+00   1.9141312e-21
   9.2057328e+00   1.5925316e-21
   9.2269613e+00   1.4841565e-21
   9.2482388e+00   1.8973148e-21
   9.2695653e+00   3.9194751e-20
   9.2909410e+00   1.7643901e-21
   9.3123660e+00   1.0683981e-21
   9.3338403e+00   8.4656555e-22
   9.3553642e+00   7.2962595e-22
   9.3769378e+00   6.5262809e-22
   9.3985611e+00   5.9587739e-22
   9.4202342e+00   5.5132957e-22
   9.4419574e+00   5.1498738e-22
   9.4637306e+00   4.8457226e-22
   9.4855540e+00   4.5865148e-22
   9.5074278e+00   4.3625754e-22
   9.5293520e+00   4.1670161e-22
   9.5513267e+00   3.9947336e-22
   9.5733522e+00   3.8418298e-22
   9.5954284e+00   3.7052545e-22
   9.6175555e+00   3.5825751e-22
   9.6397337e+00   3.4718207e-22
   9.6619630e+00   3.3713738e-22
   9.6842435e+00   3.2798923e-22
   9.7065755e+00   3.1962518e-22
   9.7289589e+00   3.1195028e-22
   9.7513940e+00   3.0488376e-22
   9.7738808e+00   2.9835651e-22
   9.7964194e+00   2.9230902e-22
   9.8190100e+00   2.8668982e-22
   9.8416527e+00   2.8145415e-22
   9.8643477e+00   2.7656296e-22
   9.8870949e+00   2.7198204e-22
   9.9098946e+00   2.6768129e-22
   9.9327469e+00   2.6363417e-22
   9.9556519e+00   2.5981719e-22
   9.9786097e+00   2.5620948e-22
   1.0001620e+01   2.5279268e-22
   1.0024684e+01   2.4955121e-22
   1.0047801e+01   2.4646765e-22
   1.0070972e+01   2.4352959e-22
   1.0094195e+01   2.4072578e-22
   1.0117473e+01   2.3804583e-22
   1.0140804e+01   2.3547985e-22
   1.0164188e+01   2.3301893e-22
   1.0187627e+01   2.3065503e-22
   1.0211120e+01   2.2838090e-22
   1.0234667e+01   2.2619023e-22
   1.0258268e+01   2.2407706e-22
   1.0281924e+01   2.2203589e-22
   1.0305634e+01   2.2006172e-22
   1.0329399e+01   2.1815016e-22
   1.0353218e+01   2.1629709e-22
   1.0377093e+01   2.1449869e-22
   1.0401023e+01   2.1275142e-22
   1.0425007e+01   2.1105215e-22
   1.0449048e+01   2.0939798e-22
   1.0473143e+01   2.0778618e-22
   1.0497294e+01   2.0621421e-22
   1.0521501e+01   2.0467980e-22
   1.0545764e+01   2.0318086e-22
   1.0570082e+01   2.0171539e-22
   1.0594457e+01   2.0028156e-22
   1.0618888e+01   1.9887768e-22
   1.0643375e+01   1.9750222e-22
   1.0667919e+01   1.9615369e-22
   1.0692519e+01   1.9483075e-22
   1.0717176e+01   1.9353212e-22
   1.0741890e+01   1.9225666e-22
   1.0766661e+01   1.9100326e-22
   1.0791489e+01   1.8977090e-22
   1.0816374e+01   1.8855862e-22
   1.0841317e+01   1.8736554e-22
   1.0866317e+01   1.8619083e-22
   1.0891375e+01   1.8503370e-22
   1.0916491e+01   1.8389342e-22
   1.0941664e+01   1.8276931e-22
   1.0966896e+01   1.8166073e-22
   1.0992185e+01   1.8056707e-22
   1.1017533e+01   1.7948776e-22
   1.1042940e+01   1.7842227e-22
   1.1068405e+01   1.7737011e-22
   1.1093929e+01   1.7633078e-22
   1.1119512e+01   1.7530385e-22
   1.1145153e+01   1.7428890e-22
   1.1170854e+01   1.7328553e-22
   1.1196614e+01   1.7229337e-22
   1.1222434e+01   1.7131205e-22
   1.1248313e+01   1.7034125e-22
   1.1274251e+01   1.6938065e-22
   1.1300250e+01   1.6842994e-22
   1.1326308e+01   1.6748884e-22
   1.1352427e+01   1.6655709e-22
   1.1378606e+01   1.6563442e-22
   1.1404845e+01   1.6472058e-22
   1.1431144e+01   1.6381535e-22
   1.1457505e+01   1.6291851e-22
   1.1483926e+01   1.6202985e-22
   1.1510408e+01   1.6114916e-22
   1.1536951e+01   1.6027626e-22
   1.1563555e+01   1.5941096e-22
   1.1590221e+01   1.5855310e-22
   1.1616948e+01   1.5770249e-22
   1.1643737e+01   1.5685900e-22
   1.1670587e+01   1.5602246e-22
   1.1697500e+01   1.5519273e-22
   1.1724474e+01   1.5436967e-22
   1.1751511e+01   1.5355315e-22
   1.1778610e+01   1.5274303e-22
   1.1805772e+01   1.5193921e-22
   1.1832996e+01   1.5114156e-22
   1.1860283e+01   1.5034996e-22
   1.1887633e+01   1.4956432e-22
   1.1915046e+01   1.4878452e-22
   1.1942522e+01   1.4801046e-22
   1.1970061e+01   1.4724205e-22
   1.1997664e+01   1.4647920e-22
   1.2025331e+01   1.4572181e-22
   1.2053062e+01   1.4496980e-22
   1.2080856e+01   1.4422308e-22
   1.2108715e+01   1.4348158e-22
   1.2136637e+01   1.4274521e-22
   1.2164625e+01   1.4201390e-22
   1.2192676e+01   1.4128758e-22
   1.2220793e+01   1.4056617e-22
   1.2248974e+01   1.3984961e-22
   1.2277220e+01   1.3913782e-22
   1.2305532e+01   1.3843076e-22
   1.2333908e+01   1.3772834e-22
   1.2362350e+01   1.3703052e-22
   1.2390858e+01   1.3633724e-22
   1.2419431e+01   1.3564842e-22
   1.2448071e+01   1.3496403e-22
   1.2476776e+01   1.3428400e-22
   1.2505548e+01   1.3360829e-22
   1.2534386e+01   1.3293683e-22
   1.2563290e+01   1.3226959e-22
   1.2592261e+01   1.3160651e-22
   1.2621299e+01   1.3094754e-22
   1.2650404e+01   1.3029264e-22
   1.2679576e+01   1.2964176e-22
   1.2708815e+01   1.2899487e-22
   1.2738121e+01   1.2835190e-22
   1.2767496e+01   1.2771283e-22
   1.2796938e+01   1.2707762e-22
   1.2826447e+01   1.2644621e-22
   1.2856025e+01   1.2581857e-22
   1.2885671e+01   1.2519467e-22
   1.2915386e+01   1.2457446e-22
   1.2945169e+01   1.2395792e-22
   1.2975020e+01   1.2334499e-22
   1.3004941e+01   1.2273565e-22
   1.3034930e+01   1.2212986e-22
   1.3064989e+01   1.2152759e-22
   1.3095117e+01   1.2092881e-22
   1.3125314e+01   1.2033348e-22
   1.3155582e+01   1.1974156e-22
   1.3185918e+01   1.1915304e-22
   1.3216325e+01   1.1856787e-22
   1.3246802e+01   1.1798603e-22
   1.3277349e+01   1.1740748e-22
   1.3307967e+01   1.1683221e-22
   1.3338655e+01   1.1626017e-22
   1.3369414e+01   1.1569134e-22
   1.3400244e+01   1.1512570e-22
   1.3431145e+01   1.1456321e-22
   1.3462118e+01   1.1400385e-22
   1.3493162e+01   1.1344759e-22
   1.3524277e+01   1.1289441e-22
   1.3555464e+01   1.1234428e-22
   1.3586723e+01   1.1179717e-22
   1.3618054e+01   1.1125307e-22
   1.3649457e+01   1.1071194e-22
   1.3680933e+01   1.1017376e-22
   1.3712481e+01   1.0963851e-22
   1.3744103e+01   1.0910617e-22
   1.3775797e+01   1.0857671e-22
   1.3807564e+01   1.0805011e-22
   1.3839404e+01   1.0752635e-22
   1.3871318e+01   1.0700540e-22
   1.3903305e+01   1.0648725e-22
   1.3935366e+01   1.0597188e-22
   1.3967501e+01   1.0545925e-22
   1.3999710e+01   1.0494935e-22
   1.4031994e+01   1.0444217e-22
   1.4064352e+01   1.0393768e-22
   1.4096784e+01   1.0343586e-22
   1.4129292e+01   1.0293669e-22
   1.4161874e+01   1.0244015e-22
   1.4194531e+01   1.0194622e-22
   1.4227264e+01   1.0145489e-22
   1.4260072e+01   1.0096614e-22
   1.4292956e+01   1.0047994e-22
   1.4325916e+01   9.9996283e-23
   1.4358951e+01   9.9515147e-23
   1.4392063e+01   9.9036515e-23
   1.4425251e+01   9.8560370e-23
   1.4458516e+01   9.8086694e-23
   1.4491858e+01   9.7615470e-23
   1.4525276e+01   9.7146682e-23
   1.4558771e+01   9.6680314e-23
   1.4592344e+01   9.6216348e-23
   1.4625994e+01   9.5754768e-23
   1.4659722e+01   9.5295560e-23
   1.4693527e+01   9.4838706e-23
   1.4727410e+01   9.4384191e-23
   1.4761372e+01   9.3932000e-23
   1.4795412e+01   9.3482118e-23
   1.4829530e+01   9.3034529e-23
   1.4863727e+01   9.2589219e-23
   1.4898003e+01   9.2146173e-23
   1.4932358e+01   9.1705376e-23
   1.4966792e+01   9.1266814e-23
   1.5001306e+01   9.0830473e-23
   1.5035899e+01   9.0396338e-23
   1.5070572e+01   8.9964395e-23
   1.5105324e+01   8.9534632e-23
   1.5140157e+01   8.9107033e-23
   1.5175071e+01   8.8681586e-23
   1.5210065e+01   8.8258278e-23
   1.5245139e+01   8.7837094e-23
   1.5280295e+01   8.7418022e-23
   1.5315531e+01   8.7001050e-23
   1.5350849e+01   8.6586163e-23
   1.5386248e+01   8.6173350e-23
   1.5421729e+01   8.5762597e-23
   1.5457291e+01   8.5353893e-23
   1.5492936e+01   8.4947225e-23
   1.5528663e+01   8.4542581e-23
   1.5564472e+01   8.4139948e-23
   1.5600364e+01   8.3739315e-23
   1.5636338e+01   8.3340670e-23
   1.5672396e+01   8.2944001e-23
   1.5708537e+01   8.2549297e-23
   1.5744761e+01   8.2156545e-23
   1.5781068e+01   8.1765735e-23
   1.5817459e+01   8.1376855e-23
   1.5853935e+01   8.0989895e-23
   1.5890494e+01   8.0604841e-23
   1.5927137e+01   8.0221685e-23
   1.5963866e+01   7.9840415e-23
   1.6000678e+01   7.9461020e-23
   1.6037576e+01   7.9083489e-23
   1.6074559e+01   7.8707812e-23
   1.6111627e+01   7.8333977e-23
   1.6148780e+01   7.7961976e-23
   1.6186020e+01   7.7591797e-23
   1.6223345e+01   7.7223430e-23
   1.6260756e+01   7.6856865e-23
   1.6298253e+01   7.6492092e-23
   1.6335837e+01   7.6129100e-23
   1.6373508e+01   7.5767880e-23
   1.6411265e+01   7.5408422e-23
   1.6449110e+01   7.5050717e-23
   1.6487041e+01   7.4694753e-23
   1.6525061e+01   7.4340523e-23
   1.6563168e+01   7.3988016e-23
   1.6601362e+01   7.3637223e-23
   1.6639645e+01   7.3288134e-23
   1.6678016e+01   7.2940740e-23
   1.6716476e+01   7.2595033e-23
   1.6755024e+01   7.2251002e-23
   1.6793662e+01   7.1908639e-23
   1.6832388e+01   7.1567934e-23
   1.6871203e+01   7.1228879e-23
   1.6910109e+01   7.0891464e-23
   1.6949103e+01   7.0555682e-23
   1.6988188e+01   7.0221523e-23
   1.7027363e+01   6.9888978e-23
   1.7066628e+01   6.9558039e-23
   1.7105984e+01   6.9228697e-23
   1.7145431e+01   6.8900944e-23
   1.7184968e+01   6.8574771e-23
   1.7224597e+01   6.8250170e-23
   1.7264317e+01   6.7927133e-23
   1.7304128e+01   6.7605651e-23
   1.7344032e+01   6.7285716e-23
   1.7384027e+01   6.6967321e-23
   1.7424115e+01   6.6650456e-23
   1.7464295e+01   6.6335114e-23
   1.7504568e+01   6.6021286e-23
   1.7544934e+01   6.5708966e-23
   1.7585392e+01   6.5398145e-23
   1.7625945e+01   6.5088815e-23
   1.7666590e+01   6.4780969e-23
   1.7707329e+01   6.4474599e-23
   1.7748163e+01   6.4169697e-23
   1.7789090e+01   6.3866255e-23
   1.7830112e+01   6.3564266e-23
   1.7871228e+01   6.3263723e-23
   1.7912439e+01   6.2964618e-23
   1.7953746e+01   6.2666944e-23
   1.7995147e+01   6.2370693e-23
   1.8036644e+01   6.2075858e-23
   1.8078237e+01   6.1782431e-23
   1.8119925e+01   6.1490407e-23
   1.8161710e+01   6.1199776e-23
   1.8203591e+01   6.0910533e-23
   1.8245569e+01   6.0622671e-23
   1.8287643e+01   6.0336181e-23
   1.8329814e+01   6.0051058e-23
   1.8372083e+01   5.9767293e-23
   1.8414449e+01   5.9484882e-23
   1.8456913e+01   5.9203816e-23
   1.8499475e+01   5.8924088e-23
   1.8542135e+01   5.8645693e-23
   1.8584893e+01   5.8368622e-23
   1.8627750e+01   5.8092871e-23
   1.8670706e+01   5.7818431e-23
   1.8713761e+01   5.7545297e-23
   1.8756915e+01   5.7273461e-23
   1.8800168e+01   5.7002918e-23
   1.8843522e+01   5.6733660e-23
   1.8886975e+01   5.6465682e-23
   1.8930528e+01   5.6198977e-23
   1.8974182e+01   5.5933538e-23
   1.9017937e+01   5.5669360e-23
   1.9061792e+01   5.5406436e-23
   1.9105749e+01   5.5144759e-23
   1.9149807e+01   5.4884324e-23
   1.9193967e+01   5.4625125e-23
   1.9238228e+01   5.4367154e-23
   1.9282592e+01   5.4110407e-23
   1.9327057e+01   5.3854877e-23
   1.9371626e+01   5.3600558e-23
   1.9416297e+01   5.3347444e-23
   1.9461071e+01   5.3095529e-23
   1.9505948e+01   5.2844807e-23
   1.9550929e+01   5.2595273e-23
   1.9596014e+01   5.2346920e-23
   1.9641202e+01   5.2099743e-23
   1.9686495e+01   5.1853735e-23
   1.9731892e+01   5.1608892e-23
   1.9777394e+01   5.1365207e-23
   1.9823001e+01   5.1122675e-23
   1.9868713e+01   5.0881290e-23
   1.9914530e+01   5.0641046e-23
   1.9960454e+01   5.0401938e-23
   2.0006482e+01   5.0163961e-23
   2.0052618e+01   4.9927108e-23
   2.0098859e+01   4.9691374e-23
   2.0145207e+01   4.9456754e-23
   2.0191662e+01   4.9223243e-23
   2.0238224e+01   4.8990835e-23
   2.0284894e+01   4.8759524e-23
   2.0331671e+01   4.8529305e-23
   2.0378556e+01   4.8300173e-23
   2.0425549e+01   4.8072123e-23
   2.0472650e+01   4.7845149e-23
   2.0519861e+01   4.7619247e-23
   2.0567180e+01   4.7394410e-23
   2.0614608e+01   4.7170635e-23
   2.0662145e+01   4.6947914e-23
   2.0709792e+01   4.6726245e-23
   2.0757549e+01   4.6505621e-23
   2.0805416e+01   4.6286037e-23
   2.0853394e+01   4.6067489e-23
   2.0901482e+01   4.5849971e-23
   2.0949681e+01   4.5633478e-23
   2.0997991e+01   4.5418006e-23
   2.1046412e+01   4.5203550e-23
   2.1094945e+01   4.4990104e-23
   2.1143591e+01   4.4777664e-23
   2.1192348e+01   4.4566225e-23
   2.1241218e+01   4.4355782e-23
   2.1290200e+01   4.4146330e-23
   2.1339295e+01   4.3937865e-23
   2.1388504e+01   4.3730382e-23
   2.1437826e+01   4.3523876e-23
   2.1487262e+01   4.3318342e-23
   2.1536812e+01   4.3113776e-23
   2.1586476e+01   4.2910173e-23
   2.1636254e+01   4.2707529e-23
   2.1686148e+01   4.2505839e-23
   2.1736156e+01   4.2305098e-23
   2.1786280e+01   4.2105302e-23
   2.1836519e+01   4.1906446e-23
   2.1886874e+01   4.1708526e-23
   2.1937346e+01   4.1511538e-23
   2.1987933e+01   4.1315476e-23
   2.2038638e+01   4.1120337e-23
   2.2089459e+01   4.0926116e-23
   2.2140397e+01   4.0732809e-23
   2.2191453e+01   4.0540411e-23
   2.2242627e+01   4.0348918e-23
   2.2293919e+01   4.0158326e-23
   2.2345328e+01   3.9968630e-23
   2.2396857e+01   3.9779827e-23
   2.2448504e+01   3.9591911e-23
   2.2500271e+01   3.9404880e-23
   2.2552157e+01   3.9218727e-23
   2.2604162e+01   3.9033451e-23
   2.2656287e+01   3.8849045e-23
   2.2708533e+01   3.8665506e-23
   2.2760899e+01   3.8482831e-23
   2.2813386e+01   3.8301014e-23
   2.2865994e+01   3.8120052e-23
   2.2918723e+01   3.7939941e-23
   2.2971574e+01   3.7760677e-23
   2.3024546e+01   3.7582255e-23
   2.3077641e+01   3.7404673e-23
   2.3130858e+01   3.7227925e-23
   2.3184198e+01   3.7052007e-23
   2.3237661e+01   3.6876917e-23
   2.3291247e+01   3.6702650e-23
   2.3344957e+01   3.6529202e-23
   2.3398791e+01   3.6356569e-23
   2.3452748e+01   3.6184748e-23
   2.3506831e+01   3.6013734e-23
   2.3561038e+01   3.5843524e-23
   2.3615370e+01   3.5674114e-23
   2.3669827e+01   3.5505501e-23
   2.3724410e+01   3.5337679e-23
   2.3779118e+01   3.5170647e-23
   2.3833953e+01   3.5004400e-23
   2.3888914e+01   3.4838934e-23
   2.3944002e+01   3.4674246e-23
   2.3999217e+01   3.4510332e-23
   2.4054560e+01   3.4347188e-23
   2.4110030e+01   3.4184811e-23
   2.4165628e+01   3.4023197e-23
   2.4221354e+01   3.3862343e-23
   2.4277208e+01   3.3702245e-23
   2.4333192e+01   3.3542900e-23
   2.4389304e+01   3.3384304e-23
   2.4445546e+01   3.3226453e-23
   2.4501918e+01   3.3069344e-23
   2.4558420e+01   3.2912973e-23
   2.4615051e+01   3.2757338e-23
   2.4671814e+01   3.2602434e-23
   2.4728707e+01   3.2448259e-23
   2.4785732e+01   3.2294808e-23
   2.4842888e+01   3.2142079e-23
   2.4900176e+01   3.1990068e-23
   2.4957596e+01   3.1838771e-23
   2.5015148e+01   3.1688186e-23
   2.5072833e+01   3.1538309e-23
   2.5130652e+01   3.1389137e-23
   2.5188603e+01   3.1240666e-23
   2.5246688e+01   3.1092893e-23
   2.5304907e+01   3.0945815e-23
   2.5363261e+01   3.0799429e-23
   2.5421748e+01   3.0653732e-23
   2.5480371e+01   3.0508719e-23
   2.5539129e+01   3.0364389e-23
   2.5598023e+01   3.0220738e-23
   2.5657052e+01   3.0077762e-23
   2.5716217e+01   2.9935459e-23
   2.5775519e+01   2.9793826e-23
   2.5834957e+01   2.9652859e-23
   2.5894533e+01   2.9512555e-23
   2.5954246e+01   2.9372911e-23
   2.6014097e+01   2.9233924e-23
   2.6074085e+01   2.9095592e-23
   2.6134212e+01   2.8957910e-23
   2.6194478e+01   2.8820877e-23
   2.6254883e+01   2.8684488e-23
   2.6315427e+01   2.8548742e-23
   2.6376110e+01   2.8413634e-23
   2.6436934e+01   2.8279163e-23
   2.6497898e+01   2.8145325e-23
   2.6559002e+01   2.8012117e-23
   2.6620247e+01   2.7879536e-23
   2.6681634e+01   2.7747580e-23
   2.6743162e+01   2.7616245e-23
   2.6804832e+01   2.7485529e-23
   2.6866644e+01   2.7355428e-23
   2.6928599e+01   2.7225941e-23
   2.6990696e+01   2.7097063e-23
   2.7052937e+01   2.6968793e-23
   2.7115321e+01   2.6841127e-23
   2.7177849e+01   2.6714063e-23
   2.7240522e+01   2.6587598e-23
   2.7303338e+01   2.6461729e-23
   2.7366300e+01   2.6336453e-23
   2.7429407e+01   2.6211768e-23
   2.7492659e+01   2.6087670e-23
   2.7556058e+01   2.5964158e-23
   2.7619602e+01   2.5841229e-23
   2.7683293e+01   2.5718879e-23
   2.7747131e+01   2.5597107e-23
   2.7811116e+01   2.5475908e-23
   2.7875249e+01   2.5355282e-23
   2.7939529e+01   2.5235225e-23
   2.8003958e+01   2.5115735e-23
   2.8068536e+01   2.4996808e-23
   2.8133262e+01   2.4878443e-23
   2.8198137e+01   2.4760637e-23
   2.8263162e+01   2.4643387e-23
   2.8328338e+01   2.4526691e-23
   2.8393663e+01   2.4410545e-23
   2.8459139e+01   2.4294949e-23
   2.8524766e+01   2.4179898e-23
   2.8590544e+01   2.4065391e-23
   2.8656474e+01   2.3951426e-23
   2.8722556e+01   2.3837998e-23
   2.8788791e+01   2.3725107e-23
   2.8855178e+01   2.3612750e-23
   2.8921718e+01   2.3500924e-23
   2.8988412e+01   2.3389627e-23
   2.9055259e+01   2.3278856e-23
   2.9122261e+01   2.3168609e-23
   2.9189417e+01   2.3058883e-23
   2.9256728e+01   2.2949677e-23
   2.9324194e+01   2.2840988e-23
   2.9391816e+01   2.2732813e-23
   2.9459594e+01   2.2625150e-23
   2.9527528e+01   2.2517997e-23
   2.9595619e+01   2.2411351e-23
   2.9663866e+01   2.2305210e-23
   2.9732272e+01   2.2199573e-23
   2.9800834e+01   2.2094435e-23
   2.9869555e+01   2.1989796e-23
   2.9938435e+01   2.1885653e-23
   3.0007473e+01   2.1782004e-23
   3.0076670e+01   2.1678846e-23
   3.0146028e+01   2.1576177e-23
   3.0215544e+01   2.1473995e-23
   3.0285222e+01   2.1372298e-23
   3.0355060e+01   2.1271083e-23
   3.0425059e+01   2.1170349e-23
   3.0495219e+01   2.1070093e-23
   3.0565541e+01   2.0970313e-23
   3.0636026e+01   2.0871006e-23
   3.0706673e+01   2.0772172e-23
   3.0777482e+01   2.0673806e-23
   3.0848456e+01   2.0575908e-23
   3.0919592e+01   2.0478476e-23
   3.0990893e+01   2.0381506e-23
   3.1062358e+01   2.0284998e-23
   3.1133988e+01   2.0188948e-23
   3.1205784e+01   2.0093356e-23
   3.1277744e+01   1.9998218e-23
   3.1349871e+01   1.9903532e-23
   3.1422164e+01   1.9809298e-23
   3.1494624e+01   1.9715512e-23
   3.1567251e+01   1.9622173e-23
   3.1640045e+01   1.9529278e-23
   3.1713007e+01   1.9436825e-23
   3.1786138e+01   1.9344814e-23
   3.1859437e+01   1.9253240e-23
   3.1932905e+01   1.9162104e-23
   3.2006542e+01   1.9071402e-23
   3.2080350e+01   1.8981132e-23
   3.2154327e+01   1.8891293e-23
   3.2228475e+01   1.8801883e-23
   3.2302794e+01   1.8712900e-23
   3.2377285e+01   1.8624341e-23
   3.2451947e+01   1.8536206e-23
   3.2526782e+01   1.8448491e-23
   3.2601789e+01   1.8361196e-23
   3.2676969e+01   1.8274318e-23
   3.2752322e+01   1.8187855e-23
   3.2827849e+01   1.8101805e-23
   3.2903550e+01   1.8016167e-23
   3.2979426e+01   1.7930939e-23
   3.3055477e+01   1.7846119e-23
   3.3131703e+01   1.7761705e-23
   3.3208105e+01   1.7677695e-23
   3.3284683e+01   1.7594087e-23
   3.3361438e+01   1.7510881e-23
   3.3438370e+01   1.7428072e-23
   3.3515479e+01   1.7345661e-23
   3.3592766e+01   1.7263646e-23
   3.3670231e+01   1.7182023e-23
   3.3747875e+01   1.7100792e-23
   3.3825698e+01   1.7019952e-23
   3.3903700e+01   1.6939499e-23
   3.3981882e+01   1.6859433e-23
   3.4060245e+01   1.6779751e-23
   3.4138788e+01   1.6700452e-23
   3.4217512e+01   1.6621535e-23
   3.4296418e+01   1.6542997e-23
   3.4375506e+01   1.6464837e-23
   3.4454776e+01   1.6387054e-23
   3.4534229e+01   1.6309644e-23
   3.4613865e+01   1.6232608e-23
   3.4693685e+01   1.6155942e-23
   3.4773689e+01   1.6079646e-23
   3.4853877e+01   1.6003718e-23
   3.4934251e+01   1.5928156e-23
   3.5014809e+01   1.5852959e-23
   3.5095554e+01   1.5778124e-23
   3.5176484e+01   1.5703651e-23
   3.5257602e+01   1.5629537e-23
   3.5338906e+01   1.5555781e-23
   3.5420398e+01   1.5482382e-23
   3.5502077e+01   1.5409338e-23
   3.5583945e+01   1.5336647e-23
   3.5666002e+01   1.5264308e-23
   3.5748248e+01   1.5192319e-23
   3.5830684e+01   1.5120678e-23
   3.5913310e+01   1.5049385e-23
   3.5996126e+01   1.4978437e-23
   3.6079134e+01   1.4907833e-23
   3.6162332e+01   1.4837571e-23
   3.6245723e+01   1.4767650e-23
   3.6329306e+01   1.4698069e-23
   3.6413082e+01   1.4628826e-23
   3.6497050e+01   1.4559919e-23
   3.6581213e+01   1.4491347e-23
   3.6665569e+01   1.4423108e-23
   3.6750120e+01   1.4355201e-23
   3.6834867e+01   1.4287625e-23
   3.6919808e+01   1.4220378e-23
   3.7004945e+01   1.4153458e-23
   3.7090279e+01   1.4086864e-23
   3.7175810e+01   1.4020595e-23
   3.7261537e+01   1.3954649e-23
   3.7347463e+01   1.3889025e-23
   3.7433586e+01   1.3823721e-23
   3.7519908e+01   1.3758737e-23
   3.7606429e+01   1.3694069e-23
   3.7693150e+01   1.3629718e-23
   3.7780071e+01   1.3565682e-23
   3.7867192e+01   1.3501959e-23
   3.7954514e+01   1.3438548e-23
   3.8042037e+01   1.3375448e-23
   3.8129763e+01   1.3312656e-23
   3.8217690e+01   1.3250173e-23
   3.8305821e+01   1.3187996e-23
   3.8394154e+01   1.3126124e-23
   3.8482691e+01   1.3064557e-23
   3.8571433e+01   1.3003291e-23
   3.8660379e+01   1.2942327e-23
   3.8749530e+01   1.2881663e-23
   3.8838886e+01   1.2821297e-23
   3.8928449e+01   1.2761228e-23
   3.9018219e+01   1.2701455e-23
   3.9108195e+01   1.2641977e-23
   3.9198379e+01   1.2582792e-23
   3.9288770e+01   1.2523899e-23
   3.9379371e+01   1.2465297e-23
   3.9470180e+01   1.2406985e-23
   3.9561198e+01   1.2348960e-23
   3.9652427e+01   1.2291223e-23
   3.9743865e+01   1.2233771e-23
   3.9835515e+01   1.2176604e-23
   3.9927376e+01   1.2119720e-23
   4.0019449e+01   1.2063117e-23
   4.0111734e+01   1.2006796e-23
   4.0204232e+01   1.1950754e-23
   4.0296943e+01   1.1894990e-23
   4.0389868e+01   1.1839504e-23
   4.0483008e+01   1.1784293e-23
   4.0576362e+01   1.1729357e-23
   4.0669931e+01   1.1674695e-23
   4.0763716e+01   1.1620305e-23
   4.0857718e+01   1.1566186e-23
   4.0951936e+01   1.1512336e-23
   4.1046372e+01   1.1458756e-23
   4.1141025e+01   1.1405443e-23
   4.1235896e+01   1.1352397e-23
   4.1330987e+01   1.1299616e-23
   4.1426296e+01   1.1247099e-23
   4.1521826e+01   1.1194845e-23
   4.1617575e+01   1.1142853e-23
   4.1713546e+01   1.1091121e-23
   4.1809737e+01   1.1039649e-23
   4.1906151e+01   1.0988436e-23
   4.2002787e+01   1.0937480e-23
   4.2099646e+01   1.0886780e-23
   4.2196728e+01   1.0836335e-23
   4.2294034e+01   1.0786145e-23
   4.2391564e+01   1.0736207e-23
   4.2489319e+01   1.0686521e-23
   4.2587300e+01   1.0637086e-23
   4.2685507e+01   1.0587900e-23
   4.2783940e+01   1.0538963e-23
   4.2882600e+01   1.0490274e-23
   4.2981488e+01   1.0441831e-23
   4.3080603e+01   1.0393633e-23
   4.3179947e+01   1.0345680e-23
   4.3279521e+01   1.0297970e-23
   4.3379324e+01   1.0250503e-23
   4.3479357e+01   1.0203276e-23
   4.3579620e+01   1.0156290e-23
   4.3680115e+01   1.0109543e-23
   4.3780842e+01   1.0063034e-23
   4.3881801e+01   1.0016762e-23
   4.3982993e+01   9.9707261e-24
   4.4084418e+01   9.9249254e-24
   4.4186077e+01   9.8793588e-24
   4.4287970e+01   9.8340252e-24
   4.4390099e+01   9.7889237e-24
   4.4492463e+01   9.7440534e-24
   4.4595062e+01   9.6994131e-24
   4.4697899e+01   9.6550019e-24
   4.4800973e+01   9.6108189e-24
   4.4904284e+01   9.5668631e-24
   4.5007834e+01   9.5231334e-24
   4.5111622e+01   9.4796290e-24
   4.5215650e+01   9.4363489e-24
   4.5319918e+01   9.3932921e-24
   4.5424426e+01   9.3504577e-24
   4.5529175e+01   9.3078447e-24
   4.5634165e+01   9.2654523e-24
   4.5739398e+01   9.2232794e-24
   4.5844873e+01   9.1813251e-24
   4.5950592e+01   9.1395885e-24
   4.6056554e+01   9.0980687e-24
   4.6162761e+01   9.0567647e-24
   4.6269213e+01   9.0156757e-24
   4.6375910e+01   8.9748008e-24
   4.6482853e+01   8.9341390e-24
   4.6590043e+01   8.8936894e-24
   4.6697480e+01   8.8534511e-24
   4.6805165e+01   8.8134233e-24
   4.6913098e+01   8.7736050e-24
   4.7021280e+01   8.7339954e-24
   4.7129711e+01   8.6945936e-24
   4.7238393e+01   8.6553987e-24
   4.7347325e+01   8.6164098e-24
   4.7456508e+01   8.5776261e-24
   4.7565943e+01   8.5390467e-24
   4.7675631e+01   8.5006708e-24
   4.7785571e+01   8.4624975e-24
   4.7895765e+01   8.4245258e-24
   4.8006213e+01   8.3867551e-24
   4.8116916e+01   8.3491845e-24
   4.8227874e+01   8.3118130e-24
   4.8339087e+01   8.2746399e-24
   4.8450558e+01   8.2376644e-24
   4.8562285e+01   8.2008855e-24
   4.8674270e+01   8.1643026e-24
   4.8786513e+01   8.1279147e-24
   4.8899015e+01   8.0917210e-24
   4.9011777e+01   8.0557208e-24
   4.9124798e+01   8.0199132e-24
   4.9238081e+01   7.9842975e-24
   4.9351624e+01   7.9488727e-24
   4.9465429e+01   7.9136382e-24
   4.9579497e+01   7.8785930e-24
   4.9693828e+01   7.8437365e-24
   4.9808422e+01   7.8090679e-24
   4.9923280e+01   7.7745863e-24
   5.0038404e+01   7.7402910e-24
   5.0153793e+01   7.7061812e-24
   5.0269448e+01   7.6722561e-24
   5.0385370e+01   7.6385149e-24
   5.0501559e+01   7.6049570e-24
   5.0618016e+01   7.5715814e-24
   5.0734741e+01   7.5383876e-24
   5.0851736e+01   7.5053746e-24
   5.0969000e+01   7.4725418e-24
   5.1086535e+01   7.4398884e-24
   5.1204341e+01   7.4074137e-24
   5.1322419e+01   7.3751168e-24
   5.1440769e+01   7.3429971e-24
   5.1559392e+01   7.3110539e-24
   5.1678288e+01   7.2792864e-24
   5.1797458e+01   7.2476938e-24
   5.1916904e+01   7.2162755e-24
   5.2036625e+01   7.1850307e-24
   5.2156621e+01   7.1539587e-24
   5.2276895e+01   7.1230588e-24
   5.2397446e+01   7.0923302e-24
   5.2518275e+01   7.0617723e-24
   5.2639382e+01   7.0313843e-24
   5.2760769e+01   7.0011656e-24
   5.2882436e+01   6.9711154e-24
   5.3004383e+01   6.9412331e-24
   5.3126612e+01   6.9115178e-24
   5.3249122e+01   6.8819691e-24
   5.3371915e+01   6.8525860e-24
   5.3494991e+01   6.8233681e-24
   5.3618351e+01   6.7943145e-24
   5.3741995e+01   6.7654246e-24
   5.3865925e+01   6.7366977e-24
   5.3990140e+01   6.7081332e-24
   5.4114642e+01   6.6797304e-24
   5.4239430e+01   6.6514885e-24
   5.4364507e+01   6.6234069e-24
   5.4489872e+01   6.5954851e-24
   5.4615526e+01   6.5677222e-24
   5.4741470e+01   6.5401176e-24
   5.4867704e+01   6.5126707e-24
   5.4994229e+01   6.4853809e-24
   5.5121046e+01   6.4582474e-24
   5.5248156e+01   6.4312697e-24
   5.5375559e+01   6.4044470e-24
   5.5503255e+01   6.3777787e-24
   5.5631246e+01   6.3512642e-24
   5.5759532e+01   6.3249029e-24
   5.5888114e+01   6.2986941e-24
   5.6016992e+01   6.2726372e-24
   5.6146168e+01   6.2467314e-24
   5.6275642e+01   6.2209764e-24
   5.6405414e+01   6.1953712e-24
   5.6535485e+01   6.1699155e-24
   5.6665856e+01   6.1446085e-24
   5.6796528e+01   6.1194496e-24
   5.6927501e+01   6.0944381e-24
   5.7058777e+01   6.0695736e-24
   5.7190355e+01   6.0448554e-24
   5.7322236e+01   6.0202827e-24
   5.7454421e+01   5.9958552e-24
   5.7586912e+01   5.9715721e-24
   5.7719708e+01   5.9474328e-24
   5.7852810e+01   5.9234367e-24
   5.7986219e+01   5.8995833e-24
   5.8119935e+01   5.8758719e-24
   5.8253960e+01   5.8523019e-24
   5.8388294e+01   5.8288728e-24
   5.8522938e+01   5.8055839e-24
   5.8657893e+01   5.7824347e-24
   5.8793158e+01   5.7594245e-24
   5.8928736e+01   5.7365529e-24
   5.9064626e+01   5.7138191e-24
   5.9200829e+01   5.6912227e-24
   5.9337347e+01   5.6687630e-24
   5.9474179e+01   5.6464394e-24
   5.9611327e+01   5.6242515e-24
   5.9748791e+01   5.6021985e-24
   5.9886572e+01   5.5802800e-24
   6.0024671e+01   5.5584954e-24
   6.0163089e+01   5.5368441e-24
   6.0301825e+01   5.5153255e-24
   6.0440882e+01   5.4939390e-24
   6.0580259e+01   5.4726842e-24
   6.0719957e+01   5.4515604e-24
   6.0859978e+01   5.4305671e-24
   6.1000322e+01   5.4097037e-24
   6.1140989e+01   5.3889697e-24
   6.1281980e+01   5.3683645e-24
   6.1423297e+01   5.3478875e-24
   6.1564940e+01   5.3275383e-24
   6.1706909e+01   5.3073162e-24
   6.1849206e+01   5.2872208e-24
   6.1991830e+01   5.2672514e-24
   6.2134784e+01   5.2474075e-24
   6.2278067e+01   5.2276886e-24
   6.2421681e+01   5.2080941e-24
   6.2565626e+01   5.1886235e-24
   6.2709903e+01   5.1692763e-24
   6.2854512e+01   5.1500519e-24
   6.2999455e+01   5.1309498e-24
   6.3144732e+01   5.1119695e-24
   6.3290345e+01   5.0931103e-24
   6.3436293e+01   5.0743719e-24
   6.3582577e+01   5.0557536e-24
   6.3729199e+01   5.0372549e-24
   6.3876159e+01   5.0188754e-24
   6.4023458e+01   5.0006144e-24
   6.4171097e+01   4.9824714e-24
   6.4319076e+01   4.9644460e-24
   6.4467396e+01   4.9465376e-24
   6.4616058e+01   4.9287457e-24
   6.4765063e+01   4.9110697e-24
   6.4914412e+01   4.8935093e-24
   6.5064105e+01   4.8760637e-24
   6.5214144e+01   4.8587325e-24
   6.5364528e+01   4.8415153e-24
   6.5515259e+01   4.8244115e-24
   6.5666338e+01   4.8074205e-24
   6.5817765e+01   4.7905419e-24
   6.5969541e+01   4.7737752e-24
   6.6121667e+01   4.7571198e-24
   6.6274144e+01   4.7405753e-24
   6.6426973e+01   4.7241411e-24
   6.6580154e+01   4.7078168e-24
   6.6733688e+01   4.6916018e-24
   6.6887577e+01   4.6754956e-24
   6.7041820e+01   4.6594978e-24
   6.7196419e+01   4.6436078e-24
   6.7351374e+01   4.6278251e-24
   6.7506687e+01   4.6121493e-24
   6.7662358e+01   4.5965798e-24
   6.7818388e+01   4.5811162e-24
   6.7974778e+01   4.5657579e-24
   6.8131528e+01   4.5505045e-24
   6.8288640e+01   4.5353554e-24
   6.8446114e+01   4.5203102e-24
   6.8603951e+01   4.5053684e-24
   6.8762153e+01   4.4905295e-24
   6.8920719e+01   4.4757930e-24
   6.9079650e+01   4.4611585e-24
   6.9238949e+01   4.4466253e-24
   6.9398614e+01   4.4321931e-24
   6.9558648e+01   4.4178614e-24
   6.9719051e+01   4.4036297e-24
   6.9879823e+01   4.3894974e-24
   7.0040967e+01   4.3754642e-24
   7.0202482e+01   4.3615295e-24
   7.0364369e+01   4.3476929e-24
   7.0526630e+01   4.3339539e-24
   7.0689265e+01   4.3203119e-24
   7.0852275e+01   4.3067666e-24
   7.1015661e+01   4.2933174e-24
   7.1179423e+01   4.2799639e-24
   7.1343564e+01   4.2667056e-24
   7.1508083e+01   4.2535421e-24
   7.1672981e+01   4.2404728e-24
   7.1838259e+01   4.2274972e-24
   7.2003919e+01   4.2146150e-24
   7.2169960e+01   4.2018257e-24
   7.2336385e+01   4.1891287e-24
   7.2503193e+01   4.1765236e-24
   7.2670386e+01   4.1640099e-24
   7.2837964e+01   4.1515873e-24
   7.3005929e+01   4.1392551e-24
   7.3174282e+01   4.1270130e-24
   7.3343022e+01   4.1148604e-24
   7.3512152e+01   4.1027970e-24
   7.3681671e+01   4.0908223e-24
   7.3851582e+01   4.0789357e-24
   7.4021884e+01   4.0671368e-24
   7.4192579e+01   4.0554253e-24
   7.4363668e+01   4.0438005e-24
   7.4535151e+01   4.0322622e-24
   7.4707029e+01   4.0208097e-24
   7.4879304e+01   4.0094427e-24
   7.5051977e+01   3.9981606e-24
   7.5225047e+01   3.9869631e-24
   7.5398517e+01   3.9758497e-24
   7.5572386e+01   3.9648199e-24
   7.5746657e+01   3.9538733e-24
   7.5921329e+01   3.9430094e-24
   7.6096404e+01   3.9322278e-24
   7.6271883e+01   3.9215280e-24
   7.6447767e+01   3.9109097e-24
   7.6624056e+01   3.9003722e-24
   7.6800751e+01   3.8899152e-24
   7.6977855e+01   3.8795383e-24
   7.7155366e+01   3.8692410e-24
   7.7333287e+01   3.8590228e-24
   7.7511618e+01   3.8488834e-24
   7.7690361e+01   3.8388222e-24
   7.7869515e+01   3.8288388e-24
   7.8049083e+01   3.8189328e-24
   7.8229065e+01   3.8091038e-24
   7.8409461e+01   3.7993512e-24
   7.8590274e+01   3.7896748e-24
   7.8771504e+01   3.7800740e-24
   7.8953152e+01   3.7705483e-24
   7.9135218e+01   3.7610975e-24
   7.9317705e+01   3.7517209e-24
   7.9500612e+01   3.7424183e-24
   7.9683941e+01   3.7331891e-24
   7.9867693e+01   3.7240330e-24
   8.0051868e+01   3.7149494e-24
   8.0236468e+01   3.7059380e-24
   8.0421494e+01   3.6969984e-24
   8.0606947e+01   3.6881301e-24
   8.0792827e+01   3.6793327e-24
   8.0979136e+01   3.6706057e-24
   8.1165874e+01   3.6619488e-24
   8.1353044e+01   3.6533615e-24
   8.1540644e+01   3.6448434e-24
   8.1728678e+01   3.6363940e-24
   8.1917145e+01   3.6280130e-24
   8.2106046e+01   3.6197000e-24
   8.2295383e+01   3.6114544e-24
   8.2485157e+01   3.6032760e-24
   8.2675369e+01   3.5951642e-24
   8.2866019e+01   3.5871187e-24
   8.3057108e+01   3.5791390e-24
   8.3248639e+01   3.5712248e-24
   8.3440611e+01   3.5633756e-24
   8.3633025e+01   3.5555910e-24
   8.3825884e+01   3.5478706e-24
   8.4019187e+01   3.5402140e-24
   8.4212936e+01   3.5326208e-24
   8.4407131e+01   3.5250906e-24
   8.4601775e+01   3.5176229e-24
   8.4796867e+01   3.5102175e-24
   8.4992409e+01   3.5028737e-24
   8.5188403e+01   3.4955914e-24
   8.5384848e+01   3.4883700e-24
   8.5581746e+01   3.4812091e-24
   8.5779098e+01   3.4741085e-24
   8.5976905e+01   3.4670676e-24
   8.6175169e+01   3.4600860e-24
   8.6373889e+01   3.4531634e-24
   8.6573068e+01   3.4462995e-24
   8.6772706e+01   3.4394937e-24
   8.6972805e+01   3.4327457e-24
   8.7173365e+01   3.4260551e-24
   8.7374387e+01   3.4194215e-24
   8.7575873e+01   3.4128445e-24
   8.7777824e+01   3.4063238e-24
   8.7980240e+01   3.3998590e-24
   8.8183123e+01   3.3934496e-24
   8.8386474e+01   3.3870953e-24
   8.8590294e+01   3.3807957e-24
   8.8794584e+01   3.3745505e-24
   8.8999345e+01   3.3683592e-24
   8.9204578e+01   3.3622214e-24
   8.9410285e+01   3.3561369e-24
   8.9616465e+01   3.3501052e-24
   8.9823122e+01   3.3441259e-24
   9.0030254e+01   3.3381987e-24
   9.0237865e+01   3.3323233e-24
   9.0445954e+01   3.3264991e-24
   9.0654523e+01   3.3207259e-24
   9.0863573e+01   3.3150034e-24
   9.1073105e+01   3.3093310e-24
   9.1283120e+01   3.3037086e-24
   9.1493620e+01   3.2981356e-24
   9.1704605e+01   3.2926118e-24
   9.1916077e+01   3.2871368e-24
   9.2128036e+01   3.2817102e-24
   9.2340484e+01   3.2763317e-24
   9.2553422e+01   3.2710010e-24
   9.2766850e+01   3.2657175e-24
   9.2980771e+01   3.2604812e-24
   9.3195186e+01   3.2552914e-24
   9.3410095e+01   3.2501480e-24
   9.3625499e+01   3.2450506e-24
   9.3841400e+01   3.2399987e-24
   9.4057799e+01   3.2349922e-24
   9.4274697e+01   3.2300306e-24
   9.4492095e+01   3.2251135e-24
   9.4709995e+01   3.2202408e-24
   9.4928397e+01   3.2154119e-24
   9.5147302e+01   3.2106266e-24
   9.5366713e+01   3.2058846e-24
   9.5586629e+01   3.2011855e-24
   9.5807053e+01   3.1965289e-24
   9.6027984e+01   3.1919146e-24
   9.6249426e+01   3.1873422e-24
   9.6471378e+01   3.1828114e-24
   9.6693841e+01   3.1783218e-24
   9.6916818e+01   3.1738732e-24
   9.7140309e+01   3.1694652e-24
   9.7364315e+01   3.1650975e-24
   9.7588838e+01   3.1607697e-24
   9.7813879e+01   3.1564816e-24
   9.8039438e+01   3.1522329e-24
   9.8265518e+01   3.1480231e-24
   9.8492119e+01   3.1438521e-24
   9.8719243e+01   3.1397195e-24
   9.8946890e+01   3.1356249e-24
   9.9175062e+01   3.1315682e-24
   9.9403761e+01   3.1275489e-24
   9.9632987e+01   3.1235667e-24
   9.9862741e+01   3.1196215e-24
   1.0009303e+02   3.1157128e-24
   1.0032384e+02   3.1118403e-24
   1.0055519e+02   3.1080038e-24
   1.0078707e+02   3.1042030e-24
   1.0101948e+02   3.1004375e-24
   1.0125244e+02   3.0967072e-24
   1.0148593e+02   3.0930116e-24
   1.0171995e+02   3.0893505e-24
   1.0195452e+02   3.0857236e-24
   1.0218963e+02   3.0821306e-24
   1.0242528e+02   3.0785712e-24
   1.0266147e+02   3.0750452e-24
   1.0289821e+02   3.0715523e-24
   1.0313549e+02   3.0680921e-24
   1.0337332e+02   3.0646645e-24
   1.0361170e+02   3.0612691e-24
   1.0385063e+02   3.0579056e-24
   1.0409011e+02   3.0545738e-24
   1.0433015e+02   3.0512734e-24
   1.0457073e+02   3.0480042e-24
   1.0481187e+02   3.0447658e-24
   1.0505357e+02   3.0415580e-24
   1.0529582e+02   3.0383806e-24
   1.0553864e+02   3.0352332e-24
   1.0578201e+02   3.0321157e-24
   1.0602594e+02   3.0290276e-24
   1.0627044e+02   3.0259689e-24
   1.0651550e+02   3.0229392e-24
   1.0676113e+02   3.0199383e-24
   1.0700732e+02   3.0169659e-24
   1.0725408e+02   3.0140218e-24
   1.0750141e+02   3.0111057e-24
   1.0774931e+02   3.0082174e-24
   1.0799778e+02   3.0053566e-24
   1.0824682e+02   3.0025231e-24
   1.0849644e+02   2.9997166e-24
   1.0874663e+02   2.9969369e-24
   1.0899740e+02   2.9941838e-24
   1.0924875e+02   2.9914570e-24
   1.0950068e+02   2.9887562e-24
   1.0975319e+02   2.9860813e-24
   1.1000628e+02   2.9834320e-24
   1.1025996e+02   2.9808081e-24
   1.1051422e+02   2.9782093e-24
   1.1076906e+02   2.9756355e-24
   1.1102450e+02   2.9730863e-24
   1.1128052e+02   2.9705616e-24
   1.1153714e+02   2.9680611e-24
   1.1179434e+02   2.9655846e-24
   1.1205214e+02   2.9631319e-24
   1.1231053e+02   2.9607028e-24
   1.1256952e+02   2.9582971e-24
   1.1282911e+02   2.9559145e-24
   1.1308929e+02   2.9535548e-24
   1.1335008e+02   2.9512178e-24
   1.1361146e+02   2.9489033e-24
   1.1387345e+02   2.9466112e-24
   1.1413605e+02   2.9443411e-24
   1.1439924e+02   2.9420928e-24
   1.1466305e+02   2.9398663e-24
   1.1492746e+02   2.9376612e-24
   1.1519249e+02   2.9354773e-24
   1.1545812e+02   2.9333146e-24
   1.1572437e+02   2.9311727e-24
   1.1599123e+02   2.9290514e-24
   1.1625871e+02   2.9269507e-24
   1.1652680e+02   2.9248702e-24
   1.1679551e+02   2.9228098e-24
   1.1706484e+02   2.9207693e-24
   1.1733480e+02   2.9187484e-24
   1.1760537e+02   2.9167471e-24
   1.1787657e+02   2.9147652e-24
   1.1814839e+02   2.9128023e-24
   1.1842085e+02   2.9108585e-24
   1.1869392e+02   2.9089334e-24
   1.1896763e+02   2.9070268e-24
   1.1924197e+02   2.9051387e-24
   1.1951695e+02   2.9032689e-24
   1.1979255e+02   2.9014171e-24
   1.2006880e+02   2.8995832e-24
   1.2034568e+02   2.8977670e-24
   1.2062319e+02   2.8959683e-24
   1.2090135e+02   2.8941870e-24
   1.2118015e+02   2.8924229e-24
   1.2145959e+02   2.8906758e-24
   1.2173968e+02   2.8889456e-24
   1.2202041e+02   2.8872321e-24
   1.2230179e+02   2.8855352e-24
   1.2258382e+02   2.8838546e-24
   1.2286650e+02   2.8821902e-24
   1.2314983e+02   2.8805418e-24
   1.2343382e+02   2.8789094e-24
   1.2371846e+02   2.8772927e-24
   1.2400375e+02   2.8756916e-24
   1.2428971e+02   2.8741059e-24
   1.2457632e+02   2.8725354e-24
   1.2486359e+02   2.8709801e-24
   1.2515153e+02   2.8694398e-24
   1.2544013e+02   2.8679143e-24
   1.2572940e+02   2.8664035e-24
   1.2601933e+02   2.8649072e-24
   1.2630993e+02   2.8634253e-24
   1.2660120e+02   2.8619576e-24
   1.2689314e+02   2.8605040e-24
   1.2718576e+02   2.8590644e-24
   1.2747905e+02   2.8576386e-24
   1.2777302e+02   2.8562265e-24
   1.2806767e+02   2.8548279e-24
   1.2836299e+02   2.8534428e-24
   1.2865900e+02   2.8520709e-24
   1.2895569e+02   2.8507121e-24
   1.2925306e+02   2.8493664e-24
   1.2955112e+02   2.8480335e-24
   1.2984986e+02   2.8467134e-24
   1.3014930e+02   2.8454058e-24
   1.3044942e+02   2.8441108e-24
   1.3075024e+02   2.8428282e-24
   1.3105175e+02   2.8415577e-24
   1.3135396e+02   2.8402994e-24
   1.3165686e+02   2.8390531e-24
   1.3196046e+02   2.8378187e-24
   1.3226476e+02   2.8365960e-24
   1.3256977e+02   2.8353849e-24
   1.3287547e+02   2.8341853e-24
   1.3318189e+02   2.8329972e-24
   1.3348901e+02   2.8318203e-24
   1.3379683e+02   2.8306546e-24
   1.3410537e+02   2.8294999e-24
   1.3441462e+02   2.8283561e-24
   1.3472458e+02   2.8272232e-24
   1.3503525e+02   2.8261010e-24
   1.3534665e+02   2.8249895e-24
   1.3565876e+02   2.8238884e-24
   1.3597159e+02   2.8227977e-24
   1.3628514e+02   2.8217173e-24
   1.3659941e+02   2.8206470e-24
   1.3691441e+02   2.8195869e-24
   1.3723014e+02   2.8185367e-24
   1.3754659e+02   2.8174964e-24
   1.3786377e+02   2.8164658e-24
   1.3818169e+02   2.8154449e-24
   1.3850034e+02   2.8144336e-24
   1.3881972e+02   2.8134318e-24
   1.3913984e+02   2.8124394e-24
   1.3946070e+02   2.8114562e-24
   1.3978229e+02   2.8104822e-24
   1.4010463e+02   2.8095173e-24
   1.4042772e+02   2.8085614e-24
   1.4075154e+02   2.8076144e-24
   1.4107612e+02   2.8066762e-24
   1.4140144e+02   2.8057468e-24
   1.4172751e+02   2.8048260e-24
   1.4205434e+02   2.8039137e-24
   1.4238192e+02   2.8030099e-24
   1.4271025e+02   2.8021144e-24
   1.4303934e+02   2.8012273e-24
   1.4336919e+02   2.8003484e-24
   1.4369980e+02   2.7994775e-24
   1.4403117e+02   2.7986147e-24
   1.4436331e+02   2.7977599e-24
   1.4469621e+02   2.7969129e-24
   1.4502988e+02   2.7960738e-24
   1.4536432e+02   2.7952423e-24
   1.4569954e+02   2.7944185e-24
   1.4603552e+02   2.7936022e-24
   1.4637228e+02   2.7927935e-24
   1.4670981e+02   2.7919921e-24
   1.4704813e+02   2.7911980e-24
   1.4738722e+02   2.7904113e-24
   1.4772710e+02   2.7896317e-24
   1.4806776e+02   2.7888592e-24
   1.4840920e+02   2.7880937e-24
   1.4875144e+02   2.7873352e-24
   1.4909446e+02   2.7865836e-24
   1.4943827e+02   2.7858388e-24
   1.4978288e+02   2.7851008e-24
   1.5012828e+02   2.7843695e-24
   1.5047447e+02   2.7836448e-24
   1.5082147e+02   2.7829266e-24
   1.5116927e+02   2.7822150e-24
   1.5151786e+02   2.7815097e-24
   1.5186726e+02   2.7808108e-24
   1.5221747e+02   2.7801183e-24
   1.5256849e+02   2.7794319e-24
   1.5292031e+02   2.7787518e-24
   1.5327295e+02   2.7780777e-24
   1.5362639e+02   2.7774097e-24
   1.5398066e+02   2.7767477e-24
   1.5433574e+02   2.7760916e-24
   1.5469164e+02   2.7754413e-24
   1.5504836e+02   2.7747969e-24
   1.5540590e+02   2.7741583e-24
   1.5576427e+02   2.7735253e-24
   1.5612346e+02   2.7728980e-24
   1.5648348e+02   2.7722763e-24
   1.5684434e+02   2.7716602e-24
   1.5720602e+02   2.7710495e-24
   1.5756854e+02   2.7704442e-24
   1.5793189e+02   2.7698443e-24
   1.5829608e+02   2.7692497e-24
   1.5866112e+02   2.7686604e-24
   1.5902699e+02   2.7680764e-24
   1.5939371e+02   2.7674975e-24
   1.5976127e+02   2.7669237e-24
   1.6012968e+02   2.7663550e-24
   1.6049894e+02   2.7657913e-24
   1.6086905e+02   2.7652326e-24
   1.6124002e+02   2.7646788e-24
   1.6161184e+02   2.7641299e-24
   1.6198452e+02   2.7635858e-24
   1.6235805e+02   2.7630466e-24
   1.6273245e+02   2.7625121e-24
   1.6310772e+02   2.7619823e-24
   1.6348384e+02   2.7614571e-24
   1.6386084e+02   2.7609366e-24
   1.6423870e+02   2.7604206e-24
   1.6461744e+02   2.7599092e-24
   1.6499705e+02   2.7594022e-24
   1.6537753e+02   2.7588998e-24
   1.6575889e+02   2.7584017e-24
   1.6614114e+02   2.7579080e-24
   1.6652426e+02   2.7574186e-24
   1.6690826e+02   2.7569335e-24
   1.6729316e+02   2.7564527e-24
   1.6767894e+02   2.7559761e-24
   1.6806560e+02   2.7555036e-24
   1.6845316e+02   2.7550353e-24
   1.6884162e+02   2.7545712e-24
   1.6923097e+02   2.7541110e-24
   1.6962122e+02   2.7536550e-24
   1.7001236e+02   2.7532029e-24
   1.7040441e+02   2.7527548e-24
   1.7079737e+02   2.7523106e-24
   1.7119123e+02   2.7518703e-24
   1.7158600e+02   2.7514339e-24
   1.7198168e+02   2.7510013e-24
   1.7237827e+02   2.7505725e-24
   1.7277577e+02   2.7501475e-24
   1.7317419e+02   2.7497262e-24
   1.7357354e+02   2.7493087e-24
   1.7397380e+02   2.7488948e-24
   1.7437498e+02   2.7484846e-24
   1.7477709e+02   2.7480779e-24
   1.7518013e+02   2.7476749e-24
   1.7558410e+02   2.7472755e-24
   1.7598899e+02   2.7468795e-24
   1.7639483e+02   2.7464871e-24
   1.7680159e+02   2.7460982e-24
   1.7720930e+02   2.7457127e-24
   1.7761795e+02   2.7453306e-24
   1.7802753e+02   2.7449520e-24
   1.7843807e+02   2.7445767e-24
   1.7884955e+02   2.7442047e-24
   1.7926198e+02   2.7438361e-24
   1.7967535e+02   2.7434708e-24
   1.8008969e+02   2.7431088e-24
   1.8050498e+02   2.7427500e-24
   1.8092122e+02   2.7423945e-24
   1.8133843e+02   2.7420421e-24
   1.8175659e+02   2.7416930e-24
   1.8217573e+02   2.7413470e-24
   1.8259583e+02   2.7410042e-24
   1.8301689e+02   2.7406644e-24
   1.8343893e+02   2.7403278e-24
   1.8386194e+02   2.7399942e-24
   1.8428593e+02   2.7396638e-24
   1.8471089e+02   2.7393363e-24
   1.8513684e+02   2.7390119e-24
   1.8556377e+02   2.7386904e-24
   1.8599168e+02   2.7383720e-24
   1.8642058e+02   2.7380565e-24
   1.8685046e+02   2.7377439e-24
   1.8728134e+02   2.7374343e-24
   1.8771321e+02   2.7371276e-24
   1.8814608e+02   2.7368238e-24
   1.8857995e+02   2.7365228e-24
   1.8901482e+02   2.7362247e-24
   1.8945068e+02   2.7359295e-24
   1.8988756e+02   2.7356370e-24
   1.9032544e+02   2.7353474e-24
   1.9076433e+02   2.7350606e-24
   1.9120424e+02   2.7347766e-24
   1.9164516e+02   2.7344953e-24
   1.9208709e+02   2.7342168e-24
   1.9253005e+02   2.7339410e-24
   1.9297402e+02   2.7336679e-24
   1.9341902e+02   2.7333975e-24
   1.9386505e+02   2.7331299e-24
   1.9431210e+02   2.7328649e-24
   1.9476019e+02   2.7326026e-24
   1.9520930e+02   2.7323429e-24
   1.9565946e+02   2.7320859e-24
   1.9611065e+02   2.7318315e-24
   1.9656288e+02   2.7315797e-24
   1.9701616e+02   2.7313306e-24
   1.9747048e+02   2.7310840e-24
   1.9792585e+02   2.7308401e-24
   1.9838227e+02   2.7305987e-24
   1.9883974e+02   2.7303598e-24
   1.9929826e+02   2.7301236e-24
   1.9975785e+02   2.7298899e-24
   2.0021849e+02   2.7296587e-24
   2.0068020e+02   2.7294300e-24
   2.0114297e+02   2.7292039e-24
   2.0160680e+02   2.7289803e-24
   2.0207171e+02   2.7287592e-24
   2.0253769e+02   2.7285405e-24
   2.0300474e+02   2.7283244e-24
   2.0347287e+02   2.7281107e-24
   2.0394208e+02   2.7278995e-24
   2.0441237e+02   2.7276908e-24
   2.0488375e+02   2.7274845e-24
   2.0535621e+02   2.7272807e-24
   2.0582977e+02   2.7270793e-24
   2.0630441e+02   2.7268804e-24
   2.0678015e+02   2.7266839e-24
   2.0725699e+02   2.7264898e-24
   2.0773492e+02   2.7262981e-24
   2.0821396e+02   2.7261088e-24
   2.0869411e+02   2.7259220e-24
   2.0917536e+02   2.7257375e-24
   2.0965772e+02   2.7255555e-24
   2.1014119e+02   2.7253758e-24
   2.1062578e+02   2.7251985e-24
   2.1111148e+02   2.7250236e-24
   2.1159831e+02   2.7248511e-24
   2.1208625e+02   2.7246810e-24
   2.1257533e+02   2.7245132e-24
   2.1306553e+02   2.7243478e-24
   2.1355686e+02   2.7241848e-24
   2.1404932e+02   2.7240241e-24
   2.1454292e+02   2.7238658e-24
   2.1503766e+02   2.7237098e-24
   2.1553354e+02   2.7235562e-24
   2.1603056e+02   2.7234049e-24
   2.1652873e+02   2.7232560e-24
   2.1702804e+02   2.7231095e-24
   2.1752851e+02   2.7229652e-24
   2.1803013e+02   2.7228234e-24
   2.1853291e+02   2.7226838e-24
   2.1903685e+02   2.7225467e-24
   2.1954195e+02   2.7224118e-24
   2.2004822e+02   2.7222793e-24
   2.2055565e+02   2.7221491e-24
   2.2106425e+02   2.7220213e-24
   2.2157403e+02   2.7218958e-24
   2.2208498e+02   2.7217726e-24
   2.2259711e+02   2.7216518e-24
   2.2311042e+02   2.7215333e-24
   2.2362491e+02   2.7214172e-24
   2.2414060e+02   2.7213034e-24
   2.2465747e+02   2.7211919e-24
   2.2517553e+02   2.7210827e-24
   2.2569478e+02   2.7209760e-24
   2.2621524e+02   2.7208715e-24
   2.2673689e+02   2.7207694e-24
   2.2725975e+02   2.7206696e-24
   2.2778381e+02   2.7205722e-24
   2.2830908e+02   2.7204771e-24
   2.2883556e+02   2.7203844e-24
   2.2936326e+02   2.7202940e-24
   2.2989217e+02   2.7202060e-24
   2.3042231e+02   2.7201203e-24
   2.3095366e+02   2.7200370e-24
   2.3148624e+02   2.7199561e-24
   2.3202005e+02   2.7198775e-24
   2.3255509e+02   2.7198013e-24
   2.3309137e+02   2.7197274e-24
   2.3362888e+02   2.7196559e-24
   2.3416763e+02   2.7195868e-24
   2.3470762e+02   2.7195201e-24
   2.3524886e+02   2.7194558e-24
   2.3579134e+02   2.7193938e-24
   2.3633508e+02   2.7193343e-24
   2.3688007e+02   2.7192771e-24
   2.3742632e+02   2.7192223e-24
   2.3797382e+02   2.7191700e-24
   2.3852259e+02   2.7191200e-24
   2.3907263e+02   2.7190724e-24
   2.3962393e+02   2.7190273e-24
   2.4017651e+02   2.7189846e-24
   2.4073036e+02   2.7189443e-24
   2.4128548e+02   2.7189064e-24
   2.4184189e+02   2.7188710e-24
   2.4239958e+02   2.7188380e-24
   2.4295855e+02   2.7188075e-24
   2.4351882e+02   2.7187794e-24
   2.4408037e+02   2.7187538e-24
   2.4464322e+02   2.7187306e-24
   2.4520737e+02   2.7187100e-24
   2.4577282e+02   2.7186917e-24
   2.4633958e+02   2.7186760e-24
   2.4690764e+02   2.7186628e-24
   2.4747701e+02   2.7186520e-24
   2.4804769e+02   2.7186438e-24
   2.4861969e+02   2.7186380e-24
   2.4919301e+02   2.7186348e-24
   2.4976765e+02   2.7186341e-24
   2.5034362e+02   2.7186359e-24
   2.5092091e+02   2.7186402e-24
   2.5149954e+02   2.7186471e-24
   2.5207950e+02   2.7186566e-24
   2.5266080e+02   2.7186686e-24
   2.5324343e+02   2.7186831e-24
   2.5382742e+02   2.7187003e-24
   2.5441274e+02   2.7187200e-24
   2.5499942e+02   2.7187423e-24
   2.5558745e+02   2.7187672e-24
   2.5617684e+02   2.7187947e-24
   2.5676758e+02   2.7188248e-24
   2.5735969e+02   2.7188575e-24
   2.5795317e+02   2.7188928e-24
   2.5854801e+02   2.7189308e-24
   2.5914422e+02   2.7189715e-24
   2.5974181e+02   2.7190148e-24
   2.6034078e+02   2.7190607e-24
   2.6094112e+02   2.7191093e-24
   2.6154286e+02   2.7191606e-24
   2.6214598e+02   2.7192146e-24
   2.6275049e+02   2.7192713e-24
   2.6335639e+02   2.7193307e-24
   2.6396369e+02   2.7193928e-24
   2.6457240e+02   2.7194576e-24
   2.6518250e+02   2.7195252e-24
   2.6579401e+02   2.7195955e-24
   2.6640694e+02   2.7196685e-24
   2.6702127e+02   2.7197443e-24
   2.6763703e+02   2.7198229e-24
   2.6825420e+02   2.7199043e-24
   2.6887280e+02   2.7199885e-24
   2.6949282e+02   2.7200755e-24
   2.7011427e+02   2.7201653e-24
   2.7073716e+02   2.7202579e-24
   2.7136148e+02   2.7203533e-24
   2.7198724e+02   2.7204516e-24
   2.7261444e+02   2.7205528e-24
   2.7324310e+02   2.7206568e-24
   2.7387320e+02   2.7207637e-24
   2.7450475e+02   2.7208734e-24
   2.7513776e+02   2.7209861e-24
   2.7577223e+02   2.7211017e-24
   2.7640816e+02   2.7212202e-24
   2.7704556e+02   2.7213417e-24
   2.7768443e+02   2.7214660e-24
   2.7832477e+02   2.7215934e-24
   2.7896659e+02   2.7217237e-24
   2.7960989e+02   2.7218570e-24
   2.8025467e+02   2.7219932e-24
   2.8090094e+02   2.7221325e-24
   2.8154870e+02   2.7222748e-24
   2.8219796e+02   2.7224201e-24
   2.8284871e+02   2.7225684e-24
   2.8350096e+02   2.7227198e-24
   2.8415471e+02   2.7228742e-24
   2.8480998e+02   2.7230318e-24
   2.8546675e+02   2.7231924e-24
   2.8612504e+02   2.7233561e-24
   2.8678485e+02   2.7235229e-24
   2.8744617e+02   2.7236928e-24
   2.8810903e+02   2.7238659e-24
   2.8877341e+02   2.7240421e-24
   2.8943932e+02   2.7242214e-24
   2.9010677e+02   2.7244040e-24
   2.9077576e+02   2.7245897e-24
   2.9144629e+02   2.7247786e-24
   2.9211837e+02   2.7249708e-24
   2.9279200e+02   2.7251661e-24
   2.9346718e+02   2.7253647e-24
   2.9414391e+02   2.7255666e-24
   2.9482221e+02   2.7257717e-24
   2.9550207e+02   2.7259801e-24
   2.9618350e+02   2.7261917e-24
   2.9686651e+02   2.7264067e-24
   2.9755108e+02   2.7266250e-24
   2.9823724e+02   2.7268466e-24
   2.9892498e+02   2.7270716e-24
   2.9961430e+02   2.7272999e-24
   3.0030521e+02   2.7275316e-24
   3.0099772e+02   2.7277667e-24
   3.0169182e+02   2.7280052e-24
   3.0238752e+02   2.7282471e-24
   3.0308483e+02   2.7284925e-24
   3.0378375e+02   2.7287412e-24
   3.0448428e+02   2.7289935e-24
   3.0518642e+02   2.7292492e-24
   3.0589018e+02   2.7295084e-24
   3.0659557e+02   2.7297711e-24
   3.0730258e+02   2.7300373e-24
   3.0801122e+02   2.7303070e-24
   3.0872150e+02   2.7305803e-24
   3.0943341e+02   2.7308571e-24
   3.1014697e+02   2.7311376e-24
   3.1086217e+02   2.7314216e-24
   3.1157902e+02   2.7317092e-24
   3.1229752e+02   2.7320004e-24
   3.1301768e+02   2.7322953e-24
   3.1373950e+02   2.7325938e-24
   3.1446299e+02   2.7328960e-24
   3.1518814e+02   2.7332018e-24
   3.1591497e+02   2.7335114e-24
   3.1664347e+02   2.7338246e-24
   3.1737365e+02   2.7341416e-24
   3.1810552e+02   2.7344624e-24
   3.1883907e+02   2.7347869e-24
   3.1957432e+02   2.7351151e-24
   3.2031126e+02   2.7354472e-24
   3.2104990e+02   2.7357830e-24
   3.2179024e+02   2.7361227e-24
   3.2253229e+02   2.7364662e-24
   3.2327606e+02   2.7368136e-24
   3.2402153e+02   2.7371649e-24
   3.2476873e+02   2.7375200e-24
   3.2551765e+02   2.7378790e-24
   3.2626829e+02   2.7382420e-24
   3.2702067e+02   2.7386088e-24
   3.2777478e+02   2.7389797e-24
   3.2853063e+02   2.7393545e-24
   3.2928823e+02   2.7397333e-24
   3.3004757e+02   2.7401161e-24
   3.3080866e+02   2.7405029e-24
   3.3157151e+02   2.7408937e-24
   3.3233612e+02   2.7412886e-24
   3.3310249e+02   2.7416876e-24
   3.3387062e+02   2.7420906e-24
   3.3464053e+02   2.7424978e-24
   3.3541221e+02   2.7429091e-24
   3.3618568e+02   2.7433245e-24
   3.3696092e+02   2.7437440e-24
   3.3773796e+02   2.7441678e-24
   3.3851679e+02   2.7445957e-24
   3.3929741e+02   2.7450278e-24
   3.4007983e+02   2.7454642e-24
   3.4086406e+02   2.7459048e-24
   3.4165009e+02   2.7463496e-24
   3.4243794e+02   2.7467988e-24
   3.4322760e+02   2.7472522e-24
   3.4401909e+02   2.7477099e-24
   3.4481240e+02   2.7481720e-24
   3.4560754e+02   2.7486384e-24
   3.4640451e+02   2.7491092e-24
   3.4720333e+02   2.7495844e-24
   3.4800398e+02   2.7500640e-24
   3.4880648e+02   2.7505480e-24
   3.4961083e+02   2.7510364e-24
   3.5041703e+02   2.7515293e-24
   3.5122510e+02   2.7520267e-24
   3.5203503e+02   2.7525286e-24
   3.5284682e+02   2.7530350e-24
   3.5366049e+02   2.7535459e-24
   3.5447603e+02   2.7540613e-24
   3.5529346e+02   2.7545814e-24
   3.5611277e+02   2.7551060e-24
   3.5693397e+02   2.7556353e-24
   3.5775706e+02   2.7561691e-24
   3.5858205e+02   2.7567076e-24
   3.5940894e+02   2.7572508e-24
   3.6023774e+02   2.7577987e-24
   3.6106845e+02   2.7583512e-24
   3.6190108e+02   2.7589085e-24
   3.6273563e+02   2.7594706e-24
   3.6357210e+02   2.7600374e-24
   3.6441050e+02   2.7606090e-24
   3.6525083e+02   2.7611853e-24
   3.6609310e+02   2.7617665e-24
   3.6693731e+02   2.7623526e-24
   3.6778347e+02   2.7629435e-24
   3.6863159e+02   2.7635393e-24
   3.6948165e+02   2.7641400e-24
   3.7033368e+02   2.7647456e-24
   3.7118767e+02   2.7653562e-24
   3.7204364e+02   2.7659717e-24
   3.7290157e+02   2.7665922e-24
   3.7376148e+02   2.7672177e-24
   3.7462338e+02   2.7678483e-24
   3.7548727e+02   2.7684838e-24
   3.7635314e+02   2.7691245e-24
   3.7722102e+02   2.7697702e-24
   3.7809089e+02   2.7704211e-24
   3.7896277e+02   2.7710770e-24
   3.7983666e+02   2.7717382e-24
   3.8071257e+02   2.7724045e-24
   3.8159049e+02   2.7730760e-24
   3.8247044e+02   2.7737527e-24
   3.8335242e+02   2.7744346e-24
   3.8423644e+02   2.7751218e-24
   3.8512249e+02   2.7758143e-24
   3.8601059e+02   2.7765121e-24
   3.8690073e+02   2.7772152e-24
   3.8779292e+02   2.7779237e-24
   3.8868718e+02   2.7786375e-24
   3.8958349e+02   2.7793568e-24
   3.9048188e+02   2.7800814e-24
   3.9138233e+02   2.7808115e-24
   3.9228486e+02   2.7815471e-24
   3.9318947e+02   2.7822881e-24
   3.9409617e+02   2.7830346e-24
   3.9500496e+02   2.7837867e-24
   3.9591584e+02   2.7845443e-24
   3.9682883e+02   2.7853076e-24
   3.9774392e+02   2.7860764e-24
   3.9866112e+02   2.7868508e-24
   3.9958044e+02   2.7876309e-24
   4.0050187e+02   2.7884167e-24
   4.0142543e+02   2.7892082e-24
   4.0235112e+02   2.7900055e-24
   4.0327895e+02   2.7908084e-24
   4.0420891e+02   2.7916172e-24
   4.0514102e+02   2.7924318e-24
   4.0607528e+02   2.7932522e-24
   4.0701169e+02   2.7940785e-24
   4.0795026e+02   2.7949107e-24
   4.0889100e+02   2.7957488e-24
   4.0983390e+02   2.7965928e-24
   4.1077898e+02   2.7974429e-24
   4.1172624e+02   2.7982989e-24
   4.1267569e+02   2.7991610e-24
   4.1362732e+02   2.8000291e-24
   4.1458115e+02   2.8009034e-24
   4.1553718e+02   2.8017838e-24
   4.1649541e+02   2.8026704e-24
   4.1745585e+02   2.8035632e-24
   4.1841851e+02   2.8044622e-24
   4.1938338e+02   2.8053675e-24
   4.2035048e+02   2.8062792e-24
   4.2131982e+02   2.8071971e-24
   4.2229138e+02   2.8081215e-24
   4.2326519e+02   2.8090524e-24
   4.2424124e+02   2.8099897e-24
   4.2521955e+02   2.8109336e-24
   4.2620010e+02   2.8118840e-24
   4.2718293e+02   2.8128411e-24
   4.2816801e+02   2.8138049e-24
   4.2915537e+02   2.8147754e-24
   4.3014501e+02   2.8157528e-24
   4.3113692e+02   2.8167370e-24
   4.3213113e+02   2.8177282e-24
   4.3312763e+02   2.8187264e-24
   4.3412642e+02   2.8197318e-24
   4.3512752e+02   2.8207443e-24
   4.3613093e+02   2.8217641e-24
   4.3713665e+02   2.8227913e-24
   4.3814469e+02   2.8238261e-24
   4.3915506e+02   2.8248685e-24
   4.4016775e+02   2.8259186e-24
   4.4118278e+02   2.8269768e-24
   4.4220015e+02   2.8280430e-24
   4.4321987e+02   2.8291176e-24
   4.4424194e+02   2.8302007e-24
   4.4526636e+02   2.8312926e-24
   4.4629315e+02   2.8323935e-24
   4.4732231e+02   2.8335039e-24
   4.4835383e+02   2.8346241e-24
   4.4938774e+02   2.8357545e-24
   4.5042403e+02   2.8368957e-24
   4.5146271e+02   2.8380482e-24
   4.5250379e+02   2.8392129e-24
   4.5354727e+02   2.8403905e-24
   4.5459315e+02   2.8415820e-24
   4.5564145e+02   2.8427889e-24
   4.5669216e+02   2.8440125e-24
   4.5774529e+02   2.8452549e-24
   4.5880086e+02   2.8465184e-24
   4.5985886e+02   2.8478060e-24
   4.6091930e+02   2.8491216e-24
   4.6198218e+02   2.8504703e-24
   4.6304751e+02   2.8518586e-24
   4.6411530e+02   2.8532954e-24
   4.6518556e+02   2.8547929e-24
   4.6625828e+02   2.8563678e-24
   4.6733347e+02   2.8580444e-24
   4.6841115e+02   2.8598581e-24
   4.6949131e+02   2.8618631e-24
   4.7057396e+02   2.8641447e-24
   4.7165911e+02   2.8668446e-24
   4.7274676e+02   2.8702125e-24
   4.7383691e+02   2.8747214e-24
   4.7492958e+02   2.8813603e-24
   4.7602478e+02   2.8924947e-24
   4.7712249e+02   2.9150165e-24
   4.7822274e+02   2.9767116e-24
   4.7932553e+02   3.2957724e-24
   4.8043085e+02   4.0573733e-23
   4.8153873e+02   3.2330455e-24
   4.8264916e+02   2.9694499e-24
   4.8376216e+02   2.9172905e-24
   4.8487772e+02   2.8995049e-24
   4.8599585e+02   2.8919359e-24
   4.8711656e+02   2.8884368e-24
   4.8823985e+02   2.8868721e-24
   4.8936574e+02   2.8863439e-24
   4.9049422e+02   2.8864216e-24
   4.9162530e+02   2.8868780e-24
   4.9275899e+02   2.8875842e-24
   4.9389530e+02   2.8884626e-24
   4.9503423e+02   2.8894643e-24
   4.9617578e+02   2.8905574e-24
   4.9731996e+02   2.8917202e-24
   4.9846679e+02   2.8929376e-24
   4.9961626e+02   2.8941989e-24
   5.0076837e+02   2.8954962e-24
   5.0192315e+02   2.8968236e-24
   5.0308059e+02   2.8981769e-24
   5.0424070e+02   2.8995528e-24
   5.0540348e+02   2.9009485e-24
   5.0656894e+02   2.9023621e-24
   5.0773710e+02   2.9037920e-24
   5.0890794e+02   2.9052368e-24
   5.1008149e+02   2.9066957e-24
   5.1125774e+02   2.9081676e-24
   5.1243670e+02   2.9096521e-24
   5.1361839e+02   2.9111483e-24
   5.1480279e+02   2.9126561e-24
   5.1598993e+02   2.9141748e-24
   5.1717981e+02   2.9157043e-24
   5.1837243e+02   2.9172442e-24
   5.1956780e+02   2.9187944e-24
   5.2076593e+02   2.9203546e-24
   5.2196682e+02   2.9219246e-24
   5.2317048e+02   2.9235044e-24
   5.2437691e+02   2.9250939e-24
   5.2558613e+02   2.9266929e-24
   5.2679814e+02   2.9283014e-24
   5.2801294e+02   2.9299193e-24
   5.2923054e+02   2.9315465e-24
   5.3045095e+02   2.9331830e-24
   5.3167417e+02   2.9348288e-24
   5.3290022e+02   2.9364839e-24
   5.3412909e+02   2.9381481e-24
   5.3536079e+02   2.9398216e-24
   5.3659534e+02   2.9415042e-24
   5.3783273e+02   2.9431961e-24
   5.3907298e+02   2.9448971e-24
   5.4031609e+02   2.9466073e-24
   5.4156206e+02   2.9483267e-24
   5.4281090e+02   2.9500553e-24
   5.4406263e+02   2.9517930e-24
   5.4531724e+02   2.9535400e-24
   5.4657475e+02   2.9552962e-24
   5.4783515e+02   2.9570616e-24
   5.4909847e+02   2.9588363e-24
   5.5036469e+02   2.9606202e-24
   5.5163384e+02   2.9624134e-24
   5.5290591e+02   2.9642158e-24
   5.5418091e+02   2.9660276e-24
   5.5545886e+02   2.9678488e-24
   5.5673975e+02   2.9696792e-24
   5.5802360e+02   2.9715191e-24
   5.5931040e+02   2.9733683e-24
   5.6060018e+02   2.9752269e-24
   5.6189293e+02   2.9770950e-24
   5.6318866e+02   2.9789726e-24
   5.6448737e+02   2.9808596e-24
   5.6578909e+02   2.9827562e-24
   5.6709380e+02   2.9846622e-24
   5.6840152e+02   2.9865779e-24
   5.6971226e+02   2.9885031e-24
   5.7102602e+02   2.9904379e-24
   5.7234281e+02   2.9923824e-24
   5.7366264e+02   2.9943366e-24
   5.7498551e+02   2.9963004e-24
   5.7631143e+02   2.9982740e-24
   5.7764041e+02   3.0002572e-24
   5.7897245e+02   3.0022503e-24
   5.8030757e+02   3.0042532e-24
   5.8164576e+02   3.0062659e-24
   5.8298704e+02   3.0082885e-24
   5.8433141e+02   3.0103209e-24
   5.8567889e+02   3.0123633e-24
   5.8702947e+02   3.0144156e-24
   5.8838316e+02   3.0164778e-24
   5.8973998e+02   3.0185501e-24
   5.9109992e+02   3.0206324e-24
   5.9246300e+02   3.0227247e-24
   5.9382923e+02   3.0248272e-24
   5.9519860e+02   3.0269397e-24
   5.9657113e+02   3.0290624e-24
   5.9794683e+02   3.0311953e-24
   5.9932570e+02   3.0333384e-24
   6.0070775e+02   3.0354917e-24
   6.0209299e+02   3.0376553e-24
   6.0348142e+02   3.0398291e-24
   6.0487305e+02   3.0420133e-24
   6.0626789e+02   3.0442079e-24
   6.0766595e+02   3.0464128e-24
   6.0906723e+02   3.0486282e-24
   6.1047175e+02   3.0508540e-24
   6.1187950e+02   3.0530902e-24
   6.1329050e+02   3.0553370e-24
   6.1470475e+02   3.0575943e-24
   6.1612226e+02   3.0598622e-24
   6.1754305e+02   3.0621406e-24
   6.1896711e+02   3.0644297e-24
   6.2039445e+02   3.0667295e-24
   6.2182508e+02   3.0690400e-24
   6.2325902e+02   3.0713611e-24
   6.2469626e+02   3.0736930e-24
   6.2613681e+02   3.0760357e-24
   6.2758069e+02   3.0783893e-24
   6.2902789e+02   3.0807536e-24
   6.3047844e+02   3.0831289e-24
   6.3193232e+02   3.0855150e-24
   6.3338957e+02   3.0879121e-24
   6.3485017e+02   3.0903201e-24
   6.3631414e+02   3.0927392e-24
   6.3778148e+02   3.0951693e-24
   6.3925221e+02   3.0976104e-24
   6.4072633e+02   3.1000627e-24
   6.4220385e+02   3.1025261e-24
   6.4368478e+02   3.1050006e-24
   6.4516912e+02   3.1074864e-24
   6.4665688e+02   3.1099833e-24
   6.4814808e+02   3.1124915e-24
   6.4964271e+02   3.1150110e-24
   6.5114080e+02   3.1175419e-24
   6.5264233e+02   3.1200841e-24
   6.5414733e+02   3.1226376e-24
   6.5565580e+02   3.1252026e-24
   6.5716775e+02   3.1277790e-24
   6.5868318e+02   3.1303669e-24
   6.6020211e+02   3.1329663e-24
   6.6172454e+02   3.1355773e-24
   6.6325048e+02   3.1381999e-24
   6.6477994e+02   3.1408340e-24
   6.6631293e+02   3.1434798e-24
   6.6784945e+02   3.1461373e-24
   6.6938952e+02   3.1488065e-24
   6.7093314e+02   3.1514874e-24
   6.7248031e+02   3.1541801e-24
   6.7403106e+02   3.1568846e-24
   6.7558538e+02   3.1596010e-24
   6.7714328e+02   3.1623292e-24
   6.7870478e+02   3.1650693e-24
   6.8026988e+02   3.1678214e-24
   6.8183859e+02   3.1705854e-24
   6.8341091e+02   3.1733615e-24
   6.8498686e+02   3.1761495e-24
   6.8656645e+02   3.1789497e-24
   6.8814967e+02   3.1817619e-24
   6.8973655e+02   3.1845863e-24
   6.9132709e+02   3.1874229e-24
   6.9292130e+02   3.1902717e-24
   6.9451918e+02   3.1931327e-24
   6.9612074e+02   3.1960059e-24
   6.9772600e+02   3.1988915e-24
   6.9933497e+02   3.2017894e-24
   7.0094764e+02   3.2046997e-24
   7.0256403e+02   3.2076224e-24
   7.0418415e+02   3.2105575e-24
   7.0580800e+02   3.2135051e-24
   7.0743560e+02   3.2164652e-24
   7.0906695e+02   3.2194379e-24
   7.1070206e+02   3.2224231e-24
   7.1234095e+02   3.2254209e-24
   7.1398361e+02   3.2284314e-24
   7.1563006e+02   3.2314545e-24
   7.1728031e+02   3.2344904e-24
   7.1893437e+02   3.2375389e-24
   7.2059223e+02   3.2406003e-24
   7.2225393e+02   3.2436745e-24
   7.2391945e+02   3.2467615e-24
   7.2558881e+02   3.2498614e-24
   7.2726203e+02   3.2529742e-24
   7.2893910e+02   3.2561000e-24
   7.3062004e+02   3.2592387e-24
   7.3230485e+02   3.2623905e-24
   7.3399355e+02   3.2655553e-24
   7.3568615e+02   3.2687332e-24
   7.3738265e+02   3.2719242e-24
   7.3908306e+02   3.2751284e-24
   7.4078739e+02   3.2783458e-24
   7.4249565e+02   3.2815764e-24
   7.4420785e+02   3.2848202e-24
   7.4592400e+02   3.2880773e-24
   7.4764410e+02   3.2913478e-24
   7.4936818e+02   3.2946316e-24
   7.5109623e+02   3.2979288e-24
   7.5282826e+02   3.3012395e-24
   7.5456429e+02   3.3045636e-24
   7.5630432e+02   3.3079012e-24
   7.5804836e+02   3.3112524e-24
   7.5979643e+02   3.3146171e-24
   7.6154852e+02   3.3179955e-24
   7.6330466e+02   3.3213875e-24
   7.6506485e+02   3.3247931e-24
   7.6682909e+02   3.3282125e-24
   7.6859741e+02   3.3316456e-24
   7.7036980e+02   3.3350925e-24
   7.7214628e+02   3.3385532e-24
   7.7392685e+02   3.3420278e-24
   7.7571153e+02   3.3455163e-24
   7.7750033e+02   3.3490186e-24
   7.7929325e+02   3.3525350e-24
   7.8109031e+02   3.3560653e-24
   7.8289151e+02   3.3596097e-24
   7.8469686e+02   3.3631681e-24
   7.8650638e+02   3.3667407e-24
   7.8832007e+02   3.3703274e-24
   7.9013794e+02   3.3739282e-24
   7.9196000e+02   3.3775433e-24
   7.9378627e+02   3.3811726e-24
   7.9561675e+02   3.3848162e-24
   7.9745144e+02   3.3884741e-24
   7.9929037e+02   3.3921464e-24
   8.0113354e+02   3.3958330e-24
   8.0298096e+02   3.3995341e-24
   8.0483264e+02   3.4032496e-24
   8.0668859e+02   3.4069797e-24
   8.0854882e+02   3.4107242e-24
   8.1041334e+02   3.4144834e-24
   8.1228216e+02   3.4182571e-24
   8.1415529e+02   3.4220455e-24
   8.1603274e+02   3.4258486e-24
   8.1791452e+02   3.4296664e-24
   8.1980064e+02   3.4334989e-24
   8.2169110e+02   3.4373462e-24
   8.2358593e+02   3.4412084e-24
   8.2548512e+02   3.4450854e-24
   8.2738870e+02   3.4489773e-24
   8.2929666e+02   3.4528842e-24
   8.3120903e+02   3.4568060e-24
   8.3312580e+02   3.4607428e-24
   8.3504700e+02   3.4646947e-24
   8.3697262e+02   3.4686616e-24
   8.3890269e+02   3.4726437e-24
   8.4083720e+02   3.4766409e-24
   8.4277618e+02   3.4806534e-24
   8.4471963e+02   3.4846810e-24
   8.4666756e+02   3.4887239e-24
   8.4861998e+02   3.4927822e-24
   8.5057690e+02   3.4968557e-24
   8.5253834e+02   3.5009447e-24
   8.5450430e+02   3.5050491e-24
   8.5647479e+02   3.5091689e-24
   8.5844983e+02   3.5133042e-24
   8.6042942e+02   3.5174551e-24
   8.6241358e+02   3.5216215e-24
   8.6440231e+02   3.5258035e-24
   8.6639563e+02   3.5300012e-24
   8.6839354e+02   3.5342146e-24
   8.7039607e+02   3.5384436e-24
   8.7240321e+02   3.5426885e-24
   8.7441498e+02   3.5469491e-24
   8.7643138e+02   3.5512256e-24
   8.7845244e+02   3.5555179e-24
   8.8047816e+02   3.5598262e-24
   8.8250855e+02   3.5641504e-24
   8.8454362e+02   3.5684907e-24
   8.8658338e+02   3.5728469e-24
   8.8862785e+02   3.5772192e-24
   8.9067703e+02   3.5816077e-24
   8.9273094e+02   3.5860123e-24
   8.9478959e+02   3.5904331e-24
   8.9685298e+02   3.5948702e-24
   8.9892113e+02   3.5993235e-24
   9.0099405e+02   3.6037932e-24
   9.0307175e+02   3.6082792e-24
   9.0515424e+02   3.6127817e-24
   9.0724153e+02   3.6173007e-24
   9.0933364e+02   3.6218362e-24
   9.1143057e+02   3.6263883e-24
   9.1353233e+02   3.6309570e-24
   9.1563894e+02   3.6355424e-24
   9.1775041e+02   3.6401446e-24
   9.1986675e+02   3.6447637e-24
   9.2198797e+02   3.6493997e-24
   9.2411408e+02   3.6540528e-24
   9.2624510e+02   3.6587231e-24
   9.2838103e+02   3.6634107e-24
   9.3052188e+02   3.6681159e-24
   9.3266767e+02   3.6728389e-24
   9.3481841e+02   3.6775801e-24
   9.3697411e+02   3.6823400e-24
   9.3913478e+02   3.6871195e-24
   9.4130043e+02   3.6919198e-24
   9.4347108e+02   3.6967429e-24
   9.4564673e+02   3.7015924e-24
   9.4782740e+02   3.7064751e-24
   9.5001309e+02   3.7114053e-24
   9.5220383e+02   3.7164180e-24
   9.5439962e+02   3.7216170e-24
   9.5660047e+02   3.7274439e-24
   9.5880640e+02   3.7379725e-24
   9.6101742e+02   4.1786506e-24
   9.6323353e+02   3.7451793e-24
   9.6545475e+02   3.7468572e-24
   9.6768110e+02   3.7511734e-24
   9.6991258e+02   3.7559387e-24
   9.7214920e+02   3.7608514e-24
   9.7439099e+02   3.7658340e-24
   9.7663794e+02   3.7708591e-24
   9.7889008e+02   3.7759153e-24
   9.8114740e+02   3.7809969e-24
   9.8340994e+02   3.7861012e-24
   9.8567769e+02   3.7912265e-24
   9.8795067e+02   3.7963718e-24
   9.9022889e+02   3.8015365e-24
   9.9251237e+02   3.8067202e-24
   9.9480111e+02   3.8119227e-24
   9.9709513e+02   3.8171438e-24
   9.9939443e+02   3.8223834e-24
   1.0016990e+03   3.8276415e-24
   1.0040090e+03   3.8329180e-24
   1.0063242e+03   3.8382128e-24
   1.0086448e+03   3.8435261e-24
   1.0109708e+03   3.8488578e-24
   1.0133021e+03   3.8542079e-24
   1.0156387e+03   3.8595765e-24
   1.0179808e+03   3.8649635e-24
   1.0203283e+03   3.8703689e-24
   1.0226812e+03   3.8757929e-24
   1.0250395e+03   3.8812355e-24
   1.0274032e+03   3.8866966e-24
   1.0297724e+03   3.8921763e-24
   1.0321471e+03   3.8976747e-24
   1.0345272e+03   3.9031918e-24
   1.0369129e+03   3.9087276e-24
   1.0393040e+03   3.9142821e-24
   1.0417006e+03   3.9198555e-24
   1.0441028e+03   3.9254476e-24
   1.0465105e+03   3.9310587e-24
   1.0489238e+03   3.9366887e-24
   1.0513426e+03   3.9423376e-24
   1.0537670e+03   3.9480055e-24
   1.0561970e+03   3.9536925e-24
   1.0586326e+03   3.9593985e-24
   1.0610738e+03   3.9651237e-24
   1.0635207e+03   3.9708680e-24
   1.0659731e+03   3.9766315e-24
   1.0684313e+03   3.9824143e-24
   1.0708951e+03   3.9882163e-24
   1.0733646e+03   3.9940377e-24
   1.0758398e+03   3.9998784e-24
   1.0783207e+03   4.0057385e-24
   1.0808073e+03   4.0116181e-24
   1.0832996e+03   4.0175172e-24
   1.0857977e+03   4.0234358e-24
   1.0883016e+03   4.0293740e-24
   1.0908112e+03   4.0353317e-24
   1.0933266e+03   4.0413092e-24
   1.0958479e+03   4.0473064e-24
   1.0983749e+03   4.0533232e-24
   1.1009078e+03   4.0593599e-24
   1.1034465e+03   4.0654164e-24
   1.1059910e+03   4.0714928e-24
   1.1085414e+03   4.0775891e-24
   1.1110977e+03   4.0837054e-24
   1.1136599e+03   4.0898416e-24
   1.1162281e+03   4.0959979e-24
   1.1188021e+03   4.1021743e-24
   1.1213820e+03   4.1083708e-24
   1.1239680e+03   4.1145874e-24
   1.1265598e+03   4.1208243e-24
   1.1291577e+03   4.1270815e-24
   1.1317615e+03   4.1333589e-24
   1.1343714e+03   4.1396567e-24
   1.1369873e+03   4.1459749e-24
   1.1396092e+03   4.1523135e-24
   1.1422371e+03   4.1586726e-24
   1.1448711e+03   4.1650522e-24
   1.1475112e+03   4.1714523e-24
   1.1501574e+03   4.1778731e-24
   1.1528096e+03   4.1843145e-24
   1.1554680e+03   4.1907766e-24
   1.1581325e+03   4.1972594e-24
   1.1608032e+03   4.2037631e-24
   1.1634800e+03   4.2102875e-24
   1.1661630e+03   4.2168328e-24
   1.1688522e+03   4.2233991e-24
   1.1715476e+03   4.2299863e-24
   1.1742492e+03   4.2365944e-24
   1.1769570e+03   4.2432237e-24
   1.1796711e+03   4.2498740e-24
   1.1823914e+03   4.2565455e-24
   1.1851180e+03   4.2632381e-24
   1.1878509e+03   4.2699520e-24
   1.1905901e+03   4.2766871e-24
   1.1933356e+03   4.2834436e-24
   1.1960875e+03   4.2902214e-24
   1.1988456e+03   4.2970206e-24
   1.2016102e+03   4.3038413e-24
   1.2043811e+03   4.3106835e-24
   1.2071584e+03   4.3175472e-24
   1.2099421e+03   4.3244325e-24
   1.2127323e+03   4.3313394e-24
   1.2155288e+03   4.3382680e-24
   1.2183319e+03   4.3452183e-24
   1.2211413e+03   4.3521904e-24
   1.2239573e+03   4.3591843e-24
   1.2267798e+03   4.3662001e-24
   1.2296087e+03   4.3732378e-24
   1.2324442e+03   4.3802974e-24
   1.2352862e+03   4.3873790e-24
   1.2381348e+03   4.3944827e-24
   1.2409900e+03   4.4016084e-24
   1.2438517e+03   4.4087563e-24
   1.2467200e+03   4.4159264e-24
   1.2495950e+03   4.4231187e-24
   1.2524766e+03   4.4303333e-24
   1.2553648e+03   4.4375702e-24
   1.2582597e+03   4.4448294e-24
   1.2611612e+03   4.4521111e-24
   1.2640695e+03   4.4594152e-24
   1.2669844e+03   4.4667419e-24
   1.2699061e+03   4.4740911e-24
   1.2728345e+03   4.4814629e-24
   1.2757697e+03   4.4888573e-24
   1.2787116e+03   4.4962745e-24
   1.2816603e+03   4.5037144e-24
   1.2846158e+03   4.5111771e-24
   1.2875782e+03   4.5186626e-24
   1.2905473e+03   4.5261710e-24
   1.2935233e+03   4.5337023e-24
   1.2965062e+03   4.5412566e-24
   1.2994960e+03   4.5488340e-24
   1.3024926e+03   4.5564344e-24
   1.3054962e+03   4.5640580e-24
   1.3085067e+03   4.5717047e-24
   1.3115241e+03   4.5793746e-24
   1.3145485e+03   4.5870679e-24
   1.3175798e+03   4.5947844e-24
   1.3206182e+03   4.6025243e-24
   1.3236635e+03   4.6102876e-24
   1.3267159e+03   4.6180744e-24
   1.3297753e+03   4.6258847e-24
   1.3328418e+03   4.6337185e-24
   1.3359154e+03   4.6415760e-24
   1.3389960e+03   4.6494571e-24
   1.3420837e+03   4.6573619e-24
   1.3451786e+03   4.6652905e-24
   1.3482806e+03   4.6732429e-24
   1.3513897e+03   4.6812191e-24
   1.3545060e+03   4.6892193e-24
   1.3576295e+03   4.6972434e-24
   1.3607602e+03   4.7052915e-24
   1.3638982e+03   4.7133637e-24
   1.3670433e+03   4.7214600e-24
   1.3701957e+03   4.7295804e-24
   1.3733554e+03   4.7377250e-24
   1.3765224e+03   4.7458940e-24
   1.3796966e+03   4.7540872e-24
   1.3828782e+03   4.7623048e-24
   1.3860672e+03   4.7705468e-24
   1.3892634e+03   4.7788133e-24
   1.3924671e+03   4.7871044e-24
   1.3956781e+03   4.7954200e-24
   1.3988966e+03   4.8037604e-24
   1.4021224e+03   4.8121254e-24
   1.4053558e+03   4.8205153e-24
   1.4085965e+03   4.8289302e-24
   1.4118448e+03   4.8373701e-24
   1.4151005e+03   4.8458353e-24
   1.4183637e+03   4.8543261e-24
   1.4216345e+03   4.8628429e-24
   1.4249128e+03   4.8713870e-24
   1.4281986e+03   4.8799607e-24
   1.4314921e+03   4.8885715e-24
   1.4347931e+03   4.8972497e-24
   1.4381017e+03   4.9062656e-24
   1.4414180e+03   4.9826579e-24
   1.4447419e+03   4.9234795e-24
   1.4480735e+03   4.9319368e-24
   1.4514128e+03   4.9406261e-24
   1.4547598e+03   4.9493737e-24
   1.4581144e+03   4.9581567e-24
   1.4614769e+03   4.9669691e-24
   1.4648470e+03   4.9758090e-24
   1.4682250e+03   4.9846756e-24
   1.4716107e+03   4.9935686e-24
   1.4750043e+03   5.0024876e-24
   1.4784056e+03   5.0114328e-24
   1.4818149e+03   5.0204040e-24
   1.4852319e+03   5.0294012e-24
   1.4886569e+03   5.0384246e-24
   1.4920897e+03   5.0474741e-24
   1.4955305e+03   5.0565497e-24
   1.4989792e+03   5.0656515e-24
   1.5024359e+03   5.0747796e-24
   1.5059005e+03   5.0839339e-24
   1.5093731e+03   5.0931146e-24
   1.5128538e+03   5.1023217e-24
   1.5163424e+03   5.1115553e-24
   1.5198391e+03   5.1208153e-24
   1.5233439e+03   5.1301019e-24
   1.5268567e+03   5.1394151e-24
   1.5303776e+03   5.1487549e-24
   1.5339067e+03   5.1581215e-24
   1.5374439e+03   5.1675148e-24
   1.5409893e+03   5.1769349e-24
   1.5445428e+03   5.1863819e-24
   1.5481045e+03   5.1958559e-24
   1.5516745e+03   5.2053568e-24
   1.5552526e+03   5.2148848e-24
   1.5588391e+03   5.2244398e-24
   1.5624338e+03   5.2340220e-24
   1.5660367e+03   5.2436314e-24
   1.5696480e+03   5.2532681e-24
   1.5732677e+03   5.2629320e-24
   1.5768956e+03   5.2726234e-24
   1.5805320e+03   5.2823422e-24
   1.5841767e+03   5.2920884e-24
   1.5878298e+03   5.3018622e-24
   1.5914913e+03   5.3116636e-24
   1.5951613e+03   5.3214927e-24
   1.5988398e+03   5.3313494e-24
   1.6025267e+03   5.3412339e-24
   1.6062222e+03   5.3511463e-24
   1.6099261e+03   5.3610865e-24
   1.6136386e+03   5.3710547e-24
   1.6173597e+03   5.3810508e-24
   1.6210893e+03   5.3910750e-24
   1.6248276e+03   5.4011274e-24
   1.6285744e+03   5.4112078e-24
   1.6323300e+03   5.4213165e-24
   1.6360941e+03   5.4314535e-24
   1.6398670e+03   5.4416189e-24
   1.6436485e+03   5.4518126e-24
   1.6474388e+03   5.4620348e-24
   1.6512378e+03   5.4722855e-24
   1.6550456e+03   5.4825647e-24
   1.6588621e+03   5.4928727e-24
   1.6626874e+03   5.5032093e-24
   1.6665216e+03   5.5135746e-24
   1.6703646e+03   5.5239688e-24
   1.6742165e+03   5.5343918e-24
   1.6780773e+03   5.5448437e-24
   1.6819469e+03   5.5553247e-24
   1.6858255e+03   5.5658347e-24
   1.6897130e+03   5.5763738e-24
   1.6936095e+03   5.5869420e-24
   1.6975150e+03   5.5975395e-24
   1.7014295e+03   5.6081663e-24
   1.7053530e+03   5.6188224e-24
   1.7092855e+03   5.6295079e-24
   1.7132272e+03   5.6402229e-24
   1.7171779e+03   5.6509674e-24
   1.7211377e+03   5.6617415e-24
   1.7251067e+03   5.6725453e-24
   1.7290848e+03   5.6833788e-24
   1.7330721e+03   5.6942420e-24
   1.7370685e+03   5.7051351e-24
   1.7410742e+03   5.7160580e-24
   1.7450892e+03   5.7270110e-24
   1.7491133e+03   5.7379939e-24
   1.7531468e+03   5.7490069e-24
   1.7571896e+03   5.7600501e-24
   1.7612417e+03   5.7711234e-24
   1.7653031e+03   5.7822270e-24
   1.7693739e+03   5.7933610e-24
   1.7734541e+03   5.8045253e-24
   1.7775437e+03   5.8157201e-24
   1.7816427e+03   5.8269454e-24
   1.7857512e+03   5.8382013e-24
   1.7898692e+03   5.8494878e-24
   1.7939966e+03   5.8608051e-24
   1.7981336e+03   5.8721531e-24
   1.8022801e+03   5.8835319e-24
   1.8064362e+03   5.8949416e-24
   1.8106018e+03   5.9063823e-24
   1.8147771e+03   5.9178540e-24
   1.8189620e+03   5.9293568e-24
   1.8231565e+03   5.9408908e-24
   1.8273607e+03   5.9524559e-24
   1.8315746e+03   5.9640524e-24
   1.8357983e+03   5.9756802e-24
   1.8400316e+03   5.9873394e-24
   1.8442748e+03   5.9990300e-24
   1.8485277e+03   6.0107523e-24
   1.8527904e+03   6.0225061e-24
   1.8570629e+03   6.0342916e-24
   1.8613453e+03   6.0461088e-24
   1.8656376e+03   6.0579579e-24
   1.8699398e+03   6.0698388e-24
   1.8742519e+03   6.0817517e-24
   1.8785739e+03   6.0936966e-24
   1.8829059e+03   6.1056736e-24
   1.8872479e+03   6.1176829e-24
   1.8915999e+03   6.1297244e-24
   1.8959620e+03   6.1417983e-24
   1.9003341e+03   6.1539050e-24
   1.9047163e+03   6.1660448e-24
   1.9091086e+03   6.1782191e-24
   1.9135110e+03   6.1904335e-24
   1.9179235e+03   6.2027445e-24
   1.9223463e+03   6.2168438e-24
   1.9267792e+03   6.2272639e-24
   1.9312224e+03   6.2395663e-24
   1.9356758e+03   6.2519262e-24
   1.9401395e+03   6.2643234e-24
   1.9446135e+03   6.2767550e-24
   1.9490978e+03   6.2892202e-24
   1.9535924e+03   6.3017187e-24
   1.9580974e+03   6.3142507e-24
   1.9626128e+03   6.3268160e-24
   1.9671386e+03   6.3394147e-24
   1.9716748e+03   6.3520469e-24
   1.9762215e+03   6.3647125e-24
   1.9807787e+03   6.3774118e-24
   1.9853464e+03   6.3901447e-24
   1.9899246e+03   6.4029113e-24
   1.9945134e+03   6.4157116e-24
   1.9991128e+03   6.4285459e-24
   2.0037227e+03   6.4414140e-24
   2.0083433e+03   6.4543161e-24
   2.0129746e+03   6.4672523e-24
   2.0176165e+03   6.4802225e-24
   2.0222692e+03   6.4932270e-24
   2.0269325e+03   6.5062658e-24
   2.0316067e+03   6.5193389e-24
   2.0362916e+03   6.5324463e-24
   2.0409873e+03   6.5455883e-24
   2.0456938e+03   6.5587648e-24
   2.0504112e+03   6.5719760e-24
   2.0551394e+03   6.5852218e-24
   2.0598786e+03   6.5985024e-24
   2.0646287e+03   6.6118179e-24
   2.0693898e+03   6.6251682e-24
   2.0741618e+03   6.6385536e-24
   2.0789448e+03   6.6519740e-24
   2.0837389e+03   6.6654295e-24
   2.0885440e+03   6.6789202e-24
   2.0933602e+03   6.6924462e-24
   2.0981875e+03   6.7060076e-24
   2.1030259e+03   6.7196044e-24
   2.1078755e+03   6.7332367e-24
   2.1127363e+03   6.7469045e-24
   2.1176083e+03   6.7606081e-24
   2.1224915e+03   6.7743473e-24
   2.1273860e+03   6.7881223e-24
   2.1322918e+03   6.8019332e-24
   2.1372088e+03   6.8157801e-24
   2.1421373e+03   6.8296630e-24
   2.1470771e+03   6.8435820e-24
   2.1520282e+03   6.8575371e-24
   2.1569908e+03   6.8715285e-24
   2.1619649e+03   6.8855563e-24
   2.1669504e+03   6.8996204e-24
   2.1719474e+03   6.9137210e-24
   2.1769559e+03   6.9278582e-24
   2.1819760e+03   6.9420320e-24
   2.1870076e+03   6.9562425e-24
   2.1920509e+03   6.9704898e-24
   2.1971058e+03   6.9847740e-24
   2.2021723e+03   6.9990951e-24
   2.2072505e+03   7.0134532e-24
   2.2123405e+03   7.0278484e-24
   2.2174421e+03   7.0422808e-24
   2.2225556e+03   7.0567504e-24
   2.2276808e+03   7.0712574e-24
   2.2328179e+03   7.0858018e-24
   2.2379668e+03   7.1003837e-24
   2.2431275e+03   7.1150031e-24
   2.2483002e+03   7.1296602e-24
   2.2534848e+03   7.1443550e-24
   2.2586814e+03   7.1590876e-24
   2.2638899e+03   7.1738582e-24
   2.2691104e+03   7.1886666e-24
   2.2743430e+03   7.2035131e-24
   2.2795877e+03   7.2183978e-24
   2.2848444e+03   7.2333206e-24
   2.2901133e+03   7.2482818e-24
   2.2953943e+03   7.2632813e-24
   2.3006875e+03   7.2783192e-24
   2.3059929e+03   7.2933957e-24
   2.3113105e+03   7.3085108e-24
   2.3166404e+03   7.3236646e-24
   2.3219826e+03   7.3388572e-24
   2.3273371e+03   7.3540886e-24
   2.3327040e+03   7.3693589e-24
   2.3380832e+03   7.3846683e-24
   2.3434749e+03   7.4000168e-24
   2.3488789e+03   7.4154045e-24
   2.3542955e+03   7.4308315e-24
   2.3597245e+03   7.4462978e-24
   2.3651660e+03   7.4618036e-24
   2.3706201e+03   7.4773490e-24
   2.3760868e+03   7.4929340e-24
   2.3815661e+03   7.5085590e-24
   2.3870580e+03   7.5242242e-24
   2.3925626e+03   7.5399315e-24
   2.3980798e+03   7.5557006e-24
   2.4036098e+03   7.5716125e-24
   2.4091526e+03   7.5872872e-24
   2.4147081e+03   7.6031458e-24
   2.4202764e+03   7.6190491e-24
   2.4258576e+03   7.6349936e-24
   2.4314516e+03   7.6509789e-24
   2.4370586e+03   7.6670048e-24
   2.4426785e+03   7.6830714e-24
   2.4483113e+03   7.6991787e-24
   2.4539571e+03   7.7153269e-24
   2.4596160e+03   7.7315159e-24
   2.4652879e+03   7.7477459e-24
   2.4709728e+03   7.7640170e-24
   2.4766709e+03   7.7803292e-24
   2.4823821e+03   7.7966827e-24
   2.4881065e+03   7.8130775e-24
   2.4938441e+03   7.8295137e-24
   2.4995949e+03   7.8459913e-24
   2.5053590e+03   7.8625106e-24
   2.5111364e+03   7.8790716e-24
   2.5169271e+03   7.8956743e-24
   2.5227312e+03   7.9123188e-24
   2.5285486e+03   7.9290054e-24
   2.5343794e+03   7.9457339e-24
   2.5402237e+03   7.9625046e-24
   2.5460815e+03   7.9793174e-24
   2.5519528e+03   7.9961726e-24
   2.5578376e+03   8.0130701e-24
   2.5637360e+03   8.0300102e-24
   2.5696480e+03   8.0469928e-24
   2.5755736e+03   8.0640181e-24
   2.5815129e+03   8.0810861e-24
   2.5874659e+03   8.0981970e-24
   2.5934326e+03   8.1153508e-24
   2.5994131e+03   8.1325477e-24
   2.6054074e+03   8.1497876e-24
   2.6114155e+03   8.1670708e-24
   2.6174374e+03   8.1843973e-24
   2.6234732e+03   8.2017672e-24
   2.6295230e+03   8.2191806e-24
   2.6355867e+03   8.2366375e-24
   2.6416644e+03   8.2541382e-24
   2.6477561e+03   8.2716826e-24
   2.6538618e+03   8.2892709e-24
   2.6599816e+03   8.3069031e-24
   2.6661156e+03   8.3245794e-24
   2.6722637e+03   8.3422999e-24
   2.6784259e+03   8.3600645e-24
   2.6846024e+03   8.3778736e-24
   2.6907931e+03   8.3957270e-24
   2.6969981e+03   8.4136250e-24
   2.7032174e+03   8.4315677e-24
   2.7094510e+03   8.4495550e-24
   2.7156991e+03   8.4675872e-24
   2.7219615e+03   8.4856643e-24
   2.7282383e+03   8.5037863e-24
   2.7345297e+03   8.5219535e-24
   2.7408355e+03   8.5401659e-24
   2.7471559e+03   8.5584237e-24
   2.7534909e+03   8.5767268e-24
   2.7598405e+03   8.5950754e-24
   2.7662047e+03   8.6134696e-24
   2.7725836e+03   8.6319095e-24
   2.7789772e+03   8.6503951e-24
   2.7853855e+03   8.6689267e-24
   2.7918086e+03   8.6875043e-24
   2.7982465e+03   8.7061280e-24
   2.8046993e+03   8.7247978e-24
   2.8111670e+03   8.7435140e-24
   2.8176496e+03   8.7622765e-24
   2.8241471e+03   8.7810855e-24
   2.8306596e+03   8.7999411e-24
   2.8371871e+03   8.8188434e-24
   2.8437297e+03   8.8377926e-24
   2.8502873e+03   8.8567886e-24
   2.8568601e+03   8.8758317e-24
   2.8634481e+03   8.8949220e-24
   2.8700512e+03   8.9140600e-24
   2.8766696e+03   8.9332494e-24
   2.8833032e+03   8.9526758e-24
   2.8899521e+03   8.9717580e-24
   2.8966164e+03   8.9910827e-24
   2.9032960e+03   9.0104570e-24
   2.9099910e+03   9.0298794e-24
   2.9167015e+03   9.0493498e-24
   2.9234274e+03   9.0688683e-24
   2.9301688e+03   9.0884349e-24
   2.9369258e+03   9.1080498e-24
   2.9436984e+03   9.1277130e-24
   2.9504866e+03   9.1474246e-24
   2.9572904e+03   9.1671848e-24
   2.9641100e+03   9.1869937e-24
   2.9709452e+03   9.2068513e-24
   2.9777963e+03   9.2267577e-24
   2.9846631e+03   9.2467132e-24
   2.9915457e+03   9.2667177e-24
   2.9984443e+03   9.2867713e-24
   3.0053587e+03   9.3068743e-24
   3.0122891e+03   9.3270267e-24
   3.0192354e+03   9.3472285e-24
   3.0261978e+03   9.3674800e-24
   3.0331763e+03   9.3877812e-24
   3.0401708e+03   9.4081322e-24
   3.0471814e+03   9.4285332e-24
   3.0542083e+03   9.4489841e-24
   3.0612513e+03   9.4694853e-24
   3.0683106e+03   9.4900367e-24
   3.0753861e+03   9.5106384e-24
   3.0824780e+03   9.5312907e-24
   3.0895862e+03   9.5519935e-24
   3.0967108e+03   9.5727471e-24
   3.1038518e+03   9.5935514e-24
   3.1110093e+03   9.6144067e-24
   3.1181833e+03   9.6353130e-24
   3.1253739e+03   9.6562704e-24
   3.1325810e+03   9.6772791e-24
   3.1398048e+03   9.6983392e-24
   3.1470452e+03   9.7194507e-24
   3.1543023e+03   9.7406138e-24
   3.1615762e+03   9.7618287e-24
   3.1688668e+03   9.7830953e-24
   3.1761742e+03   9.8044139e-24
   3.1834985e+03   9.8257845e-24
   3.1908397e+03   9.8472073e-24
   3.1981978e+03   9.8686823e-24
   3.2055728e+03   9.8902098e-24
   3.2129649e+03   9.9117897e-24
   3.2203740e+03   9.9334222e-24
   3.2278002e+03   9.9551075e-24
   3.2352436e+03   9.9768456e-24
   3.2427041e+03   9.9986367e-24
   3.2501818e+03   1.0020481e-23
   3.2576767e+03   1.0042378e-23
   3.2651889e+03   1.0064329e-23
   3.2727185e+03   1.0086333e-23
   3.2802654e+03   1.0108391e-23
   3.2878297e+03   1.0130502e-23
   3.2954115e+03   1.0152667e-23
   3.3030107e+03   1.0174886e-23
   3.3106275e+03   1.0197159e-23
   3.3182618e+03   1.0219486e-23
   3.3259138e+03   1.0241867e-23
   3.3335833e+03   1.0264303e-23
   3.3412706e+03   1.0286793e-23
   3.3489756e+03   1.0309339e-23
   3.3566984e+03   1.0331940e-23
   3.3644389e+03   1.0354624e-23
   3.3721974e+03   1.0377302e-23
   3.3799737e+03   1.0400066e-23
   3.3877679e+03   1.0422886e-23
   3.3955801e+03   1.0445761e-23
   3.4034104e+03   1.0468691e-23
   3.4112587e+03   1.0491677e-23
   3.4191251e+03   1.0514719e-23
   3.4270096e+03   1.0537816e-23
   3.4349123e+03   1.0560970e-23
   3.4428332e+03   1.0584179e-23
   3.4507724e+03   1.0607445e-23
   3.4587299e+03   1.0630767e-23
   3.4667058e+03   1.0654146e-23
   3.4747000e+03   1.0677581e-23
   3.4827127e+03   1.0701073e-23
   3.4907439e+03   1.0724621e-23
   3.4987936e+03   1.0748227e-23
   3.5068618e+03   1.0771889e-23
   3.5149487e+03   1.0795609e-23
   3.5230542e+03   1.0819386e-23
   3.5311784e+03   1.0843221e-23
   3.5393213e+03   1.0867113e-23
   3.5474830e+03   1.0891062e-23
   3.5556635e+03   1.0915070e-23
   3.5638629e+03   1.0939135e-23
   3.5720812e+03   1.0963259e-23
   3.5803184e+03   1.0987441e-23
   3.5885747e+03   1.1011681e-23
   3.5968500e+03   1.1035980e-23
   3.6051443e+03   1.1060337e-23
   3.6134578e+03   1.1084753e-23
   3.6217905e+03   1.1109228e-23
   3.6301424e+03   1.1133761e-23
   3.6385135e+03   1.1158354e-23
   3.6469039e+03   1.1183006e-23
   3.6553137e+03   1.1207718e-23
   3.6637429e+03   1.1232489e-23
   3.6721915e+03   1.1257319e-23
   3.6806596e+03   1.1282210e-23
   3.6891472e+03   1.1307160e-23
   3.6976544e+03   1.1332170e-23
   3.7061813e+03   1.1357241e-23
   3.7147277e+03   1.1382371e-23
   3.7232939e+03   1.1407563e-23
   3.7318799e+03   1.1432814e-23
   3.7404856e+03   1.1458127e-23
   3.7491112e+03   1.1483500e-23
   3.7577567e+03   1.1508934e-23
   3.7664221e+03   1.1534430e-23
   3.7751075e+03   1.1559986e-23
   3.7838129e+03   1.1585604e-23
   3.7925384e+03   1.1611284e-23
   3.8012841e+03   1.1637025e-23
   3.8100498e+03   1.1662828e-23
   3.8188359e+03   1.1688693e-23
   3.8276421e+03   1.1714620e-23
   3.8364687e+03   1.1740610e-23
   3.8453156e+03   1.1766671e-23
   3.8541829e+03   1.1792774e-23
   3.8630707e+03   1.1818950e-23
   3.8719790e+03   1.1845190e-23
   3.8809078e+03   1.1871492e-23
   3.8898572e+03   1.1897857e-23
   3.8988272e+03   1.1924285e-23
   3.9078180e+03   1.1950777e-23
   3.9168294e+03   1.1977332e-23
   3.9258617e+03   1.2003951e-23
   3.9349147e+03   1.2030633e-23
   3.9439887e+03   1.2057379e-23
   3.9530835e+03   1.2084190e-23
   3.9621994e+03   1.2111064e-23
   3.9713362e+03   1.2138003e-23
   3.9804942e+03   1.2165006e-23
   3.9896732e+03   1.2192074e-23
   3.9988734e+03   1.2219206e-23
   4.0080949e+03   1.2246404e-23
   4.0173376e+03   1.2273666e-23
   4.0266016e+03   1.2300993e-23
   4.0358870e+03   1.2328386e-23
   4.0451937e+03   1.2355845e-23
   4.0545220e+03   1.2383369e-23
   4.0638718e+03   1.2410958e-23
   4.0732431e+03   1.2438614e-23
   4.0826360e+03   1.2466335e-23
   4.0920506e+03   1.2494123e-23
   4.1014869e+03   1.2521977e-23
   4.1109450e+03   1.2549898e-23
   4.1204248e+03   1.2577885e-23
   4.1299266e+03   1.2605939e-23
   4.1394502e+03   1.2634060e-23
   4.1489958e+03   1.2662248e-23
   4.1585634e+03   1.2690503e-23
   4.1681531e+03   1.2718826e-23
   4.1777649e+03   1.2747216e-23
   4.1873988e+03   1.2775674e-23
   4.1970550e+03   1.2804199e-23
   4.2067335e+03   1.2832793e-23
   4.2164342e+03   1.2861454e-23
   4.2261574e+03   1.2890184e-23
   4.2359029e+03   1.2918983e-23
   4.2456709e+03   1.2947850e-23
   4.2554615e+03   1.2976786e-23
   4.2652746e+03   1.3005790e-23
   4.2751104e+03   1.3034864e-23
   4.2849688e+03   1.3064007e-23
   4.2948500e+03   1.3093219e-23
   4.3047539e+03   1.3122501e-23
   4.3146807e+03   1.3151853e-23
   4.3246304e+03   1.3181297e-23
   4.3346030e+03   1.3210765e-23
   4.3445987e+03   1.3240326e-23
   4.3546173e+03   1.3269958e-23
   4.3646591e+03   1.3299660e-23
   4.3747241e+03   1.3329433e-23
   4.3848122e+03   1.3359276e-23
   4.3949236e+03   1.3389191e-23
   4.4050583e+03   1.3419176e-23
   4.4152164e+03   1.3449233e-23
   4.4253980e+03   1.3479361e-23
   4.4356030e+03   1.3509561e-23
   4.4458315e+03   1.3539832e-23
   4.4560836e+03   1.3570175e-23
   4.4663594e+03   1.3600591e-23
   4.4766588e+03   1.3631078e-23
   4.4869821e+03   1.3661638e-23
   4.4973291e+03   1.3692271e-23
   4.5076999e+03   1.3722976e-23
   4.5180947e+03   1.3753754e-23
   4.5285135e+03   1.3784605e-23
   4.5389563e+03   1.3815529e-23
   4.5494231e+03   1.3846526e-23
   4.5599142e+03   1.3877598e-23
   4.5704294e+03   1.3908742e-23
   4.5809688e+03   1.3939961e-23
   4.5915325e+03   1.3971253e-23
   4.6021207e+03   1.4002620e-23
   4.6127332e+03   1.4034061e-23
   4.6233702e+03   1.4065577e-23
   4.6340317e+03   1.4097167e-23
   4.6447178e+03   1.4128832e-23
   4.6554286e+03   1.4160572e-23
   4.6661640e+03   1.4192387e-23
   4.6769242e+03   1.4224278e-23
   4.6877093e+03   1.4256244e-23
   4.6985192e+03   1.4288286e-23
   4.7093540e+03   1.4320403e-23
   4.7202138e+03   1.4352597e-23
   4.7310986e+03   1.4384867e-23
   4.7420086e+03   1.4417213e-23
   4.7529437e+03   1.4449637e-23
   4.7639040e+03   1.4482135e-23
   4.7748896e+03   1.4514712e-23
   4.7859005e+03   1.4547365e-23
   4.7969369e+03   1.4580096e-23
   4.8079986e+03   1.4612905e-23
   4.8190859e+03   1.4645789e-23
   4.8301988e+03   1.4678752e-23
   4.8413372e+03   1.4711794e-23
   4.8525014e+03   1.4744913e-23
   4.8636913e+03   1.4778111e-23
   4.8749070e+03   1.4811387e-23
   4.8861486e+03   1.4844741e-23
   4.8974161e+03   1.4878175e-23
   4.9087096e+03   1.4911687e-23
   4.9200291e+03   1.4945279e-23
   4.9313747e+03   1.4978950e-23
   4.9427465e+03   1.5012701e-23
   4.9541445e+03   1.5046531e-23
   4.9655688e+03   1.5080441e-23
   4.9770194e+03   1.5114431e-23
   4.9884965e+03   1.5148501e-23
   5.0000000e+03   1.5182652e-23
