   5.0000000e+00   1.6471913e-20
   5.0115300e+00   1.6054118e-20
   5.0230867e+00   1.5648626e-20
   5.0346699e+00   1.5255377e-20
   5.0462799e+00   1.4874456e-20
   5.0579167e+00   1.4505698e-20
   5.0695803e+00   1.4143971e-20
   5.0812708e+00   1.3763403e-20
   5.0929882e+00   1.3375901e-20
   5.1047327e+00   1.3036402e-20
   5.1165042e+00   1.2717155e-20
   5.1283029e+00   1.2405399e-20
   5.1401288e+00   1.2100605e-20
   5.1519820e+00   1.1803031e-20
   5.1638625e+00   1.1512810e-20
   5.1757704e+00   1.1229950e-20
   5.1877058e+00   1.0954377e-20
   5.1996687e+00   1.0685968e-20
   5.2116592e+00   1.0424573e-20
   5.2236773e+00   1.0170030e-20
   5.2357231e+00   9.9221675e-21
   5.2477968e+00   9.6808151e-21
   5.2598982e+00   9.4458002e-21
   5.2720276e+00   9.2169522e-21
   5.2841849e+00   8.9941032e-21
   5.2963703e+00   8.7770889e-21
   5.3085838e+00   8.5657483e-21
   5.3208254e+00   8.3599248e-21
   5.3330953e+00   8.1594654e-21
   5.3453934e+00   7.9642216e-21
   5.3577199e+00   7.7740487e-21
   5.3700749e+00   7.5888062e-21
   5.3824583e+00   7.4083576e-21
   5.3948703e+00   7.2325704e-21
   5.4073109e+00   7.0613158e-21
   5.4197802e+00   6.8944688e-21
   5.4322783e+00   6.7319081e-21
   5.4448051e+00   6.5735161e-21
   5.4573609e+00   6.4191783e-21
   5.4699456e+00   6.2687838e-21
   5.4825594e+00   6.1222249e-21
   5.4952022e+00   5.9793973e-21
   5.5078742e+00   5.8401995e-21
   5.5205754e+00   5.7045329e-21
   5.5333058e+00   5.5723022e-21
   5.5460657e+00   5.4434144e-21
   5.5588550e+00   5.3177796e-21
   5.5716737e+00   5.1953104e-21
   5.5845220e+00   5.0759219e-21
   5.5974000e+00   4.9595317e-21
   5.6103076e+00   4.8460598e-21
   5.6232451e+00   4.7354286e-21
   5.6362123e+00   4.6275626e-21
   5.6492094e+00   4.5223886e-21
   5.6622366e+00   4.4198354e-21
   5.6752937e+00   4.3198340e-21
   5.6883810e+00   4.2223171e-21
   5.7014985e+00   4.1272197e-21
   5.7146461e+00   4.0344784e-21
   5.7278242e+00   3.9440317e-21
   5.7410326e+00   3.8558198e-21
   5.7542714e+00   3.7697846e-21
   5.7675408e+00   3.6858697e-21
   5.7808408e+00   3.6040201e-21
   5.7941715e+00   3.5241827e-21
   5.8075329e+00   3.4463056e-21
   5.8209251e+00   3.3703385e-21
   5.8343482e+00   3.2962323e-21
   5.8478023e+00   3.2239396e-21
   5.8612873e+00   3.1534140e-21
   5.8748035e+00   3.0846106e-21
   5.8883508e+00   3.0174857e-21
   5.9019294e+00   2.9519967e-21
   5.9155393e+00   2.8881022e-21
   5.9291806e+00   2.8257621e-21
   5.9428533e+00   2.7649372e-21
   5.9565576e+00   2.7055895e-21
   5.9702935e+00   2.6476820e-21
   5.9840610e+00   2.5911786e-21
   5.9978603e+00   2.5360445e-21
   6.0116914e+00   2.4822453e-21
   6.0255544e+00   2.4297481e-21
   6.0394494e+00   2.3785205e-21
   6.0533764e+00   2.3285312e-21
   6.0673355e+00   2.2797495e-21
   6.0813269e+00   2.2321458e-21
   6.0953505e+00   2.1856911e-21
   6.1094064e+00   2.1403573e-21
   6.1234947e+00   2.0961167e-21
   6.1376155e+00   2.0529429e-21
   6.1517689e+00   2.0108097e-21
   6.1659550e+00   1.9696919e-21
   6.1801737e+00   1.9295648e-21
   6.1944252e+00   1.8904043e-21
   6.2087096e+00   1.8521872e-21
   6.2230269e+00   1.8148905e-21
   6.2373773e+00   1.7784922e-21
   6.2517607e+00   1.7429706e-21
   6.2661773e+00   1.7083046e-21
   6.2806272e+00   1.6744737e-21
   6.2951104e+00   1.6414580e-21
   6.3096269e+00   1.6092379e-21
   6.3241770e+00   1.5777945e-21
   6.3387606e+00   1.5471092e-21
   6.3533778e+00   1.5171641e-21
   6.3680288e+00   1.4879415e-21
   6.3827135e+00   1.4594243e-21
   6.3974321e+00   1.4315958e-21
   6.4121846e+00   1.4044397e-21
   6.4269711e+00   1.3779401e-21
   6.4417918e+00   1.3520814e-21
   6.4566466e+00   1.3268487e-21
   6.4715357e+00   1.3022271e-21
   6.4864591e+00   1.2782023e-21
   6.5014169e+00   1.2547603e-21
   6.5164092e+00   1.2318873e-21
   6.5314361e+00   1.2095700e-21
   6.5464977e+00   1.1877954e-21
   6.5615939e+00   1.1665508e-21
   6.5767250e+00   1.1458237e-21
   6.5918910e+00   1.1256020e-21
   6.6070920e+00   1.1058739e-21
   6.6223280e+00   1.0866280e-21
   6.6375991e+00   1.0678528e-21
   6.6529055e+00   1.0495374e-21
   6.6682471e+00   1.0316711e-21
   6.6836241e+00   1.0142433e-21
   6.6990366e+00   9.9724390e-22
   6.7144846e+00   9.8066277e-22
   6.7299683e+00   9.6449019e-22
   6.7454877e+00   9.4871660e-22
   6.7610428e+00   9.3333268e-22
   6.7766338e+00   9.1832932e-22
   6.7922608e+00   9.0369762e-22
   6.8079238e+00   8.8942888e-22
   6.8236229e+00   8.7551462e-22
   6.8393582e+00   8.6194653e-22
   6.8551299e+00   8.4871651e-22
   6.8709378e+00   8.3581663e-22
   6.8867823e+00   8.2323914e-22
   6.9026632e+00   8.1097650e-22
   6.9185808e+00   7.9902130e-22
   6.9345351e+00   7.8736633e-22
   6.9505262e+00   7.7600453e-22
   6.9665542e+00   7.6492902e-22
   6.9826191e+00   7.5413305e-22
   6.9987211e+00   7.4361006e-22
   7.0148602e+00   7.3335362e-22
   7.0310365e+00   7.2335745e-22
   7.0472502e+00   7.1361544e-22
   7.0635012e+00   7.0412159e-22
   7.0797897e+00   6.9487007e-22
   7.0961157e+00   6.8585518e-22
   7.1124794e+00   6.7707135e-22
   7.1288808e+00   6.6851316e-22
   7.1453201e+00   6.6017532e-22
   7.1617972e+00   6.5205265e-22
   7.1783124e+00   6.4414013e-22
   7.1948656e+00   6.3643285e-22
   7.2114571e+00   6.2892603e-22
   7.2280867e+00   6.2161500e-22
   7.2447548e+00   6.1449525e-22
   7.2614612e+00   6.0756235e-22
   7.2782062e+00   6.0081203e-22
   7.2949898e+00   5.9424010e-22
   7.3118121e+00   5.8784252e-22
   7.3286732e+00   5.8161535e-22
   7.3455732e+00   5.7555478e-22
   7.3625121e+00   5.6965710e-22
   7.3794901e+00   5.6391874e-22
   7.3965073e+00   5.5833623e-22
   7.4135637e+00   5.5290622e-22
   7.4306594e+00   5.4762547e-22
   7.4477946e+00   5.4249085e-22
   7.4649693e+00   5.3749938e-22
   7.4821835e+00   5.3264815e-22
   7.4994375e+00   5.2793440e-22
   7.5167313e+00   5.2335546e-22
   7.5340649e+00   5.1890882e-22
   7.5514385e+00   5.1459205e-22
   7.5688522e+00   5.1040284e-22
   7.5863060e+00   5.0633904e-22
   7.6038001e+00   5.0239859e-22
   7.6213345e+00   4.9857956e-22
   7.6389094e+00   4.9488016e-22
   7.6565248e+00   4.9129873e-22
   7.6741808e+00   4.8783373e-22
   7.6918775e+00   4.8448376e-22
   7.7096150e+00   4.8124758e-22
   7.7273934e+00   4.7812407e-22
   7.7452129e+00   4.7511228e-22
   7.7630734e+00   4.7221141e-22
   7.7809751e+00   4.6942081e-22
   7.7989181e+00   4.6674000e-22
   7.8169025e+00   4.6416870e-22
   7.8349283e+00   4.6170678e-22
   7.8529957e+00   4.5935432e-22
   7.8711048e+00   4.5711161e-22
   7.8892556e+00   4.5497913e-22
   7.9074483e+00   4.5295762e-22
   7.9256829e+00   4.5104802e-22
   7.9439596e+00   4.4925157e-22
   7.9622784e+00   4.4756975e-22
   7.9806395e+00   4.4600436e-22
   7.9990429e+00   4.4455749e-22
   8.0174888e+00   4.4323159e-22
   8.0359772e+00   4.4202948e-22
   8.0545082e+00   4.4095436e-22
   8.0730819e+00   4.4000988e-22
   8.0916985e+00   4.3920015e-22
   8.1103581e+00   4.3852981e-22
   8.1290606e+00   4.3800405e-22
   8.1478063e+00   4.3762869e-22
   8.1665952e+00   4.3741024e-22
   8.1854274e+00   4.3735596e-22
   8.2043031e+00   4.3747394e-22
   8.2232223e+00   4.3777322e-22
   8.2421851e+00   4.3826386e-22
   8.2611916e+00   4.3895710e-22
   8.2802420e+00   4.3986546e-22
   8.2993363e+00   4.4100294e-22
   8.3184746e+00   4.4238517e-22
   8.3376571e+00   4.4402969e-22
   8.3568838e+00   4.4595610e-22
   8.3761548e+00   4.4818645e-22
   8.3954703e+00   4.5074556e-22
   8.4148303e+00   4.5366138e-22
   8.4342350e+00   4.5696554e-22
   8.4536844e+00   4.6069389e-22
   8.4731786e+00   4.6488718e-22
   8.4927179e+00   4.6959188e-22
   8.5123021e+00   4.7486120e-22
   8.5319316e+00   4.8075626e-22
   8.5516063e+00   4.8734757e-22
   8.5713263e+00   4.9471686e-22
   8.5910919e+00   5.0295933e-22
   8.6109030e+00   5.1218641e-22
   8.6307598e+00   5.2252939e-22
   8.6506624e+00   5.3414385e-22
   8.6706109e+00   5.4721534e-22
   8.6906054e+00   5.6196761e-22
   8.7106460e+00   5.7867151e-22
   8.7307328e+00   5.9765900e-22
   8.7508660e+00   6.1934091e-22
   8.7710455e+00   6.4423168e-22
   8.7912716e+00   6.7298409e-22
   8.8115444e+00   7.0643889e-22
   8.8318638e+00   7.4569755e-22
   8.8522302e+00   7.9223160e-22
   8.8726435e+00   8.4805217e-22
   8.8931039e+00   9.1598216e-22
   8.9136114e+00   1.0001116e-21
   8.9341663e+00   1.1065987e-21
   8.9547686e+00   1.2451663e-21
   8.9754183e+00   1.4321172e-21
   8.9961157e+00   1.6970348e-21
   9.0168608e+00   2.0997592e-21
   9.0376538e+00   2.7823421e-21
   9.0584947e+00   4.1839868e-21
   9.0793836e+00   8.6688069e-21
   9.1003208e+00   8.9941539e-20
   9.1213062e+00   7.1529533e-21
   9.1423400e+00   3.7079366e-21
   9.1634223e+00   2.5073814e-21
   9.1845532e+00   1.9134962e-21
   9.2057328e+00   1.5917749e-21
   9.2269613e+00   1.4833514e-21
   9.2482388e+00   1.8966905e-21
   9.2695653e+00   3.9194721e-20
   9.2909410e+00   1.7637301e-21
   9.3123660e+00   1.0673172e-21
   9.3338403e+00   8.4521263e-22
   9.3553642e+00   7.2806918e-22
   9.3769378e+00   6.5090206e-22
   9.3985611e+00   5.9400264e-22
   9.4202342e+00   5.4932012e-22
   9.4419574e+00   5.1285395e-22
   9.4637306e+00   4.8232369e-22
   9.4855540e+00   4.5629550e-22
   9.5074278e+00   4.3380112e-22
   9.5293520e+00   4.1415118e-22
   9.5513267e+00   3.9683495e-22
   9.5733522e+00   3.8146227e-22
   9.5954284e+00   3.6772781e-22
   9.6175555e+00   3.5538802e-22
   9.6397337e+00   3.4424556e-22
   9.6619630e+00   3.3413845e-22
   9.6842435e+00   3.2493220e-22
   9.7065755e+00   3.1651417e-22
   9.7289589e+00   3.0878917e-22
   9.7513940e+00   3.0167623e-22
   9.7738808e+00   2.9510603e-22
   9.7964194e+00   2.8901885e-22
   9.8190100e+00   2.8336304e-22
   9.8416527e+00   2.7809366e-22
   9.8643477e+00   2.7317149e-22
   9.8870949e+00   2.6856215e-22
   9.9098946e+00   2.6423538e-22
   9.9327469e+00   2.6016450e-22
   9.9556519e+00   2.5632587e-22
   9.9786097e+00   2.5269851e-22
   1.0001620e+01   2.4926392e-22
   1.0024684e+01   2.4600642e-22
   1.0047801e+01   2.4290845e-22
   1.0070972e+01   2.3995750e-22
   1.0094195e+01   2.3714223e-22
   1.0117473e+01   2.3445218e-22
   1.0140804e+01   2.3187737e-22
   1.0164188e+01   2.2940879e-22
   1.0187627e+01   2.2703834e-22
   1.0211120e+01   2.2475869e-22
   1.0234667e+01   2.2256348e-22
   1.0258268e+01   2.2044667e-22
   1.0281924e+01   2.1840272e-22
   1.0305634e+01   2.1642657e-22
   1.0329399e+01   2.1451378e-22
   1.0353218e+01   2.1266018e-22
   1.0377093e+01   2.1086191e-22
   1.0401023e+01   2.0911539e-22
   1.0425007e+01   2.0741744e-22
   1.0449048e+01   2.0576514e-22
   1.0473143e+01   2.0415572e-22
   1.0497294e+01   2.0258661e-22
   1.0521501e+01   2.0105550e-22
   1.0545764e+01   1.9956028e-22
   1.0570082e+01   1.9809894e-22
   1.0594457e+01   1.9666960e-22
   1.0618888e+01   1.9527055e-22
   1.0643375e+01   1.9390025e-22
   1.0667919e+01   1.9255720e-22
   1.0692519e+01   1.9124002e-22
   1.0717176e+01   1.8994742e-22
   1.0741890e+01   1.8867824e-22
   1.0766661e+01   1.8743136e-22
   1.0791489e+01   1.8620574e-22
   1.0816374e+01   1.8500042e-22
   1.0841317e+01   1.8381449e-22
   1.0866317e+01   1.8264711e-22
   1.0891375e+01   1.8149749e-22
   1.0916491e+01   1.8036487e-22
   1.0941664e+01   1.7924859e-22
   1.0966896e+01   1.7814797e-22
   1.0992185e+01   1.7706240e-22
   1.1017533e+01   1.7599131e-22
   1.1042940e+01   1.7493416e-22
   1.1068405e+01   1.7389043e-22
   1.1093929e+01   1.7285965e-22
   1.1119512e+01   1.7184136e-22
   1.1145153e+01   1.7083514e-22
   1.1170854e+01   1.6984059e-22
   1.1196614e+01   1.6885731e-22
   1.1222434e+01   1.6788496e-22
   1.1248313e+01   1.6692318e-22
   1.1274251e+01   1.6597167e-22
   1.1300250e+01   1.6503011e-22
   1.1326308e+01   1.6409821e-22
   1.1352427e+01   1.6317570e-22
   1.1378606e+01   1.6226232e-22
   1.1404845e+01   1.6135781e-22
   1.1431144e+01   1.6046196e-22
   1.1457505e+01   1.5957452e-22
   1.1483926e+01   1.5869529e-22
   1.1510408e+01   1.5782407e-22
   1.1536951e+01   1.5696066e-22
   1.1563555e+01   1.5610487e-22
   1.1590221e+01   1.5525654e-22
   1.1616948e+01   1.5441549e-22
   1.1643737e+01   1.5358156e-22
   1.1670587e+01   1.5275460e-22
   1.1697500e+01   1.5193446e-22
   1.1724474e+01   1.5112100e-22
   1.1751511e+01   1.5031408e-22
   1.1778610e+01   1.4951359e-22
   1.1805772e+01   1.4871938e-22
   1.1832996e+01   1.4793135e-22
   1.1860283e+01   1.4714938e-22
   1.1887633e+01   1.4637335e-22
   1.1915046e+01   1.4560317e-22
   1.1942522e+01   1.4483873e-22
   1.1970061e+01   1.4407994e-22
   1.1997664e+01   1.4332669e-22
   1.2025331e+01   1.4257890e-22
   1.2053062e+01   1.4183648e-22
   1.2080856e+01   1.4109935e-22
   1.2108715e+01   1.4036742e-22
   1.2136637e+01   1.3964061e-22
   1.2164625e+01   1.3891885e-22
   1.2192676e+01   1.3820207e-22
   1.2220793e+01   1.3749019e-22
   1.2248974e+01   1.3678314e-22
   1.2277220e+01   1.3608085e-22
   1.2305532e+01   1.3538327e-22
   1.2333908e+01   1.3469032e-22
   1.2362350e+01   1.3400195e-22
   1.2390858e+01   1.3331809e-22
   1.2419431e+01   1.3263869e-22
   1.2448071e+01   1.3196369e-22
   1.2476776e+01   1.3129304e-22
   1.2505548e+01   1.3062668e-22
   1.2534386e+01   1.2996456e-22
   1.2563290e+01   1.2930663e-22
   1.2592261e+01   1.2865284e-22
   1.2621299e+01   1.2800315e-22
   1.2650404e+01   1.2735750e-22
   1.2679576e+01   1.2671585e-22
   1.2708815e+01   1.2607816e-22
   1.2738121e+01   1.2544437e-22
   1.2767496e+01   1.2481446e-22
   1.2796938e+01   1.2418838e-22
   1.2826447e+01   1.2356608e-22
   1.2856025e+01   1.2294753e-22
   1.2885671e+01   1.2233269e-22
   1.2915386e+01   1.2172152e-22
   1.2945169e+01   1.2111398e-22
   1.2975020e+01   1.2051004e-22
   1.3004941e+01   1.1990966e-22
   1.3034930e+01   1.1931281e-22
   1.3064989e+01   1.1871945e-22
   1.3095117e+01   1.1812954e-22
   1.3125314e+01   1.1754306e-22
   1.3155582e+01   1.1695998e-22
   1.3185918e+01   1.1638025e-22
   1.3216325e+01   1.1580386e-22
   1.3246802e+01   1.1523076e-22
   1.3277349e+01   1.1466094e-22
   1.3307967e+01   1.1409435e-22
   1.3338655e+01   1.1353098e-22
   1.3369414e+01   1.1297079e-22
   1.3400244e+01   1.1241375e-22
   1.3431145e+01   1.1185984e-22
   1.3462118e+01   1.1130903e-22
   1.3493162e+01   1.1076130e-22
   1.3524277e+01   1.1021661e-22
   1.3555464e+01   1.0967495e-22
   1.3586723e+01   1.0913628e-22
   1.3618054e+01   1.0860058e-22
   1.3649457e+01   1.0806783e-22
   1.3680933e+01   1.0753801e-22
   1.3712481e+01   1.0701108e-22
   1.3744103e+01   1.0648703e-22
   1.3775797e+01   1.0596584e-22
   1.3807564e+01   1.0544748e-22
   1.3839404e+01   1.0493192e-22
   1.3871318e+01   1.0441915e-22
   1.3903305e+01   1.0390915e-22
   1.3935366e+01   1.0340189e-22
   1.3967501e+01   1.0289736e-22
   1.3999710e+01   1.0239552e-22
   1.4031994e+01   1.0189637e-22
   1.4064352e+01   1.0139988e-22
   1.4096784e+01   1.0090603e-22
   1.4129292e+01   1.0041481e-22
   1.4161874e+01   9.9926183e-23
   1.4194531e+01   9.9440144e-23
   1.4227264e+01   9.8956669e-23
   1.4260072e+01   9.8475742e-23
   1.4292956e+01   9.7997342e-23
   1.4325916e+01   9.7521453e-23
   1.4358951e+01   9.7048056e-23
   1.4392063e+01   9.6577133e-23
   1.4425251e+01   9.6108669e-23
   1.4458516e+01   9.5642644e-23
   1.4491858e+01   9.5179042e-23
   1.4525276e+01   9.4717848e-23
   1.4558771e+01   9.4259043e-23
   1.4592344e+01   9.3802611e-23
   1.4625994e+01   9.3348538e-23
   1.4659722e+01   9.2896806e-23
   1.4693527e+01   9.2447399e-23
   1.4727410e+01   9.2000303e-23
   1.4761372e+01   9.1555502e-23
   1.4795412e+01   9.1112981e-23
   1.4829530e+01   9.0672724e-23
   1.4863727e+01   9.0234717e-23
   1.4898003e+01   8.9798946e-23
   1.4932358e+01   8.9365394e-23
   1.4966792e+01   8.8934049e-23
   1.5001306e+01   8.8504896e-23
   1.5035899e+01   8.8077921e-23
   1.5070572e+01   8.7653111e-23
   1.5105324e+01   8.7230450e-23
   1.5140157e+01   8.6809926e-23
   1.5175071e+01   8.6391526e-23
   1.5210065e+01   8.5975235e-23
   1.5245139e+01   8.5561041e-23
   1.5280295e+01   8.5148931e-23
   1.5315531e+01   8.4738892e-23
   1.5350849e+01   8.4330911e-23
   1.5386248e+01   8.3924975e-23
   1.5421729e+01   8.3521072e-23
   1.5457291e+01   8.3119190e-23
   1.5492936e+01   8.2719316e-23
   1.5528663e+01   8.2321439e-23
   1.5564472e+01   8.1925545e-23
   1.5600364e+01   8.1531623e-23
   1.5636338e+01   8.1139662e-23
   1.5672396e+01   8.0749650e-23
   1.5708537e+01   8.0361575e-23
   1.5744761e+01   7.9975425e-23
   1.5781068e+01   7.9591190e-23
   1.5817459e+01   7.9208858e-23
   1.5853935e+01   7.8828418e-23
   1.5890494e+01   7.8449859e-23
   1.5927137e+01   7.8073170e-23
   1.5963866e+01   7.7698340e-23
   1.6000678e+01   7.7325358e-23
   1.6037576e+01   7.6954214e-23
   1.6074559e+01   7.6584897e-23
   1.6111627e+01   7.6217397e-23
   1.6148780e+01   7.5851703e-23
   1.6186020e+01   7.5487805e-23
   1.6223345e+01   7.5125693e-23
   1.6260756e+01   7.4765357e-23
   1.6298253e+01   7.4406787e-23
   1.6335837e+01   7.4049972e-23
   1.6373508e+01   7.3694903e-23
   1.6411265e+01   7.3341571e-23
   1.6449110e+01   7.2989965e-23
   1.6487041e+01   7.2640075e-23
   1.6525061e+01   7.2291894e-23
   1.6563168e+01   7.1945409e-23
   1.6601362e+01   7.1600614e-23
   1.6639645e+01   7.1257498e-23
   1.6678016e+01   7.0916051e-23
   1.6716476e+01   7.0576266e-23
   1.6755024e+01   7.0238132e-23
   1.6793662e+01   6.9901641e-23
   1.6832388e+01   6.9566783e-23
   1.6871203e+01   6.9233551e-23
   1.6910109e+01   6.8901935e-23
   1.6949103e+01   6.8571925e-23
   1.6988188e+01   6.8243515e-23
   1.7027363e+01   6.7916695e-23
   1.7066628e+01   6.7591456e-23
   1.7105984e+01   6.7267790e-23
   1.7145431e+01   6.6945689e-23
   1.7184968e+01   6.6625144e-23
   1.7224597e+01   6.6306147e-23
   1.7264317e+01   6.5988690e-23
   1.7304128e+01   6.5672764e-23
   1.7344032e+01   6.5358362e-23
   1.7384027e+01   6.5045475e-23
   1.7424115e+01   6.4734096e-23
   1.7464295e+01   6.4424216e-23
   1.7504568e+01   6.4115828e-23
   1.7544934e+01   6.3808923e-23
   1.7585392e+01   6.3503494e-23
   1.7625945e+01   6.3199534e-23
   1.7666590e+01   6.2897034e-23
   1.7707329e+01   6.2595987e-23
   1.7748163e+01   6.2296386e-23
   1.7789090e+01   6.1998222e-23
   1.7830112e+01   6.1701489e-23
   1.7871228e+01   6.1406179e-23
   1.7912439e+01   6.1112284e-23
   1.7953746e+01   6.0819798e-23
   1.7995147e+01   6.0528712e-23
   1.8036644e+01   6.0239021e-23
   1.8078237e+01   5.9950717e-23
   1.8119925e+01   5.9663791e-23
   1.8161710e+01   5.9378239e-23
   1.8203591e+01   5.9094052e-23
   1.8245569e+01   5.8811223e-23
   1.8287643e+01   5.8529746e-23
   1.8329814e+01   5.8249614e-23
   1.8372083e+01   5.7970819e-23
   1.8414449e+01   5.7693356e-23
   1.8456913e+01   5.7417216e-23
   1.8499475e+01   5.7142395e-23
   1.8542135e+01   5.6868884e-23
   1.8584893e+01   5.6596677e-23
   1.8627750e+01   5.6325768e-23
   1.8670706e+01   5.6056150e-23
   1.8713761e+01   5.5787817e-23
   1.8756915e+01   5.5520761e-23
   1.8800168e+01   5.5254978e-23
   1.8843522e+01   5.4990460e-23
   1.8886975e+01   5.4727200e-23
   1.8930528e+01   5.4465194e-23
   1.8974182e+01   5.4204433e-23
   1.9017937e+01   5.3944913e-23
   1.9061792e+01   5.3686627e-23
   1.9105749e+01   5.3429568e-23
   1.9149807e+01   5.3173732e-23
   1.9193967e+01   5.2919110e-23
   1.9238228e+01   5.2665699e-23
   1.9282592e+01   5.2413490e-23
   1.9327057e+01   5.2162480e-23
   1.9371626e+01   5.1912660e-23
   1.9416297e+01   5.1664027e-23
   1.9461071e+01   5.1416573e-23
   1.9505948e+01   5.1170294e-23
   1.9550929e+01   5.0925182e-23
   1.9596014e+01   5.0681233e-23
   1.9641202e+01   5.0438440e-23
   1.9686495e+01   5.0196799e-23
   1.9731892e+01   4.9956303e-23
   1.9777394e+01   4.9716946e-23
   1.9823001e+01   4.9478724e-23
   1.9868713e+01   4.9241630e-23
   1.9914530e+01   4.9005659e-23
   1.9960454e+01   4.8770805e-23
   2.0006482e+01   4.8537063e-23
   2.0052618e+01   4.8304428e-23
   2.0098859e+01   4.8072894e-23
   2.0145207e+01   4.7842455e-23
   2.0191662e+01   4.7613107e-23
   2.0238224e+01   4.7384844e-23
   2.0284894e+01   4.7157661e-23
   2.0331671e+01   4.6931552e-23
   2.0378556e+01   4.6706513e-23
   2.0425549e+01   4.6482537e-23
   2.0472650e+01   4.6259621e-23
   2.0519861e+01   4.6037758e-23
   2.0567180e+01   4.5816943e-23
   2.0614608e+01   4.5597173e-23
   2.0662145e+01   4.5378440e-23
   2.0709792e+01   4.5160741e-23
   2.0757549e+01   4.4944071e-23
   2.0805416e+01   4.4728424e-23
   2.0853394e+01   4.4513795e-23
   2.0901482e+01   4.4300180e-23
   2.0949681e+01   4.4087574e-23
   2.0997991e+01   4.3875971e-23
   2.1046412e+01   4.3665368e-23
   2.1094945e+01   4.3455758e-23
   2.1143591e+01   4.3247138e-23
   2.1192348e+01   4.3039502e-23
   2.1241218e+01   4.2832847e-23
   2.1290200e+01   4.2627166e-23
   2.1339295e+01   4.2422456e-23
   2.1388504e+01   4.2218711e-23
   2.1437826e+01   4.2015928e-23
   2.1487262e+01   4.1814101e-23
   2.1536812e+01   4.1613226e-23
   2.1586476e+01   4.1413299e-23
   2.1636254e+01   4.1214314e-23
   2.1686148e+01   4.1016268e-23
   2.1736156e+01   4.0819156e-23
   2.1786280e+01   4.0622973e-23
   2.1836519e+01   4.0427714e-23
   2.1886874e+01   4.0233377e-23
   2.1937346e+01   4.0039955e-23
   2.1987933e+01   3.9847445e-23
   2.2038638e+01   3.9655843e-23
   2.2089459e+01   3.9465144e-23
   2.2140397e+01   3.9275343e-23
   2.2191453e+01   3.9086437e-23
   2.2242627e+01   3.8898421e-23
   2.2293919e+01   3.8711291e-23
   2.2345328e+01   3.8525043e-23
   2.2396857e+01   3.8339672e-23
   2.2448504e+01   3.8155175e-23
   2.2500271e+01   3.7971547e-23
   2.2552157e+01   3.7788784e-23
   2.2604162e+01   3.7606883e-23
   2.2656287e+01   3.7425838e-23
   2.2708533e+01   3.7245646e-23
   2.2760899e+01   3.7066303e-23
   2.2813386e+01   3.6887804e-23
   2.2865994e+01   3.6710147e-23
   2.2918723e+01   3.6533326e-23
   2.2971574e+01   3.6357339e-23
   2.3024546e+01   3.6182180e-23
   2.3077641e+01   3.6007846e-23
   2.3130858e+01   3.5834334e-23
   2.3184198e+01   3.5661638e-23
   2.3237661e+01   3.5489756e-23
   2.3291247e+01   3.5318684e-23
   2.3344957e+01   3.5148418e-23
   2.3398791e+01   3.4978953e-23
   2.3452748e+01   3.4810286e-23
   2.3506831e+01   3.4642414e-23
   2.3561038e+01   3.4475333e-23
   2.3615370e+01   3.4309039e-23
   2.3669827e+01   3.4143528e-23
   2.3724410e+01   3.3978796e-23
   2.3779118e+01   3.3814840e-23
   2.3833953e+01   3.3651657e-23
   2.3888914e+01   3.3489242e-23
   2.3944002e+01   3.3327593e-23
   2.3999217e+01   3.3166705e-23
   2.4054560e+01   3.3006574e-23
   2.4110030e+01   3.2847198e-23
   2.4165628e+01   3.2688573e-23
   2.4221354e+01   3.2530695e-23
   2.4277208e+01   3.2373561e-23
   2.4333192e+01   3.2217167e-23
   2.4389304e+01   3.2061510e-23
   2.4445546e+01   3.1906586e-23
   2.4501918e+01   3.1752393e-23
   2.4558420e+01   3.1598926e-23
   2.4615051e+01   3.1446182e-23
   2.4671814e+01   3.1294157e-23
   2.4728707e+01   3.1142850e-23
   2.4785732e+01   3.0992255e-23
   2.4842888e+01   3.0842370e-23
   2.4900176e+01   3.0693191e-23
   2.4957596e+01   3.0544716e-23
   2.5015148e+01   3.0396941e-23
   2.5072833e+01   3.0249862e-23
   2.5130652e+01   3.0103476e-23
   2.5188603e+01   2.9957781e-23
   2.5246688e+01   2.9812772e-23
   2.5304907e+01   2.9668448e-23
   2.5363261e+01   2.9524804e-23
   2.5421748e+01   2.9381837e-23
   2.5480371e+01   2.9239545e-23
   2.5539129e+01   2.9097923e-23
   2.5598023e+01   2.8956970e-23
   2.5657052e+01   2.8816681e-23
   2.5716217e+01   2.8677055e-23
   2.5775519e+01   2.8538087e-23
   2.5834957e+01   2.8399775e-23
   2.5894533e+01   2.8262115e-23
   2.5954246e+01   2.8125105e-23
   2.6014097e+01   2.7988742e-23
   2.6074085e+01   2.7853023e-23
   2.6134212e+01   2.7717944e-23
   2.6194478e+01   2.7583503e-23
   2.6254883e+01   2.7449696e-23
   2.6315427e+01   2.7316521e-23
   2.6376110e+01   2.7183976e-23
   2.6436934e+01   2.7052056e-23
   2.6497898e+01   2.6920759e-23
   2.6559002e+01   2.6790083e-23
   2.6620247e+01   2.6660024e-23
   2.6681634e+01   2.6530579e-23
   2.6743162e+01   2.6401746e-23
   2.6804832e+01   2.6273522e-23
   2.6866644e+01   2.6145904e-23
   2.6928599e+01   2.6018890e-23
   2.6990696e+01   2.5892476e-23
   2.7052937e+01   2.5766659e-23
   2.7115321e+01   2.5641438e-23
   2.7177849e+01   2.5516808e-23
   2.7240522e+01   2.5392769e-23
   2.7303338e+01   2.5269316e-23
   2.7366300e+01   2.5146447e-23
   2.7429407e+01   2.5024160e-23
   2.7492659e+01   2.4902451e-23
   2.7556058e+01   2.4781318e-23
   2.7619602e+01   2.4660759e-23
   2.7683293e+01   2.4540771e-23
   2.7747131e+01   2.4421351e-23
   2.7811116e+01   2.4302497e-23
   2.7875249e+01   2.4184205e-23
   2.7939529e+01   2.4066475e-23
   2.8003958e+01   2.3949301e-23
   2.8068536e+01   2.3832684e-23
   2.8133262e+01   2.3716619e-23
   2.8198137e+01   2.3601104e-23
   2.8263162e+01   2.3486137e-23
   2.8328338e+01   2.3371715e-23
   2.8393663e+01   2.3257836e-23
   2.8459139e+01   2.3144498e-23
   2.8524766e+01   2.3031697e-23
   2.8590544e+01   2.2919431e-23
   2.8656474e+01   2.2807698e-23
   2.8722556e+01   2.2696496e-23
   2.8788791e+01   2.2585822e-23
   2.8855178e+01   2.2475674e-23
   2.8921718e+01   2.2366048e-23
   2.8988412e+01   2.2256944e-23
   2.9055259e+01   2.2148358e-23
   2.9122261e+01   2.2040288e-23
   2.9189417e+01   2.1932732e-23
   2.9256728e+01   2.1825688e-23
   2.9324194e+01   2.1719153e-23
   2.9391816e+01   2.1613124e-23
   2.9459594e+01   2.1507600e-23
   2.9527528e+01   2.1402578e-23
   2.9595619e+01   2.1298056e-23
   2.9663866e+01   2.1194032e-23
   2.9732272e+01   2.1090503e-23
   2.9800834e+01   2.0987468e-23
   2.9869555e+01   2.0884923e-23
   2.9938435e+01   2.0782867e-23
   3.0007473e+01   2.0681298e-23
   3.0076670e+01   2.0580213e-23
   3.0146028e+01   2.0479610e-23
   3.0215544e+01   2.0379487e-23
   3.0285222e+01   2.0279842e-23
   3.0355060e+01   2.0180672e-23
   3.0425059e+01   2.0081976e-23
   3.0495219e+01   1.9983751e-23
   3.0565541e+01   1.9885995e-23
   3.0636026e+01   1.9788707e-23
   3.0706673e+01   1.9691883e-23
   3.0777482e+01   1.9595522e-23
   3.0848456e+01   1.9499622e-23
   3.0919592e+01   1.9404181e-23
   3.0990893e+01   1.9309197e-23
   3.1062358e+01   1.9214667e-23
   3.1133988e+01   1.9120589e-23
   3.1205784e+01   1.9026962e-23
   3.1277744e+01   1.8933784e-23
   3.1349871e+01   1.8841052e-23
   3.1422164e+01   1.8748764e-23
   3.1494624e+01   1.8656919e-23
   3.1567251e+01   1.8565515e-23
   3.1640045e+01   1.8474549e-23
   3.1713007e+01   1.8384019e-23
   3.1786138e+01   1.8293925e-23
   3.1859437e+01   1.8204262e-23
   3.1932905e+01   1.8115031e-23
   3.2006542e+01   1.8026228e-23
   3.2080350e+01   1.7937852e-23
   3.2154327e+01   1.7849901e-23
   3.2228475e+01   1.7762374e-23
   3.2302794e+01   1.7675267e-23
   3.2377285e+01   1.7588580e-23
   3.2451947e+01   1.7502310e-23
   3.2526782e+01   1.7416455e-23
   3.2601789e+01   1.7331014e-23
   3.2676969e+01   1.7245986e-23
   3.2752322e+01   1.7161367e-23
   3.2827849e+01   1.7077156e-23
   3.2903550e+01   1.6993352e-23
   3.2979426e+01   1.6909952e-23
   3.3055477e+01   1.6826955e-23
   3.3131703e+01   1.6744360e-23
   3.3208105e+01   1.6662163e-23
   3.3284683e+01   1.6580364e-23
   3.3361438e+01   1.6498960e-23
   3.3438370e+01   1.6417950e-23
   3.3515479e+01   1.6337333e-23
   3.3592766e+01   1.6257106e-23
   3.3670231e+01   1.6177268e-23
   3.3747875e+01   1.6097816e-23
   3.3825698e+01   1.6018750e-23
   3.3903700e+01   1.5940068e-23
   3.3981882e+01   1.5861767e-23
   3.4060245e+01   1.5783847e-23
   3.4138788e+01   1.5706305e-23
   3.4217512e+01   1.5629140e-23
   3.4296418e+01   1.5552350e-23
   3.4375506e+01   1.5475934e-23
   3.4454776e+01   1.5399889e-23
   3.4534229e+01   1.5324215e-23
   3.4613865e+01   1.5248910e-23
   3.4693685e+01   1.5173971e-23
   3.4773689e+01   1.5099398e-23
   3.4853877e+01   1.5025188e-23
   3.4934251e+01   1.4951341e-23
   3.5014809e+01   1.4877855e-23
   3.5095554e+01   1.4804727e-23
   3.5176484e+01   1.4731957e-23
   3.5257602e+01   1.4659543e-23
   3.5338906e+01   1.4587483e-23
   3.5420398e+01   1.4515776e-23
   3.5502077e+01   1.4444420e-23
   3.5583945e+01   1.4373414e-23
   3.5666002e+01   1.4302756e-23
   3.5748248e+01   1.4232444e-23
   3.5830684e+01   1.4162478e-23
   3.5913310e+01   1.4092855e-23
   3.5996126e+01   1.4023575e-23
   3.6079134e+01   1.3954635e-23
   3.6162332e+01   1.3886035e-23
   3.6245723e+01   1.3817772e-23
   3.6329306e+01   1.3749845e-23
   3.6413082e+01   1.3682253e-23
   3.6497050e+01   1.3614995e-23
   3.6581213e+01   1.3548068e-23
   3.6665569e+01   1.3481472e-23
   3.6750120e+01   1.3415205e-23
   3.6834867e+01   1.3349265e-23
   3.6919808e+01   1.3283652e-23
   3.7004945e+01   1.3218363e-23
   3.7090279e+01   1.3153398e-23
   3.7175810e+01   1.3088754e-23
   3.7261537e+01   1.3024432e-23
   3.7347463e+01   1.2960428e-23
   3.7433586e+01   1.2896742e-23
   3.7519908e+01   1.2833373e-23
   3.7606429e+01   1.2770319e-23
   3.7693150e+01   1.2707579e-23
   3.7780071e+01   1.2645151e-23
   3.7867192e+01   1.2583034e-23
   3.7954514e+01   1.2521227e-23
   3.8042037e+01   1.2459728e-23
   3.8129763e+01   1.2398536e-23
   3.8217690e+01   1.2337650e-23
   3.8305821e+01   1.2277069e-23
   3.8394154e+01   1.2216791e-23
   3.8482691e+01   1.2156814e-23
   3.8571433e+01   1.2097138e-23
   3.8660379e+01   1.2037762e-23
   3.8749530e+01   1.1978684e-23
   3.8838886e+01   1.1919902e-23
   3.8928449e+01   1.1861416e-23
   3.9018219e+01   1.1803224e-23
   3.9108195e+01   1.1745325e-23
   3.9198379e+01   1.1687718e-23
   3.9288770e+01   1.1630401e-23
   3.9379371e+01   1.1573374e-23
   3.9470180e+01   1.1516635e-23
   3.9561198e+01   1.1460183e-23
   3.9652427e+01   1.1404016e-23
   3.9743865e+01   1.1348134e-23
   3.9835515e+01   1.1292535e-23
   3.9927376e+01   1.1237218e-23
   4.0019449e+01   1.1182182e-23
   4.0111734e+01   1.1127426e-23
   4.0204232e+01   1.1072948e-23
   4.0296943e+01   1.1018748e-23
   4.0389868e+01   1.0964823e-23
   4.0483008e+01   1.0911174e-23
   4.0576362e+01   1.0857799e-23
   4.0669931e+01   1.0804696e-23
   4.0763716e+01   1.0751865e-23
   4.0857718e+01   1.0699305e-23
   4.0951936e+01   1.0647014e-23
   4.1046372e+01   1.0594991e-23
   4.1141025e+01   1.0543235e-23
   4.1235896e+01   1.0491745e-23
   4.1330987e+01   1.0440520e-23
   4.1426296e+01   1.0389559e-23
   4.1521826e+01   1.0338861e-23
   4.1617575e+01   1.0288424e-23
   4.1713546e+01   1.0238248e-23
   4.1809737e+01   1.0188331e-23
   4.1906151e+01   1.0138673e-23
   4.2002787e+01   1.0089272e-23
   4.2099646e+01   1.0040127e-23
   4.2196728e+01   9.9912374e-24
   4.2294034e+01   9.9426020e-24
   4.2391564e+01   9.8942197e-24
   4.2489319e+01   9.8460895e-24
   4.2587300e+01   9.7982104e-24
   4.2685507e+01   9.7505812e-24
   4.2783940e+01   9.7032011e-24
   4.2882600e+01   9.6560690e-24
   4.2981488e+01   9.6091838e-24
   4.3080603e+01   9.5625446e-24
   4.3179947e+01   9.5161503e-24
   4.3279521e+01   9.4700001e-24
   4.3379324e+01   9.4240928e-24
   4.3479357e+01   9.3784274e-24
   4.3579620e+01   9.3330031e-24
   4.3680115e+01   9.2878188e-24
   4.3780842e+01   9.2428736e-24
   4.3881801e+01   9.1981665e-24
   4.3982993e+01   9.1536965e-24
   4.4084418e+01   9.1094627e-24
   4.4186077e+01   9.0654641e-24
   4.4287970e+01   9.0216998e-24
   4.4390099e+01   8.9781688e-24
   4.4492463e+01   8.9348702e-24
   4.4595062e+01   8.8918031e-24
   4.4697899e+01   8.8489665e-24
   4.4800973e+01   8.8063595e-24
   4.4904284e+01   8.7639813e-24
   4.5007834e+01   8.7218308e-24
   4.5111622e+01   8.6799072e-24
   4.5215650e+01   8.6382096e-24
   4.5319918e+01   8.5967370e-24
   4.5424426e+01   8.5554886e-24
   4.5529175e+01   8.5144635e-24
   4.5634165e+01   8.4736608e-24
   4.5739398e+01   8.4330796e-24
   4.5844873e+01   8.3927191e-24
   4.5950592e+01   8.3525783e-24
   4.6056554e+01   8.3126564e-24
   4.6162761e+01   8.2729526e-24
   4.6269213e+01   8.2334659e-24
   4.6375910e+01   8.1941956e-24
   4.6482853e+01   8.1551407e-24
   4.6590043e+01   8.1163004e-24
   4.6697480e+01   8.0776740e-24
   4.6805165e+01   8.0392604e-24
   4.6913098e+01   8.0010590e-24
   4.7021280e+01   7.9630688e-24
   4.7129711e+01   7.9252891e-24
   4.7238393e+01   7.8877191e-24
   4.7347325e+01   7.8503578e-24
   4.7456508e+01   7.8132046e-24
   4.7565943e+01   7.7762585e-24
   4.7675631e+01   7.7395188e-24
   4.7785571e+01   7.7029847e-24
   4.7895765e+01   7.6666554e-24
   4.8006213e+01   7.6305301e-24
   4.8116916e+01   7.5946079e-24
   4.8227874e+01   7.5588882e-24
   4.8339087e+01   7.5233701e-24
   4.8450558e+01   7.4880529e-24
   4.8562285e+01   7.4529357e-24
   4.8674270e+01   7.4180178e-24
   4.8786513e+01   7.3832985e-24
   4.8899015e+01   7.3487770e-24
   4.9011777e+01   7.3144525e-24
   4.9124798e+01   7.2803242e-24
   4.9238081e+01   7.2463914e-24
   4.9351624e+01   7.2126534e-24
   4.9465429e+01   7.1791094e-24
   4.9579497e+01   7.1457587e-24
   4.9693828e+01   7.1126005e-24
   4.9808422e+01   7.0796341e-24
   4.9923280e+01   7.0468587e-24
   5.0038404e+01   7.0142737e-24
   5.0153793e+01   6.9818783e-24
   5.0269448e+01   6.9496718e-24
   5.0385370e+01   6.9176534e-24
   5.0501559e+01   6.8858225e-24
   5.0618016e+01   6.8541784e-24
   5.0734741e+01   6.8227202e-24
   5.0851736e+01   6.7914474e-24
   5.0969000e+01   6.7603592e-24
   5.1086535e+01   6.7294550e-24
   5.1204341e+01   6.6987339e-24
   5.1322419e+01   6.6681954e-24
   5.1440769e+01   6.6378388e-24
   5.1559392e+01   6.6076633e-24
   5.1678288e+01   6.5776682e-24
   5.1797458e+01   6.5478530e-24
   5.1916904e+01   6.5182169e-24
   5.2036625e+01   6.4887592e-24
   5.2156621e+01   6.4594793e-24
   5.2276895e+01   6.4303764e-24
   5.2397446e+01   6.4014500e-24
   5.2518275e+01   6.3726994e-24
   5.2639382e+01   6.3441238e-24
   5.2760769e+01   6.3157227e-24
   5.2882436e+01   6.2874954e-24
   5.3004383e+01   6.2594412e-24
   5.3126612e+01   6.2315595e-24
   5.3249122e+01   6.2038497e-24
   5.3371915e+01   6.1763110e-24
   5.3494991e+01   6.1489428e-24
   5.3618351e+01   6.1217446e-24
   5.3741995e+01   6.0947156e-24
   5.3865925e+01   6.0678552e-24
   5.3990140e+01   6.0411629e-24
   5.4114642e+01   6.0146379e-24
   5.4239430e+01   5.9882796e-24
   5.4364507e+01   5.9620875e-24
   5.4489872e+01   5.9360608e-24
   5.4615526e+01   5.9101989e-24
   5.4741470e+01   5.8845014e-24
   5.4867704e+01   5.8589674e-24
   5.4994229e+01   5.8335964e-24
   5.5121046e+01   5.8083879e-24
   5.5248156e+01   5.7833411e-24
   5.5375559e+01   5.7584554e-24
   5.5503255e+01   5.7337304e-24
   5.5631246e+01   5.7091653e-24
   5.5759532e+01   5.6847595e-24
   5.5888114e+01   5.6605125e-24
   5.6016992e+01   5.6364236e-24
   5.6146168e+01   5.6124923e-24
   5.6275642e+01   5.5887179e-24
   5.6405414e+01   5.5650999e-24
   5.6535485e+01   5.5416377e-24
   5.6665856e+01   5.5183306e-24
   5.6796528e+01   5.4951781e-24
   5.6927501e+01   5.4721796e-24
   5.7058777e+01   5.4493345e-24
   5.7190355e+01   5.4266423e-24
   5.7322236e+01   5.4041023e-24
   5.7454421e+01   5.3817139e-24
   5.7586912e+01   5.3594766e-24
   5.7719708e+01   5.3373898e-24
   5.7852810e+01   5.3154530e-24
   5.7986219e+01   5.2936654e-24
   5.8119935e+01   5.2720267e-24
   5.8253960e+01   5.2505361e-24
   5.8388294e+01   5.2291932e-24
   5.8522938e+01   5.2079973e-24
   5.8657893e+01   5.1869479e-24
   5.8793158e+01   5.1660444e-24
   5.8928736e+01   5.1452862e-24
   5.9064626e+01   5.1246729e-24
   5.9200829e+01   5.1042037e-24
   5.9337347e+01   5.0838782e-24
   5.9474179e+01   5.0636958e-24
   5.9611327e+01   5.0436559e-24
   5.9748791e+01   5.0237579e-24
   5.9886572e+01   5.0040014e-24
   6.0024671e+01   4.9843857e-24
   6.0163089e+01   4.9649102e-24
   6.0301825e+01   4.9455745e-24
   6.0440882e+01   4.9263780e-24
   6.0580259e+01   4.9073201e-24
   6.0719957e+01   4.8884002e-24
   6.0859978e+01   4.8696179e-24
   6.1000322e+01   4.8509724e-24
   6.1140989e+01   4.8324634e-24
   6.1281980e+01   4.8140902e-24
   6.1423297e+01   4.7958523e-24
   6.1564940e+01   4.7777491e-24
   6.1706909e+01   4.7597801e-24
   6.1849206e+01   4.7419448e-24
   6.1991830e+01   4.7242425e-24
   6.2134784e+01   4.7066727e-24
   6.2278067e+01   4.6892350e-24
   6.2421681e+01   4.6719287e-24
   6.2565626e+01   4.6547532e-24
   6.2709903e+01   4.6377081e-24
   6.2854512e+01   4.6207928e-24
   6.2999455e+01   4.6040068e-24
   6.3144732e+01   4.5873494e-24
   6.3290345e+01   4.5708202e-24
   6.3436293e+01   4.5544186e-24
   6.3582577e+01   4.5381440e-24
   6.3729199e+01   4.5219960e-24
   6.3876159e+01   4.5059739e-24
   6.4023458e+01   4.4900773e-24
   6.4171097e+01   4.4743055e-24
   6.4319076e+01   4.4586580e-24
   6.4467396e+01   4.4431344e-24
   6.4616058e+01   4.4277340e-24
   6.4765063e+01   4.4124562e-24
   6.4914412e+01   4.3973006e-24
   6.5064105e+01   4.3822667e-24
   6.5214144e+01   4.3673538e-24
   6.5364528e+01   4.3525614e-24
   6.5515259e+01   4.3378889e-24
   6.5666338e+01   4.3233359e-24
   6.5817765e+01   4.3089018e-24
   6.5969541e+01   4.2945861e-24
   6.6121667e+01   4.2803881e-24
   6.6274144e+01   4.2663073e-24
   6.6426973e+01   4.2523433e-24
   6.6580154e+01   4.2384954e-24
   6.6733688e+01   4.2247631e-24
   6.6887577e+01   4.2111459e-24
   6.7041820e+01   4.1976433e-24
   6.7196419e+01   4.1842545e-24
   6.7351374e+01   4.1709793e-24
   6.7506687e+01   4.1578169e-24
   6.7662358e+01   4.1447668e-24
   6.7818388e+01   4.1318286e-24
   6.7974778e+01   4.1190015e-24
   6.8131528e+01   4.1062852e-24
   6.8288640e+01   4.0936791e-24
   6.8446114e+01   4.0811825e-24
   6.8603951e+01   4.0687950e-24
   6.8762153e+01   4.0565160e-24
   6.8920719e+01   4.0443450e-24
   6.9079650e+01   4.0322814e-24
   6.9238949e+01   4.0203247e-24
   6.9398614e+01   4.0084742e-24
   6.9558648e+01   3.9967296e-24
   6.9719051e+01   3.9850902e-24
   6.9879823e+01   3.9735554e-24
   7.0040967e+01   3.9621248e-24
   7.0202482e+01   3.9507978e-24
   7.0364369e+01   3.9395738e-24
   7.0526630e+01   3.9284523e-24
   7.0689265e+01   3.9174327e-24
   7.0852275e+01   3.9065145e-24
   7.1015661e+01   3.8956971e-24
   7.1179423e+01   3.8849801e-24
   7.1343564e+01   3.8743627e-24
   7.1508083e+01   3.8638446e-24
   7.1672981e+01   3.8534250e-24
   7.1838259e+01   3.8431036e-24
   7.2003919e+01   3.8328797e-24
   7.2169960e+01   3.8227528e-24
   7.2336385e+01   3.8127223e-24
   7.2503193e+01   3.8027877e-24
   7.2670386e+01   3.7929485e-24
   7.2837964e+01   3.7832040e-24
   7.3005929e+01   3.7735537e-24
   7.3174282e+01   3.7639972e-24
   7.3343022e+01   3.7545338e-24
   7.3512152e+01   3.7451629e-24
   7.3681671e+01   3.7358841e-24
   7.3851582e+01   3.7266968e-24
   7.4021884e+01   3.7176004e-24
   7.4192579e+01   3.7085944e-24
   7.4363668e+01   3.6996783e-24
   7.4535151e+01   3.6908514e-24
   7.4707029e+01   3.6821133e-24
   7.4879304e+01   3.6734633e-24
   7.5051977e+01   3.6649010e-24
   7.5225047e+01   3.6564258e-24
   7.5398517e+01   3.6480371e-24
   7.5572386e+01   3.6397344e-24
   7.5746657e+01   3.6315172e-24
   7.5921329e+01   3.6233848e-24
   7.6096404e+01   3.6153368e-24
   7.6271883e+01   3.6073727e-24
   7.6447767e+01   3.5994917e-24
   7.6624056e+01   3.5916935e-24
   7.6800751e+01   3.5839775e-24
   7.6977855e+01   3.5763431e-24
   7.7155366e+01   3.5687897e-24
   7.7333287e+01   3.5613169e-24
   7.7511618e+01   3.5539241e-24
   7.7690361e+01   3.5466107e-24
   7.7869515e+01   3.5393763e-24
   7.8049083e+01   3.5322202e-24
   7.8229065e+01   3.5251419e-24
   7.8409461e+01   3.5181409e-24
   7.8590274e+01   3.5112167e-24
   7.8771504e+01   3.5043687e-24
   7.8953152e+01   3.4975963e-24
   7.9135218e+01   3.4908991e-24
   7.9317705e+01   3.4842764e-24
   7.9500612e+01   3.4777279e-24
   7.9683941e+01   3.4712528e-24
   7.9867693e+01   3.4648508e-24
   8.0051868e+01   3.4585212e-24
   8.0236468e+01   3.4522635e-24
   8.0421494e+01   3.4460773e-24
   8.0606947e+01   3.4399619e-24
   8.0792827e+01   3.4339168e-24
   8.0979136e+01   3.4279416e-24
   8.1165874e+01   3.4220357e-24
   8.1353044e+01   3.4161985e-24
   8.1540644e+01   3.4104295e-24
   8.1728678e+01   3.4047283e-24
   8.1917145e+01   3.3990943e-24
   8.2106046e+01   3.3935269e-24
   8.2295383e+01   3.3880257e-24
   8.2485157e+01   3.3825902e-24
   8.2675369e+01   3.3772198e-24
   8.2866019e+01   3.3719139e-24
   8.3057108e+01   3.3666722e-24
   8.3248639e+01   3.3614941e-24
   8.3440611e+01   3.3563790e-24
   8.3633025e+01   3.3513265e-24
   8.3825884e+01   3.3463361e-24
   8.4019187e+01   3.3414072e-24
   8.4212936e+01   3.3365394e-24
   8.4407131e+01   3.3317321e-24
   8.4601775e+01   3.3269849e-24
   8.4796867e+01   3.3222972e-24
   8.4992409e+01   3.3176685e-24
   8.5188403e+01   3.3130985e-24
   8.5384848e+01   3.3085864e-24
   8.5581746e+01   3.3041320e-24
   8.5779098e+01   3.2997346e-24
   8.5976905e+01   3.2953938e-24
   8.6175169e+01   3.2911091e-24
   8.6373889e+01   3.2868801e-24
   8.6573068e+01   3.2827061e-24
   8.6772706e+01   3.2785869e-24
   8.6972805e+01   3.2745218e-24
   8.7173365e+01   3.2705104e-24
   8.7374387e+01   3.2665522e-24
   8.7575873e+01   3.2626468e-24
   8.7777824e+01   3.2587936e-24
   8.7980240e+01   3.2549923e-24
   8.8183123e+01   3.2512423e-24
   8.8386474e+01   3.2475432e-24
   8.8590294e+01   3.2438945e-24
   8.8794584e+01   3.2402958e-24
   8.8999345e+01   3.2367465e-24
   8.9204578e+01   3.2332463e-24
   8.9410285e+01   3.2297947e-24
   8.9616465e+01   3.2263913e-24
   8.9823122e+01   3.2230355e-24
   9.0030254e+01   3.2197269e-24
   9.0237865e+01   3.2164652e-24
   9.0445954e+01   3.2132498e-24
   9.0654523e+01   3.2100803e-24
   9.0863573e+01   3.2069563e-24
   9.1073105e+01   3.2038773e-24
   9.1283120e+01   3.2008429e-24
   9.1493620e+01   3.1978528e-24
   9.1704605e+01   3.1949063e-24
   9.1916077e+01   3.1920032e-24
   9.2128036e+01   3.1891429e-24
   9.2340484e+01   3.1863252e-24
   9.2553422e+01   3.1835495e-24
   9.2766850e+01   3.1808154e-24
   9.2980771e+01   3.1781225e-24
   9.3195186e+01   3.1754705e-24
   9.3410095e+01   3.1728589e-24
   9.3625499e+01   3.1702872e-24
   9.3841400e+01   3.1677552e-24
   9.4057799e+01   3.1652624e-24
   9.4274697e+01   3.1628083e-24
   9.4492095e+01   3.1603926e-24
   9.4709995e+01   3.1580150e-24
   9.4928397e+01   3.1556749e-24
   9.5147302e+01   3.1533721e-24
   9.5366713e+01   3.1511060e-24
   9.5586629e+01   3.1488765e-24
   9.5807053e+01   3.1466830e-24
   9.6027984e+01   3.1445252e-24
   9.6249426e+01   3.1424027e-24
   9.6471378e+01   3.1403151e-24
   9.6693841e+01   3.1382621e-24
   9.6916818e+01   3.1362434e-24
   9.7140309e+01   3.1342584e-24
   9.7364315e+01   3.1323069e-24
   9.7588838e+01   3.1303885e-24
   9.7813879e+01   3.1285029e-24
   9.8039438e+01   3.1266496e-24
   9.8265518e+01   3.1248284e-24
   9.8492119e+01   3.1230389e-24
   9.8719243e+01   3.1212807e-24
   9.8946890e+01   3.1195536e-24
   9.9175062e+01   3.1178570e-24
   9.9403761e+01   3.1161908e-24
   9.9632987e+01   3.1145546e-24
   9.9862741e+01   3.1129480e-24
   1.0009303e+02   3.1113707e-24
   1.0032384e+02   3.1098224e-24
   1.0055519e+02   3.1083027e-24
   1.0078707e+02   3.1068113e-24
   1.0101948e+02   3.1053480e-24
   1.0125244e+02   3.1039123e-24
   1.0148593e+02   3.1025040e-24
   1.0171995e+02   3.1011228e-24
   1.0195452e+02   3.0997683e-24
   1.0218963e+02   3.0984402e-24
   1.0242528e+02   3.0971383e-24
   1.0266147e+02   3.0958621e-24
   1.0289821e+02   3.0946115e-24
   1.0313549e+02   3.0933861e-24
   1.0337332e+02   3.0921856e-24
   1.0361170e+02   3.0910097e-24
   1.0385063e+02   3.0898582e-24
   1.0409011e+02   3.0887307e-24
   1.0433015e+02   3.0876270e-24
   1.0457073e+02   3.0865467e-24
   1.0481187e+02   3.0854896e-24
   1.0505357e+02   3.0844555e-24
   1.0529582e+02   3.0834440e-24
   1.0553864e+02   3.0824548e-24
   1.0578201e+02   3.0814877e-24
   1.0602594e+02   3.0805424e-24
   1.0627044e+02   3.0796187e-24
   1.0651550e+02   3.0787163e-24
   1.0676113e+02   3.0778349e-24
   1.0700732e+02   3.0769742e-24
   1.0725408e+02   3.0761341e-24
   1.0750141e+02   3.0753142e-24
   1.0774931e+02   3.0745142e-24
   1.0799778e+02   3.0737341e-24
   1.0824682e+02   3.0729734e-24
   1.0849644e+02   3.0722320e-24
   1.0874663e+02   3.0715096e-24
   1.0899740e+02   3.0708059e-24
   1.0924875e+02   3.0701208e-24
   1.0950068e+02   3.0694540e-24
   1.0975319e+02   3.0688052e-24
   1.1000628e+02   3.0681743e-24
   1.1025996e+02   3.0675609e-24
   1.1051422e+02   3.0669649e-24
   1.1076906e+02   3.0663860e-24
   1.1102450e+02   3.0658241e-24
   1.1128052e+02   3.0652788e-24
   1.1153714e+02   3.0647501e-24
   1.1179434e+02   3.0642375e-24
   1.1205214e+02   3.0637411e-24
   1.1231053e+02   3.0632604e-24
   1.1256952e+02   3.0627954e-24
   1.1282911e+02   3.0623458e-24
   1.1308929e+02   3.0619114e-24
   1.1335008e+02   3.0614920e-24
   1.1361146e+02   3.0610874e-24
   1.1387345e+02   3.0606974e-24
   1.1413605e+02   3.0603217e-24
   1.1439924e+02   3.0599603e-24
   1.1466305e+02   3.0596130e-24
   1.1492746e+02   3.0592794e-24
   1.1519249e+02   3.0589595e-24
   1.1545812e+02   3.0586530e-24
   1.1572437e+02   3.0583597e-24
   1.1599123e+02   3.0580796e-24
   1.1625871e+02   3.0578123e-24
   1.1652680e+02   3.0575577e-24
   1.1679551e+02   3.0573157e-24
   1.1706484e+02   3.0570860e-24
   1.1733480e+02   3.0568686e-24
   1.1760537e+02   3.0566631e-24
   1.1787657e+02   3.0564695e-24
   1.1814839e+02   3.0562875e-24
   1.1842085e+02   3.0561170e-24
   1.1869392e+02   3.0559579e-24
   1.1896763e+02   3.0558100e-24
   1.1924197e+02   3.0556731e-24
   1.1951695e+02   3.0555470e-24
   1.1979255e+02   3.0554316e-24
   1.2006880e+02   3.0553268e-24
   1.2034568e+02   3.0552324e-24
   1.2062319e+02   3.0551482e-24
   1.2090135e+02   3.0550741e-24
   1.2118015e+02   3.0550099e-24
   1.2145959e+02   3.0549555e-24
   1.2173968e+02   3.0549108e-24
   1.2202041e+02   3.0548755e-24
   1.2230179e+02   3.0548497e-24
   1.2258382e+02   3.0548330e-24
   1.2286650e+02   3.0548254e-24
   1.2314983e+02   3.0548267e-24
   1.2343382e+02   3.0548369e-24
   1.2371846e+02   3.0548557e-24
   1.2400375e+02   3.0548831e-24
   1.2428971e+02   3.0549189e-24
   1.2457632e+02   3.0549629e-24
   1.2486359e+02   3.0550151e-24
   1.2515153e+02   3.0550753e-24
   1.2544013e+02   3.0551434e-24
   1.2572940e+02   3.0552193e-24
   1.2601933e+02   3.0553029e-24
   1.2630993e+02   3.0553939e-24
   1.2660120e+02   3.0554924e-24
   1.2689314e+02   3.0555982e-24
   1.2718576e+02   3.0557112e-24
   1.2747905e+02   3.0558312e-24
   1.2777302e+02   3.0559582e-24
   1.2806767e+02   3.0560920e-24
   1.2836299e+02   3.0562325e-24
   1.2865900e+02   3.0563797e-24
   1.2895569e+02   3.0565334e-24
   1.2925306e+02   3.0566934e-24
   1.2955112e+02   3.0568598e-24
   1.2984986e+02   3.0570324e-24
   1.3014930e+02   3.0572111e-24
   1.3044942e+02   3.0573957e-24
   1.3075024e+02   3.0575863e-24
   1.3105175e+02   3.0577826e-24
   1.3135396e+02   3.0579846e-24
   1.3165686e+02   3.0581923e-24
   1.3196046e+02   3.0584054e-24
   1.3226476e+02   3.0586240e-24
   1.3256977e+02   3.0588479e-24
   1.3287547e+02   3.0590770e-24
   1.3318189e+02   3.0593112e-24
   1.3348901e+02   3.0595505e-24
   1.3379683e+02   3.0597948e-24
   1.3410537e+02   3.0600439e-24
   1.3441462e+02   3.0602978e-24
   1.3472458e+02   3.0605564e-24
   1.3503525e+02   3.0608197e-24
   1.3534665e+02   3.0610875e-24
   1.3565876e+02   3.0613597e-24
   1.3597159e+02   3.0616363e-24
   1.3628514e+02   3.0619173e-24
   1.3659941e+02   3.0622024e-24
   1.3691441e+02   3.0624917e-24
   1.3723014e+02   3.0627851e-24
   1.3754659e+02   3.0630825e-24
   1.3786377e+02   3.0633837e-24
   1.3818169e+02   3.0636889e-24
   1.3850034e+02   3.0639978e-24
   1.3881972e+02   3.0643104e-24
   1.3913984e+02   3.0646267e-24
   1.3946070e+02   3.0649466e-24
   1.3978229e+02   3.0652699e-24
   1.4010463e+02   3.0655967e-24
   1.4042772e+02   3.0659269e-24
   1.4075154e+02   3.0662603e-24
   1.4107612e+02   3.0665971e-24
   1.4140144e+02   3.0669370e-24
   1.4172751e+02   3.0672800e-24
   1.4205434e+02   3.0676260e-24
   1.4238192e+02   3.0679751e-24
   1.4271025e+02   3.0683271e-24
   1.4303934e+02   3.0686820e-24
   1.4336919e+02   3.0690398e-24
   1.4369980e+02   3.0694003e-24
   1.4403117e+02   3.0697635e-24
   1.4436331e+02   3.0701293e-24
   1.4469621e+02   3.0704978e-24
   1.4502988e+02   3.0708688e-24
   1.4536432e+02   3.0712423e-24
   1.4569954e+02   3.0716183e-24
   1.4603552e+02   3.0719967e-24
   1.4637228e+02   3.0723774e-24
   1.4670981e+02   3.0727604e-24
   1.4704813e+02   3.0731457e-24
   1.4738722e+02   3.0735331e-24
   1.4772710e+02   3.0739227e-24
   1.4806776e+02   3.0743145e-24
   1.4840920e+02   3.0747083e-24
   1.4875144e+02   3.0751041e-24
   1.4909446e+02   3.0755019e-24
   1.4943827e+02   3.0759016e-24
   1.4978288e+02   3.0763032e-24
   1.5012828e+02   3.0767067e-24
   1.5047447e+02   3.0771119e-24
   1.5082147e+02   3.0775190e-24
   1.5116927e+02   3.0779278e-24
   1.5151786e+02   3.0783382e-24
   1.5186726e+02   3.0787503e-24
   1.5221747e+02   3.0791640e-24
   1.5256849e+02   3.0795793e-24
   1.5292031e+02   3.0799962e-24
   1.5327295e+02   3.0804145e-24
   1.5362639e+02   3.0808344e-24
   1.5398066e+02   3.0812556e-24
   1.5433574e+02   3.0816783e-24
   1.5469164e+02   3.0821023e-24
   1.5504836e+02   3.0825277e-24
   1.5540590e+02   3.0829543e-24
   1.5576427e+02   3.0833823e-24
   1.5612346e+02   3.0838115e-24
   1.5648348e+02   3.0842419e-24
   1.5684434e+02   3.0846734e-24
   1.5720602e+02   3.0851062e-24
   1.5756854e+02   3.0855400e-24
   1.5793189e+02   3.0859750e-24
   1.5829608e+02   3.0864110e-24
   1.5866112e+02   3.0868481e-24
   1.5902699e+02   3.0872862e-24
   1.5939371e+02   3.0877253e-24
   1.5976127e+02   3.0881654e-24
   1.6012968e+02   3.0886064e-24
   1.6049894e+02   3.0890483e-24
   1.6086905e+02   3.0894911e-24
   1.6124002e+02   3.0899348e-24
   1.6161184e+02   3.0903793e-24
   1.6198452e+02   3.0908247e-24
   1.6235805e+02   3.0912708e-24
   1.6273245e+02   3.0917178e-24
   1.6310772e+02   3.0921655e-24
   1.6348384e+02   3.0926140e-24
   1.6386084e+02   3.0930632e-24
   1.6423870e+02   3.0935131e-24
   1.6461744e+02   3.0939636e-24
   1.6499705e+02   3.0944149e-24
   1.6537753e+02   3.0948668e-24
   1.6575889e+02   3.0953193e-24
   1.6614114e+02   3.0957725e-24
   1.6652426e+02   3.0962262e-24
   1.6690826e+02   3.0966806e-24
   1.6729316e+02   3.0971355e-24
   1.6767894e+02   3.0975909e-24
   1.6806560e+02   3.0980469e-24
   1.6845316e+02   3.0985034e-24
   1.6884162e+02   3.0989605e-24
   1.6923097e+02   3.0994180e-24
   1.6962122e+02   3.0998760e-24
   1.7001236e+02   3.1003345e-24
   1.7040441e+02   3.1007934e-24
   1.7079737e+02   3.1012528e-24
   1.7119123e+02   3.1017126e-24
   1.7158600e+02   3.1021728e-24
   1.7198168e+02   3.1026335e-24
   1.7237827e+02   3.1030945e-24
   1.7277577e+02   3.1035559e-24
   1.7317419e+02   3.1040178e-24
   1.7357354e+02   3.1044799e-24
   1.7397380e+02   3.1049425e-24
   1.7437498e+02   3.1054054e-24
   1.7477709e+02   3.1058687e-24
   1.7518013e+02   3.1063322e-24
   1.7558410e+02   3.1067962e-24
   1.7598899e+02   3.1072604e-24
   1.7639483e+02   3.1077250e-24
   1.7680159e+02   3.1081898e-24
   1.7720930e+02   3.1086550e-24
   1.7761795e+02   3.1091204e-24
   1.7802753e+02   3.1095862e-24
   1.7843807e+02   3.1100522e-24
   1.7884955e+02   3.1105185e-24
   1.7926198e+02   3.1109851e-24
   1.7967535e+02   3.1114520e-24
   1.8008969e+02   3.1119191e-24
   1.8050498e+02   3.1123865e-24
   1.8092122e+02   3.1128541e-24
   1.8133843e+02   3.1133220e-24
   1.8175659e+02   3.1137902e-24
   1.8217573e+02   3.1142586e-24
   1.8259583e+02   3.1147272e-24
   1.8301689e+02   3.1151961e-24
   1.8343893e+02   3.1156652e-24
   1.8386194e+02   3.1161346e-24
   1.8428593e+02   3.1166042e-24
   1.8471089e+02   3.1170740e-24
   1.8513684e+02   3.1175441e-24
   1.8556377e+02   3.1180144e-24
   1.8599168e+02   3.1184850e-24
   1.8642058e+02   3.1189557e-24
   1.8685046e+02   3.1194267e-24
   1.8728134e+02   3.1198980e-24
   1.8771321e+02   3.1203695e-24
   1.8814608e+02   3.1208412e-24
   1.8857995e+02   3.1213131e-24
   1.8901482e+02   3.1217853e-24
   1.8945068e+02   3.1222578e-24
   1.8988756e+02   3.1227304e-24
   1.9032544e+02   3.1232034e-24
   1.9076433e+02   3.1236765e-24
   1.9120424e+02   3.1241499e-24
   1.9164516e+02   3.1246236e-24
   1.9208709e+02   3.1250975e-24
   1.9253005e+02   3.1255717e-24
   1.9297402e+02   3.1260461e-24
   1.9341902e+02   3.1265208e-24
   1.9386505e+02   3.1269957e-24
   1.9431210e+02   3.1274710e-24
   1.9476019e+02   3.1279465e-24
   1.9520930e+02   3.1284223e-24
   1.9565946e+02   3.1288983e-24
   1.9611065e+02   3.1293747e-24
   1.9656288e+02   3.1298513e-24
   1.9701616e+02   3.1303283e-24
   1.9747048e+02   3.1308055e-24
   1.9792585e+02   3.1312831e-24
   1.9838227e+02   3.1317609e-24
   1.9883974e+02   3.1322391e-24
   1.9929826e+02   3.1327176e-24
   1.9975785e+02   3.1331965e-24
   2.0021849e+02   3.1336757e-24
   2.0068020e+02   3.1341552e-24
   2.0114297e+02   3.1346351e-24
   2.0160680e+02   3.1351153e-24
   2.0207171e+02   3.1355959e-24
   2.0253769e+02   3.1360769e-24
   2.0300474e+02   3.1365582e-24
   2.0347287e+02   3.1370400e-24
   2.0394208e+02   3.1375221e-24
   2.0441237e+02   3.1380046e-24
   2.0488375e+02   3.1384876e-24
   2.0535621e+02   3.1389710e-24
   2.0582977e+02   3.1394548e-24
   2.0630441e+02   3.1399390e-24
   2.0678015e+02   3.1404237e-24
   2.0725699e+02   3.1409088e-24
   2.0773492e+02   3.1413944e-24
   2.0821396e+02   3.1418805e-24
   2.0869411e+02   3.1423670e-24
   2.0917536e+02   3.1428541e-24
   2.0965772e+02   3.1433416e-24
   2.1014119e+02   3.1438296e-24
   2.1062578e+02   3.1443182e-24
   2.1111148e+02   3.1448073e-24
   2.1159831e+02   3.1452969e-24
   2.1208625e+02   3.1457871e-24
   2.1257533e+02   3.1462778e-24
   2.1306553e+02   3.1467692e-24
   2.1355686e+02   3.1472611e-24
   2.1404932e+02   3.1477535e-24
   2.1454292e+02   3.1482466e-24
   2.1503766e+02   3.1487403e-24
   2.1553354e+02   3.1492347e-24
   2.1603056e+02   3.1497296e-24
   2.1652873e+02   3.1502252e-24
   2.1702804e+02   3.1507215e-24
   2.1752851e+02   3.1512184e-24
   2.1803013e+02   3.1517161e-24
   2.1853291e+02   3.1522144e-24
   2.1903685e+02   3.1527134e-24
   2.1954195e+02   3.1532131e-24
   2.2004822e+02   3.1537136e-24
   2.2055565e+02   3.1542148e-24
   2.2106425e+02   3.1547168e-24
   2.2157403e+02   3.1552195e-24
   2.2208498e+02   3.1557231e-24
   2.2259711e+02   3.1562274e-24
   2.2311042e+02   3.1567325e-24
   2.2362491e+02   3.1572384e-24
   2.2414060e+02   3.1577452e-24
   2.2465747e+02   3.1582528e-24
   2.2517553e+02   3.1587613e-24
   2.2569478e+02   3.1592707e-24
   2.2621524e+02   3.1597809e-24
   2.2673689e+02   3.1602921e-24
   2.2725975e+02   3.1608041e-24
   2.2778381e+02   3.1613171e-24
   2.2830908e+02   3.1618310e-24
   2.2883556e+02   3.1623459e-24
   2.2936326e+02   3.1628618e-24
   2.2989217e+02   3.1633786e-24
   2.3042231e+02   3.1638964e-24
   2.3095366e+02   3.1644153e-24
   2.3148624e+02   3.1649351e-24
   2.3202005e+02   3.1654561e-24
   2.3255509e+02   3.1659780e-24
   2.3309137e+02   3.1665011e-24
   2.3362888e+02   3.1670252e-24
   2.3416763e+02   3.1675505e-24
   2.3470762e+02   3.1680768e-24
   2.3524886e+02   3.1686043e-24
   2.3579134e+02   3.1691329e-24
   2.3633508e+02   3.1696627e-24
   2.3688007e+02   3.1701937e-24
   2.3742632e+02   3.1707259e-24
   2.3797382e+02   3.1712593e-24
   2.3852259e+02   3.1717939e-24
   2.3907263e+02   3.1723297e-24
   2.3962393e+02   3.1728668e-24
   2.4017651e+02   3.1734052e-24
   2.4073036e+02   3.1739448e-24
   2.4128548e+02   3.1744858e-24
   2.4184189e+02   3.1750281e-24
   2.4239958e+02   3.1755717e-24
   2.4295855e+02   3.1761167e-24
   2.4351882e+02   3.1766631e-24
   2.4408037e+02   3.1772108e-24
   2.4464322e+02   3.1777600e-24
   2.4520737e+02   3.1783105e-24
   2.4577282e+02   3.1788625e-24
   2.4633958e+02   3.1794160e-24
   2.4690764e+02   3.1799709e-24
   2.4747701e+02   3.1805274e-24
   2.4804769e+02   3.1810853e-24
   2.4861969e+02   3.1816447e-24
   2.4919301e+02   3.1822057e-24
   2.4976765e+02   3.1827683e-24
   2.5034362e+02   3.1833324e-24
   2.5092091e+02   3.1838981e-24
   2.5149954e+02   3.1844654e-24
   2.5207950e+02   3.1850344e-24
   2.5266080e+02   3.1856050e-24
   2.5324343e+02   3.1861772e-24
   2.5382742e+02   3.1867511e-24
   2.5441274e+02   3.1873268e-24
   2.5499942e+02   3.1879041e-24
   2.5558745e+02   3.1884832e-24
   2.5617684e+02   3.1890640e-24
   2.5676758e+02   3.1896467e-24
   2.5735969e+02   3.1902310e-24
   2.5795317e+02   3.1908172e-24
   2.5854801e+02   3.1914053e-24
   2.5914422e+02   3.1919951e-24
   2.5974181e+02   3.1925869e-24
   2.6034078e+02   3.1931805e-24
   2.6094112e+02   3.1937760e-24
   2.6154286e+02   3.1943734e-24
   2.6214598e+02   3.1949728e-24
   2.6275049e+02   3.1955741e-24
   2.6335639e+02   3.1961774e-24
   2.6396369e+02   3.1967827e-24
   2.6457240e+02   3.1973900e-24
   2.6518250e+02   3.1979993e-24
   2.6579401e+02   3.1986107e-24
   2.6640694e+02   3.1992242e-24
   2.6702127e+02   3.1998397e-24
   2.6763703e+02   3.2004574e-24
   2.6825420e+02   3.2010772e-24
   2.6887280e+02   3.2016991e-24
   2.6949282e+02   3.2023232e-24
   2.7011427e+02   3.2029495e-24
   2.7073716e+02   3.2035779e-24
   2.7136148e+02   3.2042087e-24
   2.7198724e+02   3.2048416e-24
   2.7261444e+02   3.2054768e-24
   2.7324310e+02   3.2061143e-24
   2.7387320e+02   3.2067542e-24
   2.7450475e+02   3.2073963e-24
   2.7513776e+02   3.2080408e-24
   2.7577223e+02   3.2086876e-24
   2.7640816e+02   3.2093369e-24
   2.7704556e+02   3.2099885e-24
   2.7768443e+02   3.2106426e-24
   2.7832477e+02   3.2112991e-24
   2.7896659e+02   3.2119580e-24
   2.7960989e+02   3.2126195e-24
   2.8025467e+02   3.2132835e-24
   2.8090094e+02   3.2139500e-24
   2.8154870e+02   3.2146190e-24
   2.8219796e+02   3.2152906e-24
   2.8284871e+02   3.2159648e-24
   2.8350096e+02   3.2166417e-24
   2.8415471e+02   3.2173211e-24
   2.8480998e+02   3.2180032e-24
   2.8546675e+02   3.2186880e-24
   2.8612504e+02   3.2193754e-24
   2.8678485e+02   3.2200656e-24
   2.8744617e+02   3.2207585e-24
   2.8810903e+02   3.2214542e-24
   2.8877341e+02   3.2221527e-24
   2.8943932e+02   3.2228539e-24
   2.9010677e+02   3.2235580e-24
   2.9077576e+02   3.2242649e-24
   2.9144629e+02   3.2249747e-24
   2.9211837e+02   3.2256874e-24
   2.9279200e+02   3.2264030e-24
   2.9346718e+02   3.2271215e-24
   2.9414391e+02   3.2278430e-24
   2.9482221e+02   3.2285674e-24
   2.9550207e+02   3.2292948e-24
   2.9618350e+02   3.2300253e-24
   2.9686651e+02   3.2307587e-24
   2.9755108e+02   3.2314953e-24
   2.9823724e+02   3.2322349e-24
   2.9892498e+02   3.2329776e-24
   2.9961430e+02   3.2337235e-24
   3.0030521e+02   3.2344725e-24
   3.0099772e+02   3.2352247e-24
   3.0169182e+02   3.2359800e-24
   3.0238752e+02   3.2367386e-24
   3.0308483e+02   3.2375004e-24
   3.0378375e+02   3.2382655e-24
   3.0448428e+02   3.2390339e-24
   3.0518642e+02   3.2398055e-24
   3.0589018e+02   3.2405805e-24
   3.0659557e+02   3.2413589e-24
   3.0730258e+02   3.2421406e-24
   3.0801122e+02   3.2429257e-24
   3.0872150e+02   3.2437143e-24
   3.0943341e+02   3.2445062e-24
   3.1014697e+02   3.2453017e-24
   3.1086217e+02   3.2461006e-24
   3.1157902e+02   3.2469030e-24
   3.1229752e+02   3.2477090e-24
   3.1301768e+02   3.2485185e-24
   3.1373950e+02   3.2493316e-24
   3.1446299e+02   3.2501483e-24
   3.1518814e+02   3.2509687e-24
   3.1591497e+02   3.2517927e-24
   3.1664347e+02   3.2526203e-24
   3.1737365e+02   3.2534517e-24
   3.1810552e+02   3.2542867e-24
   3.1883907e+02   3.2551256e-24
   3.1957432e+02   3.2559681e-24
   3.2031126e+02   3.2568145e-24
   3.2104990e+02   3.2576647e-24
   3.2179024e+02   3.2585187e-24
   3.2253229e+02   3.2593766e-24
   3.2327606e+02   3.2602384e-24
   3.2402153e+02   3.2611041e-24
   3.2476873e+02   3.2619737e-24
   3.2551765e+02   3.2628473e-24
   3.2626829e+02   3.2637248e-24
   3.2702067e+02   3.2646064e-24
   3.2777478e+02   3.2654920e-24
   3.2853063e+02   3.2663816e-24
   3.2928823e+02   3.2672754e-24
   3.3004757e+02   3.2681732e-24
   3.3080866e+02   3.2690752e-24
   3.3157151e+02   3.2699813e-24
   3.3233612e+02   3.2708916e-24
   3.3310249e+02   3.2718061e-24
   3.3387062e+02   3.2727248e-24
   3.3464053e+02   3.2736477e-24
   3.3541221e+02   3.2745750e-24
   3.3618568e+02   3.2755065e-24
   3.3696092e+02   3.2764424e-24
   3.3773796e+02   3.2773826e-24
   3.3851679e+02   3.2783272e-24
   3.3929741e+02   3.2792762e-24
   3.4007983e+02   3.2802296e-24
   3.4086406e+02   3.2811875e-24
   3.4165009e+02   3.2821498e-24
   3.4243794e+02   3.2831166e-24
   3.4322760e+02   3.2840880e-24
   3.4401909e+02   3.2850639e-24
   3.4481240e+02   3.2860444e-24
   3.4560754e+02   3.2870295e-24
   3.4640451e+02   3.2880193e-24
   3.4720333e+02   3.2890136e-24
   3.4800398e+02   3.2900127e-24
   3.4880648e+02   3.2910165e-24
   3.4961083e+02   3.2920249e-24
   3.5041703e+02   3.2930382e-24
   3.5122510e+02   3.2940562e-24
   3.5203503e+02   3.2950791e-24
   3.5284682e+02   3.2961067e-24
   3.5366049e+02   3.2971393e-24
   3.5447603e+02   3.2981767e-24
   3.5529346e+02   3.2992190e-24
   3.5611277e+02   3.3002663e-24
   3.5693397e+02   3.3013185e-24
   3.5775706e+02   3.3023758e-24
   3.5858205e+02   3.3034380e-24
   3.5940894e+02   3.3045053e-24
   3.6023774e+02   3.3055777e-24
   3.6106845e+02   3.3066552e-24
   3.6190108e+02   3.3077377e-24
   3.6273563e+02   3.3088255e-24
   3.6357210e+02   3.3099184e-24
   3.6441050e+02   3.3110165e-24
   3.6525083e+02   3.3121199e-24
   3.6609310e+02   3.3132285e-24
   3.6693731e+02   3.3143424e-24
   3.6778347e+02   3.3154616e-24
   3.6863159e+02   3.3165862e-24
   3.6948165e+02   3.3177161e-24
   3.7033368e+02   3.3188514e-24
   3.7118767e+02   3.3199922e-24
   3.7204364e+02   3.3211384e-24
   3.7290157e+02   3.3222901e-24
   3.7376148e+02   3.3234472e-24
   3.7462338e+02   3.3246100e-24
   3.7548727e+02   3.3257783e-24
   3.7635314e+02   3.3269521e-24
   3.7722102e+02   3.3281316e-24
   3.7809089e+02   3.3293168e-24
   3.7896277e+02   3.3305076e-24
   3.7983666e+02   3.3317041e-24
   3.8071257e+02   3.3329063e-24
   3.8159049e+02   3.3341144e-24
   3.8247044e+02   3.3353282e-24
   3.8335242e+02   3.3365478e-24
   3.8423644e+02   3.3377732e-24
   3.8512249e+02   3.3390046e-24
   3.8601059e+02   3.3402418e-24
   3.8690073e+02   3.3414850e-24
   3.8779292e+02   3.3427342e-24
   3.8868718e+02   3.3439893e-24
   3.8958349e+02   3.3452505e-24
   3.9048188e+02   3.3465177e-24
   3.9138233e+02   3.3477910e-24
   3.9228486e+02   3.3490704e-24
   3.9318947e+02   3.3503559e-24
   3.9409617e+02   3.3516477e-24
   3.9500496e+02   3.3529456e-24
   3.9591584e+02   3.3542498e-24
   3.9682883e+02   3.3555602e-24
   3.9774392e+02   3.3568770e-24
   3.9866112e+02   3.3582000e-24
   3.9958044e+02   3.3595294e-24
   4.0050187e+02   3.3608652e-24
   4.0142543e+02   3.3622075e-24
   4.0235112e+02   3.3635562e-24
   4.0327895e+02   3.3649114e-24
   4.0420891e+02   3.3662731e-24
   4.0514102e+02   3.3676413e-24
   4.0607528e+02   3.3690162e-24
   4.0701169e+02   3.3703976e-24
   4.0795026e+02   3.3717858e-24
   4.0889100e+02   3.3731806e-24
   4.0983390e+02   3.3745821e-24
   4.1077898e+02   3.3759904e-24
   4.1172624e+02   3.3774055e-24
   4.1267569e+02   3.3788275e-24
   4.1362732e+02   3.3802563e-24
   4.1458115e+02   3.3816920e-24
   4.1553718e+02   3.3831347e-24
   4.1649541e+02   3.3845843e-24
   4.1745585e+02   3.3860410e-24
   4.1841851e+02   3.3875047e-24
   4.1938338e+02   3.3889756e-24
   4.2035048e+02   3.3904536e-24
   4.2131982e+02   3.3919388e-24
   4.2229138e+02   3.3934313e-24
   4.2326519e+02   3.3949310e-24
   4.2424124e+02   3.3964381e-24
   4.2521955e+02   3.3979526e-24
   4.2620010e+02   3.3994745e-24
   4.2718293e+02   3.4010039e-24
   4.2816801e+02   3.4025408e-24
   4.2915537e+02   3.4040854e-24
   4.3014501e+02   3.4056376e-24
   4.3113692e+02   3.4071976e-24
   4.3213113e+02   3.4087654e-24
   4.3312763e+02   3.4103411e-24
   4.3412642e+02   3.4119247e-24
   4.3512752e+02   3.4135164e-24
   4.3613093e+02   3.4151162e-24
   4.3713665e+02   3.4167243e-24
   4.3814469e+02   3.4183407e-24
   4.3915506e+02   3.4199656e-24
   4.4016775e+02   3.4215991e-24
   4.4118278e+02   3.4232413e-24
   4.4220015e+02   3.4248923e-24
   4.4321987e+02   3.4265525e-24
   4.4424194e+02   3.4282219e-24
   4.4526636e+02   3.4299007e-24
   4.4629315e+02   3.4315893e-24
   4.4732231e+02   3.4332879e-24
   4.4835383e+02   3.4349969e-24
   4.4938774e+02   3.4367165e-24
   4.5042403e+02   3.4384473e-24
   4.5146271e+02   3.4401898e-24
   4.5250379e+02   3.4419445e-24
   4.5354727e+02   3.4437123e-24
   4.5459315e+02   3.4454939e-24
   4.5564145e+02   3.4472904e-24
   4.5669216e+02   3.4491031e-24
   4.5774529e+02   3.4509336e-24
   4.5880086e+02   3.4527839e-24
   4.5985886e+02   3.4546564e-24
   4.6091930e+02   3.4565544e-24
   4.6198218e+02   3.4584821e-24
   4.6304751e+02   3.4604448e-24
   4.6411530e+02   3.4624499e-24
   4.6518556e+02   3.4645073e-24
   4.6625828e+02   3.4666311e-24
   4.6733347e+02   3.4688410e-24
   4.6841115e+02   3.4711664e-24
   4.6949131e+02   3.4736517e-24
   4.7057396e+02   3.4763673e-24
   4.7165911e+02   3.4794302e-24
   4.7274676e+02   3.4830459e-24
   4.7383691e+02   3.4876046e-24
   4.7492958e+02   3.4939227e-24
   4.7602478e+02   3.5039552e-24
   4.7712249e+02   3.5234128e-24
   4.7822274e+02   3.5754567e-24
   4.7932553e+02   3.8459301e-24
   4.8043085e+02   4.0622197e-23
   4.8153873e+02   3.7939006e-24
   4.8264916e+02   3.5727836e-24
   4.8376216e+02   3.5304120e-24
   4.8487772e+02   3.5165965e-24
   4.8599585e+02   3.5112300e-24
   4.8711656e+02   3.5092240e-24
   4.8823985e+02   3.5088152e-24
   4.8936574e+02   3.5092628e-24
   4.9049422e+02   3.5102119e-24
   4.9162530e+02   3.5114755e-24
   4.9275899e+02   3.5129474e-24
   4.9389530e+02   3.5145638e-24
   4.9503423e+02   3.5162845e-24
   4.9617578e+02   3.5180831e-24
   4.9731996e+02   3.5199418e-24
   4.9846679e+02   3.5218483e-24
   4.9961626e+02   3.5237936e-24
   5.0076837e+02   3.5257715e-24
   5.0192315e+02   3.5277770e-24
   5.0308059e+02   3.5298067e-24
   5.0424070e+02   3.5318577e-24
   5.0540348e+02   3.5339281e-24
   5.0656894e+02   3.5360160e-24
   5.0773710e+02   3.5381202e-24
   5.0890794e+02   3.5402397e-24
   5.1008149e+02   3.5423737e-24
   5.1125774e+02   3.5445214e-24
   5.1243670e+02   3.5466823e-24
   5.1361839e+02   3.5488560e-24
   5.1480279e+02   3.5510420e-24
   5.1598993e+02   3.5532402e-24
   5.1717981e+02   3.5554502e-24
   5.1837243e+02   3.5576718e-24
   5.1956780e+02   3.5599049e-24
   5.2076593e+02   3.5621493e-24
   5.2196682e+02   3.5644049e-24
   5.2317048e+02   3.5666716e-24
   5.2437691e+02   3.5689493e-24
   5.2558613e+02   3.5712380e-24
   5.2679814e+02   3.5735377e-24
   5.2801294e+02   3.5758481e-24
   5.2923054e+02   3.5781695e-24
   5.3045095e+02   3.5805016e-24
   5.3167417e+02   3.5828445e-24
   5.3290022e+02   3.5851983e-24
   5.3412909e+02   3.5875628e-24
   5.3536079e+02   3.5899381e-24
   5.3659534e+02   3.5923242e-24
   5.3783273e+02   3.5947211e-24
   5.3907298e+02   3.5971288e-24
   5.4031609e+02   3.5995473e-24
   5.4156206e+02   3.6019766e-24
   5.4281090e+02   3.6044168e-24
   5.4406263e+02   3.6068679e-24
   5.4531724e+02   3.6093298e-24
   5.4657475e+02   3.6118026e-24
   5.4783515e+02   3.6142864e-24
   5.4909847e+02   3.6167812e-24
   5.5036469e+02   3.6192869e-24
   5.5163384e+02   3.6218036e-24
   5.5290591e+02   3.6243314e-24
   5.5418091e+02   3.6268702e-24
   5.5545886e+02   3.6294202e-24
   5.5673975e+02   3.6319812e-24
   5.5802360e+02   3.6345534e-24
   5.5931040e+02   3.6371368e-24
   5.6060018e+02   3.6397315e-24
   5.6189293e+02   3.6423373e-24
   5.6318866e+02   3.6449545e-24
   5.6448737e+02   3.6475830e-24
   5.6578909e+02   3.6502228e-24
   5.6709380e+02   3.6528740e-24
   5.6840152e+02   3.6555366e-24
   5.6971226e+02   3.6582107e-24
   5.7102602e+02   3.6608962e-24
   5.7234281e+02   3.6635933e-24
   5.7366264e+02   3.6663019e-24
   5.7498551e+02   3.6690221e-24
   5.7631143e+02   3.6717540e-24
   5.7764041e+02   3.6744975e-24
   5.7897245e+02   3.6772527e-24
   5.8030757e+02   3.6800196e-24
   5.8164576e+02   3.6827983e-24
   5.8298704e+02   3.6855888e-24
   5.8433141e+02   3.6883912e-24
   5.8567889e+02   3.6912054e-24
   5.8702947e+02   3.6940316e-24
   5.8838316e+02   3.6968697e-24
   5.8973998e+02   3.6997198e-24
   5.9109992e+02   3.7025819e-24
   5.9246300e+02   3.7054561e-24
   5.9382923e+02   3.7083424e-24
   5.9519860e+02   3.7112409e-24
   5.9657113e+02   3.7141515e-24
   5.9794683e+02   3.7170743e-24
   5.9932570e+02   3.7200094e-24
   6.0070775e+02   3.7229568e-24
   6.0209299e+02   3.7259165e-24
   6.0348142e+02   3.7288886e-24
   6.0487305e+02   3.7318731e-24
   6.0626789e+02   3.7348700e-24
   6.0766595e+02   3.7378794e-24
   6.0906723e+02   3.7409014e-24
   6.1047175e+02   3.7439359e-24
   6.1187950e+02   3.7469830e-24
   6.1329050e+02   3.7500427e-24
   6.1470475e+02   3.7531151e-24
   6.1612226e+02   3.7562002e-24
   6.1754305e+02   3.7592981e-24
   6.1896711e+02   3.7624088e-24
   6.2039445e+02   3.7655323e-24
   6.2182508e+02   3.7686687e-24
   6.2325902e+02   3.7718180e-24
   6.2469626e+02   3.7749803e-24
   6.2613681e+02   3.7781555e-24
   6.2758069e+02   3.7813438e-24
   6.2902789e+02   3.7845452e-24
   6.3047844e+02   3.7877596e-24
   6.3193232e+02   3.7909873e-24
   6.3338957e+02   3.7942281e-24
   6.3485017e+02   3.7974821e-24
   6.3631414e+02   3.8007494e-24
   6.3778148e+02   3.8040300e-24
   6.3925221e+02   3.8073240e-24
   6.4072633e+02   3.8106313e-24
   6.4220385e+02   3.8139521e-24
   6.4368478e+02   3.8172864e-24
   6.4516912e+02   3.8206341e-24
   6.4665688e+02   3.8239955e-24
   6.4814808e+02   3.8273704e-24
   6.4964271e+02   3.8307589e-24
   6.5114080e+02   3.8341611e-24
   6.5264233e+02   3.8375771e-24
   6.5414733e+02   3.8410067e-24
   6.5565580e+02   3.8444502e-24
   6.5716775e+02   3.8479075e-24
   6.5868318e+02   3.8513787e-24
   6.6020211e+02   3.8548638e-24
   6.6172454e+02   3.8583629e-24
   6.6325048e+02   3.8618760e-24
   6.6477994e+02   3.8654031e-24
   6.6631293e+02   3.8689443e-24
   6.6784945e+02   3.8724996e-24
   6.6938952e+02   3.8760691e-24
   6.7093314e+02   3.8796528e-24
   6.7248031e+02   3.8832507e-24
   6.7403106e+02   3.8868629e-24
   6.7558538e+02   3.8904895e-24
   6.7714328e+02   3.8941304e-24
   6.7870478e+02   3.8977857e-24
   6.8026988e+02   3.9014555e-24
   6.8183859e+02   3.9051398e-24
   6.8341091e+02   3.9088386e-24
   6.8498686e+02   3.9125520e-24
   6.8656645e+02   3.9162801e-24
   6.8814967e+02   3.9200228e-24
   6.8973655e+02   3.9237802e-24
   6.9132709e+02   3.9275523e-24
   6.9292130e+02   3.9313392e-24
   6.9451918e+02   3.9351410e-24
   6.9612074e+02   3.9389576e-24
   6.9772600e+02   3.9427892e-24
   6.9933497e+02   3.9466357e-24
   7.0094764e+02   3.9504972e-24
   7.0256403e+02   3.9543738e-24
   7.0418415e+02   3.9582654e-24
   7.0580800e+02   3.9621722e-24
   7.0743560e+02   3.9660942e-24
   7.0906695e+02   3.9700313e-24
   7.1070206e+02   3.9739838e-24
   7.1234095e+02   3.9779515e-24
   7.1398361e+02   3.9819345e-24
   7.1563006e+02   3.9859330e-24
   7.1728031e+02   3.9899469e-24
   7.1893437e+02   3.9939762e-24
   7.2059223e+02   3.9980211e-24
   7.2225393e+02   4.0020815e-24
   7.2391945e+02   4.0061575e-24
   7.2558881e+02   4.0102491e-24
   7.2726203e+02   4.0143565e-24
   7.2893910e+02   4.0184796e-24
   7.3062004e+02   4.0226184e-24
   7.3230485e+02   4.0267731e-24
   7.3399355e+02   4.0309436e-24
   7.3568615e+02   4.0351300e-24
   7.3738265e+02   4.0393324e-24
   7.3908306e+02   4.0435508e-24
   7.4078739e+02   4.0477852e-24
   7.4249565e+02   4.0520356e-24
   7.4420785e+02   4.0563022e-24
   7.4592400e+02   4.0605850e-24
   7.4764410e+02   4.0648840e-24
   7.4936818e+02   4.0691992e-24
   7.5109623e+02   4.0735307e-24
   7.5282826e+02   4.0778786e-24
   7.5456429e+02   4.0822428e-24
   7.5630432e+02   4.0866235e-24
   7.5804836e+02   4.0910206e-24
   7.5979643e+02   4.0954343e-24
   7.6154852e+02   4.0998645e-24
   7.6330466e+02   4.1043114e-24
   7.6506485e+02   4.1087748e-24
   7.6682909e+02   4.1132550e-24
   7.6859741e+02   4.1177519e-24
   7.7036980e+02   4.1222656e-24
   7.7214628e+02   4.1267962e-24
   7.7392685e+02   4.1313436e-24
   7.7571153e+02   4.1359079e-24
   7.7750033e+02   4.1404892e-24
   7.7929325e+02   4.1450875e-24
   7.8109031e+02   4.1497028e-24
   7.8289151e+02   4.1543353e-24
   7.8469686e+02   4.1589849e-24
   7.8650638e+02   4.1636516e-24
   7.8832007e+02   4.1683356e-24
   7.9013794e+02   4.1730369e-24
   7.9196000e+02   4.1777555e-24
   7.9378627e+02   4.1824915e-24
   7.9561675e+02   4.1872449e-24
   7.9745144e+02   4.1920157e-24
   7.9929037e+02   4.1968041e-24
   8.0113354e+02   4.2016100e-24
   8.0298096e+02   4.2064335e-24
   8.0483264e+02   4.2112746e-24
   8.0668859e+02   4.2161334e-24
   8.0854882e+02   4.2210100e-24
   8.1041334e+02   4.2259043e-24
   8.1228216e+02   4.2308164e-24
   8.1415529e+02   4.2357465e-24
   8.1603274e+02   4.2406944e-24
   8.1791452e+02   4.2456603e-24
   8.1980064e+02   4.2506442e-24
   8.2169110e+02   4.2556462e-24
   8.2358593e+02   4.2606662e-24
   8.2548512e+02   4.2657044e-24
   8.2738870e+02   4.2707608e-24
   8.2929666e+02   4.2758355e-24
   8.3120903e+02   4.2809284e-24
   8.3312580e+02   4.2860396e-24
   8.3504700e+02   4.2911693e-24
   8.3697262e+02   4.2963173e-24
   8.3890269e+02   4.3014838e-24
   8.4083720e+02   4.3066689e-24
   8.4277618e+02   4.3118725e-24
   8.4471963e+02   4.3170947e-24
   8.4666756e+02   4.3223356e-24
   8.4861998e+02   4.3275951e-24
   8.5057690e+02   4.3328735e-24
   8.5253834e+02   4.3381706e-24
   8.5450430e+02   4.3434866e-24
   8.5647479e+02   4.3488215e-24
   8.5844983e+02   4.3541753e-24
   8.6042942e+02   4.3595481e-24
   8.6241358e+02   4.3649399e-24
   8.6440231e+02   4.3703509e-24
   8.6639563e+02   4.3757809e-24
   8.6839354e+02   4.3812302e-24
   8.7039607e+02   4.3866986e-24
   8.7240321e+02   4.3921864e-24
   8.7441498e+02   4.3976934e-24
   8.7643138e+02   4.4032199e-24
   8.7845244e+02   4.4087657e-24
   8.8047816e+02   4.4143311e-24
   8.8250855e+02   4.4199159e-24
   8.8454362e+02   4.4255204e-24
   8.8658338e+02   4.4311444e-24
   8.8862785e+02   4.4367881e-24
   8.9067703e+02   4.4424516e-24
   8.9273094e+02   4.4481348e-24
   8.9478959e+02   4.4538378e-24
   8.9685298e+02   4.4595607e-24
   8.9892113e+02   4.4653036e-24
   9.0099405e+02   4.4710664e-24
   9.0307175e+02   4.4768492e-24
   9.0515424e+02   4.4826522e-24
   9.0724153e+02   4.4884753e-24
   9.0933364e+02   4.4943186e-24
   9.1143057e+02   4.5001822e-24
   9.1353233e+02   4.5060661e-24
   9.1563894e+02   4.5119704e-24
   9.1775041e+02   4.5178952e-24
   9.1986675e+02   4.5238406e-24
   9.2198797e+02   4.5298066e-24
   9.2411408e+02   4.5357934e-24
   9.2624510e+02   4.5418011e-24
   9.2838103e+02   4.5478298e-24
   9.3052188e+02   4.5538797e-24
   9.3266767e+02   4.5599511e-24
   9.3481841e+02   4.5660442e-24
   9.3697411e+02   4.5721596e-24
   9.3913478e+02   4.5782978e-24
   9.4130043e+02   4.5844599e-24
   9.4347108e+02   4.5906476e-24
   9.4564673e+02   4.5968638e-24
   9.4782740e+02   4.6031139e-24
   9.5001309e+02   4.6094096e-24
   9.5220383e+02   4.6157788e-24
   9.5439962e+02   4.6223053e-24
   9.5660047e+02   4.6293447e-24
   9.5880640e+02   4.6401782e-24
   9.6101742e+02   5.0041837e-24
   9.6323353e+02   4.6507119e-24
   9.6545475e+02   4.6544400e-24
   9.6768110e+02   4.6602999e-24
   9.6991258e+02   4.6665288e-24
   9.7214920e+02   4.6728838e-24
   9.7439099e+02   4.6793024e-24
   9.7663794e+02   4.6857627e-24
   9.7889008e+02   4.6922555e-24
   9.8114740e+02   4.6987764e-24
   9.8340994e+02   4.7053230e-24
   9.8567769e+02   4.7118939e-24
   9.8795067e+02   4.7184886e-24
   9.9022889e+02   4.7251064e-24
   9.9251237e+02   4.7317472e-24
   9.9480111e+02   4.7384106e-24
   9.9709513e+02   4.7450967e-24
   9.9939443e+02   4.7518054e-24
   1.0016990e+03   4.7585365e-24
   1.0040090e+03   4.7652902e-24
   1.0063242e+03   4.7720664e-24
   1.0086448e+03   4.7788651e-24
   1.0109708e+03   4.7856863e-24
   1.0133021e+03   4.7925302e-24
   1.0156387e+03   4.7993966e-24
   1.0179808e+03   4.8062858e-24
   1.0203283e+03   4.8131976e-24
   1.0226812e+03   4.8201321e-24
   1.0250395e+03   4.8270895e-24
   1.0274032e+03   4.8340696e-24
   1.0297724e+03   4.8410726e-24
   1.0321471e+03   4.8480986e-24
   1.0345272e+03   4.8551475e-24
   1.0369129e+03   4.8622195e-24
   1.0393040e+03   4.8693145e-24
   1.0417006e+03   4.8764326e-24
   1.0441028e+03   4.8835739e-24
   1.0465105e+03   4.8907384e-24
   1.0489238e+03   4.8979262e-24
   1.0513426e+03   4.9051373e-24
   1.0537670e+03   4.9123718e-24
   1.0561970e+03   4.9196297e-24
   1.0586326e+03   4.9269110e-24
   1.0610738e+03   4.9342159e-24
   1.0635207e+03   4.9415444e-24
   1.0659731e+03   4.9488965e-24
   1.0684313e+03   4.9562724e-24
   1.0708951e+03   4.9636719e-24
   1.0733646e+03   4.9710952e-24
   1.0758398e+03   4.9785424e-24
   1.0783207e+03   4.9860135e-24
   1.0808073e+03   4.9935085e-24
   1.0832996e+03   5.0010275e-24
   1.0857977e+03   5.0085706e-24
   1.0883016e+03   5.0161378e-24
   1.0908112e+03   5.0237292e-24
   1.0933266e+03   5.0313447e-24
   1.0958479e+03   5.0389846e-24
   1.0983749e+03   5.0466488e-24
   1.1009078e+03   5.0543373e-24
   1.1034465e+03   5.0620503e-24
   1.1059910e+03   5.0697877e-24
   1.1085414e+03   5.0775498e-24
   1.1110977e+03   5.0853364e-24
   1.1136599e+03   5.0931476e-24
   1.1162281e+03   5.1009836e-24
   1.1188021e+03   5.1088443e-24
   1.1213820e+03   5.1167298e-24
   1.1239680e+03   5.1246402e-24
   1.1265598e+03   5.1325755e-24
   1.1291577e+03   5.1405358e-24
   1.1317615e+03   5.1485211e-24
   1.1343714e+03   5.1565315e-24
   1.1369873e+03   5.1645671e-24
   1.1396092e+03   5.1726278e-24
   1.1422371e+03   5.1807138e-24
   1.1448711e+03   5.1888251e-24
   1.1475112e+03   5.1969618e-24
   1.1501574e+03   5.2051239e-24
   1.1528096e+03   5.2133115e-24
   1.1554680e+03   5.2215246e-24
   1.1581325e+03   5.2297633e-24
   1.1608032e+03   5.2380276e-24
   1.1634800e+03   5.2463176e-24
   1.1661630e+03   5.2546334e-24
   1.1688522e+03   5.2629750e-24
   1.1715476e+03   5.2713424e-24
   1.1742492e+03   5.2797358e-24
   1.1769570e+03   5.2881551e-24
   1.1796711e+03   5.2966005e-24
   1.1823914e+03   5.3050720e-24
   1.1851180e+03   5.3135697e-24
   1.1878509e+03   5.3220935e-24
   1.1905901e+03   5.3306436e-24
   1.1933356e+03   5.3392200e-24
   1.1960875e+03   5.3478228e-24
   1.1988456e+03   5.3564520e-24
   1.2016102e+03   5.3651077e-24
   1.2043811e+03   5.3737900e-24
   1.2071584e+03   5.3824989e-24
   1.2099421e+03   5.3912344e-24
   1.2127323e+03   5.3999967e-24
   1.2155288e+03   5.4087857e-24
   1.2183319e+03   5.4176016e-24
   1.2211413e+03   5.4264444e-24
   1.2239573e+03   5.4353141e-24
   1.2267798e+03   5.4442108e-24
   1.2296087e+03   5.4531346e-24
   1.2324442e+03   5.4620855e-24
   1.2352862e+03   5.4710636e-24
   1.2381348e+03   5.4800690e-24
   1.2409900e+03   5.4891016e-24
   1.2438517e+03   5.4981616e-24
   1.2467200e+03   5.5072491e-24
   1.2495950e+03   5.5163640e-24
   1.2524766e+03   5.5255064e-24
   1.2553648e+03   5.5346765e-24
   1.2582597e+03   5.5438742e-24
   1.2611612e+03   5.5530996e-24
   1.2640695e+03   5.5623528e-24
   1.2669844e+03   5.5716338e-24
   1.2699061e+03   5.5809427e-24
   1.2728345e+03   5.5902796e-24
   1.2757697e+03   5.5996444e-24
   1.2787116e+03   5.6090374e-24
   1.2816603e+03   5.6184585e-24
   1.2846158e+03   5.6279077e-24
   1.2875782e+03   5.6373853e-24
   1.2905473e+03   5.6468911e-24
   1.2935233e+03   5.6564253e-24
   1.2965062e+03   5.6659879e-24
   1.2994960e+03   5.6755791e-24
   1.3024926e+03   5.6851988e-24
   1.3054962e+03   5.6948471e-24
   1.3085067e+03   5.7045241e-24
   1.3115241e+03   5.7142298e-24
   1.3145485e+03   5.7239643e-24
   1.3175798e+03   5.7337277e-24
   1.3206182e+03   5.7435200e-24
   1.3236635e+03   5.7533413e-24
   1.3267159e+03   5.7631916e-24
   1.3297753e+03   5.7730710e-24
   1.3328418e+03   5.7829796e-24
   1.3359154e+03   5.7929174e-24
   1.3389960e+03   5.8028846e-24
   1.3420837e+03   5.8128810e-24
   1.3451786e+03   5.8229069e-24
   1.3482806e+03   5.8329623e-24
   1.3513897e+03   5.8430472e-24
   1.3545060e+03   5.8531617e-24
   1.3576295e+03   5.8633059e-24
   1.3607602e+03   5.8734798e-24
   1.3638982e+03   5.8836836e-24
   1.3670433e+03   5.8939171e-24
   1.3701957e+03   5.9041806e-24
   1.3733554e+03   5.9144741e-24
   1.3765224e+03   5.9247976e-24
   1.3796966e+03   5.9351513e-24
   1.3828782e+03   5.9455352e-24
   1.3860672e+03   5.9559493e-24
   1.3892634e+03   5.9663937e-24
   1.3924671e+03   5.9768685e-24
   1.3956781e+03   5.9873738e-24
   1.3988966e+03   5.9979096e-24
   1.4021224e+03   6.0084761e-24
   1.4053558e+03   6.0190732e-24
   1.4085965e+03   6.0297012e-24
   1.4118448e+03   6.0403602e-24
   1.4151005e+03   6.0510503e-24
   1.4183637e+03   6.0617719e-24
   1.4216345e+03   6.0725252e-24
   1.4249128e+03   6.0833114e-24
   1.4281986e+03   6.0941323e-24
   1.4314921e+03   6.1049938e-24
   1.4347931e+03   6.1159205e-24
   1.4381017e+03   6.1271286e-24
   1.4414180e+03   6.1924310e-24
   1.4447419e+03   6.1489233e-24
   1.4480735e+03   6.1597175e-24
   1.4514128e+03   6.1707086e-24
   1.4547598e+03   6.1817576e-24
   1.4581144e+03   6.1928462e-24
   1.4614769e+03   6.2039696e-24
   1.4648470e+03   6.2151263e-24
   1.4682250e+03   6.2263157e-24
   1.4716107e+03   6.2375374e-24
   1.4750043e+03   6.2487915e-24
   1.4784056e+03   6.2600778e-24
   1.4818149e+03   6.2713963e-24
   1.4852319e+03   6.2827472e-24
   1.4886569e+03   6.2941303e-24
   1.4920897e+03   6.3055459e-24
   1.4955305e+03   6.3169939e-24
   1.4989792e+03   6.3284743e-24
   1.5024359e+03   6.3399874e-24
   1.5059005e+03   6.3515331e-24
   1.5093731e+03   6.3631114e-24
   1.5128538e+03   6.3747225e-24
   1.5163424e+03   6.3863665e-24
   1.5198391e+03   6.3980433e-24
   1.5233439e+03   6.4097530e-24
   1.5268567e+03   6.4214958e-24
   1.5303776e+03   6.4332717e-24
   1.5339067e+03   6.4450808e-24
   1.5374439e+03   6.4569231e-24
   1.5409893e+03   6.4687986e-24
   1.5445428e+03   6.4807076e-24
   1.5481045e+03   6.4926500e-24
   1.5516745e+03   6.5046259e-24
   1.5552526e+03   6.5166353e-24
   1.5588391e+03   6.5286784e-24
   1.5624338e+03   6.5407553e-24
   1.5660367e+03   6.5528659e-24
   1.5696480e+03   6.5650104e-24
   1.5732677e+03   6.5771888e-24
   1.5768956e+03   6.5894012e-24
   1.5805320e+03   6.6016476e-24
   1.5841767e+03   6.6139282e-24
   1.5878298e+03   6.6262431e-24
   1.5914913e+03   6.6385922e-24
   1.5951613e+03   6.6509756e-24
   1.5988398e+03   6.6633935e-24
   1.6025267e+03   6.6758459e-24
   1.6062222e+03   6.6883329e-24
   1.6099261e+03   6.7008545e-24
   1.6136386e+03   6.7134108e-24
   1.6173597e+03   6.7260019e-24
   1.6210893e+03   6.7386279e-24
   1.6248276e+03   6.7512888e-24
   1.6285744e+03   6.7639848e-24
   1.6323300e+03   6.7767158e-24
   1.6360941e+03   6.7894819e-24
   1.6398670e+03   6.8022833e-24
   1.6436485e+03   6.8151200e-24
   1.6474388e+03   6.8279920e-24
   1.6512378e+03   6.8408995e-24
   1.6550456e+03   6.8538426e-24
   1.6588621e+03   6.8668212e-24
   1.6626874e+03   6.8798355e-24
   1.6665216e+03   6.8928855e-24
   1.6703646e+03   6.9059714e-24
   1.6742165e+03   6.9190932e-24
   1.6780773e+03   6.9322509e-24
   1.6819469e+03   6.9454447e-24
   1.6858255e+03   6.9586746e-24
   1.6897130e+03   6.9719407e-24
   1.6936095e+03   6.9852431e-24
   1.6975150e+03   6.9985818e-24
   1.7014295e+03   7.0119569e-24
   1.7053530e+03   7.0253686e-24
   1.7092855e+03   7.0388168e-24
   1.7132272e+03   7.0523017e-24
   1.7171779e+03   7.0658233e-24
   1.7211377e+03   7.0793817e-24
   1.7251067e+03   7.0929770e-24
   1.7290848e+03   7.1066092e-24
   1.7330721e+03   7.1202785e-24
   1.7370685e+03   7.1339849e-24
   1.7410742e+03   7.1477285e-24
   1.7450892e+03   7.1615094e-24
   1.7491133e+03   7.1753277e-24
   1.7531468e+03   7.1891833e-24
   1.7571896e+03   7.2030765e-24
   1.7612417e+03   7.2170072e-24
   1.7653031e+03   7.2309756e-24
   1.7693739e+03   7.2449818e-24
   1.7734541e+03   7.2590258e-24
   1.7775437e+03   7.2731076e-24
   1.7816427e+03   7.2872275e-24
   1.7857512e+03   7.3013854e-24
   1.7898692e+03   7.3155814e-24
   1.7939966e+03   7.3298157e-24
   1.7981336e+03   7.3440883e-24
   1.8022801e+03   7.3583992e-24
   1.8064362e+03   7.3727486e-24
   1.8106018e+03   7.3871366e-24
   1.8147771e+03   7.4015632e-24
   1.8189620e+03   7.4160284e-24
   1.8231565e+03   7.4305325e-24
   1.8273607e+03   7.4450754e-24
   1.8315746e+03   7.4596573e-24
   1.8357983e+03   7.4742782e-24
   1.8400316e+03   7.4889382e-24
   1.8442748e+03   7.5036374e-24
   1.8485277e+03   7.5183759e-24
   1.8527904e+03   7.5331537e-24
   1.8570629e+03   7.5479710e-24
   1.8613453e+03   7.5628278e-24
   1.8656376e+03   7.5777242e-24
   1.8699398e+03   7.5926603e-24
   1.8742519e+03   7.6076362e-24
   1.8785739e+03   7.6226520e-24
   1.8829059e+03   7.6377078e-24
   1.8872479e+03   7.6528036e-24
   1.8915999e+03   7.6679396e-24
   1.8959620e+03   7.6831160e-24
   1.9003341e+03   7.6983329e-24
   1.9047163e+03   7.7135908e-24
   1.9091086e+03   7.7288907e-24
   1.9135110e+03   7.7442373e-24
   1.9179235e+03   7.7596755e-24
   1.9223463e+03   7.7765580e-24
   1.9267792e+03   7.7905139e-24
   1.9312224e+03   7.8059892e-24
   1.9356758e+03   7.8215251e-24
   1.9401395e+03   7.8371056e-24
   1.9446135e+03   7.8527282e-24
   1.9490978e+03   7.8683925e-24
   1.9535924e+03   7.8840984e-24
   1.9580974e+03   7.8998457e-24
   1.9626128e+03   7.9156345e-24
   1.9671386e+03   7.9314650e-24
   1.9716748e+03   7.9473372e-24
   1.9762215e+03   7.9632511e-24
   1.9807787e+03   7.9792068e-24
   1.9853464e+03   7.9952045e-24
   1.9899246e+03   8.0112442e-24
   1.9945134e+03   8.0273259e-24
   1.9991128e+03   8.0434499e-24
   2.0037227e+03   8.0596161e-24
   2.0083433e+03   8.0758247e-24
   2.0129746e+03   8.0920757e-24
   2.0176165e+03   8.1083693e-24
   2.0222692e+03   8.1247055e-24
   2.0269325e+03   8.1410844e-24
   2.0316067e+03   8.1575062e-24
   2.0362916e+03   8.1739708e-24
   2.0409873e+03   8.1904784e-24
   2.0456938e+03   8.2070291e-24
   2.0504112e+03   8.2236230e-24
   2.0551394e+03   8.2402601e-24
   2.0598786e+03   8.2569405e-24
   2.0646287e+03   8.2736645e-24
   2.0693898e+03   8.2904319e-24
   2.0741618e+03   8.3072430e-24
   2.0789448e+03   8.3240978e-24
   2.0837389e+03   8.3409964e-24
   2.0885440e+03   8.3579389e-24
   2.0933602e+03   8.3749254e-24
   2.0981875e+03   8.3919560e-24
   2.1030259e+03   8.4090308e-24
   2.1078755e+03   8.4261498e-24
   2.1127363e+03   8.4433133e-24
   2.1176083e+03   8.4605211e-24
   2.1224915e+03   8.4777736e-24
   2.1273860e+03   8.4950707e-24
   2.1322918e+03   8.5124125e-24
   2.1372088e+03   8.5297992e-24
   2.1421373e+03   8.5472309e-24
   2.1470771e+03   8.5647075e-24
   2.1520282e+03   8.5822293e-24
   2.1569908e+03   8.5997963e-24
   2.1619649e+03   8.6174086e-24
   2.1669504e+03   8.6350664e-24
   2.1719474e+03   8.6527696e-24
   2.1769559e+03   8.6705185e-24
   2.1819760e+03   8.6883131e-24
   2.1870076e+03   8.7061534e-24
   2.1920509e+03   8.7240397e-24
   2.1971058e+03   8.7419720e-24
   2.2021723e+03   8.7599503e-24
   2.2072505e+03   8.7779749e-24
   2.2123405e+03   8.7960457e-24
   2.2174421e+03   8.8141629e-24
   2.2225556e+03   8.8323267e-24
   2.2276808e+03   8.8505370e-24
   2.2328179e+03   8.8687939e-24
   2.2379668e+03   8.8870977e-24
   2.2431275e+03   8.9054484e-24
   2.2483002e+03   8.9238460e-24
   2.2534848e+03   8.9422907e-24
   2.2586814e+03   8.9607826e-24
   2.2638899e+03   8.9793218e-24
   2.2691104e+03   8.9979084e-24
   2.2743430e+03   9.0165425e-24
   2.2795877e+03   9.0352241e-24
   2.2848444e+03   9.0539535e-24
   2.2901133e+03   9.0727306e-24
   2.2953943e+03   9.0915556e-24
   2.3006875e+03   9.1104286e-24
   2.3059929e+03   9.1293497e-24
   2.3113105e+03   9.1483190e-24
   2.3166404e+03   9.1673367e-24
   2.3219826e+03   9.1864027e-24
   2.3273371e+03   9.2055172e-24
   2.3327040e+03   9.2246803e-24
   2.3380832e+03   9.2438922e-24
   2.3434749e+03   9.2631529e-24
   2.3488789e+03   9.2824625e-24
   2.3542955e+03   9.3018211e-24
   2.3597245e+03   9.3212289e-24
   2.3651660e+03   9.3406860e-24
   2.3706201e+03   9.3601924e-24
   2.3760868e+03   9.3797484e-24
   2.3815661e+03   9.3993540e-24
   2.3870580e+03   9.4190098e-24
   2.3925626e+03   9.4387170e-24
   2.3980798e+03   9.4584917e-24
   2.4036098e+03   9.4783984e-24
   2.4091526e+03   9.4981336e-24
   2.4147081e+03   9.5180339e-24
   2.4202764e+03   9.5379880e-24
   2.4258576e+03   9.5579931e-24
   2.4314516e+03   9.5780490e-24
   2.4370586e+03   9.5981557e-24
   2.4426785e+03   9.6183131e-24
   2.4483113e+03   9.6385214e-24
   2.4539571e+03   9.6587806e-24
   2.4596160e+03   9.6790909e-24
   2.4652879e+03   9.6994524e-24
   2.4709728e+03   9.7198652e-24
   2.4766709e+03   9.7403293e-24
   2.4823821e+03   9.7608450e-24
   2.4881065e+03   9.7814123e-24
   2.4938441e+03   9.8020313e-24
   2.4995949e+03   9.8227021e-24
   2.5053590e+03   9.8434249e-24
   2.5111364e+03   9.8641998e-24
   2.5169271e+03   9.8850268e-24
   2.5227312e+03   9.9059061e-24
   2.5285486e+03   9.9268377e-24
   2.5343794e+03   9.9478219e-24
   2.5402237e+03   9.9688587e-24
   2.5460815e+03   9.9899483e-24
   2.5519528e+03   1.0011091e-23
   2.5578376e+03   1.0032286e-23
   2.5637360e+03   1.0053534e-23
   2.5696480e+03   1.0074836e-23
   2.5755736e+03   1.0096191e-23
   2.5815129e+03   1.0117599e-23
   2.5874659e+03   1.0139061e-23
   2.5934326e+03   1.0160577e-23
   2.5994131e+03   1.0182146e-23
   2.6054074e+03   1.0203769e-23
   2.6114155e+03   1.0225446e-23
   2.6174374e+03   1.0247177e-23
   2.6234732e+03   1.0268963e-23
   2.6295230e+03   1.0290803e-23
   2.6355867e+03   1.0312697e-23
   2.6416644e+03   1.0334646e-23
   2.6477561e+03   1.0356649e-23
   2.6538618e+03   1.0378708e-23
   2.6599816e+03   1.0400821e-23
   2.6661156e+03   1.0422989e-23
   2.6722637e+03   1.0445213e-23
   2.6784259e+03   1.0467492e-23
   2.6846024e+03   1.0489826e-23
   2.6907931e+03   1.0512216e-23
   2.6969981e+03   1.0534661e-23
   2.7032174e+03   1.0557162e-23
   2.7094510e+03   1.0579720e-23
   2.7156991e+03   1.0602333e-23
   2.7219615e+03   1.0625002e-23
   2.7282383e+03   1.0647727e-23
   2.7345297e+03   1.0670509e-23
   2.7408355e+03   1.0693348e-23
   2.7471559e+03   1.0716243e-23
   2.7534909e+03   1.0739194e-23
   2.7598405e+03   1.0762203e-23
   2.7662047e+03   1.0785268e-23
   2.7725836e+03   1.0808391e-23
   2.7789772e+03   1.0831571e-23
   2.7853855e+03   1.0854808e-23
   2.7918086e+03   1.0878103e-23
   2.7982465e+03   1.0901456e-23
   2.8046993e+03   1.0924866e-23
   2.8111670e+03   1.0948334e-23
   2.8176496e+03   1.0971860e-23
   2.8241471e+03   1.0995444e-23
   2.8306596e+03   1.1019086e-23
   2.8371871e+03   1.1042787e-23
   2.8437297e+03   1.1066546e-23
   2.8502873e+03   1.1090364e-23
   2.8568601e+03   1.1114241e-23
   2.8634481e+03   1.1138176e-23
   2.8700512e+03   1.1162171e-23
   2.8766696e+03   1.1186229e-23
   2.8833032e+03   1.1210497e-23
   2.8899521e+03   1.1234512e-23
   2.8966164e+03   1.1258742e-23
   2.9032960e+03   1.1283033e-23
   2.9099910e+03   1.1307384e-23
   2.9167015e+03   1.1331795e-23
   2.9234274e+03   1.1356266e-23
   2.9301688e+03   1.1380797e-23
   2.9369258e+03   1.1405389e-23
   2.9436984e+03   1.1430041e-23
   2.9504866e+03   1.1454753e-23
   2.9572904e+03   1.1479526e-23
   2.9641100e+03   1.1504361e-23
   2.9709452e+03   1.1529256e-23
   2.9777963e+03   1.1554212e-23
   2.9846631e+03   1.1579229e-23
   2.9915457e+03   1.1604308e-23
   2.9984443e+03   1.1629448e-23
   3.0053587e+03   1.1654650e-23
   3.0122891e+03   1.1679914e-23
   3.0192354e+03   1.1705239e-23
   3.0261978e+03   1.1730627e-23
   3.0331763e+03   1.1756077e-23
   3.0401708e+03   1.1781589e-23
   3.0471814e+03   1.1807163e-23
   3.0542083e+03   1.1832800e-23
   3.0612513e+03   1.1858500e-23
   3.0683106e+03   1.1884263e-23
   3.0753861e+03   1.1910089e-23
   3.0824780e+03   1.1935977e-23
   3.0895862e+03   1.1961929e-23
   3.0967108e+03   1.1987945e-23
   3.1038518e+03   1.2014024e-23
   3.1110093e+03   1.2040166e-23
   3.1181833e+03   1.2066373e-23
   3.1253739e+03   1.2092643e-23
   3.1325810e+03   1.2118978e-23
   3.1398048e+03   1.2145377e-23
   3.1470452e+03   1.2171840e-23
   3.1543023e+03   1.2198368e-23
   3.1615762e+03   1.2224960e-23
   3.1688668e+03   1.2251617e-23
   3.1761742e+03   1.2278339e-23
   3.1834985e+03   1.2305127e-23
   3.1908397e+03   1.2331979e-23
   3.1981978e+03   1.2358897e-23
   3.2055728e+03   1.2385880e-23
   3.2129649e+03   1.2412929e-23
   3.2203740e+03   1.2440044e-23
   3.2278002e+03   1.2467225e-23
   3.2352436e+03   1.2494472e-23
   3.2427041e+03   1.2521785e-23
   3.2501818e+03   1.2549165e-23
   3.2576767e+03   1.2576611e-23
   3.2651889e+03   1.2604124e-23
   3.2727185e+03   1.2631703e-23
   3.2802654e+03   1.2659350e-23
   3.2878297e+03   1.2687064e-23
   3.2954115e+03   1.2714844e-23
   3.3030107e+03   1.2742693e-23
   3.3106275e+03   1.2770609e-23
   3.3182618e+03   1.2798593e-23
   3.3259138e+03   1.2826644e-23
   3.3335833e+03   1.2854764e-23
   3.3412706e+03   1.2882952e-23
   3.3489756e+03   1.2911208e-23
   3.3566984e+03   1.2939534e-23
   3.3644389e+03   1.2967951e-23
   3.3721974e+03   1.2996388e-23
   3.3799737e+03   1.3024918e-23
   3.3877679e+03   1.3053518e-23
   3.3955801e+03   1.3082187e-23
   3.4034104e+03   1.3110925e-23
   3.4112587e+03   1.3139733e-23
   3.4191251e+03   1.3168611e-23
   3.4270096e+03   1.3197558e-23
   3.4349123e+03   1.3226576e-23
   3.4428332e+03   1.3255664e-23
   3.4507724e+03   1.3284822e-23
   3.4587299e+03   1.3314050e-23
   3.4667058e+03   1.3343349e-23
   3.4747000e+03   1.3372719e-23
   3.4827127e+03   1.3402160e-23
   3.4907439e+03   1.3431671e-23
   3.4987936e+03   1.3461255e-23
   3.5068618e+03   1.3490909e-23
   3.5149487e+03   1.3520635e-23
   3.5230542e+03   1.3550433e-23
   3.5311784e+03   1.3580302e-23
   3.5393213e+03   1.3610244e-23
   3.5474830e+03   1.3640258e-23
   3.5556635e+03   1.3670344e-23
   3.5638629e+03   1.3700502e-23
   3.5720812e+03   1.3730734e-23
   3.5803184e+03   1.3761038e-23
   3.5885747e+03   1.3791415e-23
   3.5968500e+03   1.3821865e-23
   3.6051443e+03   1.3852389e-23
   3.6134578e+03   1.3882986e-23
   3.6217905e+03   1.3913657e-23
   3.6301424e+03   1.3944401e-23
   3.6385135e+03   1.3975220e-23
   3.6469039e+03   1.4006112e-23
   3.6553137e+03   1.4037079e-23
   3.6637429e+03   1.4068121e-23
   3.6721915e+03   1.4099237e-23
   3.6806596e+03   1.4130427e-23
   3.6891472e+03   1.4161693e-23
   3.6976544e+03   1.4193034e-23
   3.7061813e+03   1.4224450e-23
   3.7147277e+03   1.4255942e-23
   3.7232939e+03   1.4287509e-23
   3.7318799e+03   1.4319152e-23
   3.7404856e+03   1.4350871e-23
   3.7491112e+03   1.4382666e-23
   3.7577567e+03   1.4414538e-23
   3.7664221e+03   1.4446485e-23
   3.7751075e+03   1.4478510e-23
   3.7838129e+03   1.4510611e-23
   3.7925384e+03   1.4542790e-23
   3.8012841e+03   1.4575045e-23
   3.8100498e+03   1.4607378e-23
   3.8188359e+03   1.4639788e-23
   3.8276421e+03   1.4672276e-23
   3.8364687e+03   1.4704843e-23
   3.8453156e+03   1.4737494e-23
   3.8541829e+03   1.4770208e-23
   3.8630707e+03   1.4803008e-23
   3.8719790e+03   1.4835886e-23
   3.8809078e+03   1.4868844e-23
   3.8898572e+03   1.4901880e-23
   3.8988272e+03   1.4934996e-23
   3.9078180e+03   1.4968191e-23
   3.9168294e+03   1.5001465e-23
   3.9258617e+03   1.5034818e-23
   3.9349147e+03   1.5068252e-23
   3.9439887e+03   1.5101765e-23
   3.9530835e+03   1.5135359e-23
   3.9621994e+03   1.5169033e-23
   3.9713362e+03   1.5202787e-23
   3.9804942e+03   1.5236622e-23
   3.9896732e+03   1.5270538e-23
   3.9988734e+03   1.5304535e-23
   4.0080949e+03   1.5338613e-23
   4.0173376e+03   1.5372772e-23
   4.0266016e+03   1.5407013e-23
   4.0358870e+03   1.5441336e-23
   4.0451937e+03   1.5475740e-23
   4.0545220e+03   1.5510227e-23
   4.0638718e+03   1.5544796e-23
   4.0732431e+03   1.5579447e-23
   4.0826360e+03   1.5614182e-23
   4.0920506e+03   1.5648999e-23
   4.1014869e+03   1.5683899e-23
   4.1109450e+03   1.5718882e-23
   4.1204248e+03   1.5753948e-23
   4.1299266e+03   1.5789099e-23
   4.1394502e+03   1.5824333e-23
   4.1489958e+03   1.5859651e-23
   4.1585634e+03   1.5895053e-23
   4.1681531e+03   1.5930539e-23
   4.1777649e+03   1.5966110e-23
   4.1873988e+03   1.6001766e-23
   4.1970550e+03   1.6037506e-23
   4.2067335e+03   1.6073332e-23
   4.2164342e+03   1.6109243e-23
   4.2261574e+03   1.6145239e-23
   4.2359029e+03   1.6181321e-23
   4.2456709e+03   1.6217489e-23
   4.2554615e+03   1.6253743e-23
   4.2652746e+03   1.6290083e-23
   4.2751104e+03   1.6326510e-23
   4.2849688e+03   1.6363023e-23
   4.2948500e+03   1.6399623e-23
   4.3047539e+03   1.6436311e-23
   4.3146807e+03   1.6473085e-23
   4.3246304e+03   1.6509965e-23
   4.3346030e+03   1.6546896e-23
   4.3445987e+03   1.6583933e-23
   4.3546173e+03   1.6621058e-23
   4.3646591e+03   1.6658271e-23
   4.3747241e+03   1.6695573e-23
   4.3848122e+03   1.6732963e-23
   4.3949236e+03   1.6770443e-23
   4.4050583e+03   1.6808011e-23
   4.4152164e+03   1.6845668e-23
   4.4253980e+03   1.6883414e-23
   4.4356030e+03   1.6921251e-23
   4.4458315e+03   1.6959177e-23
   4.4560836e+03   1.6997193e-23
   4.4663594e+03   1.7035299e-23
   4.4766588e+03   1.7073495e-23
   4.4869821e+03   1.7111782e-23
   4.4973291e+03   1.7150160e-23
   4.5076999e+03   1.7188629e-23
   4.5180947e+03   1.7227190e-23
   4.5285135e+03   1.7265841e-23
   4.5389563e+03   1.7304584e-23
   4.5494231e+03   1.7343419e-23
   4.5599142e+03   1.7382346e-23
   4.5704294e+03   1.7421366e-23
   4.5809688e+03   1.7460477e-23
   4.5915325e+03   1.7499682e-23
   4.6021207e+03   1.7538979e-23
   4.6127332e+03   1.7578369e-23
   4.6233702e+03   1.7617853e-23
   4.6340317e+03   1.7657430e-23
   4.6447178e+03   1.7697100e-23
   4.6554286e+03   1.7736865e-23
   4.6661640e+03   1.7776724e-23
   4.6769242e+03   1.7816677e-23
   4.6877093e+03   1.7856724e-23
   4.6985192e+03   1.7896867e-23
   4.7093540e+03   1.7937104e-23
   4.7202138e+03   1.7977437e-23
   4.7310986e+03   1.8017864e-23
   4.7420086e+03   1.8058388e-23
   4.7529437e+03   1.8099008e-23
   4.7639040e+03   1.8139723e-23
   4.7748896e+03   1.8180534e-23
   4.7859005e+03   1.8221442e-23
   4.7969369e+03   1.8262447e-23
   4.8079986e+03   1.8303550e-23
   4.8190859e+03   1.8344748e-23
   4.8301988e+03   1.8386044e-23
   4.8413372e+03   1.8427437e-23
   4.8525014e+03   1.8468929e-23
   4.8636913e+03   1.8510518e-23
   4.8749070e+03   1.8552206e-23
   4.8861486e+03   1.8593992e-23
   4.8974161e+03   1.8635877e-23
   4.9087096e+03   1.8677861e-23
   4.9200291e+03   1.8719944e-23
   4.9313747e+03   1.8762126e-23
   4.9427465e+03   1.8804407e-23
   4.9541445e+03   1.8846789e-23
   4.9655688e+03   1.8889271e-23
   4.9770194e+03   1.8931852e-23
   4.9884965e+03   1.8974534e-23
   5.0000000e+03   1.9017317e-23
