   5.0000000e+00   1.6470425e-20
   5.0115300e+00   1.6052606e-20
   5.0230867e+00   1.5647089e-20
   5.0346699e+00   1.5253815e-20
   5.0462799e+00   1.4872867e-20
   5.0579167e+00   1.4504084e-20
   5.0695803e+00   1.4142330e-20
   5.0812708e+00   1.3761732e-20
   5.0929882e+00   1.3374198e-20
   5.1047327e+00   1.3034670e-20
   5.1165042e+00   1.2715396e-20
   5.1283029e+00   1.2403612e-20
   5.1401288e+00   1.2098790e-20
   5.1519820e+00   1.1801187e-20
   5.1638625e+00   1.1510936e-20
   5.1757704e+00   1.1228046e-20
   5.1877058e+00   1.0952443e-20
   5.1996687e+00   1.0684003e-20
   5.2116592e+00   1.0422577e-20
   5.2236773e+00   1.0168002e-20
   5.2357231e+00   9.9201081e-21
   5.2477968e+00   9.6787234e-21
   5.2598982e+00   9.4436758e-21
   5.2720276e+00   9.2147947e-21
   5.2841849e+00   8.9919122e-21
   5.2963703e+00   8.7748639e-21
   5.3085838e+00   8.5634891e-21
   5.3208254e+00   8.3576307e-21
   5.3330953e+00   8.1571362e-21
   5.3453934e+00   7.9618568e-21
   5.3577199e+00   7.7716479e-21
   5.3700749e+00   7.5863690e-21
   5.3824583e+00   7.4058836e-21
   5.3948703e+00   7.2300591e-21
   5.4073109e+00   7.0587668e-21
   5.4197802e+00   6.8918817e-21
   5.4322783e+00   6.7292824e-21
   5.4448051e+00   6.5708513e-21
   5.4573609e+00   6.4164740e-21
   5.4699456e+00   6.2660396e-21
   5.4825594e+00   6.1194404e-21
   5.4952022e+00   5.9765720e-21
   5.5078742e+00   5.8373328e-21
   5.5205754e+00   5.7016245e-21
   5.5333058e+00   5.5693516e-21
   5.5460657e+00   5.4404212e-21
   5.5588550e+00   5.3147432e-21
   5.5716737e+00   5.1922304e-21
   5.5845220e+00   5.0727978e-21
   5.5974000e+00   4.9563631e-21
   5.6103076e+00   4.8428462e-21
   5.6232451e+00   4.7321695e-21
   5.6362123e+00   4.6242576e-21
   5.6492094e+00   4.5190371e-21
   5.6622366e+00   4.4164370e-21
   5.6752937e+00   4.3163882e-21
   5.6883810e+00   4.2188235e-21
   5.7014985e+00   4.1236777e-21
   5.7146461e+00   4.0308876e-21
   5.7278242e+00   3.9403915e-21
   5.7410326e+00   3.8521298e-21
   5.7542714e+00   3.7660443e-21
   5.7675408e+00   3.6820786e-21
   5.7808408e+00   3.6001778e-21
   5.7941715e+00   3.5202886e-21
   5.8075329e+00   3.4423593e-21
   5.8209251e+00   3.3663394e-21
   5.8343482e+00   3.2921801e-21
   5.8478023e+00   3.2198337e-21
   5.8612873e+00   3.1492540e-21
   5.8748035e+00   3.0803960e-21
   5.8883508e+00   3.0132159e-21
   5.9019294e+00   2.9476713e-21
   5.9155393e+00   2.8837208e-21
   5.9291806e+00   2.8213242e-21
   5.9428533e+00   2.7604424e-21
   5.9565576e+00   2.7010373e-21
   5.9702935e+00   2.6430719e-21
   5.9840610e+00   2.5865102e-21
   5.9978603e+00   2.5313172e-21
   6.0116914e+00   2.4774589e-21
   6.0255544e+00   2.4249021e-21
   6.0394494e+00   2.3736145e-21
   6.0533764e+00   2.3235647e-21
   6.0673355e+00   2.2747222e-21
   6.0813269e+00   2.2270572e-21
   6.0953505e+00   2.1805408e-21
   6.1094064e+00   2.1351449e-21
   6.1234947e+00   2.0908420e-21
   6.1376155e+00   2.0476054e-21
   6.1517689e+00   2.0054091e-21
   6.1659550e+00   1.9642278e-21
   6.1801737e+00   1.9240369e-21
   6.1944252e+00   1.8848123e-21
   6.2087096e+00   1.8465307e-21
   6.2230269e+00   1.8091694e-21
   6.2373773e+00   1.7727061e-21
   6.2517607e+00   1.7371192e-21
   6.2661773e+00   1.7023877e-21
   6.2806272e+00   1.6684912e-21
   6.2951104e+00   1.6354095e-21
   6.3096269e+00   1.6031234e-21
   6.3241770e+00   1.5716137e-21
   6.3387606e+00   1.5408620e-21
   6.3533778e+00   1.5108503e-21
   6.3680288e+00   1.4815611e-21
   6.3827135e+00   1.4529771e-21
   6.3974321e+00   1.4250818e-21
   6.4121846e+00   1.3978588e-21
   6.4269711e+00   1.3712923e-21
   6.4417918e+00   1.3453668e-21
   6.4566466e+00   1.3200672e-21
   6.4715357e+00   1.2953788e-21
   6.4864591e+00   1.2712873e-21
   6.5014169e+00   1.2477786e-21
   6.5164092e+00   1.2248392e-21
   6.5314361e+00   1.2024556e-21
   6.5464977e+00   1.1806149e-21
   6.5615939e+00   1.1593043e-21
   6.5767250e+00   1.1385116e-21
   6.5918910e+00   1.1182246e-21
   6.6070920e+00   1.0984315e-21
   6.6223280e+00   1.0791209e-21
   6.6375991e+00   1.0602814e-21
   6.6529055e+00   1.0419022e-21
   6.6682471e+00   1.0239724e-21
   6.6836241e+00   1.0064817e-21
   6.6990366e+00   9.8941984e-22
   6.7144846e+00   9.7277684e-22
   6.7299683e+00   9.5654297e-22
   6.7454877e+00   9.4070872e-22
   6.7610428e+00   9.2526479e-22
   6.7766338e+00   9.1020212e-22
   6.7922608e+00   8.9551183e-22
   6.8079238e+00   8.8118528e-22
   6.8236229e+00   8.6721399e-22
   6.8393582e+00   8.5358972e-22
   6.8551299e+00   8.4030437e-22
   6.8709378e+00   8.2735008e-22
   6.8867823e+00   8.1471912e-22
   6.9026632e+00   8.0240398e-22
   6.9185808e+00   7.9039729e-22
   6.9345351e+00   7.7869188e-22
   6.9505262e+00   7.6728071e-22
   6.9665542e+00   7.5615693e-22
   6.9826191e+00   7.4531384e-22
   6.9987211e+00   7.3474490e-22
   7.0148602e+00   7.2444372e-22
   7.0310365e+00   7.1440404e-22
   7.0472502e+00   7.0461978e-22
   7.0635012e+00   6.9508498e-22
   7.0797897e+00   6.8579382e-22
   7.0961157e+00   6.7674064e-22
   7.1124794e+00   6.6791991e-22
   7.1288808e+00   6.5932621e-22
   7.1453201e+00   6.5095427e-22
   7.1617972e+00   6.4279896e-22
   7.1783124e+00   6.3485527e-22
   7.1948656e+00   6.2711830e-22
   7.2114571e+00   6.1958331e-22
   7.2280867e+00   6.1224564e-22
   7.2447548e+00   6.0510080e-22
   7.2614612e+00   5.9814437e-22
   7.2782062e+00   5.9137210e-22
   7.2949898e+00   5.8477983e-22
   7.3118121e+00   5.7836351e-22
   7.3286732e+00   5.7211923e-22
   7.3455732e+00   5.6604318e-22
   7.3625121e+00   5.6013169e-22
   7.3794901e+00   5.5438116e-22
   7.3965073e+00   5.4878815e-22
   7.4135637e+00   5.4334932e-22
   7.4306594e+00   5.3806143e-22
   7.4477946e+00   5.3292138e-22
   7.4649693e+00   5.2792616e-22
   7.4821835e+00   5.2307290e-22
   7.4994375e+00   5.1835882e-22
   7.5167313e+00   5.1378128e-22
   7.5340649e+00   5.0933775e-22
   7.5514385e+00   5.0502582e-22
   7.5688522e+00   5.0084319e-22
   7.5863060e+00   4.9678770e-22
   7.6038001e+00   4.9285729e-22
   7.6213345e+00   4.8905005e-22
   7.6389094e+00   4.8536418e-22
   7.6565248e+00   4.8179803e-22
   7.6741808e+00   4.7835007e-22
   7.6918775e+00   4.7501890e-22
   7.7096150e+00   4.7180329e-22
   7.7273934e+00   4.6870212e-22
   7.7452129e+00   4.6571445e-22
   7.7630734e+00   4.6283948e-22
   7.7809751e+00   4.6007658e-22
   7.7989181e+00   4.5742528e-22
   7.8169025e+00   4.5488531e-22
   7.8349283e+00   4.5245654e-22
   7.8529957e+00   4.5013909e-22
   7.8711048e+00   4.4793323e-22
   7.8892556e+00   4.4583949e-22
   7.9074483e+00   4.4385860e-22
   7.9256829e+00   4.4199155e-22
   7.9439596e+00   4.4023959e-22
   7.9622784e+00   4.3860423e-22
   7.9806395e+00   4.3708729e-22
   7.9990429e+00   4.3569090e-22
   8.0174888e+00   4.3441754e-22
   8.0359772e+00   4.3327007e-22
   8.0545082e+00   4.3225173e-22
   8.0730819e+00   4.3136621e-22
   8.0916985e+00   4.3061769e-22
   8.1103581e+00   4.3001083e-22
   8.1290606e+00   4.2955089e-22
   8.1478063e+00   4.2924376e-22
   8.1665952e+00   4.2909601e-22
   8.1854274e+00   4.2911497e-22
   8.2043031e+00   4.2930880e-22
   8.2232223e+00   4.2968663e-22
   8.2421851e+00   4.3025861e-22
   8.2611916e+00   4.3103605e-22
   8.2802420e+00   4.3203160e-22
   8.2993363e+00   4.3325934e-22
   8.3184746e+00   4.3473504e-22
   8.3376571e+00   4.3647632e-22
   8.3568838e+00   4.3850294e-22
   8.3761548e+00   4.4083708e-22
   8.3954703e+00   4.4350367e-22
   8.4148303e+00   4.4653085e-22
   8.4342350e+00   4.4995038e-22
   8.4536844e+00   4.5379828e-22
   8.4731786e+00   4.5811546e-22
   8.4927179e+00   4.6294859e-22
   8.5123021e+00   4.6835104e-22
   8.5319316e+00   4.7438412e-22
   8.5516063e+00   4.8111856e-22
   8.5713263e+00   4.8863627e-22
   8.5910919e+00   4.9703265e-22
   8.6109030e+00   5.0641934e-22
   8.6307598e+00   5.1692783e-22
   8.6506624e+00   5.2871391e-22
   8.6706109e+00   5.4196332e-22
   8.6906054e+00   5.5690001e-22
   8.7106460e+00   5.7379500e-22
   8.7307328e+00   5.9298042e-22
   8.7508660e+00   6.1486724e-22
   8.7710455e+00   6.3997003e-22
   8.7912716e+00   6.6894167e-22
   8.8115444e+00   7.0262297e-22
   8.8318638e+00   7.4211541e-22
   8.8522302e+00   7.8889053e-22
   8.8726435e+00   8.4495937e-22
   8.8931039e+00   9.1314469e-22
   8.9136114e+00   9.9753636e-22
   8.9341663e+00   1.1042923e-21
   8.9547686e+00   1.2431350e-21
   8.9754183e+00   1.4303670e-21
   8.9961157e+00   1.6955711e-21
   9.0168608e+00   2.0985868e-21
   9.0376538e+00   2.7814652e-21
   9.0584947e+00   4.1834088e-21
   9.0793836e+00   8.6685304e-21
   9.1003208e+00   8.9941513e-20
   9.1213062e+00   7.1526240e-21
   9.1423400e+00   3.7073070e-21
   9.1634223e+00   2.5064585e-21
   9.1845532e+00   1.9122973e-21
   9.2057328e+00   1.5903460e-21
   9.2269613e+00   1.4818315e-21
   9.2482388e+00   1.8955124e-21
   9.2695653e+00   3.9194665e-20
   9.2909410e+00   1.7624853e-21
   9.3123660e+00   1.0652770e-21
   9.3338403e+00   8.4265754e-22
   9.3553642e+00   7.2512748e-22
   9.3769378e+00   6.4763884e-22
   9.3985611e+00   5.9045645e-22
   9.4202342e+00   5.4551725e-22
   9.4419574e+00   5.0881440e-22
   9.4637306e+00   4.7806400e-22
   9.4855540e+00   4.5183009e-22
   9.5074278e+00   4.2914304e-22
   9.5293520e+00   4.0931248e-22
   9.5513267e+00   3.9182692e-22
   9.5733522e+00   3.7629558e-22
   9.5954284e+00   3.6241257e-22
   9.6175555e+00   3.4993386e-22
   9.6397337e+00   3.3866162e-22
   9.6619630e+00   3.2843341e-22
   9.6842435e+00   3.1911435e-22
   9.7065755e+00   3.1059134e-22
   9.7289589e+00   3.0276880e-22
   9.7513940e+00   2.9556538e-22
   9.7738808e+00   2.8891135e-22
   9.7964194e+00   2.8274666e-22
   9.8190100e+00   2.7701928e-22
   9.8416527e+00   2.7168395e-22
   9.8643477e+00   2.6670112e-22
   9.8870949e+00   2.6203610e-22
   9.9098946e+00   2.5765833e-22
   9.9327469e+00   2.5354086e-22
   9.9556519e+00   2.4965979e-22
   9.9786097e+00   2.4599387e-22
   1.0001620e+01   2.4252438e-22
   1.0024684e+01   2.3923545e-22
   1.0047801e+01   2.3610923e-22
   1.0070972e+01   2.3313303e-22
   1.0094195e+01   2.3029535e-22
   1.0117473e+01   2.2758557e-22
   1.0140804e+01   2.2499351e-22
   1.0164188e+01   2.2251004e-22
   1.0187627e+01   2.2012688e-22
   1.0211120e+01   2.1783659e-22
   1.0234667e+01   2.1563266e-22
   1.0258268e+01   2.1350895e-22
   1.0281924e+01   2.1145980e-22
   1.0305634e+01   2.0948004e-22
   1.0329399e+01   2.0756513e-22
   1.0353218e+01   2.0571083e-22
   1.0377093e+01   2.0391316e-22
   1.0401023e+01   2.0216847e-22
   1.0425007e+01   2.0047353e-22
   1.0449048e+01   1.9882532e-22
   1.0473143e+01   1.9722100e-22
   1.0497294e+01   1.9565796e-22
   1.0521501e+01   1.9413382e-22
   1.0545764e+01   1.9264642e-22
   1.0570082e+01   1.9119369e-22
   1.0594457e+01   1.8977370e-22
   1.0618888e+01   1.8838471e-22
   1.0643375e+01   1.8702512e-22
   1.0667919e+01   1.8569340e-22
   1.0692519e+01   1.8438812e-22
   1.0717176e+01   1.8310797e-22
   1.0741890e+01   1.8185176e-22
   1.0766661e+01   1.8061832e-22
   1.0791489e+01   1.7940660e-22
   1.0816374e+01   1.7821558e-22
   1.0841317e+01   1.7704436e-22
   1.0866317e+01   1.7589207e-22
   1.0891375e+01   1.7475788e-22
   1.0916491e+01   1.7364102e-22
   1.0941664e+01   1.7254080e-22
   1.0966896e+01   1.7145653e-22
   1.0992185e+01   1.7038759e-22
   1.1017533e+01   1.6933337e-22
   1.1042940e+01   1.6829332e-22
   1.1068405e+01   1.6726693e-22
   1.1093929e+01   1.6625368e-22
   1.1119512e+01   1.6525312e-22
   1.1145153e+01   1.6426481e-22
   1.1170854e+01   1.6328832e-22
   1.1196614e+01   1.6232328e-22
   1.1222434e+01   1.6136929e-22
   1.1248313e+01   1.6042603e-22
   1.1274251e+01   1.5949315e-22
   1.1300250e+01   1.5857034e-22
   1.1326308e+01   1.5765729e-22
   1.1352427e+01   1.5675374e-22
   1.1378606e+01   1.5585940e-22
   1.1404845e+01   1.5497403e-22
   1.1431144e+01   1.5409737e-22
   1.1457505e+01   1.5322921e-22
   1.1483926e+01   1.5236932e-22
   1.1510408e+01   1.5151750e-22
   1.1536951e+01   1.5067353e-22
   1.1563555e+01   1.4983724e-22
   1.1590221e+01   1.4900844e-22
   1.1616948e+01   1.4818696e-22
   1.1643737e+01   1.4737263e-22
   1.1670587e+01   1.4656530e-22
   1.1697500e+01   1.4576482e-22
   1.1724474e+01   1.4497103e-22
   1.1751511e+01   1.4418380e-22
   1.1778610e+01   1.4340300e-22
   1.1805772e+01   1.4262851e-22
   1.1832996e+01   1.4186019e-22
   1.1860283e+01   1.4109793e-22
   1.1887633e+01   1.4034162e-22
   1.1915046e+01   1.3959115e-22
   1.1942522e+01   1.3884642e-22
   1.1970061e+01   1.3810732e-22
   1.1997664e+01   1.3737375e-22
   1.2025331e+01   1.3664563e-22
   1.2053062e+01   1.3592287e-22
   1.2080856e+01   1.3520537e-22
   1.2108715e+01   1.3449306e-22
   1.2136637e+01   1.3378585e-22
   1.2164625e+01   1.3308366e-22
   1.2192676e+01   1.3238642e-22
   1.2220793e+01   1.3169406e-22
   1.2248974e+01   1.3100650e-22
   1.2277220e+01   1.3032367e-22
   1.2305532e+01   1.2964551e-22
   1.2333908e+01   1.2897196e-22
   1.2362350e+01   1.2830294e-22
   1.2390858e+01   1.2763841e-22
   1.2419431e+01   1.2697830e-22
   1.2448071e+01   1.2632255e-22
   1.2476776e+01   1.2567110e-22
   1.2505548e+01   1.2502391e-22
   1.2534386e+01   1.2438092e-22
   1.2563290e+01   1.2374208e-22
   1.2592261e+01   1.2310733e-22
   1.2621299e+01   1.2247663e-22
   1.2650404e+01   1.2184994e-22
   1.2679576e+01   1.2122719e-22
   1.2708815e+01   1.2060836e-22
   1.2738121e+01   1.1999339e-22
   1.2767496e+01   1.1938225e-22
   1.2796938e+01   1.1877488e-22
   1.2826447e+01   1.1817125e-22
   1.2856025e+01   1.1757132e-22
   1.2885671e+01   1.1697504e-22
   1.2915386e+01   1.1638239e-22
   1.2945169e+01   1.1579331e-22
   1.2975020e+01   1.1520778e-22
   1.3004941e+01   1.1462576e-22
   1.3034930e+01   1.1404722e-22
   1.3064989e+01   1.1347211e-22
   1.3095117e+01   1.1290040e-22
   1.3125314e+01   1.1233207e-22
   1.3155582e+01   1.1176707e-22
   1.3185918e+01   1.1120538e-22
   1.3216325e+01   1.1064696e-22
   1.3246802e+01   1.1009179e-22
   1.3277349e+01   1.0953983e-22
   1.3307967e+01   1.0899106e-22
   1.3338655e+01   1.0844544e-22
   1.3369414e+01   1.0790294e-22
   1.3400244e+01   1.0736354e-22
   1.3431145e+01   1.0682722e-22
   1.3462118e+01   1.0629393e-22
   1.3493162e+01   1.0576366e-22
   1.3524277e+01   1.0523638e-22
   1.3555464e+01   1.0471207e-22
   1.3586723e+01   1.0419069e-22
   1.3618054e+01   1.0367222e-22
   1.3649457e+01   1.0315665e-22
   1.3680933e+01   1.0264394e-22
   1.3712481e+01   1.0213407e-22
   1.3744103e+01   1.0162702e-22
   1.3775797e+01   1.0112276e-22
   1.3807564e+01   1.0062127e-22
   1.3839404e+01   1.0012253e-22
   1.3871318e+01   9.9626525e-23
   1.3903305e+01   9.9133221e-23
   1.3935366e+01   9.8642600e-23
   1.3967501e+01   9.8154643e-23
   1.3999710e+01   9.7669328e-23
   1.4031994e+01   9.7186635e-23
   1.4064352e+01   9.6706544e-23
   1.4096784e+01   9.6229035e-23
   1.4129292e+01   9.5754087e-23
   1.4161874e+01   9.5281683e-23
   1.4194531e+01   9.4811803e-23
   1.4227264e+01   9.4344427e-23
   1.4260072e+01   9.3879539e-23
   1.4292956e+01   9.3417118e-23
   1.4325916e+01   9.2957148e-23
   1.4358951e+01   9.2499610e-23
   1.4392063e+01   9.2044486e-23
   1.4425251e+01   9.1591761e-23
   1.4458516e+01   9.1141415e-23
   1.4491858e+01   9.0693433e-23
   1.4525276e+01   9.0247798e-23
   1.4558771e+01   8.9804493e-23
   1.4592344e+01   8.9363503e-23
   1.4625994e+01   8.8924810e-23
   1.4659722e+01   8.8488399e-23
   1.4693527e+01   8.8054254e-23
   1.4727410e+01   8.7622361e-23
   1.4761372e+01   8.7192703e-23
   1.4795412e+01   8.6765265e-23
   1.4829530e+01   8.6340033e-23
   1.4863727e+01   8.5916992e-23
   1.4898003e+01   8.5496127e-23
   1.4932358e+01   8.5077424e-23
   1.4966792e+01   8.4660868e-23
   1.5001306e+01   8.4246446e-23
   1.5035899e+01   8.3834143e-23
   1.5070572e+01   8.3423945e-23
   1.5105324e+01   8.3015840e-23
   1.5140157e+01   8.2609814e-23
   1.5175071e+01   8.2205852e-23
   1.5210065e+01   8.1803943e-23
   1.5245139e+01   8.1404072e-23
   1.5280295e+01   8.1006228e-23
   1.5315531e+01   8.0610396e-23
   1.5350849e+01   8.0216566e-23
   1.5386248e+01   7.9824723e-23
   1.5421729e+01   7.9434857e-23
   1.5457291e+01   7.9046954e-23
   1.5492936e+01   7.8661002e-23
   1.5528663e+01   7.8276990e-23
   1.5564472e+01   7.7894905e-23
   1.5600364e+01   7.7514736e-23
   1.5636338e+01   7.7136471e-23
   1.5672396e+01   7.6760099e-23
   1.5708537e+01   7.6385607e-23
   1.5744761e+01   7.6012986e-23
   1.5781068e+01   7.5642223e-23
   1.5817459e+01   7.5273308e-23
   1.5853935e+01   7.4906229e-23
   1.5890494e+01   7.4540977e-23
   1.5927137e+01   7.4177538e-23
   1.5963866e+01   7.3815905e-23
   1.6000678e+01   7.3456065e-23
   1.6037576e+01   7.3098007e-23
   1.6074559e+01   7.2741723e-23
   1.6111627e+01   7.2387201e-23
   1.6148780e+01   7.2034432e-23
   1.6186020e+01   7.1683404e-23
   1.6223345e+01   7.1334109e-23
   1.6260756e+01   7.0986536e-23
   1.6298253e+01   7.0640675e-23
   1.6335837e+01   7.0296517e-23
   1.6373508e+01   6.9954052e-23
   1.6411265e+01   6.9613269e-23
   1.6449110e+01   6.9274161e-23
   1.6487041e+01   6.8936717e-23
   1.6525061e+01   6.8600928e-23
   1.6563168e+01   6.8266785e-23
   1.6601362e+01   6.7934278e-23
   1.6639645e+01   6.7603399e-23
   1.6678016e+01   6.7274137e-23
   1.6716476e+01   6.6946486e-23
   1.6755024e+01   6.6620434e-23
   1.6793662e+01   6.6295975e-23
   1.6832388e+01   6.5973098e-23
   1.6871203e+01   6.5651795e-23
   1.6910109e+01   6.5332057e-23
   1.6949103e+01   6.5013877e-23
   1.6988188e+01   6.4697245e-23
   1.7027363e+01   6.4382153e-23
   1.7066628e+01   6.4068593e-23
   1.7105984e+01   6.3756556e-23
   1.7145431e+01   6.3446034e-23
   1.7184968e+01   6.3137020e-23
   1.7224597e+01   6.2829504e-23
   1.7264317e+01   6.2523478e-23
   1.7304128e+01   6.2218936e-23
   1.7344032e+01   6.1915869e-23
   1.7384027e+01   6.1614268e-23
   1.7424115e+01   6.1314127e-23
   1.7464295e+01   6.1015437e-23
   1.7504568e+01   6.0718191e-23
   1.7544934e+01   6.0422381e-23
   1.7585392e+01   6.0127999e-23
   1.7625945e+01   5.9835038e-23
   1.7666590e+01   5.9543491e-23
   1.7707329e+01   5.9253350e-23
   1.7748163e+01   5.8964607e-23
   1.7789090e+01   5.8677256e-23
   1.7830112e+01   5.8391288e-23
   1.7871228e+01   5.8106698e-23
   1.7912439e+01   5.7823477e-23
   1.7953746e+01   5.7541619e-23
   1.7995147e+01   5.7261116e-23
   1.8036644e+01   5.6981961e-23
   1.8078237e+01   5.6704148e-23
   1.8119925e+01   5.6427669e-23
   1.8161710e+01   5.6152518e-23
   1.8203591e+01   5.5878688e-23
   1.8245569e+01   5.5606171e-23
   1.8287643e+01   5.5334962e-23
   1.8329814e+01   5.5065053e-23
   1.8372083e+01   5.4796437e-23
   1.8414449e+01   5.4529109e-23
   1.8456913e+01   5.4263062e-23
   1.8499475e+01   5.3998288e-23
   1.8542135e+01   5.3734783e-23
   1.8584893e+01   5.3472538e-23
   1.8627750e+01   5.3211548e-23
   1.8670706e+01   5.2951806e-23
   1.8713761e+01   5.2693306e-23
   1.8756915e+01   5.2436042e-23
   1.8800168e+01   5.2180007e-23
   1.8843522e+01   5.1925195e-23
   1.8886975e+01   5.1671601e-23
   1.8930528e+01   5.1419217e-23
   1.8974182e+01   5.1168039e-23
   1.9017937e+01   5.0918059e-23
   1.9061792e+01   5.0669271e-23
   1.9105749e+01   5.0421671e-23
   1.9149807e+01   5.0175251e-23
   1.9193967e+01   4.9930006e-23
   1.9238228e+01   4.9685930e-23
   1.9282592e+01   4.9443018e-23
   1.9327057e+01   4.9201262e-23
   1.9371626e+01   4.8960658e-23
   1.9416297e+01   4.8721201e-23
   1.9461071e+01   4.8482883e-23
   1.9505948e+01   4.8245700e-23
   1.9550929e+01   4.8009645e-23
   1.9596014e+01   4.7774714e-23
   1.9641202e+01   4.7540901e-23
   1.9686495e+01   4.7308199e-23
   1.9731892e+01   4.7076605e-23
   1.9777394e+01   4.6846111e-23
   1.9823001e+01   4.6616714e-23
   1.9868713e+01   4.6388406e-23
   1.9914530e+01   4.6161184e-23
   1.9960454e+01   4.5935041e-23
   2.0006482e+01   4.5709973e-23
   2.0052618e+01   4.5485973e-23
   2.0098859e+01   4.5263038e-23
   2.0145207e+01   4.5041161e-23
   2.0191662e+01   4.4820337e-23
   2.0238224e+01   4.4600562e-23
   2.0284894e+01   4.4381830e-23
   2.0331671e+01   4.4164136e-23
   2.0378556e+01   4.3947474e-23
   2.0425549e+01   4.3731841e-23
   2.0472650e+01   4.3517230e-23
   2.0519861e+01   4.3303638e-23
   2.0567180e+01   4.3091058e-23
   2.0614608e+01   4.2879486e-23
   2.0662145e+01   4.2668918e-23
   2.0709792e+01   4.2459347e-23
   2.0757549e+01   4.2250770e-23
   2.0805416e+01   4.2043182e-23
   2.0853394e+01   4.1836577e-23
   2.0901482e+01   4.1630951e-23
   2.0949681e+01   4.1426300e-23
   2.0997991e+01   4.1222618e-23
   2.1046412e+01   4.1019901e-23
   2.1094945e+01   4.0818144e-23
   2.1143591e+01   4.0617343e-23
   2.1192348e+01   4.0417493e-23
   2.1241218e+01   4.0218589e-23
   2.1290200e+01   4.0020627e-23
   2.1339295e+01   3.9823602e-23
   2.1388504e+01   3.9627510e-23
   2.1437826e+01   3.9432346e-23
   2.1487262e+01   3.9238106e-23
   2.1536812e+01   3.9044785e-23
   2.1586476e+01   3.8852380e-23
   2.1636254e+01   3.8660885e-23
   2.1686148e+01   3.8470296e-23
   2.1736156e+01   3.8280609e-23
   2.1786280e+01   3.8091820e-23
   2.1836519e+01   3.7903923e-23
   2.1886874e+01   3.7716916e-23
   2.1937346e+01   3.7530794e-23
   2.1987933e+01   3.7345552e-23
   2.2038638e+01   3.7161187e-23
   2.2089459e+01   3.6977693e-23
   2.2140397e+01   3.6795068e-23
   2.2191453e+01   3.6613306e-23
   2.2242627e+01   3.6432404e-23
   2.2293919e+01   3.6252358e-23
   2.2345328e+01   3.6073164e-23
   2.2396857e+01   3.5894817e-23
   2.2448504e+01   3.5717313e-23
   2.2500271e+01   3.5540649e-23
   2.2552157e+01   3.5364820e-23
   2.2604162e+01   3.5189823e-23
   2.2656287e+01   3.5015654e-23
   2.2708533e+01   3.4842308e-23
   2.2760899e+01   3.4669782e-23
   2.2813386e+01   3.4498072e-23
   2.2865994e+01   3.4327174e-23
   2.2918723e+01   3.4157084e-23
   2.2971574e+01   3.3987799e-23
   2.3024546e+01   3.3819314e-23
   2.3077641e+01   3.3651626e-23
   2.3130858e+01   3.3484731e-23
   2.3184198e+01   3.3318626e-23
   2.3237661e+01   3.3153305e-23
   2.3291247e+01   3.2988767e-23
   2.3344957e+01   3.2825007e-23
   2.3398791e+01   3.2662022e-23
   2.3452748e+01   3.2499808e-23
   2.3506831e+01   3.2338360e-23
   2.3561038e+01   3.2177677e-23
   2.3615370e+01   3.2017754e-23
   2.3669827e+01   3.1858587e-23
   2.3724410e+01   3.1700173e-23
   2.3779118e+01   3.1542508e-23
   2.3833953e+01   3.1385590e-23
   2.3888914e+01   3.1229414e-23
   2.3944002e+01   3.1073977e-23
   2.3999217e+01   3.0919275e-23
   2.4054560e+01   3.0765306e-23
   2.4110030e+01   3.0612065e-23
   2.4165628e+01   3.0459549e-23
   2.4221354e+01   3.0307755e-23
   2.4277208e+01   3.0156680e-23
   2.4333192e+01   3.0006320e-23
   2.4389304e+01   2.9856671e-23
   2.4445546e+01   2.9707732e-23
   2.4501918e+01   2.9559497e-23
   2.4558420e+01   2.9411964e-23
   2.4615051e+01   2.9265130e-23
   2.4671814e+01   2.9118991e-23
   2.4728707e+01   2.8973544e-23
   2.4785732e+01   2.8828787e-23
   2.4842888e+01   2.8684715e-23
   2.4900176e+01   2.8541325e-23
   2.4957596e+01   2.8398615e-23
   2.5015148e+01   2.8256581e-23
   2.5072833e+01   2.8115220e-23
   2.5130652e+01   2.7974529e-23
   2.5188603e+01   2.7834505e-23
   2.5246688e+01   2.7695145e-23
   2.5304907e+01   2.7556446e-23
   2.5363261e+01   2.7418404e-23
   2.5421748e+01   2.7281017e-23
   2.5480371e+01   2.7144281e-23
   2.5539129e+01   2.7008194e-23
   2.5598023e+01   2.6872753e-23
   2.5657052e+01   2.6737954e-23
   2.5716217e+01   2.6603794e-23
   2.5775519e+01   2.6470272e-23
   2.5834957e+01   2.6337383e-23
   2.5894533e+01   2.6205125e-23
   2.5954246e+01   2.6073495e-23
   2.6014097e+01   2.5942490e-23
   2.6074085e+01   2.5812107e-23
   2.6134212e+01   2.5682343e-23
   2.6194478e+01   2.5553196e-23
   2.6254883e+01   2.5424663e-23
   2.6315427e+01   2.5296740e-23
   2.6376110e+01   2.5169425e-23
   2.6436934e+01   2.5042716e-23
   2.6497898e+01   2.4916609e-23
   2.6559002e+01   2.4791101e-23
   2.6620247e+01   2.4666191e-23
   2.6681634e+01   2.4541875e-23
   2.6743162e+01   2.4418150e-23
   2.6804832e+01   2.4295014e-23
   2.6866644e+01   2.4172464e-23
   2.6928599e+01   2.4050498e-23
   2.6990696e+01   2.3929112e-23
   2.7052937e+01   2.3808305e-23
   2.7115321e+01   2.3688072e-23
   2.7177849e+01   2.3568413e-23
   2.7240522e+01   2.3449324e-23
   2.7303338e+01   2.3330803e-23
   2.7366300e+01   2.3212846e-23
   2.7429407e+01   2.3095452e-23
   2.7492659e+01   2.2978618e-23
   2.7556058e+01   2.2862342e-23
   2.7619602e+01   2.2746620e-23
   2.7683293e+01   2.2631450e-23
   2.7747131e+01   2.2516831e-23
   2.7811116e+01   2.2402758e-23
   2.7875249e+01   2.2289231e-23
   2.7939529e+01   2.2176246e-23
   2.8003958e+01   2.2063800e-23
   2.8068536e+01   2.1951893e-23
   2.8133262e+01   2.1840520e-23
   2.8198137e+01   2.1729680e-23
   2.8263162e+01   2.1619370e-23
   2.8328338e+01   2.1509588e-23
   2.8393663e+01   2.1400331e-23
   2.8459139e+01   2.1291598e-23
   2.8524766e+01   2.1183385e-23
   2.8590544e+01   2.1075690e-23
   2.8656474e+01   2.0968512e-23
   2.8722556e+01   2.0861847e-23
   2.8788791e+01   2.0755694e-23
   2.8855178e+01   2.0650049e-23
   2.8921718e+01   2.0544912e-23
   2.8988412e+01   2.0440279e-23
   2.9055259e+01   2.0336148e-23
   2.9122261e+01   2.0232518e-23
   2.9189417e+01   2.0129385e-23
   2.9256728e+01   2.0026747e-23
   2.9324194e+01   1.9924603e-23
   2.9391816e+01   1.9822950e-23
   2.9459594e+01   1.9721786e-23
   2.9527528e+01   1.9621109e-23
   2.9595619e+01   1.9520916e-23
   2.9663866e+01   1.9421206e-23
   2.9732272e+01   1.9321976e-23
   2.9800834e+01   1.9223224e-23
   2.9869555e+01   1.9124948e-23
   2.9938435e+01   1.9027146e-23
   3.0007473e+01   1.8929815e-23
   3.0076670e+01   1.8832955e-23
   3.0146028e+01   1.8736561e-23
   3.0215544e+01   1.8640634e-23
   3.0285222e+01   1.8545169e-23
   3.0355060e+01   1.8450166e-23
   3.0425059e+01   1.8355623e-23
   3.0495219e+01   1.8261536e-23
   3.0565541e+01   1.8167905e-23
   3.0636026e+01   1.8074727e-23
   3.0706673e+01   1.7982001e-23
   3.0777482e+01   1.7889724e-23
   3.0848456e+01   1.7797893e-23
   3.0919592e+01   1.7706509e-23
   3.0990893e+01   1.7615567e-23
   3.1062358e+01   1.7525067e-23
   3.1133988e+01   1.7435006e-23
   3.1205784e+01   1.7345383e-23
   3.1277744e+01   1.7256196e-23
   3.1349871e+01   1.7167442e-23
   3.1422164e+01   1.7079120e-23
   3.1494624e+01   1.6991227e-23
   3.1567251e+01   1.6903763e-23
   3.1640045e+01   1.6816725e-23
   3.1713007e+01   1.6730111e-23
   3.1786138e+01   1.6643920e-23
   3.1859437e+01   1.6558149e-23
   3.1932905e+01   1.6472796e-23
   3.2006542e+01   1.6387861e-23
   3.2080350e+01   1.6303341e-23
   3.2154327e+01   1.6219234e-23
   3.2228475e+01   1.6135538e-23
   3.2302794e+01   1.6052252e-23
   3.2377285e+01   1.5969375e-23
   3.2451947e+01   1.5886903e-23
   3.2526782e+01   1.5804835e-23
   3.2601789e+01   1.5723171e-23
   3.2676969e+01   1.5641907e-23
   3.2752322e+01   1.5561042e-23
   3.2827849e+01   1.5480575e-23
   3.2903550e+01   1.5400503e-23
   3.2979426e+01   1.5320825e-23
   3.3055477e+01   1.5241540e-23
   3.3131703e+01   1.5162645e-23
   3.3208105e+01   1.5084140e-23
   3.3284683e+01   1.5006021e-23
   3.3361438e+01   1.4928288e-23
   3.3438370e+01   1.4850939e-23
   3.3515479e+01   1.4773973e-23
   3.3592766e+01   1.4697387e-23
   3.3670231e+01   1.4621180e-23
   3.3747875e+01   1.4545351e-23
   3.3825698e+01   1.4469897e-23
   3.3903700e+01   1.4394818e-23
   3.3981882e+01   1.4320111e-23
   3.4060245e+01   1.4245775e-23
   3.4138788e+01   1.4171809e-23
   3.4217512e+01   1.4098211e-23
   3.4296418e+01   1.4024979e-23
   3.4375506e+01   1.3952112e-23
   3.4454776e+01   1.3879608e-23
   3.4534229e+01   1.3807465e-23
   3.4613865e+01   1.3735683e-23
   3.4693685e+01   1.3664260e-23
   3.4773689e+01   1.3593194e-23
   3.4853877e+01   1.3522483e-23
   3.4934251e+01   1.3452127e-23
   3.5014809e+01   1.3382123e-23
   3.5095554e+01   1.3312471e-23
   3.5176484e+01   1.3243168e-23
   3.5257602e+01   1.3174214e-23
   3.5338906e+01   1.3105606e-23
   3.5420398e+01   1.3037344e-23
   3.5502077e+01   1.2969426e-23
   3.5583945e+01   1.2901850e-23
   3.5666002e+01   1.2834615e-23
   3.5748248e+01   1.2767720e-23
   3.5830684e+01   1.2701163e-23
   3.5913310e+01   1.2634943e-23
   3.5996126e+01   1.2569059e-23
   3.6079134e+01   1.2503509e-23
   3.6162332e+01   1.2438291e-23
   3.6245723e+01   1.2373405e-23
   3.6329306e+01   1.2308848e-23
   3.6413082e+01   1.2244621e-23
   3.6497050e+01   1.2180720e-23
   3.6581213e+01   1.2117146e-23
   3.6665569e+01   1.2053896e-23
   3.6750120e+01   1.1990970e-23
   3.6834867e+01   1.1928365e-23
   3.6919808e+01   1.1866081e-23
   3.7004945e+01   1.1804117e-23
   3.7090279e+01   1.1742470e-23
   3.7175810e+01   1.1681140e-23
   3.7261537e+01   1.1620126e-23
   3.7347463e+01   1.1559426e-23
   3.7433586e+01   1.1499039e-23
   3.7519908e+01   1.1438964e-23
   3.7606429e+01   1.1379199e-23
   3.7693150e+01   1.1319744e-23
   3.7780071e+01   1.1260596e-23
   3.7867192e+01   1.1201755e-23
   3.7954514e+01   1.1143220e-23
   3.8042037e+01   1.1084988e-23
   3.8129763e+01   1.1027060e-23
   3.8217690e+01   1.0969434e-23
   3.8305821e+01   1.0912109e-23
   3.8394154e+01   1.0855083e-23
   3.8482691e+01   1.0798355e-23
   3.8571433e+01   1.0741925e-23
   3.8660379e+01   1.0685790e-23
   3.8749530e+01   1.0629950e-23
   3.8838886e+01   1.0574404e-23
   3.8928449e+01   1.0519151e-23
   3.9018219e+01   1.0464188e-23
   3.9108195e+01   1.0409516e-23
   3.9198379e+01   1.0355134e-23
   3.9288770e+01   1.0301039e-23
   3.9379371e+01   1.0247231e-23
   3.9470180e+01   1.0193708e-23
   3.9561198e+01   1.0140470e-23
   3.9652427e+01   1.0087516e-23
   3.9743865e+01   1.0034845e-23
   3.9835515e+01   9.9824543e-24
   3.9927376e+01   9.9303443e-24
   4.0019449e+01   9.8785135e-24
   4.0111734e+01   9.8269608e-24
   4.0204232e+01   9.7756852e-24
   4.0296943e+01   9.7246857e-24
   4.0389868e+01   9.6739612e-24
   4.0483008e+01   9.6235106e-24
   4.0576362e+01   9.5733330e-24
   4.0669931e+01   9.5234272e-24
   4.0763716e+01   9.4737923e-24
   4.0857718e+01   9.4244273e-24
   4.0951936e+01   9.3753311e-24
   4.1046372e+01   9.3265028e-24
   4.1141025e+01   9.2779413e-24
   4.1235896e+01   9.2296457e-24
   4.1330987e+01   9.1816149e-24
   4.1426296e+01   9.1338480e-24
   4.1521826e+01   9.0863440e-24
   4.1617575e+01   9.0391020e-24
   4.1713546e+01   8.9921209e-24
   4.1809737e+01   8.9453999e-24
   4.1906151e+01   8.8989379e-24
   4.2002787e+01   8.8527341e-24
   4.2099646e+01   8.8067874e-24
   4.2196728e+01   8.7610970e-24
   4.2294034e+01   8.7156619e-24
   4.2391564e+01   8.6704812e-24
   4.2489319e+01   8.6255540e-24
   4.2587300e+01   8.5808794e-24
   4.2685507e+01   8.5364564e-24
   4.2783940e+01   8.4922842e-24
   4.2882600e+01   8.4483619e-24
   4.2981488e+01   8.4046885e-24
   4.3080603e+01   8.3612632e-24
   4.3179947e+01   8.3180851e-24
   4.3279521e+01   8.2751534e-24
   4.3379324e+01   8.2324671e-24
   4.3479357e+01   8.1900255e-24
   4.3579620e+01   8.1478276e-24
   4.3680115e+01   8.1058725e-24
   4.3780842e+01   8.0641596e-24
   4.3881801e+01   8.0226878e-24
   4.3982993e+01   7.9814564e-24
   4.4084418e+01   7.9404645e-24
   4.4186077e+01   7.8997113e-24
   4.4287970e+01   7.8591960e-24
   4.4390099e+01   7.8189177e-24
   4.4492463e+01   7.7788757e-24
   4.4595062e+01   7.7390691e-24
   4.4697899e+01   7.6994972e-24
   4.4800973e+01   7.6601591e-24
   4.4904284e+01   7.6210540e-24
   4.5007834e+01   7.5821812e-24
   4.5111622e+01   7.5435399e-24
   4.5215650e+01   7.5051292e-24
   4.5319918e+01   7.4669485e-24
   4.5424426e+01   7.4289968e-24
   4.5529175e+01   7.3912736e-24
   4.5634165e+01   7.3537779e-24
   4.5739398e+01   7.3165092e-24
   4.5844873e+01   7.2794665e-24
   4.5950592e+01   7.2426491e-24
   4.6056554e+01   7.2060564e-24
   4.6162761e+01   7.1696875e-24
   4.6269213e+01   7.1335418e-24
   4.6375910e+01   7.0976184e-24
   4.6482853e+01   7.0619168e-24
   4.6590043e+01   7.0264360e-24
   4.6697480e+01   6.9911755e-24
   4.6805165e+01   6.9561345e-24
   4.6913098e+01   6.9213123e-24
   4.7021280e+01   6.8867081e-24
   4.7129711e+01   6.8523214e-24
   4.7238393e+01   6.8181513e-24
   4.7347325e+01   6.7841973e-24
   4.7456508e+01   6.7504585e-24
   4.7565943e+01   6.7169343e-24
   4.7675631e+01   6.6836240e-24
   4.7785571e+01   6.6505270e-24
   4.7895765e+01   6.6176425e-24
   4.8006213e+01   6.5849700e-24
   4.8116916e+01   6.5525086e-24
   4.8227874e+01   6.5202577e-24
   4.8339087e+01   6.4882168e-24
   4.8450558e+01   6.4563850e-24
   4.8562285e+01   6.4247618e-24
   4.8674270e+01   6.3933466e-24
   4.8786513e+01   6.3621385e-24
   4.8899015e+01   6.3311371e-24
   4.9011777e+01   6.3003416e-24
   4.9124798e+01   6.2697514e-24
   4.9238081e+01   6.2393659e-24
   4.9351624e+01   6.2091844e-24
   4.9465429e+01   6.1792063e-24
   4.9579497e+01   6.1494310e-24
   4.9693828e+01   6.1198578e-24
   4.9808422e+01   6.0904861e-24
   4.9923280e+01   6.0613153e-24
   5.0038404e+01   6.0323447e-24
   5.0153793e+01   6.0035738e-24
   5.0269448e+01   5.9750019e-24
   5.0385370e+01   5.9466285e-24
   5.0501559e+01   5.9184528e-24
   5.0618016e+01   5.8904743e-24
   5.0734741e+01   5.8626923e-24
   5.0851736e+01   5.8351064e-24
   5.0969000e+01   5.8077157e-24
   5.1086535e+01   5.7805199e-24
   5.1204341e+01   5.7535182e-24
   5.1322419e+01   5.7267101e-24
   5.1440769e+01   5.7000949e-24
   5.1559392e+01   5.6736721e-24
   5.1678288e+01   5.6474410e-24
   5.1797458e+01   5.6214011e-24
   5.1916904e+01   5.5955518e-24
   5.2036625e+01   5.5698925e-24
   5.2156621e+01   5.5444226e-24
   5.2276895e+01   5.5191415e-24
   5.2397446e+01   5.4940487e-24
   5.2518275e+01   5.4691435e-24
   5.2639382e+01   5.4444253e-24
   5.2760769e+01   5.4198936e-24
   5.2882436e+01   5.3955478e-24
   5.3004383e+01   5.3713873e-24
   5.3126612e+01   5.3474115e-24
   5.3249122e+01   5.3236199e-24
   5.3371915e+01   5.3000119e-24
   5.3494991e+01   5.2765868e-24
   5.3618351e+01   5.2533441e-24
   5.3741995e+01   5.2302832e-24
   5.3865925e+01   5.2074036e-24
   5.3990140e+01   5.1847047e-24
   5.4114642e+01   5.1621858e-24
   5.4239430e+01   5.1398464e-24
   5.4364507e+01   5.1176860e-24
   5.4489872e+01   5.0957039e-24
   5.4615526e+01   5.0738996e-24
   5.4741470e+01   5.0522725e-24
   5.4867704e+01   5.0308220e-24
   5.4994229e+01   5.0095475e-24
   5.5121046e+01   4.9884484e-24
   5.5248156e+01   4.9675243e-24
   5.5375559e+01   4.9467744e-24
   5.5503255e+01   4.9261982e-24
   5.5631246e+01   4.9057951e-24
   5.5759532e+01   4.8855646e-24
   5.5888114e+01   4.8655060e-24
   5.6016992e+01   4.8456187e-24
   5.6146168e+01   4.8259023e-24
   5.6275642e+01   4.8063560e-24
   5.6405414e+01   4.7869793e-24
   5.6535485e+01   4.7677717e-24
   5.6665856e+01   4.7487324e-24
   5.6796528e+01   4.7298610e-24
   5.6927501e+01   4.7111567e-24
   5.7058777e+01   4.6926191e-24
   5.7190355e+01   4.6742476e-24
   5.7322236e+01   4.6560414e-24
   5.7454421e+01   4.6380001e-24
   5.7586912e+01   4.6201230e-24
   5.7719708e+01   4.6024096e-24
   5.7852810e+01   4.5848591e-24
   5.7986219e+01   4.5674710e-24
   5.8119935e+01   4.5502448e-24
   5.8253960e+01   4.5331797e-24
   5.8388294e+01   4.5162751e-24
   5.8522938e+01   4.4995305e-24
   5.8657893e+01   4.4829453e-24
   5.8793158e+01   4.4665187e-24
   5.8928736e+01   4.4502502e-24
   5.9064626e+01   4.4341391e-24
   5.9200829e+01   4.4181849e-24
   5.9337347e+01   4.4023868e-24
   5.9474179e+01   4.3867443e-24
   5.9611327e+01   4.3712567e-24
   5.9748791e+01   4.3559234e-24
   5.9886572e+01   4.3407437e-24
   6.0024671e+01   4.3257170e-24
   6.0163089e+01   4.3108427e-24
   6.0301825e+01   4.2961200e-24
   6.0440882e+01   4.2815484e-24
   6.0580259e+01   4.2671271e-24
   6.0719957e+01   4.2528556e-24
   6.0859978e+01   4.2387331e-24
   6.1000322e+01   4.2247590e-24
   6.1140989e+01   4.2109326e-24
   6.1281980e+01   4.1972533e-24
   6.1423297e+01   4.1837204e-24
   6.1564940e+01   4.1703331e-24
   6.1706909e+01   4.1570909e-24
   6.1849206e+01   4.1439930e-24
   6.1991830e+01   4.1310388e-24
   6.2134784e+01   4.1182276e-24
   6.2278067e+01   4.1055586e-24
   6.2421681e+01   4.0930312e-24
   6.2565626e+01   4.0806446e-24
   6.2709903e+01   4.0683983e-24
   6.2854512e+01   4.0562914e-24
   6.2999455e+01   4.0443233e-24
   6.3144732e+01   4.0324932e-24
   6.3290345e+01   4.0208005e-24
   6.3436293e+01   4.0092444e-24
   6.3582577e+01   3.9978243e-24
   6.3729199e+01   3.9865393e-24
   6.3876159e+01   3.9753887e-24
   6.4023458e+01   3.9643719e-24
   6.4171097e+01   3.9534881e-24
   6.4319076e+01   3.9427366e-24
   6.4467396e+01   3.9321166e-24
   6.4616058e+01   3.9216274e-24
   6.4765063e+01   3.9112682e-24
   6.4914412e+01   3.9010384e-24
   6.5064105e+01   3.8909371e-24
   6.5214144e+01   3.8809636e-24
   6.5364528e+01   3.8711171e-24
   6.5515259e+01   3.8613969e-24
   6.5666338e+01   3.8518023e-24
   6.5817765e+01   3.8423325e-24
   6.5969541e+01   3.8329866e-24
   6.6121667e+01   3.8237640e-24
   6.6274144e+01   3.8146639e-24
   6.6426973e+01   3.8056855e-24
   6.6580154e+01   3.7968280e-24
   6.6733688e+01   3.7880907e-24
   6.6887577e+01   3.7794728e-24
   6.7041820e+01   3.7709735e-24
   6.7196419e+01   3.7625920e-24
   6.7351374e+01   3.7543275e-24
   6.7506687e+01   3.7461793e-24
   6.7662358e+01   3.7381465e-24
   6.7818388e+01   3.7302284e-24
   6.7974778e+01   3.7224242e-24
   6.8131528e+01   3.7147331e-24
   6.8288640e+01   3.7071543e-24
   6.8446114e+01   3.6996871e-24
   6.8603951e+01   3.6923305e-24
   6.8762153e+01   3.6850838e-24
   6.8920719e+01   3.6779463e-24
   6.9079650e+01   3.6709170e-24
   6.9238949e+01   3.6639953e-24
   6.9398614e+01   3.6571803e-24
   6.9558648e+01   3.6504712e-24
   6.9719051e+01   3.6438672e-24
   6.9879823e+01   3.6373675e-24
   7.0040967e+01   3.6309713e-24
   7.0202482e+01   3.6246778e-24
   7.0364369e+01   3.6184862e-24
   7.0526630e+01   3.6123957e-24
   7.0689265e+01   3.6064054e-24
   7.0852275e+01   3.6005146e-24
   7.1015661e+01   3.5947225e-24
   7.1179423e+01   3.5890282e-24
   7.1343564e+01   3.5834310e-24
   7.1508083e+01   3.5779300e-24
   7.1672981e+01   3.5725244e-24
   7.1838259e+01   3.5672135e-24
   7.2003919e+01   3.5619964e-24
   7.2169960e+01   3.5568723e-24
   7.2336385e+01   3.5518405e-24
   7.2503193e+01   3.5469000e-24
   7.2670386e+01   3.5420502e-24
   7.2837964e+01   3.5372902e-24
   7.3005929e+01   3.5326192e-24
   7.3174282e+01   3.5280364e-24
   7.3343022e+01   3.5235410e-24
   7.3512152e+01   3.5191322e-24
   7.3681671e+01   3.5148092e-24
   7.3851582e+01   3.5105713e-24
   7.4021884e+01   3.5064176e-24
   7.4192579e+01   3.5023474e-24
   7.4363668e+01   3.4983598e-24
   7.4535151e+01   3.4944540e-24
   7.4707029e+01   3.4906294e-24
   7.4879304e+01   3.4868850e-24
   7.5051977e+01   3.4832202e-24
   7.5225047e+01   3.4796341e-24
   7.5398517e+01   3.4761260e-24
   7.5572386e+01   3.4726950e-24
   7.5746657e+01   3.4693405e-24
   7.5921329e+01   3.4660616e-24
   7.6096404e+01   3.4628576e-24
   7.6271883e+01   3.4597277e-24
   7.6447767e+01   3.4566712e-24
   7.6624056e+01   3.4536873e-24
   7.6800751e+01   3.4507752e-24
   7.6977855e+01   3.4479341e-24
   7.7155366e+01   3.4451635e-24
   7.7333287e+01   3.4424624e-24
   7.7511618e+01   3.4398301e-24
   7.7690361e+01   3.4372660e-24
   7.7869515e+01   3.4347692e-24
   7.8049083e+01   3.4323391e-24
   7.8229065e+01   3.4299748e-24
   7.8409461e+01   3.4276757e-24
   7.8590274e+01   3.4254411e-24
   7.8771504e+01   3.4232702e-24
   7.8953152e+01   3.4211623e-24
   7.9135218e+01   3.4191167e-24
   7.9317705e+01   3.4171328e-24
   7.9500612e+01   3.4152096e-24
   7.9683941e+01   3.4133467e-24
   7.9867693e+01   3.4115433e-24
   8.0051868e+01   3.4097987e-24
   8.0236468e+01   3.4081121e-24
   8.0421494e+01   3.4064830e-24
   8.0606947e+01   3.4049106e-24
   8.0792827e+01   3.4033943e-24
   8.0979136e+01   3.4019333e-24
   8.1165874e+01   3.4005271e-24
   8.1353044e+01   3.3991749e-24
   8.1540644e+01   3.3978762e-24
   8.1728678e+01   3.3966301e-24
   8.1917145e+01   3.3954361e-24
   8.2106046e+01   3.3942936e-24
   8.2295383e+01   3.3932019e-24
   8.2485157e+01   3.3921603e-24
   8.2675369e+01   3.3911682e-24
   8.2866019e+01   3.3902250e-24
   8.3057108e+01   3.3893301e-24
   8.3248639e+01   3.3884828e-24
   8.3440611e+01   3.3876826e-24
   8.3633025e+01   3.3869287e-24
   8.3825884e+01   3.3862207e-24
   8.4019187e+01   3.3855579e-24
   8.4212936e+01   3.3849397e-24
   8.4407131e+01   3.3843655e-24
   8.4601775e+01   3.3838347e-24
   8.4796867e+01   3.3833467e-24
   8.4992409e+01   3.3829011e-24
   8.5188403e+01   3.3824971e-24
   8.5384848e+01   3.3821342e-24
   8.5581746e+01   3.3818119e-24
   8.5779098e+01   3.3815296e-24
   8.5976905e+01   3.3812867e-24
   8.6175169e+01   3.3810827e-24
   8.6373889e+01   3.3809170e-24
   8.6573068e+01   3.3807891e-24
   8.6772706e+01   3.3806985e-24
   8.6972805e+01   3.3806447e-24
   8.7173365e+01   3.3806270e-24
   8.7374387e+01   3.3806450e-24
   8.7575873e+01   3.3806982e-24
   8.7777824e+01   3.3807860e-24
   8.7980240e+01   3.3809079e-24
   8.8183123e+01   3.3810635e-24
   8.8386474e+01   3.3812522e-24
   8.8590294e+01   3.3814736e-24
   8.8794584e+01   3.3817271e-24
   8.8999345e+01   3.3820123e-24
   8.9204578e+01   3.3823287e-24
   8.9410285e+01   3.3826758e-24
   8.9616465e+01   3.3830531e-24
   8.9823122e+01   3.3834602e-24
   9.0030254e+01   3.3838966e-24
   9.0237865e+01   3.3843619e-24
   9.0445954e+01   3.3848556e-24
   9.0654523e+01   3.3853772e-24
   9.0863573e+01   3.3859264e-24
   9.1073105e+01   3.3865026e-24
   9.1283120e+01   3.3871054e-24
   9.1493620e+01   3.3877345e-24
   9.1704605e+01   3.3883893e-24
   9.1916077e+01   3.3890695e-24
   9.2128036e+01   3.3897747e-24
   9.2340484e+01   3.3905043e-24
   9.2553422e+01   3.3912581e-24
   9.2766850e+01   3.3920357e-24
   9.2980771e+01   3.3928365e-24
   9.3195186e+01   3.3936603e-24
   9.3410095e+01   3.3945066e-24
   9.3625499e+01   3.3953750e-24
   9.3841400e+01   3.3962653e-24
   9.4057799e+01   3.3971769e-24
   9.4274697e+01   3.3981095e-24
   9.4492095e+01   3.3990628e-24
   9.4709995e+01   3.4000364e-24
   9.4928397e+01   3.4010299e-24
   9.5147302e+01   3.4020429e-24
   9.5366713e+01   3.4030752e-24
   9.5586629e+01   3.4041263e-24
   9.5807053e+01   3.4051960e-24
   9.6027984e+01   3.4062838e-24
   9.6249426e+01   3.4073895e-24
   9.6471378e+01   3.4085126e-24
   9.6693841e+01   3.4096530e-24
   9.6916818e+01   3.4108102e-24
   9.7140309e+01   3.4119840e-24
   9.7364315e+01   3.4131739e-24
   9.7588838e+01   3.4143798e-24
   9.7813879e+01   3.4156013e-24
   9.8039438e+01   3.4168380e-24
   9.8265518e+01   3.4180897e-24
   9.8492119e+01   3.4193562e-24
   9.8719243e+01   3.4206370e-24
   9.8946890e+01   3.4219319e-24
   9.9175062e+01   3.4232406e-24
   9.9403761e+01   3.4245629e-24
   9.9632987e+01   3.4258984e-24
   9.9862741e+01   3.4272468e-24
   1.0009303e+02   3.4286080e-24
   1.0032384e+02   3.4299816e-24
   1.0055519e+02   3.4313674e-24
   1.0078707e+02   3.4327650e-24
   1.0101948e+02   3.4341743e-24
   1.0125244e+02   3.4355950e-24
   1.0148593e+02   3.4370268e-24
   1.0171995e+02   3.4384695e-24
   1.0195452e+02   3.4399228e-24
   1.0218963e+02   3.4413865e-24
   1.0242528e+02   3.4428604e-24
   1.0266147e+02   3.4443442e-24
   1.0289821e+02   3.4458376e-24
   1.0313549e+02   3.4473405e-24
   1.0337332e+02   3.4488526e-24
   1.0361170e+02   3.4503737e-24
   1.0385063e+02   3.4519036e-24
   1.0409011e+02   3.4534420e-24
   1.0433015e+02   3.4549888e-24
   1.0457073e+02   3.4565437e-24
   1.0481187e+02   3.4581065e-24
   1.0505357e+02   3.4596770e-24
   1.0529582e+02   3.4612550e-24
   1.0553864e+02   3.4628403e-24
   1.0578201e+02   3.4644328e-24
   1.0602594e+02   3.4660321e-24
   1.0627044e+02   3.4676381e-24
   1.0651550e+02   3.4692507e-24
   1.0676113e+02   3.4708696e-24
   1.0700732e+02   3.4724947e-24
   1.0725408e+02   3.4741257e-24
   1.0750141e+02   3.4757625e-24
   1.0774931e+02   3.4774050e-24
   1.0799778e+02   3.4790528e-24
   1.0824682e+02   3.4807060e-24
   1.0849644e+02   3.4823642e-24
   1.0874663e+02   3.4840273e-24
   1.0899740e+02   3.4856953e-24
   1.0924875e+02   3.4873678e-24
   1.0950068e+02   3.4890448e-24
   1.0975319e+02   3.4907260e-24
   1.1000628e+02   3.4924114e-24
   1.1025996e+02   3.4941007e-24
   1.1051422e+02   3.4957939e-24
   1.1076906e+02   3.4974908e-24
   1.1102450e+02   3.4991911e-24
   1.1128052e+02   3.5008949e-24
   1.1153714e+02   3.5026019e-24
   1.1179434e+02   3.5043120e-24
   1.1205214e+02   3.5060251e-24
   1.1231053e+02   3.5077410e-24
   1.1256952e+02   3.5094596e-24
   1.1282911e+02   3.5111808e-24
   1.1308929e+02   3.5129044e-24
   1.1335008e+02   3.5146304e-24
   1.1361146e+02   3.5163585e-24
   1.1387345e+02   3.5180887e-24
   1.1413605e+02   3.5198208e-24
   1.1439924e+02   3.5215547e-24
   1.1466305e+02   3.5232904e-24
   1.1492746e+02   3.5250276e-24
   1.1519249e+02   3.5267663e-24
   1.1545812e+02   3.5285064e-24
   1.1572437e+02   3.5302477e-24
   1.1599123e+02   3.5319902e-24
   1.1625871e+02   3.5337337e-24
   1.1652680e+02   3.5354782e-24
   1.1679551e+02   3.5372234e-24
   1.1706484e+02   3.5389694e-24
   1.1733480e+02   3.5407161e-24
   1.1760537e+02   3.5424633e-24
   1.1787657e+02   3.5442109e-24
   1.1814839e+02   3.5459588e-24
   1.1842085e+02   3.5477070e-24
   1.1869392e+02   3.5494554e-24
   1.1896763e+02   3.5512038e-24
   1.1924197e+02   3.5529523e-24
   1.1951695e+02   3.5547006e-24
   1.1979255e+02   3.5564487e-24
   1.2006880e+02   3.5581965e-24
   1.2034568e+02   3.5599440e-24
   1.2062319e+02   3.5616911e-24
   1.2090135e+02   3.5634376e-24
   1.2118015e+02   3.5651836e-24
   1.2145959e+02   3.5669288e-24
   1.2173968e+02   3.5686734e-24
   1.2202041e+02   3.5704171e-24
   1.2230179e+02   3.5721599e-24
   1.2258382e+02   3.5739018e-24
   1.2286650e+02   3.5756426e-24
   1.2314983e+02   3.5773823e-24
   1.2343382e+02   3.5791209e-24
   1.2371846e+02   3.5808583e-24
   1.2400375e+02   3.5825943e-24
   1.2428971e+02   3.5843290e-24
   1.2457632e+02   3.5860623e-24
   1.2486359e+02   3.5877940e-24
   1.2515153e+02   3.5895243e-24
   1.2544013e+02   3.5912529e-24
   1.2572940e+02   3.5929799e-24
   1.2601933e+02   3.5947052e-24
   1.2630993e+02   3.5964287e-24
   1.2660120e+02   3.5981505e-24
   1.2689314e+02   3.5998703e-24
   1.2718576e+02   3.6015882e-24
   1.2747905e+02   3.6033041e-24
   1.2777302e+02   3.6050181e-24
   1.2806767e+02   3.6067299e-24
   1.2836299e+02   3.6084396e-24
   1.2865900e+02   3.6101472e-24
   1.2895569e+02   3.6118526e-24
   1.2925306e+02   3.6135557e-24
   1.2955112e+02   3.6152565e-24
   1.2984986e+02   3.6169550e-24
   1.3014930e+02   3.6186511e-24
   1.3044942e+02   3.6203448e-24
   1.3075024e+02   3.6220360e-24
   1.3105175e+02   3.6237248e-24
   1.3135396e+02   3.6254110e-24
   1.3165686e+02   3.6270946e-24
   1.3196046e+02   3.6287757e-24
   1.3226476e+02   3.6304541e-24
   1.3256977e+02   3.6321298e-24
   1.3287547e+02   3.6338028e-24
   1.3318189e+02   3.6354731e-24
   1.3348901e+02   3.6371406e-24
   1.3379683e+02   3.6388054e-24
   1.3410537e+02   3.6404673e-24
   1.3441462e+02   3.6421263e-24
   1.3472458e+02   3.6437825e-24
   1.3503525e+02   3.6454357e-24
   1.3534665e+02   3.6470860e-24
   1.3565876e+02   3.6487334e-24
   1.3597159e+02   3.6503778e-24
   1.3628514e+02   3.6520191e-24
   1.3659941e+02   3.6536575e-24
   1.3691441e+02   3.6552927e-24
   1.3723014e+02   3.6569249e-24
   1.3754659e+02   3.6585540e-24
   1.3786377e+02   3.6601800e-24
   1.3818169e+02   3.6618028e-24
   1.3850034e+02   3.6634225e-24
   1.3881972e+02   3.6650390e-24
   1.3913984e+02   3.6666524e-24
   1.3946070e+02   3.6682625e-24
   1.3978229e+02   3.6698693e-24
   1.4010463e+02   3.6714730e-24
   1.4042772e+02   3.6730733e-24
   1.4075154e+02   3.6746704e-24
   1.4107612e+02   3.6762643e-24
   1.4140144e+02   3.6778548e-24
   1.4172751e+02   3.6794420e-24
   1.4205434e+02   3.6810259e-24
   1.4238192e+02   3.6826064e-24
   1.4271025e+02   3.6841836e-24
   1.4303934e+02   3.6857575e-24
   1.4336919e+02   3.6873280e-24
   1.4369980e+02   3.6888951e-24
   1.4403117e+02   3.6904588e-24
   1.4436331e+02   3.6920191e-24
   1.4469621e+02   3.6935761e-24
   1.4502988e+02   3.6951296e-24
   1.4536432e+02   3.6966797e-24
   1.4569954e+02   3.6982264e-24
   1.4603552e+02   3.6997697e-24
   1.4637228e+02   3.7013095e-24
   1.4670981e+02   3.7028459e-24
   1.4704813e+02   3.7043789e-24
   1.4738722e+02   3.7059084e-24
   1.4772710e+02   3.7074345e-24
   1.4806776e+02   3.7089571e-24
   1.4840920e+02   3.7104763e-24
   1.4875144e+02   3.7119920e-24
   1.4909446e+02   3.7135043e-24
   1.4943827e+02   3.7150131e-24
   1.4978288e+02   3.7165185e-24
   1.5012828e+02   3.7180204e-24
   1.5047447e+02   3.7195188e-24
   1.5082147e+02   3.7210138e-24
   1.5116927e+02   3.7225054e-24
   1.5151786e+02   3.7239935e-24
   1.5186726e+02   3.7254781e-24
   1.5221747e+02   3.7269593e-24
   1.5256849e+02   3.7284371e-24
   1.5292031e+02   3.7299114e-24
   1.5327295e+02   3.7313823e-24
   1.5362639e+02   3.7328497e-24
   1.5398066e+02   3.7343138e-24
   1.5433574e+02   3.7357744e-24
   1.5469164e+02   3.7372315e-24
   1.5504836e+02   3.7386853e-24
   1.5540590e+02   3.7401356e-24
   1.5576427e+02   3.7415826e-24
   1.5612346e+02   3.7430261e-24
   1.5648348e+02   3.7444663e-24
   1.5684434e+02   3.7459031e-24
   1.5720602e+02   3.7473365e-24
   1.5756854e+02   3.7487665e-24
   1.5793189e+02   3.7501932e-24
   1.5829608e+02   3.7516165e-24
   1.5866112e+02   3.7530365e-24
   1.5902699e+02   3.7544531e-24
   1.5939371e+02   3.7558664e-24
   1.5976127e+02   3.7572764e-24
   1.6012968e+02   3.7586831e-24
   1.6049894e+02   3.7600865e-24
   1.6086905e+02   3.7614866e-24
   1.6124002e+02   3.7628835e-24
   1.6161184e+02   3.7642770e-24
   1.6198452e+02   3.7656674e-24
   1.6235805e+02   3.7670544e-24
   1.6273245e+02   3.7684383e-24
   1.6310772e+02   3.7698189e-24
   1.6348384e+02   3.7711963e-24
   1.6386084e+02   3.7725705e-24
   1.6423870e+02   3.7739416e-24
   1.6461744e+02   3.7753095e-24
   1.6499705e+02   3.7766742e-24
   1.6537753e+02   3.7780357e-24
   1.6575889e+02   3.7793942e-24
   1.6614114e+02   3.7807495e-24
   1.6652426e+02   3.7821017e-24
   1.6690826e+02   3.7834509e-24
   1.6729316e+02   3.7847969e-24
   1.6767894e+02   3.7861399e-24
   1.6806560e+02   3.7874799e-24
   1.6845316e+02   3.7888168e-24
   1.6884162e+02   3.7901508e-24
   1.6923097e+02   3.7914817e-24
   1.6962122e+02   3.7928096e-24
   1.7001236e+02   3.7941346e-24
   1.7040441e+02   3.7954566e-24
   1.7079737e+02   3.7967757e-24
   1.7119123e+02   3.7980919e-24
   1.7158600e+02   3.7994052e-24
   1.7198168e+02   3.8007155e-24
   1.7237827e+02   3.8020231e-24
   1.7277577e+02   3.8033277e-24
   1.7317419e+02   3.8046296e-24
   1.7357354e+02   3.8059286e-24
   1.7397380e+02   3.8072248e-24
   1.7437498e+02   3.8085182e-24
   1.7477709e+02   3.8098089e-24
   1.7518013e+02   3.8110969e-24
   1.7558410e+02   3.8123821e-24
   1.7598899e+02   3.8136646e-24
   1.7639483e+02   3.8149444e-24
   1.7680159e+02   3.8162215e-24
   1.7720930e+02   3.8174960e-24
   1.7761795e+02   3.8187679e-24
   1.7802753e+02   3.8200372e-24
   1.7843807e+02   3.8213038e-24
   1.7884955e+02   3.8225679e-24
   1.7926198e+02   3.8238294e-24
   1.7967535e+02   3.8250884e-24
   1.8008969e+02   3.8263449e-24
   1.8050498e+02   3.8275989e-24
   1.8092122e+02   3.8288504e-24
   1.8133843e+02   3.8300995e-24
   1.8175659e+02   3.8313461e-24
   1.8217573e+02   3.8325904e-24
   1.8259583e+02   3.8338322e-24
   1.8301689e+02   3.8350717e-24
   1.8343893e+02   3.8363088e-24
   1.8386194e+02   3.8375435e-24
   1.8428593e+02   3.8387760e-24
   1.8471089e+02   3.8400062e-24
   1.8513684e+02   3.8412341e-24
   1.8556377e+02   3.8424598e-24
   1.8599168e+02   3.8436833e-24
   1.8642058e+02   3.8449045e-24
   1.8685046e+02   3.8461236e-24
   1.8728134e+02   3.8473406e-24
   1.8771321e+02   3.8485554e-24
   1.8814608e+02   3.8497680e-24
   1.8857995e+02   3.8509786e-24
   1.8901482e+02   3.8521872e-24
   1.8945068e+02   3.8533937e-24
   1.8988756e+02   3.8545981e-24
   1.9032544e+02   3.8558006e-24
   1.9076433e+02   3.8570011e-24
   1.9120424e+02   3.8581996e-24
   1.9164516e+02   3.8593962e-24
   1.9208709e+02   3.8605909e-24
   1.9253005e+02   3.8617837e-24
   1.9297402e+02   3.8629747e-24
   1.9341902e+02   3.8641638e-24
   1.9386505e+02   3.8653511e-24
   1.9431210e+02   3.8665367e-24
   1.9476019e+02   3.8677204e-24
   1.9520930e+02   3.8689024e-24
   1.9565946e+02   3.8700827e-24
   1.9611065e+02   3.8712613e-24
   1.9656288e+02   3.8724382e-24
   1.9701616e+02   3.8736135e-24
   1.9747048e+02   3.8747872e-24
   1.9792585e+02   3.8759592e-24
   1.9838227e+02   3.8771297e-24
   1.9883974e+02   3.8782986e-24
   1.9929826e+02   3.8794660e-24
   1.9975785e+02   3.8806319e-24
   2.0021849e+02   3.8817964e-24
   2.0068020e+02   3.8829594e-24
   2.0114297e+02   3.8841209e-24
   2.0160680e+02   3.8852810e-24
   2.0207171e+02   3.8864398e-24
   2.0253769e+02   3.8875972e-24
   2.0300474e+02   3.8887533e-24
   2.0347287e+02   3.8899081e-24
   2.0394208e+02   3.8910616e-24
   2.0441237e+02   3.8922139e-24
   2.0488375e+02   3.8933649e-24
   2.0535621e+02   3.8945147e-24
   2.0582977e+02   3.8956634e-24
   2.0630441e+02   3.8968109e-24
   2.0678015e+02   3.8979572e-24
   2.0725699e+02   3.8991025e-24
   2.0773492e+02   3.9002467e-24
   2.0821396e+02   3.9013898e-24
   2.0869411e+02   3.9025320e-24
   2.0917536e+02   3.9036731e-24
   2.0965772e+02   3.9048132e-24
   2.1014119e+02   3.9059524e-24
   2.1062578e+02   3.9070907e-24
   2.1111148e+02   3.9082281e-24
   2.1159831e+02   3.9093646e-24
   2.1208625e+02   3.9105003e-24
   2.1257533e+02   3.9116352e-24
   2.1306553e+02   3.9127693e-24
   2.1355686e+02   3.9139026e-24
   2.1404932e+02   3.9150351e-24
   2.1454292e+02   3.9161670e-24
   2.1503766e+02   3.9172982e-24
   2.1553354e+02   3.9184287e-24
   2.1603056e+02   3.9195586e-24
   2.1652873e+02   3.9206879e-24
   2.1702804e+02   3.9218166e-24
   2.1752851e+02   3.9229447e-24
   2.1803013e+02   3.9240723e-24
   2.1853291e+02   3.9251995e-24
   2.1903685e+02   3.9263261e-24
   2.1954195e+02   3.9274523e-24
   2.2004822e+02   3.9285781e-24
   2.2055565e+02   3.9297035e-24
   2.2106425e+02   3.9308285e-24
   2.2157403e+02   3.9319532e-24
   2.2208498e+02   3.9330776e-24
   2.2259711e+02   3.9342017e-24
   2.2311042e+02   3.9353255e-24
   2.2362491e+02   3.9364492e-24
   2.2414060e+02   3.9375726e-24
   2.2465747e+02   3.9386958e-24
   2.2517553e+02   3.9398189e-24
   2.2569478e+02   3.9409419e-24
   2.2621524e+02   3.9420647e-24
   2.2673689e+02   3.9431875e-24
   2.2725975e+02   3.9443103e-24
   2.2778381e+02   3.9454331e-24
   2.2830908e+02   3.9465558e-24
   2.2883556e+02   3.9476787e-24
   2.2936326e+02   3.9488016e-24
   2.2989217e+02   3.9499245e-24
   2.3042231e+02   3.9510477e-24
   2.3095366e+02   3.9521709e-24
   2.3148624e+02   3.9532944e-24
   2.3202005e+02   3.9544180e-24
   2.3255509e+02   3.9555419e-24
   2.3309137e+02   3.9566661e-24
   2.3362888e+02   3.9577906e-24
   2.3416763e+02   3.9589154e-24
   2.3470762e+02   3.9600405e-24
   2.3524886e+02   3.9611660e-24
   2.3579134e+02   3.9622919e-24
   2.3633508e+02   3.9634183e-24
   2.3688007e+02   3.9645451e-24
   2.3742632e+02   3.9656724e-24
   2.3797382e+02   3.9668002e-24
   2.3852259e+02   3.9679285e-24
   2.3907263e+02   3.9690575e-24
   2.3962393e+02   3.9701870e-24
   2.4017651e+02   3.9713172e-24
   2.4073036e+02   3.9724480e-24
   2.4128548e+02   3.9735795e-24
   2.4184189e+02   3.9747118e-24
   2.4239958e+02   3.9758447e-24
   2.4295855e+02   3.9769785e-24
   2.4351882e+02   3.9781130e-24
   2.4408037e+02   3.9792484e-24
   2.4464322e+02   3.9803847e-24
   2.4520737e+02   3.9815218e-24
   2.4577282e+02   3.9826598e-24
   2.4633958e+02   3.9837988e-24
   2.4690764e+02   3.9849388e-24
   2.4747701e+02   3.9860797e-24
   2.4804769e+02   3.9872217e-24
   2.4861969e+02   3.9883648e-24
   2.4919301e+02   3.9895089e-24
   2.4976765e+02   3.9906542e-24
   2.5034362e+02   3.9918006e-24
   2.5092091e+02   3.9929481e-24
   2.5149954e+02   3.9940969e-24
   2.5207950e+02   3.9952469e-24
   2.5266080e+02   3.9963982e-24
   2.5324343e+02   3.9975508e-24
   2.5382742e+02   3.9987046e-24
   2.5441274e+02   3.9998599e-24
   2.5499942e+02   4.0010165e-24
   2.5558745e+02   4.0021745e-24
   2.5617684e+02   4.0033339e-24
   2.5676758e+02   4.0044949e-24
   2.5735969e+02   4.0056573e-24
   2.5795317e+02   4.0068212e-24
   2.5854801e+02   4.0079867e-24
   2.5914422e+02   4.0091538e-24
   2.5974181e+02   4.0103225e-24
   2.6034078e+02   4.0114928e-24
   2.6094112e+02   4.0126648e-24
   2.6154286e+02   4.0138385e-24
   2.6214598e+02   4.0150140e-24
   2.6275049e+02   4.0161912e-24
   2.6335639e+02   4.0173701e-24
   2.6396369e+02   4.0185509e-24
   2.6457240e+02   4.0197336e-24
   2.6518250e+02   4.0209181e-24
   2.6579401e+02   4.0221046e-24
   2.6640694e+02   4.0232930e-24
   2.6702127e+02   4.0244833e-24
   2.6763703e+02   4.0256757e-24
   2.6825420e+02   4.0268700e-24
   2.6887280e+02   4.0280665e-24
   2.6949282e+02   4.0292650e-24
   2.7011427e+02   4.0304656e-24
   2.7073716e+02   4.0316684e-24
   2.7136148e+02   4.0328734e-24
   2.7198724e+02   4.0340806e-24
   2.7261444e+02   4.0352900e-24
   2.7324310e+02   4.0365017e-24
   2.7387320e+02   4.0377156e-24
   2.7450475e+02   4.0389320e-24
   2.7513776e+02   4.0401506e-24
   2.7577223e+02   4.0413717e-24
   2.7640816e+02   4.0425952e-24
   2.7704556e+02   4.0438211e-24
   2.7768443e+02   4.0450495e-24
   2.7832477e+02   4.0462804e-24
   2.7896659e+02   4.0475139e-24
   2.7960989e+02   4.0487499e-24
   2.8025467e+02   4.0499886e-24
   2.8090094e+02   4.0512299e-24
   2.8154870e+02   4.0524738e-24
   2.8219796e+02   4.0537204e-24
   2.8284871e+02   4.0549698e-24
   2.8350096e+02   4.0562219e-24
   2.8415471e+02   4.0574768e-24
   2.8480998e+02   4.0587345e-24
   2.8546675e+02   4.0599951e-24
   2.8612504e+02   4.0612586e-24
   2.8678485e+02   4.0625249e-24
   2.8744617e+02   4.0637942e-24
   2.8810903e+02   4.0650665e-24
   2.8877341e+02   4.0663418e-24
   2.8943932e+02   4.0676201e-24
   2.9010677e+02   4.0689015e-24
   2.9077576e+02   4.0701859e-24
   2.9144629e+02   4.0714735e-24
   2.9211837e+02   4.0727643e-24
   2.9279200e+02   4.0740583e-24
   2.9346718e+02   4.0753555e-24
   2.9414391e+02   4.0766559e-24
   2.9482221e+02   4.0779596e-24
   2.9550207e+02   4.0792666e-24
   2.9618350e+02   4.0805770e-24
   2.9686651e+02   4.0818908e-24
   2.9755108e+02   4.0832080e-24
   2.9823724e+02   4.0845286e-24
   2.9892498e+02   4.0858527e-24
   2.9961430e+02   4.0871803e-24
   3.0030521e+02   4.0885114e-24
   3.0099772e+02   4.0898461e-24
   3.0169182e+02   4.0911844e-24
   3.0238752e+02   4.0925263e-24
   3.0308483e+02   4.0938719e-24
   3.0378375e+02   4.0952213e-24
   3.0448428e+02   4.0965743e-24
   3.0518642e+02   4.0979311e-24
   3.0589018e+02   4.0992917e-24
   3.0659557e+02   4.1006561e-24
   3.0730258e+02   4.1020243e-24
   3.0801122e+02   4.1033965e-24
   3.0872150e+02   4.1047726e-24
   3.0943341e+02   4.1061526e-24
   3.1014697e+02   4.1075366e-24
   3.1086217e+02   4.1089247e-24
   3.1157902e+02   4.1103168e-24
   3.1229752e+02   4.1117129e-24
   3.1301768e+02   4.1131132e-24
   3.1373950e+02   4.1145177e-24
   3.1446299e+02   4.1159263e-24
   3.1518814e+02   4.1173391e-24
   3.1591497e+02   4.1187562e-24
   3.1664347e+02   4.1201776e-24
   3.1737365e+02   4.1216033e-24
   3.1810552e+02   4.1230333e-24
   3.1883907e+02   4.1244677e-24
   3.1957432e+02   4.1259065e-24
   3.2031126e+02   4.1273497e-24
   3.2104990e+02   4.1287975e-24
   3.2179024e+02   4.1302497e-24
   3.2253229e+02   4.1317065e-24
   3.2327606e+02   4.1331679e-24
   3.2402153e+02   4.1346338e-24
   3.2476873e+02   4.1361045e-24
   3.2551765e+02   4.1375798e-24
   3.2626829e+02   4.1390598e-24
   3.2702067e+02   4.1405445e-24
   3.2777478e+02   4.1420340e-24
   3.2853063e+02   4.1435284e-24
   3.2928823e+02   4.1450275e-24
   3.3004757e+02   4.1465316e-24
   3.3080866e+02   4.1480405e-24
   3.3157151e+02   4.1495545e-24
   3.3233612e+02   4.1510733e-24
   3.3310249e+02   4.1525972e-24
   3.3387062e+02   4.1541262e-24
   3.3464053e+02   4.1556602e-24
   3.3541221e+02   4.1571994e-24
   3.3618568e+02   4.1587436e-24
   3.3696092e+02   4.1602931e-24
   3.3773796e+02   4.1618478e-24
   3.3851679e+02   4.1634077e-24
   3.3929741e+02   4.1649730e-24
   3.4007983e+02   4.1665435e-24
   3.4086406e+02   4.1681194e-24
   3.4165009e+02   4.1697007e-24
   3.4243794e+02   4.1712874e-24
   3.4322760e+02   4.1728796e-24
   3.4401909e+02   4.1744772e-24
   3.4481240e+02   4.1760804e-24
   3.4560754e+02   4.1776891e-24
   3.4640451e+02   4.1793035e-24
   3.4720333e+02   4.1809235e-24
   3.4800398e+02   4.1825491e-24
   3.4880648e+02   4.1841804e-24
   3.4961083e+02   4.1858175e-24
   3.5041703e+02   4.1874603e-24
   3.5122510e+02   4.1891090e-24
   3.5203503e+02   4.1907635e-24
   3.5284682e+02   4.1924238e-24
   3.5366049e+02   4.1940901e-24
   3.5447603e+02   4.1957623e-24
   3.5529346e+02   4.1974405e-24
   3.5611277e+02   4.1991248e-24
   3.5693397e+02   4.2008150e-24
   3.5775706e+02   4.2025114e-24
   3.5858205e+02   4.2042139e-24
   3.5940894e+02   4.2059225e-24
   3.6023774e+02   4.2076374e-24
   3.6106845e+02   4.2093585e-24
   3.6190108e+02   4.2110858e-24
   3.6273563e+02   4.2128195e-24
   3.6357210e+02   4.2145594e-24
   3.6441050e+02   4.2163058e-24
   3.6525083e+02   4.2180586e-24
   3.6609310e+02   4.2198178e-24
   3.6693731e+02   4.2215835e-24
   3.6778347e+02   4.2233558e-24
   3.6863159e+02   4.2251345e-24
   3.6948165e+02   4.2269199e-24
   3.7033368e+02   4.2287120e-24
   3.7118767e+02   4.2305106e-24
   3.7204364e+02   4.2323160e-24
   3.7290157e+02   4.2341282e-24
   3.7376148e+02   4.2359471e-24
   3.7462338e+02   4.2377728e-24
   3.7548727e+02   4.2396054e-24
   3.7635314e+02   4.2414448e-24
   3.7722102e+02   4.2432912e-24
   3.7809089e+02   4.2451446e-24
   3.7896277e+02   4.2470050e-24
   3.7983666e+02   4.2488724e-24
   3.8071257e+02   4.2507468e-24
   3.8159049e+02   4.2526284e-24
   3.8247044e+02   4.2545172e-24
   3.8335242e+02   4.2564131e-24
   3.8423644e+02   4.2583163e-24
   3.8512249e+02   4.2602268e-24
   3.8601059e+02   4.2621445e-24
   3.8690073e+02   4.2640696e-24
   3.8779292e+02   4.2660021e-24
   3.8868718e+02   4.2679420e-24
   3.8958349e+02   4.2698893e-24
   3.9048188e+02   4.2718442e-24
   3.9138233e+02   4.2738066e-24
   3.9228486e+02   4.2757765e-24
   3.9318947e+02   4.2777541e-24
   3.9409617e+02   4.2797394e-24
   3.9500496e+02   4.2817323e-24
   3.9591584e+02   4.2837330e-24
   3.9682883e+02   4.2857414e-24
   3.9774392e+02   4.2877577e-24
   3.9866112e+02   4.2897818e-24
   3.9958044e+02   4.2918138e-24
   4.0050187e+02   4.2938538e-24
   4.0142543e+02   4.2959017e-24
   4.0235112e+02   4.2979577e-24
   4.0327895e+02   4.3000217e-24
   4.0420891e+02   4.3020938e-24
   4.0514102e+02   4.3041741e-24
   4.0607528e+02   4.3062625e-24
   4.0701169e+02   4.3083592e-24
   4.0795026e+02   4.3104641e-24
   4.0889100e+02   4.3125774e-24
   4.0983390e+02   4.3146990e-24
   4.1077898e+02   4.3168290e-24
   4.1172624e+02   4.3189675e-24
   4.1267569e+02   4.3211145e-24
   4.1362732e+02   4.3232700e-24
   4.1458115e+02   4.3254340e-24
   4.1553718e+02   4.3276067e-24
   4.1649541e+02   4.3297881e-24
   4.1745585e+02   4.3319782e-24
   4.1841851e+02   4.3341771e-24
   4.1938338e+02   4.3363848e-24
   4.2035048e+02   4.3386013e-24
   4.2131982e+02   4.3408268e-24
   4.2229138e+02   4.3430613e-24
   4.2326519e+02   4.3453048e-24
   4.2424124e+02   4.3475573e-24
   4.2521955e+02   4.3498190e-24
   4.2620010e+02   4.3520899e-24
   4.2718293e+02   4.3543700e-24
   4.2816801e+02   4.3566595e-24
   4.2915537e+02   4.3589583e-24
   4.3014501e+02   4.3612666e-24
   4.3113692e+02   4.3635844e-24
   4.3213113e+02   4.3659117e-24
   4.3312763e+02   4.3682487e-24
   4.3412642e+02   4.3705955e-24
   4.3512752e+02   4.3729520e-24
   4.3613093e+02   4.3753185e-24
   4.3713665e+02   4.3776949e-24
   4.3814469e+02   4.3800815e-24
   4.3915506e+02   4.3824782e-24
   4.4016775e+02   4.3848853e-24
   4.4118278e+02   4.3873029e-24
   4.4220015e+02   4.3897310e-24
   4.4321987e+02   4.3921698e-24
   4.4424194e+02   4.3946196e-24
   4.4526636e+02   4.3970804e-24
   4.4629315e+02   4.3995526e-24
   4.4732231e+02   4.4020363e-24
   4.4835383e+02   4.4045318e-24
   4.4938774e+02   4.4070395e-24
   4.5042403e+02   4.4095596e-24
   4.5146271e+02   4.4120926e-24
   4.5250379e+02   4.4146390e-24
   4.5354727e+02   4.4171994e-24
   4.5459315e+02   4.4197745e-24
   4.5564145e+02   4.4223651e-24
   4.5669216e+02   4.4249722e-24
   4.5774529e+02   4.4275970e-24
   4.5880086e+02   4.4302412e-24
   4.5985886e+02   4.4329067e-24
   4.6091930e+02   4.4355960e-24
   4.6198218e+02   4.4383124e-24
   4.6304751e+02   4.4410601e-24
   4.6411530e+02   4.4438448e-24
   4.6518556e+02   4.4466743e-24
   4.6625828e+02   4.4495596e-24
   4.6733347e+02   4.4525160e-24
   4.6841115e+02   4.4555664e-24
   4.6949131e+02   4.4587455e-24
   4.7057396e+02   4.4621081e-24
   4.7165911e+02   4.4657454e-24
   4.7274676e+02   4.4698176e-24
   4.7383691e+02   4.4746291e-24
   4.7492958e+02   4.4808168e-24
   4.7602478e+02   4.4899081e-24
   4.7712249e+02   4.5063739e-24
   4.7822274e+02   4.5484393e-24
   4.7932553e+02   4.7651942e-24
   4.8043085e+02   4.0719655e-23
   4.8153873e+02   4.7257480e-24
   4.8264916e+02   4.5514199e-24
   4.8376216e+02   4.5195270e-24
   4.8487772e+02   4.5100432e-24
   4.8599585e+02   4.5071661e-24
   4.8711656e+02   4.5069149e-24
   4.8823985e+02   4.5079131e-24
   4.8936574e+02   4.5095828e-24
   4.9049422e+02   4.5116476e-24
   4.9162530e+02   4.5139617e-24
   4.9275899e+02   4.5164424e-24
   4.9389530e+02   4.5190402e-24
   4.9503423e+02   4.5217236e-24
   4.9617578e+02   4.5244722e-24
   4.9731996e+02   4.5272722e-24
   4.9846679e+02   4.5301139e-24
   4.9961626e+02   4.5329904e-24
   5.0076837e+02   4.5358969e-24
   5.0192315e+02   4.5388296e-24
   5.0308059e+02   4.5417856e-24
   5.0424070e+02   4.5447630e-24
   5.0540348e+02   4.5477601e-24
   5.0656894e+02   4.5507756e-24
   5.0773710e+02   4.5538086e-24
   5.0890794e+02   4.5568581e-24
   5.1008149e+02   4.5599237e-24
   5.1125774e+02   4.5630047e-24
   5.1243670e+02   4.5661009e-24
   5.1361839e+02   4.5692118e-24
   5.1480279e+02   4.5723372e-24
   5.1598993e+02   4.5754768e-24
   5.1717981e+02   4.5786306e-24
   5.1837243e+02   4.5817983e-24
   5.1956780e+02   4.5849798e-24
   5.2076593e+02   4.5881751e-24
   5.2196682e+02   4.5913840e-24
   5.2317048e+02   4.5946066e-24
   5.2437691e+02   4.5978428e-24
   5.2558613e+02   4.6010925e-24
   5.2679814e+02   4.6043557e-24
   5.2801294e+02   4.6076324e-24
   5.2923054e+02   4.6109227e-24
   5.3045095e+02   4.6142264e-24
   5.3167417e+02   4.6175437e-24
   5.3290022e+02   4.6208745e-24
   5.3412909e+02   4.6242188e-24
   5.3536079e+02   4.6275767e-24
   5.3659534e+02   4.6309482e-24
   5.3783273e+02   4.6343333e-24
   5.3907298e+02   4.6377320e-24
   5.4031609e+02   4.6411444e-24
   5.4156206e+02   4.6445705e-24
   5.4281090e+02   4.6480103e-24
   5.4406263e+02   4.6514638e-24
   5.4531724e+02   4.6549312e-24
   5.4657475e+02   4.6584123e-24
   5.4783515e+02   4.6619074e-24
   5.4909847e+02   4.6654163e-24
   5.5036469e+02   4.6689392e-24
   5.5163384e+02   4.6724761e-24
   5.5290591e+02   4.6760271e-24
   5.5418091e+02   4.6795920e-24
   5.5545886e+02   4.6831711e-24
   5.5673975e+02   4.6867644e-24
   5.5802360e+02   4.6903719e-24
   5.5931040e+02   4.6939936e-24
   5.6060018e+02   4.6976295e-24
   5.6189293e+02   4.7012799e-24
   5.6318866e+02   4.7049446e-24
   5.6448737e+02   4.7086237e-24
   5.6578909e+02   4.7123173e-24
   5.6709380e+02   4.7160254e-24
   5.6840152e+02   4.7197480e-24
   5.6971226e+02   4.7234853e-24
   5.7102602e+02   4.7272372e-24
   5.7234281e+02   4.7310038e-24
   5.7366264e+02   4.7347852e-24
   5.7498551e+02   4.7385814e-24
   5.7631143e+02   4.7423924e-24
   5.7764041e+02   4.7462183e-24
   5.7897245e+02   4.7500592e-24
   5.8030757e+02   4.7539150e-24
   5.8164576e+02   4.7577859e-24
   5.8298704e+02   4.7616718e-24
   5.8433141e+02   4.7655729e-24
   5.8567889e+02   4.7694892e-24
   5.8702947e+02   4.7734207e-24
   5.8838316e+02   4.7773675e-24
   5.8973998e+02   4.7813296e-24
   5.9109992e+02   4.7853071e-24
   5.9246300e+02   4.7893000e-24
   5.9382923e+02   4.7933084e-24
   5.9519860e+02   4.7973324e-24
   5.9657113e+02   4.8013719e-24
   5.9794683e+02   4.8054270e-24
   5.9932570e+02   4.8094978e-24
   6.0070775e+02   4.8135844e-24
   6.0209299e+02   4.8176867e-24
   6.0348142e+02   4.8218049e-24
   6.0487305e+02   4.8259389e-24
   6.0626789e+02   4.8300889e-24
   6.0766595e+02   4.8342549e-24
   6.0906723e+02   4.8384369e-24
   6.1047175e+02   4.8426349e-24
   6.1187950e+02   4.8468491e-24
   6.1329050e+02   4.8510795e-24
   6.1470475e+02   4.8553262e-24
   6.1612226e+02   4.8595891e-24
   6.1754305e+02   4.8638684e-24
   6.1896711e+02   4.8681640e-24
   6.2039445e+02   4.8724761e-24
   6.2182508e+02   4.8768047e-24
   6.2325902e+02   4.8811498e-24
   6.2469626e+02   4.8855116e-24
   6.2613681e+02   4.8898900e-24
   6.2758069e+02   4.8942850e-24
   6.2902789e+02   4.8986969e-24
   6.3047844e+02   4.9031255e-24
   6.3193232e+02   4.9075710e-24
   6.3338957e+02   4.9120335e-24
   6.3485017e+02   4.9165128e-24
   6.3631414e+02   4.9210092e-24
   6.3778148e+02   4.9255227e-24
   6.3925221e+02   4.9300533e-24
   6.4072633e+02   4.9346011e-24
   6.4220385e+02   4.9391660e-24
   6.4368478e+02   4.9437483e-24
   6.4516912e+02   4.9483479e-24
   6.4665688e+02   4.9529649e-24
   6.4814808e+02   4.9575993e-24
   6.4964271e+02   4.9622512e-24
   6.5114080e+02   4.9669207e-24
   6.5264233e+02   4.9716077e-24
   6.5414733e+02   4.9763124e-24
   6.5565580e+02   4.9810349e-24
   6.5716775e+02   4.9857750e-24
   6.5868318e+02   4.9905330e-24
   6.6020211e+02   4.9953089e-24
   6.6172454e+02   5.0001026e-24
   6.6325048e+02   5.0049144e-24
   6.6477994e+02   5.0097441e-24
   6.6631293e+02   5.0145920e-24
   6.6784945e+02   5.0194580e-24
   6.6938952e+02   5.0243421e-24
   6.7093314e+02   5.0292445e-24
   6.7248031e+02   5.0341653e-24
   6.7403106e+02   5.0391043e-24
   6.7558538e+02   5.0440618e-24
   6.7714328e+02   5.0490377e-24
   6.7870478e+02   5.0540322e-24
   6.8026988e+02   5.0590452e-24
   6.8183859e+02   5.0640768e-24
   6.8341091e+02   5.0691272e-24
   6.8498686e+02   5.0741962e-24
   6.8656645e+02   5.0792841e-24
   6.8814967e+02   5.0843907e-24
   6.8973655e+02   5.0895163e-24
   6.9132709e+02   5.0946609e-24
   6.9292130e+02   5.0998244e-24
   6.9451918e+02   5.1050071e-24
   6.9612074e+02   5.1102088e-24
   6.9772600e+02   5.1154297e-24
   6.9933497e+02   5.1206699e-24
   7.0094764e+02   5.1259293e-24
   7.0256403e+02   5.1312081e-24
   7.0418415e+02   5.1365062e-24
   7.0580800e+02   5.1418239e-24
   7.0743560e+02   5.1471610e-24
   7.0906695e+02   5.1525177e-24
   7.1070206e+02   5.1578940e-24
   7.1234095e+02   5.1632900e-24
   7.1398361e+02   5.1687058e-24
   7.1563006e+02   5.1741413e-24
   7.1728031e+02   5.1795967e-24
   7.1893437e+02   5.1850720e-24
   7.2059223e+02   5.1905672e-24
   7.2225393e+02   5.1960824e-24
   7.2391945e+02   5.2016178e-24
   7.2558881e+02   5.2071732e-24
   7.2726203e+02   5.2127489e-24
   7.2893910e+02   5.2183447e-24
   7.3062004e+02   5.2239609e-24
   7.3230485e+02   5.2295975e-24
   7.3399355e+02   5.2352544e-24
   7.3568615e+02   5.2409318e-24
   7.3738265e+02   5.2466298e-24
   7.3908306e+02   5.2523483e-24
   7.4078739e+02   5.2580875e-24
   7.4249565e+02   5.2638474e-24
   7.4420785e+02   5.2696280e-24
   7.4592400e+02   5.2754294e-24
   7.4764410e+02   5.2812517e-24
   7.4936818e+02   5.2870950e-24
   7.5109623e+02   5.2929592e-24
   7.5282826e+02   5.2988445e-24
   7.5456429e+02   5.3047509e-24
   7.5630432e+02   5.3106784e-24
   7.5804836e+02   5.3166272e-24
   7.5979643e+02   5.3225972e-24
   7.6154852e+02   5.3285886e-24
   7.6330466e+02   5.3346014e-24
   7.6506485e+02   5.3406356e-24
   7.6682909e+02   5.3466913e-24
   7.6859741e+02   5.3527686e-24
   7.7036980e+02   5.3588675e-24
   7.7214628e+02   5.3649881e-24
   7.7392685e+02   5.3711305e-24
   7.7571153e+02   5.3772946e-24
   7.7750033e+02   5.3834806e-24
   7.7929325e+02   5.3896886e-24
   7.8109031e+02   5.3959185e-24
   7.8289151e+02   5.4021704e-24
   7.8469686e+02   5.4084445e-24
   7.8650638e+02   5.4147407e-24
   7.8832007e+02   5.4210591e-24
   7.9013794e+02   5.4273998e-24
   7.9196000e+02   5.4337628e-24
   7.9378627e+02   5.4401482e-24
   7.9561675e+02   5.4465561e-24
   7.9745144e+02   5.4529865e-24
   7.9929037e+02   5.4594395e-24
   8.0113354e+02   5.4659150e-24
   8.0298096e+02   5.4724133e-24
   8.0483264e+02   5.4789344e-24
   8.0668859e+02   5.4854782e-24
   8.0854882e+02   5.4920449e-24
   8.1041334e+02   5.4986346e-24
   8.1228216e+02   5.5052472e-24
   8.1415529e+02   5.5118829e-24
   8.1603274e+02   5.5185417e-24
   8.1791452e+02   5.5252237e-24
   8.1980064e+02   5.5319289e-24
   8.2169110e+02   5.5386574e-24
   8.2358593e+02   5.5454093e-24
   8.2548512e+02   5.5521846e-24
   8.2738870e+02   5.5589833e-24
   8.2929666e+02   5.5658056e-24
   8.3120903e+02   5.5726515e-24
   8.3312580e+02   5.5795211e-24
   8.3504700e+02   5.5864143e-24
   8.3697262e+02   5.5933314e-24
   8.3890269e+02   5.6002723e-24
   8.4083720e+02   5.6072371e-24
   8.4277618e+02   5.6142259e-24
   8.4471963e+02   5.6212386e-24
   8.4666756e+02   5.6282755e-24
   8.4861998e+02   5.6353366e-24
   8.5057690e+02   5.6424218e-24
   8.5253834e+02   5.6495313e-24
   8.5450430e+02   5.6566652e-24
   8.5647479e+02   5.6638234e-24
   8.5844983e+02   5.6710062e-24
   8.6042942e+02   5.6782134e-24
   8.6241358e+02   5.6854452e-24
   8.6440231e+02   5.6927017e-24
   8.6639563e+02   5.6999829e-24
   8.6839354e+02   5.7072888e-24
   8.7039607e+02   5.7146196e-24
   8.7240321e+02   5.7219753e-24
   8.7441498e+02   5.7293560e-24
   8.7643138e+02   5.7367616e-24
   8.7845244e+02   5.7441924e-24
   8.8047816e+02   5.7516483e-24
   8.8250855e+02   5.7591295e-24
   8.8454362e+02   5.7666359e-24
   8.8658338e+02   5.7741677e-24
   8.8862785e+02   5.7817249e-24
   8.9067703e+02   5.7893075e-24
   8.9273094e+02   5.7969157e-24
   8.9478959e+02   5.8045495e-24
   8.9685298e+02   5.8122090e-24
   8.9892113e+02   5.8198942e-24
   9.0099405e+02   5.8276052e-24
   9.0307175e+02   5.8353421e-24
   9.0515424e+02   5.8431050e-24
   9.0724153e+02   5.8508939e-24
   9.0933364e+02   5.8587088e-24
   9.1143057e+02   5.8665500e-24
   9.1353233e+02   5.8744173e-24
   9.1563894e+02   5.8823110e-24
   9.1775041e+02   5.8902311e-24
   9.1986675e+02   5.8981777e-24
   9.2198797e+02   5.9061509e-24
   9.2411408e+02   5.9141508e-24
   9.2624510e+02   5.9221775e-24
   9.2838103e+02   5.9302311e-24
   9.3052188e+02   5.9383119e-24
   9.3266767e+02   5.9464201e-24
   9.3481841e+02   5.9545558e-24
   9.3697411e+02   5.9627195e-24
   9.3913478e+02   5.9709118e-24
   9.4130043e+02   5.9791333e-24
   9.4347108e+02   5.9873855e-24
   9.4564673e+02   5.9956706e-24
   9.4782740e+02   6.0039928e-24
   9.5001309e+02   6.0123610e-24
   9.5220383e+02   6.0207967e-24
   9.5439962e+02   6.0293642e-24
   9.5660047e+02   6.0383361e-24
   9.5880640e+02   6.0502284e-24
   9.6101742e+02   6.3371449e-24
   9.6323353e+02   6.0655100e-24
   9.6545475e+02   6.0719883e-24
   9.6768110e+02   6.0801123e-24
   9.6991258e+02   6.0885306e-24
   9.7214920e+02   6.0970569e-24
   9.7439099e+02   6.1056434e-24
   9.7663794e+02   6.1142733e-24
   9.7889008e+02   6.1229396e-24
   9.8114740e+02   6.1316389e-24
   9.8340994e+02   6.1403695e-24
   9.8567769e+02   6.1491303e-24
   9.8795067e+02   6.1579208e-24
   9.9022889e+02   6.1667407e-24
   9.9251237e+02   6.1755898e-24
   9.9480111e+02   6.1844680e-24
   9.9709513e+02   6.1933752e-24
   9.9939443e+02   6.2023115e-24
   1.0016990e+03   6.2112767e-24
   1.0040090e+03   6.2202710e-24
   1.0063242e+03   6.2292944e-24
   1.0086448e+03   6.2383469e-24
   1.0109708e+03   6.2474285e-24
   1.0133021e+03   6.2565393e-24
   1.0156387e+03   6.2656794e-24
   1.0179808e+03   6.2748488e-24
   1.0203283e+03   6.2840476e-24
   1.0226812e+03   6.2932758e-24
   1.0250395e+03   6.3025335e-24
   1.0274032e+03   6.3118208e-24
   1.0297724e+03   6.3211377e-24
   1.0321471e+03   6.3304843e-24
   1.0345272e+03   6.3398607e-24
   1.0369129e+03   6.3492669e-24
   1.0393040e+03   6.3587030e-24
   1.0417006e+03   6.3681690e-24
   1.0441028e+03   6.3776651e-24
   1.0465105e+03   6.3871912e-24
   1.0489238e+03   6.3967476e-24
   1.0513426e+03   6.4063341e-24
   1.0537670e+03   6.4159510e-24
   1.0561970e+03   6.4255982e-24
   1.0586326e+03   6.4352759e-24
   1.0610738e+03   6.4449841e-24
   1.0635207e+03   6.4547228e-24
   1.0659731e+03   6.4644923e-24
   1.0684313e+03   6.4742924e-24
   1.0708951e+03   6.4841233e-24
   1.0733646e+03   6.4939850e-24
   1.0758398e+03   6.5038777e-24
   1.0783207e+03   6.5138014e-24
   1.0808073e+03   6.5237562e-24
   1.0832996e+03   6.5337420e-24
   1.0857977e+03   6.5437591e-24
   1.0883016e+03   6.5538075e-24
   1.0908112e+03   6.5638872e-24
   1.0933266e+03   6.5739984e-24
   1.0958479e+03   6.5841410e-24
   1.0983749e+03   6.5943152e-24
   1.1009078e+03   6.6045210e-24
   1.1034465e+03   6.6147586e-24
   1.1059910e+03   6.6250279e-24
   1.1085414e+03   6.6353291e-24
   1.1110977e+03   6.6456621e-24
   1.1136599e+03   6.6560272e-24
   1.1162281e+03   6.6664243e-24
   1.1188021e+03   6.6768536e-24
   1.1213820e+03   6.6873151e-24
   1.1239680e+03   6.6978089e-24
   1.1265598e+03   6.7083350e-24
   1.1291577e+03   6.7188935e-24
   1.1317615e+03   6.7294845e-24
   1.1343714e+03   6.7401081e-24
   1.1369873e+03   6.7507644e-24
   1.1396092e+03   6.7614534e-24
   1.1422371e+03   6.7721751e-24
   1.1448711e+03   6.7829297e-24
   1.1475112e+03   6.7937173e-24
   1.1501574e+03   6.8045379e-24
   1.1528096e+03   6.8153915e-24
   1.1554680e+03   6.8262783e-24
   1.1581325e+03   6.8371984e-24
   1.1608032e+03   6.8481517e-24
   1.1634800e+03   6.8591384e-24
   1.1661630e+03   6.8701586e-24
   1.1688522e+03   6.8812123e-24
   1.1715476e+03   6.8922996e-24
   1.1742492e+03   6.9034206e-24
   1.1769570e+03   6.9145753e-24
   1.1796711e+03   6.9257638e-24
   1.1823914e+03   6.9369863e-24
   1.1851180e+03   6.9482427e-24
   1.1878509e+03   6.9595332e-24
   1.1905901e+03   6.9708578e-24
   1.1933356e+03   6.9822166e-24
   1.1960875e+03   6.9936097e-24
   1.1988456e+03   7.0050371e-24
   1.2016102e+03   7.0164990e-24
   1.2043811e+03   7.0279953e-24
   1.2071584e+03   7.0395262e-24
   1.2099421e+03   7.0510918e-24
   1.2127323e+03   7.0626922e-24
   1.2155288e+03   7.0743273e-24
   1.2183319e+03   7.0859973e-24
   1.2211413e+03   7.0977023e-24
   1.2239573e+03   7.1094423e-24
   1.2267798e+03   7.1212174e-24
   1.2296087e+03   7.1330277e-24
   1.2324442e+03   7.1448733e-24
   1.2352862e+03   7.1567542e-24
   1.2381348e+03   7.1686706e-24
   1.2409900e+03   7.1806224e-24
   1.2438517e+03   7.1926099e-24
   1.2467200e+03   7.2046330e-24
   1.2495950e+03   7.2166918e-24
   1.2524766e+03   7.2287864e-24
   1.2553648e+03   7.2409169e-24
   1.2582597e+03   7.2530834e-24
   1.2611612e+03   7.2652859e-24
   1.2640695e+03   7.2775246e-24
   1.2669844e+03   7.2897994e-24
   1.2699061e+03   7.3021105e-24
   1.2728345e+03   7.3144580e-24
   1.2757697e+03   7.3268420e-24
   1.2787116e+03   7.3392624e-24
   1.2816603e+03   7.3517195e-24
   1.2846158e+03   7.3642132e-24
   1.2875782e+03   7.3767437e-24
   1.2905473e+03   7.3893110e-24
   1.2935233e+03   7.4019152e-24
   1.2965062e+03   7.4145565e-24
   1.2994960e+03   7.4272348e-24
   1.3024926e+03   7.4399502e-24
   1.3054962e+03   7.4527029e-24
   1.3085067e+03   7.4654929e-24
   1.3115241e+03   7.4783203e-24
   1.3145485e+03   7.4911852e-24
   1.3175798e+03   7.5040877e-24
   1.3206182e+03   7.5170278e-24
   1.3236635e+03   7.5300056e-24
   1.3267159e+03   7.5430212e-24
   1.3297753e+03   7.5560747e-24
   1.3328418e+03   7.5691662e-24
   1.3359154e+03   7.5822957e-24
   1.3389960e+03   7.5954634e-24
   1.3420837e+03   7.6086692e-24
   1.3451786e+03   7.6219134e-24
   1.3482806e+03   7.6351959e-24
   1.3513897e+03   7.6485169e-24
   1.3545060e+03   7.6618765e-24
   1.3576295e+03   7.6752746e-24
   1.3607602e+03   7.6887115e-24
   1.3638982e+03   7.7021872e-24
   1.3670433e+03   7.7157018e-24
   1.3701957e+03   7.7292553e-24
   1.3733554e+03   7.7428479e-24
   1.3765224e+03   7.7564796e-24
   1.3796966e+03   7.7701505e-24
   1.3828782e+03   7.7838607e-24
   1.3860672e+03   7.7976103e-24
   1.3892634e+03   7.8113994e-24
   1.3924671e+03   7.8252281e-24
   1.3956781e+03   7.8390964e-24
   1.3988966e+03   7.8530045e-24
   1.4021224e+03   7.8669525e-24
   1.4053558e+03   7.8809404e-24
   1.4085965e+03   7.8949684e-24
   1.4118448e+03   7.9090366e-24
   1.4151005e+03   7.9231452e-24
   1.4183637e+03   7.9372945e-24
   1.4216345e+03   7.9514847e-24
   1.4249128e+03   7.9657167e-24
   1.4281986e+03   7.9799920e-24
   1.4314921e+03   7.9943152e-24
   1.4347931e+03   8.0087049e-24
   1.4381017e+03   8.0233264e-24
   1.4414180e+03   8.0793503e-24
   1.4447419e+03   8.0521455e-24
   1.4480735e+03   8.0665017e-24
   1.4514128e+03   8.0810253e-24
   1.4547598e+03   8.0956102e-24
   1.4581144e+03   8.1102424e-24
   1.4614769e+03   8.1249184e-24
   1.4648470e+03   8.1396369e-24
   1.4682250e+03   8.1543975e-24
   1.4716107e+03   8.1692001e-24
   1.4750043e+03   8.1840447e-24
   1.4784056e+03   8.1989312e-24
   1.4818149e+03   8.2138596e-24
   1.4852319e+03   8.2288302e-24
   1.4886569e+03   8.2438428e-24
   1.4920897e+03   8.2588976e-24
   1.4955305e+03   8.2739947e-24
   1.4989792e+03   8.2891342e-24
   1.5024359e+03   8.3043161e-24
   1.5059005e+03   8.3195405e-24
   1.5093731e+03   8.3348076e-24
   1.5128538e+03   8.3501173e-24
   1.5163424e+03   8.3654699e-24
   1.5198391e+03   8.3808653e-24
   1.5233439e+03   8.3963037e-24
   1.5268567e+03   8.4117852e-24
   1.5303776e+03   8.4273098e-24
   1.5339067e+03   8.4428777e-24
   1.5374439e+03   8.4584889e-24
   1.5409893e+03   8.4741435e-24
   1.5445428e+03   8.4898417e-24
   1.5481045e+03   8.5055835e-24
   1.5516745e+03   8.5213689e-24
   1.5552526e+03   8.5371982e-24
   1.5588391e+03   8.5530714e-24
   1.5624338e+03   8.5689885e-24
   1.5660367e+03   8.5849498e-24
   1.5696480e+03   8.6009552e-24
   1.5732677e+03   8.6170048e-24
   1.5768956e+03   8.6330988e-24
   1.5805320e+03   8.6492373e-24
   1.5841767e+03   8.6654203e-24
   1.5878298e+03   8.6816480e-24
   1.5914913e+03   8.6979204e-24
   1.5951613e+03   8.7142376e-24
   1.5988398e+03   8.7305997e-24
   1.6025267e+03   8.7470069e-24
   1.6062222e+03   8.7634591e-24
   1.6099261e+03   8.7799566e-24
   1.6136386e+03   8.7964994e-24
   1.6173597e+03   8.8130876e-24
   1.6210893e+03   8.8297213e-24
   1.6248276e+03   8.8464006e-24
   1.6285744e+03   8.8631256e-24
   1.6323300e+03   8.8798963e-24
   1.6360941e+03   8.8967130e-24
   1.6398670e+03   8.9135756e-24
   1.6436485e+03   8.9304843e-24
   1.6474388e+03   8.9474392e-24
   1.6512378e+03   8.9644403e-24
   1.6550456e+03   8.9814878e-24
   1.6588621e+03   8.9985818e-24
   1.6626874e+03   9.0157224e-24
   1.6665216e+03   9.0329096e-24
   1.6703646e+03   9.0501436e-24
   1.6742165e+03   9.0674245e-24
   1.6780773e+03   9.0847523e-24
   1.6819469e+03   9.1021272e-24
   1.6858255e+03   9.1195492e-24
   1.6897130e+03   9.1370186e-24
   1.6936095e+03   9.1545352e-24
   1.6975150e+03   9.1720994e-24
   1.7014295e+03   9.1897111e-24
   1.7053530e+03   9.2073704e-24
   1.7092855e+03   9.2250776e-24
   1.7132272e+03   9.2428326e-24
   1.7171779e+03   9.2606355e-24
   1.7211377e+03   9.2784865e-24
   1.7251067e+03   9.2963857e-24
   1.7290848e+03   9.3143332e-24
   1.7330721e+03   9.3323291e-24
   1.7370685e+03   9.3503734e-24
   1.7410742e+03   9.3684663e-24
   1.7450892e+03   9.3866079e-24
   1.7491133e+03   9.4047982e-24
   1.7531468e+03   9.4230375e-24
   1.7571896e+03   9.4413257e-24
   1.7612417e+03   9.4596631e-24
   1.7653031e+03   9.4780496e-24
   1.7693739e+03   9.4964855e-24
   1.7734541e+03   9.5149707e-24
   1.7775437e+03   9.5335055e-24
   1.7816427e+03   9.5520899e-24
   1.7857512e+03   9.5707240e-24
   1.7898692e+03   9.5894079e-24
   1.7939966e+03   9.6081418e-24
   1.7981336e+03   9.6269257e-24
   1.8022801e+03   9.6457597e-24
   1.8064362e+03   9.6646440e-24
   1.8106018e+03   9.6835787e-24
   1.8147771e+03   9.7025638e-24
   1.8189620e+03   9.7215995e-24
   1.8231565e+03   9.7406859e-24
   1.8273607e+03   9.7598231e-24
   1.8315746e+03   9.7790111e-24
   1.8357983e+03   9.7982502e-24
   1.8400316e+03   9.8175403e-24
   1.8442748e+03   9.8368817e-24
   1.8485277e+03   9.8562744e-24
   1.8527904e+03   9.8757186e-24
   1.8570629e+03   9.8952143e-24
   1.8613453e+03   9.9147617e-24
   1.8656376e+03   9.9343608e-24
   1.8699398e+03   9.9540118e-24
   1.8742519e+03   9.9737148e-24
   1.8785739e+03   9.9934699e-24
   1.8829059e+03   1.0013277e-23
   1.8872479e+03   1.0033137e-23
   1.8915999e+03   1.0053049e-23
   1.8959620e+03   1.0073014e-23
   1.9003341e+03   1.0093032e-23
   1.9047163e+03   1.0113103e-23
   1.9091086e+03   1.0133228e-23
   1.9135110e+03   1.0153410e-23
   1.9179235e+03   1.0173685e-23
   1.9223463e+03   1.0195083e-23
   1.9267792e+03   1.0214272e-23
   1.9312224e+03   1.0234641e-23
   1.9356758e+03   1.0255079e-23
   1.9401395e+03   1.0275574e-23
   1.9446135e+03   1.0296123e-23
   1.9490978e+03   1.0316726e-23
   1.9535924e+03   1.0337384e-23
   1.9580974e+03   1.0358095e-23
   1.9626128e+03   1.0378861e-23
   1.9671386e+03   1.0399682e-23
   1.9716748e+03   1.0420556e-23
   1.9762215e+03   1.0441486e-23
   1.9807787e+03   1.0462470e-23
   1.9853464e+03   1.0483509e-23
   1.9899246e+03   1.0504603e-23
   1.9945134e+03   1.0525752e-23
   1.9991128e+03   1.0546956e-23
   2.0037227e+03   1.0568215e-23
   2.0083433e+03   1.0589530e-23
   2.0129746e+03   1.0610900e-23
   2.0176165e+03   1.0632326e-23
   2.0222692e+03   1.0653807e-23
   2.0269325e+03   1.0675345e-23
   2.0316067e+03   1.0696938e-23
   2.0362916e+03   1.0718588e-23
   2.0409873e+03   1.0740294e-23
   2.0456938e+03   1.0762056e-23
   2.0504112e+03   1.0783875e-23
   2.0551394e+03   1.0805750e-23
   2.0598786e+03   1.0827682e-23
   2.0646287e+03   1.0849671e-23
   2.0693898e+03   1.0871716e-23
   2.0741618e+03   1.0893819e-23
   2.0789448e+03   1.0915979e-23
   2.0837389e+03   1.0938196e-23
   2.0885440e+03   1.0960471e-23
   2.0933602e+03   1.0982803e-23
   2.0981875e+03   1.1005193e-23
   2.1030259e+03   1.1027641e-23
   2.1078755e+03   1.1050147e-23
   2.1127363e+03   1.1072711e-23
   2.1176083e+03   1.1095333e-23
   2.1224915e+03   1.1118013e-23
   2.1273860e+03   1.1140751e-23
   2.1322918e+03   1.1163549e-23
   2.1372088e+03   1.1186404e-23
   2.1421373e+03   1.1209319e-23
   2.1470771e+03   1.1232293e-23
   2.1520282e+03   1.1255325e-23
   2.1569908e+03   1.1278417e-23
   2.1619649e+03   1.1301568e-23
   2.1669504e+03   1.1324779e-23
   2.1719474e+03   1.1348049e-23
   2.1769559e+03   1.1371379e-23
   2.1819760e+03   1.1394768e-23
   2.1870076e+03   1.1418218e-23
   2.1920509e+03   1.1441727e-23
   2.1971058e+03   1.1465297e-23
   2.2021723e+03   1.1488927e-23
   2.2072505e+03   1.1512618e-23
   2.2123405e+03   1.1536369e-23
   2.2174421e+03   1.1560181e-23
   2.2225556e+03   1.1584054e-23
   2.2276808e+03   1.1607987e-23
   2.2328179e+03   1.1631982e-23
   2.2379668e+03   1.1656038e-23
   2.2431275e+03   1.1680156e-23
   2.2483002e+03   1.1704334e-23
   2.2534848e+03   1.1728575e-23
   2.2586814e+03   1.1752877e-23
   2.2638899e+03   1.1777241e-23
   2.2691104e+03   1.1801668e-23
   2.2743430e+03   1.1826156e-23
   2.2795877e+03   1.1850707e-23
   2.2848444e+03   1.1875320e-23
   2.2901133e+03   1.1899995e-23
   2.2953943e+03   1.1924734e-23
   2.3006875e+03   1.1949535e-23
   2.3059929e+03   1.1974399e-23
   2.3113105e+03   1.1999326e-23
   2.3166404e+03   1.2024316e-23
   2.3219826e+03   1.2049370e-23
   2.3273371e+03   1.2074488e-23
   2.3327040e+03   1.2099669e-23
   2.3380832e+03   1.2124913e-23
   2.3434749e+03   1.2150222e-23
   2.3488789e+03   1.2175595e-23
   2.3542955e+03   1.2201032e-23
   2.3597245e+03   1.2226533e-23
   2.3651660e+03   1.2252099e-23
   2.3706201e+03   1.2277729e-23
   2.3760868e+03   1.2303424e-23
   2.3815661e+03   1.2329184e-23
   2.3870580e+03   1.2355010e-23
   2.3925626e+03   1.2380902e-23
   2.3980798e+03   1.2406872e-23
   2.4036098e+03   1.2432971e-23
   2.4091526e+03   1.2458966e-23
   2.4147081e+03   1.2485115e-23
   2.4202764e+03   1.2511332e-23
   2.4258576e+03   1.2537616e-23
   2.4314516e+03   1.2563966e-23
   2.4370586e+03   1.2590382e-23
   2.4426785e+03   1.2616865e-23
   2.4483113e+03   1.2643415e-23
   2.4539571e+03   1.2670031e-23
   2.4596160e+03   1.2696714e-23
   2.4652879e+03   1.2723464e-23
   2.4709728e+03   1.2750281e-23
   2.4766709e+03   1.2777166e-23
   2.4823821e+03   1.2804118e-23
   2.4881065e+03   1.2831137e-23
   2.4938441e+03   1.2858225e-23
   2.4995949e+03   1.2885380e-23
   2.5053590e+03   1.2912603e-23
   2.5111364e+03   1.2939895e-23
   2.5169271e+03   1.2967255e-23
   2.5227312e+03   1.2994683e-23
   2.5285486e+03   1.3022180e-23
   2.5343794e+03   1.3049745e-23
   2.5402237e+03   1.3077380e-23
   2.5460815e+03   1.3105083e-23
   2.5519528e+03   1.3132856e-23
   2.5578376e+03   1.3160698e-23
   2.5637360e+03   1.3188610e-23
   2.5696480e+03   1.3216592e-23
   2.5755736e+03   1.3244643e-23
   2.5815129e+03   1.3272764e-23
   2.5874659e+03   1.3300955e-23
   2.5934326e+03   1.3329217e-23
   2.5994131e+03   1.3357549e-23
   2.6054074e+03   1.3385951e-23
   2.6114155e+03   1.3414425e-23
   2.6174374e+03   1.3442969e-23
   2.6234732e+03   1.3471584e-23
   2.6295230e+03   1.3500271e-23
   2.6355867e+03   1.3529028e-23
   2.6416644e+03   1.3557858e-23
   2.6477561e+03   1.3586759e-23
   2.6538618e+03   1.3615731e-23
   2.6599816e+03   1.3644776e-23
   2.6661156e+03   1.3673893e-23
   2.6722637e+03   1.3703082e-23
   2.6784259e+03   1.3732343e-23
   2.6846024e+03   1.3761678e-23
   2.6907931e+03   1.3791085e-23
   2.6969981e+03   1.3820564e-23
   2.7032174e+03   1.3850117e-23
   2.7094510e+03   1.3879743e-23
   2.7156991e+03   1.3909443e-23
   2.7219615e+03   1.3939216e-23
   2.7282383e+03   1.3969063e-23
   2.7345297e+03   1.3998983e-23
   2.7408355e+03   1.4028978e-23
   2.7471559e+03   1.4059047e-23
   2.7534909e+03   1.4089190e-23
   2.7598405e+03   1.4119408e-23
   2.7662047e+03   1.4149700e-23
   2.7725836e+03   1.4180067e-23
   2.7789772e+03   1.4210509e-23
   2.7853855e+03   1.4241027e-23
   2.7918086e+03   1.4271619e-23
   2.7982465e+03   1.4302288e-23
   2.8046993e+03   1.4333031e-23
   2.8111670e+03   1.4363851e-23
   2.8176496e+03   1.4394747e-23
   2.8241471e+03   1.4425719e-23
   2.8306596e+03   1.4456767e-23
   2.8371871e+03   1.4487891e-23
   2.8437297e+03   1.4519093e-23
   2.8502873e+03   1.4550371e-23
   2.8568601e+03   1.4581726e-23
   2.8634481e+03   1.4613158e-23
   2.8700512e+03   1.4644668e-23
   2.8766696e+03   1.4676258e-23
   2.8833032e+03   1.4708041e-23
   2.8899521e+03   1.4739664e-23
   2.8966164e+03   1.4771483e-23
   2.9032960e+03   1.4803381e-23
   2.9099910e+03   1.4835358e-23
   2.9167015e+03   1.4867414e-23
   2.9234274e+03   1.4899548e-23
   2.9301688e+03   1.4931761e-23
   2.9369258e+03   1.4964053e-23
   2.9436984e+03   1.4996424e-23
   2.9504866e+03   1.5028875e-23
   2.9572904e+03   1.5061405e-23
   2.9641100e+03   1.5094015e-23
   2.9709452e+03   1.5126705e-23
   2.9777963e+03   1.5159475e-23
   2.9846631e+03   1.5192325e-23
   2.9915457e+03   1.5225256e-23
   2.9984443e+03   1.5258267e-23
   3.0053587e+03   1.5291359e-23
   3.0122891e+03   1.5324532e-23
   3.0192354e+03   1.5357786e-23
   3.0261978e+03   1.5391122e-23
   3.0331763e+03   1.5424539e-23
   3.0401708e+03   1.5458037e-23
   3.0471814e+03   1.5491618e-23
   3.0542083e+03   1.5525280e-23
   3.0612513e+03   1.5559025e-23
   3.0683106e+03   1.5592852e-23
   3.0753861e+03   1.5626761e-23
   3.0824780e+03   1.5660754e-23
   3.0895862e+03   1.5694829e-23
   3.0967108e+03   1.5728987e-23
   3.1038518e+03   1.5763229e-23
   3.1110093e+03   1.5797554e-23
   3.1181833e+03   1.5831963e-23
   3.1253739e+03   1.5866455e-23
   3.1325810e+03   1.5901032e-23
   3.1398048e+03   1.5935693e-23
   3.1470452e+03   1.5970438e-23
   3.1543023e+03   1.6005268e-23
   3.1615762e+03   1.6040183e-23
   3.1688668e+03   1.6075183e-23
   3.1761742e+03   1.6110267e-23
   3.1834985e+03   1.6145437e-23
   3.1908397e+03   1.6180693e-23
   3.1981978e+03   1.6216034e-23
   3.2055728e+03   1.6251461e-23
   3.2129649e+03   1.6286975e-23
   3.2203740e+03   1.6322574e-23
   3.2278002e+03   1.6358260e-23
   3.2352436e+03   1.6394033e-23
   3.2427041e+03   1.6429893e-23
   3.2501818e+03   1.6465839e-23
   3.2576767e+03   1.6501873e-23
   3.2651889e+03   1.6537994e-23
   3.2727185e+03   1.6574203e-23
   3.2802654e+03   1.6610500e-23
   3.2878297e+03   1.6646884e-23
   3.2954115e+03   1.6683357e-23
   3.3030107e+03   1.6719918e-23
   3.3106275e+03   1.6756568e-23
   3.3182618e+03   1.6793307e-23
   3.3259138e+03   1.6830135e-23
   3.3335833e+03   1.6867051e-23
   3.3412706e+03   1.6904058e-23
   3.3489756e+03   1.6941153e-23
   3.3566984e+03   1.6978340e-23
   3.3644389e+03   1.7015634e-23
   3.3721974e+03   1.7052980e-23
   3.3799737e+03   1.7090436e-23
   3.3877679e+03   1.7127982e-23
   3.3955801e+03   1.7165619e-23
   3.4034104e+03   1.7203348e-23
   3.4112587e+03   1.7241167e-23
   3.4191251e+03   1.7279078e-23
   3.4270096e+03   1.7317080e-23
   3.4349123e+03   1.7355174e-23
   3.4428332e+03   1.7393360e-23
   3.4507724e+03   1.7431639e-23
   3.4587299e+03   1.7470009e-23
   3.4667058e+03   1.7508472e-23
   3.4747000e+03   1.7547028e-23
   3.4827127e+03   1.7585677e-23
   3.4907439e+03   1.7624420e-23
   3.4987936e+03   1.7663255e-23
   3.5068618e+03   1.7702185e-23
   3.5149487e+03   1.7741208e-23
   3.5230542e+03   1.7780325e-23
   3.5311784e+03   1.7819536e-23
   3.5393213e+03   1.7858842e-23
   3.5474830e+03   1.7898242e-23
   3.5556635e+03   1.7937738e-23
   3.5638629e+03   1.7977328e-23
   3.5720812e+03   1.8017014e-23
   3.5803184e+03   1.8056795e-23
   3.5885747e+03   1.8096672e-23
   3.5968500e+03   1.8136645e-23
   3.6051443e+03   1.8176714e-23
   3.6134578e+03   1.8216879e-23
   3.6217905e+03   1.8257141e-23
   3.6301424e+03   1.8297499e-23
   3.6385135e+03   1.8337955e-23
   3.6469039e+03   1.8378508e-23
   3.6553137e+03   1.8419158e-23
   3.6637429e+03   1.8459906e-23
   3.6721915e+03   1.8500752e-23
   3.6806596e+03   1.8541696e-23
   3.6891472e+03   1.8582738e-23
   3.6976544e+03   1.8623878e-23
   3.7061813e+03   1.8665118e-23
   3.7147277e+03   1.8706456e-23
   3.7232939e+03   1.8747894e-23
   3.7318799e+03   1.8789431e-23
   3.7404856e+03   1.8831067e-23
   3.7491112e+03   1.8872804e-23
   3.7577567e+03   1.8914640e-23
   3.7664221e+03   1.8956577e-23
   3.7751075e+03   1.8998614e-23
   3.7838129e+03   1.9040752e-23
   3.7925384e+03   1.9082991e-23
   3.8012841e+03   1.9125331e-23
   3.8100498e+03   1.9167772e-23
   3.8188359e+03   1.9210315e-23
   3.8276421e+03   1.9252960e-23
   3.8364687e+03   1.9295708e-23
   3.8453156e+03   1.9338563e-23
   3.8541829e+03   1.9381509e-23
   3.8630707e+03   1.9424563e-23
   3.8719790e+03   1.9467721e-23
   3.8809078e+03   1.9510981e-23
   3.8898572e+03   1.9554346e-23
   3.8988272e+03   1.9597814e-23
   3.9078180e+03   1.9641386e-23
   3.9168294e+03   1.9685062e-23
   3.9258617e+03   1.9728842e-23
   3.9349147e+03   1.9772727e-23
   3.9439887e+03   1.9816717e-23
   3.9530835e+03   1.9860812e-23
   3.9621994e+03   1.9905012e-23
   3.9713362e+03   1.9949318e-23
   3.9804942e+03   1.9993730e-23
   3.9896732e+03   2.0038247e-23
   3.9988734e+03   2.0082871e-23
   4.0080949e+03   2.0127601e-23
   4.0173376e+03   2.0172438e-23
   4.0266016e+03   2.0217383e-23
   4.0358870e+03   2.0262434e-23
   4.0451937e+03   2.0307593e-23
   4.0545220e+03   2.0352859e-23
   4.0638718e+03   2.0398233e-23
   4.0732431e+03   2.0443716e-23
   4.0826360e+03   2.0489307e-23
   4.0920506e+03   2.0535006e-23
   4.1014869e+03   2.0580815e-23
   4.1109450e+03   2.0626733e-23
   4.1204248e+03   2.0672760e-23
   4.1299266e+03   2.0718896e-23
   4.1394502e+03   2.0765143e-23
   4.1489958e+03   2.0811499e-23
   4.1585634e+03   2.0857967e-23
   4.1681531e+03   2.0904544e-23
   4.1777649e+03   2.0951233e-23
   4.1873988e+03   2.0998032e-23
   4.1970550e+03   2.1044943e-23
   4.2067335e+03   2.1091966e-23
   4.2164342e+03   2.1139100e-23
   4.2261574e+03   2.1186347e-23
   4.2359029e+03   2.1233706e-23
   4.2456709e+03   2.1281177e-23
   4.2554615e+03   2.1328762e-23
   4.2652746e+03   2.1376459e-23
   4.2751104e+03   2.1424270e-23
   4.2849688e+03   2.1472195e-23
   4.2948500e+03   2.1520233e-23
   4.3047539e+03   2.1568386e-23
   4.3146807e+03   2.1616653e-23
   4.3246304e+03   2.1665049e-23
   4.3346030e+03   2.1713531e-23
   4.3445987e+03   2.1762142e-23
   4.3546173e+03   2.1810869e-23
   4.3646591e+03   2.1859712e-23
   4.3747241e+03   2.1908671e-23
   4.3848122e+03   2.1957746e-23
   4.3949236e+03   2.2006937e-23
   4.4050583e+03   2.2056245e-23
   4.4152164e+03   2.2105670e-23
   4.4253980e+03   2.2155213e-23
   4.4356030e+03   2.2204873e-23
   4.4458315e+03   2.2254650e-23
   4.4560836e+03   2.2304546e-23
   4.4663594e+03   2.2354560e-23
   4.4766588e+03   2.2404692e-23
   4.4869821e+03   2.2454944e-23
   4.4973291e+03   2.2505314e-23
   4.5076999e+03   2.2555804e-23
   4.5180947e+03   2.2606413e-23
   4.5285135e+03   2.2657143e-23
   4.5389563e+03   2.2707992e-23
   4.5494231e+03   2.2758962e-23
   4.5599142e+03   2.2810053e-23
   4.5704294e+03   2.2861265e-23
   4.5809688e+03   2.2912598e-23
   4.5915325e+03   2.2964052e-23
   4.6021207e+03   2.3015629e-23
   4.6127332e+03   2.3067327e-23
   4.6233702e+03   2.3119148e-23
   4.6340317e+03   2.3171091e-23
   4.6447178e+03   2.3223158e-23
   4.6554286e+03   2.3275347e-23
   4.6661640e+03   2.3327660e-23
   4.6769242e+03   2.3380097e-23
   4.6877093e+03   2.3432657e-23
   4.6985192e+03   2.3485342e-23
   4.7093540e+03   2.3538152e-23
   4.7202138e+03   2.3591087e-23
   4.7310986e+03   2.3644146e-23
   4.7420086e+03   2.3697331e-23
   4.7529437e+03   2.3750642e-23
   4.7639040e+03   2.3804079e-23
   4.7748896e+03   2.3857642e-23
   4.7859005e+03   2.3911331e-23
   4.7969369e+03   2.3965148e-23
   4.8079986e+03   2.4019092e-23
   4.8190859e+03   2.4073162e-23
   4.8301988e+03   2.4127360e-23
   4.8413372e+03   2.4181687e-23
   4.8525014e+03   2.4236142e-23
   4.8636913e+03   2.4290725e-23
   4.8749070e+03   2.4345438e-23
   4.8861486e+03   2.4400279e-23
   4.8974161e+03   2.4455250e-23
   4.9087096e+03   2.4510350e-23
   4.9200291e+03   2.4565581e-23
   4.9313747e+03   2.4620942e-23
   4.9427465e+03   2.4676434e-23
   4.9541445e+03   2.4732056e-23
   4.9655688e+03   2.4787810e-23
   4.9770194e+03   2.4843695e-23
   4.9884965e+03   2.4899712e-23
   5.0000000e+03   2.4955861e-23
