   5.0000000e+00   1.6466654e-20
   5.0115300e+00   1.6048771e-20
   5.0230867e+00   1.5643191e-20
   5.0346699e+00   1.5249852e-20
   5.0462799e+00   1.4868841e-20
   5.0579167e+00   1.4499993e-20
   5.0695803e+00   1.4138172e-20
   5.0812708e+00   1.3757498e-20
   5.0929882e+00   1.3369881e-20
   5.1047327e+00   1.3030281e-20
   5.1165042e+00   1.2710937e-20
   5.1283029e+00   1.2399083e-20
   5.1401288e+00   1.2094189e-20
   5.1519820e+00   1.1796513e-20
   5.1638625e+00   1.1506188e-20
   5.1757704e+00   1.1223223e-20
   5.1877058e+00   1.0947543e-20
   5.1996687e+00   1.0679026e-20
   5.2116592e+00   1.0417521e-20
   5.2236773e+00   1.0162867e-20
   5.2357231e+00   9.9148923e-21
   5.2477968e+00   9.6734261e-21
   5.2598982e+00   9.4382960e-21
   5.2720276e+00   9.2093314e-21
   5.2841849e+00   8.9863644e-21
   5.2963703e+00   8.7692305e-21
   5.3085838e+00   8.5577691e-21
   5.3208254e+00   8.3518232e-21
   5.3330953e+00   8.1512400e-21
   5.3453934e+00   7.9558708e-21
   5.3577199e+00   7.7655712e-21
   5.3700749e+00   7.5802004e-21
   5.3824583e+00   7.3996220e-21
   5.3948703e+00   7.2237035e-21
   5.4073109e+00   7.0523161e-21
   5.4197802e+00   6.8853347e-21
   5.4322783e+00   6.7226381e-21
   5.4448051e+00   6.5641086e-21
   5.4573609e+00   6.4096318e-21
   5.4699456e+00   6.2590967e-21
   5.4825594e+00   6.1123957e-21
   5.4952022e+00   5.9694243e-21
   5.5078742e+00   5.8300811e-21
   5.5205754e+00   5.6942675e-21
   5.5333058e+00   5.5618881e-21
   5.5460657e+00   5.4328501e-21
   5.5588550e+00   5.3070634e-21
   5.5716737e+00   5.1844407e-21
   5.5845220e+00   5.0648970e-21
   5.5974000e+00   4.9483500e-21
   5.6103076e+00   4.8347196e-21
   5.6232451e+00   4.7239281e-21
   5.6362123e+00   4.6159003e-21
   5.6492094e+00   4.5105627e-21
   5.6622366e+00   4.4078442e-21
   5.6752937e+00   4.3076758e-21
   5.6883810e+00   4.2099904e-21
   5.7014985e+00   4.1147226e-21
   5.7146461e+00   4.0218092e-21
   5.7278242e+00   3.9311887e-21
   5.7410326e+00   3.8428013e-21
   5.7542714e+00   3.7565888e-21
   5.7675408e+00   3.6724950e-21
   5.7808408e+00   3.5904648e-21
   5.7941715e+00   3.5104450e-21
   5.8075329e+00   3.4323838e-21
   5.8209251e+00   3.3562308e-21
   5.8343482e+00   3.2819371e-21
   5.8478023e+00   3.2094552e-21
   5.8612873e+00   3.1387386e-21
   5.8748035e+00   3.0697426e-21
   5.8883508e+00   3.0024233e-21
   5.9019294e+00   2.9367383e-21
   5.9155393e+00   2.8726461e-21
   5.9291806e+00   2.8101066e-21
   5.9428533e+00   2.7490807e-21
   5.9565576e+00   2.6895304e-21
   5.9702935e+00   2.6314186e-21
   5.9840610e+00   2.5747093e-21
   5.9978603e+00   2.5193676e-21
   6.0116914e+00   2.4653594e-21
   6.0255544e+00   2.4126516e-21
   6.0394494e+00   2.3612118e-21
   6.0533764e+00   2.3110088e-21
   6.0673355e+00   2.2620120e-21
   6.0813269e+00   2.2141916e-21
   6.0953505e+00   2.1675188e-21
   6.1094064e+00   2.1219655e-21
   6.1234947e+00   2.0775041e-21
   6.1376155e+00   2.0341080e-21
   6.1517689e+00   1.9917514e-21
   6.1659550e+00   1.9504087e-21
   6.1801737e+00   1.9100556e-21
   6.1944252e+00   1.8706679e-21
   6.2087096e+00   1.8322224e-21
   6.2230269e+00   1.7946963e-21
   6.2373773e+00   1.7580674e-21
   6.2517607e+00   1.7223142e-21
   6.2661773e+00   1.6874158e-21
   6.2806272e+00   1.6533516e-21
   6.2951104e+00   1.6201016e-21
   6.3096269e+00   1.5876466e-21
   6.3241770e+00   1.5559674e-21
   6.3387606e+00   1.5250458e-21
   6.3533778e+00   1.4948637e-21
   6.3680288e+00   1.4654037e-21
   6.3827135e+00   1.4366486e-21
   6.3974321e+00   1.4085818e-21
   6.4121846e+00   1.3811872e-21
   6.4269711e+00   1.3544488e-21
   6.4417918e+00   1.3283513e-21
   6.4566466e+00   1.3028796e-21
   6.4715357e+00   1.2780192e-21
   6.4864591e+00   1.2537557e-21
   6.5014169e+00   1.2300751e-21
   6.5164092e+00   1.2069640e-21
   6.5314361e+00   1.1844089e-21
   6.5464977e+00   1.1623971e-21
   6.5615939e+00   1.1409159e-21
   6.5767250e+00   1.1199530e-21
   6.5918910e+00   1.0994963e-21
   6.6070920e+00   1.0795343e-21
   6.6223280e+00   1.0600553e-21
   6.6375991e+00   1.0410484e-21
   6.6529055e+00   1.0225026e-21
   6.6682471e+00   1.0044072e-21
   6.6836241e+00   9.8675193e-22
   6.6990366e+00   9.6952664e-22
   6.7144846e+00   9.5272146e-22
   6.7299683e+00   9.3632672e-22
   6.7454877e+00   9.2033302e-22
   6.7610428e+00   9.0473114e-22
   6.7766338e+00   8.8951211e-22
   6.7922608e+00   8.7466716e-22
   6.8079238e+00   8.6018773e-22
   6.8236229e+00   8.4606544e-22
   6.8393582e+00   8.3229213e-22
   6.8551299e+00   8.1885981e-22
   6.8709378e+00   8.0576071e-22
   6.8867823e+00   7.9298720e-22
   6.9026632e+00   7.8053184e-22
   6.9185808e+00   7.6838739e-22
   6.9345351e+00   7.5654674e-22
   6.9505262e+00   7.4500296e-22
   6.9665542e+00   7.3374930e-22
   6.9826191e+00   7.2277913e-22
   6.9987211e+00   7.1208601e-22
   7.0148602e+00   7.0166363e-22
   7.0310365e+00   6.9150583e-22
   7.0472502e+00   6.8160661e-22
   7.0635012e+00   6.7196009e-22
   7.0797897e+00   6.6256055e-22
   7.0961157e+00   6.5340239e-22
   7.1124794e+00   6.4448016e-22
   7.1288808e+00   6.3578853e-22
   7.1453201e+00   6.2732229e-22
   7.1617972e+00   6.1907640e-22
   7.1783124e+00   6.1104590e-22
   7.1948656e+00   6.0322597e-22
   7.2114571e+00   5.9561193e-22
   7.2280867e+00   5.8819919e-22
   7.2447548e+00   5.8098330e-22
   7.2614612e+00   5.7395994e-22
   7.2782062e+00   5.6712486e-22
   7.2949898e+00   5.6047399e-22
   7.3118121e+00   5.5400333e-22
   7.3286732e+00   5.4770900e-22
   7.3455732e+00   5.4158725e-22
   7.3625121e+00   5.3563444e-22
   7.3794901e+00   5.2984702e-22
   7.3965073e+00   5.2422159e-22
   7.4135637e+00   5.1875483e-22
   7.4306594e+00   5.1344355e-22
   7.4477946e+00   5.0828467e-22
   7.4649693e+00   5.0327522e-22
   7.4821835e+00   4.9841235e-22
   7.4994375e+00   4.9369331e-22
   7.5167313e+00   4.8911549e-22
   7.5340649e+00   4.8467638e-22
   7.5514385e+00   4.8037357e-22
   7.5688522e+00   4.7620482e-22
   7.5863060e+00   4.7216796e-22
   7.6038001e+00   4.6826097e-22
   7.6213345e+00   4.6448195e-22
   7.6389094e+00   4.6082912e-22
   7.6565248e+00   4.5730085e-22
   7.6741808e+00   4.5389562e-22
   7.6918775e+00   4.5061208e-22
   7.7096150e+00   4.4744898e-22
   7.7273934e+00   4.4440526e-22
   7.7452129e+00   4.4147999e-22
   7.7630734e+00   4.3867240e-22
   7.7809751e+00   4.3598187e-22
   7.7989181e+00   4.3340798e-22
   7.8169025e+00   4.3095048e-22
   7.8349283e+00   4.2860930e-22
   7.8529957e+00   4.2638456e-22
   7.8711048e+00   4.2427661e-22
   7.8892556e+00   4.2228600e-22
   7.9074483e+00   4.2041354e-22
   7.9256829e+00   4.1866025e-22
   7.9439596e+00   4.1702745e-22
   7.9622784e+00   4.1551673e-22
   7.9806395e+00   4.1412996e-22
   7.9990429e+00   4.1286937e-22
   8.0174888e+00   4.1173753e-22
   8.0359772e+00   4.1073737e-22
   8.0545082e+00   4.0987225e-22
   8.0730819e+00   4.0914598e-22
   8.0916985e+00   4.0856282e-22
   8.1103581e+00   4.0812759e-22
   8.1290606e+00   4.0784570e-22
   8.1478063e+00   4.0772315e-22
   8.1665952e+00   4.0776670e-22
   8.1854274e+00   4.0798383e-22
   8.2043031e+00   4.0838290e-22
   8.2232223e+00   4.0897321e-22
   8.2421851e+00   4.0976514e-22
   8.2611916e+00   4.1077021e-22
   8.2802420e+00   4.1200130e-22
   8.2993363e+00   4.1347274e-22
   8.3184746e+00   4.1520056e-22
   8.3376571e+00   4.1720266e-22
   8.3568838e+00   4.1949909e-22
   8.3761548e+00   4.2211232e-22
   8.3954703e+00   4.2506762e-22
   8.4148303e+00   4.2839345e-22
   8.4342350e+00   4.3212192e-22
   8.4536844e+00   4.3628941e-22
   8.4731786e+00   4.4093722e-22
   8.4927179e+00   4.4611238e-22
   8.5123021e+00   4.5186867e-22
   8.5319316e+00   4.5826782e-22
   8.5516063e+00   4.6538094e-22
   8.5713263e+00   4.7329038e-22
   8.5910919e+00   4.8209194e-22
   8.6109030e+00   4.9189769e-22
   8.6307598e+00   5.0283952e-22
   8.6506624e+00   5.1507361e-22
   8.6706109e+00   5.2878608e-22
   8.6906054e+00   5.4420124e-22
   8.7106460e+00   5.6159043e-22
   8.7307328e+00   5.8128606e-22
   8.7508660e+00   6.0369934e-22
   8.7710455e+00   6.2934503e-22
   8.7912716e+00   6.5887610e-22
   8.8115444e+00   6.9313341e-22
   8.8318638e+00   7.3321840e-22
   8.8522302e+00   7.8060244e-22
   8.8726435e+00   8.3729632e-22
   8.8931039e+00   9.0612243e-22
   8.9136114e+00   9.9117012e-22
   8.9341663e+00   1.0985967e-21
   8.9547686e+00   1.2381238e-21
   8.9754183e+00   1.4260531e-21
   8.9961157e+00   1.6919661e-21
   9.0168608e+00   2.0957014e-21
   9.0376538e+00   2.7793084e-21
   9.0584947e+00   4.1819880e-21
   9.0793836e+00   8.6678510e-21
   9.1003208e+00   8.9941448e-20
   9.1213062e+00   7.1518153e-21
   9.1423400e+00   3.7057605e-21
   9.1634223e+00   2.5041909e-21
   9.1845532e+00   1.9093510e-21
   9.2057328e+00   1.5868339e-21
   9.2269613e+00   1.4780954e-21
   9.2482388e+00   1.8926194e-21
   9.2695653e+00   3.9194526e-20
   9.2909410e+00   1.7594292e-21
   9.3123660e+00   1.0602585e-21
   9.3338403e+00   8.3636137e-22
   9.3553642e+00   7.1786717e-22
   9.3769378e+00   6.3957285e-22
   9.3985611e+00   5.8167799e-22
   9.4202342e+00   5.3608933e-22
   9.4419574e+00   4.9878474e-22
   9.4637306e+00   4.6747182e-22
   9.4855540e+00   4.4070955e-22
   9.5074278e+00   4.1752506e-22
   9.5293520e+00   3.9722573e-22
   9.5513267e+00   3.7929838e-22
   9.5733522e+00   3.6335086e-22
   9.5954284e+00   3.4907611e-22
   9.6175555e+00   3.3622903e-22
   9.6397337e+00   3.2461081e-22
   9.6619630e+00   3.1405804e-22
   9.6842435e+00   3.0443493e-22
   9.7065755e+00   2.9562747e-22
   9.7289589e+00   2.8753919e-22
   9.7513940e+00   2.8008787e-22
   9.7738808e+00   2.7320295e-22
   9.7964194e+00   2.6682352e-22
   9.8190100e+00   2.6089676e-22
   9.8416527e+00   2.5537661e-22
   9.8643477e+00   2.5022278e-22
   9.8870949e+00   2.4539983e-22
   9.9098946e+00   2.4087653e-22
   9.9327469e+00   2.3662522e-22
   9.9556519e+00   2.3262136e-22
   9.9786097e+00   2.2884310e-22
   1.0001620e+01   2.2527112e-22
   1.0024684e+01   2.2188909e-22
   1.0047801e+01   2.1867842e-22
   1.0070972e+01   2.1562598e-22
   1.0094195e+01   2.1271984e-22
   1.0117473e+01   2.0994895e-22
   1.0140804e+01   2.0730271e-22
   1.0164188e+01   2.0477156e-22
   1.0187627e+01   2.0234683e-22
   1.0211120e+01   2.0002071e-22
   1.0234667e+01   1.9778638e-22
   1.0258268e+01   1.9563738e-22
   1.0281924e+01   1.9356772e-22
   1.0305634e+01   1.9157196e-22
   1.0329399e+01   1.8964531e-22
   1.0353218e+01   1.8778327e-22
   1.0377093e+01   1.8598162e-22
   1.0401023e+01   1.8423650e-22
   1.0425007e+01   1.8254445e-22
   1.0449048e+01   1.8090227e-22
   1.0473143e+01   1.7930695e-22
   1.0497294e+01   1.7775567e-22
   1.0521501e+01   1.7624591e-22
   1.0545764e+01   1.7477535e-22
   1.0570082e+01   1.7334178e-22
   1.0594457e+01   1.7194313e-22
   1.0618888e+01   1.7057754e-22
   1.0643375e+01   1.6924328e-22
   1.0667919e+01   1.6793871e-22
   1.0692519e+01   1.6666230e-22
   1.0717176e+01   1.6541263e-22
   1.0741890e+01   1.6418841e-22
   1.0766661e+01   1.6298840e-22
   1.0791489e+01   1.6181144e-22
   1.0816374e+01   1.6065646e-22
   1.0841317e+01   1.5952247e-22
   1.0866317e+01   1.5840852e-22
   1.0891375e+01   1.5731373e-22
   1.0916491e+01   1.5623726e-22
   1.0941664e+01   1.5517836e-22
   1.0966896e+01   1.5413630e-22
   1.0992185e+01   1.5311037e-22
   1.1017533e+01   1.5209995e-22
   1.1042940e+01   1.5110442e-22
   1.1068405e+01   1.5012323e-22
   1.1093929e+01   1.4915583e-22
   1.1119512e+01   1.4820170e-22
   1.1145153e+01   1.4726039e-22
   1.1170854e+01   1.4633144e-22
   1.1196614e+01   1.4541441e-22
   1.1222434e+01   1.4450891e-22
   1.1248313e+01   1.4361456e-22
   1.1274251e+01   1.4273099e-22
   1.1300250e+01   1.4185786e-22
   1.1326308e+01   1.4099485e-22
   1.1352427e+01   1.4014166e-22
   1.1378606e+01   1.3929798e-22
   1.1404845e+01   1.3846355e-22
   1.1431144e+01   1.3763809e-22
   1.1457505e+01   1.3682137e-22
   1.1483926e+01   1.3601313e-22
   1.1510408e+01   1.3521316e-22
   1.1536951e+01   1.3442124e-22
   1.1563555e+01   1.3363716e-22
   1.1590221e+01   1.3286072e-22
   1.1616948e+01   1.3209174e-22
   1.1643737e+01   1.3133005e-22
   1.1670587e+01   1.3057545e-22
   1.1697500e+01   1.2982781e-22
   1.1724474e+01   1.2908695e-22
   1.1751511e+01   1.2835272e-22
   1.1778610e+01   1.2762499e-22
   1.1805772e+01   1.2690362e-22
   1.1832996e+01   1.2618847e-22
   1.1860283e+01   1.2547942e-22
   1.1887633e+01   1.2477634e-22
   1.1915046e+01   1.2407912e-22
   1.1942522e+01   1.2338764e-22
   1.1970061e+01   1.2270180e-22
   1.1997664e+01   1.2202150e-22
   1.2025331e+01   1.2134662e-22
   1.2053062e+01   1.2067709e-22
   1.2080856e+01   1.2001279e-22
   1.2108715e+01   1.1935365e-22
   1.2136637e+01   1.1869957e-22
   1.2164625e+01   1.1805047e-22
   1.2192676e+01   1.1740627e-22
   1.2220793e+01   1.1676690e-22
   1.2248974e+01   1.1613227e-22
   1.2277220e+01   1.1550231e-22
   1.2305532e+01   1.1487695e-22
   1.2333908e+01   1.1425613e-22
   1.2362350e+01   1.1363977e-22
   1.2390858e+01   1.1302780e-22
   1.2419431e+01   1.1242018e-22
   1.2448071e+01   1.1181683e-22
   1.2476776e+01   1.1121770e-22
   1.2505548e+01   1.1062273e-22
   1.2534386e+01   1.1003185e-22
   1.2563290e+01   1.0944503e-22
   1.2592261e+01   1.0886220e-22
   1.2621299e+01   1.0828331e-22
   1.2650404e+01   1.0770832e-22
   1.2679576e+01   1.0713717e-22
   1.2708815e+01   1.0656981e-22
   1.2738121e+01   1.0600621e-22
   1.2767496e+01   1.0544630e-22
   1.2796938e+01   1.0489006e-22
   1.2826447e+01   1.0433743e-22
   1.2856025e+01   1.0378837e-22
   1.2885671e+01   1.0324284e-22
   1.2915386e+01   1.0270081e-22
   1.2945169e+01   1.0216223e-22
   1.2975020e+01   1.0162705e-22
   1.3004941e+01   1.0109526e-22
   1.3034930e+01   1.0056680e-22
   1.3064989e+01   1.0004164e-22
   1.3095117e+01   9.9519754e-23
   1.3125314e+01   9.9001096e-23
   1.3155582e+01   9.8485635e-23
   1.3185918e+01   9.7973338e-23
   1.3216325e+01   9.7464173e-23
   1.3246802e+01   9.6958108e-23
   1.3277349e+01   9.6455110e-23
   1.3307967e+01   9.5955150e-23
   1.3338655e+01   9.5458198e-23
   1.3369414e+01   9.4964223e-23
   1.3400244e+01   9.4473196e-23
   1.3431145e+01   9.3985089e-23
   1.3462118e+01   9.3499875e-23
   1.3493162e+01   9.3017525e-23
   1.3524277e+01   9.2538012e-23
   1.3555464e+01   9.2061311e-23
   1.3586723e+01   9.1587394e-23
   1.3618054e+01   9.1116237e-23
   1.3649457e+01   9.0647814e-23
   1.3680933e+01   9.0182100e-23
   1.3712481e+01   8.9719071e-23
   1.3744103e+01   8.9258704e-23
   1.3775797e+01   8.8800974e-23
   1.3807564e+01   8.8345859e-23
   1.3839404e+01   8.7893335e-23
   1.3871318e+01   8.7443380e-23
   1.3903305e+01   8.6995973e-23
   1.3935366e+01   8.6551092e-23
   1.3967501e+01   8.6108715e-23
   1.3999710e+01   8.5668821e-23
   1.4031994e+01   8.5231389e-23
   1.4064352e+01   8.4796400e-23
   1.4096784e+01   8.4363833e-23
   1.4129292e+01   8.3933668e-23
   1.4161874e+01   8.3505886e-23
   1.4194531e+01   8.3080467e-23
   1.4227264e+01   8.2657393e-23
   1.4260072e+01   8.2236646e-23
   1.4292956e+01   8.1818206e-23
   1.4325916e+01   8.1402056e-23
   1.4358951e+01   8.0988177e-23
   1.4392063e+01   8.0576553e-23
   1.4425251e+01   8.0167166e-23
   1.4458516e+01   7.9759998e-23
   1.4491858e+01   7.9355033e-23
   1.4525276e+01   7.8952255e-23
   1.4558771e+01   7.8551646e-23
   1.4592344e+01   7.8153191e-23
   1.4625994e+01   7.7756873e-23
   1.4659722e+01   7.7362678e-23
   1.4693527e+01   7.6970588e-23
   1.4727410e+01   7.6580590e-23
   1.4761372e+01   7.6192667e-23
   1.4795412e+01   7.5806806e-23
   1.4829530e+01   7.5422990e-23
   1.4863727e+01   7.5041206e-23
   1.4898003e+01   7.4661438e-23
   1.4932358e+01   7.4283674e-23
   1.4966792e+01   7.3907898e-23
   1.5001306e+01   7.3534097e-23
   1.5035899e+01   7.3162258e-23
   1.5070572e+01   7.2792366e-23
   1.5105324e+01   7.2424408e-23
   1.5140157e+01   7.2058371e-23
   1.5175071e+01   7.1694243e-23
   1.5210065e+01   7.1332009e-23
   1.5245139e+01   7.0971657e-23
   1.5280295e+01   7.0613176e-23
   1.5315531e+01   7.0256551e-23
   1.5350849e+01   6.9901771e-23
   1.5386248e+01   6.9548824e-23
   1.5421729e+01   6.9197698e-23
   1.5457291e+01   6.8848380e-23
   1.5492936e+01   6.8500859e-23
   1.5528663e+01   6.8155124e-23
   1.5564472e+01   6.7811162e-23
   1.5600364e+01   6.7468963e-23
   1.5636338e+01   6.7128514e-23
   1.5672396e+01   6.6789805e-23
   1.5708537e+01   6.6452826e-23
   1.5744761e+01   6.6117564e-23
   1.5781068e+01   6.5784009e-23
   1.5817459e+01   6.5452151e-23
   1.5853935e+01   6.5121978e-23
   1.5890494e+01   6.4793481e-23
   1.5927137e+01   6.4466648e-23
   1.5963866e+01   6.4141470e-23
   1.6000678e+01   6.3817937e-23
   1.6037576e+01   6.3496038e-23
   1.6074559e+01   6.3175764e-23
   1.6111627e+01   6.2857104e-23
   1.6148780e+01   6.2540049e-23
   1.6186020e+01   6.2224588e-23
   1.6223345e+01   6.1910714e-23
   1.6260756e+01   6.1598415e-23
   1.6298253e+01   6.1287683e-23
   1.6335837e+01   6.0978509e-23
   1.6373508e+01   6.0670882e-23
   1.6411265e+01   6.0364794e-23
   1.6449110e+01   6.0060236e-23
   1.6487041e+01   5.9757199e-23
   1.6525061e+01   5.9455674e-23
   1.6563168e+01   5.9155651e-23
   1.6601362e+01   5.8857124e-23
   1.6639645e+01   5.8560082e-23
   1.6678016e+01   5.8264517e-23
   1.6716476e+01   5.7970420e-23
   1.6755024e+01   5.7677784e-23
   1.6793662e+01   5.7386599e-23
   1.6832388e+01   5.7096859e-23
   1.6871203e+01   5.6808553e-23
   1.6910109e+01   5.6521674e-23
   1.6949103e+01   5.6236215e-23
   1.6988188e+01   5.5952166e-23
   1.7027363e+01   5.5669521e-23
   1.7066628e+01   5.5388271e-23
   1.7105984e+01   5.5108408e-23
   1.7145431e+01   5.4829925e-23
   1.7184968e+01   5.4552813e-23
   1.7224597e+01   5.4277066e-23
   1.7264317e+01   5.4002676e-23
   1.7304128e+01   5.3729635e-23
   1.7344032e+01   5.3457936e-23
   1.7384027e+01   5.3187571e-23
   1.7424115e+01   5.2918533e-23
   1.7464295e+01   5.2650815e-23
   1.7504568e+01   5.2384410e-23
   1.7544934e+01   5.2119310e-23
   1.7585392e+01   5.1855508e-23
   1.7625945e+01   5.1592998e-23
   1.7666590e+01   5.1331771e-23
   1.7707329e+01   5.1071823e-23
   1.7748163e+01   5.0813144e-23
   1.7789090e+01   5.0555729e-23
   1.7830112e+01   5.0299571e-23
   1.7871228e+01   5.0044663e-23
   1.7912439e+01   4.9790998e-23
   1.7953746e+01   4.9538570e-23
   1.7995147e+01   4.9287373e-23
   1.8036644e+01   4.9037398e-23
   1.8078237e+01   4.8788641e-23
   1.8119925e+01   4.8541095e-23
   1.8161710e+01   4.8294752e-23
   1.8203591e+01   4.8049608e-23
   1.8245569e+01   4.7805655e-23
   1.8287643e+01   4.7562888e-23
   1.8329814e+01   4.7321299e-23
   1.8372083e+01   4.7080884e-23
   1.8414449e+01   4.6841635e-23
   1.8456913e+01   4.6603547e-23
   1.8499475e+01   4.6366613e-23
   1.8542135e+01   4.6130828e-23
   1.8584893e+01   4.5896186e-23
   1.8627750e+01   4.5662680e-23
   1.8670706e+01   4.5430305e-23
   1.8713761e+01   4.5199055e-23
   1.8756915e+01   4.4968925e-23
   1.8800168e+01   4.4739907e-23
   1.8843522e+01   4.4511998e-23
   1.8886975e+01   4.4285190e-23
   1.8930528e+01   4.4059478e-23
   1.8974182e+01   4.3834857e-23
   1.9017937e+01   4.3611322e-23
   1.9061792e+01   4.3388866e-23
   1.9105749e+01   4.3167483e-23
   1.9149807e+01   4.2947170e-23
   1.9193967e+01   4.2727919e-23
   1.9238228e+01   4.2509726e-23
   1.9282592e+01   4.2292586e-23
   1.9327057e+01   4.2076493e-23
   1.9371626e+01   4.1861441e-23
   1.9416297e+01   4.1647426e-23
   1.9461071e+01   4.1434442e-23
   1.9505948e+01   4.1222484e-23
   1.9550929e+01   4.1011546e-23
   1.9596014e+01   4.0801625e-23
   1.9641202e+01   4.0592714e-23
   1.9686495e+01   4.0384809e-23
   1.9731892e+01   4.0177904e-23
   1.9777394e+01   3.9971995e-23
   1.9823001e+01   3.9767076e-23
   1.9868713e+01   3.9563143e-23
   1.9914530e+01   3.9360190e-23
   1.9960454e+01   3.9158213e-23
   2.0006482e+01   3.8957208e-23
   2.0052618e+01   3.8757168e-23
   2.0098859e+01   3.8558089e-23
   2.0145207e+01   3.8359968e-23
   2.0191662e+01   3.8162797e-23
   2.0238224e+01   3.7966574e-23
   2.0284894e+01   3.7771294e-23
   2.0331671e+01   3.7576951e-23
   2.0378556e+01   3.7383541e-23
   2.0425549e+01   3.7191060e-23
   2.0472650e+01   3.6999503e-23
   2.0519861e+01   3.6808865e-23
   2.0567180e+01   3.6619143e-23
   2.0614608e+01   3.6430330e-23
   2.0662145e+01   3.6242424e-23
   2.0709792e+01   3.6055419e-23
   2.0757549e+01   3.5869311e-23
   2.0805416e+01   3.5684096e-23
   2.0853394e+01   3.5499770e-23
   2.0901482e+01   3.5316327e-23
   2.0949681e+01   3.5133764e-23
   2.0997991e+01   3.4952077e-23
   2.1046412e+01   3.4771261e-23
   2.1094945e+01   3.4591312e-23
   2.1143591e+01   3.4412225e-23
   2.1192348e+01   3.4233998e-23
   2.1241218e+01   3.4056624e-23
   2.1290200e+01   3.3880101e-23
   2.1339295e+01   3.3704425e-23
   2.1388504e+01   3.3529590e-23
   2.1437826e+01   3.3355593e-23
   2.1487262e+01   3.3182431e-23
   2.1536812e+01   3.3010098e-23
   2.1586476e+01   3.2838591e-23
   2.1636254e+01   3.2667907e-23
   2.1686148e+01   3.2498040e-23
   2.1736156e+01   3.2328988e-23
   2.1786280e+01   3.2160745e-23
   2.1836519e+01   3.1993310e-23
   2.1886874e+01   3.1826676e-23
   2.1937346e+01   3.1660842e-23
   2.1987933e+01   3.1495802e-23
   2.2038638e+01   3.1331553e-23
   2.2089459e+01   3.1168092e-23
   2.2140397e+01   3.1005414e-23
   2.2191453e+01   3.0843516e-23
   2.2242627e+01   3.0682394e-23
   2.2293919e+01   3.0522045e-23
   2.2345328e+01   3.0362464e-23
   2.2396857e+01   3.0203649e-23
   2.2448504e+01   3.0045594e-23
   2.2500271e+01   2.9888298e-23
   2.2552157e+01   2.9731756e-23
   2.2604162e+01   2.9575965e-23
   2.2656287e+01   2.9420921e-23
   2.2708533e+01   2.9266620e-23
   2.2760899e+01   2.9113060e-23
   2.2813386e+01   2.8960236e-23
   2.2865994e+01   2.8808146e-23
   2.2918723e+01   2.8656785e-23
   2.2971574e+01   2.8506151e-23
   2.3024546e+01   2.8356239e-23
   2.3077641e+01   2.8207047e-23
   2.3130858e+01   2.8058571e-23
   2.3184198e+01   2.7910808e-23
   2.3237661e+01   2.7763754e-23
   2.3291247e+01   2.7617407e-23
   2.3344957e+01   2.7471762e-23
   2.3398791e+01   2.7326817e-23
   2.3452748e+01   2.7182568e-23
   2.3506831e+01   2.7039012e-23
   2.3561038e+01   2.6896146e-23
   2.3615370e+01   2.6753966e-23
   2.3669827e+01   2.6612470e-23
   2.3724410e+01   2.6471655e-23
   2.3779118e+01   2.6331516e-23
   2.3833953e+01   2.6192051e-23
   2.3888914e+01   2.6053257e-23
   2.3944002e+01   2.5915131e-23
   2.3999217e+01   2.5777669e-23
   2.4054560e+01   2.5640869e-23
   2.4110030e+01   2.5504728e-23
   2.4165628e+01   2.5369241e-23
   2.4221354e+01   2.5234408e-23
   2.4277208e+01   2.5100224e-23
   2.4333192e+01   2.4966686e-23
   2.4389304e+01   2.4833791e-23
   2.4445546e+01   2.4701538e-23
   2.4501918e+01   2.4569922e-23
   2.4558420e+01   2.4438940e-23
   2.4615051e+01   2.4308590e-23
   2.4671814e+01   2.4178869e-23
   2.4728707e+01   2.4049774e-23
   2.4785732e+01   2.3921303e-23
   2.4842888e+01   2.3793451e-23
   2.4900176e+01   2.3666217e-23
   2.4957596e+01   2.3539598e-23
   2.5015148e+01   2.3413590e-23
   2.5072833e+01   2.3288192e-23
   2.5130652e+01   2.3163400e-23
   2.5188603e+01   2.3039211e-23
   2.5246688e+01   2.2915623e-23
   2.5304907e+01   2.2792634e-23
   2.5363261e+01   2.2670239e-23
   2.5421748e+01   2.2548438e-23
   2.5480371e+01   2.2427226e-23
   2.5539129e+01   2.2306602e-23
   2.5598023e+01   2.2186562e-23
   2.5657052e+01   2.2067105e-23
   2.5716217e+01   2.1948227e-23
   2.5775519e+01   2.1829926e-23
   2.5834957e+01   2.1712199e-23
   2.5894533e+01   2.1595043e-23
   2.5954246e+01   2.1478457e-23
   2.6014097e+01   2.1362438e-23
   2.6074085e+01   2.1246982e-23
   2.6134212e+01   2.1132088e-23
   2.6194478e+01   2.1017753e-23
   2.6254883e+01   2.0903975e-23
   2.6315427e+01   2.0790751e-23
   2.6376110e+01   2.0678078e-23
   2.6436934e+01   2.0565954e-23
   2.6497898e+01   2.0454377e-23
   2.6559002e+01   2.0343345e-23
   2.6620247e+01   2.0232854e-23
   2.6681634e+01   2.0122902e-23
   2.6743162e+01   2.0013488e-23
   2.6804832e+01   1.9904609e-23
   2.6866644e+01   1.9796261e-23
   2.6928599e+01   1.9688444e-23
   2.6990696e+01   1.9581155e-23
   2.7052937e+01   1.9474390e-23
   2.7115321e+01   1.9368149e-23
   2.7177849e+01   1.9262429e-23
   2.7240522e+01   1.9157227e-23
   2.7303338e+01   1.9052541e-23
   2.7366300e+01   1.8948370e-23
   2.7429407e+01   1.8844710e-23
   2.7492659e+01   1.8741559e-23
   2.7556058e+01   1.8638916e-23
   2.7619602e+01   1.8536778e-23
   2.7683293e+01   1.8435142e-23
   2.7747131e+01   1.8334008e-23
   2.7811116e+01   1.8233372e-23
   2.7875249e+01   1.8133232e-23
   2.7939529e+01   1.8033587e-23
   2.8003958e+01   1.7934434e-23
   2.8068536e+01   1.7835770e-23
   2.8133262e+01   1.7737595e-23
   2.8198137e+01   1.7639905e-23
   2.8263162e+01   1.7542699e-23
   2.8328338e+01   1.7445975e-23
   2.8393663e+01   1.7349730e-23
   2.8459139e+01   1.7253963e-23
   2.8524766e+01   1.7158671e-23
   2.8590544e+01   1.7063853e-23
   2.8656474e+01   1.6969507e-23
   2.8722556e+01   1.6875629e-23
   2.8788791e+01   1.6782220e-23
   2.8855178e+01   1.6689275e-23
   2.8921718e+01   1.6596795e-23
   2.8988412e+01   1.6504776e-23
   2.9055259e+01   1.6413216e-23
   2.9122261e+01   1.6322114e-23
   2.9189417e+01   1.6231468e-23
   2.9256728e+01   1.6141276e-23
   2.9324194e+01   1.6051536e-23
   2.9391816e+01   1.5962246e-23
   2.9459594e+01   1.5873405e-23
   2.9527528e+01   1.5785009e-23
   2.9595619e+01   1.5697058e-23
   2.9663866e+01   1.5609550e-23
   2.9732272e+01   1.5522483e-23
   2.9800834e+01   1.5435855e-23
   2.9869555e+01   1.5349664e-23
   2.9938435e+01   1.5263908e-23
   3.0007473e+01   1.5178586e-23
   3.0076670e+01   1.5093696e-23
   3.0146028e+01   1.5009236e-23
   3.0215544e+01   1.4925205e-23
   3.0285222e+01   1.4841600e-23
   3.0355060e+01   1.4758419e-23
   3.0425059e+01   1.4675662e-23
   3.0495219e+01   1.4593327e-23
   3.0565541e+01   1.4511411e-23
   3.0636026e+01   1.4429913e-23
   3.0706673e+01   1.4348832e-23
   3.0777482e+01   1.4268165e-23
   3.0848456e+01   1.4187912e-23
   3.0919592e+01   1.4108069e-23
   3.0990893e+01   1.4028637e-23
   3.1062358e+01   1.3949613e-23
   3.1133988e+01   1.3870995e-23
   3.1205784e+01   1.3792782e-23
   3.1277744e+01   1.3714972e-23
   3.1349871e+01   1.3637565e-23
   3.1422164e+01   1.3560557e-23
   3.1494624e+01   1.3483948e-23
   3.1567251e+01   1.3407736e-23
   3.1640045e+01   1.3331919e-23
   3.1713007e+01   1.3256496e-23
   3.1786138e+01   1.3181466e-23
   3.1859437e+01   1.3106827e-23
   3.1932905e+01   1.3032577e-23
   3.2006542e+01   1.2958715e-23
   3.2080350e+01   1.2885240e-23
   3.2154327e+01   1.2812149e-23
   3.2228475e+01   1.2739442e-23
   3.2302794e+01   1.2667117e-23
   3.2377285e+01   1.2595172e-23
   3.2451947e+01   1.2523607e-23
   3.2526782e+01   1.2452419e-23
   3.2601789e+01   1.2381608e-23
   3.2676969e+01   1.2311172e-23
   3.2752322e+01   1.2241109e-23
   3.2827849e+01   1.2171418e-23
   3.2903550e+01   1.2102098e-23
   3.2979426e+01   1.2033147e-23
   3.3055477e+01   1.1964564e-23
   3.3131703e+01   1.1896348e-23
   3.3208105e+01   1.1828498e-23
   3.3284683e+01   1.1761011e-23
   3.3361438e+01   1.1693887e-23
   3.3438370e+01   1.1627124e-23
   3.3515479e+01   1.1560721e-23
   3.3592766e+01   1.1494678e-23
   3.3670231e+01   1.1428991e-23
   3.3747875e+01   1.1363661e-23
   3.3825698e+01   1.1298686e-23
   3.3903700e+01   1.1234064e-23
   3.3981882e+01   1.1169795e-23
   3.4060245e+01   1.1105877e-23
   3.4138788e+01   1.1042309e-23
   3.4217512e+01   1.0979090e-23
   3.4296418e+01   1.0916219e-23
   3.4375506e+01   1.0853694e-23
   3.4454776e+01   1.0791514e-23
   3.4534229e+01   1.0729678e-23
   3.4613865e+01   1.0668184e-23
   3.4693685e+01   1.0607033e-23
   3.4773689e+01   1.0546222e-23
   3.4853877e+01   1.0485750e-23
   3.4934251e+01   1.0425617e-23
   3.5014809e+01   1.0365820e-23
   3.5095554e+01   1.0306360e-23
   3.5176484e+01   1.0247234e-23
   3.5257602e+01   1.0188443e-23
   3.5338906e+01   1.0129984e-23
   3.5420398e+01   1.0071856e-23
   3.5502077e+01   1.0014059e-23
   3.5583945e+01   9.9565919e-24
   3.5666002e+01   9.8994528e-24
   3.5748248e+01   9.8426412e-24
   3.5830684e+01   9.7861558e-24
   3.5913310e+01   9.7299958e-24
   3.5996126e+01   9.6741600e-24
   3.6079134e+01   9.6186475e-24
   3.6162332e+01   9.5634572e-24
   3.6245723e+01   9.5085882e-24
   3.6329306e+01   9.4540395e-24
   3.6413082e+01   9.3998101e-24
   3.6497050e+01   9.3458990e-24
   3.6581213e+01   9.2923053e-24
   3.6665569e+01   9.2390281e-24
   3.6750120e+01   9.1860663e-24
   3.6834867e+01   9.1334190e-24
   3.6919808e+01   9.0810854e-24
   3.7004945e+01   9.0290644e-24
   3.7090279e+01   8.9773553e-24
   3.7175810e+01   8.9259570e-24
   3.7261537e+01   8.8748687e-24
   3.7347463e+01   8.8240895e-24
   3.7433586e+01   8.7736185e-24
   3.7519908e+01   8.7234549e-24
   3.7606429e+01   8.6735978e-24
   3.7693150e+01   8.6240464e-24
   3.7780071e+01   8.5747997e-24
   3.7867192e+01   8.5258570e-24
   3.7954514e+01   8.4772174e-24
   3.8042037e+01   8.4288801e-24
   3.8129763e+01   8.3808443e-24
   3.8217690e+01   8.3331091e-24
   3.8305821e+01   8.2856739e-24
   3.8394154e+01   8.2385377e-24
   3.8482691e+01   8.1916999e-24
   3.8571433e+01   8.1451596e-24
   3.8660379e+01   8.0989160e-24
   3.8749530e+01   8.0529684e-24
   3.8838886e+01   8.0073161e-24
   3.8928449e+01   7.9619582e-24
   3.9018219e+01   7.9168941e-24
   3.9108195e+01   7.8721231e-24
   3.9198379e+01   7.8276443e-24
   3.9288770e+01   7.7834571e-24
   3.9379371e+01   7.7395607e-24
   3.9470180e+01   7.6959545e-24
   3.9561198e+01   7.6526378e-24
   3.9652427e+01   7.6096098e-24
   3.9743865e+01   7.5668699e-24
   3.9835515e+01   7.5244174e-24
   3.9927376e+01   7.4822516e-24
   4.0019449e+01   7.4403718e-24
   4.0111734e+01   7.3987775e-24
   4.0204232e+01   7.3574679e-24
   4.0296943e+01   7.3164424e-24
   4.0389868e+01   7.2757003e-24
   4.0483008e+01   7.2352411e-24
   4.0576362e+01   7.1950640e-24
   4.0669931e+01   7.1551685e-24
   4.0763716e+01   7.1155539e-24
   4.0857718e+01   7.0762197e-24
   4.0951936e+01   7.0371651e-24
   4.1046372e+01   6.9983897e-24
   4.1141025e+01   6.9598928e-24
   4.1235896e+01   6.9216738e-24
   4.1330987e+01   6.8837322e-24
   4.1426296e+01   6.8460673e-24
   4.1521826e+01   6.8086785e-24
   4.1617575e+01   6.7715654e-24
   4.1713546e+01   6.7347273e-24
   4.1809737e+01   6.6981636e-24
   4.1906151e+01   6.6618738e-24
   4.2002787e+01   6.6258574e-24
   4.2099646e+01   6.5901138e-24
   4.2196728e+01   6.5546424e-24
   4.2294034e+01   6.5194426e-24
   4.2391564e+01   6.4845141e-24
   4.2489319e+01   6.4498561e-24
   4.2587300e+01   6.4154682e-24
   4.2685507e+01   6.3813498e-24
   4.2783940e+01   6.3475005e-24
   4.2882600e+01   6.3139196e-24
   4.2981488e+01   6.2806066e-24
   4.3080603e+01   6.2475611e-24
   4.3179947e+01   6.2147825e-24
   4.3279521e+01   6.1822702e-24
   4.3379324e+01   6.1500238e-24
   4.3479357e+01   6.1180428e-24
   4.3579620e+01   6.0863266e-24
   4.3680115e+01   6.0548747e-24
   4.3780842e+01   6.0236866e-24
   4.3881801e+01   5.9927618e-24
   4.3982993e+01   5.9620998e-24
   4.4084418e+01   5.9317001e-24
   4.4186077e+01   5.9015621e-24
   4.4287970e+01   5.8716853e-24
   4.4390099e+01   5.8420693e-24
   4.4492463e+01   5.8127135e-24
   4.4595062e+01   5.7836174e-24
   4.4697899e+01   5.7547805e-24
   4.4800973e+01   5.7262023e-24
   4.4904284e+01   5.6978823e-24
   4.5007834e+01   5.6698199e-24
   4.5111622e+01   5.6420146e-24
   4.5215650e+01   5.6144659e-24
   4.5319918e+01   5.5871733e-24
   4.5424426e+01   5.5601362e-24
   4.5529175e+01   5.5333542e-24
   4.5634165e+01   5.5068267e-24
   4.5739398e+01   5.4805531e-24
   4.5844873e+01   5.4545329e-24
   4.5950592e+01   5.4287656e-24
   4.6056554e+01   5.4032506e-24
   4.6162761e+01   5.3779875e-24
   4.6269213e+01   5.3529755e-24
   4.6375910e+01   5.3282142e-24
   4.6482853e+01   5.3037030e-24
   4.6590043e+01   5.2794413e-24
   4.6697480e+01   5.2554286e-24
   4.6805165e+01   5.2316643e-24
   4.6913098e+01   5.2081477e-24
   4.7021280e+01   5.1848784e-24
   4.7129711e+01   5.1618556e-24
   4.7238393e+01   5.1390788e-24
   4.7347325e+01   5.1165474e-24
   4.7456508e+01   5.0942608e-24
   4.7565943e+01   5.0722183e-24
   4.7675631e+01   5.0504193e-24
   4.7785571e+01   5.0288632e-24
   4.7895765e+01   5.0075492e-24
   4.8006213e+01   4.9864769e-24
   4.8116916e+01   4.9656454e-24
   4.8227874e+01   4.9450541e-24
   4.8339087e+01   4.9247023e-24
   4.8450558e+01   4.9045894e-24
   4.8562285e+01   4.8847145e-24
   4.8674270e+01   4.8650771e-24
   4.8786513e+01   4.8456764e-24
   4.8899015e+01   4.8265117e-24
   4.9011777e+01   4.8075822e-24
   4.9124798e+01   4.7888871e-24
   4.9238081e+01   4.7704258e-24
   4.9351624e+01   4.7521974e-24
   4.9465429e+01   4.7342011e-24
   4.9579497e+01   4.7164362e-24
   4.9693828e+01   4.6989018e-24
   4.9808422e+01   4.6815972e-24
   4.9923280e+01   4.6645214e-24
   5.0038404e+01   4.6476737e-24
   5.0153793e+01   4.6310533e-24
   5.0269448e+01   4.6146591e-24
   5.0385370e+01   4.5984905e-24
   5.0501559e+01   4.5825464e-24
   5.0618016e+01   4.5668259e-24
   5.0734741e+01   4.5513283e-24
   5.0851736e+01   4.5360525e-24
   5.0969000e+01   4.5209975e-24
   5.1086535e+01   4.5061626e-24
   5.1204341e+01   4.4915466e-24
   5.1322419e+01   4.4771486e-24
   5.1440769e+01   4.4629677e-24
   5.1559392e+01   4.4490027e-24
   5.1678288e+01   4.4352528e-24
   5.1797458e+01   4.4217168e-24
   5.1916904e+01   4.4083938e-24
   5.2036625e+01   4.3952827e-24
   5.2156621e+01   4.3823824e-24
   5.2276895e+01   4.3696919e-24
   5.2397446e+01   4.3572100e-24
   5.2518275e+01   4.3449356e-24
   5.2639382e+01   4.3328677e-24
   5.2760769e+01   4.3210051e-24
   5.2882436e+01   4.3093467e-24
   5.3004383e+01   4.2978913e-24
   5.3126612e+01   4.2866377e-24
   5.3249122e+01   4.2755848e-24
   5.3371915e+01   4.2647314e-24
   5.3494991e+01   4.2540763e-24
   5.3618351e+01   4.2436183e-24
   5.3741995e+01   4.2333561e-24
   5.3865925e+01   4.2232885e-24
   5.3990140e+01   4.2134143e-24
   5.4114642e+01   4.2037322e-24
   5.4239430e+01   4.1942409e-24
   5.4364507e+01   4.1849392e-24
   5.4489872e+01   4.1758257e-24
   5.4615526e+01   4.1668992e-24
   5.4741470e+01   4.1581584e-24
   5.4867704e+01   4.1496019e-24
   5.4994229e+01   4.1412284e-24
   5.5121046e+01   4.1330365e-24
   5.5248156e+01   4.1250250e-24
   5.5375559e+01   4.1171924e-24
   5.5503255e+01   4.1095375e-24
   5.5631246e+01   4.1020587e-24
   5.5759532e+01   4.0947547e-24
   5.5888114e+01   4.0876242e-24
   5.6016992e+01   4.0806657e-24
   5.6146168e+01   4.0738779e-24
   5.6275642e+01   4.0672593e-24
   5.6405414e+01   4.0608084e-24
   5.6535485e+01   4.0545240e-24
   5.6665856e+01   4.0484044e-24
   5.6796528e+01   4.0424484e-24
   5.6927501e+01   4.0366544e-24
   5.7058777e+01   4.0310210e-24
   5.7190355e+01   4.0255468e-24
   5.7322236e+01   4.0202303e-24
   5.7454421e+01   4.0150700e-24
   5.7586912e+01   4.0100644e-24
   5.7719708e+01   4.0052122e-24
   5.7852810e+01   4.0005118e-24
   5.7986219e+01   3.9959617e-24
   5.8119935e+01   3.9915605e-24
   5.8253960e+01   3.9873066e-24
   5.8388294e+01   3.9831987e-24
   5.8522938e+01   3.9792351e-24
   5.8657893e+01   3.9754145e-24
   5.8793158e+01   3.9717354e-24
   5.8928736e+01   3.9681962e-24
   5.9064626e+01   3.9647954e-24
   5.9200829e+01   3.9615317e-24
   5.9337347e+01   3.9584034e-24
   5.9474179e+01   3.9554091e-24
   5.9611327e+01   3.9525474e-24
   5.9748791e+01   3.9498167e-24
   5.9886572e+01   3.9472155e-24
   6.0024671e+01   3.9447424e-24
   6.0163089e+01   3.9423960e-24
   6.0301825e+01   3.9401746e-24
   6.0440882e+01   3.9380769e-24
   6.0580259e+01   3.9361014e-24
   6.0719957e+01   3.9342465e-24
   6.0859978e+01   3.9325110e-24
   6.1000322e+01   3.9308932e-24
   6.1140989e+01   3.9293917e-24
   6.1281980e+01   3.9280052e-24
   6.1423297e+01   3.9267321e-24
   6.1564940e+01   3.9255710e-24
   6.1706909e+01   3.9245204e-24
   6.1849206e+01   3.9235790e-24
   6.1991830e+01   3.9227454e-24
   6.2134784e+01   3.9220180e-24
   6.2278067e+01   3.9213955e-24
   6.2421681e+01   3.9208766e-24
   6.2565626e+01   3.9204597e-24
   6.2709903e+01   3.9201435e-24
   6.2854512e+01   3.9199266e-24
   6.2999455e+01   3.9198077e-24
   6.3144732e+01   3.9197854e-24
   6.3290345e+01   3.9198583e-24
   6.3436293e+01   3.9200250e-24
   6.3582577e+01   3.9202843e-24
   6.3729199e+01   3.9206348e-24
   6.3876159e+01   3.9210751e-24
   6.4023458e+01   3.9216040e-24
   6.4171097e+01   3.9222201e-24
   6.4319076e+01   3.9229221e-24
   6.4467396e+01   3.9237088e-24
   6.4616058e+01   3.9245789e-24
   6.4765063e+01   3.9255310e-24
   6.4914412e+01   3.9265640e-24
   6.5064105e+01   3.9276765e-24
   6.5214144e+01   3.9288673e-24
   6.5364528e+01   3.9301353e-24
   6.5515259e+01   3.9314791e-24
   6.5666338e+01   3.9328975e-24
   6.5817765e+01   3.9343895e-24
   6.5969541e+01   3.9359536e-24
   6.6121667e+01   3.9375889e-24
   6.6274144e+01   3.9392940e-24
   6.6426973e+01   3.9410678e-24
   6.6580154e+01   3.9429093e-24
   6.6733688e+01   3.9448172e-24
   6.6887577e+01   3.9467904e-24
   6.7041820e+01   3.9488277e-24
   6.7196419e+01   3.9509282e-24
   6.7351374e+01   3.9530906e-24
   6.7506687e+01   3.9553139e-24
   6.7662358e+01   3.9575970e-24
   6.7818388e+01   3.9599389e-24
   6.7974778e+01   3.9623384e-24
   6.8131528e+01   3.9647946e-24
   6.8288640e+01   3.9673064e-24
   6.8446114e+01   3.9698728e-24
   6.8603951e+01   3.9724927e-24
   6.8762153e+01   3.9751652e-24
   6.8920719e+01   3.9778892e-24
   6.9079650e+01   3.9806638e-24
   6.9238949e+01   3.9834881e-24
   6.9398614e+01   3.9863610e-24
   6.9558648e+01   3.9892816e-24
   6.9719051e+01   3.9922490e-24
   6.9879823e+01   3.9952622e-24
   7.0040967e+01   3.9983204e-24
   7.0202482e+01   4.0014225e-24
   7.0364369e+01   4.0045678e-24
   7.0526630e+01   4.0077553e-24
   7.0689265e+01   4.0109842e-24
   7.0852275e+01   4.0142536e-24
   7.1015661e+01   4.0175626e-24
   7.1179423e+01   4.0209104e-24
   7.1343564e+01   4.0242962e-24
   7.1508083e+01   4.0277192e-24
   7.1672981e+01   4.0311785e-24
   7.1838259e+01   4.0346733e-24
   7.2003919e+01   4.0382028e-24
   7.2169960e+01   4.0417663e-24
   7.2336385e+01   4.0453630e-24
   7.2503193e+01   4.0489921e-24
   7.2670386e+01   4.0526528e-24
   7.2837964e+01   4.0563445e-24
   7.3005929e+01   4.0600664e-24
   7.3174282e+01   4.0638178e-24
   7.3343022e+01   4.0675979e-24
   7.3512152e+01   4.0714060e-24
   7.3681671e+01   4.0752415e-24
   7.3851582e+01   4.0791037e-24
   7.4021884e+01   4.0829919e-24
   7.4192579e+01   4.0869054e-24
   7.4363668e+01   4.0908436e-24
   7.4535151e+01   4.0948058e-24
   7.4707029e+01   4.0987914e-24
   7.4879304e+01   4.1027998e-24
   7.5051977e+01   4.1068303e-24
   7.5225047e+01   4.1108823e-24
   7.5398517e+01   4.1149552e-24
   7.5572386e+01   4.1190484e-24
   7.5746657e+01   4.1231614e-24
   7.5921329e+01   4.1272935e-24
   7.6096404e+01   4.1314442e-24
   7.6271883e+01   4.1356129e-24
   7.6447767e+01   4.1397991e-24
   7.6624056e+01   4.1440022e-24
   7.6800751e+01   4.1482217e-24
   7.6977855e+01   4.1524571e-24
   7.7155366e+01   4.1567078e-24
   7.7333287e+01   4.1609733e-24
   7.7511618e+01   4.1652531e-24
   7.7690361e+01   4.1695468e-24
   7.7869515e+01   4.1738538e-24
   7.8049083e+01   4.1781736e-24
   7.8229065e+01   4.1825057e-24
   7.8409461e+01   4.1868498e-24
   7.8590274e+01   4.1912053e-24
   7.8771504e+01   4.1955718e-24
   7.8953152e+01   4.1999488e-24
   7.9135218e+01   4.2043360e-24
   7.9317705e+01   4.2087327e-24
   7.9500612e+01   4.2131388e-24
   7.9683941e+01   4.2175536e-24
   7.9867693e+01   4.2219768e-24
   8.0051868e+01   4.2264081e-24
   8.0236468e+01   4.2308469e-24
   8.0421494e+01   4.2352929e-24
   8.0606947e+01   4.2397458e-24
   8.0792827e+01   4.2442050e-24
   8.0979136e+01   4.2486704e-24
   8.1165874e+01   4.2531414e-24
   8.1353044e+01   4.2576178e-24
   8.1540644e+01   4.2620991e-24
   8.1728678e+01   4.2665850e-24
   8.1917145e+01   4.2710753e-24
   8.2106046e+01   4.2755694e-24
   8.2295383e+01   4.2800672e-24
   8.2485157e+01   4.2845683e-24
   8.2675369e+01   4.2890723e-24
   8.2866019e+01   4.2935789e-24
   8.3057108e+01   4.2980879e-24
   8.3248639e+01   4.3025989e-24
   8.3440611e+01   4.3071116e-24
   8.3633025e+01   4.3116258e-24
   8.3825884e+01   4.3161411e-24
   8.4019187e+01   4.3206572e-24
   8.4212936e+01   4.3251740e-24
   8.4407131e+01   4.3296910e-24
   8.4601775e+01   4.3342080e-24
   8.4796867e+01   4.3387248e-24
   8.4992409e+01   4.3432412e-24
   8.5188403e+01   4.3477567e-24
   8.5384848e+01   4.3522713e-24
   8.5581746e+01   4.3567846e-24
   8.5779098e+01   4.3612964e-24
   8.5976905e+01   4.3658064e-24
   8.6175169e+01   4.3703146e-24
   8.6373889e+01   4.3748205e-24
   8.6573068e+01   4.3793240e-24
   8.6772706e+01   4.3838248e-24
   8.6972805e+01   4.3883228e-24
   8.7173365e+01   4.3928177e-24
   8.7374387e+01   4.3973094e-24
   8.7575873e+01   4.4017976e-24
   8.7777824e+01   4.4062821e-24
   8.7980240e+01   4.4107627e-24
   8.8183123e+01   4.4152392e-24
   8.8386474e+01   4.4197115e-24
   8.8590294e+01   4.4241793e-24
   8.8794584e+01   4.4286425e-24
   8.8999345e+01   4.4331009e-24
   8.9204578e+01   4.4375543e-24
   8.9410285e+01   4.4420026e-24
   8.9616465e+01   4.4464455e-24
   8.9823122e+01   4.4508830e-24
   9.0030254e+01   4.4553148e-24
   9.0237865e+01   4.4597408e-24
   9.0445954e+01   4.4641608e-24
   9.0654523e+01   4.4685748e-24
   9.0863573e+01   4.4729825e-24
   9.1073105e+01   4.4773837e-24
   9.1283120e+01   4.4817785e-24
   9.1493620e+01   4.4861665e-24
   9.1704605e+01   4.4905478e-24
   9.1916077e+01   4.4949221e-24
   9.2128036e+01   4.4992893e-24
   9.2340484e+01   4.5036493e-24
   9.2553422e+01   4.5080019e-24
   9.2766850e+01   4.5123472e-24
   9.2980771e+01   4.5166848e-24
   9.3195186e+01   4.5210148e-24
   9.3410095e+01   4.5253369e-24
   9.3625499e+01   4.5296511e-24
   9.3841400e+01   4.5339573e-24
   9.4057799e+01   4.5382554e-24
   9.4274697e+01   4.5425453e-24
   9.4492095e+01   4.5468268e-24
   9.4709995e+01   4.5510999e-24
   9.4928397e+01   4.5553645e-24
   9.5147302e+01   4.5596204e-24
   9.5366713e+01   4.5638676e-24
   9.5586629e+01   4.5681061e-24
   9.5807053e+01   4.5723356e-24
   9.6027984e+01   4.5765562e-24
   9.6249426e+01   4.5807677e-24
   9.6471378e+01   4.5849701e-24
   9.6693841e+01   4.5891632e-24
   9.6916818e+01   4.5933471e-24
   9.7140309e+01   4.5975216e-24
   9.7364315e+01   4.6016867e-24
   9.7588838e+01   4.6058423e-24
   9.7813879e+01   4.6099883e-24
   9.8039438e+01   4.6141246e-24
   9.8265518e+01   4.6182513e-24
   9.8492119e+01   4.6223681e-24
   9.8719243e+01   4.6264752e-24
   9.8946890e+01   4.6305724e-24
   9.9175062e+01   4.6346596e-24
   9.9403761e+01   4.6387368e-24
   9.9632987e+01   4.6428040e-24
   9.9862741e+01   4.6468610e-24
   1.0009303e+02   4.6509079e-24
   1.0032384e+02   4.6549446e-24
   1.0055519e+02   4.6589711e-24
   1.0078707e+02   4.6629872e-24
   1.0101948e+02   4.6669931e-24
   1.0125244e+02   4.6709885e-24
   1.0148593e+02   4.6749735e-24
   1.0171995e+02   4.6789481e-24
   1.0195452e+02   4.6829121e-24
   1.0218963e+02   4.6868656e-24
   1.0242528e+02   4.6908086e-24
   1.0266147e+02   4.6947409e-24
   1.0289821e+02   4.6986626e-24
   1.0313549e+02   4.7025736e-24
   1.0337332e+02   4.7064740e-24
   1.0361170e+02   4.7103636e-24
   1.0385063e+02   4.7142424e-24
   1.0409011e+02   4.7181105e-24
   1.0433015e+02   4.7219678e-24
   1.0457073e+02   4.7258143e-24
   1.0481187e+02   4.7296499e-24
   1.0505357e+02   4.7334746e-24
   1.0529582e+02   4.7372885e-24
   1.0553864e+02   4.7410914e-24
   1.0578201e+02   4.7448835e-24
   1.0602594e+02   4.7486646e-24
   1.0627044e+02   4.7524347e-24
   1.0651550e+02   4.7561939e-24
   1.0676113e+02   4.7599421e-24
   1.0700732e+02   4.7636793e-24
   1.0725408e+02   4.7674055e-24
   1.0750141e+02   4.7711207e-24
   1.0774931e+02   4.7748249e-24
   1.0799778e+02   4.7785181e-24
   1.0824682e+02   4.7822002e-24
   1.0849644e+02   4.7858713e-24
   1.0874663e+02   4.7895313e-24
   1.0899740e+02   4.7931803e-24
   1.0924875e+02   4.7968183e-24
   1.0950068e+02   4.8004452e-24
   1.0975319e+02   4.8040610e-24
   1.1000628e+02   4.8076658e-24
   1.1025996e+02   4.8112595e-24
   1.1051422e+02   4.8148422e-24
   1.1076906e+02   4.8184138e-24
   1.1102450e+02   4.8219744e-24
   1.1128052e+02   4.8255240e-24
   1.1153714e+02   4.8290625e-24
   1.1179434e+02   4.8325900e-24
   1.1205214e+02   4.8361064e-24
   1.1231053e+02   4.8396118e-24
   1.1256952e+02   4.8431062e-24
   1.1282911e+02   4.8465897e-24
   1.1308929e+02   4.8500621e-24
   1.1335008e+02   4.8535235e-24
   1.1361146e+02   4.8569740e-24
   1.1387345e+02   4.8604135e-24
   1.1413605e+02   4.8638420e-24
   1.1439924e+02   4.8672596e-24
   1.1466305e+02   4.8706663e-24
   1.1492746e+02   4.8740620e-24
   1.1519249e+02   4.8774469e-24
   1.1545812e+02   4.8808209e-24
   1.1572437e+02   4.8841840e-24
   1.1599123e+02   4.8875363e-24
   1.1625871e+02   4.8908777e-24
   1.1652680e+02   4.8942083e-24
   1.1679551e+02   4.8975281e-24
   1.1706484e+02   4.9008371e-24
   1.1733480e+02   4.9041354e-24
   1.1760537e+02   4.9074229e-24
   1.1787657e+02   4.9106996e-24
   1.1814839e+02   4.9139657e-24
   1.1842085e+02   4.9172211e-24
   1.1869392e+02   4.9204658e-24
   1.1896763e+02   4.9236999e-24
   1.1924197e+02   4.9269234e-24
   1.1951695e+02   4.9301363e-24
   1.1979255e+02   4.9333386e-24
   1.2006880e+02   4.9365303e-24
   1.2034568e+02   4.9397116e-24
   1.2062319e+02   4.9428823e-24
   1.2090135e+02   4.9460425e-24
   1.2118015e+02   4.9491923e-24
   1.2145959e+02   4.9523317e-24
   1.2173968e+02   4.9554607e-24
   1.2202041e+02   4.9585793e-24
   1.2230179e+02   4.9616875e-24
   1.2258382e+02   4.9647854e-24
   1.2286650e+02   4.9678731e-24
   1.2314983e+02   4.9709504e-24
   1.2343382e+02   4.9740176e-24
   1.2371846e+02   4.9770745e-24
   1.2400375e+02   4.9801213e-24
   1.2428971e+02   4.9831579e-24
   1.2457632e+02   4.9861844e-24
   1.2486359e+02   4.9892007e-24
   1.2515153e+02   4.9922071e-24
   1.2544013e+02   4.9952034e-24
   1.2572940e+02   4.9981897e-24
   1.2601933e+02   5.0011660e-24
   1.2630993e+02   5.0041324e-24
   1.2660120e+02   5.0070890e-24
   1.2689314e+02   5.0100356e-24
   1.2718576e+02   5.0129724e-24
   1.2747905e+02   5.0158994e-24
   1.2777302e+02   5.0188166e-24
   1.2806767e+02   5.0217241e-24
   1.2836299e+02   5.0246218e-24
   1.2865900e+02   5.0275099e-24
   1.2895569e+02   5.0303884e-24
   1.2925306e+02   5.0332572e-24
   1.2955112e+02   5.0361165e-24
   1.2984986e+02   5.0389662e-24
   1.3014930e+02   5.0418065e-24
   1.3044942e+02   5.0446372e-24
   1.3075024e+02   5.0474586e-24
   1.3105175e+02   5.0502705e-24
   1.3135396e+02   5.0530731e-24
   1.3165686e+02   5.0558663e-24
   1.3196046e+02   5.0586503e-24
   1.3226476e+02   5.0614250e-24
   1.3256977e+02   5.0641905e-24
   1.3287547e+02   5.0669468e-24
   1.3318189e+02   5.0696940e-24
   1.3348901e+02   5.0724320e-24
   1.3379683e+02   5.0751610e-24
   1.3410537e+02   5.0778810e-24
   1.3441462e+02   5.0805919e-24
   1.3472458e+02   5.0832939e-24
   1.3503525e+02   5.0859870e-24
   1.3534665e+02   5.0886712e-24
   1.3565876e+02   5.0913466e-24
   1.3597159e+02   5.0940131e-24
   1.3628514e+02   5.0966709e-24
   1.3659941e+02   5.0993199e-24
   1.3691441e+02   5.1019603e-24
   1.3723014e+02   5.1045920e-24
   1.3754659e+02   5.1072151e-24
   1.3786377e+02   5.1098296e-24
   1.3818169e+02   5.1124356e-24
   1.3850034e+02   5.1150331e-24
   1.3881972e+02   5.1176221e-24
   1.3913984e+02   5.1202027e-24
   1.3946070e+02   5.1227750e-24
   1.3978229e+02   5.1253389e-24
   1.4010463e+02   5.1278945e-24
   1.4042772e+02   5.1304418e-24
   1.4075154e+02   5.1329809e-24
   1.4107612e+02   5.1355119e-24
   1.4140144e+02   5.1380347e-24
   1.4172751e+02   5.1405494e-24
   1.4205434e+02   5.1430560e-24
   1.4238192e+02   5.1455547e-24
   1.4271025e+02   5.1480453e-24
   1.4303934e+02   5.1505280e-24
   1.4336919e+02   5.1530028e-24
   1.4369980e+02   5.1554698e-24
   1.4403117e+02   5.1579290e-24
   1.4436331e+02   5.1603803e-24
   1.4469621e+02   5.1628240e-24
   1.4502988e+02   5.1652599e-24
   1.4536432e+02   5.1676882e-24
   1.4569954e+02   5.1701089e-24
   1.4603552e+02   5.1725220e-24
   1.4637228e+02   5.1749276e-24
   1.4670981e+02   5.1773257e-24
   1.4704813e+02   5.1797164e-24
   1.4738722e+02   5.1820997e-24
   1.4772710e+02   5.1844756e-24
   1.4806776e+02   5.1868441e-24
   1.4840920e+02   5.1892054e-24
   1.4875144e+02   5.1915595e-24
   1.4909446e+02   5.1939064e-24
   1.4943827e+02   5.1962461e-24
   1.4978288e+02   5.1985787e-24
   1.5012828e+02   5.2009042e-24
   1.5047447e+02   5.2032227e-24
   1.5082147e+02   5.2055342e-24
   1.5116927e+02   5.2078388e-24
   1.5151786e+02   5.2101365e-24
   1.5186726e+02   5.2124273e-24
   1.5221747e+02   5.2147113e-24
   1.5256849e+02   5.2169885e-24
   1.5292031e+02   5.2192590e-24
   1.5327295e+02   5.2215227e-24
   1.5362639e+02   5.2237799e-24
   1.5398066e+02   5.2260304e-24
   1.5433574e+02   5.2282744e-24
   1.5469164e+02   5.2305118e-24
   1.5504836e+02   5.2327428e-24
   1.5540590e+02   5.2349673e-24
   1.5576427e+02   5.2371854e-24
   1.5612346e+02   5.2393972e-24
   1.5648348e+02   5.2416026e-24
   1.5684434e+02   5.2438018e-24
   1.5720602e+02   5.2459948e-24
   1.5756854e+02   5.2481815e-24
   1.5793189e+02   5.2503621e-24
   1.5829608e+02   5.2525367e-24
   1.5866112e+02   5.2547051e-24
   1.5902699e+02   5.2568676e-24
   1.5939371e+02   5.2590240e-24
   1.5976127e+02   5.2611746e-24
   1.6012968e+02   5.2633192e-24
   1.6049894e+02   5.2654580e-24
   1.6086905e+02   5.2675910e-24
   1.6124002e+02   5.2697183e-24
   1.6161184e+02   5.2718398e-24
   1.6198452e+02   5.2739556e-24
   1.6235805e+02   5.2760658e-24
   1.6273245e+02   5.2781704e-24
   1.6310772e+02   5.2802695e-24
   1.6348384e+02   5.2823631e-24
   1.6386084e+02   5.2844511e-24
   1.6423870e+02   5.2865338e-24
   1.6461744e+02   5.2886111e-24
   1.6499705e+02   5.2906830e-24
   1.6537753e+02   5.2927497e-24
   1.6575889e+02   5.2948111e-24
   1.6614114e+02   5.2968672e-24
   1.6652426e+02   5.2989182e-24
   1.6690826e+02   5.3009641e-24
   1.6729316e+02   5.3030049e-24
   1.6767894e+02   5.3050407e-24
   1.6806560e+02   5.3070714e-24
   1.6845316e+02   5.3090972e-24
   1.6884162e+02   5.3111181e-24
   1.6923097e+02   5.3131341e-24
   1.6962122e+02   5.3151453e-24
   1.7001236e+02   5.3171517e-24
   1.7040441e+02   5.3191533e-24
   1.7079737e+02   5.3211503e-24
   1.7119123e+02   5.3231425e-24
   1.7158600e+02   5.3251302e-24
   1.7198168e+02   5.3271133e-24
   1.7237827e+02   5.3290918e-24
   1.7277577e+02   5.3310658e-24
   1.7317419e+02   5.3330354e-24
   1.7357354e+02   5.3350006e-24
   1.7397380e+02   5.3369614e-24
   1.7437498e+02   5.3389179e-24
   1.7477709e+02   5.3408701e-24
   1.7518013e+02   5.3428181e-24
   1.7558410e+02   5.3447619e-24
   1.7598899e+02   5.3467015e-24
   1.7639483e+02   5.3486370e-24
   1.7680159e+02   5.3505684e-24
   1.7720930e+02   5.3524958e-24
   1.7761795e+02   5.3544192e-24
   1.7802753e+02   5.3563387e-24
   1.7843807e+02   5.3582542e-24
   1.7884955e+02   5.3601659e-24
   1.7926198e+02   5.3620738e-24
   1.7967535e+02   5.3639779e-24
   1.8008969e+02   5.3658782e-24
   1.8050498e+02   5.3677749e-24
   1.8092122e+02   5.3696679e-24
   1.8133843e+02   5.3715573e-24
   1.8175659e+02   5.3734431e-24
   1.8217573e+02   5.3753254e-24
   1.8259583e+02   5.3772042e-24
   1.8301689e+02   5.3790795e-24
   1.8343893e+02   5.3809515e-24
   1.8386194e+02   5.3828201e-24
   1.8428593e+02   5.3846854e-24
   1.8471089e+02   5.3865474e-24
   1.8513684e+02   5.3884061e-24
   1.8556377e+02   5.3902617e-24
   1.8599168e+02   5.3921141e-24
   1.8642058e+02   5.3939634e-24
   1.8685046e+02   5.3958096e-24
   1.8728134e+02   5.3976528e-24
   1.8771321e+02   5.3994930e-24
   1.8814608e+02   5.4013303e-24
   1.8857995e+02   5.4031646e-24
   1.8901482e+02   5.4049961e-24
   1.8945068e+02   5.4068248e-24
   1.8988756e+02   5.4086507e-24
   1.9032544e+02   5.4104738e-24
   1.9076433e+02   5.4122943e-24
   1.9120424e+02   5.4141121e-24
   1.9164516e+02   5.4159273e-24
   1.9208709e+02   5.4177399e-24
   1.9253005e+02   5.4195500e-24
   1.9297402e+02   5.4213575e-24
   1.9341902e+02   5.4231627e-24
   1.9386505e+02   5.4249654e-24
   1.9431210e+02   5.4267658e-24
   1.9476019e+02   5.4285638e-24
   1.9520930e+02   5.4303595e-24
   1.9565946e+02   5.4321530e-24
   1.9611065e+02   5.4339443e-24
   1.9656288e+02   5.4357335e-24
   1.9701616e+02   5.4375205e-24
   1.9747048e+02   5.4393054e-24
   1.9792585e+02   5.4410883e-24
   1.9838227e+02   5.4428692e-24
   1.9883974e+02   5.4446482e-24
   1.9929826e+02   5.4464252e-24
   1.9975785e+02   5.4482004e-24
   2.0021849e+02   5.4499737e-24
   2.0068020e+02   5.4517452e-24
   2.0114297e+02   5.4535150e-24
   2.0160680e+02   5.4552831e-24
   2.0207171e+02   5.4570495e-24
   2.0253769e+02   5.4588143e-24
   2.0300474e+02   5.4605774e-24
   2.0347287e+02   5.4623391e-24
   2.0394208e+02   5.4640992e-24
   2.0441237e+02   5.4658579e-24
   2.0488375e+02   5.4676151e-24
   2.0535621e+02   5.4693710e-24
   2.0582977e+02   5.4711255e-24
   2.0630441e+02   5.4728787e-24
   2.0678015e+02   5.4746306e-24
   2.0725699e+02   5.4763814e-24
   2.0773492e+02   5.4781309e-24
   2.0821396e+02   5.4798793e-24
   2.0869411e+02   5.4816267e-24
   2.0917536e+02   5.4833729e-24
   2.0965772e+02   5.4851182e-24
   2.1014119e+02   5.4868624e-24
   2.1062578e+02   5.4886057e-24
   2.1111148e+02   5.4903482e-24
   2.1159831e+02   5.4920898e-24
   2.1208625e+02   5.4938305e-24
   2.1257533e+02   5.4955705e-24
   2.1306553e+02   5.4973098e-24
   2.1355686e+02   5.4990484e-24
   2.1404932e+02   5.5007863e-24
   2.1454292e+02   5.5025236e-24
   2.1503766e+02   5.5042603e-24
   2.1553354e+02   5.5059965e-24
   2.1603056e+02   5.5077323e-24
   2.1652873e+02   5.5094675e-24
   2.1702804e+02   5.5112024e-24
   2.1752851e+02   5.5129369e-24
   2.1803013e+02   5.5146711e-24
   2.1853291e+02   5.5164050e-24
   2.1903685e+02   5.5181386e-24
   2.1954195e+02   5.5198721e-24
   2.2004822e+02   5.5216053e-24
   2.2055565e+02   5.5233385e-24
   2.2106425e+02   5.5250716e-24
   2.2157403e+02   5.5268046e-24
   2.2208498e+02   5.5285376e-24
   2.2259711e+02   5.5302707e-24
   2.2311042e+02   5.5320038e-24
   2.2362491e+02   5.5337371e-24
   2.2414060e+02   5.5354705e-24
   2.2465747e+02   5.5372041e-24
   2.2517553e+02   5.5389380e-24
   2.2569478e+02   5.5406721e-24
   2.2621524e+02   5.5424066e-24
   2.2673689e+02   5.5441414e-24
   2.2725975e+02   5.5458767e-24
   2.2778381e+02   5.5476124e-24
   2.2830908e+02   5.5493485e-24
   2.2883556e+02   5.5510852e-24
   2.2936326e+02   5.5528225e-24
   2.2989217e+02   5.5545603e-24
   2.3042231e+02   5.5562989e-24
   2.3095366e+02   5.5580380e-24
   2.3148624e+02   5.5597780e-24
   2.3202005e+02   5.5615187e-24
   2.3255509e+02   5.5632602e-24
   2.3309137e+02   5.5650025e-24
   2.3362888e+02   5.5667458e-24
   2.3416763e+02   5.5684899e-24
   2.3470762e+02   5.5702351e-24
   2.3524886e+02   5.5719812e-24
   2.3579134e+02   5.5737284e-24
   2.3633508e+02   5.5754767e-24
   2.3688007e+02   5.5772261e-24
   2.3742632e+02   5.5789768e-24
   2.3797382e+02   5.5807286e-24
   2.3852259e+02   5.5824816e-24
   2.3907263e+02   5.5842360e-24
   2.3962393e+02   5.5859917e-24
   2.4017651e+02   5.5877488e-24
   2.4073036e+02   5.5895073e-24
   2.4128548e+02   5.5912673e-24
   2.4184189e+02   5.5930287e-24
   2.4239958e+02   5.5947917e-24
   2.4295855e+02   5.5965563e-24
   2.4351882e+02   5.5983225e-24
   2.4408037e+02   5.6000904e-24
   2.4464322e+02   5.6018599e-24
   2.4520737e+02   5.6036312e-24
   2.4577282e+02   5.6054043e-24
   2.4633958e+02   5.6071793e-24
   2.4690764e+02   5.6089560e-24
   2.4747701e+02   5.6107347e-24
   2.4804769e+02   5.6125154e-24
   2.4861969e+02   5.6142980e-24
   2.4919301e+02   5.6160826e-24
   2.4976765e+02   5.6178694e-24
   2.5034362e+02   5.6196582e-24
   2.5092091e+02   5.6214492e-24
   2.5149954e+02   5.6232424e-24
   2.5207950e+02   5.6250378e-24
   2.5266080e+02   5.6268355e-24
   2.5324343e+02   5.6286355e-24
   2.5382742e+02   5.6304379e-24
   2.5441274e+02   5.6322426e-24
   2.5499942e+02   5.6340498e-24
   2.5558745e+02   5.6358595e-24
   2.5617684e+02   5.6376717e-24
   2.5676758e+02   5.6394865e-24
   2.5735969e+02   5.6413038e-24
   2.5795317e+02   5.6431238e-24
   2.5854801e+02   5.6449465e-24
   2.5914422e+02   5.6467720e-24
   2.5974181e+02   5.6486002e-24
   2.6034078e+02   5.6504312e-24
   2.6094112e+02   5.6522650e-24
   2.6154286e+02   5.6541018e-24
   2.6214598e+02   5.6559414e-24
   2.6275049e+02   5.6577841e-24
   2.6335639e+02   5.6596298e-24
   2.6396369e+02   5.6614785e-24
   2.6457240e+02   5.6633303e-24
   2.6518250e+02   5.6651853e-24
   2.6579401e+02   5.6670435e-24
   2.6640694e+02   5.6689048e-24
   2.6702127e+02   5.6707695e-24
   2.6763703e+02   5.6726374e-24
   2.6825420e+02   5.6745087e-24
   2.6887280e+02   5.6763834e-24
   2.6949282e+02   5.6782616e-24
   2.7011427e+02   5.6801431e-24
   2.7073716e+02   5.6820283e-24
   2.7136148e+02   5.6839169e-24
   2.7198724e+02   5.6858092e-24
   2.7261444e+02   5.6877051e-24
   2.7324310e+02   5.6896047e-24
   2.7387320e+02   5.6915080e-24
   2.7450475e+02   5.6934151e-24
   2.7513776e+02   5.6953260e-24
   2.7577223e+02   5.6972408e-24
   2.7640816e+02   5.6991594e-24
   2.7704556e+02   5.7010820e-24
   2.7768443e+02   5.7030086e-24
   2.7832477e+02   5.7049391e-24
   2.7896659e+02   5.7068738e-24
   2.7960989e+02   5.7088125e-24
   2.8025467e+02   5.7107554e-24
   2.8090094e+02   5.7127025e-24
   2.8154870e+02   5.7146538e-24
   2.8219796e+02   5.7166094e-24
   2.8284871e+02   5.7185693e-24
   2.8350096e+02   5.7205336e-24
   2.8415471e+02   5.7225022e-24
   2.8480998e+02   5.7244754e-24
   2.8546675e+02   5.7264530e-24
   2.8612504e+02   5.7284351e-24
   2.8678485e+02   5.7304218e-24
   2.8744617e+02   5.7324131e-24
   2.8810903e+02   5.7344091e-24
   2.8877341e+02   5.7364098e-24
   2.8943932e+02   5.7384152e-24
   2.9010677e+02   5.7404254e-24
   2.9077576e+02   5.7424404e-24
   2.9144629e+02   5.7444604e-24
   2.9211837e+02   5.7464852e-24
   2.9279200e+02   5.7485150e-24
   2.9346718e+02   5.7505498e-24
   2.9414391e+02   5.7525896e-24
   2.9482221e+02   5.7546345e-24
   2.9550207e+02   5.7566846e-24
   2.9618350e+02   5.7587399e-24
   2.9686651e+02   5.7608003e-24
   2.9755108e+02   5.7628660e-24
   2.9823724e+02   5.7649371e-24
   2.9892498e+02   5.7670135e-24
   2.9961430e+02   5.7690952e-24
   3.0030521e+02   5.7711825e-24
   3.0099772e+02   5.7732752e-24
   3.0169182e+02   5.7753734e-24
   3.0238752e+02   5.7774772e-24
   3.0308483e+02   5.7795866e-24
   3.0378375e+02   5.7817017e-24
   3.0448428e+02   5.7838224e-24
   3.0518642e+02   5.7859489e-24
   3.0589018e+02   5.7880812e-24
   3.0659557e+02   5.7902194e-24
   3.0730258e+02   5.7923634e-24
   3.0801122e+02   5.7945134e-24
   3.0872150e+02   5.7966693e-24
   3.0943341e+02   5.7988312e-24
   3.1014697e+02   5.8009992e-24
   3.1086217e+02   5.8031733e-24
   3.1157902e+02   5.8053535e-24
   3.1229752e+02   5.8075399e-24
   3.1301768e+02   5.8097326e-24
   3.1373950e+02   5.8119315e-24
   3.1446299e+02   5.8141368e-24
   3.1518814e+02   5.8163484e-24
   3.1591497e+02   5.8185664e-24
   3.1664347e+02   5.8207909e-24
   3.1737365e+02   5.8230220e-24
   3.1810552e+02   5.8252595e-24
   3.1883907e+02   5.8275037e-24
   3.1957432e+02   5.8297545e-24
   3.2031126e+02   5.8320120e-24
   3.2104990e+02   5.8342762e-24
   3.2179024e+02   5.8365472e-24
   3.2253229e+02   5.8388250e-24
   3.2327606e+02   5.8411097e-24
   3.2402153e+02   5.8434013e-24
   3.2476873e+02   5.8456999e-24
   3.2551765e+02   5.8480055e-24
   3.2626829e+02   5.8503181e-24
   3.2702067e+02   5.8526378e-24
   3.2777478e+02   5.8549647e-24
   3.2853063e+02   5.8572988e-24
   3.2928823e+02   5.8596401e-24
   3.3004757e+02   5.8619887e-24
   3.3080866e+02   5.8643446e-24
   3.3157151e+02   5.8667079e-24
   3.3233612e+02   5.8690786e-24
   3.3310249e+02   5.8714568e-24
   3.3387062e+02   5.8738425e-24
   3.3464053e+02   5.8762358e-24
   3.3541221e+02   5.8786366e-24
   3.3618568e+02   5.8810452e-24
   3.3696092e+02   5.8834614e-24
   3.3773796e+02   5.8858854e-24
   3.3851679e+02   5.8883172e-24
   3.3929741e+02   5.8907568e-24
   3.4007983e+02   5.8932044e-24
   3.4086406e+02   5.8956598e-24
   3.4165009e+02   5.8981233e-24
   3.4243794e+02   5.9005948e-24
   3.4322760e+02   5.9030743e-24
   3.4401909e+02   5.9055620e-24
   3.4481240e+02   5.9080579e-24
   3.4560754e+02   5.9105620e-24
   3.4640451e+02   5.9130744e-24
   3.4720333e+02   5.9155951e-24
   3.4800398e+02   5.9181242e-24
   3.4880648e+02   5.9206617e-24
   3.4961083e+02   5.9232076e-24
   3.5041703e+02   5.9257621e-24
   3.5122510e+02   5.9283251e-24
   3.5203503e+02   5.9308968e-24
   3.5284682e+02   5.9334771e-24
   3.5366049e+02   5.9360661e-24
   3.5447603e+02   5.9386639e-24
   3.5529346e+02   5.9412704e-24
   3.5611277e+02   5.9438859e-24
   3.5693397e+02   5.9465102e-24
   3.5775706e+02   5.9491435e-24
   3.5858205e+02   5.9517858e-24
   3.5940894e+02   5.9544371e-24
   3.6023774e+02   5.9570976e-24
   3.6106845e+02   5.9597672e-24
   3.6190108e+02   5.9624460e-24
   3.6273563e+02   5.9651340e-24
   3.6357210e+02   5.9678314e-24
   3.6441050e+02   5.9705381e-24
   3.6525083e+02   5.9732542e-24
   3.6609310e+02   5.9759797e-24
   3.6693731e+02   5.9787148e-24
   3.6778347e+02   5.9814594e-24
   3.6863159e+02   5.9842136e-24
   3.6948165e+02   5.9869774e-24
   3.7033368e+02   5.9897510e-24
   3.7118767e+02   5.9925343e-24
   3.7204364e+02   5.9953274e-24
   3.7290157e+02   5.9981303e-24
   3.7376148e+02   6.0009432e-24
   3.7462338e+02   6.0037660e-24
   3.7548727e+02   6.0065988e-24
   3.7635314e+02   6.0094417e-24
   3.7722102e+02   6.0122947e-24
   3.7809089e+02   6.0151578e-24
   3.7896277e+02   6.0180312e-24
   3.7983666e+02   6.0209148e-24
   3.8071257e+02   6.0238088e-24
   3.8159049e+02   6.0267131e-24
   3.8247044e+02   6.0296278e-24
   3.8335242e+02   6.0325530e-24
   3.8423644e+02   6.0354887e-24
   3.8512249e+02   6.0384350e-24
   3.8601059e+02   6.0413919e-24
   3.8690073e+02   6.0443595e-24
   3.8779292e+02   6.0473379e-24
   3.8868718e+02   6.0503270e-24
   3.8958349e+02   6.0533270e-24
   3.9048188e+02   6.0563378e-24
   3.9138233e+02   6.0593597e-24
   3.9228486e+02   6.0623925e-24
   3.9318947e+02   6.0654363e-24
   3.9409617e+02   6.0684913e-24
   3.9500496e+02   6.0715574e-24
   3.9591584e+02   6.0746348e-24
   3.9682883e+02   6.0777234e-24
   3.9774392e+02   6.0808233e-24
   3.9866112e+02   6.0839346e-24
   3.9958044e+02   6.0870574e-24
   4.0050187e+02   6.0901916e-24
   4.0142543e+02   6.0933374e-24
   4.0235112e+02   6.0964948e-24
   4.0327895e+02   6.0996638e-24
   4.0420891e+02   6.1028446e-24
   4.0514102e+02   6.1060371e-24
   4.0607528e+02   6.1092414e-24
   4.0701169e+02   6.1124576e-24
   4.0795026e+02   6.1156858e-24
   4.0889100e+02   6.1189259e-24
   4.0983390e+02   6.1221781e-24
   4.1077898e+02   6.1254425e-24
   4.1172624e+02   6.1287189e-24
   4.1267569e+02   6.1320076e-24
   4.1362732e+02   6.1353086e-24
   4.1458115e+02   6.1386219e-24
   4.1553718e+02   6.1419477e-24
   4.1649541e+02   6.1452859e-24
   4.1745585e+02   6.1486366e-24
   4.1841851e+02   6.1519999e-24
   4.1938338e+02   6.1553758e-24
   4.2035048e+02   6.1587645e-24
   4.2131982e+02   6.1621659e-24
   4.2229138e+02   6.1655802e-24
   4.2326519e+02   6.1690074e-24
   4.2424124e+02   6.1724475e-24
   4.2521955e+02   6.1759007e-24
   4.2620010e+02   6.1793669e-24
   4.2718293e+02   6.1828464e-24
   4.2816801e+02   6.1863391e-24
   4.2915537e+02   6.1898451e-24
   4.3014501e+02   6.1933645e-24
   4.3113692e+02   6.1968974e-24
   4.3213113e+02   6.2004438e-24
   4.3312763e+02   6.2040038e-24
   4.3412642e+02   6.2075775e-24
   4.3512752e+02   6.2111651e-24
   4.3613093e+02   6.2147665e-24
   4.3713665e+02   6.2183819e-24
   4.3814469e+02   6.2220114e-24
   4.3915506e+02   6.2256550e-24
   4.4016775e+02   6.2293129e-24
   4.4118278e+02   6.2329853e-24
   4.4220015e+02   6.2366722e-24
   4.4321987e+02   6.2403737e-24
   4.4424194e+02   6.2440901e-24
   4.4526636e+02   6.2478215e-24
   4.4629315e+02   6.2515680e-24
   4.4732231e+02   6.2553299e-24
   4.4835383e+02   6.2591073e-24
   4.4938774e+02   6.2629006e-24
   4.5042403e+02   6.2667099e-24
   4.5146271e+02   6.2705357e-24
   4.5250379e+02   6.2743783e-24
   4.5354727e+02   6.2782381e-24
   4.5459315e+02   6.2821157e-24
   4.5564145e+02   6.2860116e-24
   4.5669216e+02   6.2899267e-24
   4.5774529e+02   6.2938618e-24
   4.5880086e+02   6.2978180e-24
   4.5985886e+02   6.3017968e-24
   4.6091930e+02   6.3058000e-24
   4.6198218e+02   6.3098298e-24
   4.6304751e+02   6.3138893e-24
   4.6411530e+02   6.3179826e-24
   4.6518556e+02   6.3221151e-24
   4.6625828e+02   6.3262946e-24
   4.6733347e+02   6.3305319e-24
   4.6841115e+02   6.3348431e-24
   4.6949131e+02   6.3392527e-24
   4.7057396e+02   6.3437993e-24
   4.7165911e+02   6.3485469e-24
   4.7274676e+02   6.3536085e-24
   4.7383691e+02   6.3591983e-24
   4.7492958e+02   6.3657650e-24
   4.7602478e+02   6.3743854e-24
   4.7712249e+02   6.3882165e-24
   4.7822274e+02   6.4201806e-24
   4.7932553e+02   6.5776995e-24
   4.8043085e+02   4.0971674e-23
   4.8153873e+02   6.5535789e-24
   4.8264916e+02   6.4312624e-24
   4.8376216e+02   6.4110042e-24
   4.8487772e+02   6.4066062e-24
   4.8599585e+02   6.4068752e-24
   4.8711656e+02   6.4090017e-24
   4.8823985e+02   6.4120159e-24
   4.8936574e+02   6.4155109e-24
   4.9049422e+02   6.4192922e-24
   4.9162530e+02   6.4232572e-24
   4.9275899e+02   6.4273479e-24
   4.9389530e+02   6.4315294e-24
   4.9503423e+02   6.4357797e-24
   4.9617578e+02   6.4400844e-24
   4.9731996e+02   6.4444339e-24
   4.9846679e+02   6.4488213e-24
   4.9961626e+02   6.4532419e-24
   5.0076837e+02   6.4576923e-24
   5.0192315e+02   6.4621699e-24
   5.0308059e+02   6.4666727e-24
   5.0424070e+02   6.4711993e-24
   5.0540348e+02   6.4757486e-24
   5.0656894e+02   6.4803197e-24
   5.0773710e+02   6.4849120e-24
   5.0890794e+02   6.4895249e-24
   5.1008149e+02   6.4941581e-24
   5.1125774e+02   6.4988112e-24
   5.1243670e+02   6.5034839e-24
   5.1361839e+02   6.5081761e-24
   5.1480279e+02   6.5128876e-24
   5.1598993e+02   6.5176182e-24
   5.1717981e+02   6.5223679e-24
   5.1837243e+02   6.5271367e-24
   5.1956780e+02   6.5319244e-24
   5.2076593e+02   6.5367311e-24
   5.2196682e+02   6.5415567e-24
   5.2317048e+02   6.5464012e-24
   5.2437691e+02   6.5512646e-24
   5.2558613e+02   6.5561469e-24
   5.2679814e+02   6.5610482e-24
   5.2801294e+02   6.5659685e-24
   5.2923054e+02   6.5709077e-24
   5.3045095e+02   6.5758660e-24
   5.3167417e+02   6.5808434e-24
   5.3290022e+02   6.5858399e-24
   5.3412909e+02   6.5908555e-24
   5.3536079e+02   6.5958904e-24
   5.3659534e+02   6.6009445e-24
   5.3783273e+02   6.6060179e-24
   5.3907298e+02   6.6111107e-24
   5.4031609e+02   6.6162229e-24
   5.4156206e+02   6.6213545e-24
   5.4281090e+02   6.6265057e-24
   5.4406263e+02   6.6316764e-24
   5.4531724e+02   6.6368668e-24
   5.4657475e+02   6.6420769e-24
   5.4783515e+02   6.6473068e-24
   5.4909847e+02   6.6525565e-24
   5.5036469e+02   6.6578260e-24
   5.5163384e+02   6.6631155e-24
   5.5290591e+02   6.6684251e-24
   5.5418091e+02   6.6737547e-24
   5.5545886e+02   6.6791044e-24
   5.5673975e+02   6.6844743e-24
   5.5802360e+02   6.6898645e-24
   5.5931040e+02   6.6952751e-24
   5.6060018e+02   6.7007060e-24
   5.6189293e+02   6.7061574e-24
   5.6318866e+02   6.7116293e-24
   5.6448737e+02   6.7171218e-24
   5.6578909e+02   6.7226350e-24
   5.6709380e+02   6.7281690e-24
   5.6840152e+02   6.7337237e-24
   5.6971226e+02   6.7392993e-24
   5.7102602e+02   6.7448958e-24
   5.7234281e+02   6.7505133e-24
   5.7366264e+02   6.7561520e-24
   5.7498551e+02   6.7618117e-24
   5.7631143e+02   6.7674927e-24
   5.7764041e+02   6.7731949e-24
   5.7897245e+02   6.7789185e-24
   5.8030757e+02   6.7846635e-24
   5.8164576e+02   6.7904300e-24
   5.8298704e+02   6.7962180e-24
   5.8433141e+02   6.8020277e-24
   5.8567889e+02   6.8078591e-24
   5.8702947e+02   6.8137123e-24
   5.8838316e+02   6.8195872e-24
   5.8973998e+02   6.8254841e-24
   5.9109992e+02   6.8314030e-24
   5.9246300e+02   6.8373439e-24
   5.9382923e+02   6.8433070e-24
   5.9519860e+02   6.8492922e-24
   5.9657113e+02   6.8552998e-24
   5.9794683e+02   6.8613296e-24
   5.9932570e+02   6.8673819e-24
   6.0070775e+02   6.8734566e-24
   6.0209299e+02   6.8795539e-24
   6.0348142e+02   6.8856738e-24
   6.0487305e+02   6.8918164e-24
   6.0626789e+02   6.8979818e-24
   6.0766595e+02   6.9041700e-24
   6.0906723e+02   6.9103811e-24
   6.1047175e+02   6.9166152e-24
   6.1187950e+02   6.9228724e-24
   6.1329050e+02   6.9291527e-24
   6.1470475e+02   6.9354562e-24
   6.1612226e+02   6.9417829e-24
   6.1754305e+02   6.9481331e-24
   6.1896711e+02   6.9545066e-24
   6.2039445e+02   6.9609037e-24
   6.2182508e+02   6.9673243e-24
   6.2325902e+02   6.9737686e-24
   6.2469626e+02   6.9802365e-24
   6.2613681e+02   6.9867283e-24
   6.2758069e+02   6.9932440e-24
   6.2902789e+02   6.9997835e-24
   6.3047844e+02   7.0063471e-24
   6.3193232e+02   7.0129348e-24
   6.3338957e+02   7.0195467e-24
   6.3485017e+02   7.0261827e-24
   6.3631414e+02   7.0328431e-24
   6.3778148e+02   7.0395279e-24
   6.3925221e+02   7.0462372e-24
   6.4072633e+02   7.0529710e-24
   6.4220385e+02   7.0597294e-24
   6.4368478e+02   7.0665125e-24
   6.4516912e+02   7.0733203e-24
   6.4665688e+02   7.0801530e-24
   6.4814808e+02   7.0870106e-24
   6.4964271e+02   7.0938932e-24
   6.5114080e+02   7.1008009e-24
   6.5264233e+02   7.1077337e-24
   6.5414733e+02   7.1146917e-24
   6.5565580e+02   7.1216750e-24
   6.5716775e+02   7.1286837e-24
   6.5868318e+02   7.1357178e-24
   6.6020211e+02   7.1427775e-24
   6.6172454e+02   7.1498627e-24
   6.6325048e+02   7.1569737e-24
   6.6477994e+02   7.1641104e-24
   6.6631293e+02   7.1712729e-24
   6.6784945e+02   7.1784613e-24
   6.6938952e+02   7.1856757e-24
   6.7093314e+02   7.1929162e-24
   6.7248031e+02   7.2001828e-24
   6.7403106e+02   7.2074757e-24
   6.7558538e+02   7.2147948e-24
   6.7714328e+02   7.2221403e-24
   6.7870478e+02   7.2295122e-24
   6.8026988e+02   7.2369107e-24
   6.8183859e+02   7.2443358e-24
   6.8341091e+02   7.2517876e-24
   6.8498686e+02   7.2592661e-24
   6.8656645e+02   7.2667715e-24
   6.8814967e+02   7.2743038e-24
   6.8973655e+02   7.2818631e-24
   6.9132709e+02   7.2894495e-24
   6.9292130e+02   7.2970630e-24
   6.9451918e+02   7.3047037e-24
   6.9612074e+02   7.3123718e-24
   6.9772600e+02   7.3200673e-24
   6.9933497e+02   7.3277902e-24
   7.0094764e+02   7.3355407e-24
   7.0256403e+02   7.3433188e-24
   7.0418415e+02   7.3511247e-24
   7.0580800e+02   7.3589583e-24
   7.0743560e+02   7.3668198e-24
   7.0906695e+02   7.3747092e-24
   7.1070206e+02   7.3826267e-24
   7.1234095e+02   7.3905723e-24
   7.1398361e+02   7.3985461e-24
   7.1563006e+02   7.4065481e-24
   7.1728031e+02   7.4145785e-24
   7.1893437e+02   7.4226373e-24
   7.2059223e+02   7.4307247e-24
   7.2225393e+02   7.4388406e-24
   7.2391945e+02   7.4469852e-24
   7.2558881e+02   7.4551585e-24
   7.2726203e+02   7.4633607e-24
   7.2893910e+02   7.4715918e-24
   7.3062004e+02   7.4798519e-24
   7.3230485e+02   7.4881411e-24
   7.3399355e+02   7.4964595e-24
   7.3568615e+02   7.5048071e-24
   7.3738265e+02   7.5131840e-24
   7.3908306e+02   7.5215903e-24
   7.4078739e+02   7.5300261e-24
   7.4249565e+02   7.5384915e-24
   7.4420785e+02   7.5469865e-24
   7.4592400e+02   7.5555113e-24
   7.4764410e+02   7.5640658e-24
   7.4936818e+02   7.5726503e-24
   7.5109623e+02   7.5812648e-24
   7.5282826e+02   7.5899093e-24
   7.5456429e+02   7.5985840e-24
   7.5630432e+02   7.6072889e-24
   7.5804836e+02   7.6160241e-24
   7.5979643e+02   7.6247897e-24
   7.6154852e+02   7.6335858e-24
   7.6330466e+02   7.6424124e-24
   7.6506485e+02   7.6512697e-24
   7.6682909e+02   7.6601578e-24
   7.6859741e+02   7.6690766e-24
   7.7036980e+02   7.6780263e-24
   7.7214628e+02   7.6870071e-24
   7.7392685e+02   7.6960188e-24
   7.7571153e+02   7.7050618e-24
   7.7750033e+02   7.7141359e-24
   7.7929325e+02   7.7232414e-24
   7.8109031e+02   7.7323783e-24
   7.8289151e+02   7.7415467e-24
   7.8469686e+02   7.7507466e-24
   7.8650638e+02   7.7599782e-24
   7.8832007e+02   7.7692415e-24
   7.9013794e+02   7.7785367e-24
   7.9196000e+02   7.7878638e-24
   7.9378627e+02   7.7972228e-24
   7.9561675e+02   7.8066140e-24
   7.9745144e+02   7.8160373e-24
   7.9929037e+02   7.8254929e-24
   8.0113354e+02   7.8349808e-24
   8.0298096e+02   7.8445011e-24
   8.0483264e+02   7.8540539e-24
   8.0668859e+02   7.8636394e-24
   8.0854882e+02   7.8732575e-24
   8.1041334e+02   7.8829083e-24
   8.1228216e+02   7.8925921e-24
   8.1415529e+02   7.9023087e-24
   8.1603274e+02   7.9120584e-24
   8.1791452e+02   7.9218413e-24
   8.1980064e+02   7.9316573e-24
   8.2169110e+02   7.9415066e-24
   8.2358593e+02   7.9513892e-24
   8.2548512e+02   7.9613054e-24
   8.2738870e+02   7.9712551e-24
   8.2929666e+02   7.9812384e-24
   8.3120903e+02   7.9912554e-24
   8.3312580e+02   8.0013063e-24
   8.3504700e+02   8.0113910e-24
   8.3697262e+02   8.0215097e-24
   8.3890269e+02   8.0316625e-24
   8.4083720e+02   8.0418495e-24
   8.4277618e+02   8.0520707e-24
   8.4471963e+02   8.0623263e-24
   8.4666756e+02   8.0726163e-24
   8.4861998e+02   8.0829408e-24
   8.5057690e+02   8.0932999e-24
   8.5253834e+02   8.1036937e-24
   8.5450430e+02   8.1141222e-24
   8.5647479e+02   8.1245857e-24
   8.5844983e+02   8.1350841e-24
   8.6042942e+02   8.1456175e-24
   8.6241358e+02   8.1561861e-24
   8.6440231e+02   8.1667899e-24
   8.6639563e+02   8.1774291e-24
   8.6839354e+02   8.1881036e-24
   8.7039607e+02   8.1988137e-24
   8.7240321e+02   8.2095593e-24
   8.7441498e+02   8.2203406e-24
   8.7643138e+02   8.2311577e-24
   8.7845244e+02   8.2420106e-24
   8.8047816e+02   8.2528995e-24
   8.8250855e+02   8.2638244e-24
   8.8454362e+02   8.2747855e-24
   8.8658338e+02   8.2857828e-24
   8.8862785e+02   8.2968164e-24
   8.9067703e+02   8.3078864e-24
   8.9273094e+02   8.3189929e-24
   8.9478959e+02   8.3301360e-24
   8.9685298e+02   8.3413158e-24
   8.9892113e+02   8.3525323e-24
   9.0099405e+02   8.3637858e-24
   9.0307175e+02   8.3750762e-24
   9.0515424e+02   8.3864037e-24
   9.0724153e+02   8.3977683e-24
   9.0933364e+02   8.4091702e-24
   9.1143057e+02   8.4206095e-24
   9.1353233e+02   8.4320862e-24
   9.1563894e+02   8.4436005e-24
   9.1775041e+02   8.4551524e-24
   9.1986675e+02   8.4667422e-24
   9.2198797e+02   8.4783698e-24
   9.2411408e+02   8.4900355e-24
   9.2624510e+02   8.5017393e-24
   9.2838103e+02   8.5134814e-24
   9.3052188e+02   8.5252619e-24
   9.3266767e+02   8.5370811e-24
   9.3481841e+02   8.5489393e-24
   9.3697411e+02   8.5608366e-24
   9.3913478e+02   8.5727735e-24
   9.4130043e+02   8.5847507e-24
   9.4347108e+02   8.5967690e-24
   9.4564673e+02   8.6088302e-24
   9.4782740e+02   8.6209371e-24
   9.5001309e+02   8.6330961e-24
   9.5220383e+02   8.6453222e-24
   9.5439962e+02   8.6576602e-24
   9.5660047e+02   8.6702999e-24
   9.5880640e+02   8.6849940e-24
   9.6101742e+02   8.8935389e-24
   9.6323353e+02   8.7085203e-24
   9.6545475e+02   8.7195045e-24
   9.6768110e+02   8.7316553e-24
   9.6991258e+02   8.7440314e-24
   9.7214920e+02   8.7565033e-24
   9.7439099e+02   8.7690376e-24
   9.7663794e+02   8.7816227e-24
   9.7889008e+02   8.7942538e-24
   9.8114740e+02   8.8069286e-24
   9.8340994e+02   8.8196459e-24
   9.8567769e+02   8.8324051e-24
   9.8795067e+02   8.8452058e-24
   9.9022889e+02   8.8580478e-24
   9.9251237e+02   8.8709312e-24
   9.9480111e+02   8.8838558e-24
   9.9709513e+02   8.8968216e-24
   9.9939443e+02   8.9098287e-24
   1.0016990e+03   8.9228772e-24
   1.0040090e+03   8.9359671e-24
   1.0063242e+03   8.9490985e-24
   1.0086448e+03   8.9622715e-24
   1.0109708e+03   8.9754861e-24
   1.0133021e+03   8.9887424e-24
   1.0156387e+03   9.0020405e-24
   1.0179808e+03   9.0153806e-24
   1.0203283e+03   9.0287627e-24
   1.0226812e+03   9.0421869e-24
   1.0250395e+03   9.0556532e-24
   1.0274032e+03   9.0691619e-24
   1.0297724e+03   9.0827129e-24
   1.0321471e+03   9.0963064e-24
   1.0345272e+03   9.1099425e-24
   1.0369129e+03   9.1236213e-24
   1.0393040e+03   9.1373429e-24
   1.0417006e+03   9.1511073e-24
   1.0441028e+03   9.1649147e-24
   1.0465105e+03   9.1787652e-24
   1.0489238e+03   9.1926588e-24
   1.0513426e+03   9.2065957e-24
   1.0537670e+03   9.2205760e-24
   1.0561970e+03   9.2345997e-24
   1.0586326e+03   9.2486670e-24
   1.0610738e+03   9.2627780e-24
   1.0635207e+03   9.2769328e-24
   1.0659731e+03   9.2911314e-24
   1.0684313e+03   9.3053740e-24
   1.0708951e+03   9.3196606e-24
   1.0733646e+03   9.3339915e-24
   1.0758398e+03   9.3483666e-24
   1.0783207e+03   9.3627861e-24
   1.0808073e+03   9.3772500e-24
   1.0832996e+03   9.3917586e-24
   1.0857977e+03   9.4063118e-24
   1.0883016e+03   9.4209098e-24
   1.0908112e+03   9.4355527e-24
   1.0933266e+03   9.4502406e-24
   1.0958479e+03   9.4649736e-24
   1.0983749e+03   9.4797518e-24
   1.1009078e+03   9.4945752e-24
   1.1034465e+03   9.5094441e-24
   1.1059910e+03   9.5243585e-24
   1.1085414e+03   9.5393185e-24
   1.1110977e+03   9.5543242e-24
   1.1136599e+03   9.5693757e-24
   1.1162281e+03   9.5844732e-24
   1.1188021e+03   9.5996166e-24
   1.1213820e+03   9.6148062e-24
   1.1239680e+03   9.6300420e-24
   1.1265598e+03   9.6453242e-24
   1.1291577e+03   9.6606528e-24
   1.1317615e+03   9.6760279e-24
   1.1343714e+03   9.6914497e-24
   1.1369873e+03   9.7069183e-24
   1.1396092e+03   9.7224337e-24
   1.1422371e+03   9.7379961e-24
   1.1448711e+03   9.7536056e-24
   1.1475112e+03   9.7692623e-24
   1.1501574e+03   9.7849662e-24
   1.1528096e+03   9.8007175e-24
   1.1554680e+03   9.8165164e-24
   1.1581325e+03   9.8323628e-24
   1.1608032e+03   9.8482569e-24
   1.1634800e+03   9.8641989e-24
   1.1661630e+03   9.8801888e-24
   1.1688522e+03   9.8962268e-24
   1.1715476e+03   9.9123128e-24
   1.1742492e+03   9.9284472e-24
   1.1769570e+03   9.9446298e-24
   1.1796711e+03   9.9608610e-24
   1.1823914e+03   9.9771407e-24
   1.1851180e+03   9.9934691e-24
   1.1878509e+03   1.0009846e-23
   1.1905901e+03   1.0026272e-23
   1.1933356e+03   1.0042748e-23
   1.1960875e+03   1.0059272e-23
   1.1988456e+03   1.0075845e-23
   1.2016102e+03   1.0092468e-23
   1.2043811e+03   1.0109140e-23
   1.2071584e+03   1.0125862e-23
   1.2099421e+03   1.0142634e-23
   1.2127323e+03   1.0159455e-23
   1.2155288e+03   1.0176326e-23
   1.2183319e+03   1.0193247e-23
   1.2211413e+03   1.0210218e-23
   1.2239573e+03   1.0227240e-23
   1.2267798e+03   1.0244311e-23
   1.2296087e+03   1.0261434e-23
   1.2324442e+03   1.0278606e-23
   1.2352862e+03   1.0295830e-23
   1.2381348e+03   1.0313104e-23
   1.2409900e+03   1.0330429e-23
   1.2438517e+03   1.0347805e-23
   1.2467200e+03   1.0365233e-23
   1.2495950e+03   1.0382711e-23
   1.2524766e+03   1.0400241e-23
   1.2553648e+03   1.0417822e-23
   1.2582597e+03   1.0435455e-23
   1.2611612e+03   1.0453139e-23
   1.2640695e+03   1.0470876e-23
   1.2669844e+03   1.0488664e-23
   1.2699061e+03   1.0506504e-23
   1.2728345e+03   1.0524396e-23
   1.2757697e+03   1.0542341e-23
   1.2787116e+03   1.0560338e-23
   1.2816603e+03   1.0578387e-23
   1.2846158e+03   1.0596489e-23
   1.2875782e+03   1.0614644e-23
   1.2905473e+03   1.0632851e-23
   1.2935233e+03   1.0651112e-23
   1.2965062e+03   1.0669425e-23
   1.2994960e+03   1.0687792e-23
   1.3024926e+03   1.0706212e-23
   1.3054962e+03   1.0724685e-23
   1.3085067e+03   1.0743212e-23
   1.3115241e+03   1.0761793e-23
   1.3145485e+03   1.0780427e-23
   1.3175798e+03   1.0799115e-23
   1.3206182e+03   1.0817857e-23
   1.3236635e+03   1.0836654e-23
   1.3267159e+03   1.0855504e-23
   1.3297753e+03   1.0874409e-23
   1.3328418e+03   1.0893368e-23
   1.3359154e+03   1.0912382e-23
   1.3389960e+03   1.0931450e-23
   1.3420837e+03   1.0950574e-23
   1.3451786e+03   1.0969752e-23
   1.3482806e+03   1.0988985e-23
   1.3513897e+03   1.1008274e-23
   1.3545060e+03   1.1027618e-23
   1.3576295e+03   1.1047017e-23
   1.3607602e+03   1.1066472e-23
   1.3638982e+03   1.1085982e-23
   1.3670433e+03   1.1105548e-23
   1.3701957e+03   1.1125170e-23
   1.3733554e+03   1.1144848e-23
   1.3765224e+03   1.1164582e-23
   1.3796966e+03   1.1184373e-23
   1.3828782e+03   1.1204220e-23
   1.3860672e+03   1.1224123e-23
   1.3892634e+03   1.1244083e-23
   1.3924671e+03   1.1264100e-23
   1.3956781e+03   1.1284174e-23
   1.3988966e+03   1.1304304e-23
   1.4021224e+03   1.1324492e-23
   1.4053558e+03   1.1344737e-23
   1.4085965e+03   1.1365040e-23
   1.4118448e+03   1.1385400e-23
   1.4151005e+03   1.1405818e-23
   1.4183637e+03   1.1426294e-23
   1.4216345e+03   1.1446828e-23
   1.4249128e+03   1.1467421e-23
   1.4281986e+03   1.1488075e-23
   1.4314921e+03   1.1508791e-23
   1.4347931e+03   1.1529584e-23
   1.4381017e+03   1.1550568e-23
   1.4414180e+03   1.1600380e-23
   1.4447419e+03   1.1592333e-23
   1.4480735e+03   1.1613224e-23
   1.4514128e+03   1.1634261e-23
   1.4547598e+03   1.1655372e-23
   1.4581144e+03   1.1676545e-23
   1.4614769e+03   1.1697780e-23
   1.4648470e+03   1.1719076e-23
   1.4682250e+03   1.1740431e-23
   1.4716107e+03   1.1761846e-23
   1.4750043e+03   1.1783322e-23
   1.4784056e+03   1.1804857e-23
   1.4818149e+03   1.1826453e-23
   1.4852319e+03   1.1848109e-23
   1.4886569e+03   1.1869825e-23
   1.4920897e+03   1.1891602e-23
   1.4955305e+03   1.1913440e-23
   1.4989792e+03   1.1935338e-23
   1.5024359e+03   1.1957297e-23
   1.5059005e+03   1.1979318e-23
   1.5093731e+03   1.2001399e-23
   1.5128538e+03   1.2023542e-23
   1.5163424e+03   1.2045746e-23
   1.5198391e+03   1.2068012e-23
   1.5233439e+03   1.2090340e-23
   1.5268567e+03   1.2112729e-23
   1.5303776e+03   1.2135181e-23
   1.5339067e+03   1.2157694e-23
   1.5374439e+03   1.2180270e-23
   1.5409893e+03   1.2202908e-23
   1.5445428e+03   1.2225609e-23
   1.5481045e+03   1.2248372e-23
   1.5516745e+03   1.2271198e-23
   1.5552526e+03   1.2294087e-23
   1.5588391e+03   1.2317038e-23
   1.5624338e+03   1.2340054e-23
   1.5660367e+03   1.2363132e-23
   1.5696480e+03   1.2386274e-23
   1.5732677e+03   1.2409479e-23
   1.5768956e+03   1.2432748e-23
   1.5805320e+03   1.2456081e-23
   1.5841767e+03   1.2479478e-23
   1.5878298e+03   1.2502939e-23
   1.5914913e+03   1.2526464e-23
   1.5951613e+03   1.2550054e-23
   1.5988398e+03   1.2573708e-23
   1.6025267e+03   1.2597427e-23
   1.6062222e+03   1.2621211e-23
   1.6099261e+03   1.2645060e-23
   1.6136386e+03   1.2668973e-23
   1.6173597e+03   1.2692952e-23
   1.6210893e+03   1.2716997e-23
   1.6248276e+03   1.2741106e-23
   1.6285744e+03   1.2765282e-23
   1.6323300e+03   1.2789523e-23
   1.6360941e+03   1.2813830e-23
   1.6398670e+03   1.2838203e-23
   1.6436485e+03   1.2862643e-23
   1.6474388e+03   1.2887149e-23
   1.6512378e+03   1.2911721e-23
   1.6550456e+03   1.2936360e-23
   1.6588621e+03   1.2961065e-23
   1.6626874e+03   1.2985838e-23
   1.6665216e+03   1.3010677e-23
   1.6703646e+03   1.3035584e-23
   1.6742165e+03   1.3060558e-23
   1.6780773e+03   1.3085600e-23
   1.6819469e+03   1.3110709e-23
   1.6858255e+03   1.3135886e-23
   1.6897130e+03   1.3161131e-23
   1.6936095e+03   1.3186444e-23
   1.6975150e+03   1.3211825e-23
   1.7014295e+03   1.3237275e-23
   1.7053530e+03   1.3262793e-23
   1.7092855e+03   1.3288380e-23
   1.7132272e+03   1.3314035e-23
   1.7171779e+03   1.3339760e-23
   1.7211377e+03   1.3365553e-23
   1.7251067e+03   1.3391416e-23
   1.7290848e+03   1.3417348e-23
   1.7330721e+03   1.3443350e-23
   1.7370685e+03   1.3469421e-23
   1.7410742e+03   1.3495562e-23
   1.7450892e+03   1.3521773e-23
   1.7491133e+03   1.3548054e-23
   1.7531468e+03   1.3574406e-23
   1.7571896e+03   1.3600828e-23
   1.7612417e+03   1.3627320e-23
   1.7653031e+03   1.3653883e-23
   1.7693739e+03   1.3680517e-23
   1.7734541e+03   1.3707222e-23
   1.7775437e+03   1.3733999e-23
   1.7816427e+03   1.3760846e-23
   1.7857512e+03   1.3787765e-23
   1.7898692e+03   1.3814756e-23
   1.7939966e+03   1.3841818e-23
   1.7981336e+03   1.3868953e-23
   1.8022801e+03   1.3896159e-23
   1.8064362e+03   1.3923438e-23
   1.8106018e+03   1.3950789e-23
   1.8147771e+03   1.3978213e-23
   1.8189620e+03   1.4005709e-23
   1.8231565e+03   1.4033278e-23
   1.8273607e+03   1.4060921e-23
   1.8315746e+03   1.4088636e-23
   1.8357983e+03   1.4116425e-23
   1.8400316e+03   1.4144287e-23
   1.8442748e+03   1.4172223e-23
   1.8485277e+03   1.4200233e-23
   1.8527904e+03   1.4228316e-23
   1.8570629e+03   1.4256474e-23
   1.8613453e+03   1.4284706e-23
   1.8656376e+03   1.4313012e-23
   1.8699398e+03   1.4341393e-23
   1.8742519e+03   1.4369849e-23
   1.8785739e+03   1.4398380e-23
   1.8829059e+03   1.4426986e-23
   1.8872479e+03   1.4455667e-23
   1.8915999e+03   1.4484423e-23
   1.8959620e+03   1.4513255e-23
   1.9003341e+03   1.4542163e-23
   1.9047163e+03   1.4571147e-23
   1.9091086e+03   1.4600208e-23
   1.9135110e+03   1.4629349e-23
   1.9179235e+03   1.4658593e-23
   1.9223463e+03   1.4688656e-23
   1.9267792e+03   1.4717225e-23
   1.9312224e+03   1.4746654e-23
   1.9356758e+03   1.4776170e-23
   1.9401395e+03   1.4805765e-23
   1.9446135e+03   1.4835438e-23
   1.9490978e+03   1.4865189e-23
   1.9535924e+03   1.4895018e-23
   1.9580974e+03   1.4924924e-23
   1.9626128e+03   1.4954909e-23
   1.9671386e+03   1.4984972e-23
   1.9716748e+03   1.5015113e-23
   1.9762215e+03   1.5045332e-23
   1.9807787e+03   1.5075631e-23
   1.9853464e+03   1.5106008e-23
   1.9899246e+03   1.5136464e-23
   1.9945134e+03   1.5166999e-23
   1.9991128e+03   1.5197614e-23
   2.0037227e+03   1.5228308e-23
   2.0083433e+03   1.5259082e-23
   2.0129746e+03   1.5289936e-23
   2.0176165e+03   1.5320869e-23
   2.0222692e+03   1.5351883e-23
   2.0269325e+03   1.5382978e-23
   2.0316067e+03   1.5414152e-23
   2.0362916e+03   1.5445408e-23
   2.0409873e+03   1.5476744e-23
   2.0456938e+03   1.5508162e-23
   2.0504112e+03   1.5539661e-23
   2.0551394e+03   1.5571241e-23
   2.0598786e+03   1.5602903e-23
   2.0646287e+03   1.5634646e-23
   2.0693898e+03   1.5666472e-23
   2.0741618e+03   1.5698379e-23
   2.0789448e+03   1.5730369e-23
   2.0837389e+03   1.5762441e-23
   2.0885440e+03   1.5794596e-23
   2.0933602e+03   1.5826834e-23
   2.0981875e+03   1.5859155e-23
   2.1030259e+03   1.5891558e-23
   2.1078755e+03   1.5924046e-23
   2.1127363e+03   1.5956616e-23
   2.1176083e+03   1.5989271e-23
   2.1224915e+03   1.6022009e-23
   2.1273860e+03   1.6054832e-23
   2.1322918e+03   1.6087738e-23
   2.1372088e+03   1.6120729e-23
   2.1421373e+03   1.6153805e-23
   2.1470771e+03   1.6186966e-23
   2.1520282e+03   1.6220211e-23
   2.1569908e+03   1.6253542e-23
   2.1619649e+03   1.6286958e-23
   2.1669504e+03   1.6320459e-23
   2.1719474e+03   1.6354046e-23
   2.1769559e+03   1.6387719e-23
   2.1819760e+03   1.6421478e-23
   2.1870076e+03   1.6455324e-23
   2.1920509e+03   1.6489256e-23
   2.1971058e+03   1.6523274e-23
   2.2021723e+03   1.6557379e-23
   2.2072505e+03   1.6591571e-23
   2.2123405e+03   1.6625851e-23
   2.2174421e+03   1.6660218e-23
   2.2225556e+03   1.6694672e-23
   2.2276808e+03   1.6729214e-23
   2.2328179e+03   1.6763844e-23
   2.2379668e+03   1.6798562e-23
   2.2431275e+03   1.6833369e-23
   2.2483002e+03   1.6868264e-23
   2.2534848e+03   1.6903248e-23
   2.2586814e+03   1.6938320e-23
   2.2638899e+03   1.6973482e-23
   2.2691104e+03   1.7008733e-23
   2.2743430e+03   1.7044073e-23
   2.2795877e+03   1.7079503e-23
   2.2848444e+03   1.7115023e-23
   2.2901133e+03   1.7150633e-23
   2.2953943e+03   1.7186333e-23
   2.3006875e+03   1.7222124e-23
   2.3059929e+03   1.7258005e-23
   2.3113105e+03   1.7293977e-23
   2.3166404e+03   1.7330040e-23
   2.3219826e+03   1.7366195e-23
   2.3273371e+03   1.7402440e-23
   2.3327040e+03   1.7438778e-23
   2.3380832e+03   1.7475207e-23
   2.3434749e+03   1.7511728e-23
   2.3488789e+03   1.7548341e-23
   2.3542955e+03   1.7585047e-23
   2.3597245e+03   1.7621845e-23
   2.3651660e+03   1.7658737e-23
   2.3706201e+03   1.7695721e-23
   2.3760868e+03   1.7732798e-23
   2.3815661e+03   1.7769969e-23
   2.3870580e+03   1.7807234e-23
   2.3925626e+03   1.7844593e-23
   2.3980798e+03   1.7882056e-23
   2.4036098e+03   1.7919656e-23
   2.4091526e+03   1.7957234e-23
   2.4147081e+03   1.7994967e-23
   2.4202764e+03   1.8032797e-23
   2.4258576e+03   1.8070722e-23
   2.4314516e+03   1.8108742e-23
   2.4370586e+03   1.8146858e-23
   2.4426785e+03   1.8185070e-23
   2.4483113e+03   1.8223377e-23
   2.4539571e+03   1.8261781e-23
   2.4596160e+03   1.8300280e-23
   2.4652879e+03   1.8338877e-23
   2.4709728e+03   1.8377570e-23
   2.4766709e+03   1.8416359e-23
   2.4823821e+03   1.8455246e-23
   2.4881065e+03   1.8494231e-23
   2.4938441e+03   1.8533312e-23
   2.4995949e+03   1.8572492e-23
   2.5053590e+03   1.8611770e-23
   2.5111364e+03   1.8651145e-23
   2.5169271e+03   1.8690619e-23
   2.5227312e+03   1.8730192e-23
   2.5285486e+03   1.8769863e-23
   2.5343794e+03   1.8809634e-23
   2.5402237e+03   1.8849504e-23
   2.5460815e+03   1.8889473e-23
   2.5519528e+03   1.8929542e-23
   2.5578376e+03   1.8969710e-23
   2.5637360e+03   1.9009979e-23
   2.5696480e+03   1.9050348e-23
   2.5755736e+03   1.9090818e-23
   2.5815129e+03   1.9131388e-23
   2.5874659e+03   1.9172060e-23
   2.5934326e+03   1.9212832e-23
   2.5994131e+03   1.9253706e-23
   2.6054074e+03   1.9294682e-23
   2.6114155e+03   1.9335759e-23
   2.6174374e+03   1.9376939e-23
   2.6234732e+03   1.9418221e-23
   2.6295230e+03   1.9459605e-23
   2.6355867e+03   1.9501092e-23
   2.6416644e+03   1.9542682e-23
   2.6477561e+03   1.9584375e-23
   2.6538618e+03   1.9626172e-23
   2.6599816e+03   1.9668072e-23
   2.6661156e+03   1.9710077e-23
   2.6722637e+03   1.9752185e-23
   2.6784259e+03   1.9794398e-23
   2.6846024e+03   1.9836715e-23
   2.6907931e+03   1.9879137e-23
   2.6969981e+03   1.9921663e-23
   2.7032174e+03   1.9964296e-23
   2.7094510e+03   2.0007033e-23
   2.7156991e+03   2.0049876e-23
   2.7219615e+03   2.0092826e-23
   2.7282383e+03   2.0135881e-23
   2.7345297e+03   2.0179043e-23
   2.7408355e+03   2.0222311e-23
   2.7471559e+03   2.0265686e-23
   2.7534909e+03   2.0309169e-23
   2.7598405e+03   2.0352758e-23
   2.7662047e+03   2.0396455e-23
   2.7725836e+03   2.0440260e-23
   2.7789772e+03   2.0484173e-23
   2.7853855e+03   2.0528195e-23
   2.7918086e+03   2.0572324e-23
   2.7982465e+03   2.0616563e-23
   2.8046993e+03   2.0660910e-23
   2.8111670e+03   2.0705367e-23
   2.8176496e+03   2.0749933e-23
   2.8241471e+03   2.0794608e-23
   2.8306596e+03   2.0839394e-23
   2.8371871e+03   2.0884290e-23
   2.8437297e+03   2.0929296e-23
   2.8502873e+03   2.0974413e-23
   2.8568601e+03   2.1019641e-23
   2.8634481e+03   2.1064980e-23
   2.8700512e+03   2.1110431e-23
   2.8766696e+03   2.1155994e-23
   2.8833032e+03   2.1201750e-23
   2.8899521e+03   2.1247453e-23
   2.8966164e+03   2.1293350e-23
   2.9032960e+03   2.1339361e-23
   2.9099910e+03   2.1385484e-23
   2.9167015e+03   2.1431721e-23
   2.9234274e+03   2.1478071e-23
   2.9301688e+03   2.1524535e-23
   2.9369258e+03   2.1571112e-23
   2.9436984e+03   2.1617804e-23
   2.9504866e+03   2.1664610e-23
   2.9572904e+03   2.1711530e-23
   2.9641100e+03   2.1758566e-23
   2.9709452e+03   2.1805716e-23
   2.9777963e+03   2.1852982e-23
   2.9846631e+03   2.1900363e-23
   2.9915457e+03   2.1947861e-23
   2.9984443e+03   2.1995474e-23
   3.0053587e+03   2.2043204e-23
   3.0122891e+03   2.2091050e-23
   3.0192354e+03   2.2139013e-23
   3.0261978e+03   2.2187094e-23
   3.0331763e+03   2.2235291e-23
   3.0401708e+03   2.2283607e-23
   3.0471814e+03   2.2332040e-23
   3.0542083e+03   2.2380591e-23
   3.0612513e+03   2.2429261e-23
   3.0683106e+03   2.2478050e-23
   3.0753861e+03   2.2526957e-23
   3.0824780e+03   2.2575984e-23
   3.0895862e+03   2.2625130e-23
   3.0967108e+03   2.2674396e-23
   3.1038518e+03   2.2723782e-23
   3.1110093e+03   2.2773288e-23
   3.1181833e+03   2.2822915e-23
   3.1253739e+03   2.2872663e-23
   3.1325810e+03   2.2922531e-23
   3.1398048e+03   2.2972521e-23
   3.1470452e+03   2.3022633e-23
   3.1543023e+03   2.3072866e-23
   3.1615762e+03   2.3123221e-23
   3.1688668e+03   2.3173699e-23
   3.1761742e+03   2.3224300e-23
   3.1834985e+03   2.3275023e-23
   3.1908397e+03   2.3325870e-23
   3.1981978e+03   2.3376840e-23
   3.2055728e+03   2.3427934e-23
   3.2129649e+03   2.3479152e-23
   3.2203740e+03   2.3530494e-23
   3.2278002e+03   2.3581961e-23
   3.2352436e+03   2.3633553e-23
   3.2427041e+03   2.3685269e-23
   3.2501818e+03   2.3737112e-23
   3.2576767e+03   2.3789079e-23
   3.2651889e+03   2.3841173e-23
   3.2727185e+03   2.3893393e-23
   3.2802654e+03   2.3945740e-23
   3.2878297e+03   2.3998213e-23
   3.2954115e+03   2.4050814e-23
   3.3030107e+03   2.4103541e-23
   3.3106275e+03   2.4156397e-23
   3.3182618e+03   2.4209380e-23
   3.3259138e+03   2.4262492e-23
   3.3335833e+03   2.4315732e-23
   3.3412706e+03   2.4369100e-23
   3.3489756e+03   2.4422598e-23
   3.3566984e+03   2.4476227e-23
   3.3644389e+03   2.4529996e-23
   3.3721974e+03   2.4583869e-23
   3.3799737e+03   2.4637886e-23
   3.3877679e+03   2.4692033e-23
   3.3955801e+03   2.4746311e-23
   3.4034104e+03   2.4800721e-23
   3.4112587e+03   2.4855261e-23
   3.4191251e+03   2.4909933e-23
   3.4270096e+03   2.4964738e-23
   3.4349123e+03   2.5019674e-23
   3.4428332e+03   2.5074743e-23
   3.4507724e+03   2.5129945e-23
   3.4587299e+03   2.5185280e-23
   3.4667058e+03   2.5240748e-23
   3.4747000e+03   2.5296350e-23
   3.4827127e+03   2.5352086e-23
   3.4907439e+03   2.5407956e-23
   3.4987936e+03   2.5463961e-23
   3.5068618e+03   2.5520101e-23
   3.5149487e+03   2.5576376e-23
   3.5230542e+03   2.5632786e-23
   3.5311784e+03   2.5689332e-23
   3.5393213e+03   2.5746015e-23
   3.5474830e+03   2.5802833e-23
   3.5556635e+03   2.5859789e-23
   3.5638629e+03   2.5916881e-23
   3.5720812e+03   2.5974111e-23
   3.5803184e+03   2.6031478e-23
   3.5885747e+03   2.6088984e-23
   3.5968500e+03   2.6146627e-23
   3.6051443e+03   2.6204409e-23
   3.6134578e+03   2.6262330e-23
   3.6217905e+03   2.6320390e-23
   3.6301424e+03   2.6378590e-23
   3.6385135e+03   2.6436929e-23
   3.6469039e+03   2.6495408e-23
   3.6553137e+03   2.6554028e-23
   3.6637429e+03   2.6612789e-23
   3.6721915e+03   2.6671690e-23
   3.6806596e+03   2.6730733e-23
   3.6891472e+03   2.6789917e-23
   3.6976544e+03   2.6849244e-23
   3.7061813e+03   2.6908712e-23
   3.7147277e+03   2.6968324e-23
   3.7232939e+03   2.7028078e-23
   3.7318799e+03   2.7087975e-23
   3.7404856e+03   2.7148016e-23
   3.7491112e+03   2.7208201e-23
   3.7577567e+03   2.7268530e-23
   3.7664221e+03   2.7329004e-23
   3.7751075e+03   2.7389622e-23
   3.7838129e+03   2.7450386e-23
   3.7925384e+03   2.7511295e-23
   3.8012841e+03   2.7572349e-23
   3.8100498e+03   2.7633550e-23
   3.8188359e+03   2.7694898e-23
   3.8276421e+03   2.7756392e-23
   3.8364687e+03   2.7818034e-23
   3.8453156e+03   2.7879826e-23
   3.8541829e+03   2.7941759e-23
   3.8630707e+03   2.8003843e-23
   3.8719790e+03   2.8066076e-23
   3.8809078e+03   2.8128458e-23
   3.8898572e+03   2.8190989e-23
   3.8988272e+03   2.8253669e-23
   3.9078180e+03   2.8316499e-23
   3.9168294e+03   2.8379479e-23
   3.9258617e+03   2.8442610e-23
   3.9349147e+03   2.8505891e-23
   3.9439887e+03   2.8569323e-23
   3.9530835e+03   2.8632907e-23
   3.9621994e+03   2.8696643e-23
   3.9713362e+03   2.8760531e-23
   3.9804942e+03   2.8824571e-23
   3.9896732e+03   2.8888764e-23
   3.9988734e+03   2.8953110e-23
   4.0080949e+03   2.9017609e-23
   4.0173376e+03   2.9082263e-23
   4.0266016e+03   2.9147071e-23
   4.0358870e+03   2.9212033e-23
   4.0451937e+03   2.9277150e-23
   4.0545220e+03   2.9342422e-23
   4.0638718e+03   2.9407849e-23
   4.0732431e+03   2.9473433e-23
   4.0826360e+03   2.9539173e-23
   4.0920506e+03   2.9605069e-23
   4.1014869e+03   2.9671123e-23
   4.1109450e+03   2.9737334e-23
   4.1204248e+03   2.9803702e-23
   4.1299266e+03   2.9870228e-23
   4.1394502e+03   2.9936913e-23
   4.1489958e+03   3.0003756e-23
   4.1585634e+03   3.0070759e-23
   4.1681531e+03   3.0137921e-23
   4.1777649e+03   3.0205243e-23
   4.1873988e+03   3.0272724e-23
   4.1970550e+03   3.0340367e-23
   4.2067335e+03   3.0408170e-23
   4.2164342e+03   3.0476134e-23
   4.2261574e+03   3.0544260e-23
   4.2359029e+03   3.0612548e-23
   4.2456709e+03   3.0680999e-23
   4.2554615e+03   3.0749611e-23
   4.2652746e+03   3.0818387e-23
   4.2751104e+03   3.0887327e-23
   4.2849688e+03   3.0956430e-23
   4.2948500e+03   3.1025697e-23
   4.3047539e+03   3.1095129e-23
   4.3146807e+03   3.1164726e-23
   4.3246304e+03   3.1234497e-23
   4.3346030e+03   3.1304415e-23
   4.3445987e+03   3.1374509e-23
   4.3546173e+03   3.1444768e-23
   4.3646591e+03   3.1515195e-23
   4.3747241e+03   3.1585789e-23
   4.3848122e+03   3.1656550e-23
   4.3949236e+03   3.1727479e-23
   4.4050583e+03   3.1798576e-23
   4.4152164e+03   3.1869842e-23
   4.4253980e+03   3.1941277e-23
   4.4356030e+03   3.2012881e-23
   4.4458315e+03   3.2084655e-23
   4.4560836e+03   3.2156599e-23
   4.4663594e+03   3.2228714e-23
   4.4766588e+03   3.2300999e-23
   4.4869821e+03   3.2373456e-23
   4.4973291e+03   3.2446084e-23
   4.5076999e+03   3.2518885e-23
   4.5180947e+03   3.2591858e-23
   4.5285135e+03   3.2665004e-23
   4.5389563e+03   3.2738323e-23
   4.5494231e+03   3.2811815e-23
   4.5599142e+03   3.2885482e-23
   4.5704294e+03   3.2959323e-23
   4.5809688e+03   3.3033339e-23
   4.5915325e+03   3.3107530e-23
   4.6021207e+03   3.3181896e-23
   4.6127332e+03   3.3256439e-23
   4.6233702e+03   3.3331158e-23
   4.6340317e+03   3.3406053e-23
   4.6447178e+03   3.3481126e-23
   4.6554286e+03   3.3556376e-23
   4.6661640e+03   3.3631805e-23
   4.6769242e+03   3.3707411e-23
   4.6877093e+03   3.3783197e-23
   4.6985192e+03   3.3859161e-23
   4.7093540e+03   3.3935306e-23
   4.7202138e+03   3.4011630e-23
   4.7310986e+03   3.4088134e-23
   4.7420086e+03   3.4164819e-23
   4.7529437e+03   3.4241686e-23
   4.7639040e+03   3.4318734e-23
   4.7748896e+03   3.4395964e-23
   4.7859005e+03   3.4473376e-23
   4.7969369e+03   3.4550972e-23
   4.8079986e+03   3.4628751e-23
   4.8190859e+03   3.4706712e-23
   4.8301988e+03   3.4784859e-23
   4.8413372e+03   3.4863189e-23
   4.8525014e+03   3.4941705e-23
   4.8636913e+03   3.5020406e-23
   4.8749070e+03   3.5099293e-23
   4.8861486e+03   3.5178365e-23
   4.8974161e+03   3.5257625e-23
   4.9087096e+03   3.5337071e-23
   4.9200291e+03   3.5416705e-23
   4.9313747e+03   3.5496527e-23
   4.9427465e+03   3.5576537e-23
   4.9541445e+03   3.5656735e-23
   4.9655688e+03   3.5737123e-23
   4.9770194e+03   3.5817700e-23
   4.9884965e+03   3.5898467e-23
   5.0000000e+03   3.5979425e-23
