   5.0000000e+00   1.6468227e-20
   5.0115300e+00   1.6050371e-20
   5.0230867e+00   1.5644816e-20
   5.0346699e+00   1.5251505e-20
   5.0462799e+00   1.4870520e-20
   5.0579167e+00   1.4501699e-20
   5.0695803e+00   1.4139906e-20
   5.0812708e+00   1.3759264e-20
   5.0929882e+00   1.3371681e-20
   5.1047327e+00   1.3032111e-20
   5.1165042e+00   1.2712797e-20
   5.1283029e+00   1.2400971e-20
   5.1401288e+00   1.2096107e-20
   5.1519820e+00   1.1798462e-20
   5.1638625e+00   1.1508167e-20
   5.1757704e+00   1.1225234e-20
   5.1877058e+00   1.0949586e-20
   5.1996687e+00   1.0681101e-20
   5.2116592e+00   1.0419629e-20
   5.2236773e+00   1.0165008e-20
   5.2357231e+00   9.9170669e-21
   5.2477968e+00   9.6756347e-21
   5.2598982e+00   9.4405390e-21
   5.2720276e+00   9.2116092e-21
   5.2841849e+00   8.9886774e-21
   5.2963703e+00   8.7715792e-21
   5.3085838e+00   8.5601538e-21
   5.3208254e+00   8.3542443e-21
   5.3330953e+00   8.1536981e-21
   5.3453934e+00   7.9583663e-21
   5.3577199e+00   7.7681045e-21
   5.3700749e+00   7.5827720e-21
   5.3824583e+00   7.4022323e-21
   5.3948703e+00   7.2263530e-21
   5.4073109e+00   7.0550052e-21
   5.4197802e+00   6.8880639e-21
   5.4322783e+00   6.7254079e-21
   5.4448051e+00   6.5669193e-21
   5.4573609e+00   6.4124840e-21
   5.4699456e+00   6.2619908e-21
   5.4825594e+00   6.1153322e-21
   5.4952022e+00   5.9724037e-21
   5.5078742e+00   5.8331039e-21
   5.5205754e+00   5.6973342e-21
   5.5333058e+00   5.5649991e-21
   5.5460657e+00   5.4360059e-21
   5.5588550e+00   5.3102646e-21
   5.5716737e+00   5.1876876e-21
   5.5845220e+00   5.0681902e-21
   5.5974000e+00   4.9516900e-21
   5.6103076e+00   4.8381069e-21
   5.6232451e+00   4.7273633e-21
   5.6362123e+00   4.6193837e-21
   5.6492094e+00   4.5140949e-21
   5.6622366e+00   4.4114258e-21
   5.6752937e+00   4.3113072e-21
   5.6883810e+00   4.2136721e-21
   5.7014985e+00   4.1184552e-21
   5.7146461e+00   4.0255932e-21
   5.7278242e+00   3.9350245e-21
   5.7410326e+00   3.8466895e-21
   5.7542714e+00   3.7605300e-21
   5.7675408e+00   3.6764895e-21
   5.7808408e+00   3.5945133e-21
   5.7941715e+00   3.5145480e-21
   5.8075329e+00   3.4365418e-21
   5.8209251e+00   3.3604443e-21
   5.8343482e+00   3.2862066e-21
   5.8478023e+00   3.2137812e-21
   5.8612873e+00   3.1431218e-21
   5.8748035e+00   3.0741833e-21
   5.8883508e+00   3.0069221e-21
   5.9019294e+00   2.9412956e-21
   5.9155393e+00   2.8772626e-21
   5.9291806e+00   2.8147828e-21
   5.9428533e+00   2.7538170e-21
   5.9565576e+00   2.6943273e-21
   5.9702935e+00   2.6362766e-21
   5.9840610e+00   2.5796289e-21
   5.9978603e+00   2.5243494e-21
   6.0116914e+00   2.4704037e-21
   6.0255544e+00   2.4177590e-21
   6.0394494e+00   2.3663828e-21
   6.0533764e+00   2.3162438e-21
   6.0673355e+00   2.2673114e-21
   6.0813269e+00   2.2195560e-21
   6.0953505e+00   2.1729486e-21
   6.1094064e+00   2.1274611e-21
   6.1234947e+00   2.0830660e-21
   6.1376155e+00   2.0397366e-21
   6.1517689e+00   1.9974470e-21
   6.1659550e+00   1.9561719e-21
   6.1801737e+00   1.9158867e-21
   6.1944252e+00   1.8765673e-21
   6.2087096e+00   1.8381904e-21
   6.2230269e+00   1.8007333e-21
   6.2373773e+00   1.7641738e-21
   6.2517607e+00   1.7284903e-21
   6.2661773e+00   1.6936618e-21
   6.2806272e+00   1.6596679e-21
   6.2951104e+00   1.6264885e-21
   6.3096269e+00   1.5941043e-21
   6.3241770e+00   1.5624963e-21
   6.3387606e+00   1.5316460e-21
   6.3533778e+00   1.5015354e-21
   6.3680288e+00   1.4721471e-21
   6.3827135e+00   1.4434639e-21
   6.3974321e+00   1.4154692e-21
   6.4121846e+00   1.3881467e-21
   6.4269711e+00   1.3614806e-21
   6.4417918e+00   1.3354555e-21
   6.4566466e+00   1.3100562e-21
   6.4715357e+00   1.2852682e-21
   6.4864591e+00   1.2610772e-21
   6.5014169e+00   1.2374690e-21
   6.5164092e+00   1.2144303e-21
   6.5314361e+00   1.1919475e-21
   6.5464977e+00   1.1700079e-21
   6.5615939e+00   1.1485988e-21
   6.5767250e+00   1.1277077e-21
   6.5918910e+00   1.1073227e-21
   6.6070920e+00   1.0874321e-21
   6.6223280e+00   1.0680244e-21
   6.6375991e+00   1.0490883e-21
   6.6529055e+00   1.0306130e-21
   6.6682471e+00   1.0125878e-21
   6.6836241e+00   9.9500230e-22
   6.6990366e+00   9.7784634e-22
   6.7144846e+00   9.6110999e-22
   6.7299683e+00   9.4478358e-22
   6.7454877e+00   9.2885763e-22
   6.7610428e+00   9.1332292e-22
   6.7766338e+00   8.9817043e-22
   6.7922608e+00   8.8339134e-22
   6.8079238e+00   8.6897705e-22
   6.8236229e+00   8.5491915e-22
   6.8393582e+00   8.4120944e-22
   6.8551299e+00   8.2783989e-22
   6.8709378e+00   8.1480268e-22
   6.8867823e+00   8.0209015e-22
   6.9026632e+00   7.8969482e-22
   6.9185808e+00   7.7760940e-22
   6.9345351e+00   7.6582674e-22
   6.9505262e+00   7.5433989e-22
   6.9665542e+00   7.4314203e-22
   6.9826191e+00   7.3222651e-22
   6.9987211e+00   7.2158685e-22
   7.0148602e+00   7.1121669e-22
   7.0310365e+00   7.0110985e-22
   7.0472502e+00   6.9126028e-22
   7.0635012e+00   6.8166206e-22
   7.0797897e+00   6.7230944e-22
   7.0961157e+00   6.6319678e-22
   7.1124794e+00   6.5431860e-22
   7.1288808e+00   6.4566952e-22
   7.1453201e+00   6.3724433e-22
   7.1617972e+00   6.2903792e-22
   7.1783124e+00   6.2104532e-22
   7.1948656e+00   6.1326168e-22
   7.2114571e+00   6.0568227e-22
   7.2280867e+00   5.9830249e-22
   7.2447548e+00   5.9111787e-22
   7.2614612e+00   5.8412403e-22
   7.2782062e+00   5.7731673e-22
   7.2949898e+00   5.7069185e-22
   7.3118121e+00   5.6424538e-22
   7.3286732e+00   5.5797342e-22
   7.3455732e+00   5.5187218e-22
   7.3625121e+00   5.4593801e-22
   7.3794901e+00   5.4016735e-22
   7.3965073e+00   5.3455677e-22
   7.4135637e+00   5.2910294e-22
   7.4306594e+00   5.2380264e-22
   7.4477946e+00   5.1865279e-22
   7.4649693e+00   5.1365040e-22
   7.4821835e+00   5.0879260e-22
   7.4994375e+00   5.0407663e-22
   7.5167313e+00   4.9949987e-22
   7.5340649e+00   4.9505979e-22
   7.5514385e+00   4.9075398e-22
   7.5688522e+00   4.8658018e-22
   7.5863060e+00   4.8253621e-22
   7.6038001e+00   4.7862004e-22
   7.6213345e+00   4.7482977e-22
   7.6389094e+00   4.7116360e-22
   7.6565248e+00   4.6761989e-22
   7.6741808e+00   4.6419711e-22
   7.6918775e+00   4.6089390e-22
   7.7096150e+00   4.5770901e-22
   7.7273934e+00   4.5464135e-22
   7.7452129e+00   4.5168999e-22
   7.7630734e+00   4.4885414e-22
   7.7809751e+00   4.4613319e-22
   7.7989181e+00   4.4352668e-22
   7.8169025e+00   4.4103435e-22
   7.8349283e+00   4.3865612e-22
   7.8529957e+00   4.3639209e-22
   7.8711048e+00   4.3424259e-22
   7.8892556e+00   4.3220816e-22
   7.9074483e+00   4.3028957e-22
   7.9256829e+00   4.2848784e-22
   7.9439596e+00   4.2680424e-22
   7.9622784e+00   4.2524034e-22
   7.9806395e+00   4.2379798e-22
   7.9990429e+00   4.2247936e-22
   8.0174888e+00   4.2128699e-22
   8.0359772e+00   4.2022380e-22
   8.0545082e+00   4.1929309e-22
   8.0730819e+00   4.1849861e-22
   8.0916985e+00   4.1784459e-22
   8.1103581e+00   4.1733579e-22
   8.1290606e+00   4.1697756e-22
   8.1478063e+00   4.1677585e-22
   8.1665952e+00   4.1673734e-22
   8.1854274e+00   4.1686945e-22
   8.2043031e+00   4.1718047e-22
   8.2232223e+00   4.1767962e-22
   8.2421851e+00   4.1837718e-22
   8.2611916e+00   4.1928460e-22
   8.2802420e+00   4.2041465e-22
   8.2993363e+00   4.2178158e-22
   8.3184746e+00   4.2340131e-22
   8.3376571e+00   4.2529161e-22
   8.3568838e+00   4.2747243e-22
   8.3761548e+00   4.2996613e-22
   8.3954703e+00   4.3279783e-22
   8.4148303e+00   4.3599587e-22
   8.4342350e+00   4.3959223e-22
   8.4536844e+00   4.4362313e-22
   8.4731786e+00   4.4812974e-22
   8.4927179e+00   4.5315893e-22
   8.5123021e+00   4.5876433e-22
   8.5319316e+00   4.6500751e-22
   8.5516063e+00   4.7195943e-22
   8.5713263e+00   4.7970228e-22
   8.5910919e+00   4.8833170e-22
   8.6109030e+00   4.9795961e-22
   8.6307598e+00   5.0871774e-22
   8.6506624e+00   5.2076212e-22
   8.6706109e+00   5.3427875e-22
   8.6906054e+00   5.4949180e-22
   8.7106460e+00   5.6667250e-22
   8.7307328e+00   5.8615317e-22
   8.7508660e+00   6.0834494e-22
   8.7710455e+00   6.3376251e-22
   8.7912716e+00   6.6305884e-22
   8.8115444e+00   6.9707478e-22
   8.8318638e+00   7.3691180e-22
   8.8522302e+00   7.8404136e-22
   8.8726435e+00   8.4047438e-22
   8.8931039e+00   9.0903339e-22
   8.9136114e+00   9.9380798e-22
   8.9341663e+00   1.1009557e-21
   8.9547686e+00   1.2401985e-21
   8.9754183e+00   1.4278385e-21
   8.9961157e+00   1.6934576e-21
   9.0168608e+00   2.0968949e-21
   9.0376538e+00   2.7802003e-21
   9.0584947e+00   4.1825754e-21
   9.0793836e+00   8.6681318e-21
   9.1003208e+00   8.9941475e-20
   9.1213062e+00   7.1521496e-21
   9.1423400e+00   3.7063998e-21
   9.1634223e+00   2.5051284e-21
   9.1845532e+00   1.9105692e-21
   9.2057328e+00   1.5882862e-21
   9.2269613e+00   1.4796404e-21
   9.2482388e+00   1.8938153e-21
   9.2695653e+00   3.9194583e-20
   9.2909410e+00   1.7606925e-21
   9.3123660e+00   1.0623347e-21
   9.3338403e+00   8.3896806e-22
   9.3553642e+00   7.2087510e-22
   9.3769378e+00   6.4291679e-22
   9.3985611e+00   5.8531970e-22
   9.4202342e+00   5.4000304e-22
   9.4419574e+00   5.0295101e-22
   9.4637306e+00   4.7187471e-22
   9.4855540e+00   4.4533519e-22
   9.5074278e+00   4.2236089e-22
   9.5293520e+00   4.0226009e-22
   9.5513267e+00   3.8452029e-22
   9.5733522e+00   3.6874985e-22
   9.5954284e+00   3.5464219e-22
   9.6175555e+00   3.4195260e-22
   9.6397337e+00   3.3048265e-22
   9.6619630e+00   3.2006932e-22
   9.6842435e+00   3.1057715e-22
   9.7065755e+00   3.0189249e-22
   9.7289589e+00   2.9391922e-22
   9.7513940e+00   2.8657545e-22
   9.7738808e+00   2.7979096e-22
   9.7964194e+00   2.7350517e-22
   9.8190100e+00   2.6766557e-22
   9.8416527e+00   2.6222644e-22
   9.8643477e+00   2.5714777e-22
   9.8870949e+00   2.5239443e-22
   9.9098946e+00   2.4793546e-22
   9.9327469e+00   2.4374350e-22
   9.9556519e+00   2.3979425e-22
   9.9786097e+00   2.3606613e-22
   1.0001620e+01   2.3254006e-22
   1.0024684e+01   2.2919990e-22
   1.0047801e+01   2.2602736e-22
   1.0070972e+01   2.2300951e-22
   1.0094195e+01   2.2013459e-22
   1.0117473e+01   2.1739173e-22
   1.0140804e+01   2.1477051e-22
   1.0164188e+01   2.1226156e-22
   1.0187627e+01   2.0985636e-22
   1.0211120e+01   2.0754726e-22
   1.0234667e+01   2.0532758e-22
   1.0258268e+01   2.0319099e-22
   1.0281924e+01   2.0113165e-22
   1.0305634e+01   1.9914423e-22
   1.0329399e+01   1.9722405e-22
   1.0353218e+01   1.9536670e-22
   1.0377093e+01   1.9356810e-22
   1.0401023e+01   1.9182446e-22
   1.0425007e+01   1.9013242e-22
   1.0449048e+01   1.8848886e-22
   1.0473143e+01   1.8689085e-22
   1.0497294e+01   1.8533565e-22
   1.0521501e+01   1.8382081e-22
   1.0545764e+01   1.8234408e-22
   1.0570082e+01   1.8090329e-22
   1.0594457e+01   1.7949647e-22
   1.0618888e+01   1.7812178e-22
   1.0643375e+01   1.7677757e-22
   1.0667919e+01   1.7546222e-22
   1.0692519e+01   1.7417427e-22
   1.0717176e+01   1.7291234e-22
   1.0741890e+01   1.7167517e-22
   1.0766661e+01   1.7046158e-22
   1.0791489e+01   1.6927043e-22
   1.0816374e+01   1.6810069e-22
   1.0841317e+01   1.6695140e-22
   1.0866317e+01   1.6582165e-22
   1.0891375e+01   1.6471058e-22
   1.0916491e+01   1.6361739e-22
   1.0941664e+01   1.6254134e-22
   1.0966896e+01   1.6148173e-22
   1.0992185e+01   1.6043788e-22
   1.1017533e+01   1.5940919e-22
   1.1042940e+01   1.5839506e-22
   1.1068405e+01   1.5739496e-22
   1.1093929e+01   1.5640835e-22
   1.1119512e+01   1.5543475e-22
   1.1145153e+01   1.5447370e-22
   1.1170854e+01   1.5352476e-22
   1.1196614e+01   1.5258753e-22
   1.1222434e+01   1.5166161e-22
   1.1248313e+01   1.5074664e-22
   1.1274251e+01   1.4984226e-22
   1.1300250e+01   1.4894816e-22
   1.1326308e+01   1.4806401e-22
   1.1352427e+01   1.4718952e-22
   1.1378606e+01   1.4632441e-22
   1.1404845e+01   1.4546841e-22
   1.1431144e+01   1.4462127e-22
   1.1457505e+01   1.4378274e-22
   1.1483926e+01   1.4295260e-22
   1.1510408e+01   1.4213062e-22
   1.1536951e+01   1.4131661e-22
   1.1563555e+01   1.4051035e-22
   1.1590221e+01   1.3971167e-22
   1.1616948e+01   1.3892037e-22
   1.1643737e+01   1.3813629e-22
   1.1670587e+01   1.3735926e-22
   1.1697500e+01   1.3658912e-22
   1.1724474e+01   1.3582573e-22
   1.1751511e+01   1.3506893e-22
   1.1778610e+01   1.3431859e-22
   1.1805772e+01   1.3357457e-22
   1.1832996e+01   1.3283676e-22
   1.1860283e+01   1.3210501e-22
   1.1887633e+01   1.3137923e-22
   1.1915046e+01   1.3065928e-22
   1.1942522e+01   1.2994507e-22
   1.1970061e+01   1.2923649e-22
   1.1997664e+01   1.2853344e-22
   1.2025331e+01   1.2783582e-22
   1.2053062e+01   1.2714354e-22
   1.2080856e+01   1.2645651e-22
   1.2108715e+01   1.2577464e-22
   1.2136637e+01   1.2509784e-22
   1.2164625e+01   1.2442604e-22
   1.2192676e+01   1.2375915e-22
   1.2220793e+01   1.2309710e-22
   1.2248974e+01   1.2243982e-22
   1.2277220e+01   1.2178723e-22
   1.2305532e+01   1.2113927e-22
   1.2333908e+01   1.2049587e-22
   1.2362350e+01   1.1985696e-22
   1.2390858e+01   1.1922247e-22
   1.2419431e+01   1.1859236e-22
   1.2448071e+01   1.1796656e-22
   1.2476776e+01   1.1734501e-22
   1.2505548e+01   1.1672765e-22
   1.2534386e+01   1.1611444e-22
   1.2563290e+01   1.1550531e-22
   1.2592261e+01   1.1490022e-22
   1.2621299e+01   1.1429911e-22
   1.2650404e+01   1.1370194e-22
   1.2679576e+01   1.1310865e-22
   1.2708815e+01   1.1251921e-22
   1.2738121e+01   1.1193356e-22
   1.2767496e+01   1.1135166e-22
   1.2796938e+01   1.1077347e-22
   1.2826447e+01   1.1019895e-22
   1.2856025e+01   1.0962805e-22
   1.2885671e+01   1.0906073e-22
   1.2915386e+01   1.0849696e-22
   1.2945169e+01   1.0793669e-22
   1.2975020e+01   1.0737988e-22
   1.3004941e+01   1.0682651e-22
   1.3034930e+01   1.0627653e-22
   1.3064989e+01   1.0572991e-22
   1.3095117e+01   1.0518661e-22
   1.3125314e+01   1.0464660e-22
   1.3155582e+01   1.0410985e-22
   1.3185918e+01   1.0357632e-22
   1.3216325e+01   1.0304598e-22
   1.3246802e+01   1.0251880e-22
   1.3277349e+01   1.0199475e-22
   1.3307967e+01   1.0147380e-22
   1.3338655e+01   1.0095591e-22
   1.3369414e+01   1.0044107e-22
   1.3400244e+01   9.9929235e-23
   1.3431145e+01   9.9420384e-23
   1.3462118e+01   9.8914487e-23
   1.3493162e+01   9.8411519e-23
   1.3524277e+01   9.7911452e-23
   1.3555464e+01   9.7414260e-23
   1.3586723e+01   9.6919918e-23
   1.3618054e+01   9.6428399e-23
   1.3649457e+01   9.5939680e-23
   1.3680933e+01   9.5453735e-23
   1.3712481e+01   9.4970541e-23
   1.3744103e+01   9.4490074e-23
   1.3775797e+01   9.4012311e-23
   1.3807564e+01   9.3537228e-23
   1.3839404e+01   9.3064804e-23
   1.3871318e+01   9.2595015e-23
   1.3903305e+01   9.2127841e-23
   1.3935366e+01   9.1663259e-23
   1.3967501e+01   9.1201248e-23
   1.3999710e+01   9.0741788e-23
   1.4031994e+01   9.0284858e-23
   1.4064352e+01   8.9830437e-23
   1.4096784e+01   8.9378507e-23
   1.4129292e+01   8.8929046e-23
   1.4161874e+01   8.8482036e-23
   1.4194531e+01   8.8037457e-23
   1.4227264e+01   8.7595292e-23
   1.4260072e+01   8.7155520e-23
   1.4292956e+01   8.6718124e-23
   1.4325916e+01   8.6283086e-23
   1.4358951e+01   8.5850388e-23
   1.4392063e+01   8.5420013e-23
   1.4425251e+01   8.4991942e-23
   1.4458516e+01   8.4566160e-23
   1.4491858e+01   8.4142648e-23
   1.4525276e+01   8.3721391e-23
   1.4558771e+01   8.3302373e-23
   1.4592344e+01   8.2885576e-23
   1.4625994e+01   8.2470985e-23
   1.4659722e+01   8.2058584e-23
   1.4693527e+01   8.1648357e-23
   1.4727410e+01   8.1240290e-23
   1.4761372e+01   8.0834366e-23
   1.4795412e+01   8.0430572e-23
   1.4829530e+01   8.0028891e-23
   1.4863727e+01   7.9629310e-23
   1.4898003e+01   7.9231813e-23
   1.4932358e+01   7.8836388e-23
   1.4966792e+01   7.8443018e-23
   1.5001306e+01   7.8051692e-23
   1.5035899e+01   7.7662394e-23
   1.5070572e+01   7.7275111e-23
   1.5105324e+01   7.6889829e-23
   1.5140157e+01   7.6506536e-23
   1.5175071e+01   7.6125219e-23
   1.5210065e+01   7.5745863e-23
   1.5245139e+01   7.5368456e-23
   1.5280295e+01   7.4992986e-23
   1.5315531e+01   7.4619440e-23
   1.5350849e+01   7.4247806e-23
   1.5386248e+01   7.3878070e-23
   1.5421729e+01   7.3510222e-23
   1.5457291e+01   7.3144248e-23
   1.5492936e+01   7.2780137e-23
   1.5528663e+01   7.2417878e-23
   1.5564472e+01   7.2057458e-23
   1.5600364e+01   7.1698866e-23
   1.5636338e+01   7.1342091e-23
   1.5672396e+01   7.0987121e-23
   1.5708537e+01   7.0633945e-23
   1.5744761e+01   7.0282552e-23
   1.5781068e+01   6.9932931e-23
   1.5817459e+01   6.9585071e-23
   1.5853935e+01   6.9238962e-23
   1.5890494e+01   6.8894592e-23
   1.5927137e+01   6.8551951e-23
   1.5963866e+01   6.8211029e-23
   1.6000678e+01   6.7871816e-23
   1.6037576e+01   6.7534300e-23
   1.6074559e+01   6.7198473e-23
   1.6111627e+01   6.6864324e-23
   1.6148780e+01   6.6531843e-23
   1.6186020e+01   6.6201019e-23
   1.6223345e+01   6.5871845e-23
   1.6260756e+01   6.5544308e-23
   1.6298253e+01   6.5218401e-23
   1.6335837e+01   6.4894114e-23
   1.6373508e+01   6.4571437e-23
   1.6411265e+01   6.4250360e-23
   1.6449110e+01   6.3930876e-23
   1.6487041e+01   6.3612973e-23
   1.6525061e+01   6.3296644e-23
   1.6563168e+01   6.2981879e-23
   1.6601362e+01   6.2668670e-23
   1.6639645e+01   6.2357007e-23
   1.6678016e+01   6.2046882e-23
   1.6716476e+01   6.1738286e-23
   1.6755024e+01   6.1431210e-23
   1.6793662e+01   6.1125646e-23
   1.6832388e+01   6.0821585e-23
   1.6871203e+01   6.0519020e-23
   1.6910109e+01   6.0217941e-23
   1.6949103e+01   5.9918340e-23
   1.6988188e+01   5.9620209e-23
   1.7027363e+01   5.9323540e-23
   1.7066628e+01   5.9028325e-23
   1.7105984e+01   5.8734556e-23
   1.7145431e+01   5.8442224e-23
   1.7184968e+01   5.8151323e-23
   1.7224597e+01   5.7861844e-23
   1.7264317e+01   5.7573779e-23
   1.7304128e+01   5.7287120e-23
   1.7344032e+01   5.7001861e-23
   1.7384027e+01   5.6717993e-23
   1.7424115e+01   5.6435509e-23
   1.7464295e+01   5.6154401e-23
   1.7504568e+01   5.5874662e-23
   1.7544934e+01   5.5596285e-23
   1.7585392e+01   5.5319262e-23
   1.7625945e+01   5.5043586e-23
   1.7666590e+01   5.4769249e-23
   1.7707329e+01   5.4496246e-23
   1.7748163e+01   5.4224568e-23
   1.7789090e+01   5.3954208e-23
   1.7830112e+01   5.3685160e-23
   1.7871228e+01   5.3417417e-23
   1.7912439e+01   5.3150971e-23
   1.7953746e+01   5.2885816e-23
   1.7995147e+01   5.2621945e-23
   1.8036644e+01   5.2359352e-23
   1.8078237e+01   5.2098028e-23
   1.8119925e+01   5.1837969e-23
   1.8161710e+01   5.1579167e-23
   1.8203591e+01   5.1321616e-23
   1.8245569e+01   5.1065309e-23
   1.8287643e+01   5.0810240e-23
   1.8329814e+01   5.0556402e-23
   1.8372083e+01   5.0303788e-23
   1.8414449e+01   5.0052394e-23
   1.8456913e+01   4.9802211e-23
   1.8499475e+01   4.9553235e-23
   1.8542135e+01   4.9305458e-23
   1.8584893e+01   4.9058875e-23
   1.8627750e+01   4.8813480e-23
   1.8670706e+01   4.8569266e-23
   1.8713761e+01   4.8326227e-23
   1.8756915e+01   4.8084357e-23
   1.8800168e+01   4.7843651e-23
   1.8843522e+01   4.7604102e-23
   1.8886975e+01   4.7365705e-23
   1.8930528e+01   4.7128453e-23
   1.8974182e+01   4.6892341e-23
   1.9017937e+01   4.6657363e-23
   1.9061792e+01   4.6423513e-23
   1.9105749e+01   4.6190786e-23
   1.9149807e+01   4.5959175e-23
   1.9193967e+01   4.5728676e-23
   1.9238228e+01   4.5499282e-23
   1.9282592e+01   4.5270989e-23
   1.9327057e+01   4.5043790e-23
   1.9371626e+01   4.4817680e-23
   1.9416297e+01   4.4592653e-23
   1.9461071e+01   4.4368705e-23
   1.9505948e+01   4.4145829e-23
   1.9550929e+01   4.3924021e-23
   1.9596014e+01   4.3703275e-23
   1.9641202e+01   4.3483585e-23
   1.9686495e+01   4.3264947e-23
   1.9731892e+01   4.3047355e-23
   1.9777394e+01   4.2830804e-23
   1.9823001e+01   4.2615288e-23
   1.9868713e+01   4.2400804e-23
   1.9914530e+01   4.2187345e-23
   1.9960454e+01   4.1974906e-23
   2.0006482e+01   4.1763483e-23
   2.0052618e+01   4.1553070e-23
   2.0098859e+01   4.1343663e-23
   2.0145207e+01   4.1135256e-23
   2.0191662e+01   4.0927845e-23
   2.0238224e+01   4.0721424e-23
   2.0284894e+01   4.0515989e-23
   2.0331671e+01   4.0311535e-23
   2.0378556e+01   4.0108057e-23
   2.0425549e+01   3.9905551e-23
   2.0472650e+01   3.9704010e-23
   2.0519861e+01   3.9503432e-23
   2.0567180e+01   3.9303811e-23
   2.0614608e+01   3.9105142e-23
   2.0662145e+01   3.8907421e-23
   2.0709792e+01   3.8710643e-23
   2.0757549e+01   3.8514804e-23
   2.0805416e+01   3.8319898e-23
   2.0853394e+01   3.8125922e-23
   2.0901482e+01   3.7932871e-23
   2.0949681e+01   3.7740740e-23
   2.0997991e+01   3.7549526e-23
   2.1046412e+01   3.7359222e-23
   2.1094945e+01   3.7169826e-23
   2.1143591e+01   3.6981333e-23
   2.1192348e+01   3.6793738e-23
   2.1241218e+01   3.6607037e-23
   2.1290200e+01   3.6421225e-23
   2.1339295e+01   3.6236299e-23
   2.1388504e+01   3.6052254e-23
   2.1437826e+01   3.5869086e-23
   2.1487262e+01   3.5686791e-23
   2.1536812e+01   3.5505364e-23
   2.1586476e+01   3.5324801e-23
   2.1636254e+01   3.5145098e-23
   2.1686148e+01   3.4966251e-23
   2.1736156e+01   3.4788257e-23
   2.1786280e+01   3.4611110e-23
   2.1836519e+01   3.4434806e-23
   2.1886874e+01   3.4259343e-23
   2.1937346e+01   3.4084715e-23
   2.1987933e+01   3.3910919e-23
   2.2038638e+01   3.3737950e-23
   2.2089459e+01   3.3565806e-23
   2.2140397e+01   3.3394481e-23
   2.2191453e+01   3.3223972e-23
   2.2242627e+01   3.3054275e-23
   2.2293919e+01   3.2885386e-23
   2.2345328e+01   3.2717302e-23
   2.2396857e+01   3.2550018e-23
   2.2448504e+01   3.2383531e-23
   2.2500271e+01   3.2217837e-23
   2.2552157e+01   3.2052932e-23
   2.2604162e+01   3.1888812e-23
   2.2656287e+01   3.1725475e-23
   2.2708533e+01   3.1562915e-23
   2.2760899e+01   3.1401129e-23
   2.2813386e+01   3.1240115e-23
   2.2865994e+01   3.1079867e-23
   2.2918723e+01   3.0920383e-23
   2.2971574e+01   3.0761658e-23
   2.3024546e+01   3.0603690e-23
   2.3077641e+01   3.0446475e-23
   2.3130858e+01   3.0290009e-23
   2.3184198e+01   3.0134288e-23
   2.3237661e+01   2.9979310e-23
   2.3291247e+01   2.9825070e-23
   2.3344957e+01   2.9671565e-23
   2.3398791e+01   2.9518792e-23
   2.3452748e+01   2.9366748e-23
   2.3506831e+01   2.9215428e-23
   2.3561038e+01   2.9064830e-23
   2.3615370e+01   2.8914950e-23
   2.3669827e+01   2.8765784e-23
   2.3724410e+01   2.8617331e-23
   2.3779118e+01   2.8469585e-23
   2.3833953e+01   2.8322544e-23
   2.3888914e+01   2.8176205e-23
   2.3944002e+01   2.8030563e-23
   2.3999217e+01   2.7885617e-23
   2.4054560e+01   2.7741363e-23
   2.4110030e+01   2.7597797e-23
   2.4165628e+01   2.7454917e-23
   2.4221354e+01   2.7312719e-23
   2.4277208e+01   2.7171199e-23
   2.4333192e+01   2.7030356e-23
   2.4389304e+01   2.6890185e-23
   2.4445546e+01   2.6750685e-23
   2.4501918e+01   2.6611850e-23
   2.4558420e+01   2.6473679e-23
   2.4615051e+01   2.6336169e-23
   2.4671814e+01   2.6199315e-23
   2.4728707e+01   2.6063116e-23
   2.4785732e+01   2.5927569e-23
   2.4842888e+01   2.5792669e-23
   2.4900176e+01   2.5658415e-23
   2.4957596e+01   2.5524804e-23
   2.5015148e+01   2.5391831e-23
   2.5072833e+01   2.5259495e-23
   2.5130652e+01   2.5127793e-23
   2.5188603e+01   2.4996721e-23
   2.5246688e+01   2.4866277e-23
   2.5304907e+01   2.4736458e-23
   2.5363261e+01   2.4607261e-23
   2.5421748e+01   2.4478683e-23
   2.5480371e+01   2.4350721e-23
   2.5539129e+01   2.4223373e-23
   2.5598023e+01   2.4096635e-23
   2.5657052e+01   2.3970505e-23
   2.5716217e+01   2.3844981e-23
   2.5775519e+01   2.3720059e-23
   2.5834957e+01   2.3595736e-23
   2.5894533e+01   2.3472011e-23
   2.5954246e+01   2.3348879e-23
   2.6014097e+01   2.3226339e-23
   2.6074085e+01   2.3104388e-23
   2.6134212e+01   2.2983023e-23
   2.6194478e+01   2.2862242e-23
   2.6254883e+01   2.2742041e-23
   2.6315427e+01   2.2622418e-23
   2.6376110e+01   2.2503372e-23
   2.6436934e+01   2.2384898e-23
   2.6497898e+01   2.2266994e-23
   2.6559002e+01   2.2149659e-23
   2.6620247e+01   2.2032888e-23
   2.6681634e+01   2.1916681e-23
   2.6743162e+01   2.1801033e-23
   2.6804832e+01   2.1685944e-23
   2.6866644e+01   2.1571409e-23
   2.6928599e+01   2.1457427e-23
   2.6990696e+01   2.1343996e-23
   2.7052937e+01   2.1231112e-23
   2.7115321e+01   2.1118773e-23
   2.7177849e+01   2.1006977e-23
   2.7240522e+01   2.0895722e-23
   2.7303338e+01   2.0785005e-23
   2.7366300e+01   2.0674823e-23
   2.7429407e+01   2.0565174e-23
   2.7492659e+01   2.0456056e-23
   2.7556058e+01   2.0347467e-23
   2.7619602e+01   2.0239404e-23
   2.7683293e+01   2.0131865e-23
   2.7747131e+01   2.0024847e-23
   2.7811116e+01   1.9918348e-23
   2.7875249e+01   1.9812366e-23
   2.7939529e+01   1.9706899e-23
   2.8003958e+01   1.9601944e-23
   2.8068536e+01   1.9497499e-23
   2.8133262e+01   1.9393561e-23
   2.8198137e+01   1.9290129e-23
   2.8263162e+01   1.9187201e-23
   2.8328338e+01   1.9084773e-23
   2.8393663e+01   1.8982845e-23
   2.8459139e+01   1.8881413e-23
   2.8524766e+01   1.8780476e-23
   2.8590544e+01   1.8680031e-23
   2.8656474e+01   1.8580076e-23
   2.8722556e+01   1.8480609e-23
   2.8788791e+01   1.8381628e-23
   2.8855178e+01   1.8283131e-23
   2.8921718e+01   1.8185115e-23
   2.8988412e+01   1.8087579e-23
   2.9055259e+01   1.7990521e-23
   2.9122261e+01   1.7893938e-23
   2.9189417e+01   1.7797828e-23
   2.9256728e+01   1.7702189e-23
   2.9324194e+01   1.7607020e-23
   2.9391816e+01   1.7512318e-23
   2.9459594e+01   1.7418081e-23
   2.9527528e+01   1.7324307e-23
   2.9595619e+01   1.7230995e-23
   2.9663866e+01   1.7138141e-23
   2.9732272e+01   1.7045745e-23
   2.9800834e+01   1.6953804e-23
   2.9869555e+01   1.6862317e-23
   2.9938435e+01   1.6771281e-23
   3.0007473e+01   1.6680694e-23
   3.0076670e+01   1.6590554e-23
   3.0146028e+01   1.6500861e-23
   3.0215544e+01   1.6411610e-23
   3.0285222e+01   1.6322802e-23
   3.0355060e+01   1.6234434e-23
   3.0425059e+01   1.6146503e-23
   3.0495219e+01   1.6059009e-23
   3.0565541e+01   1.5971949e-23
   3.0636026e+01   1.5885322e-23
   3.0706673e+01   1.5799125e-23
   3.0777482e+01   1.5713357e-23
   3.0848456e+01   1.5628016e-23
   3.0919592e+01   1.5543100e-23
   3.0990893e+01   1.5458608e-23
   3.1062358e+01   1.5374538e-23
   3.1133988e+01   1.5290887e-23
   3.1205784e+01   1.5207654e-23
   3.1277744e+01   1.5124838e-23
   3.1349871e+01   1.5042437e-23
   3.1422164e+01   1.4960448e-23
   3.1494624e+01   1.4878871e-23
   3.1567251e+01   1.4797703e-23
   3.1640045e+01   1.4716943e-23
   3.1713007e+01   1.4636589e-23
   3.1786138e+01   1.4556640e-23
   3.1859437e+01   1.4477093e-23
   3.1932905e+01   1.4397948e-23
   3.2006542e+01   1.4319202e-23
   3.2080350e+01   1.4240853e-23
   3.2154327e+01   1.4162901e-23
   3.2228475e+01   1.4085344e-23
   3.2302794e+01   1.4008179e-23
   3.2377285e+01   1.3931406e-23
   3.2451947e+01   1.3855023e-23
   3.2526782e+01   1.3779027e-23
   3.2601789e+01   1.3703419e-23
   3.2676969e+01   1.3628195e-23
   3.2752322e+01   1.3553355e-23
   3.2827849e+01   1.3478897e-23
   3.2903550e+01   1.3404819e-23
   3.2979426e+01   1.3331121e-23
   3.3055477e+01   1.3257799e-23
   3.3131703e+01   1.3184854e-23
   3.3208105e+01   1.3112282e-23
   3.3284683e+01   1.3040084e-23
   3.3361438e+01   1.2968257e-23
   3.3438370e+01   1.2896800e-23
   3.3515479e+01   1.2825711e-23
   3.3592766e+01   1.2754990e-23
   3.3670231e+01   1.2684634e-23
   3.3747875e+01   1.2614642e-23
   3.3825698e+01   1.2545013e-23
   3.3903700e+01   1.2475745e-23
   3.3981882e+01   1.2406837e-23
   3.4060245e+01   1.2338287e-23
   3.4138788e+01   1.2270094e-23
   3.4217512e+01   1.2202257e-23
   3.4296418e+01   1.2134775e-23
   3.4375506e+01   1.2067645e-23
   3.4454776e+01   1.2000867e-23
   3.4534229e+01   1.1934439e-23
   3.4613865e+01   1.1868361e-23
   3.4693685e+01   1.1802629e-23
   3.4773689e+01   1.1737244e-23
   3.4853877e+01   1.1672204e-23
   3.4934251e+01   1.1607507e-23
   3.5014809e+01   1.1543153e-23
   3.5095554e+01   1.1479140e-23
   3.5176484e+01   1.1415467e-23
   3.5257602e+01   1.1352132e-23
   3.5338906e+01   1.1289134e-23
   3.5420398e+01   1.1226472e-23
   3.5502077e+01   1.1164145e-23
   3.5583945e+01   1.1102152e-23
   3.5666002e+01   1.1040490e-23
   3.5748248e+01   1.0979160e-23
   3.5830684e+01   1.0918160e-23
   3.5913310e+01   1.0857488e-23
   3.5996126e+01   1.0797143e-23
   3.6079134e+01   1.0737125e-23
   3.6162332e+01   1.0677432e-23
   3.6245723e+01   1.0618063e-23
   3.6329306e+01   1.0559016e-23
   3.6413082e+01   1.0500291e-23
   3.6497050e+01   1.0441886e-23
   3.6581213e+01   1.0383801e-23
   3.6665569e+01   1.0326033e-23
   3.6750120e+01   1.0268583e-23
   3.6834867e+01   1.0211449e-23
   3.6919808e+01   1.0154629e-23
   3.7004945e+01   1.0098123e-23
   3.7090279e+01   1.0041929e-23
   3.7175810e+01   9.9860473e-24
   3.7261537e+01   9.9304757e-24
   3.7347463e+01   9.8752135e-24
   3.7433586e+01   9.8202595e-24
   3.7519908e+01   9.7656127e-24
   3.7606429e+01   9.7112721e-24
   3.7693150e+01   9.6572366e-24
   3.7780071e+01   9.6035052e-24
   3.7867192e+01   9.5500769e-24
   3.7954514e+01   9.4969507e-24
   3.8042037e+01   9.4441254e-24
   3.8129763e+01   9.3916002e-24
   3.8217690e+01   9.3393741e-24
   3.8305821e+01   9.2874460e-24
   3.8394154e+01   9.2358150e-24
   3.8482691e+01   9.1844801e-24
   3.8571433e+01   9.1334403e-24
   3.8660379e+01   9.0826947e-24
   3.8749530e+01   9.0322423e-24
   3.8838886e+01   8.9820823e-24
   3.8928449e+01   8.9322135e-24
   3.9018219e+01   8.8826352e-24
   3.9108195e+01   8.8333464e-24
   3.9198379e+01   8.7843462e-24
   3.9288770e+01   8.7356336e-24
   3.9379371e+01   8.6872078e-24
   3.9470180e+01   8.6390679e-24
   3.9561198e+01   8.5912130e-24
   3.9652427e+01   8.5436421e-24
   3.9743865e+01   8.4963546e-24
   3.9835515e+01   8.4493494e-24
   3.9927376e+01   8.4026257e-24
   4.0019449e+01   8.3561826e-24
   4.0111734e+01   8.3100194e-24
   4.0204232e+01   8.2641351e-24
   4.0296943e+01   8.2185290e-24
   4.0389868e+01   8.1732002e-24
   4.0483008e+01   8.1281479e-24
   4.0576362e+01   8.0833712e-24
   4.0669931e+01   8.0388695e-24
   4.0763716e+01   7.9946418e-24
   4.0857718e+01   7.9506873e-24
   4.0951936e+01   7.9070054e-24
   4.1046372e+01   7.8635952e-24
   4.1141025e+01   7.8204559e-24
   4.1235896e+01   7.7775867e-24
   4.1330987e+01   7.7349870e-24
   4.1426296e+01   7.6926559e-24
   4.1521826e+01   7.6505927e-24
   4.1617575e+01   7.6087966e-24
   4.1713546e+01   7.5672670e-24
   4.1809737e+01   7.5260030e-24
   4.1906151e+01   7.4850040e-24
   4.2002787e+01   7.4442692e-24
   4.2099646e+01   7.4037978e-24
   4.2196728e+01   7.3635893e-24
   4.2294034e+01   7.3236429e-24
   4.2391564e+01   7.2839579e-24
   4.2489319e+01   7.2445335e-24
   4.2587300e+01   7.2053692e-24
   4.2685507e+01   7.1664642e-24
   4.2783940e+01   7.1278178e-24
   4.2882600e+01   7.0894294e-24
   4.2981488e+01   7.0512983e-24
   4.3080603e+01   7.0134238e-24
   4.3179947e+01   6.9758053e-24
   4.3279521e+01   6.9384421e-24
   4.3379324e+01   6.9013336e-24
   4.3479357e+01   6.8644791e-24
   4.3579620e+01   6.8278781e-24
   4.3680115e+01   6.7915297e-24
   4.3780842e+01   6.7554335e-24
   4.3881801e+01   6.7195888e-24
   4.3982993e+01   6.6839949e-24
   4.4084418e+01   6.6486514e-24
   4.4186077e+01   6.6135574e-24
   4.4287970e+01   6.5787125e-24
   4.4390099e+01   6.5441159e-24
   4.4492463e+01   6.5097672e-24
   4.4595062e+01   6.4756657e-24
   4.4697899e+01   6.4418109e-24
   4.4800973e+01   6.4082020e-24
   4.4904284e+01   6.3748386e-24
   4.5007834e+01   6.3417201e-24
   4.5111622e+01   6.3088458e-24
   4.5215650e+01   6.2762151e-24
   4.5319918e+01   6.2438276e-24
   4.5424426e+01   6.2116827e-24
   4.5529175e+01   6.1797797e-24
   4.5634165e+01   6.1481180e-24
   4.5739398e+01   6.1166972e-24
   4.5844873e+01   6.0855167e-24
   4.5950592e+01   6.0545759e-24
   4.6056554e+01   6.0238742e-24
   4.6162761e+01   5.9934110e-24
   4.6269213e+01   5.9631859e-24
   4.6375910e+01   5.9331983e-24
   4.6482853e+01   5.9034475e-24
   4.6590043e+01   5.8739331e-24
   4.6697480e+01   5.8446545e-24
   4.6805165e+01   5.8156112e-24
   4.6913098e+01   5.7868026e-24
   4.7021280e+01   5.7582281e-24
   4.7129711e+01   5.7298872e-24
   4.7238393e+01   5.7017794e-24
   4.7347325e+01   5.6739041e-24
   4.7456508e+01   5.6462608e-24
   4.7565943e+01   5.6188489e-24
   4.7675631e+01   5.5916678e-24
   4.7785571e+01   5.5647171e-24
   4.7895765e+01   5.5379962e-24
   4.8006213e+01   5.5115044e-24
   4.8116916e+01   5.4852414e-24
   4.8227874e+01   5.4592065e-24
   4.8339087e+01   5.4333991e-24
   4.8450558e+01   5.4078188e-24
   4.8562285e+01   5.3824650e-24
   4.8674270e+01   5.3573370e-24
   4.8786513e+01   5.3324345e-24
   4.8899015e+01   5.3077567e-24
   4.9011777e+01   5.2833032e-24
   4.9124798e+01   5.2590733e-24
   4.9238081e+01   5.2350666e-24
   4.9351624e+01   5.2112824e-24
   4.9465429e+01   5.1877201e-24
   4.9579497e+01   5.1643793e-24
   4.9693828e+01   5.1412593e-24
   4.9808422e+01   5.1183596e-24
   4.9923280e+01   5.0956795e-24
   5.0038404e+01   5.0732184e-24
   5.0153793e+01   5.0509759e-24
   5.0269448e+01   5.0289513e-24
   5.0385370e+01   5.0071440e-24
   5.0501559e+01   4.9855533e-24
   5.0618016e+01   4.9641788e-24
   5.0734741e+01   4.9430197e-24
   5.0851736e+01   4.9220755e-24
   5.0969000e+01   4.9013455e-24
   5.1086535e+01   4.8808292e-24
   5.1204341e+01   4.8605258e-24
   5.1322419e+01   4.8404348e-24
   5.1440769e+01   4.8205555e-24
   5.1559392e+01   4.8008873e-24
   5.1678288e+01   4.7814295e-24
   5.1797458e+01   4.7621814e-24
   5.1916904e+01   4.7431425e-24
   5.2036625e+01   4.7243119e-24
   5.2156621e+01   4.7056891e-24
   5.2276895e+01   4.6872734e-24
   5.2397446e+01   4.6690641e-24
   5.2518275e+01   4.6510604e-24
   5.2639382e+01   4.6332617e-24
   5.2760769e+01   4.6156673e-24
   5.2882436e+01   4.5982764e-24
   5.3004383e+01   4.5810884e-24
   5.3126612e+01   4.5641024e-24
   5.3249122e+01   4.5473179e-24
   5.3371915e+01   4.5307339e-24
   5.3494991e+01   4.5143498e-24
   5.3618351e+01   4.4981648e-24
   5.3741995e+01   4.4821781e-24
   5.3865925e+01   4.4663889e-24
   5.3990140e+01   4.4507966e-24
   5.4114642e+01   4.4354002e-24
   5.4239430e+01   4.4201989e-24
   5.4364507e+01   4.4051921e-24
   5.4489872e+01   4.3903788e-24
   5.4615526e+01   4.3757582e-24
   5.4741470e+01   4.3613295e-24
   5.4867704e+01   4.3470918e-24
   5.4994229e+01   4.3330444e-24
   5.5121046e+01   4.3191862e-24
   5.5248156e+01   4.3055166e-24
   5.5375559e+01   4.2920345e-24
   5.5503255e+01   4.2787392e-24
   5.5631246e+01   4.2656296e-24
   5.5759532e+01   4.2527050e-24
   5.5888114e+01   4.2399643e-24
   5.6016992e+01   4.2274068e-24
   5.6146168e+01   4.2150314e-24
   5.6275642e+01   4.2028372e-24
   5.6405414e+01   4.1908233e-24
   5.6535485e+01   4.1789887e-24
   5.6665856e+01   4.1673325e-24
   5.6796528e+01   4.1558537e-24
   5.6927501e+01   4.1445513e-24
   5.7058777e+01   4.1334243e-24
   5.7190355e+01   4.1224717e-24
   5.7322236e+01   4.1116926e-24
   5.7454421e+01   4.1010859e-24
   5.7586912e+01   4.0906506e-24
   5.7719708e+01   4.0803857e-24
   5.7852810e+01   4.0702902e-24
   5.7986219e+01   4.0603629e-24
   5.8119935e+01   4.0506029e-24
   5.8253960e+01   4.0410091e-24
   5.8388294e+01   4.0315804e-24
   5.8522938e+01   4.0223158e-24
   5.8657893e+01   4.0132141e-24
   5.8793158e+01   4.0042744e-24
   5.8928736e+01   3.9954955e-24
   5.9064626e+01   3.9868763e-24
   5.9200829e+01   3.9784156e-24
   5.9337347e+01   3.9701125e-24
   5.9474179e+01   3.9619658e-24
   5.9611327e+01   3.9539743e-24
   5.9748791e+01   3.9461369e-24
   5.9886572e+01   3.9384525e-24
   6.0024671e+01   3.9309200e-24
   6.0163089e+01   3.9235382e-24
   6.0301825e+01   3.9163059e-24
   6.0440882e+01   3.9092220e-24
   6.0580259e+01   3.9022854e-24
   6.0719957e+01   3.8954948e-24
   6.0859978e+01   3.8888491e-24
   6.1000322e+01   3.8823472e-24
   6.1140989e+01   3.8759878e-24
   6.1281980e+01   3.8697698e-24
   6.1423297e+01   3.8636919e-24
   6.1564940e+01   3.8577531e-24
   6.1706909e+01   3.8519520e-24
   6.1849206e+01   3.8462876e-24
   6.1991830e+01   3.8407586e-24
   6.2134784e+01   3.8353638e-24
   6.2278067e+01   3.8301020e-24
   6.2421681e+01   3.8249720e-24
   6.2565626e+01   3.8199726e-24
   6.2709903e+01   3.8151026e-24
   6.2854512e+01   3.8103608e-24
   6.2999455e+01   3.8057460e-24
   6.3144732e+01   3.8012570e-24
   6.3290345e+01   3.7968925e-24
   6.3436293e+01   3.7926513e-24
   6.3582577e+01   3.7885323e-24
   6.3729199e+01   3.7845343e-24
   6.3876159e+01   3.7806559e-24
   6.4023458e+01   3.7768960e-24
   6.4171097e+01   3.7732535e-24
   6.4319076e+01   3.7697270e-24
   6.4467396e+01   3.7663154e-24
   6.4616058e+01   3.7630174e-24
   6.4765063e+01   3.7598319e-24
   6.4914412e+01   3.7567577e-24
   6.5064105e+01   3.7537935e-24
   6.5214144e+01   3.7509382e-24
   6.5364528e+01   3.7481906e-24
   6.5515259e+01   3.7455494e-24
   6.5666338e+01   3.7430135e-24
   6.5817765e+01   3.7405816e-24
   6.5969541e+01   3.7382527e-24
   6.6121667e+01   3.7360255e-24
   6.6274144e+01   3.7338988e-24
   6.6426973e+01   3.7318715e-24
   6.6580154e+01   3.7299424e-24
   6.6733688e+01   3.7281103e-24
   6.6887577e+01   3.7263740e-24
   6.7041820e+01   3.7247325e-24
   6.7196419e+01   3.7231845e-24
   6.7351374e+01   3.7217289e-24
   6.7506687e+01   3.7203645e-24
   6.7662358e+01   3.7190903e-24
   6.7818388e+01   3.7179050e-24
   6.7974778e+01   3.7168076e-24
   6.8131528e+01   3.7157969e-24
   6.8288640e+01   3.7148719e-24
   6.8446114e+01   3.7140313e-24
   6.8603951e+01   3.7132741e-24
   6.8762153e+01   3.7125992e-24
   6.8920719e+01   3.7120055e-24
   6.9079650e+01   3.7114919e-24
   6.9238949e+01   3.7110574e-24
   6.9398614e+01   3.7107008e-24
   6.9558648e+01   3.7104211e-24
   6.9719051e+01   3.7102172e-24
   6.9879823e+01   3.7100881e-24
   7.0040967e+01   3.7100327e-24
   7.0202482e+01   3.7100500e-24
   7.0364369e+01   3.7101390e-24
   7.0526630e+01   3.7102985e-24
   7.0689265e+01   3.7105277e-24
   7.0852275e+01   3.7108255e-24
   7.1015661e+01   3.7111909e-24
   7.1179423e+01   3.7116229e-24
   7.1343564e+01   3.7121205e-24
   7.1508083e+01   3.7126827e-24
   7.1672981e+01   3.7133086e-24
   7.1838259e+01   3.7139972e-24
   7.2003919e+01   3.7147475e-24
   7.2169960e+01   3.7155585e-24
   7.2336385e+01   3.7164295e-24
   7.2503193e+01   3.7173593e-24
   7.2670386e+01   3.7183471e-24
   7.2837964e+01   3.7193920e-24
   7.3005929e+01   3.7204931e-24
   7.3174282e+01   3.7216494e-24
   7.3343022e+01   3.7228601e-24
   7.3512152e+01   3.7241242e-24
   7.3681671e+01   3.7254410e-24
   7.3851582e+01   3.7268095e-24
   7.4021884e+01   3.7282288e-24
   7.4192579e+01   3.7296982e-24
   7.4363668e+01   3.7312168e-24
   7.4535151e+01   3.7327837e-24
   7.4707029e+01   3.7343981e-24
   7.4879304e+01   3.7360593e-24
   7.5051977e+01   3.7377663e-24
   7.5225047e+01   3.7395184e-24
   7.5398517e+01   3.7413148e-24
   7.5572386e+01   3.7431547e-24
   7.5746657e+01   3.7450373e-24
   7.5921329e+01   3.7469619e-24
   7.6096404e+01   3.7489276e-24
   7.6271883e+01   3.7509339e-24
   7.6447767e+01   3.7529798e-24
   7.6624056e+01   3.7550647e-24
   7.6800751e+01   3.7571878e-24
   7.6977855e+01   3.7593484e-24
   7.7155366e+01   3.7615459e-24
   7.7333287e+01   3.7637794e-24
   7.7511618e+01   3.7660483e-24
   7.7690361e+01   3.7683520e-24
   7.7869515e+01   3.7706896e-24
   7.8049083e+01   3.7730607e-24
   7.8229065e+01   3.7754644e-24
   7.8409461e+01   3.7779002e-24
   7.8590274e+01   3.7803674e-24
   7.8771504e+01   3.7828653e-24
   7.8953152e+01   3.7853933e-24
   7.9135218e+01   3.7879508e-24
   7.9317705e+01   3.7905372e-24
   7.9500612e+01   3.7931518e-24
   7.9683941e+01   3.7957941e-24
   7.9867693e+01   3.7984635e-24
   8.0051868e+01   3.8011593e-24
   8.0236468e+01   3.8038811e-24
   8.0421494e+01   3.8066281e-24
   8.0606947e+01   3.8093999e-24
   8.0792827e+01   3.8121959e-24
   8.0979136e+01   3.8150156e-24
   8.1165874e+01   3.8178583e-24
   8.1353044e+01   3.8207236e-24
   8.1540644e+01   3.8236109e-24
   8.1728678e+01   3.8265197e-24
   8.1917145e+01   3.8294495e-24
   8.2106046e+01   3.8323998e-24
   8.2295383e+01   3.8353701e-24
   8.2485157e+01   3.8383599e-24
   8.2675369e+01   3.8413686e-24
   8.2866019e+01   3.8443959e-24
   8.3057108e+01   3.8474411e-24
   8.3248639e+01   3.8505040e-24
   8.3440611e+01   3.8535839e-24
   8.3633025e+01   3.8566805e-24
   8.3825884e+01   3.8597933e-24
   8.4019187e+01   3.8629218e-24
   8.4212936e+01   3.8660656e-24
   8.4407131e+01   3.8692243e-24
   8.4601775e+01   3.8723974e-24
   8.4796867e+01   3.8755846e-24
   8.4992409e+01   3.8787854e-24
   8.5188403e+01   3.8819994e-24
   8.5384848e+01   3.8852262e-24
   8.5581746e+01   3.8884654e-24
   8.5779098e+01   3.8917166e-24
   8.5976905e+01   3.8949794e-24
   8.6175169e+01   3.8982536e-24
   8.6373889e+01   3.9015385e-24
   8.6573068e+01   3.9048340e-24
   8.6772706e+01   3.9081397e-24
   8.6972805e+01   3.9114551e-24
   8.7173365e+01   3.9147800e-24
   8.7374387e+01   3.9181140e-24
   8.7575873e+01   3.9214567e-24
   8.7777824e+01   3.9248079e-24
   8.7980240e+01   3.9281671e-24
   8.8183123e+01   3.9315341e-24
   8.8386474e+01   3.9349085e-24
   8.8590294e+01   3.9382901e-24
   8.8794584e+01   3.9416784e-24
   8.8999345e+01   3.9450733e-24
   8.9204578e+01   3.9484743e-24
   8.9410285e+01   3.9518813e-24
   8.9616465e+01   3.9552939e-24
   8.9823122e+01   3.9587118e-24
   9.0030254e+01   3.9621347e-24
   9.0237865e+01   3.9655624e-24
   9.0445954e+01   3.9689946e-24
   9.0654523e+01   3.9724310e-24
   9.0863573e+01   3.9758714e-24
   9.1073105e+01   3.9793155e-24
   9.1283120e+01   3.9827630e-24
   9.1493620e+01   3.9862136e-24
   9.1704605e+01   3.9896672e-24
   9.1916077e+01   3.9931235e-24
   9.2128036e+01   3.9965823e-24
   9.2340484e+01   4.0000433e-24
   9.2553422e+01   4.0035062e-24
   9.2766850e+01   4.0069709e-24
   9.2980771e+01   4.0104371e-24
   9.3195186e+01   4.0139047e-24
   9.3410095e+01   4.0173733e-24
   9.3625499e+01   4.0208428e-24
   9.3841400e+01   4.0243129e-24
   9.4057799e+01   4.0277836e-24
   9.4274697e+01   4.0312545e-24
   9.4492095e+01   4.0347254e-24
   9.4709995e+01   4.0381962e-24
   9.4928397e+01   4.0416667e-24
   9.5147302e+01   4.0451366e-24
   9.5366713e+01   4.0486059e-24
   9.5586629e+01   4.0520742e-24
   9.5807053e+01   4.0555415e-24
   9.6027984e+01   4.0590076e-24
   9.6249426e+01   4.0624722e-24
   9.6471378e+01   4.0659353e-24
   9.6693841e+01   4.0693966e-24
   9.6916818e+01   4.0728560e-24
   9.7140309e+01   4.0763133e-24
   9.7364315e+01   4.0797684e-24
   9.7588838e+01   4.0832211e-24
   9.7813879e+01   4.0866713e-24
   9.8039438e+01   4.0901187e-24
   9.8265518e+01   4.0935634e-24
   9.8492119e+01   4.0970051e-24
   9.8719243e+01   4.1004436e-24
   9.8946890e+01   4.1038790e-24
   9.9175062e+01   4.1073109e-24
   9.9403761e+01   4.1107393e-24
   9.9632987e+01   4.1141640e-24
   9.9862741e+01   4.1175850e-24
   1.0009303e+02   4.1210021e-24
   1.0032384e+02   4.1244152e-24
   1.0055519e+02   4.1278241e-24
   1.0078707e+02   4.1312287e-24
   1.0101948e+02   4.1346290e-24
   1.0125244e+02   4.1380248e-24
   1.0148593e+02   4.1414160e-24
   1.0171995e+02   4.1448025e-24
   1.0195452e+02   4.1481841e-24
   1.0218963e+02   4.1515609e-24
   1.0242528e+02   4.1549326e-24
   1.0266147e+02   4.1582993e-24
   1.0289821e+02   4.1616607e-24
   1.0313549e+02   4.1650168e-24
   1.0337332e+02   4.1683675e-24
   1.0361170e+02   4.1717127e-24
   1.0385063e+02   4.1750523e-24
   1.0409011e+02   4.1783863e-24
   1.0433015e+02   4.1817145e-24
   1.0457073e+02   4.1850369e-24
   1.0481187e+02   4.1883533e-24
   1.0505357e+02   4.1916638e-24
   1.0529582e+02   4.1949682e-24
   1.0553864e+02   4.1982664e-24
   1.0578201e+02   4.2015584e-24
   1.0602594e+02   4.2048442e-24
   1.0627044e+02   4.2081235e-24
   1.0651550e+02   4.2113965e-24
   1.0676113e+02   4.2146629e-24
   1.0700732e+02   4.2179228e-24
   1.0725408e+02   4.2211760e-24
   1.0750141e+02   4.2244226e-24
   1.0774931e+02   4.2276624e-24
   1.0799778e+02   4.2308954e-24
   1.0824682e+02   4.2341215e-24
   1.0849644e+02   4.2373407e-24
   1.0874663e+02   4.2405530e-24
   1.0899740e+02   4.2437582e-24
   1.0924875e+02   4.2469563e-24
   1.0950068e+02   4.2501473e-24
   1.0975319e+02   4.2533312e-24
   1.1000628e+02   4.2565078e-24
   1.1025996e+02   4.2596771e-24
   1.1051422e+02   4.2628391e-24
   1.1076906e+02   4.2659938e-24
   1.1102450e+02   4.2691411e-24
   1.1128052e+02   4.2722810e-24
   1.1153714e+02   4.2754133e-24
   1.1179434e+02   4.2785382e-24
   1.1205214e+02   4.2816555e-24
   1.1231053e+02   4.2847652e-24
   1.1256952e+02   4.2878673e-24
   1.1282911e+02   4.2909618e-24
   1.1308929e+02   4.2940486e-24
   1.1335008e+02   4.2971276e-24
   1.1361146e+02   4.3001990e-24
   1.1387345e+02   4.3032625e-24
   1.1413605e+02   4.3063183e-24
   1.1439924e+02   4.3093662e-24
   1.1466305e+02   4.3124063e-24
   1.1492746e+02   4.3154386e-24
   1.1519249e+02   4.3184629e-24
   1.1545812e+02   4.3214793e-24
   1.1572437e+02   4.3244878e-24
   1.1599123e+02   4.3274883e-24
   1.1625871e+02   4.3304809e-24
   1.1652680e+02   4.3334654e-24
   1.1679551e+02   4.3364420e-24
   1.1706484e+02   4.3394105e-24
   1.1733480e+02   4.3423710e-24
   1.1760537e+02   4.3453235e-24
   1.1787657e+02   4.3482678e-24
   1.1814839e+02   4.3512041e-24
   1.1842085e+02   4.3541324e-24
   1.1869392e+02   4.3570525e-24
   1.1896763e+02   4.3599645e-24
   1.1924197e+02   4.3628683e-24
   1.1951695e+02   4.3657641e-24
   1.1979255e+02   4.3686517e-24
   1.2006880e+02   4.3715312e-24
   1.2034568e+02   4.3744025e-24
   1.2062319e+02   4.3772657e-24
   1.2090135e+02   4.3801207e-24
   1.2118015e+02   4.3829676e-24
   1.2145959e+02   4.3858063e-24
   1.2173968e+02   4.3886369e-24
   1.2202041e+02   4.3914592e-24
   1.2230179e+02   4.3942735e-24
   1.2258382e+02   4.3970795e-24
   1.2286650e+02   4.3998774e-24
   1.2314983e+02   4.4026671e-24
   1.2343382e+02   4.4054487e-24
   1.2371846e+02   4.4082221e-24
   1.2400375e+02   4.4109873e-24
   1.2428971e+02   4.4137444e-24
   1.2457632e+02   4.4164934e-24
   1.2486359e+02   4.4192342e-24
   1.2515153e+02   4.4219669e-24
   1.2544013e+02   4.4246914e-24
   1.2572940e+02   4.4274078e-24
   1.2601933e+02   4.4301161e-24
   1.2630993e+02   4.4328164e-24
   1.2660120e+02   4.4355085e-24
   1.2689314e+02   4.4381925e-24
   1.2718576e+02   4.4408684e-24
   1.2747905e+02   4.4435363e-24
   1.2777302e+02   4.4461961e-24
   1.2806767e+02   4.4488478e-24
   1.2836299e+02   4.4514916e-24
   1.2865900e+02   4.4541273e-24
   1.2895569e+02   4.4567550e-24
   1.2925306e+02   4.4593747e-24
   1.2955112e+02   4.4619864e-24
   1.2984986e+02   4.4645901e-24
   1.3014930e+02   4.4671859e-24
   1.3044942e+02   4.4697737e-24
   1.3075024e+02   4.4723536e-24
   1.3105175e+02   4.4749256e-24
   1.3135396e+02   4.4774898e-24
   1.3165686e+02   4.4800460e-24
   1.3196046e+02   4.4825944e-24
   1.3226476e+02   4.4851349e-24
   1.3256977e+02   4.4876676e-24
   1.3287547e+02   4.4901925e-24
   1.3318189e+02   4.4927096e-24
   1.3348901e+02   4.4952190e-24
   1.3379683e+02   4.4977205e-24
   1.3410537e+02   4.5002144e-24
   1.3441462e+02   4.5027006e-24
   1.3472458e+02   4.5051790e-24
   1.3503525e+02   4.5076498e-24
   1.3534665e+02   4.5101129e-24
   1.3565876e+02   4.5125685e-24
   1.3597159e+02   4.5150164e-24
   1.3628514e+02   4.5174567e-24
   1.3659941e+02   4.5198894e-24
   1.3691441e+02   4.5223147e-24
   1.3723014e+02   4.5247324e-24
   1.3754659e+02   4.5271426e-24
   1.3786377e+02   4.5295453e-24
   1.3818169e+02   4.5319406e-24
   1.3850034e+02   4.5343285e-24
   1.3881972e+02   4.5367090e-24
   1.3913984e+02   4.5390821e-24
   1.3946070e+02   4.5414479e-24
   1.3978229e+02   4.5438063e-24
   1.4010463e+02   4.5461574e-24
   1.4042772e+02   4.5485013e-24
   1.4075154e+02   4.5508379e-24
   1.4107612e+02   4.5531673e-24
   1.4140144e+02   4.5554895e-24
   1.4172751e+02   4.5578046e-24
   1.4205434e+02   4.5601125e-24
   1.4238192e+02   4.5624132e-24
   1.4271025e+02   4.5647069e-24
   1.4303934e+02   4.5669936e-24
   1.4336919e+02   4.5692732e-24
   1.4369980e+02   4.5715458e-24
   1.4403117e+02   4.5738114e-24
   1.4436331e+02   4.5760701e-24
   1.4469621e+02   4.5783219e-24
   1.4502988e+02   4.5805667e-24
   1.4536432e+02   4.5828048e-24
   1.4569954e+02   4.5850359e-24
   1.4603552e+02   4.5872603e-24
   1.4637228e+02   4.5894779e-24
   1.4670981e+02   4.5916888e-24
   1.4704813e+02   4.5938929e-24
   1.4738722e+02   4.5960904e-24
   1.4772710e+02   4.5982812e-24
   1.4806776e+02   4.6004654e-24
   1.4840920e+02   4.6026430e-24
   1.4875144e+02   4.6048140e-24
   1.4909446e+02   4.6069785e-24
   1.4943827e+02   4.6091365e-24
   1.4978288e+02   4.6112881e-24
   1.5012828e+02   4.6134332e-24
   1.5047447e+02   4.6155719e-24
   1.5082147e+02   4.6177042e-24
   1.5116927e+02   4.6198301e-24
   1.5151786e+02   4.6219498e-24
   1.5186726e+02   4.6240631e-24
   1.5221747e+02   4.6261703e-24
   1.5256849e+02   4.6282712e-24
   1.5292031e+02   4.6303659e-24
   1.5327295e+02   4.6324545e-24
   1.5362639e+02   4.6345369e-24
   1.5398066e+02   4.6366133e-24
   1.5433574e+02   4.6386836e-24
   1.5469164e+02   4.6407479e-24
   1.5504836e+02   4.6428062e-24
   1.5540590e+02   4.6448585e-24
   1.5576427e+02   4.6469049e-24
   1.5612346e+02   4.6489454e-24
   1.5648348e+02   4.6509801e-24
   1.5684434e+02   4.6530090e-24
   1.5720602e+02   4.6550320e-24
   1.5756854e+02   4.6570493e-24
   1.5793189e+02   4.6590609e-24
   1.5829608e+02   4.6610668e-24
   1.5866112e+02   4.6630670e-24
   1.5902699e+02   4.6650617e-24
   1.5939371e+02   4.6670507e-24
   1.5976127e+02   4.6690342e-24
   1.6012968e+02   4.6710121e-24
   1.6049894e+02   4.6729846e-24
   1.6086905e+02   4.6749516e-24
   1.6124002e+02   4.6769132e-24
   1.6161184e+02   4.6788695e-24
   1.6198452e+02   4.6808203e-24
   1.6235805e+02   4.6827659e-24
   1.6273245e+02   4.6847062e-24
   1.6310772e+02   4.6866413e-24
   1.6348384e+02   4.6885711e-24
   1.6386084e+02   4.6904958e-24
   1.6423870e+02   4.6924153e-24
   1.6461744e+02   4.6943297e-24
   1.6499705e+02   4.6962391e-24
   1.6537753e+02   4.6981434e-24
   1.6575889e+02   4.7000428e-24
   1.6614114e+02   4.7019372e-24
   1.6652426e+02   4.7038266e-24
   1.6690826e+02   4.7057111e-24
   1.6729316e+02   4.7075908e-24
   1.6767894e+02   4.7094657e-24
   1.6806560e+02   4.7113358e-24
   1.6845316e+02   4.7132012e-24
   1.6884162e+02   4.7150618e-24
   1.6923097e+02   4.7169177e-24
   1.6962122e+02   4.7187690e-24
   1.7001236e+02   4.7206157e-24
   1.7040441e+02   4.7224579e-24
   1.7079737e+02   4.7242954e-24
   1.7119123e+02   4.7261285e-24
   1.7158600e+02   4.7279572e-24
   1.7198168e+02   4.7297814e-24
   1.7237827e+02   4.7316012e-24
   1.7277577e+02   4.7334166e-24
   1.7317419e+02   4.7352277e-24
   1.7357354e+02   4.7370346e-24
   1.7397380e+02   4.7388372e-24
   1.7437498e+02   4.7406355e-24
   1.7477709e+02   4.7424298e-24
   1.7518013e+02   4.7442198e-24
   1.7558410e+02   4.7460058e-24
   1.7598899e+02   4.7477877e-24
   1.7639483e+02   4.7495655e-24
   1.7680159e+02   4.7513394e-24
   1.7720930e+02   4.7531093e-24
   1.7761795e+02   4.7548753e-24
   1.7802753e+02   4.7566374e-24
   1.7843807e+02   4.7583956e-24
   1.7884955e+02   4.7601500e-24
   1.7926198e+02   4.7619007e-24
   1.7967535e+02   4.7636476e-24
   1.8008969e+02   4.7653908e-24
   1.8050498e+02   4.7671303e-24
   1.8092122e+02   4.7688662e-24
   1.8133843e+02   4.7705985e-24
   1.8175659e+02   4.7723273e-24
   1.8217573e+02   4.7740525e-24
   1.8259583e+02   4.7757742e-24
   1.8301689e+02   4.7774925e-24
   1.8343893e+02   4.7792074e-24
   1.8386194e+02   4.7809189e-24
   1.8428593e+02   4.7826270e-24
   1.8471089e+02   4.7843319e-24
   1.8513684e+02   4.7860334e-24
   1.8556377e+02   4.7877318e-24
   1.8599168e+02   4.7894269e-24
   1.8642058e+02   4.7911189e-24
   1.8685046e+02   4.7928078e-24
   1.8728134e+02   4.7944936e-24
   1.8771321e+02   4.7961764e-24
   1.8814608e+02   4.7978561e-24
   1.8857995e+02   4.7995328e-24
   1.8901482e+02   4.8012067e-24
   1.8945068e+02   4.8028776e-24
   1.8988756e+02   4.8045456e-24
   1.9032544e+02   4.8062109e-24
   1.9076433e+02   4.8078733e-24
   1.9120424e+02   4.8095330e-24
   1.9164516e+02   4.8111899e-24
   1.9208709e+02   4.8128442e-24
   1.9253005e+02   4.8144958e-24
   1.9297402e+02   4.8161449e-24
   1.9341902e+02   4.8177913e-24
   1.9386505e+02   4.8194352e-24
   1.9431210e+02   4.8210767e-24
   1.9476019e+02   4.8227156e-24
   1.9520930e+02   4.8243522e-24
   1.9565946e+02   4.8259863e-24
   1.9611065e+02   4.8276181e-24
   1.9656288e+02   4.8292476e-24
   1.9701616e+02   4.8308748e-24
   1.9747048e+02   4.8324998e-24
   1.9792585e+02   4.8341225e-24
   1.9838227e+02   4.8357431e-24
   1.9883974e+02   4.8373616e-24
   1.9929826e+02   4.8389780e-24
   1.9975785e+02   4.8405923e-24
   2.0021849e+02   4.8422046e-24
   2.0068020e+02   4.8438149e-24
   2.0114297e+02   4.8454232e-24
   2.0160680e+02   4.8470297e-24
   2.0207171e+02   4.8486343e-24
   2.0253769e+02   4.8502370e-24
   2.0300474e+02   4.8518380e-24
   2.0347287e+02   4.8534372e-24
   2.0394208e+02   4.8550346e-24
   2.0441237e+02   4.8566304e-24
   2.0488375e+02   4.8582245e-24
   2.0535621e+02   4.8598170e-24
   2.0582977e+02   4.8614079e-24
   2.0630441e+02   4.8629973e-24
   2.0678015e+02   4.8645852e-24
   2.0725699e+02   4.8661716e-24
   2.0773492e+02   4.8677565e-24
   2.0821396e+02   4.8693401e-24
   2.0869411e+02   4.8709223e-24
   2.0917536e+02   4.8725032e-24
   2.0965772e+02   4.8740829e-24
   2.1014119e+02   4.8756612e-24
   2.1062578e+02   4.8772384e-24
   2.1111148e+02   4.8788144e-24
   2.1159831e+02   4.8803892e-24
   2.1208625e+02   4.8819629e-24
   2.1257533e+02   4.8835356e-24
   2.1306553e+02   4.8851073e-24
   2.1355686e+02   4.8866779e-24
   2.1404932e+02   4.8882477e-24
   2.1454292e+02   4.8898165e-24
   2.1503766e+02   4.8913844e-24
   2.1553354e+02   4.8929514e-24
   2.1603056e+02   4.8945177e-24
   2.1652873e+02   4.8960832e-24
   2.1702804e+02   4.8976480e-24
   2.1752851e+02   4.8992120e-24
   2.1803013e+02   4.9007754e-24
   2.1853291e+02   4.9023382e-24
   2.1903685e+02   4.9039004e-24
   2.1954195e+02   4.9054621e-24
   2.2004822e+02   4.9070232e-24
   2.2055565e+02   4.9085839e-24
   2.2106425e+02   4.9101441e-24
   2.2157403e+02   4.9117040e-24
   2.2208498e+02   4.9132634e-24
   2.2259711e+02   4.9148226e-24
   2.2311042e+02   4.9163814e-24
   2.2362491e+02   4.9179400e-24
   2.2414060e+02   4.9194984e-24
   2.2465747e+02   4.9210566e-24
   2.2517553e+02   4.9226147e-24
   2.2569478e+02   4.9241726e-24
   2.2621524e+02   4.9257305e-24
   2.2673689e+02   4.9272884e-24
   2.2725975e+02   4.9288462e-24
   2.2778381e+02   4.9304041e-24
   2.2830908e+02   4.9319621e-24
   2.2883556e+02   4.9335202e-24
   2.2936326e+02   4.9350785e-24
   2.2989217e+02   4.9366369e-24
   2.3042231e+02   4.9381956e-24
   2.3095366e+02   4.9397545e-24
   2.3148624e+02   4.9413137e-24
   2.3202005e+02   4.9428733e-24
   2.3255509e+02   4.9444332e-24
   2.3309137e+02   4.9459936e-24
   2.3362888e+02   4.9475544e-24
   2.3416763e+02   4.9491157e-24
   2.3470762e+02   4.9506775e-24
   2.3524886e+02   4.9522399e-24
   2.3579134e+02   4.9538028e-24
   2.3633508e+02   4.9553664e-24
   2.3688007e+02   4.9569307e-24
   2.3742632e+02   4.9584957e-24
   2.3797382e+02   4.9600614e-24
   2.3852259e+02   4.9616279e-24
   2.3907263e+02   4.9631953e-24
   2.3962393e+02   4.9647634e-24
   2.4017651e+02   4.9663325e-24
   2.4073036e+02   4.9679025e-24
   2.4128548e+02   4.9694735e-24
   2.4184189e+02   4.9710455e-24
   2.4239958e+02   4.9726185e-24
   2.4295855e+02   4.9741926e-24
   2.4351882e+02   4.9757678e-24
   2.4408037e+02   4.9773442e-24
   2.4464322e+02   4.9789218e-24
   2.4520737e+02   4.9805006e-24
   2.4577282e+02   4.9820806e-24
   2.4633958e+02   4.9836620e-24
   2.4690764e+02   4.9852447e-24
   2.4747701e+02   4.9868288e-24
   2.4804769e+02   4.9884142e-24
   2.4861969e+02   4.9900012e-24
   2.4919301e+02   4.9915896e-24
   2.4976765e+02   4.9931796e-24
   2.5034362e+02   4.9947711e-24
   2.5092091e+02   4.9963642e-24
   2.5149954e+02   4.9979590e-24
   2.5207950e+02   4.9995554e-24
   2.5266080e+02   5.0011536e-24
   2.5324343e+02   5.0027535e-24
   2.5382742e+02   5.0043552e-24
   2.5441274e+02   5.0059587e-24
   2.5499942e+02   5.0075641e-24
   2.5558745e+02   5.0091714e-24
   2.5617684e+02   5.0107806e-24
   2.5676758e+02   5.0123918e-24
   2.5735969e+02   5.0140051e-24
   2.5795317e+02   5.0156203e-24
   2.5854801e+02   5.0172377e-24
   2.5914422e+02   5.0188572e-24
   2.5974181e+02   5.0204788e-24
   2.6034078e+02   5.0221027e-24
   2.6094112e+02   5.0237288e-24
   2.6154286e+02   5.0253572e-24
   2.6214598e+02   5.0269879e-24
   2.6275049e+02   5.0286209e-24
   2.6335639e+02   5.0302563e-24
   2.6396369e+02   5.0318942e-24
   2.6457240e+02   5.0335345e-24
   2.6518250e+02   5.0351774e-24
   2.6579401e+02   5.0368228e-24
   2.6640694e+02   5.0384707e-24
   2.6702127e+02   5.0401213e-24
   2.6763703e+02   5.0417746e-24
   2.6825420e+02   5.0434305e-24
   2.6887280e+02   5.0450892e-24
   2.6949282e+02   5.0467506e-24
   2.7011427e+02   5.0484149e-24
   2.7073716e+02   5.0500820e-24
   2.7136148e+02   5.0517519e-24
   2.7198724e+02   5.0534249e-24
   2.7261444e+02   5.0551007e-24
   2.7324310e+02   5.0567796e-24
   2.7387320e+02   5.0584615e-24
   2.7450475e+02   5.0601465e-24
   2.7513776e+02   5.0618346e-24
   2.7577223e+02   5.0635259e-24
   2.7640816e+02   5.0652203e-24
   2.7704556e+02   5.0669180e-24
   2.7768443e+02   5.0686190e-24
   2.7832477e+02   5.0703233e-24
   2.7896659e+02   5.0720309e-24
   2.7960989e+02   5.0737419e-24
   2.8025467e+02   5.0754563e-24
   2.8090094e+02   5.0771742e-24
   2.8154870e+02   5.0788956e-24
   2.8219796e+02   5.0806205e-24
   2.8284871e+02   5.0823490e-24
   2.8350096e+02   5.0840811e-24
   2.8415471e+02   5.0858169e-24
   2.8480998e+02   5.0875564e-24
   2.8546675e+02   5.0892996e-24
   2.8612504e+02   5.0910466e-24
   2.8678485e+02   5.0927974e-24
   2.8744617e+02   5.0945520e-24
   2.8810903e+02   5.0963106e-24
   2.8877341e+02   5.0980731e-24
   2.8943932e+02   5.0998395e-24
   2.9010677e+02   5.1016099e-24
   2.9077576e+02   5.1033844e-24
   2.9144629e+02   5.1051630e-24
   2.9211837e+02   5.1069457e-24
   2.9279200e+02   5.1087326e-24
   2.9346718e+02   5.1105237e-24
   2.9414391e+02   5.1123190e-24
   2.9482221e+02   5.1141186e-24
   2.9550207e+02   5.1159226e-24
   2.9618350e+02   5.1177309e-24
   2.9686651e+02   5.1195436e-24
   2.9755108e+02   5.1213607e-24
   2.9823724e+02   5.1231823e-24
   2.9892498e+02   5.1250085e-24
   2.9961430e+02   5.1268392e-24
   3.0030521e+02   5.1286745e-24
   3.0099772e+02   5.1305144e-24
   3.0169182e+02   5.1323591e-24
   3.0238752e+02   5.1342084e-24
   3.0308483e+02   5.1360625e-24
   3.0378375e+02   5.1379214e-24
   3.0448428e+02   5.1397852e-24
   3.0518642e+02   5.1416538e-24
   3.0589018e+02   5.1435274e-24
   3.0659557e+02   5.1454059e-24
   3.0730258e+02   5.1472894e-24
   3.0801122e+02   5.1491780e-24
   3.0872150e+02   5.1510716e-24
   3.0943341e+02   5.1529704e-24
   3.1014697e+02   5.1548743e-24
   3.1086217e+02   5.1567835e-24
   3.1157902e+02   5.1586979e-24
   3.1229752e+02   5.1606175e-24
   3.1301768e+02   5.1625425e-24
   3.1373950e+02   5.1644729e-24
   3.1446299e+02   5.1664087e-24
   3.1518814e+02   5.1683499e-24
   3.1591497e+02   5.1702966e-24
   3.1664347e+02   5.1722488e-24
   3.1737365e+02   5.1742067e-24
   3.1810552e+02   5.1761701e-24
   3.1883907e+02   5.1781392e-24
   3.1957432e+02   5.1801139e-24
   3.2031126e+02   5.1820945e-24
   3.2104990e+02   5.1840807e-24
   3.2179024e+02   5.1860729e-24
   3.2253229e+02   5.1880708e-24
   3.2327606e+02   5.1900747e-24
   3.2402153e+02   5.1920845e-24
   3.2476873e+02   5.1941003e-24
   3.2551765e+02   5.1961222e-24
   3.2626829e+02   5.1981501e-24
   3.2702067e+02   5.2001841e-24
   3.2777478e+02   5.2022242e-24
   3.2853063e+02   5.2042706e-24
   3.2928823e+02   5.2063232e-24
   3.3004757e+02   5.2083820e-24
   3.3080866e+02   5.2104472e-24
   3.3157151e+02   5.2125188e-24
   3.3233612e+02   5.2145967e-24
   3.3310249e+02   5.2166811e-24
   3.3387062e+02   5.2187720e-24
   3.3464053e+02   5.2208695e-24
   3.3541221e+02   5.2229735e-24
   3.3618568e+02   5.2250841e-24
   3.3696092e+02   5.2272014e-24
   3.3773796e+02   5.2293253e-24
   3.3851679e+02   5.2314561e-24
   3.3929741e+02   5.2335936e-24
   3.4007983e+02   5.2357379e-24
   3.4086406e+02   5.2378891e-24
   3.4165009e+02   5.2400472e-24
   3.4243794e+02   5.2422123e-24
   3.4322760e+02   5.2443844e-24
   3.4401909e+02   5.2465635e-24
   3.4481240e+02   5.2487498e-24
   3.4560754e+02   5.2509431e-24
   3.4640451e+02   5.2531436e-24
   3.4720333e+02   5.2553514e-24
   3.4800398e+02   5.2575664e-24
   3.4880648e+02   5.2597887e-24
   3.4961083e+02   5.2620184e-24
   3.5041703e+02   5.2642554e-24
   3.5122510e+02   5.2664999e-24
   3.5203503e+02   5.2687519e-24
   3.5284682e+02   5.2710114e-24
   3.5366049e+02   5.2732785e-24
   3.5447603e+02   5.2755532e-24
   3.5529346e+02   5.2778355e-24
   3.5611277e+02   5.2801255e-24
   3.5693397e+02   5.2824233e-24
   3.5775706e+02   5.2847289e-24
   3.5858205e+02   5.2870423e-24
   3.5940894e+02   5.2893636e-24
   3.6023774e+02   5.2916928e-24
   3.6106845e+02   5.2940300e-24
   3.6190108e+02   5.2963752e-24
   3.6273563e+02   5.2987285e-24
   3.6357210e+02   5.3010898e-24
   3.6441050e+02   5.3034593e-24
   3.6525083e+02   5.3058370e-24
   3.6609310e+02   5.3082230e-24
   3.6693731e+02   5.3106172e-24
   3.6778347e+02   5.3130197e-24
   3.6863159e+02   5.3154307e-24
   3.6948165e+02   5.3178500e-24
   3.7033368e+02   5.3202778e-24
   3.7118767e+02   5.3227141e-24
   3.7204364e+02   5.3251590e-24
   3.7290157e+02   5.3276125e-24
   3.7376148e+02   5.3300746e-24
   3.7462338e+02   5.3325455e-24
   3.7548727e+02   5.3350250e-24
   3.7635314e+02   5.3375134e-24
   3.7722102e+02   5.3400106e-24
   3.7809089e+02   5.3425167e-24
   3.7896277e+02   5.3450317e-24
   3.7983666e+02   5.3475556e-24
   3.8071257e+02   5.3500886e-24
   3.8159049e+02   5.3526307e-24
   3.8247044e+02   5.3551819e-24
   3.8335242e+02   5.3577422e-24
   3.8423644e+02   5.3603118e-24
   3.8512249e+02   5.3628906e-24
   3.8601059e+02   5.3654787e-24
   3.8690073e+02   5.3680761e-24
   3.8779292e+02   5.3706830e-24
   3.8868718e+02   5.3732993e-24
   3.8958349e+02   5.3759251e-24
   3.9048188e+02   5.3785605e-24
   3.9138233e+02   5.3812054e-24
   3.9228486e+02   5.3838600e-24
   3.9318947e+02   5.3865242e-24
   3.9409617e+02   5.3891982e-24
   3.9500496e+02   5.3918820e-24
   3.9591584e+02   5.3945757e-24
   3.9682883e+02   5.3972792e-24
   3.9774392e+02   5.3999926e-24
   3.9866112e+02   5.4027160e-24
   3.9958044e+02   5.4054495e-24
   4.0050187e+02   5.4081930e-24
   4.0142543e+02   5.4109467e-24
   4.0235112e+02   5.4137105e-24
   4.0327895e+02   5.4164846e-24
   4.0420891e+02   5.4192690e-24
   4.0514102e+02   5.4220637e-24
   4.0607528e+02   5.4248688e-24
   4.0701169e+02   5.4276843e-24
   4.0795026e+02   5.4305103e-24
   4.0889100e+02   5.4333469e-24
   4.0983390e+02   5.4361940e-24
   4.1077898e+02   5.4390518e-24
   4.1172624e+02   5.4419203e-24
   4.1267569e+02   5.4447995e-24
   4.1362732e+02   5.4476896e-24
   4.1458115e+02   5.4505905e-24
   4.1553718e+02   5.4535023e-24
   4.1649541e+02   5.4564251e-24
   4.1745585e+02   5.4593590e-24
   4.1841851e+02   5.4623039e-24
   4.1938338e+02   5.4652599e-24
   4.2035048e+02   5.4682272e-24
   4.2131982e+02   5.4712057e-24
   4.2229138e+02   5.4741955e-24
   4.2326519e+02   5.4771967e-24
   4.2424124e+02   5.4802093e-24
   4.2521955e+02   5.4832334e-24
   4.2620010e+02   5.4862691e-24
   4.2718293e+02   5.4893164e-24
   4.2816801e+02   5.4923755e-24
   4.2915537e+02   5.4954463e-24
   4.3014501e+02   5.4985289e-24
   4.3113692e+02   5.5016234e-24
   4.3213113e+02   5.5047299e-24
   4.3312763e+02   5.5078485e-24
   4.3412642e+02   5.5109792e-24
   4.3512752e+02   5.5141221e-24
   4.3613093e+02   5.5172774e-24
   4.3713665e+02   5.5204451e-24
   4.3814469e+02   5.5236252e-24
   4.3915506e+02   5.5268180e-24
   4.4016775e+02   5.5300235e-24
   4.4118278e+02   5.5332418e-24
   4.4220015e+02   5.5364731e-24
   4.4321987e+02   5.5397175e-24
   4.4424194e+02   5.5429752e-24
   4.4526636e+02   5.5462463e-24
   4.4629315e+02   5.5495310e-24
   4.4732231e+02   5.5528296e-24
   4.4835383e+02   5.5561422e-24
   4.4938774e+02   5.5594691e-24
   4.5042403e+02   5.5628106e-24
   4.5146271e+02   5.5661672e-24
   4.5250379e+02   5.5695391e-24
   4.5354727e+02   5.5729269e-24
   4.5459315e+02   5.5763311e-24
   4.5564145e+02   5.5797524e-24
   4.5669216e+02   5.5831917e-24
   4.5774529e+02   5.5866499e-24
   4.5880086e+02   5.5901283e-24
   4.5985886e+02   5.5936285e-24
   4.6091930e+02   5.5971525e-24
   4.6198218e+02   5.6007029e-24
   4.6304751e+02   5.6042831e-24
   4.6411530e+02   5.6078976e-24
   4.6518556e+02   5.6115526e-24
   4.6625828e+02   5.6152568e-24
   4.6733347e+02   5.6190224e-24
   4.6841115e+02   5.6228675e-24
   4.6949131e+02   5.6268197e-24
   4.7057396e+02   5.6309225e-24
   4.7165911e+02   5.6352480e-24
   4.7274676e+02   5.6399234e-24
   4.7383691e+02   5.6451899e-24
   4.7492958e+02   5.6515529e-24
   4.7602478e+02   5.6602247e-24
   4.7712249e+02   5.6747584e-24
   4.7822274e+02   5.7096809e-24
   4.7932553e+02   5.8852342e-24
   4.8043085e+02   4.0866074e-23
   4.8153873e+02   5.8562203e-24
   4.8264916e+02   5.7179552e-24
   4.8376216e+02   5.6940980e-24
   4.8487772e+02   5.6880778e-24
   4.8599585e+02   5.6873078e-24
   4.8711656e+02   5.6886260e-24
   4.8823985e+02   5.6909399e-24
   4.8936574e+02   5.6937915e-24
   4.9049422e+02   5.6969615e-24
   4.9162530e+02   5.7003346e-24
   4.9275899e+02   5.7038452e-24
   4.9389530e+02   5.7074540e-24
   4.9503423e+02   5.7111363e-24
   4.9617578e+02   5.7148757e-24
   4.9731996e+02   5.7186615e-24
   4.9846679e+02   5.7224859e-24
   4.9961626e+02   5.7263436e-24
   5.0076837e+02   5.7302306e-24
   5.0192315e+02   5.7341440e-24
   5.0308059e+02   5.7380817e-24
   5.0424070e+02   5.7420420e-24
   5.0540348e+02   5.7460237e-24
   5.0656894e+02   5.7500257e-24
   5.0773710e+02   5.7540473e-24
   5.0890794e+02   5.7580879e-24
   5.1008149e+02   5.7621470e-24
   5.1125774e+02   5.7662242e-24
   5.1243670e+02   5.7703193e-24
   5.1361839e+02   5.7744319e-24
   5.1480279e+02   5.7785620e-24
   5.1598993e+02   5.7827092e-24
   5.1717981e+02   5.7868736e-24
   5.1837243e+02   5.7910551e-24
   5.1956780e+02   5.7952535e-24
   5.2076593e+02   5.7994688e-24
   5.2196682e+02   5.8037010e-24
   5.2317048e+02   5.8079501e-24
   5.2437691e+02   5.8122160e-24
   5.2558613e+02   5.8164988e-24
   5.2679814e+02   5.8207984e-24
   5.2801294e+02   5.8251148e-24
   5.2923054e+02   5.8294482e-24
   5.3045095e+02   5.8337984e-24
   5.3167417e+02   5.8381656e-24
   5.3290022e+02   5.8425497e-24
   5.3412909e+02   5.8469509e-24
   5.3536079e+02   5.8513690e-24
   5.3659534e+02   5.8558043e-24
   5.3783273e+02   5.8602566e-24
   5.3907298e+02   5.8647261e-24
   5.4031609e+02   5.8692128e-24
   5.4156206e+02   5.8737168e-24
   5.4281090e+02   5.8782380e-24
   5.4406263e+02   5.8827766e-24
   5.4531724e+02   5.8873326e-24
   5.4657475e+02   5.8919061e-24
   5.4783515e+02   5.8964970e-24
   5.4909847e+02   5.9011055e-24
   5.5036469e+02   5.9057316e-24
   5.5163384e+02   5.9103753e-24
   5.5290591e+02   5.9150368e-24
   5.5418091e+02   5.9197160e-24
   5.5545886e+02   5.9244131e-24
   5.5673975e+02   5.9291281e-24
   5.5802360e+02   5.9338609e-24
   5.5931040e+02   5.9386118e-24
   5.6060018e+02   5.9433808e-24
   5.6189293e+02   5.9481679e-24
   5.6318866e+02   5.9529731e-24
   5.6448737e+02   5.9577966e-24
   5.6578909e+02   5.9626383e-24
   5.6709380e+02   5.9674985e-24
   5.6840152e+02   5.9723770e-24
   5.6971226e+02   5.9772740e-24
   5.7102602e+02   5.9821895e-24
   5.7234281e+02   5.9871237e-24
   5.7366264e+02   5.9920764e-24
   5.7498551e+02   5.9970479e-24
   5.7631143e+02   6.0020382e-24
   5.7764041e+02   6.0070473e-24
   5.7897245e+02   6.0120753e-24
   5.8030757e+02   6.0171223e-24
   5.8164576e+02   6.0221883e-24
   5.8298704e+02   6.0272733e-24
   5.8433141e+02   6.0323776e-24
   5.8567889e+02   6.0375010e-24
   5.8702947e+02   6.0426437e-24
   5.8838316e+02   6.0478057e-24
   5.8973998e+02   6.0529871e-24
   5.9109992e+02   6.0581880e-24
   5.9246300e+02   6.0634084e-24
   5.9382923e+02   6.0686484e-24
   5.9519860e+02   6.0739081e-24
   5.9657113e+02   6.0791874e-24
   5.9794683e+02   6.0844865e-24
   5.9932570e+02   6.0898055e-24
   6.0070775e+02   6.0951444e-24
   6.0209299e+02   6.1005032e-24
   6.0348142e+02   6.1058821e-24
   6.0487305e+02   6.1112810e-24
   6.0626789e+02   6.1167001e-24
   6.0766595e+02   6.1221395e-24
   6.0906723e+02   6.1275991e-24
   6.1047175e+02   6.1330791e-24
   6.1187950e+02   6.1385795e-24
   6.1329050e+02   6.1441004e-24
   6.1470475e+02   6.1496418e-24
   6.1612226e+02   6.1552038e-24
   6.1754305e+02   6.1607865e-24
   6.1896711e+02   6.1663900e-24
   6.2039445e+02   6.1720143e-24
   6.2182508e+02   6.1776594e-24
   6.2325902e+02   6.1833255e-24
   6.2469626e+02   6.1890125e-24
   6.2613681e+02   6.1947207e-24
   6.2758069e+02   6.2004500e-24
   6.2902789e+02   6.2062005e-24
   6.3047844e+02   6.2119722e-24
   6.3193232e+02   6.2177653e-24
   6.3338957e+02   6.2235798e-24
   6.3485017e+02   6.2294157e-24
   6.3631414e+02   6.2352732e-24
   6.3778148e+02   6.2411523e-24
   6.3925221e+02   6.2470531e-24
   6.4072633e+02   6.2529755e-24
   6.4220385e+02   6.2589198e-24
   6.4368478e+02   6.2648860e-24
   6.4516912e+02   6.2708741e-24
   6.4665688e+02   6.2768841e-24
   6.4814808e+02   6.2829163e-24
   6.4964271e+02   6.2889706e-24
   6.5114080e+02   6.2950471e-24
   6.5264233e+02   6.3011458e-24
   6.5414733e+02   6.3072669e-24
   6.5565580e+02   6.3134104e-24
   6.5716775e+02   6.3195764e-24
   6.5868318e+02   6.3257649e-24
   6.6020211e+02   6.3319760e-24
   6.6172454e+02   6.3382098e-24
   6.6325048e+02   6.3444664e-24
   6.6477994e+02   6.3507458e-24
   6.6631293e+02   6.3570480e-24
   6.6784945e+02   6.3633732e-24
   6.6938952e+02   6.3697214e-24
   6.7093314e+02   6.3760927e-24
   6.7248031e+02   6.3824872e-24
   6.7403106e+02   6.3889049e-24
   6.7558538e+02   6.3953459e-24
   6.7714328e+02   6.4018102e-24
   6.7870478e+02   6.4082980e-24
   6.8026988e+02   6.4148093e-24
   6.8183859e+02   6.4213441e-24
   6.8341091e+02   6.4279026e-24
   6.8498686e+02   6.4344848e-24
   6.8656645e+02   6.4410908e-24
   6.8814967e+02   6.4477206e-24
   6.8973655e+02   6.4543744e-24
   6.9132709e+02   6.4610521e-24
   6.9292130e+02   6.4677539e-24
   6.9451918e+02   6.4744799e-24
   6.9612074e+02   6.4812300e-24
   6.9772600e+02   6.4880044e-24
   6.9933497e+02   6.4948032e-24
   7.0094764e+02   6.5016263e-24
   7.0256403e+02   6.5084740e-24
   7.0418415e+02   6.5153462e-24
   7.0580800e+02   6.5222430e-24
   7.0743560e+02   6.5291645e-24
   7.0906695e+02   6.5361107e-24
   7.1070206e+02   6.5430819e-24
   7.1234095e+02   6.5500779e-24
   7.1398361e+02   6.5570989e-24
   7.1563006e+02   6.5641449e-24
   7.1728031e+02   6.5712161e-24
   7.1893437e+02   6.5783124e-24
   7.2059223e+02   6.5854341e-24
   7.2225393e+02   6.5925810e-24
   7.2391945e+02   6.5997534e-24
   7.2558881e+02   6.6069512e-24
   7.2726203e+02   6.6141746e-24
   7.2893910e+02   6.6214236e-24
   7.3062004e+02   6.6286984e-24
   7.3230485e+02   6.6359988e-24
   7.3399355e+02   6.6433252e-24
   7.3568615e+02   6.6506774e-24
   7.3738265e+02   6.6580556e-24
   7.3908306e+02   6.6654599e-24
   7.4078739e+02   6.6728903e-24
   7.4249565e+02   6.6803469e-24
   7.4420785e+02   6.6878298e-24
   7.4592400e+02   6.6953391e-24
   7.4764410e+02   6.7028747e-24
   7.4936818e+02   6.7104369e-24
   7.5109623e+02   6.7180256e-24
   7.5282826e+02   6.7256410e-24
   7.5456429e+02   6.7332831e-24
   7.5630432e+02   6.7409519e-24
   7.5804836e+02   6.7486477e-24
   7.5979643e+02   6.7563703e-24
   7.6154852e+02   6.7641200e-24
   7.6330466e+02   6.7718968e-24
   7.6506485e+02   6.7797007e-24
   7.6682909e+02   6.7875319e-24
   7.6859741e+02   6.7953904e-24
   7.7036980e+02   6.8032762e-24
   7.7214628e+02   6.8111895e-24
   7.7392685e+02   6.8191303e-24
   7.7571153e+02   6.8270988e-24
   7.7750033e+02   6.8350949e-24
   7.7929325e+02   6.8431188e-24
   7.8109031e+02   6.8511705e-24
   7.8289151e+02   6.8592501e-24
   7.8469686e+02   6.8673577e-24
   7.8650638e+02   6.8754933e-24
   7.8832007e+02   6.8836571e-24
   7.9013794e+02   6.8918491e-24
   7.9196000e+02   6.9000693e-24
   7.9378627e+02   6.9083179e-24
   7.9561675e+02   6.9165950e-24
   7.9745144e+02   6.9249005e-24
   7.9929037e+02   6.9332347e-24
   8.0113354e+02   6.9415975e-24
   8.0298096e+02   6.9499890e-24
   8.0483264e+02   6.9584093e-24
   8.0668859e+02   6.9668586e-24
   8.0854882e+02   6.9753368e-24
   8.1041334e+02   6.9838440e-24
   8.1228216e+02   6.9923803e-24
   8.1415529e+02   7.0009459e-24
   8.1603274e+02   7.0095407e-24
   8.1791452e+02   7.0181649e-24
   8.1980064e+02   7.0268185e-24
   8.2169110e+02   7.0355015e-24
   8.2358593e+02   7.0442142e-24
   8.2548512e+02   7.0529565e-24
   8.2738870e+02   7.0617286e-24
   8.2929666e+02   7.0705305e-24
   8.3120903e+02   7.0793622e-24
   8.3312580e+02   7.0882239e-24
   8.3504700e+02   7.0971157e-24
   8.3697262e+02   7.1060376e-24
   8.3890269e+02   7.1149897e-24
   8.4083720e+02   7.1239720e-24
   8.4277618e+02   7.1329847e-24
   8.4471963e+02   7.1420279e-24
   8.4666756e+02   7.1511015e-24
   8.4861998e+02   7.1602058e-24
   8.5057690e+02   7.1693407e-24
   8.5253834e+02   7.1785064e-24
   8.5450430e+02   7.1877029e-24
   8.5647479e+02   7.1969303e-24
   8.5844983e+02   7.2061887e-24
   8.6042942e+02   7.2154781e-24
   8.6241358e+02   7.2247987e-24
   8.6440231e+02   7.2341505e-24
   8.6639563e+02   7.2435336e-24
   8.6839354e+02   7.2529481e-24
   8.7039607e+02   7.2623941e-24
   8.7240321e+02   7.2718716e-24
   8.7441498e+02   7.2813807e-24
   8.7643138e+02   7.2909216e-24
   8.7845244e+02   7.3004942e-24
   8.8047816e+02   7.3100986e-24
   8.8250855e+02   7.3197351e-24
   8.8454362e+02   7.3294035e-24
   8.8658338e+02   7.3391041e-24
   8.8862785e+02   7.3488368e-24
   8.9067703e+02   7.3586018e-24
   8.9273094e+02   7.3683992e-24
   8.9478959e+02   7.3782290e-24
   8.9685298e+02   7.3880913e-24
   8.9892113e+02   7.3979862e-24
   9.0099405e+02   7.4079138e-24
   9.0307175e+02   7.4178742e-24
   9.0515424e+02   7.4278675e-24
   9.0724153e+02   7.4378937e-24
   9.0933364e+02   7.4479529e-24
   9.1143057e+02   7.4580452e-24
   9.1353233e+02   7.4681708e-24
   9.1563894e+02   7.4783296e-24
   9.1775041e+02   7.4885219e-24
   9.1986675e+02   7.4987477e-24
   9.2198797e+02   7.5090071e-24
   9.2411408e+02   7.5193002e-24
   9.2624510e+02   7.5296272e-24
   9.2838103e+02   7.5399882e-24
   9.3052188e+02   7.5503833e-24
   9.3266767e+02   7.5608129e-24
   9.3481841e+02   7.5712770e-24
   9.3697411e+02   7.5817760e-24
   9.3913478e+02   7.5923105e-24
   9.4130043e+02   7.6028809e-24
   9.4347108e+02   7.6134885e-24
   9.4564673e+02   7.6241350e-24
   9.4782740e+02   7.6348238e-24
   9.5001309e+02   7.6455618e-24
   9.5220383e+02   7.6563661e-24
   9.5439962e+02   7.6672873e-24
   9.5660047e+02   7.6785396e-24
   9.5880640e+02   7.6921021e-24
   9.6101742e+02   7.9238611e-24
   9.6323353e+02   7.7125793e-24
   9.6545475e+02   7.7219238e-24
   9.6768110e+02   7.7325760e-24
   9.6991258e+02   7.7434730e-24
   9.7214920e+02   7.7544683e-24
   9.7439099e+02   7.7655245e-24
   9.7663794e+02   7.7766283e-24
   9.7889008e+02   7.7877742e-24
   9.8114740e+02   7.7989597e-24
   9.8340994e+02   7.8101833e-24
   9.8567769e+02   7.8214444e-24
   9.8795067e+02   7.8327425e-24
   9.9022889e+02   7.8440774e-24
   9.9251237e+02   7.8554490e-24
   9.9480111e+02   7.8668572e-24
   9.9709513e+02   7.8783021e-24
   9.9939443e+02   7.8897836e-24
   1.0016990e+03   7.9013018e-24
   1.0040090e+03   7.9128567e-24
   1.0063242e+03   7.9244485e-24
   1.0086448e+03   7.9360770e-24
   1.0109708e+03   7.9477425e-24
   1.0133021e+03   7.9594450e-24
   1.0156387e+03   7.9711846e-24
   1.0179808e+03   7.9829613e-24
   1.0203283e+03   7.9947753e-24
   1.0226812e+03   8.0066266e-24
   1.0250395e+03   8.0185152e-24
   1.0274032e+03   8.0304414e-24
   1.0297724e+03   8.0424051e-24
   1.0321471e+03   8.0544065e-24
   1.0345272e+03   8.0664456e-24
   1.0369129e+03   8.0785225e-24
   1.0393040e+03   8.0906373e-24
   1.0417006e+03   8.1027901e-24
   1.0441028e+03   8.1149810e-24
   1.0465105e+03   8.1272101e-24
   1.0489238e+03   8.1394774e-24
   1.0513426e+03   8.1517831e-24
   1.0537670e+03   8.1641272e-24
   1.0561970e+03   8.1765098e-24
   1.0586326e+03   8.1889311e-24
   1.0610738e+03   8.2013910e-24
   1.0635207e+03   8.2138897e-24
   1.0659731e+03   8.2264273e-24
   1.0684313e+03   8.2390038e-24
   1.0708951e+03   8.2516195e-24
   1.0733646e+03   8.2642742e-24
   1.0758398e+03   8.2769682e-24
   1.0783207e+03   8.2897015e-24
   1.0808073e+03   8.3024742e-24
   1.0832996e+03   8.3152865e-24
   1.0857977e+03   8.3281383e-24
   1.0883016e+03   8.3410298e-24
   1.0908112e+03   8.3539611e-24
   1.0933266e+03   8.3669322e-24
   1.0958479e+03   8.3799433e-24
   1.0983749e+03   8.3929945e-24
   1.1009078e+03   8.4060858e-24
   1.1034465e+03   8.4192173e-24
   1.1059910e+03   8.4323891e-24
   1.1085414e+03   8.4456014e-24
   1.1110977e+03   8.4588541e-24
   1.1136599e+03   8.4721475e-24
   1.1162281e+03   8.4854815e-24
   1.1188021e+03   8.4988563e-24
   1.1213820e+03   8.5122720e-24
   1.1239680e+03   8.5257287e-24
   1.1265598e+03   8.5392264e-24
   1.1291577e+03   8.5527653e-24
   1.1317615e+03   8.5663454e-24
   1.1343714e+03   8.5799668e-24
   1.1369873e+03   8.5936297e-24
   1.1396092e+03   8.6073341e-24
   1.1422371e+03   8.6210801e-24
   1.1448711e+03   8.6348679e-24
   1.1475112e+03   8.6486974e-24
   1.1501574e+03   8.6625688e-24
   1.1528096e+03   8.6764822e-24
   1.1554680e+03   8.6904377e-24
   1.1581325e+03   8.7044354e-24
   1.1608032e+03   8.7184754e-24
   1.1634800e+03   8.7325577e-24
   1.1661630e+03   8.7466825e-24
   1.1688522e+03   8.7608499e-24
   1.1715476e+03   8.7750599e-24
   1.1742492e+03   8.7893126e-24
   1.1769570e+03   8.8036082e-24
   1.1796711e+03   8.8179468e-24
   1.1823914e+03   8.8323284e-24
   1.1851180e+03   8.8467531e-24
   1.1878509e+03   8.8612210e-24
   1.1905901e+03   8.8757323e-24
   1.1933356e+03   8.8902869e-24
   1.1960875e+03   8.9048852e-24
   1.1988456e+03   8.9195270e-24
   1.2016102e+03   8.9342125e-24
   1.2043811e+03   8.9489418e-24
   1.2071584e+03   8.9637151e-24
   1.2099421e+03   8.9785323e-24
   1.2127323e+03   8.9933936e-24
   1.2155288e+03   9.0082992e-24
   1.2183319e+03   9.0232490e-24
   1.2211413e+03   9.0382432e-24
   1.2239573e+03   9.0532819e-24
   1.2267798e+03   9.0683652e-24
   1.2296087e+03   9.0834932e-24
   1.2324442e+03   9.0986660e-24
   1.2352862e+03   9.1138837e-24
   1.2381348e+03   9.1291463e-24
   1.2409900e+03   9.1444540e-24
   1.2438517e+03   9.1598069e-24
   1.2467200e+03   9.1752051e-24
   1.2495950e+03   9.1906487e-24
   1.2524766e+03   9.2061377e-24
   1.2553648e+03   9.2216723e-24
   1.2582597e+03   9.2372526e-24
   1.2611612e+03   9.2528787e-24
   1.2640695e+03   9.2685507e-24
   1.2669844e+03   9.2842687e-24
   1.2699061e+03   9.3000327e-24
   1.2728345e+03   9.3158429e-24
   1.2757697e+03   9.3316994e-24
   1.2787116e+03   9.3476023e-24
   1.2816603e+03   9.3635516e-24
   1.2846158e+03   9.3795476e-24
   1.2875782e+03   9.3955902e-24
   1.2905473e+03   9.4116797e-24
   1.2935233e+03   9.4278160e-24
   1.2965062e+03   9.4439994e-24
   1.2994960e+03   9.4602298e-24
   1.3024926e+03   9.4765074e-24
   1.3054962e+03   9.4928323e-24
   1.3085067e+03   9.5092047e-24
   1.3115241e+03   9.5256245e-24
   1.3145485e+03   9.5420920e-24
   1.3175798e+03   9.5586072e-24
   1.3206182e+03   9.5751702e-24
   1.3236635e+03   9.5917811e-24
   1.3267159e+03   9.6084401e-24
   1.3297753e+03   9.6251472e-24
   1.3328418e+03   9.6419025e-24
   1.3359154e+03   9.6587062e-24
   1.3389960e+03   9.6755584e-24
   1.3420837e+03   9.6924590e-24
   1.3451786e+03   9.7094084e-24
   1.3482806e+03   9.7264065e-24
   1.3513897e+03   9.7434535e-24
   1.3545060e+03   9.7605494e-24
   1.3576295e+03   9.7776945e-24
   1.3607602e+03   9.7948887e-24
   1.3638982e+03   9.8121322e-24
   1.3670433e+03   9.8294251e-24
   1.3701957e+03   9.8467676e-24
   1.3733554e+03   9.8641596e-24
   1.3765224e+03   9.8816014e-24
   1.3796966e+03   9.8990930e-24
   1.3828782e+03   9.9166346e-24
   1.3860672e+03   9.9342262e-24
   1.3892634e+03   9.9518680e-24
   1.3924671e+03   9.9695601e-24
   1.3956781e+03   9.9873025e-24
   1.3988966e+03   1.0005096e-23
   1.4021224e+03   1.0022939e-23
   1.4053558e+03   1.0040833e-23
   1.4085965e+03   1.0058779e-23
   1.4118448e+03   1.0076775e-23
   1.4151005e+03   1.0094823e-23
   1.4183637e+03   1.0112922e-23
   1.4216345e+03   1.0131072e-23
   1.4249128e+03   1.0149275e-23
   1.4281986e+03   1.0167532e-23
   1.4314921e+03   1.0185846e-23
   1.4347931e+03   1.0204233e-23
   1.4381017e+03   1.0222820e-23
   1.4414180e+03   1.0273955e-23
   1.4447419e+03   1.0259723e-23
   1.4480735e+03   1.0278162e-23
   1.4514128e+03   1.0296753e-23
   1.4547598e+03   1.0315412e-23
   1.4581144e+03   1.0334128e-23
   1.4614769e+03   1.0352899e-23
   1.4648470e+03   1.0371723e-23
   1.4682250e+03   1.0390600e-23
   1.4716107e+03   1.0409531e-23
   1.4750043e+03   1.0428514e-23
   1.4784056e+03   1.0447551e-23
   1.4818149e+03   1.0466642e-23
   1.4852319e+03   1.0485785e-23
   1.4886569e+03   1.0504983e-23
   1.4920897e+03   1.0524234e-23
   1.4955305e+03   1.0543538e-23
   1.4989792e+03   1.0562897e-23
   1.5024359e+03   1.0582309e-23
   1.5059005e+03   1.0601776e-23
   1.5093731e+03   1.0621296e-23
   1.5128538e+03   1.0640872e-23
   1.5163424e+03   1.0660501e-23
   1.5198391e+03   1.0680185e-23
   1.5233439e+03   1.0699924e-23
   1.5268567e+03   1.0719717e-23
   1.5303776e+03   1.0739565e-23
   1.5339067e+03   1.0759468e-23
   1.5374439e+03   1.0779427e-23
   1.5409893e+03   1.0799440e-23
   1.5445428e+03   1.0819509e-23
   1.5481045e+03   1.0839634e-23
   1.5516745e+03   1.0859814e-23
   1.5552526e+03   1.0880049e-23
   1.5588391e+03   1.0900341e-23
   1.5624338e+03   1.0920688e-23
   1.5660367e+03   1.0941092e-23
   1.5696480e+03   1.0961551e-23
   1.5732677e+03   1.0982067e-23
   1.5768956e+03   1.1002640e-23
   1.5805320e+03   1.1023268e-23
   1.5841767e+03   1.1043954e-23
   1.5878298e+03   1.1064696e-23
   1.5914913e+03   1.1085496e-23
   1.5951613e+03   1.1106352e-23
   1.5988398e+03   1.1127265e-23
   1.6025267e+03   1.1148236e-23
   1.6062222e+03   1.1169264e-23
   1.6099261e+03   1.1190350e-23
   1.6136386e+03   1.1211493e-23
   1.6173597e+03   1.1232694e-23
   1.6210893e+03   1.1253953e-23
   1.6248276e+03   1.1275269e-23
   1.6285744e+03   1.1296644e-23
   1.6323300e+03   1.1318078e-23
   1.6360941e+03   1.1339569e-23
   1.6398670e+03   1.1361119e-23
   1.6436485e+03   1.1382728e-23
   1.6474388e+03   1.1404395e-23
   1.6512378e+03   1.1426122e-23
   1.6550456e+03   1.1447907e-23
   1.6588621e+03   1.1469751e-23
   1.6626874e+03   1.1491655e-23
   1.6665216e+03   1.1513618e-23
   1.6703646e+03   1.1535641e-23
   1.6742165e+03   1.1557723e-23
   1.6780773e+03   1.1579865e-23
   1.6819469e+03   1.1602066e-23
   1.6858255e+03   1.1624328e-23
   1.6897130e+03   1.1646650e-23
   1.6936095e+03   1.1669032e-23
   1.6975150e+03   1.1691475e-23
   1.7014295e+03   1.1713978e-23
   1.7053530e+03   1.1736542e-23
   1.7092855e+03   1.1759166e-23
   1.7132272e+03   1.1781852e-23
   1.7171779e+03   1.1804598e-23
   1.7211377e+03   1.1827406e-23
   1.7251067e+03   1.1850275e-23
   1.7290848e+03   1.1873205e-23
   1.7330721e+03   1.1896197e-23
   1.7370685e+03   1.1919251e-23
   1.7410742e+03   1.1942366e-23
   1.7450892e+03   1.1965543e-23
   1.7491133e+03   1.1988783e-23
   1.7531468e+03   1.2012085e-23
   1.7571896e+03   1.2035449e-23
   1.7612417e+03   1.2058875e-23
   1.7653031e+03   1.2082364e-23
   1.7693739e+03   1.2105916e-23
   1.7734541e+03   1.2129531e-23
   1.7775437e+03   1.2153209e-23
   1.7816427e+03   1.2176949e-23
   1.7857512e+03   1.2200754e-23
   1.7898692e+03   1.2224621e-23
   1.7939966e+03   1.2248552e-23
   1.7981336e+03   1.2272547e-23
   1.8022801e+03   1.2296606e-23
   1.8064362e+03   1.2320729e-23
   1.8106018e+03   1.2344915e-23
   1.8147771e+03   1.2369166e-23
   1.8189620e+03   1.2393481e-23
   1.8231565e+03   1.2417861e-23
   1.8273607e+03   1.2442306e-23
   1.8315746e+03   1.2466815e-23
   1.8357983e+03   1.2491389e-23
   1.8400316e+03   1.2516028e-23
   1.8442748e+03   1.2540733e-23
   1.8485277e+03   1.2565503e-23
   1.8527904e+03   1.2590338e-23
   1.8570629e+03   1.2615239e-23
   1.8613453e+03   1.2640205e-23
   1.8656376e+03   1.2665238e-23
   1.8699398e+03   1.2690336e-23
   1.8742519e+03   1.2715501e-23
   1.8785739e+03   1.2740732e-23
   1.8829059e+03   1.2766029e-23
   1.8872479e+03   1.2791394e-23
   1.8915999e+03   1.2816824e-23
   1.8959620e+03   1.2842322e-23
   1.9003341e+03   1.2867887e-23
   1.9047163e+03   1.2893520e-23
   1.9091086e+03   1.2919221e-23
   1.9135110e+03   1.2944993e-23
   1.9179235e+03   1.2970863e-23
   1.9223463e+03   1.2997641e-23
   1.9267792e+03   1.3022711e-23
   1.9312224e+03   1.3048734e-23
   1.9356758e+03   1.3074836e-23
   1.9401395e+03   1.3101009e-23
   1.9446135e+03   1.3127252e-23
   1.9490978e+03   1.3153563e-23
   1.9535924e+03   1.3179943e-23
   1.9580974e+03   1.3206392e-23
   1.9626128e+03   1.3232910e-23
   1.9671386e+03   1.3259497e-23
   1.9716748e+03   1.3286154e-23
   1.9762215e+03   1.3312880e-23
   1.9807787e+03   1.3339675e-23
   1.9853464e+03   1.3366541e-23
   1.9899246e+03   1.3393476e-23
   1.9945134e+03   1.3420482e-23
   1.9991128e+03   1.3447558e-23
   2.0037227e+03   1.3474704e-23
   2.0083433e+03   1.3501921e-23
   2.0129746e+03   1.3529208e-23
   2.0176165e+03   1.3556567e-23
   2.0222692e+03   1.3583996e-23
   2.0269325e+03   1.3611497e-23
   2.0316067e+03   1.3639068e-23
   2.0362916e+03   1.3666711e-23
   2.0409873e+03   1.3694426e-23
   2.0456938e+03   1.3722213e-23
   2.0504112e+03   1.3750071e-23
   2.0551394e+03   1.3778002e-23
   2.0598786e+03   1.3806005e-23
   2.0646287e+03   1.3834080e-23
   2.0693898e+03   1.3862227e-23
   2.0741618e+03   1.3890448e-23
   2.0789448e+03   1.3918741e-23
   2.0837389e+03   1.3947107e-23
   2.0885440e+03   1.3975546e-23
   2.0933602e+03   1.4004059e-23
   2.0981875e+03   1.4032645e-23
   2.1030259e+03   1.4061305e-23
   2.1078755e+03   1.4090038e-23
   2.1127363e+03   1.4118845e-23
   2.1176083e+03   1.4147727e-23
   2.1224915e+03   1.4176683e-23
   2.1273860e+03   1.4205713e-23
   2.1322918e+03   1.4234817e-23
   2.1372088e+03   1.4263997e-23
   2.1421373e+03   1.4293251e-23
   2.1470771e+03   1.4322581e-23
   2.1520282e+03   1.4351985e-23
   2.1569908e+03   1.4381465e-23
   2.1619649e+03   1.4411021e-23
   2.1669504e+03   1.4440652e-23
   2.1719474e+03   1.4470359e-23
   2.1769559e+03   1.4500142e-23
   2.1819760e+03   1.4530001e-23
   2.1870076e+03   1.4559937e-23
   2.1920509e+03   1.4589949e-23
   2.1971058e+03   1.4620038e-23
   2.2021723e+03   1.4650203e-23
   2.2072505e+03   1.4680446e-23
   2.2123405e+03   1.4710766e-23
   2.2174421e+03   1.4741163e-23
   2.2225556e+03   1.4771637e-23
   2.2276808e+03   1.4802190e-23
   2.2328179e+03   1.4832820e-23
   2.2379668e+03   1.4863528e-23
   2.2431275e+03   1.4894314e-23
   2.2483002e+03   1.4925179e-23
   2.2534848e+03   1.4956122e-23
   2.2586814e+03   1.4987144e-23
   2.2638899e+03   1.5018244e-23
   2.2691104e+03   1.5049424e-23
   2.2743430e+03   1.5080683e-23
   2.2795877e+03   1.5112021e-23
   2.2848444e+03   1.5143439e-23
   2.2901133e+03   1.5174936e-23
   2.2953943e+03   1.5206514e-23
   2.3006875e+03   1.5238171e-23
   2.3059929e+03   1.5269909e-23
   2.3113105e+03   1.5301727e-23
   2.3166404e+03   1.5333625e-23
   2.3219826e+03   1.5365604e-23
   2.3273371e+03   1.5397665e-23
   2.3327040e+03   1.5429806e-23
   2.3380832e+03   1.5462028e-23
   2.3434749e+03   1.5494332e-23
   2.3488789e+03   1.5526718e-23
   2.3542955e+03   1.5559185e-23
   2.3597245e+03   1.5591734e-23
   2.3651660e+03   1.5624366e-23
   2.3706201e+03   1.5657079e-23
   2.3760868e+03   1.5689876e-23
   2.3815661e+03   1.5722755e-23
   2.3870580e+03   1.5755717e-23
   2.3925626e+03   1.5788763e-23
   2.3980798e+03   1.5821903e-23
   2.4036098e+03   1.5855175e-23
   2.4091526e+03   1.5888399e-23
   2.4147081e+03   1.5921775e-23
   2.4202764e+03   1.5955237e-23
   2.4258576e+03   1.5988783e-23
   2.4314516e+03   1.6022414e-23
   2.4370586e+03   1.6056129e-23
   2.4426785e+03   1.6089929e-23
   2.4483113e+03   1.6123814e-23
   2.4539571e+03   1.6157784e-23
   2.4596160e+03   1.6191839e-23
   2.4652879e+03   1.6225980e-23
   2.4709728e+03   1.6260206e-23
   2.4766709e+03   1.6294517e-23
   2.4823821e+03   1.6328915e-23
   2.4881065e+03   1.6363399e-23
   2.4938441e+03   1.6397969e-23
   2.4995949e+03   1.6432626e-23
   2.5053590e+03   1.6467370e-23
   2.5111364e+03   1.6502200e-23
   2.5169271e+03   1.6537117e-23
   2.5227312e+03   1.6572122e-23
   2.5285486e+03   1.6607214e-23
   2.5343794e+03   1.6642394e-23
   2.5402237e+03   1.6677661e-23
   2.5460815e+03   1.6713017e-23
   2.5519528e+03   1.6748460e-23
   2.5578376e+03   1.6783993e-23
   2.5637360e+03   1.6819613e-23
   2.5696480e+03   1.6855323e-23
   2.5755736e+03   1.6891121e-23
   2.5815129e+03   1.6927009e-23
   2.5874659e+03   1.6962986e-23
   2.5934326e+03   1.6999052e-23
   2.5994131e+03   1.7035209e-23
   2.6054074e+03   1.7071455e-23
   2.6114155e+03   1.7107791e-23
   2.6174374e+03   1.7144218e-23
   2.6234732e+03   1.7180735e-23
   2.6295230e+03   1.7217343e-23
   2.6355867e+03   1.7254042e-23
   2.6416644e+03   1.7290832e-23
   2.6477561e+03   1.7327714e-23
   2.6538618e+03   1.7364687e-23
   2.6599816e+03   1.7401751e-23
   2.6661156e+03   1.7438908e-23
   2.6722637e+03   1.7476156e-23
   2.6784259e+03   1.7513497e-23
   2.6846024e+03   1.7550931e-23
   2.6907931e+03   1.7588457e-23
   2.6969981e+03   1.7626076e-23
   2.7032174e+03   1.7663788e-23
   2.7094510e+03   1.7701594e-23
   2.7156991e+03   1.7739493e-23
   2.7219615e+03   1.7777486e-23
   2.7282383e+03   1.7815573e-23
   2.7345297e+03   1.7853754e-23
   2.7408355e+03   1.7892029e-23
   2.7471559e+03   1.7930399e-23
   2.7534909e+03   1.7968863e-23
   2.7598405e+03   1.8007423e-23
   2.7662047e+03   1.8046078e-23
   2.7725836e+03   1.8084828e-23
   2.7789772e+03   1.8123673e-23
   2.7853855e+03   1.8162615e-23
   2.7918086e+03   1.8201652e-23
   2.7982465e+03   1.8240786e-23
   2.8046993e+03   1.8280016e-23
   2.8111670e+03   1.8319343e-23
   2.8176496e+03   1.8358767e-23
   2.8241471e+03   1.8398288e-23
   2.8306596e+03   1.8437906e-23
   2.8371871e+03   1.8477621e-23
   2.8437297e+03   1.8517434e-23
   2.8502873e+03   1.8557345e-23
   2.8568601e+03   1.8597355e-23
   2.8634481e+03   1.8637462e-23
   2.8700512e+03   1.8677669e-23
   2.8766696e+03   1.8717976e-23
   2.8833032e+03   1.8758473e-23
   2.8899521e+03   1.8798882e-23
   2.8966164e+03   1.8839483e-23
   2.9032960e+03   1.8880185e-23
   2.9099910e+03   1.8920987e-23
   2.9167015e+03   1.8961889e-23
   2.9234274e+03   1.9002892e-23
   2.9301688e+03   1.9043994e-23
   2.9369258e+03   1.9085198e-23
   2.9436984e+03   1.9126503e-23
   2.9504866e+03   1.9167909e-23
   2.9572904e+03   1.9209416e-23
   2.9641100e+03   1.9251025e-23
   2.9709452e+03   1.9292735e-23
   2.9777963e+03   1.9334548e-23
   2.9846631e+03   1.9376463e-23
   2.9915457e+03   1.9418481e-23
   2.9984443e+03   1.9460601e-23
   3.0053587e+03   1.9502824e-23
   3.0122891e+03   1.9545151e-23
   3.0192354e+03   1.9587581e-23
   3.0261978e+03   1.9630114e-23
   3.0331763e+03   1.9672752e-23
   3.0401708e+03   1.9715493e-23
   3.0471814e+03   1.9758339e-23
   3.0542083e+03   1.9801290e-23
   3.0612513e+03   1.9844345e-23
   3.0683106e+03   1.9887505e-23
   3.0753861e+03   1.9930771e-23
   3.0824780e+03   1.9974142e-23
   3.0895862e+03   2.0017618e-23
   3.0967108e+03   2.0061201e-23
   3.1038518e+03   2.0104890e-23
   3.1110093e+03   2.0148685e-23
   3.1181833e+03   2.0192587e-23
   3.1253739e+03   2.0236596e-23
   3.1325810e+03   2.0280712e-23
   3.1398048e+03   2.0324935e-23
   3.1470452e+03   2.0369266e-23
   3.1543023e+03   2.0413705e-23
   3.1615762e+03   2.0458251e-23
   3.1688668e+03   2.0502907e-23
   3.1761742e+03   2.0547670e-23
   3.1834985e+03   2.0592543e-23
   3.1908397e+03   2.0637524e-23
   3.1981978e+03   2.0682615e-23
   3.2055728e+03   2.0727815e-23
   3.2129649e+03   2.0773125e-23
   3.2203740e+03   2.0818545e-23
   3.2278002e+03   2.0864075e-23
   3.2352436e+03   2.0909716e-23
   3.2427041e+03   2.0955467e-23
   3.2501818e+03   2.1001330e-23
   3.2576767e+03   2.1047303e-23
   3.2651889e+03   2.1093388e-23
   3.2727185e+03   2.1139585e-23
   3.2802654e+03   2.1185894e-23
   3.2878297e+03   2.1232314e-23
   3.2954115e+03   2.1278848e-23
   3.3030107e+03   2.1325494e-23
   3.3106275e+03   2.1372253e-23
   3.3182618e+03   2.1419125e-23
   3.3259138e+03   2.1466110e-23
   3.3335833e+03   2.1513210e-23
   3.3412706e+03   2.1560423e-23
   3.3489756e+03   2.1607750e-23
   3.3566984e+03   2.1655193e-23
   3.3644389e+03   2.1702764e-23
   3.3721974e+03   2.1750421e-23
   3.3799737e+03   2.1798207e-23
   3.3877679e+03   2.1846109e-23
   3.3955801e+03   2.1894127e-23
   3.4034104e+03   2.1942261e-23
   3.4112587e+03   2.1990511e-23
   3.4191251e+03   2.2038877e-23
   3.4270096e+03   2.2087361e-23
   3.4349123e+03   2.2135961e-23
   3.4428332e+03   2.2184679e-23
   3.4507724e+03   2.2233514e-23
   3.4587299e+03   2.2282467e-23
   3.4667058e+03   2.2331538e-23
   3.4747000e+03   2.2380727e-23
   3.4827127e+03   2.2430035e-23
   3.4907439e+03   2.2479461e-23
   3.4987936e+03   2.2529007e-23
   3.5068618e+03   2.2578672e-23
   3.5149487e+03   2.2628457e-23
   3.5230542e+03   2.2678362e-23
   3.5311784e+03   2.2728386e-23
   3.5393213e+03   2.2778532e-23
   3.5474830e+03   2.2828798e-23
   3.5556635e+03   2.2879184e-23
   3.5638629e+03   2.2929693e-23
   3.5720812e+03   2.2980322e-23
   3.5803184e+03   2.3031074e-23
   3.5885747e+03   2.3081947e-23
   3.5968500e+03   2.3132943e-23
   3.6051443e+03   2.3184061e-23
   3.6134578e+03   2.3235302e-23
   3.6217905e+03   2.3286666e-23
   3.6301424e+03   2.3338154e-23
   3.6385135e+03   2.3389765e-23
   3.6469039e+03   2.3441501e-23
   3.6553137e+03   2.3493360e-23
   3.6637429e+03   2.3545344e-23
   3.6721915e+03   2.3597453e-23
   3.6806596e+03   2.3649687e-23
   3.6891472e+03   2.3702046e-23
   3.6976544e+03   2.3754531e-23
   3.7061813e+03   2.3807141e-23
   3.7147277e+03   2.3859878e-23
   3.7232939e+03   2.3912742e-23
   3.7318799e+03   2.3965732e-23
   3.7404856e+03   2.4018849e-23
   3.7491112e+03   2.4072093e-23
   3.7577567e+03   2.4125465e-23
   3.7664221e+03   2.4178965e-23
   3.7751075e+03   2.4232593e-23
   3.7838129e+03   2.4286349e-23
   3.7925384e+03   2.4340234e-23
   3.8012841e+03   2.4394248e-23
   3.8100498e+03   2.4448392e-23
   3.8188359e+03   2.4502665e-23
   3.8276421e+03   2.4557068e-23
   3.8364687e+03   2.4611601e-23
   3.8453156e+03   2.4666269e-23
   3.8541829e+03   2.4721059e-23
   3.8630707e+03   2.4775984e-23
   3.8719790e+03   2.4831041e-23
   3.8809078e+03   2.4886229e-23
   3.8898572e+03   2.4941549e-23
   3.8988272e+03   2.4997001e-23
   3.9078180e+03   2.5052586e-23
   3.9168294e+03   2.5108304e-23
   3.9258617e+03   2.5164155e-23
   3.9349147e+03   2.5220139e-23
   3.9439887e+03   2.5276257e-23
   3.9530835e+03   2.5332509e-23
   3.9621994e+03   2.5388895e-23
   3.9713362e+03   2.5445416e-23
   3.9804942e+03   2.5502071e-23
   3.9896732e+03   2.5558862e-23
   3.9988734e+03   2.5615788e-23
   4.0080949e+03   2.5672851e-23
   4.0173376e+03   2.5730049e-23
   4.0266016e+03   2.5787384e-23
   4.0358870e+03   2.5844855e-23
   4.0451937e+03   2.5902463e-23
   4.0545220e+03   2.5960209e-23
   4.0638718e+03   2.6018092e-23
   4.0732431e+03   2.6076114e-23
   4.0826360e+03   2.6134273e-23
   4.0920506e+03   2.6192571e-23
   4.1014869e+03   2.6251008e-23
   4.1109450e+03   2.6309584e-23
   4.1204248e+03   2.6368300e-23
   4.1299266e+03   2.6427155e-23
   4.1394502e+03   2.6486151e-23
   4.1489958e+03   2.6545287e-23
   4.1585634e+03   2.6604564e-23
   4.1681531e+03   2.6663981e-23
   4.1777649e+03   2.6723541e-23
   4.1873988e+03   2.6783241e-23
   4.1970550e+03   2.6843084e-23
   4.2067335e+03   2.6903069e-23
   4.2164342e+03   2.6963197e-23
   4.2261574e+03   2.7023468e-23
   4.2359029e+03   2.7083882e-23
   4.2456709e+03   2.7144440e-23
   4.2554615e+03   2.7205142e-23
   4.2652746e+03   2.7265987e-23
   4.2751104e+03   2.7326978e-23
   4.2849688e+03   2.7388113e-23
   4.2948500e+03   2.7449394e-23
   4.3047539e+03   2.7510820e-23
   4.3146807e+03   2.7572392e-23
   4.3246304e+03   2.7634121e-23
   4.3346030e+03   2.7695975e-23
   4.3445987e+03   2.7757987e-23
   4.3546173e+03   2.7820145e-23
   4.3646591e+03   2.7882452e-23
   4.3747241e+03   2.7944906e-23
   4.3848122e+03   2.8007508e-23
   4.3949236e+03   2.8070259e-23
   4.4050583e+03   2.8133159e-23
   4.4152164e+03   2.8196208e-23
   4.4253980e+03   2.8259406e-23
   4.4356030e+03   2.8322755e-23
   4.4458315e+03   2.8386253e-23
   4.4560836e+03   2.8449902e-23
   4.4663594e+03   2.8513702e-23
   4.4766588e+03   2.8577653e-23
   4.4869821e+03   2.8641756e-23
   4.4973291e+03   2.8706010e-23
   4.5076999e+03   2.8770417e-23
   4.5180947e+03   2.8834976e-23
   4.5285135e+03   2.8899689e-23
   4.5389563e+03   2.8964554e-23
   4.5494231e+03   2.9029573e-23
   4.5599142e+03   2.9094747e-23
   4.5704294e+03   2.9160074e-23
   4.5809688e+03   2.9225556e-23
   4.5915325e+03   2.9291193e-23
   4.6021207e+03   2.9356985e-23
   4.6127332e+03   2.9422933e-23
   4.6233702e+03   2.9489037e-23
   4.6340317e+03   2.9555298e-23
   4.6447178e+03   2.9621715e-23
   4.6554286e+03   2.9688290e-23
   4.6661640e+03   2.9755021e-23
   4.6769242e+03   2.9821911e-23
   4.6877093e+03   2.9888959e-23
   4.6985192e+03   2.9956165e-23
   4.7093540e+03   3.0023530e-23
   4.7202138e+03   3.0091054e-23
   4.7310986e+03   3.0158738e-23
   4.7420086e+03   3.0226582e-23
   4.7529437e+03   3.0294587e-23
   4.7639040e+03   3.0362752e-23
   4.7748896e+03   3.0431077e-23
   4.7859005e+03   3.0499565e-23
   4.7969369e+03   3.0568214e-23
   4.8079986e+03   3.0637026e-23
   4.8190859e+03   3.0705999e-23
   4.8301988e+03   3.0775135e-23
   4.8413372e+03   3.0844435e-23
   4.8525014e+03   3.0913899e-23
   4.8636913e+03   3.0983526e-23
   4.8749070e+03   3.1053318e-23
   4.8861486e+03   3.1123274e-23
   4.8974161e+03   3.1193396e-23
   4.9087096e+03   3.1263682e-23
   4.9200291e+03   3.1334135e-23
   4.9313747e+03   3.1404754e-23
   4.9427465e+03   3.1475540e-23
   4.9541445e+03   3.1546492e-23
   4.9655688e+03   3.1617612e-23
   4.9770194e+03   3.1688899e-23
   4.9884965e+03   3.1760355e-23
   5.0000000e+03   3.1831979e-23
