   5.0000000e+00   1.6465995e-20
   5.0115300e+00   1.6048102e-20
   5.0230867e+00   1.5642510e-20
   5.0346699e+00   1.5249160e-20
   5.0462799e+00   1.4868137e-20
   5.0579167e+00   1.4499278e-20
   5.0695803e+00   1.4137446e-20
   5.0812708e+00   1.3756758e-20
   5.0929882e+00   1.3369127e-20
   5.1047327e+00   1.3029514e-20
   5.1165042e+00   1.2710159e-20
   5.1283029e+00   1.2398292e-20
   5.1401288e+00   1.2093385e-20
   5.1519820e+00   1.1795696e-20
   5.1638625e+00   1.1505358e-20
   5.1757704e+00   1.1222380e-20
   5.1877058e+00   1.0946687e-20
   5.1996687e+00   1.0678156e-20
   5.2116592e+00   1.0416638e-20
   5.2236773e+00   1.0161970e-20
   5.2357231e+00   9.9139814e-21
   5.2477968e+00   9.6725010e-21
   5.2598982e+00   9.4373566e-21
   5.2720276e+00   9.2083774e-21
   5.2841849e+00   8.9853956e-21
   5.2963703e+00   8.7682469e-21
   5.3085838e+00   8.5567703e-21
   5.3208254e+00   8.3508091e-21
   5.3330953e+00   8.1502104e-21
   5.3453934e+00   7.9548257e-21
   5.3577199e+00   7.7645101e-21
   5.3700749e+00   7.5791234e-21
   5.3824583e+00   7.3985288e-21
   5.3948703e+00   7.2225939e-21
   5.4073109e+00   7.0511899e-21
   5.4197802e+00   6.8841917e-21
   5.4322783e+00   6.7214782e-21
   5.4448051e+00   6.5629315e-21
   5.4573609e+00   6.4084373e-21
   5.4699456e+00   6.2578846e-21
   5.4825594e+00   6.1111658e-21
   5.4952022e+00   5.9681765e-21
   5.5078742e+00   5.8288151e-21
   5.5205754e+00   5.6929832e-21
   5.5333058e+00   5.5605853e-21
   5.5460657e+00   5.4315285e-21
   5.5588550e+00   5.3057229e-21
   5.5716737e+00   5.1830809e-21
   5.5845220e+00   5.0635178e-21
   5.5974000e+00   4.9469512e-21
   5.6103076e+00   4.8333010e-21
   5.6232451e+00   4.7224896e-21
   5.6362123e+00   4.6144415e-21
   5.6492094e+00   4.5090834e-21
   5.6622366e+00   4.4063443e-21
   5.6752937e+00   4.3061551e-21
   5.6883810e+00   4.2084485e-21
   5.7014985e+00   4.1131594e-21
   5.7146461e+00   4.0202245e-21
   5.7278242e+00   3.9295823e-21
   5.7410326e+00   3.8411729e-21
   5.7542714e+00   3.7549383e-21
   5.7675408e+00   3.6708220e-21
   5.7808408e+00   3.5887692e-21
   5.7941715e+00   3.5087266e-21
   5.8075329e+00   3.4306423e-21
   5.8209251e+00   3.3544661e-21
   5.8343482e+00   3.2801489e-21
   5.8478023e+00   3.2076432e-21
   5.8612873e+00   3.1369028e-21
   5.8748035e+00   3.0678826e-21
   5.8883508e+00   3.0005390e-21
   5.9019294e+00   2.9348293e-21
   5.9155393e+00   2.8707124e-21
   5.9291806e+00   2.8081479e-21
   5.9428533e+00   2.7470967e-21
   5.9565576e+00   2.6875209e-21
   5.9702935e+00   2.6293835e-21
   5.9840610e+00   2.5726484e-21
   5.9978603e+00   2.5172806e-21
   6.0116914e+00   2.4632461e-21
   6.0255544e+00   2.4105118e-21
   6.0394494e+00   2.3590453e-21
   6.0533764e+00   2.3088154e-21
   6.0673355e+00   2.2597915e-21
   6.0813269e+00   2.2119438e-21
   6.0953505e+00   2.1652436e-21
   6.1094064e+00   2.1196625e-21
   6.1234947e+00   2.0751733e-21
   6.1376155e+00   2.0317492e-21
   6.1517689e+00   1.9893643e-21
   6.1659550e+00   1.9479933e-21
   6.1801737e+00   1.9076115e-21
   6.1944252e+00   1.8681951e-21
   6.2087096e+00   1.8297207e-21
   6.2230269e+00   1.7921655e-21
   6.2373773e+00   1.7555074e-21
   6.2517607e+00   1.7197249e-21
   6.2661773e+00   1.6847969e-21
   6.2806272e+00   1.6507031e-21
   6.2951104e+00   1.6174234e-21
   6.3096269e+00   1.5849384e-21
   6.3241770e+00   1.5532293e-21
   6.3387606e+00   1.5222776e-21
   6.3533778e+00   1.4920653e-21
   6.3680288e+00   1.4625749e-21
   6.3827135e+00   1.4337895e-21
   6.3974321e+00   1.4056922e-21
   6.4121846e+00   1.3782670e-21
   6.4269711e+00   1.3514981e-21
   6.4417918e+00   1.3253699e-21
   6.4566466e+00   1.2998676e-21
   6.4715357e+00   1.2749765e-21
   6.4864591e+00   1.2506823e-21
   6.5014169e+00   1.2269710e-21
   6.5164092e+00   1.2038292e-21
   6.5314361e+00   1.1812435e-21
   6.5464977e+00   1.1592010e-21
   6.5615939e+00   1.1376892e-21
   6.5767250e+00   1.1166957e-21
   6.5918910e+00   1.0962086e-21
   6.6070920e+00   1.0762161e-21
   6.6223280e+00   1.0567069e-21
   6.6375991e+00   1.0376697e-21
   6.6529055e+00   1.0190938e-21
   6.6682471e+00   1.0009685e-21
   6.6836241e+00   9.8328349e-22
   6.6990366e+00   9.6602860e-22
   6.7144846e+00   9.4919400e-22
   6.7299683e+00   9.3277006e-22
   6.7454877e+00   9.1674735e-22
   6.7610428e+00   9.0111672e-22
   6.7766338e+00   8.8586918e-22
   6.7922608e+00   8.7099599e-22
   6.8079238e+00   8.5648859e-22
   6.8236229e+00   8.4233865e-22
   6.8393582e+00   8.2853799e-22
   6.8551299e+00   8.1507868e-22
   6.8709378e+00   8.0195292e-22
   6.8867823e+00   7.8915313e-22
   6.9026632e+00   7.7667189e-22
   6.9185808e+00   7.6450194e-22
   6.9345351e+00   7.5263623e-22
   6.9505262e+00   7.4106783e-22
   6.9665542e+00   7.2978999e-22
   6.9826191e+00   7.1879613e-22
   6.9987211e+00   7.0807981e-22
   7.0148602e+00   6.9763474e-22
   7.0310365e+00   6.8745478e-22
   7.0472502e+00   6.7753393e-22
   7.0635012e+00   6.6786635e-22
   7.0797897e+00   6.5844632e-22
   7.0961157e+00   6.4926826e-22
   7.1124794e+00   6.4032674e-22
   7.1288808e+00   6.3161644e-22
   7.1453201e+00   6.2313218e-22
   7.1617972e+00   6.1486891e-22
   7.1783124e+00   6.0682170e-22
   7.1948656e+00   5.9898574e-22
   7.2114571e+00   5.9135637e-22
   7.2280867e+00   5.8392901e-22
   7.2447548e+00   5.7669922e-22
   7.2614612e+00   5.6966269e-22
   7.2782062e+00   5.6281520e-22
   7.2949898e+00   5.5615266e-22
   7.3118121e+00   5.4967111e-22
   7.3286732e+00   5.4336667e-22
   7.3455732e+00   5.3723560e-22
   7.3625121e+00   5.3127426e-22
   7.3794901e+00   5.2547913e-22
   7.3965073e+00   5.1984681e-22
   7.4135637e+00   5.1437399e-22
   7.4306594e+00   5.0905748e-22
   7.4477946e+00   5.0389422e-22
   7.4649693e+00   4.9888124e-22
   7.4821835e+00   4.9401570e-22
   7.4994375e+00   4.8929486e-22
   7.5167313e+00   4.8471610e-22
   7.5340649e+00   4.8027693e-22
   7.5514385e+00   4.7597496e-22
   7.5688522e+00   4.7180792e-22
   7.5863060e+00   4.6777368e-22
   7.6038001e+00   4.6387021e-22
   7.6213345e+00   4.6009561e-22
   7.6389094e+00   4.5644812e-22
   7.6565248e+00   4.5292610e-22
   7.6741808e+00   4.4952806e-22
   7.6918775e+00   4.4625262e-22
   7.7096150e+00   4.4309856e-22
   7.7273934e+00   4.4006481e-22
   7.7452129e+00   4.3715046e-22
   7.7630734e+00   4.3435473e-22
   7.7809751e+00   4.3167703e-22
   7.7989181e+00   4.2911692e-22
   7.8169025e+00   4.2667417e-22
   7.8349283e+00   4.2434872e-22
   7.8529957e+00   4.2214070e-22
   7.8711048e+00   4.2005045e-22
   7.8892556e+00   4.1807855e-22
   7.9074483e+00   4.1622580e-22
   7.9256829e+00   4.1449326e-22
   7.9439596e+00   4.1288223e-22
   7.9622784e+00   4.1139433e-22
   7.9806395e+00   4.1003143e-22
   7.9990429e+00   4.0879579e-22
   8.0174888e+00   4.0768998e-22
   8.0359772e+00   4.0671696e-22
   8.0545082e+00   4.0588010e-22
   8.0730819e+00   4.0518322e-22
   8.0916985e+00   4.0463062e-22
   8.1103581e+00   4.0422714e-22
   8.1290606e+00   4.0397819e-22
   8.1478063e+00   4.0388982e-22
   8.1665952e+00   4.0396880e-22
   8.1854274e+00   4.0422265e-22
   8.2043031e+00   4.0465976e-22
   8.2232223e+00   4.0528946e-22
   8.2421851e+00   4.0612215e-22
   8.2611916e+00   4.0716940e-22
   8.2802420e+00   4.0844413e-22
   8.2993363e+00   4.0996070e-22
   8.3184746e+00   4.1173519e-22
   8.3376571e+00   4.1378554e-22
   8.3568838e+00   4.1613185e-22
   8.3761548e+00   4.1879663e-22
   8.3954703e+00   4.2180521e-22
   8.4148303e+00   4.2518609e-22
   8.4342350e+00   4.2897146e-22
   8.4536844e+00   4.3319772e-22
   8.4731786e+00   4.3790624e-22
   8.4927179e+00   4.4314412e-22
   8.5123021e+00   4.4896519e-22
   8.5319316e+00   4.5543123e-22
   8.5516063e+00   4.6261343e-22
   8.5713263e+00   4.7059419e-22
   8.5910919e+00   4.7946936e-22
   8.6109030e+00   4.8935109e-22
   8.6307598e+00   5.0037130e-22
   8.6506624e+00   5.1268624e-22
   8.6706109e+00   5.2648207e-22
   8.6906054e+00   5.4198314e-22
   8.7106460e+00   5.5946084e-22
   8.7307328e+00   5.7924761e-22
   8.7508660e+00   6.0175468e-22
   8.7710455e+00   6.2749682e-22
   8.7912716e+00   6.5712702e-22
   8.8115444e+00   6.9148611e-22
   8.8318638e+00   7.3167551e-22
   8.8522302e+00   7.7916655e-22
   8.8726435e+00   8.3596999e-22
   8.8931039e+00   9.0490812e-22
   8.9136114e+00   9.9007021e-22
   8.9341663e+00   1.0976135e-21
   8.9547686e+00   1.2372594e-21
   8.9754183e+00   1.4253095e-21
   8.9961157e+00   1.6913451e-21
   9.0168608e+00   2.0952046e-21
   9.0376538e+00   2.7789372e-21
   9.0584947e+00   4.1817436e-21
   9.0793836e+00   8.6677341e-21
   9.1003208e+00   8.9941437e-20
   9.1213062e+00   7.1516762e-21
   9.1423400e+00   3.7054945e-21
   9.1634223e+00   2.5038009e-21
   9.1845532e+00   1.9088441e-21
   9.2057328e+00   1.5862294e-21
   9.2269613e+00   1.4774524e-21
   9.2482388e+00   1.8921218e-21
   9.2695653e+00   3.9194502e-20
   9.2909410e+00   1.7589035e-21
   9.3123660e+00   1.0593940e-21
   9.3338403e+00   8.3527508e-22
   9.3553642e+00   7.1661278e-22
   9.3769378e+00   6.3817738e-22
   9.3985611e+00   5.8015722e-22
   9.4202342e+00   5.3445385e-22
   9.4419574e+00   4.9704250e-22
   9.4637306e+00   4.6562933e-22
   9.4855540e+00   4.3877246e-22
   9.5074278e+00   4.1549849e-22
   9.5293520e+00   3.9511444e-22
   9.5513267e+00   3.7710684e-22
   9.5733522e+00   3.6108336e-22
   9.5954284e+00   3.4673675e-22
   9.6175555e+00   3.3382175e-22
   9.6397337e+00   3.2213942e-22
   9.6619630e+00   3.1152621e-22
   9.6842435e+00   3.0184618e-22
   9.7065755e+00   2.9298519e-22
   9.7289589e+00   2.8484665e-22
   9.7513940e+00   2.7734818e-22
   9.7738808e+00   2.7041911e-22
   9.7964194e+00   2.6399840e-22
   9.8190100e+00   2.5803309e-22
   9.8416527e+00   2.5247702e-22
   9.8643477e+00   2.4728975e-22
   9.8870949e+00   2.4243573e-22
   9.9098946e+00   2.3788362e-22
   9.9327469e+00   2.3360564e-22
   9.9556519e+00   2.2957714e-22
   9.9786097e+00   2.2577618e-22
   1.0001620e+01   2.2218334e-22
   1.0024684e+01   2.1878219e-22
   1.0047801e+01   2.1555402e-22
   1.0070972e+01   2.1248562e-22
   1.0094195e+01   2.0956500e-22
   1.0117473e+01   2.0678102e-22
   1.0140804e+01   2.0412301e-22
   1.0164188e+01   2.0158133e-22
   1.0187627e+01   1.9914725e-22
   1.0211120e+01   1.9681287e-22
   1.0234667e+01   1.9457134e-22
   1.0258268e+01   1.9241612e-22
   1.0281924e+01   1.9034118e-22
   1.0305634e+01   1.8834102e-22
   1.0329399e+01   1.8641079e-22
   1.0353218e+01   1.8454596e-22
   1.0377093e+01   1.8274226e-22
   1.0401023e+01   1.8099578e-22
   1.0425007e+01   1.7930303e-22
   1.0449048e+01   1.7766079e-22
   1.0473143e+01   1.7606597e-22
   1.0497294e+01   1.7451576e-22
   1.0521501e+01   1.7300759e-22
   1.0545764e+01   1.7153911e-22
   1.0570082e+01   1.7010809e-22
   1.0594457e+01   1.6871243e-22
   1.0618888e+01   1.6735024e-22
   1.0643375e+01   1.6601977e-22
   1.0667919e+01   1.6471936e-22
   1.0692519e+01   1.6344746e-22
   1.0717176e+01   1.6220262e-22
   1.0741890e+01   1.6098355e-22
   1.0766661e+01   1.5978898e-22
   1.0791489e+01   1.5861774e-22
   1.0816374e+01   1.5746873e-22
   1.0841317e+01   1.5634096e-22
   1.0866317e+01   1.5523347e-22
   1.0891375e+01   1.5414535e-22
   1.0916491e+01   1.5307576e-22
   1.0941664e+01   1.5202393e-22
   1.0966896e+01   1.5098912e-22
   1.0992185e+01   1.4997062e-22
   1.1017533e+01   1.4896779e-22
   1.1042940e+01   1.4798001e-22
   1.1068405e+01   1.4700671e-22
   1.1093929e+01   1.4604733e-22
   1.1119512e+01   1.4510136e-22
   1.1145153e+01   1.4416832e-22
   1.1170854e+01   1.4324775e-22
   1.1196614e+01   1.4233922e-22
   1.1222434e+01   1.4144231e-22
   1.1248313e+01   1.4055665e-22
   1.1274251e+01   1.3968185e-22
   1.1300250e+01   1.3881759e-22
   1.1326308e+01   1.3796351e-22
   1.1352427e+01   1.3711933e-22
   1.1378606e+01   1.3628473e-22
   1.1404845e+01   1.3545943e-22
   1.1431144e+01   1.3464317e-22
   1.1457505e+01   1.3383570e-22
   1.1483926e+01   1.3303677e-22
   1.1510408e+01   1.3224615e-22
   1.1536951e+01   1.3146363e-22
   1.1563555e+01   1.3068899e-22
   1.1590221e+01   1.2992203e-22
   1.1616948e+01   1.2916256e-22
   1.1643737e+01   1.2841040e-22
   1.1670587e+01   1.2766538e-22
   1.1697500e+01   1.2692733e-22
   1.1724474e+01   1.2619609e-22
   1.1751511e+01   1.2547151e-22
   1.1778610e+01   1.2475345e-22
   1.1805772e+01   1.2404175e-22
   1.1832996e+01   1.2333630e-22
   1.1860283e+01   1.2263696e-22
   1.1887633e+01   1.2194360e-22
   1.1915046e+01   1.2125611e-22
   1.1942522e+01   1.2057437e-22
   1.1970061e+01   1.1989828e-22
   1.1997664e+01   1.1922772e-22
   1.2025331e+01   1.1856261e-22
   1.2053062e+01   1.1790282e-22
   1.2080856e+01   1.1724829e-22
   1.2108715e+01   1.1659890e-22
   1.2136637e+01   1.1595458e-22
   1.2164625e+01   1.1531523e-22
   1.2192676e+01   1.1468078e-22
   1.2220793e+01   1.1405115e-22
   1.2248974e+01   1.1342626e-22
   1.2277220e+01   1.1280603e-22
   1.2305532e+01   1.1219039e-22
   1.2333908e+01   1.1157928e-22
   1.2362350e+01   1.1097262e-22
   1.2390858e+01   1.1037035e-22
   1.2419431e+01   1.0977241e-22
   1.2448071e+01   1.0917873e-22
   1.2476776e+01   1.0858925e-22
   1.2505548e+01   1.0800392e-22
   1.2534386e+01   1.0742268e-22
   1.2563290e+01   1.0684547e-22
   1.2592261e+01   1.0627223e-22
   1.2621299e+01   1.0570293e-22
   1.2650404e+01   1.0513750e-22
   1.2679576e+01   1.0457589e-22
   1.2708815e+01   1.0401806e-22
   1.2738121e+01   1.0346397e-22
   1.2767496e+01   1.0291355e-22
   1.2796938e+01   1.0236678e-22
   1.2826447e+01   1.0182360e-22
   1.2856025e+01   1.0128397e-22
   1.2885671e+01   1.0074785e-22
   1.2915386e+01   1.0021521e-22
   1.2945169e+01   9.9685990e-23
   1.2975020e+01   9.9160164e-23
   1.3004941e+01   9.8637691e-23
   1.3034930e+01   9.8118532e-23
   1.3064989e+01   9.7602653e-23
   1.3095117e+01   9.7090016e-23
   1.3125314e+01   9.6580588e-23
   1.3155582e+01   9.6074332e-23
   1.3185918e+01   9.5571217e-23
   1.3216325e+01   9.5071209e-23
   1.3246802e+01   9.4574276e-23
   1.3277349e+01   9.4080386e-23
   1.3307967e+01   9.3589508e-23
   1.3338655e+01   9.3101612e-23
   1.3369414e+01   9.2616668e-23
   1.3400244e+01   9.2134647e-23
   1.3431145e+01   9.1655519e-23
   1.3462118e+01   9.1179257e-23
   1.3493162e+01   9.0705834e-23
   1.3524277e+01   9.0235221e-23
   1.3555464e+01   8.9767392e-23
   1.3586723e+01   8.9302321e-23
   1.3618054e+01   8.8839983e-23
   1.3649457e+01   8.8380351e-23
   1.3680933e+01   8.7923401e-23
   1.3712481e+01   8.7469109e-23
   1.3744103e+01   8.7017450e-23
   1.3775797e+01   8.6568402e-23
   1.3807564e+01   8.6121939e-23
   1.3839404e+01   8.5678041e-23
   1.3871318e+01   8.5236684e-23
   1.3903305e+01   8.4797845e-23
   1.3935366e+01   8.4361505e-23
   1.3967501e+01   8.3927640e-23
   1.3999710e+01   8.3496230e-23
   1.4031994e+01   8.3067253e-23
   1.4064352e+01   8.2640691e-23
   1.4096784e+01   8.2216522e-23
   1.4129292e+01   8.1794726e-23
   1.4161874e+01   8.1375285e-23
   1.4194531e+01   8.0958178e-23
   1.4227264e+01   8.0543387e-23
   1.4260072e+01   8.0130894e-23
   1.4292956e+01   7.9720679e-23
   1.4325916e+01   7.9312725e-23
   1.4358951e+01   7.8907013e-23
   1.4392063e+01   7.8503527e-23
   1.4425251e+01   7.8102249e-23
   1.4458516e+01   7.7703161e-23
   1.4491858e+01   7.7306248e-23
   1.4525276e+01   7.6911491e-23
   1.4558771e+01   7.6518875e-23
   1.4592344e+01   7.6128383e-23
   1.4625994e+01   7.5740000e-23
   1.4659722e+01   7.5353710e-23
   1.4693527e+01   7.4969497e-23
   1.4727410e+01   7.4587346e-23
   1.4761372e+01   7.4207242e-23
   1.4795412e+01   7.3829169e-23
   1.4829530e+01   7.3453113e-23
   1.4863727e+01   7.3079060e-23
   1.4898003e+01   7.2706994e-23
   1.4932358e+01   7.2336903e-23
   1.4966792e+01   7.1968771e-23
   1.5001306e+01   7.1602585e-23
   1.5035899e+01   7.1238332e-23
   1.5070572e+01   7.0875997e-23
   1.5105324e+01   7.0515567e-23
   1.5140157e+01   7.0157030e-23
   1.5175071e+01   6.9800372e-23
   1.5210065e+01   6.9445580e-23
   1.5245139e+01   6.9092642e-23
   1.5280295e+01   6.8741545e-23
   1.5315531e+01   6.8392276e-23
   1.5350849e+01   6.8044823e-23
   1.5386248e+01   6.7699175e-23
   1.5421729e+01   6.7355319e-23
   1.5457291e+01   6.7013243e-23
   1.5492936e+01   6.6672936e-23
   1.5528663e+01   6.6334385e-23
   1.5564472e+01   6.5997580e-23
   1.5600364e+01   6.5662509e-23
   1.5636338e+01   6.5329161e-23
   1.5672396e+01   6.4997525e-23
   1.5708537e+01   6.4667589e-23
   1.5744761e+01   6.4339344e-23
   1.5781068e+01   6.4012777e-23
   1.5817459e+01   6.3687880e-23
   1.5853935e+01   6.3364640e-23
   1.5890494e+01   6.3043047e-23
   1.5927137e+01   6.2723092e-23
   1.5963866e+01   6.2404764e-23
   1.6000678e+01   6.2088053e-23
   1.6037576e+01   6.1772949e-23
   1.6074559e+01   6.1459442e-23
   1.6111627e+01   6.1147522e-23
   1.6148780e+01   6.0837179e-23
   1.6186020e+01   6.0528405e-23
   1.6223345e+01   6.0221189e-23
   1.6260756e+01   5.9915522e-23
   1.6298253e+01   5.9611394e-23
   1.6335837e+01   5.9308797e-23
   1.6373508e+01   5.9007721e-23
   1.6411265e+01   5.8708158e-23
   1.6449110e+01   5.8410097e-23
   1.6487041e+01   5.8113531e-23
   1.6525061e+01   5.7818450e-23
   1.6563168e+01   5.7524846e-23
   1.6601362e+01   5.7232710e-23
   1.6639645e+01   5.6942033e-23
   1.6678016e+01   5.6652808e-23
   1.6716476e+01   5.6365025e-23
   1.6755024e+01   5.6078676e-23
   1.6793662e+01   5.5793753e-23
   1.6832388e+01   5.5510247e-23
   1.6871203e+01   5.5228151e-23
   1.6910109e+01   5.4947457e-23
   1.6949103e+01   5.4668156e-23
   1.6988188e+01   5.4390241e-23
   1.7027363e+01   5.4113703e-23
   1.7066628e+01   5.3838535e-23
   1.7105984e+01   5.3564729e-23
   1.7145431e+01   5.3292278e-23
   1.7184968e+01   5.3021174e-23
   1.7224597e+01   5.2751409e-23
   1.7264317e+01   5.2482975e-23
   1.7304128e+01   5.2215866e-23
   1.7344032e+01   5.1950075e-23
   1.7384027e+01   5.1685593e-23
   1.7424115e+01   5.1422413e-23
   1.7464295e+01   5.1160529e-23
   1.7504568e+01   5.0899933e-23
   1.7544934e+01   5.0640618e-23
   1.7585392e+01   5.0382578e-23
   1.7625945e+01   5.0125804e-23
   1.7666590e+01   4.9870291e-23
   1.7707329e+01   4.9616031e-23
   1.7748163e+01   4.9363018e-23
   1.7789090e+01   4.9111244e-23
   1.7830112e+01   4.8860704e-23
   1.7871228e+01   4.8611390e-23
   1.7912439e+01   4.8363296e-23
   1.7953746e+01   4.8116415e-23
   1.7995147e+01   4.7870741e-23
   1.8036644e+01   4.7626268e-23
   1.8078237e+01   4.7382988e-23
   1.8119925e+01   4.7140897e-23
   1.8161710e+01   4.6899986e-23
   1.8203591e+01   4.6660250e-23
   1.8245569e+01   4.6421684e-23
   1.8287643e+01   4.6184279e-23
   1.8329814e+01   4.5948032e-23
   1.8372083e+01   4.5712934e-23
   1.8414449e+01   4.5478981e-23
   1.8456913e+01   4.5246167e-23
   1.8499475e+01   4.5014485e-23
   1.8542135e+01   4.4783929e-23
   1.8584893e+01   4.4554494e-23
   1.8627750e+01   4.4326173e-23
   1.8670706e+01   4.4098961e-23
   1.8713761e+01   4.3872853e-23
   1.8756915e+01   4.3647842e-23
   1.8800168e+01   4.3423923e-23
   1.8843522e+01   4.3201090e-23
   1.8886975e+01   4.2979337e-23
   1.8930528e+01   4.2758660e-23
   1.8974182e+01   4.2539051e-23
   1.9017937e+01   4.2320507e-23
   1.9061792e+01   4.2103021e-23
   1.9105749e+01   4.1886588e-23
   1.9149807e+01   4.1671203e-23
   1.9193967e+01   4.1456860e-23
   1.9238228e+01   4.1243554e-23
   1.9282592e+01   4.1031280e-23
   1.9327057e+01   4.0820033e-23
   1.9371626e+01   4.0609806e-23
   1.9416297e+01   4.0400596e-23
   1.9461071e+01   4.0192396e-23
   1.9505948e+01   3.9985203e-23
   1.9550929e+01   3.9779010e-23
   1.9596014e+01   3.9573812e-23
   1.9641202e+01   3.9369606e-23
   1.9686495e+01   3.9166385e-23
   1.9731892e+01   3.8964145e-23
   1.9777394e+01   3.8762880e-23
   1.9823001e+01   3.8562587e-23
   1.9868713e+01   3.8363260e-23
   1.9914530e+01   3.8164894e-23
   1.9960454e+01   3.7967484e-23
   2.0006482e+01   3.7771026e-23
   2.0052618e+01   3.7575515e-23
   2.0098859e+01   3.7380946e-23
   2.0145207e+01   3.7187315e-23
   2.0191662e+01   3.6994616e-23
   2.0238224e+01   3.6802846e-23
   2.0284894e+01   3.6611999e-23
   2.0331671e+01   3.6422072e-23
   2.0378556e+01   3.6233059e-23
   2.0425549e+01   3.6044956e-23
   2.0472650e+01   3.5857759e-23
   2.0519861e+01   3.5671463e-23
   2.0567180e+01   3.5486063e-23
   2.0614608e+01   3.5301556e-23
   2.0662145e+01   3.5117937e-23
   2.0709792e+01   3.4935201e-23
   2.0757549e+01   3.4753344e-23
   2.0805416e+01   3.4572362e-23
   2.0853394e+01   3.4392251e-23
   2.0901482e+01   3.4213007e-23
   2.0949681e+01   3.4034624e-23
   2.0997991e+01   3.3857100e-23
   2.1046412e+01   3.3680429e-23
   2.1094945e+01   3.3504608e-23
   2.1143591e+01   3.3329632e-23
   2.1192348e+01   3.3155498e-23
   2.1241218e+01   3.2982201e-23
   2.1290200e+01   3.2809737e-23
   2.1339295e+01   3.2638103e-23
   2.1388504e+01   3.2467294e-23
   2.1437826e+01   3.2297306e-23
   2.1487262e+01   3.2128136e-23
   2.1536812e+01   3.1959779e-23
   2.1586476e+01   3.1792231e-23
   2.1636254e+01   3.1625489e-23
   2.1686148e+01   3.1459548e-23
   2.1736156e+01   3.1294406e-23
   2.1786280e+01   3.1130057e-23
   2.1836519e+01   3.0966499e-23
   2.1886874e+01   3.0803727e-23
   2.1937346e+01   3.0641738e-23
   2.1987933e+01   3.0480528e-23
   2.2038638e+01   3.0320093e-23
   2.2089459e+01   3.0160429e-23
   2.2140397e+01   3.0001534e-23
   2.2191453e+01   2.9843402e-23
   2.2242627e+01   2.9686032e-23
   2.2293919e+01   2.9529418e-23
   2.2345328e+01   2.9373557e-23
   2.2396857e+01   2.9218447e-23
   2.2448504e+01   2.9064082e-23
   2.2500271e+01   2.8910461e-23
   2.2552157e+01   2.8757578e-23
   2.2604162e+01   2.8605432e-23
   2.2656287e+01   2.8454017e-23
   2.2708533e+01   2.8303332e-23
   2.2760899e+01   2.8153371e-23
   2.2813386e+01   2.8004133e-23
   2.2865994e+01   2.7855613e-23
   2.2918723e+01   2.7707809e-23
   2.2971574e+01   2.7560716e-23
   2.3024546e+01   2.7414332e-23
   2.3077641e+01   2.7268653e-23
   2.3130858e+01   2.7123676e-23
   2.3184198e+01   2.6979398e-23
   2.3237661e+01   2.6835814e-23
   2.3291247e+01   2.6692923e-23
   2.3344957e+01   2.6550721e-23
   2.3398791e+01   2.6409205e-23
   2.3452748e+01   2.6268371e-23
   2.3506831e+01   2.6128216e-23
   2.3561038e+01   2.5988738e-23
   2.3615370e+01   2.5849932e-23
   2.3669827e+01   2.5711797e-23
   2.3724410e+01   2.5574328e-23
   2.3779118e+01   2.5437523e-23
   2.3833953e+01   2.5301379e-23
   2.3888914e+01   2.5165892e-23
   2.3944002e+01   2.5031060e-23
   2.3999217e+01   2.4896879e-23
   2.4054560e+01   2.4763347e-23
   2.4110030e+01   2.4630461e-23
   2.4165628e+01   2.4498217e-23
   2.4221354e+01   2.4366613e-23
   2.4277208e+01   2.4235645e-23
   2.4333192e+01   2.4105312e-23
   2.4389304e+01   2.3975609e-23
   2.4445546e+01   2.3846534e-23
   2.4501918e+01   2.3718085e-23
   2.4558420e+01   2.3590258e-23
   2.4615051e+01   2.3463050e-23
   2.4671814e+01   2.3336459e-23
   2.4728707e+01   2.3210481e-23
   2.4785732e+01   2.3085115e-23
   2.4842888e+01   2.2960357e-23
   2.4900176e+01   2.2836205e-23
   2.4957596e+01   2.2712655e-23
   2.5015148e+01   2.2589706e-23
   2.5072833e+01   2.2467353e-23
   2.5130652e+01   2.2345596e-23
   2.5188603e+01   2.2224430e-23
   2.5246688e+01   2.2103854e-23
   2.5304907e+01   2.1983864e-23
   2.5363261e+01   2.1864459e-23
   2.5421748e+01   2.1745634e-23
   2.5480371e+01   2.1627389e-23
   2.5539129e+01   2.1509719e-23
   2.5598023e+01   2.1392624e-23
   2.5657052e+01   2.1276099e-23
   2.5716217e+01   2.1160143e-23
   2.5775519e+01   2.1044753e-23
   2.5834957e+01   2.0929926e-23
   2.5894533e+01   2.0815660e-23
   2.5954246e+01   2.0701953e-23
   2.6014097e+01   2.0588801e-23
   2.6074085e+01   2.0476203e-23
   2.6134212e+01   2.0364156e-23
   2.6194478e+01   2.0252658e-23
   2.6254883e+01   2.0141706e-23
   2.6315427e+01   2.0031297e-23
   2.6376110e+01   1.9921430e-23
   2.6436934e+01   1.9812102e-23
   2.6497898e+01   1.9703311e-23
   2.6559002e+01   1.9595053e-23
   2.6620247e+01   1.9487328e-23
   2.6681634e+01   1.9380132e-23
   2.6743162e+01   1.9273464e-23
   2.6804832e+01   1.9167321e-23
   2.6866644e+01   1.9061700e-23
   2.6928599e+01   1.8956599e-23
   2.6990696e+01   1.8852017e-23
   2.7052937e+01   1.8747951e-23
   2.7115321e+01   1.8644398e-23
   2.7177849e+01   1.8541357e-23
   2.7240522e+01   1.8438825e-23
   2.7303338e+01   1.8336800e-23
   2.7366300e+01   1.8235280e-23
   2.7429407e+01   1.8134262e-23
   2.7492659e+01   1.8033745e-23
   2.7556058e+01   1.7933726e-23
   2.7619602e+01   1.7834204e-23
   2.7683293e+01   1.7735176e-23
   2.7747131e+01   1.7636639e-23
   2.7811116e+01   1.7538593e-23
   2.7875249e+01   1.7441034e-23
   2.7939529e+01   1.7343961e-23
   2.8003958e+01   1.7247371e-23
   2.8068536e+01   1.7151264e-23
   2.8133262e+01   1.7055635e-23
   2.8198137e+01   1.6960485e-23
   2.8263162e+01   1.6865810e-23
   2.8328338e+01   1.6771608e-23
   2.8393663e+01   1.6677878e-23
   2.8459139e+01   1.6584617e-23
   2.8524766e+01   1.6491824e-23
   2.8590544e+01   1.6399497e-23
   2.8656474e+01   1.6307633e-23
   2.8722556e+01   1.6216231e-23
   2.8788791e+01   1.6125289e-23
   2.8855178e+01   1.6034805e-23
   2.8921718e+01   1.5944777e-23
   2.8988412e+01   1.5855203e-23
   2.9055259e+01   1.5766082e-23
   2.9122261e+01   1.5677410e-23
   2.9189417e+01   1.5589188e-23
   2.9256728e+01   1.5501412e-23
   2.9324194e+01   1.5414081e-23
   2.9391816e+01   1.5327193e-23
   2.9459594e+01   1.5240746e-23
   2.9527528e+01   1.5154739e-23
   2.9595619e+01   1.5069169e-23
   2.9663866e+01   1.4984035e-23
   2.9732272e+01   1.4899336e-23
   2.9800834e+01   1.4815069e-23
   2.9869555e+01   1.4731233e-23
   2.9938435e+01   1.4647825e-23
   3.0007473e+01   1.4564845e-23
   3.0076670e+01   1.4482290e-23
   3.0146028e+01   1.4400160e-23
   3.0215544e+01   1.4318451e-23
   3.0285222e+01   1.4237163e-23
   3.0355060e+01   1.4156293e-23
   3.0425059e+01   1.4075841e-23
   3.0495219e+01   1.3995804e-23
   3.0565541e+01   1.3916182e-23
   3.0636026e+01   1.3836971e-23
   3.0706673e+01   1.3758171e-23
   3.0777482e+01   1.3679780e-23
   3.0848456e+01   1.3601797e-23
   3.0919592e+01   1.3524220e-23
   3.0990893e+01   1.3447046e-23
   3.1062358e+01   1.3370276e-23
   3.1133988e+01   1.3293907e-23
   3.1205784e+01   1.3217938e-23
   3.1277744e+01   1.3142367e-23
   3.1349871e+01   1.3067192e-23
   3.1422164e+01   1.2992413e-23
   3.1494624e+01   1.2918027e-23
   3.1567251e+01   1.2844033e-23
   3.1640045e+01   1.2770431e-23
   3.1713007e+01   1.2697217e-23
   3.1786138e+01   1.2624391e-23
   3.1859437e+01   1.2551952e-23
   3.1932905e+01   1.2479897e-23
   3.2006542e+01   1.2408226e-23
   3.2080350e+01   1.2336937e-23
   3.2154327e+01   1.2266029e-23
   3.2228475e+01   1.2195500e-23
   3.2302794e+01   1.2125349e-23
   3.2377285e+01   1.2055575e-23
   3.2451947e+01   1.1986176e-23
   3.2526782e+01   1.1917150e-23
   3.2601789e+01   1.1848497e-23
   3.2676969e+01   1.1780215e-23
   3.2752322e+01   1.1712304e-23
   3.2827849e+01   1.1644760e-23
   3.2903550e+01   1.1577584e-23
   3.2979426e+01   1.1510774e-23
   3.3055477e+01   1.1444328e-23
   3.3131703e+01   1.1378246e-23
   3.3208105e+01   1.1312526e-23
   3.3284683e+01   1.1247167e-23
   3.3361438e+01   1.1182167e-23
   3.3438370e+01   1.1117526e-23
   3.3515479e+01   1.1053242e-23
   3.3592766e+01   1.0989314e-23
   3.3670231e+01   1.0925740e-23
   3.3747875e+01   1.0862521e-23
   3.3825698e+01   1.0799653e-23
   3.3903700e+01   1.0737137e-23
   3.3981882e+01   1.0674971e-23
   3.4060245e+01   1.0613154e-23
   3.4138788e+01   1.0551684e-23
   3.4217512e+01   1.0490561e-23
   3.4296418e+01   1.0429784e-23
   3.4375506e+01   1.0369351e-23
   3.4454776e+01   1.0309261e-23
   3.4534229e+01   1.0249513e-23
   3.4613865e+01   1.0190106e-23
   3.4693685e+01   1.0131040e-23
   3.4773689e+01   1.0072312e-23
   3.4853877e+01   1.0013922e-23
   3.4934251e+01   9.9558687e-24
   3.5014809e+01   9.8981512e-24
   3.5095554e+01   9.8407685e-24
   3.5176484e+01   9.7837194e-24
   3.5257602e+01   9.7270030e-24
   3.5338906e+01   9.6706182e-24
   3.5420398e+01   9.6145641e-24
   3.5502077e+01   9.5588397e-24
   3.5583945e+01   9.5034440e-24
   3.5666002e+01   9.4483760e-24
   3.5748248e+01   9.3936347e-24
   3.5830684e+01   9.3392193e-24
   3.5913310e+01   9.2851287e-24
   3.5996126e+01   9.2313620e-24
   3.6079134e+01   9.1779183e-24
   3.6162332e+01   9.1247968e-24
   3.6245723e+01   9.0719963e-24
   3.6329306e+01   9.0195162e-24
   3.6413082e+01   8.9673554e-24
   3.6497050e+01   8.9155132e-24
   3.6581213e+01   8.8639885e-24
   3.6665569e+01   8.8127806e-24
   3.6750120e+01   8.7618886e-24
   3.6834867e+01   8.7113117e-24
   3.6919808e+01   8.6610489e-24
   3.7004945e+01   8.6110996e-24
   3.7090279e+01   8.5614628e-24
   3.7175810e+01   8.5121377e-24
   3.7261537e+01   8.4631235e-24
   3.7347463e+01   8.4144195e-24
   3.7433586e+01   8.3660248e-24
   3.7519908e+01   8.3179386e-24
   3.7606429e+01   8.2701603e-24
   3.7693150e+01   8.2226889e-24
   3.7780071e+01   8.1755238e-24
   3.7867192e+01   8.1286642e-24
   3.7954514e+01   8.0821093e-24
   3.8042037e+01   8.0358584e-24
   3.8129763e+01   7.9899109e-24
   3.8217690e+01   7.9442658e-24
   3.8305821e+01   7.8989227e-24
   3.8394154e+01   7.8538807e-24
   3.8482691e+01   7.8091391e-24
   3.8571433e+01   7.7646972e-24
   3.8660379e+01   7.7205545e-24
   3.8749530e+01   7.6767101e-24
   3.8838886e+01   7.6331634e-24
   3.8928449e+01   7.5899137e-24
   3.9018219e+01   7.5469605e-24
   3.9108195e+01   7.5043030e-24
   3.9198379e+01   7.4619405e-24
   3.9288770e+01   7.4198726e-24
   3.9379371e+01   7.3780984e-24
   3.9470180e+01   7.3366175e-24
   3.9561198e+01   7.2954291e-24
   3.9652427e+01   7.2545327e-24
   3.9743865e+01   7.2139276e-24
   3.9835515e+01   7.1736133e-24
   3.9927376e+01   7.1335891e-24
   4.0019449e+01   7.0938545e-24
   4.0111734e+01   7.0544089e-24
   4.0204232e+01   7.0152517e-24
   4.0296943e+01   6.9763823e-24
   4.0389868e+01   6.9378002e-24
   4.0483008e+01   6.8995047e-24
   4.0576362e+01   6.8614954e-24
   4.0669931e+01   6.8237716e-24
   4.0763716e+01   6.7863329e-24
   4.0857718e+01   6.7491787e-24
   4.0951936e+01   6.7123083e-24
   4.1046372e+01   6.6757214e-24
   4.1141025e+01   6.6394173e-24
   4.1235896e+01   6.6033956e-24
   4.1330987e+01   6.5676556e-24
   4.1426296e+01   6.5321969e-24
   4.1521826e+01   6.4970190e-24
   4.1617575e+01   6.4621213e-24
   4.1713546e+01   6.4275034e-24
   4.1809737e+01   6.3931646e-24
   4.1906151e+01   6.3591046e-24
   4.2002787e+01   6.3253227e-24
   4.2099646e+01   6.2918185e-24
   4.2196728e+01   6.2585915e-24
   4.2294034e+01   6.2256411e-24
   4.2391564e+01   6.1929670e-24
   4.2489319e+01   6.1605685e-24
   4.2587300e+01   6.1284451e-24
   4.2685507e+01   6.0965965e-24
   4.2783940e+01   6.0650220e-24
   4.2882600e+01   6.0337212e-24
   4.2981488e+01   6.0026936e-24
   4.3080603e+01   5.9719387e-24
   4.3179947e+01   5.9414560e-24
   4.3279521e+01   5.9112449e-24
   4.3379324e+01   5.8813051e-24
   4.3479357e+01   5.8516359e-24
   4.3579620e+01   5.8222369e-24
   4.3680115e+01   5.7931076e-24
   4.3780842e+01   5.7642475e-24
   4.3881801e+01   5.7356561e-24
   4.3982993e+01   5.7073328e-24
   4.4084418e+01   5.6792772e-24
   4.4186077e+01   5.6514886e-24
   4.4287970e+01   5.6239668e-24
   4.4390099e+01   5.5967110e-24
   4.4492463e+01   5.5697207e-24
   4.4595062e+01   5.5429955e-24
   4.4697899e+01   5.5165349e-24
   4.4800973e+01   5.4903381e-24
   4.4904284e+01   5.4644048e-24
   4.5007834e+01   5.4387344e-24
   4.5111622e+01   5.4133263e-24
   4.5215650e+01   5.3881800e-24
   4.5319918e+01   5.3632948e-24
   4.5424426e+01   5.3386703e-24
   4.5529175e+01   5.3143058e-24
   4.5634165e+01   5.2902008e-24
   4.5739398e+01   5.2663547e-24
   4.5844873e+01   5.2427668e-24
   4.5950592e+01   5.2194367e-24
   4.6056554e+01   5.1963635e-24
   4.6162761e+01   5.1735468e-24
   4.6269213e+01   5.1509859e-24
   4.6375910e+01   5.1286802e-24
   4.6482853e+01   5.1066290e-24
   4.6590043e+01   5.0848317e-24
   4.6697480e+01   5.0632875e-24
   4.6805165e+01   5.0419959e-24
   4.6913098e+01   5.0209561e-24
   4.7021280e+01   5.0001674e-24
   4.7129711e+01   4.9796292e-24
   4.7238393e+01   4.9593407e-24
   4.7347325e+01   4.9393011e-24
   4.7456508e+01   4.9195098e-24
   4.7565943e+01   4.8999660e-24
   4.7675631e+01   4.8806690e-24
   4.7785571e+01   4.8616179e-24
   4.7895765e+01   4.8428120e-24
   4.8006213e+01   4.8242504e-24
   4.8116916e+01   4.8059324e-24
   4.8227874e+01   4.7878572e-24
   4.8339087e+01   4.7700239e-24
   4.8450558e+01   4.7524316e-24
   4.8562285e+01   4.7350796e-24
   4.8674270e+01   4.7179668e-24
   4.8786513e+01   4.7010925e-24
   4.8899015e+01   4.6844557e-24
   4.9011777e+01   4.6680556e-24
   4.9124798e+01   4.6518911e-24
   4.9238081e+01   4.6359614e-24
   4.9351624e+01   4.6202655e-24
   4.9465429e+01   4.6048024e-24
   4.9579497e+01   4.5895711e-24
   4.9693828e+01   4.5745706e-24
   4.9808422e+01   4.5598000e-24
   4.9923280e+01   4.5452582e-24
   5.0038404e+01   4.5309441e-24
   5.0153793e+01   4.5168567e-24
   5.0269448e+01   4.5029949e-24
   5.0385370e+01   4.4893576e-24
   5.0501559e+01   4.4759438e-24
   5.0618016e+01   4.4627523e-24
   5.0734741e+01   4.4497819e-24
   5.0851736e+01   4.4370317e-24
   5.0969000e+01   4.4245003e-24
   5.1086535e+01   4.4121866e-24
   5.1204341e+01   4.4000894e-24
   5.1322419e+01   4.3882075e-24
   5.1440769e+01   4.3765398e-24
   5.1559392e+01   4.3650849e-24
   5.1678288e+01   4.3538417e-24
   5.1797458e+01   4.3428089e-24
   5.1916904e+01   4.3319851e-24
   5.2036625e+01   4.3213692e-24
   5.2156621e+01   4.3109598e-24
   5.2276895e+01   4.3007556e-24
   5.2397446e+01   4.2907554e-24
   5.2518275e+01   4.2809576e-24
   5.2639382e+01   4.2713611e-24
   5.2760769e+01   4.2619645e-24
   5.2882436e+01   4.2527663e-24
   5.3004383e+01   4.2437652e-24
   5.3126612e+01   4.2349598e-24
   5.3249122e+01   4.2263487e-24
   5.3371915e+01   4.2179305e-24
   5.3494991e+01   4.2097037e-24
   5.3618351e+01   4.2016670e-24
   5.3741995e+01   4.1938187e-24
   5.3865925e+01   4.1861576e-24
   5.3990140e+01   4.1786821e-24
   5.4114642e+01   4.1713908e-24
   5.4239430e+01   4.1642821e-24
   5.4364507e+01   4.1573546e-24
   5.4489872e+01   4.1506067e-24
   5.4615526e+01   4.1440370e-24
   5.4741470e+01   4.1376439e-24
   5.4867704e+01   4.1314259e-24
   5.4994229e+01   4.1253815e-24
   5.5121046e+01   4.1195091e-24
   5.5248156e+01   4.1138072e-24
   5.5375559e+01   4.1082742e-24
   5.5503255e+01   4.1029086e-24
   5.5631246e+01   4.0977088e-24
   5.5759532e+01   4.0926732e-24
   5.5888114e+01   4.0878003e-24
   5.6016992e+01   4.0830884e-24
   5.6146168e+01   4.0785361e-24
   5.6275642e+01   4.0741417e-24
   5.6405414e+01   4.0699036e-24
   5.6535485e+01   4.0658202e-24
   5.6665856e+01   4.0618900e-24
   5.6796528e+01   4.0581114e-24
   5.6927501e+01   4.0544827e-24
   5.7058777e+01   4.0510024e-24
   5.7190355e+01   4.0476689e-24
   5.7322236e+01   4.0444806e-24
   5.7454421e+01   4.0414358e-24
   5.7586912e+01   4.0385330e-24
   5.7719708e+01   4.0357706e-24
   5.7852810e+01   4.0331470e-24
   5.7986219e+01   4.0306605e-24
   5.8119935e+01   4.0283097e-24
   5.8253960e+01   4.0260930e-24
   5.8388294e+01   4.0240086e-24
   5.8522938e+01   4.0220551e-24
   5.8657893e+01   4.0202309e-24
   5.8793158e+01   4.0185344e-24
   5.8928736e+01   4.0169640e-24
   5.9064626e+01   4.0155181e-24
   5.9200829e+01   4.0141953e-24
   5.9337347e+01   4.0129939e-24
   5.9474179e+01   4.0119123e-24
   5.9611327e+01   4.0109491e-24
   5.9748791e+01   4.0101027e-24
   5.9886572e+01   4.0093716e-24
   6.0024671e+01   4.0087541e-24
   6.0163089e+01   4.0082489e-24
   6.0301825e+01   4.0078544e-24
   6.0440882e+01   4.0075690e-24
   6.0580259e+01   4.0073913e-24
   6.0719957e+01   4.0073198e-24
   6.0859978e+01   4.0073530e-24
   6.1000322e+01   4.0074894e-24
   6.1140989e+01   4.0077275e-24
   6.1281980e+01   4.0080659e-24
   6.1423297e+01   4.0085031e-24
   6.1564940e+01   4.0090377e-24
   6.1706909e+01   4.0096683e-24
   6.1849206e+01   4.0103934e-24
   6.1991830e+01   4.0112116e-24
   6.2134784e+01   4.0121215e-24
   6.2278067e+01   4.0131217e-24
   6.2421681e+01   4.0142108e-24
   6.2565626e+01   4.0153874e-24
   6.2709903e+01   4.0166502e-24
   6.2854512e+01   4.0179978e-24
   6.2999455e+01   4.0194289e-24
   6.3144732e+01   4.0209421e-24
   6.3290345e+01   4.0225361e-24
   6.3436293e+01   4.0242097e-24
   6.3582577e+01   4.0259614e-24
   6.3729199e+01   4.0277900e-24
   6.3876159e+01   4.0296942e-24
   6.4023458e+01   4.0316727e-24
   6.4171097e+01   4.0337244e-24
   6.4319076e+01   4.0358479e-24
   6.4467396e+01   4.0380420e-24
   6.4616058e+01   4.0403055e-24
   6.4765063e+01   4.0426371e-24
   6.4914412e+01   4.0450357e-24
   6.5064105e+01   4.0475001e-24
   6.5214144e+01   4.0500291e-24
   6.5364528e+01   4.0526216e-24
   6.5515259e+01   4.0552763e-24
   6.5666338e+01   4.0579922e-24
   6.5817765e+01   4.0607681e-24
   6.5969541e+01   4.0636028e-24
   6.6121667e+01   4.0664954e-24
   6.6274144e+01   4.0694446e-24
   6.6426973e+01   4.0724495e-24
   6.6580154e+01   4.0755089e-24
   6.6733688e+01   4.0786217e-24
   6.6887577e+01   4.0817870e-24
   6.7041820e+01   4.0850037e-24
   6.7196419e+01   4.0882708e-24
   6.7351374e+01   4.0915872e-24
   6.7506687e+01   4.0949520e-24
   6.7662358e+01   4.0983642e-24
   6.7818388e+01   4.1018227e-24
   6.7974778e+01   4.1053267e-24
   6.8131528e+01   4.1088751e-24
   6.8288640e+01   4.1124670e-24
   6.8446114e+01   4.1161016e-24
   6.8603951e+01   4.1197778e-24
   6.8762153e+01   4.1234948e-24
   6.8920719e+01   4.1272517e-24
   6.9079650e+01   4.1310476e-24
   6.9238949e+01   4.1348816e-24
   6.9398614e+01   4.1387528e-24
   6.9558648e+01   4.1426604e-24
   6.9719051e+01   4.1466036e-24
   6.9879823e+01   4.1505814e-24
   7.0040967e+01   4.1545932e-24
   7.0202482e+01   4.1586381e-24
   7.0364369e+01   4.1627153e-24
   7.0526630e+01   4.1668240e-24
   7.0689265e+01   4.1709634e-24
   7.0852275e+01   4.1751328e-24
   7.1015661e+01   4.1793314e-24
   7.1179423e+01   4.1835585e-24
   7.1343564e+01   4.1878133e-24
   7.1508083e+01   4.1920951e-24
   7.1672981e+01   4.1964032e-24
   7.1838259e+01   4.2007369e-24
   7.2003919e+01   4.2050954e-24
   7.2169960e+01   4.2094782e-24
   7.2336385e+01   4.2138845e-24
   7.2503193e+01   4.2183136e-24
   7.2670386e+01   4.2227650e-24
   7.2837964e+01   4.2272379e-24
   7.3005929e+01   4.2317317e-24
   7.3174282e+01   4.2362458e-24
   7.3343022e+01   4.2407796e-24
   7.3512152e+01   4.2453325e-24
   7.3681671e+01   4.2499038e-24
   7.3851582e+01   4.2544930e-24
   7.4021884e+01   4.2590995e-24
   7.4192579e+01   4.2637227e-24
   7.4363668e+01   4.2683620e-24
   7.4535151e+01   4.2730170e-24
   7.4707029e+01   4.2776869e-24
   7.4879304e+01   4.2823714e-24
   7.5051977e+01   4.2870699e-24
   7.5225047e+01   4.2917817e-24
   7.5398517e+01   4.2965066e-24
   7.5572386e+01   4.3012438e-24
   7.5746657e+01   4.3059930e-24
   7.5921329e+01   4.3107536e-24
   7.6096404e+01   4.3155251e-24
   7.6271883e+01   4.3203071e-24
   7.6447767e+01   4.3250992e-24
   7.6624056e+01   4.3299007e-24
   7.6800751e+01   4.3347114e-24
   7.6977855e+01   4.3395307e-24
   7.7155366e+01   4.3443582e-24
   7.7333287e+01   4.3491934e-24
   7.7511618e+01   4.3540360e-24
   7.7690361e+01   4.3588856e-24
   7.7869515e+01   4.3637416e-24
   7.8049083e+01   4.3686038e-24
   7.8229065e+01   4.3734717e-24
   7.8409461e+01   4.3783449e-24
   7.8590274e+01   4.3832230e-24
   7.8771504e+01   4.3881057e-24
   7.8953152e+01   4.3929926e-24
   7.9135218e+01   4.3978833e-24
   7.9317705e+01   4.4027775e-24
   7.9500612e+01   4.4076748e-24
   7.9683941e+01   4.4125749e-24
   7.9867693e+01   4.4174773e-24
   8.0051868e+01   4.4223819e-24
   8.0236468e+01   4.4272883e-24
   8.0421494e+01   4.4321960e-24
   8.0606947e+01   4.4371049e-24
   8.0792827e+01   4.4420146e-24
   8.0979136e+01   4.4469248e-24
   8.1165874e+01   4.4518352e-24
   8.1353044e+01   4.4567456e-24
   8.1540644e+01   4.4616555e-24
   8.1728678e+01   4.4665647e-24
   8.1917145e+01   4.4714730e-24
   8.2106046e+01   4.4763801e-24
   8.2295383e+01   4.4812857e-24
   8.2485157e+01   4.4861895e-24
   8.2675369e+01   4.4910913e-24
   8.2866019e+01   4.4959909e-24
   8.3057108e+01   4.5008879e-24
   8.3248639e+01   4.5057821e-24
   8.3440611e+01   4.5106734e-24
   8.3633025e+01   4.5155613e-24
   8.3825884e+01   4.5204458e-24
   8.4019187e+01   4.5253266e-24
   8.4212936e+01   4.5302035e-24
   8.4407131e+01   4.5350762e-24
   8.4601775e+01   4.5399446e-24
   8.4796867e+01   4.5448083e-24
   8.4992409e+01   4.5496673e-24
   8.5188403e+01   4.5545213e-24
   8.5384848e+01   4.5593702e-24
   8.5581746e+01   4.5642136e-24
   8.5779098e+01   4.5690515e-24
   8.5976905e+01   4.5738837e-24
   8.6175169e+01   4.5787099e-24
   8.6373889e+01   4.5835300e-24
   8.6573068e+01   4.5883438e-24
   8.6772706e+01   4.5931511e-24
   8.6972805e+01   4.5979518e-24
   8.7173365e+01   4.6027458e-24
   8.7374387e+01   4.6075327e-24
   8.7575873e+01   4.6123126e-24
   8.7777824e+01   4.6170852e-24
   8.7980240e+01   4.6218503e-24
   8.8183123e+01   4.6266080e-24
   8.8386474e+01   4.6313579e-24
   8.8590294e+01   4.6360999e-24
   8.8794584e+01   4.6408340e-24
   8.8999345e+01   4.6455599e-24
   8.9204578e+01   4.6502776e-24
   8.9410285e+01   4.6549869e-24
   8.9616465e+01   4.6596877e-24
   8.9823122e+01   4.6643798e-24
   9.0030254e+01   4.6690632e-24
   9.0237865e+01   4.6737378e-24
   9.0445954e+01   4.6784033e-24
   9.0654523e+01   4.6830597e-24
   9.0863573e+01   4.6877070e-24
   9.1073105e+01   4.6923449e-24
   9.1283120e+01   4.6969734e-24
   9.1493620e+01   4.7015923e-24
   9.1704605e+01   4.7062017e-24
   9.1916077e+01   4.7108013e-24
   9.2128036e+01   4.7153911e-24
   9.2340484e+01   4.7199711e-24
   9.2553422e+01   4.7245410e-24
   9.2766850e+01   4.7291008e-24
   9.2980771e+01   4.7336505e-24
   9.3195186e+01   4.7381899e-24
   9.3410095e+01   4.7427190e-24
   9.3625499e+01   4.7472377e-24
   9.3841400e+01   4.7517460e-24
   9.4057799e+01   4.7562436e-24
   9.4274697e+01   4.7607307e-24
   9.4492095e+01   4.7652070e-24
   9.4709995e+01   4.7696726e-24
   9.4928397e+01   4.7741273e-24
   9.5147302e+01   4.7785712e-24
   9.5366713e+01   4.7830041e-24
   9.5586629e+01   4.7874260e-24
   9.5807053e+01   4.7918368e-24
   9.6027984e+01   4.7962365e-24
   9.6249426e+01   4.8006250e-24
   9.6471378e+01   4.8050023e-24
   9.6693841e+01   4.8093683e-24
   9.6916818e+01   4.8137229e-24
   9.7140309e+01   4.8180662e-24
   9.7364315e+01   4.8223980e-24
   9.7588838e+01   4.8267184e-24
   9.7813879e+01   4.8310273e-24
   9.8039438e+01   4.8353246e-24
   9.8265518e+01   4.8396103e-24
   9.8492119e+01   4.8438844e-24
   9.8719243e+01   4.8481468e-24
   9.8946890e+01   4.8523975e-24
   9.9175062e+01   4.8566365e-24
   9.9403761e+01   4.8608637e-24
   9.9632987e+01   4.8650792e-24
   9.9862741e+01   4.8692828e-24
   1.0009303e+02   4.8734745e-24
   1.0032384e+02   4.8776544e-24
   1.0055519e+02   4.8818223e-24
   1.0078707e+02   4.8859784e-24
   1.0101948e+02   4.8901225e-24
   1.0125244e+02   4.8942546e-24
   1.0148593e+02   4.8983747e-24
   1.0171995e+02   4.9024829e-24
   1.0195452e+02   4.9065790e-24
   1.0218963e+02   4.9106631e-24
   1.0242528e+02   4.9147351e-24
   1.0266147e+02   4.9187950e-24
   1.0289821e+02   4.9228429e-24
   1.0313549e+02   4.9268787e-24
   1.0337332e+02   4.9309024e-24
   1.0361170e+02   4.9349139e-24
   1.0385063e+02   4.9389134e-24
   1.0409011e+02   4.9429007e-24
   1.0433015e+02   4.9468759e-24
   1.0457073e+02   4.9508390e-24
   1.0481187e+02   4.9547899e-24
   1.0505357e+02   4.9587287e-24
   1.0529582e+02   4.9626553e-24
   1.0553864e+02   4.9665698e-24
   1.0578201e+02   4.9704721e-24
   1.0602594e+02   4.9743623e-24
   1.0627044e+02   4.9782404e-24
   1.0651550e+02   4.9821063e-24
   1.0676113e+02   4.9859600e-24
   1.0700732e+02   4.9898017e-24
   1.0725408e+02   4.9936312e-24
   1.0750141e+02   4.9974486e-24
   1.0774931e+02   5.0012538e-24
   1.0799778e+02   5.0050470e-24
   1.0824682e+02   5.0088280e-24
   1.0849644e+02   5.0125970e-24
   1.0874663e+02   5.0163539e-24
   1.0899740e+02   5.0200987e-24
   1.0924875e+02   5.0238315e-24
   1.0950068e+02   5.0275522e-24
   1.0975319e+02   5.0312608e-24
   1.1000628e+02   5.0349575e-24
   1.1025996e+02   5.0386421e-24
   1.1051422e+02   5.0423148e-24
   1.1076906e+02   5.0459754e-24
   1.1102450e+02   5.0496242e-24
   1.1128052e+02   5.0532609e-24
   1.1153714e+02   5.0568858e-24
   1.1179434e+02   5.0604987e-24
   1.1205214e+02   5.0640997e-24
   1.1231053e+02   5.0676889e-24
   1.1256952e+02   5.0712662e-24
   1.1282911e+02   5.0748317e-24
   1.1308929e+02   5.0783853e-24
   1.1335008e+02   5.0819272e-24
   1.1361146e+02   5.0854573e-24
   1.1387345e+02   5.0889757e-24
   1.1413605e+02   5.0924823e-24
   1.1439924e+02   5.0959773e-24
   1.1466305e+02   5.0994605e-24
   1.1492746e+02   5.1029321e-24
   1.1519249e+02   5.1063921e-24
   1.1545812e+02   5.1098405e-24
   1.1572437e+02   5.1132773e-24
   1.1599123e+02   5.1167026e-24
   1.1625871e+02   5.1201163e-24
   1.1652680e+02   5.1235185e-24
   1.1679551e+02   5.1269093e-24
   1.1706484e+02   5.1302886e-24
   1.1733480e+02   5.1336566e-24
   1.1760537e+02   5.1370131e-24
   1.1787657e+02   5.1403583e-24
   1.1814839e+02   5.1436921e-24
   1.1842085e+02   5.1470147e-24
   1.1869392e+02   5.1503260e-24
   1.1896763e+02   5.1536261e-24
   1.1924197e+02   5.1569149e-24
   1.1951695e+02   5.1601926e-24
   1.1979255e+02   5.1634592e-24
   1.2006880e+02   5.1667146e-24
   1.2034568e+02   5.1699590e-24
   1.2062319e+02   5.1731923e-24
   1.2090135e+02   5.1764146e-24
   1.2118015e+02   5.1796260e-24
   1.2145959e+02   5.1828264e-24
   1.2173968e+02   5.1860159e-24
   1.2202041e+02   5.1891945e-24
   1.2230179e+02   5.1923623e-24
   1.2258382e+02   5.1955193e-24
   1.2286650e+02   5.1986655e-24
   1.2314983e+02   5.2018010e-24
   1.2343382e+02   5.2049257e-24
   1.2371846e+02   5.2080399e-24
   1.2400375e+02   5.2111433e-24
   1.2428971e+02   5.2142362e-24
   1.2457632e+02   5.2173186e-24
   1.2486359e+02   5.2203904e-24
   1.2515153e+02   5.2234518e-24
   1.2544013e+02   5.2265027e-24
   1.2572940e+02   5.2295432e-24
   1.2601933e+02   5.2325733e-24
   1.2630993e+02   5.2355931e-24
   1.2660120e+02   5.2386027e-24
   1.2689314e+02   5.2416019e-24
   1.2718576e+02   5.2445910e-24
   1.2747905e+02   5.2475699e-24
   1.2777302e+02   5.2505386e-24
   1.2806767e+02   5.2534973e-24
   1.2836299e+02   5.2564459e-24
   1.2865900e+02   5.2593845e-24
   1.2895569e+02   5.2623131e-24
   1.2925306e+02   5.2652317e-24
   1.2955112e+02   5.2681405e-24
   1.2984986e+02   5.2710394e-24
   1.3014930e+02   5.2739285e-24
   1.3044942e+02   5.2768078e-24
   1.3075024e+02   5.2796774e-24
   1.3105175e+02   5.2825373e-24
   1.3135396e+02   5.2853875e-24
   1.3165686e+02   5.2882281e-24
   1.3196046e+02   5.2910591e-24
   1.3226476e+02   5.2938807e-24
   1.3256977e+02   5.2966927e-24
   1.3287547e+02   5.2994952e-24
   1.3318189e+02   5.3022884e-24
   1.3348901e+02   5.3050722e-24
   1.3379683e+02   5.3078467e-24
   1.3410537e+02   5.3106119e-24
   1.3441462e+02   5.3133679e-24
   1.3472458e+02   5.3161146e-24
   1.3503525e+02   5.3188523e-24
   1.3534665e+02   5.3215808e-24
   1.3565876e+02   5.3243002e-24
   1.3597159e+02   5.3270106e-24
   1.3628514e+02   5.3297120e-24
   1.3659941e+02   5.3324045e-24
   1.3691441e+02   5.3350881e-24
   1.3723014e+02   5.3377628e-24
   1.3754659e+02   5.3404288e-24
   1.3786377e+02   5.3430859e-24
   1.3818169e+02   5.3457344e-24
   1.3850034e+02   5.3483741e-24
   1.3881972e+02   5.3510052e-24
   1.3913984e+02   5.3536277e-24
   1.3946070e+02   5.3562417e-24
   1.3978229e+02   5.3588472e-24
   1.4010463e+02   5.3614442e-24
   1.4042772e+02   5.3640327e-24
   1.4075154e+02   5.3666129e-24
   1.4107612e+02   5.3691848e-24
   1.4140144e+02   5.3717484e-24
   1.4172751e+02   5.3743037e-24
   1.4205434e+02   5.3768508e-24
   1.4238192e+02   5.3793898e-24
   1.4271025e+02   5.3819207e-24
   1.4303934e+02   5.3844435e-24
   1.4336919e+02   5.3869582e-24
   1.4369980e+02   5.3894650e-24
   1.4403117e+02   5.3919639e-24
   1.4436331e+02   5.3944548e-24
   1.4469621e+02   5.3969379e-24
   1.4502988e+02   5.3994132e-24
   1.4536432e+02   5.4018808e-24
   1.4569954e+02   5.4043406e-24
   1.4603552e+02   5.4067928e-24
   1.4637228e+02   5.4092373e-24
   1.4670981e+02   5.4116743e-24
   1.4704813e+02   5.4141037e-24
   1.4738722e+02   5.4165256e-24
   1.4772710e+02   5.4189401e-24
   1.4806776e+02   5.4213472e-24
   1.4840920e+02   5.4237469e-24
   1.4875144e+02   5.4261393e-24
   1.4909446e+02   5.4285244e-24
   1.4943827e+02   5.4309023e-24
   1.4978288e+02   5.4332731e-24
   1.5012828e+02   5.4356366e-24
   1.5047447e+02   5.4379931e-24
   1.5082147e+02   5.4403426e-24
   1.5116927e+02   5.4426850e-24
   1.5151786e+02   5.4450205e-24
   1.5186726e+02   5.4473491e-24
   1.5221747e+02   5.4496708e-24
   1.5256849e+02   5.4519857e-24
   1.5292031e+02   5.4542938e-24
   1.5327295e+02   5.4565952e-24
   1.5362639e+02   5.4588899e-24
   1.5398066e+02   5.4611779e-24
   1.5433574e+02   5.4634594e-24
   1.5469164e+02   5.4657343e-24
   1.5504836e+02   5.4680026e-24
   1.5540590e+02   5.4702645e-24
   1.5576427e+02   5.4725200e-24
   1.5612346e+02   5.4747691e-24
   1.5648348e+02   5.4770119e-24
   1.5684434e+02   5.4792484e-24
   1.5720602e+02   5.4814787e-24
   1.5756854e+02   5.4837027e-24
   1.5793189e+02   5.4859206e-24
   1.5829608e+02   5.4881324e-24
   1.5866112e+02   5.4903381e-24
   1.5902699e+02   5.4925378e-24
   1.5939371e+02   5.4947315e-24
   1.5976127e+02   5.4969193e-24
   1.6012968e+02   5.4991012e-24
   1.6049894e+02   5.5012773e-24
   1.6086905e+02   5.5034476e-24
   1.6124002e+02   5.5056121e-24
   1.6161184e+02   5.5077709e-24
   1.6198452e+02   5.5099240e-24
   1.6235805e+02   5.5120716e-24
   1.6273245e+02   5.5142135e-24
   1.6310772e+02   5.5163499e-24
   1.6348384e+02   5.5184809e-24
   1.6386084e+02   5.5206063e-24
   1.6423870e+02   5.5227264e-24
   1.6461744e+02   5.5248412e-24
   1.6499705e+02   5.5269506e-24
   1.6537753e+02   5.5290548e-24
   1.6575889e+02   5.5311537e-24
   1.6614114e+02   5.5332475e-24
   1.6652426e+02   5.5353361e-24
   1.6690826e+02   5.5374196e-24
   1.6729316e+02   5.5394981e-24
   1.6767894e+02   5.5415716e-24
   1.6806560e+02   5.5436402e-24
   1.6845316e+02   5.5457038e-24
   1.6884162e+02   5.5477626e-24
   1.6923097e+02   5.5498165e-24
   1.6962122e+02   5.5518657e-24
   1.7001236e+02   5.5539101e-24
   1.7040441e+02   5.5559498e-24
   1.7079737e+02   5.5579849e-24
   1.7119123e+02   5.5600154e-24
   1.7158600e+02   5.5620413e-24
   1.7198168e+02   5.5640627e-24
   1.7237827e+02   5.5660796e-24
   1.7277577e+02   5.5680921e-24
   1.7317419e+02   5.5701002e-24
   1.7357354e+02   5.5721040e-24
   1.7397380e+02   5.5741035e-24
   1.7437498e+02   5.5760987e-24
   1.7477709e+02   5.5780897e-24
   1.7518013e+02   5.5800766e-24
   1.7558410e+02   5.5820593e-24
   1.7598899e+02   5.5840379e-24
   1.7639483e+02   5.5860125e-24
   1.7680159e+02   5.5879832e-24
   1.7720930e+02   5.5899498e-24
   1.7761795e+02   5.5919126e-24
   1.7802753e+02   5.5938715e-24
   1.7843807e+02   5.5958266e-24
   1.7884955e+02   5.5977779e-24
   1.7926198e+02   5.5997254e-24
   1.7967535e+02   5.6016693e-24
   1.8008969e+02   5.6036096e-24
   1.8050498e+02   5.6055462e-24
   1.8092122e+02   5.6074793e-24
   1.8133843e+02   5.6094088e-24
   1.8175659e+02   5.6113349e-24
   1.8217573e+02   5.6132576e-24
   1.8259583e+02   5.6151769e-24
   1.8301689e+02   5.6170928e-24
   1.8343893e+02   5.6190054e-24
   1.8386194e+02   5.6209148e-24
   1.8428593e+02   5.6228210e-24
   1.8471089e+02   5.6247240e-24
   1.8513684e+02   5.6266238e-24
   1.8556377e+02   5.6285206e-24
   1.8599168e+02   5.6304143e-24
   1.8642058e+02   5.6323051e-24
   1.8685046e+02   5.6341928e-24
   1.8728134e+02   5.6360777e-24
   1.8771321e+02   5.6379597e-24
   1.8814608e+02   5.6398389e-24
   1.8857995e+02   5.6417153e-24
   1.8901482e+02   5.6435889e-24
   1.8945068e+02   5.6454598e-24
   1.8988756e+02   5.6473281e-24
   1.9032544e+02   5.6491938e-24
   1.9076433e+02   5.6510569e-24
   1.9120424e+02   5.6529175e-24
   1.9164516e+02   5.6547755e-24
   1.9208709e+02   5.6566312e-24
   1.9253005e+02   5.6584844e-24
   1.9297402e+02   5.6603353e-24
   1.9341902e+02   5.6621839e-24
   1.9386505e+02   5.6640302e-24
   1.9431210e+02   5.6658742e-24
   1.9476019e+02   5.6677161e-24
   1.9520930e+02   5.6695558e-24
   1.9565946e+02   5.6713934e-24
   1.9611065e+02   5.6732290e-24
   1.9656288e+02   5.6750625e-24
   1.9701616e+02   5.6768940e-24
   1.9747048e+02   5.6787237e-24
   1.9792585e+02   5.6805514e-24
   1.9838227e+02   5.6823773e-24
   1.9883974e+02   5.6842013e-24
   1.9929826e+02   5.6860236e-24
   1.9975785e+02   5.6878442e-24
   2.0021849e+02   5.6896631e-24
   2.0068020e+02   5.6914804e-24
   2.0114297e+02   5.6932960e-24
   2.0160680e+02   5.6951101e-24
   2.0207171e+02   5.6969227e-24
   2.0253769e+02   5.6987338e-24
   2.0300474e+02   5.7005435e-24
   2.0347287e+02   5.7023518e-24
   2.0394208e+02   5.7041588e-24
   2.0441237e+02   5.7059644e-24
   2.0488375e+02   5.7077688e-24
   2.0535621e+02   5.7095720e-24
   2.0582977e+02   5.7113740e-24
   2.0630441e+02   5.7131748e-24
   2.0678015e+02   5.7149746e-24
   2.0725699e+02   5.7167733e-24
   2.0773492e+02   5.7185710e-24
   2.0821396e+02   5.7203677e-24
   2.0869411e+02   5.7221635e-24
   2.0917536e+02   5.7239585e-24
   2.0965772e+02   5.7257525e-24
   2.1014119e+02   5.7275458e-24
   2.1062578e+02   5.7293383e-24
   2.1111148e+02   5.7311301e-24
   2.1159831e+02   5.7329213e-24
   2.1208625e+02   5.7347118e-24
   2.1257533e+02   5.7365017e-24
   2.1306553e+02   5.7382910e-24
   2.1355686e+02   5.7400798e-24
   2.1404932e+02   5.7418682e-24
   2.1454292e+02   5.7436562e-24
   2.1503766e+02   5.7454437e-24
   2.1553354e+02   5.7472309e-24
   2.1603056e+02   5.7490179e-24
   2.1652873e+02   5.7508045e-24
   2.1702804e+02   5.7525910e-24
   2.1752851e+02   5.7543772e-24
   2.1803013e+02   5.7561634e-24
   2.1853291e+02   5.7579494e-24
   2.1903685e+02   5.7597354e-24
   2.1954195e+02   5.7615214e-24
   2.2004822e+02   5.7633074e-24
   2.2055565e+02   5.7650935e-24
   2.2106425e+02   5.7668797e-24
   2.2157403e+02   5.7686661e-24
   2.2208498e+02   5.7704527e-24
   2.2259711e+02   5.7722395e-24
   2.2311042e+02   5.7740266e-24
   2.2362491e+02   5.7758140e-24
   2.2414060e+02   5.7776018e-24
   2.2465747e+02   5.7793899e-24
   2.2517553e+02   5.7811786e-24
   2.2569478e+02   5.7829677e-24
   2.2621524e+02   5.7847574e-24
   2.2673689e+02   5.7865476e-24
   2.2725975e+02   5.7883384e-24
   2.2778381e+02   5.7901299e-24
   2.2830908e+02   5.7919221e-24
   2.2883556e+02   5.7937151e-24
   2.2936326e+02   5.7955088e-24
   2.2989217e+02   5.7973034e-24
   2.3042231e+02   5.7990988e-24
   2.3095366e+02   5.8008951e-24
   2.3148624e+02   5.8026924e-24
   2.3202005e+02   5.8044906e-24
   2.3255509e+02   5.8062899e-24
   2.3309137e+02   5.8080903e-24
   2.3362888e+02   5.8098917e-24
   2.3416763e+02   5.8116944e-24
   2.3470762e+02   5.8134982e-24
   2.3524886e+02   5.8153033e-24
   2.3579134e+02   5.8171096e-24
   2.3633508e+02   5.8189173e-24
   2.3688007e+02   5.8207263e-24
   2.3742632e+02   5.8225368e-24
   2.3797382e+02   5.8243486e-24
   2.3852259e+02   5.8261620e-24
   2.3907263e+02   5.8279769e-24
   2.3962393e+02   5.8297934e-24
   2.4017651e+02   5.8316115e-24
   2.4073036e+02   5.8334313e-24
   2.4128548e+02   5.8352527e-24
   2.4184189e+02   5.8370759e-24
   2.4239958e+02   5.8389009e-24
   2.4295855e+02   5.8407277e-24
   2.4351882e+02   5.8425564e-24
   2.4408037e+02   5.8443869e-24
   2.4464322e+02   5.8462195e-24
   2.4520737e+02   5.8480540e-24
   2.4577282e+02   5.8498905e-24
   2.4633958e+02   5.8517291e-24
   2.4690764e+02   5.8535699e-24
   2.4747701e+02   5.8554128e-24
   2.4804769e+02   5.8572579e-24
   2.4861969e+02   5.8591052e-24
   2.4919301e+02   5.8609548e-24
   2.4976765e+02   5.8628068e-24
   2.5034362e+02   5.8646611e-24
   2.5092091e+02   5.8665178e-24
   2.5149954e+02   5.8683770e-24
   2.5207950e+02   5.8702387e-24
   2.5266080e+02   5.8721029e-24
   2.5324343e+02   5.8739697e-24
   2.5382742e+02   5.8758391e-24
   2.5441274e+02   5.8777112e-24
   2.5499942e+02   5.8795860e-24
   2.5558745e+02   5.8814635e-24
   2.5617684e+02   5.8833438e-24
   2.5676758e+02   5.8852270e-24
   2.5735969e+02   5.8871130e-24
   2.5795317e+02   5.8890020e-24
   2.5854801e+02   5.8908939e-24
   2.5914422e+02   5.8927888e-24
   2.5974181e+02   5.8946867e-24
   2.6034078e+02   5.8965878e-24
   2.6094112e+02   5.8984919e-24
   2.6154286e+02   5.9003993e-24
   2.6214598e+02   5.9023098e-24
   2.6275049e+02   5.9042236e-24
   2.6335639e+02   5.9061408e-24
   2.6396369e+02   5.9080612e-24
   2.6457240e+02   5.9099850e-24
   2.6518250e+02   5.9119123e-24
   2.6579401e+02   5.9138430e-24
   2.6640694e+02   5.9157773e-24
   2.6702127e+02   5.9177151e-24
   2.6763703e+02   5.9196565e-24
   2.6825420e+02   5.9216015e-24
   2.6887280e+02   5.9235503e-24
   2.6949282e+02   5.9255027e-24
   2.7011427e+02   5.9274589e-24
   2.7073716e+02   5.9294190e-24
   2.7136148e+02   5.9313829e-24
   2.7198724e+02   5.9333507e-24
   2.7261444e+02   5.9353224e-24
   2.7324310e+02   5.9372981e-24
   2.7387320e+02   5.9392779e-24
   2.7450475e+02   5.9412617e-24
   2.7513776e+02   5.9432496e-24
   2.7577223e+02   5.9452417e-24
   2.7640816e+02   5.9472380e-24
   2.7704556e+02   5.9492386e-24
   2.7768443e+02   5.9512434e-24
   2.7832477e+02   5.9532525e-24
   2.7896659e+02   5.9552661e-24
   2.7960989e+02   5.9572840e-24
   2.8025467e+02   5.9593065e-24
   2.8090094e+02   5.9613334e-24
   2.8154870e+02   5.9633649e-24
   2.8219796e+02   5.9654009e-24
   2.8284871e+02   5.9674416e-24
   2.8350096e+02   5.9694870e-24
   2.8415471e+02   5.9715371e-24
   2.8480998e+02   5.9735920e-24
   2.8546675e+02   5.9756517e-24
   2.8612504e+02   5.9777163e-24
   2.8678485e+02   5.9797857e-24
   2.8744617e+02   5.9818601e-24
   2.8810903e+02   5.9839395e-24
   2.8877341e+02   5.9860239e-24
   2.8943932e+02   5.9881134e-24
   2.9010677e+02   5.9902081e-24
   2.9077576e+02   5.9923079e-24
   2.9144629e+02   5.9944129e-24
   2.9211837e+02   5.9965231e-24
   2.9279200e+02   5.9986387e-24
   2.9346718e+02   6.0007596e-24
   2.9414391e+02   6.0028859e-24
   2.9482221e+02   6.0050176e-24
   2.9550207e+02   6.0071548e-24
   2.9618350e+02   6.0092975e-24
   2.9686651e+02   6.0114458e-24
   2.9755108e+02   6.0135997e-24
   2.9823724e+02   6.0157593e-24
   2.9892498e+02   6.0179246e-24
   2.9961430e+02   6.0200956e-24
   3.0030521e+02   6.0222724e-24
   3.0099772e+02   6.0244551e-24
   3.0169182e+02   6.0266436e-24
   3.0238752e+02   6.0288381e-24
   3.0308483e+02   6.0310385e-24
   3.0378375e+02   6.0332449e-24
   3.0448428e+02   6.0354575e-24
   3.0518642e+02   6.0376761e-24
   3.0589018e+02   6.0399009e-24
   3.0659557e+02   6.0421319e-24
   3.0730258e+02   6.0443691e-24
   3.0801122e+02   6.0466127e-24
   3.0872150e+02   6.0488625e-24
   3.0943341e+02   6.0511188e-24
   3.1014697e+02   6.0533815e-24
   3.1086217e+02   6.0556507e-24
   3.1157902e+02   6.0579264e-24
   3.1229752e+02   6.0602086e-24
   3.1301768e+02   6.0624975e-24
   3.1373950e+02   6.0647930e-24
   3.1446299e+02   6.0670953e-24
   3.1518814e+02   6.0694043e-24
   3.1591497e+02   6.0717201e-24
   3.1664347e+02   6.0740427e-24
   3.1737365e+02   6.0763723e-24
   3.1810552e+02   6.0787088e-24
   3.1883907e+02   6.0810523e-24
   3.1957432e+02   6.0834028e-24
   3.2031126e+02   6.0857604e-24
   3.2104990e+02   6.0881251e-24
   3.2179024e+02   6.0904970e-24
   3.2253229e+02   6.0928761e-24
   3.2327606e+02   6.0952625e-24
   3.2402153e+02   6.0976562e-24
   3.2476873e+02   6.1000573e-24
   3.2551765e+02   6.1024658e-24
   3.2626829e+02   6.1048817e-24
   3.2702067e+02   6.1073052e-24
   3.2777478e+02   6.1097362e-24
   3.2853063e+02   6.1121748e-24
   3.2928823e+02   6.1146211e-24
   3.3004757e+02   6.1170751e-24
   3.3080866e+02   6.1195368e-24
   3.3157151e+02   6.1220063e-24
   3.3233612e+02   6.1244836e-24
   3.3310249e+02   6.1269689e-24
   3.3387062e+02   6.1294621e-24
   3.3464053e+02   6.1319632e-24
   3.3541221e+02   6.1344724e-24
   3.3618568e+02   6.1369897e-24
   3.3696092e+02   6.1395151e-24
   3.3773796e+02   6.1420487e-24
   3.3851679e+02   6.1445906e-24
   3.3929741e+02   6.1471407e-24
   3.4007983e+02   6.1496991e-24
   3.4086406e+02   6.1522660e-24
   3.4165009e+02   6.1548412e-24
   3.4243794e+02   6.1574249e-24
   3.4322760e+02   6.1600172e-24
   3.4401909e+02   6.1626180e-24
   3.4481240e+02   6.1652274e-24
   3.4560754e+02   6.1678455e-24
   3.4640451e+02   6.1704724e-24
   3.4720333e+02   6.1731080e-24
   3.4800398e+02   6.1757524e-24
   3.4880648e+02   6.1784057e-24
   3.4961083e+02   6.1810679e-24
   3.5041703e+02   6.1837391e-24
   3.5122510e+02   6.1864193e-24
   3.5203503e+02   6.1891086e-24
   3.5284682e+02   6.1918070e-24
   3.5366049e+02   6.1945146e-24
   3.5447603e+02   6.1972314e-24
   3.5529346e+02   6.1999575e-24
   3.5611277e+02   6.2026929e-24
   3.5693397e+02   6.2054377e-24
   3.5775706e+02   6.2081919e-24
   3.5858205e+02   6.2109556e-24
   3.5940894e+02   6.2137288e-24
   3.6023774e+02   6.2165116e-24
   3.6106845e+02   6.2193040e-24
   3.6190108e+02   6.2221061e-24
   3.6273563e+02   6.2249179e-24
   3.6357210e+02   6.2277395e-24
   3.6441050e+02   6.2305710e-24
   3.6525083e+02   6.2334123e-24
   3.6609310e+02   6.2362636e-24
   3.6693731e+02   6.2391249e-24
   3.6778347e+02   6.2419962e-24
   3.6863159e+02   6.2448776e-24
   3.6948165e+02   6.2477691e-24
   3.7033368e+02   6.2506709e-24
   3.7118767e+02   6.2535829e-24
   3.7204364e+02   6.2565052e-24
   3.7290157e+02   6.2594379e-24
   3.7376148e+02   6.2623810e-24
   3.7462338e+02   6.2653345e-24
   3.7548727e+02   6.2682986e-24
   3.7635314e+02   6.2712732e-24
   3.7722102e+02   6.2742584e-24
   3.7809089e+02   6.2772544e-24
   3.7896277e+02   6.2802610e-24
   3.7983666e+02   6.2832785e-24
   3.8071257e+02   6.2863067e-24
   3.8159049e+02   6.2893459e-24
   3.8247044e+02   6.2923960e-24
   3.8335242e+02   6.2954571e-24
   3.8423644e+02   6.2985292e-24
   3.8512249e+02   6.3016125e-24
   3.8601059e+02   6.3047069e-24
   3.8690073e+02   6.3078126e-24
   3.8779292e+02   6.3109295e-24
   3.8868718e+02   6.3140577e-24
   3.8958349e+02   6.3171973e-24
   3.9048188e+02   6.3203484e-24
   3.9138233e+02   6.3235109e-24
   3.9228486e+02   6.3266850e-24
   3.9318947e+02   6.3298707e-24
   3.9409617e+02   6.3330680e-24
   3.9500496e+02   6.3362770e-24
   3.9591584e+02   6.3394979e-24
   3.9682883e+02   6.3427305e-24
   3.9774392e+02   6.3459750e-24
   3.9866112e+02   6.3492315e-24
   3.9958044e+02   6.3524999e-24
   4.0050187e+02   6.3557804e-24
   4.0142543e+02   6.3590731e-24
   4.0235112e+02   6.3623778e-24
   4.0327895e+02   6.3656948e-24
   4.0420891e+02   6.3690241e-24
   4.0514102e+02   6.3723657e-24
   4.0607528e+02   6.3757197e-24
   4.0701169e+02   6.3790862e-24
   4.0795026e+02   6.3824652e-24
   4.0889100e+02   6.3858568e-24
   4.0983390e+02   6.3892610e-24
   4.1077898e+02   6.3926778e-24
   4.1172624e+02   6.3961075e-24
   4.1267569e+02   6.3995499e-24
   4.1362732e+02   6.4030053e-24
   4.1458115e+02   6.4064735e-24
   4.1553718e+02   6.4099548e-24
   4.1649541e+02   6.4134491e-24
   4.1745585e+02   6.4169565e-24
   4.1841851e+02   6.4204771e-24
   4.1938338e+02   6.4240110e-24
   4.2035048e+02   6.4275582e-24
   4.2131982e+02   6.4311188e-24
   4.2229138e+02   6.4346928e-24
   4.2326519e+02   6.4382803e-24
   4.2424124e+02   6.4418814e-24
   4.2521955e+02   6.4454961e-24
   4.2620010e+02   6.4491245e-24
   4.2718293e+02   6.4527668e-24
   4.2816801e+02   6.4564229e-24
   4.2915537e+02   6.4600929e-24
   4.3014501e+02   6.4637770e-24
   4.3113692e+02   6.4674751e-24
   4.3213113e+02   6.4711874e-24
   4.3312763e+02   6.4749139e-24
   4.3412642e+02   6.4786548e-24
   4.3512752e+02   6.4824101e-24
   4.3613093e+02   6.4861799e-24
   4.3713665e+02   6.4899643e-24
   4.3814469e+02   6.4937634e-24
   4.3915506e+02   6.4975773e-24
   4.4016775e+02   6.5014061e-24
   4.4118278e+02   6.5052500e-24
   4.4220015e+02   6.5091090e-24
   4.4321987e+02   6.5129833e-24
   4.4424194e+02   6.5168731e-24
   4.4526636e+02   6.5207785e-24
   4.4629315e+02   6.5246996e-24
   4.4732231e+02   6.5286367e-24
   4.4835383e+02   6.5325900e-24
   4.4938774e+02   6.5365597e-24
   4.5042403e+02   6.5405462e-24
   4.5146271e+02   6.5445496e-24
   4.5250379e+02   6.5485704e-24
   4.5354727e+02   6.5526090e-24
   4.5459315e+02   6.5566660e-24
   4.5564145e+02   6.5607418e-24
   4.5669216e+02   6.5648372e-24
   4.5774529e+02   6.5689531e-24
   4.5880086e+02   6.5730906e-24
   4.5985886e+02   6.5772511e-24
   4.6091930e+02   6.5814362e-24
   4.6198218e+02   6.5856481e-24
   4.6304751e+02   6.5898899e-24
   4.6411530e+02   6.5941653e-24
   4.6518556e+02   6.5984797e-24
   4.6625828e+02   6.6028404e-24
   4.6733347e+02   6.6072579e-24
   4.6841115e+02   6.6117475e-24
   4.6949131e+02   6.6163328e-24
   4.7057396e+02   6.6210506e-24
   4.7165911e+02   6.6259625e-24
   4.7274676e+02   6.6311766e-24
   4.7383691e+02   6.6368981e-24
   4.7492958e+02   6.6435572e-24
   4.7602478e+02   6.6521855e-24
   4.7712249e+02   6.6658090e-24
   4.7822274e+02   6.6968170e-24
   4.7932553e+02   6.8483379e-24
   4.8043085e+02   4.1016054e-23
   4.8153873e+02   6.8259055e-24
   4.8264916e+02   6.7089309e-24
   4.8376216e+02   6.6898911e-24
   4.8487772e+02   6.6860560e-24
   4.8599585e+02   6.6866948e-24
   4.8711656e+02   6.6891150e-24
   4.8823985e+02   6.6923871e-24
   4.8936574e+02   6.6961214e-24
   4.9049422e+02   6.7001315e-24
   4.9162530e+02   6.7043191e-24
   4.9275899e+02   6.7086285e-24
   4.9389530e+02   6.7130264e-24
   4.9503423e+02   6.7174917e-24
   4.9617578e+02   6.7220107e-24
   4.9731996e+02   6.7265739e-24
   4.9846679e+02   6.7311751e-24
   4.9961626e+02   6.7358096e-24
   5.0076837e+02   6.7404740e-24
   5.0192315e+02   6.7451660e-24
   5.0308059e+02   6.7498837e-24
   5.0424070e+02   6.7546258e-24
   5.0540348e+02   6.7593911e-24
   5.0656894e+02   6.7641788e-24
   5.0773710e+02   6.7689884e-24
   5.0890794e+02   6.7738193e-24
   5.1008149e+02   6.7786711e-24
   5.1125774e+02   6.7835435e-24
   5.1243670e+02   6.7884363e-24
   5.1361839e+02   6.7933494e-24
   5.1480279e+02   6.7982824e-24
   5.1598993e+02   6.8032354e-24
   5.1717981e+02   6.8082083e-24
   5.1837243e+02   6.8132010e-24
   5.1956780e+02   6.8182134e-24
   5.2076593e+02   6.8232456e-24
   5.2196682e+02   6.8282975e-24
   5.2317048e+02   6.8333691e-24
   5.2437691e+02   6.8384605e-24
   5.2558613e+02   6.8435716e-24
   5.2679814e+02   6.8487025e-24
   5.2801294e+02   6.8538532e-24
   5.2923054e+02   6.8590237e-24
   5.3045095e+02   6.8642141e-24
   5.3167417e+02   6.8694244e-24
   5.3290022e+02   6.8746547e-24
   5.3412909e+02   6.8799050e-24
   5.3536079e+02   6.8851754e-24
   5.3659534e+02   6.8904658e-24
   5.3783273e+02   6.8957765e-24
   5.3907298e+02   6.9011073e-24
   5.4031609e+02   6.9064585e-24
   5.4156206e+02   6.9118299e-24
   5.4281090e+02   6.9172218e-24
   5.4406263e+02   6.9226341e-24
   5.4531724e+02   6.9280670e-24
   5.4657475e+02   6.9335204e-24
   5.4783515e+02   6.9389945e-24
   5.4909847e+02   6.9444893e-24
   5.5036469e+02   6.9500049e-24
   5.5163384e+02   6.9555413e-24
   5.5290591e+02   6.9610986e-24
   5.5418091e+02   6.9666769e-24
   5.5545886e+02   6.9722763e-24
   5.5673975e+02   6.9778967e-24
   5.5802360e+02   6.9835384e-24
   5.5931040e+02   6.9892013e-24
   5.6060018e+02   6.9948855e-24
   5.6189293e+02   7.0005910e-24
   5.6318866e+02   7.0063181e-24
   5.6448737e+02   7.0120666e-24
   5.6578909e+02   7.0178368e-24
   5.6709380e+02   7.0236286e-24
   5.6840152e+02   7.0294422e-24
   5.6971226e+02   7.0352776e-24
   5.7102602e+02   7.0411348e-24
   5.7234281e+02   7.0470140e-24
   5.7366264e+02   7.0529152e-24
   5.7498551e+02   7.0588385e-24
   5.7631143e+02   7.0647840e-24
   5.7764041e+02   7.0707517e-24
   5.7897245e+02   7.0767417e-24
   5.8030757e+02   7.0827541e-24
   5.8164576e+02   7.0887889e-24
   5.8298704e+02   7.0948463e-24
   5.8433141e+02   7.1009263e-24
   5.8567889e+02   7.1070289e-24
   5.8702947e+02   7.1131543e-24
   5.8838316e+02   7.1193025e-24
   5.8973998e+02   7.1254736e-24
   5.9109992e+02   7.1316677e-24
   5.9246300e+02   7.1378848e-24
   5.9382923e+02   7.1441250e-24
   5.9519860e+02   7.1503884e-24
   5.9657113e+02   7.1566751e-24
   5.9794683e+02   7.1629851e-24
   5.9932570e+02   7.1693185e-24
   6.0070775e+02   7.1756755e-24
   6.0209299e+02   7.1820559e-24
   6.0348142e+02   7.1884600e-24
   6.0487305e+02   7.1948879e-24
   6.0626789e+02   7.2013395e-24
   6.0766595e+02   7.2078150e-24
   6.0906723e+02   7.2143144e-24
   6.1047175e+02   7.2208378e-24
   6.1187950e+02   7.2273853e-24
   6.1329050e+02   7.2339570e-24
   6.1470475e+02   7.2405529e-24
   6.1612226e+02   7.2471731e-24
   6.1754305e+02   7.2538178e-24
   6.1896711e+02   7.2604869e-24
   6.2039445e+02   7.2671805e-24
   6.2182508e+02   7.2738988e-24
   6.2325902e+02   7.2806418e-24
   6.2469626e+02   7.2874096e-24
   6.2613681e+02   7.2942022e-24
   6.2758069e+02   7.3010197e-24
   6.2902789e+02   7.3078623e-24
   6.3047844e+02   7.3147299e-24
   6.3193232e+02   7.3216227e-24
   6.3338957e+02   7.3285408e-24
   6.3485017e+02   7.3354842e-24
   6.3631414e+02   7.3424529e-24
   6.3778148e+02   7.3494472e-24
   6.3925221e+02   7.3564670e-24
   6.4072633e+02   7.3635124e-24
   6.4220385e+02   7.3705835e-24
   6.4368478e+02   7.3776805e-24
   6.4516912e+02   7.3848033e-24
   6.4665688e+02   7.3919520e-24
   6.4814808e+02   7.3991268e-24
   6.4964271e+02   7.4063277e-24
   6.5114080e+02   7.4135547e-24
   6.5264233e+02   7.4208081e-24
   6.5414733e+02   7.4280877e-24
   6.5565580e+02   7.4353938e-24
   6.5716775e+02   7.4427264e-24
   6.5868318e+02   7.4500856e-24
   6.6020211e+02   7.4574714e-24
   6.6172454e+02   7.4648840e-24
   6.6325048e+02   7.4723234e-24
   6.6477994e+02   7.4797897e-24
   6.6631293e+02   7.4872829e-24
   6.6784945e+02   7.4948033e-24
   6.6938952e+02   7.5023508e-24
   6.7093314e+02   7.5099255e-24
   6.7248031e+02   7.5175275e-24
   6.7403106e+02   7.5251568e-24
   6.7558538e+02   7.5328137e-24
   6.7714328e+02   7.5404981e-24
   6.7870478e+02   7.5482101e-24
   6.8026988e+02   7.5559499e-24
   6.8183859e+02   7.5637174e-24
   6.8341091e+02   7.5715128e-24
   6.8498686e+02   7.5793361e-24
   6.8656645e+02   7.5871875e-24
   6.8814967e+02   7.5950670e-24
   6.8973655e+02   7.6029747e-24
   6.9132709e+02   7.6109107e-24
   6.9292130e+02   7.6188750e-24
   6.9451918e+02   7.6268678e-24
   6.9612074e+02   7.6348891e-24
   6.9772600e+02   7.6429390e-24
   6.9933497e+02   7.6510177e-24
   7.0094764e+02   7.6591250e-24
   7.0256403e+02   7.6672613e-24
   7.0418415e+02   7.6754265e-24
   7.0580800e+02   7.6836207e-24
   7.0743560e+02   7.6918440e-24
   7.0906695e+02   7.7000965e-24
   7.1070206e+02   7.7083783e-24
   7.1234095e+02   7.7166895e-24
   7.1398361e+02   7.7250300e-24
   7.1563006e+02   7.7334001e-24
   7.1728031e+02   7.7417999e-24
   7.1893437e+02   7.7502293e-24
   7.2059223e+02   7.7586885e-24
   7.2225393e+02   7.7671775e-24
   7.2391945e+02   7.7756965e-24
   7.2558881e+02   7.7842455e-24
   7.2726203e+02   7.7928247e-24
   7.2893910e+02   7.8014340e-24
   7.3062004e+02   7.8100736e-24
   7.3230485e+02   7.8187436e-24
   7.3399355e+02   7.8274441e-24
   7.3568615e+02   7.8361751e-24
   7.3738265e+02   7.8449367e-24
   7.3908306e+02   7.8537290e-24
   7.4078739e+02   7.8625521e-24
   7.4249565e+02   7.8714061e-24
   7.4420785e+02   7.8802911e-24
   7.4592400e+02   7.8892071e-24
   7.4764410e+02   7.8981542e-24
   7.4936818e+02   7.9071326e-24
   7.5109623e+02   7.9161423e-24
   7.5282826e+02   7.9251834e-24
   7.5456429e+02   7.9342559e-24
   7.5630432e+02   7.9433601e-24
   7.5804836e+02   7.9524959e-24
   7.5979643e+02   7.9616634e-24
   7.6154852e+02   7.9708627e-24
   7.6330466e+02   7.9800940e-24
   7.6506485e+02   7.9893573e-24
   7.6682909e+02   7.9986527e-24
   7.6859741e+02   8.0079802e-24
   7.7036980e+02   8.0173400e-24
   7.7214628e+02   8.0267322e-24
   7.7392685e+02   8.0361568e-24
   7.7571153e+02   8.0456140e-24
   7.7750033e+02   8.0551037e-24
   7.7929325e+02   8.0646262e-24
   7.8109031e+02   8.0741814e-24
   7.8289151e+02   8.0837696e-24
   7.8469686e+02   8.0933907e-24
   7.8650638e+02   8.1030448e-24
   7.8832007e+02   8.1127321e-24
   7.9013794e+02   8.1224526e-24
   7.9196000e+02   8.1322065e-24
   7.9378627e+02   8.1419938e-24
   7.9561675e+02   8.1518145e-24
   7.9745144e+02   8.1616689e-24
   7.9929037e+02   8.1715569e-24
   8.0113354e+02   8.1814787e-24
   8.0298096e+02   8.1914344e-24
   8.0483264e+02   8.2014240e-24
   8.0668859e+02   8.2114477e-24
   8.0854882e+02   8.2215054e-24
   8.1041334e+02   8.2315974e-24
   8.1228216e+02   8.2417237e-24
   8.1415529e+02   8.2518844e-24
   8.1603274e+02   8.2620796e-24
   8.1791452e+02   8.2723094e-24
   8.1980064e+02   8.2825738e-24
   8.2169110e+02   8.2928730e-24
   8.2358593e+02   8.3032071e-24
   8.2548512e+02   8.3135760e-24
   8.2738870e+02   8.3239801e-24
   8.2929666e+02   8.3344192e-24
   8.3120903e+02   8.3448935e-24
   8.3312580e+02   8.3554032e-24
   8.3504700e+02   8.3659483e-24
   8.3697262e+02   8.3765288e-24
   8.3890269e+02   8.3871449e-24
   8.4083720e+02   8.3977967e-24
   8.4277618e+02   8.4084843e-24
   8.4471963e+02   8.4192077e-24
   8.4666756e+02   8.4299671e-24
   8.4861998e+02   8.4407625e-24
   8.5057690e+02   8.4515940e-24
   8.5253834e+02   8.4624618e-24
   8.5450430e+02   8.4733658e-24
   8.5647479e+02   8.4843063e-24
   8.5844983e+02   8.4952833e-24
   8.6042942e+02   8.5062969e-24
   8.6241358e+02   8.5173472e-24
   8.6440231e+02   8.5284343e-24
   8.6639563e+02   8.5395583e-24
   8.6839354e+02   8.5507192e-24
   8.7039607e+02   8.5619172e-24
   8.7240321e+02   8.5731523e-24
   8.7441498e+02   8.5844247e-24
   8.7643138e+02   8.5957345e-24
   8.7845244e+02   8.6070817e-24
   8.8047816e+02   8.6184664e-24
   8.8250855e+02   8.6298888e-24
   8.8454362e+02   8.6413489e-24
   8.8658338e+02   8.6528468e-24
   8.8862785e+02   8.6643827e-24
   8.9067703e+02   8.6759566e-24
   8.9273094e+02   8.6875685e-24
   8.9478959e+02   8.6992187e-24
   8.9685298e+02   8.7109072e-24
   8.9892113e+02   8.7226341e-24
   9.0099405e+02   8.7343995e-24
   9.0307175e+02   8.7462035e-24
   9.0515424e+02   8.7580462e-24
   9.0724153e+02   8.7699277e-24
   9.0933364e+02   8.7818481e-24
   9.1143057e+02   8.7938075e-24
   9.1353233e+02   8.8058061e-24
   9.1563894e+02   8.8178438e-24
   9.1775041e+02   8.8299209e-24
   9.1986675e+02   8.8420374e-24
   9.2198797e+02   8.8541935e-24
   9.2411408e+02   8.8663892e-24
   9.2624510e+02   8.8786248e-24
   9.2838103e+02   8.8909004e-24
   9.3052188e+02   8.9032160e-24
   9.3266767e+02   8.9155721e-24
   9.3481841e+02   8.9279686e-24
   9.3697411e+02   8.9404061e-24
   9.3913478e+02   8.9528848e-24
   9.4130043e+02   8.9654054e-24
   9.4347108e+02   8.9779687e-24
   9.4564673e+02   8.9905765e-24
   9.4782740e+02   9.0032314e-24
   9.5001309e+02   9.0159396e-24
   9.5220383e+02   9.0287154e-24
   9.5439962e+02   9.0416017e-24
   9.5660047e+02   9.0547803e-24
   9.5880640e+02   9.0699296e-24
   9.6101742e+02   9.2708781e-24
   9.6323353e+02   9.0946253e-24
   9.6545475e+02   9.1062324e-24
   9.6768110e+02   9.1189600e-24
   9.6991258e+02   9.1319068e-24
   9.7214920e+02   9.1449488e-24
   9.7439099e+02   9.1580541e-24
   9.7663794e+02   9.1712115e-24
   9.7889008e+02   9.1844164e-24
   9.8114740e+02   9.1976666e-24
   9.8340994e+02   9.2109610e-24
   9.8567769e+02   9.2242990e-24
   9.8795067e+02   9.2376803e-24
   9.9022889e+02   9.2511048e-24
   9.9251237e+02   9.2645723e-24
   9.9480111e+02   9.2780828e-24
   9.9709513e+02   9.2916364e-24
   9.9939443e+02   9.3052331e-24
   1.0016990e+03   9.3188730e-24
   1.0040090e+03   9.3325561e-24
   1.0063242e+03   9.3462825e-24
   1.0086448e+03   9.3600523e-24
   1.0109708e+03   9.3738656e-24
   1.0133021e+03   9.3877224e-24
   1.0156387e+03   9.4016230e-24
   1.0179808e+03   9.4155673e-24
   1.0203283e+03   9.4295554e-24
   1.0226812e+03   9.4435875e-24
   1.0250395e+03   9.4576637e-24
   1.0274032e+03   9.4717840e-24
   1.0297724e+03   9.4859486e-24
   1.0321471e+03   9.5001575e-24
   1.0345272e+03   9.5144109e-24
   1.0369129e+03   9.5287089e-24
   1.0393040e+03   9.5430515e-24
   1.0417006e+03   9.5574389e-24
   1.0441028e+03   9.5718711e-24
   1.0465105e+03   9.5863484e-24
   1.0489238e+03   9.6008707e-24
   1.0513426e+03   9.6154382e-24
   1.0537670e+03   9.6300509e-24
   1.0561970e+03   9.6447091e-24
   1.0586326e+03   9.6594128e-24
   1.0610738e+03   9.6741620e-24
   1.0635207e+03   9.6889570e-24
   1.0659731e+03   9.7037977e-24
   1.0684313e+03   9.7186844e-24
   1.0708951e+03   9.7336171e-24
   1.0733646e+03   9.7485960e-24
   1.0758398e+03   9.7636210e-24
   1.0783207e+03   9.7786924e-24
   1.0808073e+03   9.7938103e-24
   1.0832996e+03   9.8089747e-24
   1.0857977e+03   9.8241858e-24
   1.0883016e+03   9.8394436e-24
   1.0908112e+03   9.8547483e-24
   1.0933266e+03   9.8700999e-24
   1.0958479e+03   9.8854987e-24
   1.0983749e+03   9.9009447e-24
   1.1009078e+03   9.9164379e-24
   1.1034465e+03   9.9319786e-24
   1.1059910e+03   9.9475667e-24
   1.1085414e+03   9.9632026e-24
   1.1110977e+03   9.9788861e-24
   1.1136599e+03   9.9946175e-24
   1.1162281e+03   1.0010397e-23
   1.1188021e+03   1.0026224e-23
   1.1213820e+03   1.0042100e-23
   1.1239680e+03   1.0058024e-23
   1.1265598e+03   1.0073996e-23
   1.1291577e+03   1.0090017e-23
   1.1317615e+03   1.0106086e-23
   1.1343714e+03   1.0122204e-23
   1.1369873e+03   1.0138371e-23
   1.1396092e+03   1.0154587e-23
   1.1422371e+03   1.0170851e-23
   1.1448711e+03   1.0187165e-23
   1.1475112e+03   1.0203529e-23
   1.1501574e+03   1.0219941e-23
   1.1528096e+03   1.0236403e-23
   1.1554680e+03   1.0252915e-23
   1.1581325e+03   1.0269477e-23
   1.1608032e+03   1.0286088e-23
   1.1634800e+03   1.0302749e-23
   1.1661630e+03   1.0319460e-23
   1.1688522e+03   1.0336222e-23
   1.1715476e+03   1.0353034e-23
   1.1742492e+03   1.0369896e-23
   1.1769570e+03   1.0386808e-23
   1.1796711e+03   1.0403771e-23
   1.1823914e+03   1.0420785e-23
   1.1851180e+03   1.0437850e-23
   1.1878509e+03   1.0454966e-23
   1.1905901e+03   1.0472133e-23
   1.1933356e+03   1.0489351e-23
   1.1960875e+03   1.0506620e-23
   1.1988456e+03   1.0523940e-23
   1.2016102e+03   1.0541313e-23
   1.2043811e+03   1.0558736e-23
   1.2071584e+03   1.0576212e-23
   1.2099421e+03   1.0593739e-23
   1.2127323e+03   1.0611319e-23
   1.2155288e+03   1.0628950e-23
   1.2183319e+03   1.0646634e-23
   1.2211413e+03   1.0664370e-23
   1.2239573e+03   1.0682158e-23
   1.2267798e+03   1.0699999e-23
   1.2296087e+03   1.0717893e-23
   1.2324442e+03   1.0735840e-23
   1.2352862e+03   1.0753839e-23
   1.2381348e+03   1.0771891e-23
   1.2409900e+03   1.0789997e-23
   1.2438517e+03   1.0808156e-23
   1.2467200e+03   1.0826368e-23
   1.2495950e+03   1.0844634e-23
   1.2524766e+03   1.0862953e-23
   1.2553648e+03   1.0881326e-23
   1.2582597e+03   1.0899753e-23
   1.2611612e+03   1.0918234e-23
   1.2640695e+03   1.0936768e-23
   1.2669844e+03   1.0955358e-23
   1.2699061e+03   1.0974001e-23
   1.2728345e+03   1.0992699e-23
   1.2757697e+03   1.1011451e-23
   1.2787116e+03   1.1030258e-23
   1.2816603e+03   1.1049120e-23
   1.2846158e+03   1.1068037e-23
   1.2875782e+03   1.1087009e-23
   1.2905473e+03   1.1106036e-23
   1.2935233e+03   1.1125118e-23
   1.2965062e+03   1.1144256e-23
   1.2994960e+03   1.1163449e-23
   1.3024926e+03   1.1182698e-23
   1.3054962e+03   1.1202003e-23
   1.3085067e+03   1.1221364e-23
   1.3115241e+03   1.1240780e-23
   1.3145485e+03   1.1260253e-23
   1.3175798e+03   1.1279782e-23
   1.3206182e+03   1.1299367e-23
   1.3236635e+03   1.1319009e-23
   1.3267159e+03   1.1338707e-23
   1.3297753e+03   1.1358463e-23
   1.3328418e+03   1.1378275e-23
   1.3359154e+03   1.1398144e-23
   1.3389960e+03   1.1418070e-23
   1.3420837e+03   1.1438053e-23
   1.3451786e+03   1.1458094e-23
   1.3482806e+03   1.1478192e-23
   1.3513897e+03   1.1498348e-23
   1.3545060e+03   1.1518562e-23
   1.3576295e+03   1.1538833e-23
   1.3607602e+03   1.1559163e-23
   1.3638982e+03   1.1579551e-23
   1.3670433e+03   1.1599996e-23
   1.3701957e+03   1.1620501e-23
   1.3733554e+03   1.1641063e-23
   1.3765224e+03   1.1661685e-23
   1.3796966e+03   1.1682365e-23
   1.3828782e+03   1.1703104e-23
   1.3860672e+03   1.1723902e-23
   1.3892634e+03   1.1744759e-23
   1.3924671e+03   1.1765675e-23
   1.3956781e+03   1.1786651e-23
   1.3988966e+03   1.1807687e-23
   1.4021224e+03   1.1828782e-23
   1.4053558e+03   1.1849937e-23
   1.4085965e+03   1.1871152e-23
   1.4118448e+03   1.1892427e-23
   1.4151005e+03   1.1913762e-23
   1.4183637e+03   1.1935158e-23
   1.4216345e+03   1.1956615e-23
   1.4249128e+03   1.1978133e-23
   1.4281986e+03   1.1999714e-23
   1.4314921e+03   1.2021360e-23
   1.4347931e+03   1.2043085e-23
   1.4381017e+03   1.2064997e-23
   1.4414180e+03   1.2114517e-23
   1.4447419e+03   1.2108643e-23
   1.4480735e+03   1.2130482e-23
   1.4514128e+03   1.2152466e-23
   1.4547598e+03   1.2174525e-23
   1.4581144e+03   1.2196651e-23
   1.4614769e+03   1.2218840e-23
   1.4648470e+03   1.2241091e-23
   1.4682250e+03   1.2263406e-23
   1.4716107e+03   1.2285783e-23
   1.4750043e+03   1.2308222e-23
   1.4784056e+03   1.2330725e-23
   1.4818149e+03   1.2353290e-23
   1.4852319e+03   1.2375918e-23
   1.4886569e+03   1.2398610e-23
   1.4920897e+03   1.2421364e-23
   1.4955305e+03   1.2444182e-23
   1.4989792e+03   1.2467064e-23
   1.5024359e+03   1.2490009e-23
   1.5059005e+03   1.2513018e-23
   1.5093731e+03   1.2536091e-23
   1.5128538e+03   1.2559228e-23
   1.5163424e+03   1.2582429e-23
   1.5198391e+03   1.2605694e-23
   1.5233439e+03   1.2629024e-23
   1.5268567e+03   1.2652418e-23
   1.5303776e+03   1.2675877e-23
   1.5339067e+03   1.2699401e-23
   1.5374439e+03   1.2722990e-23
   1.5409893e+03   1.2746644e-23
   1.5445428e+03   1.2770363e-23
   1.5481045e+03   1.2794148e-23
   1.5516745e+03   1.2817998e-23
   1.5552526e+03   1.2841914e-23
   1.5588391e+03   1.2865895e-23
   1.5624338e+03   1.2889943e-23
   1.5660367e+03   1.2914057e-23
   1.5696480e+03   1.2938237e-23
   1.5732677e+03   1.2962484e-23
   1.5768956e+03   1.2986797e-23
   1.5805320e+03   1.3011176e-23
   1.5841767e+03   1.3035623e-23
   1.5878298e+03   1.3060136e-23
   1.5914913e+03   1.3084717e-23
   1.5951613e+03   1.3109365e-23
   1.5988398e+03   1.3134080e-23
   1.6025267e+03   1.3158863e-23
   1.6062222e+03   1.3183713e-23
   1.6099261e+03   1.3208631e-23
   1.6136386e+03   1.3233618e-23
   1.6173597e+03   1.3258672e-23
   1.6210893e+03   1.3283795e-23
   1.6248276e+03   1.3308986e-23
   1.6285744e+03   1.3334245e-23
   1.6323300e+03   1.3359573e-23
   1.6360941e+03   1.3384971e-23
   1.6398670e+03   1.3410437e-23
   1.6436485e+03   1.3435972e-23
   1.6474388e+03   1.3461577e-23
   1.6512378e+03   1.3487251e-23
   1.6550456e+03   1.3512994e-23
   1.6588621e+03   1.3538807e-23
   1.6626874e+03   1.3564691e-23
   1.6665216e+03   1.3590644e-23
   1.6703646e+03   1.3616667e-23
   1.6742165e+03   1.3642761e-23
   1.6780773e+03   1.3668925e-23
   1.6819469e+03   1.3695160e-23
   1.6858255e+03   1.3721466e-23
   1.6897130e+03   1.3747842e-23
   1.6936095e+03   1.3774290e-23
   1.6975150e+03   1.3800809e-23
   1.7014295e+03   1.3827399e-23
   1.7053530e+03   1.3854061e-23
   1.7092855e+03   1.3880794e-23
   1.7132272e+03   1.3907600e-23
   1.7171779e+03   1.3934477e-23
   1.7211377e+03   1.3961427e-23
   1.7251067e+03   1.3988448e-23
   1.7290848e+03   1.4015543e-23
   1.7330721e+03   1.4042709e-23
   1.7370685e+03   1.4069949e-23
   1.7410742e+03   1.4097262e-23
   1.7450892e+03   1.4124647e-23
   1.7491133e+03   1.4152106e-23
   1.7531468e+03   1.4179638e-23
   1.7571896e+03   1.4207244e-23
   1.7612417e+03   1.4234924e-23
   1.7653031e+03   1.4262677e-23
   1.7693739e+03   1.4290504e-23
   1.7734541e+03   1.4318406e-23
   1.7775437e+03   1.4346382e-23
   1.7816427e+03   1.4374432e-23
   1.7857512e+03   1.4402557e-23
   1.7898692e+03   1.4430757e-23
   1.7939966e+03   1.4459032e-23
   1.7981336e+03   1.4487382e-23
   1.8022801e+03   1.4515807e-23
   1.8064362e+03   1.4544308e-23
   1.8106018e+03   1.4572884e-23
   1.8147771e+03   1.4601536e-23
   1.8189620e+03   1.4630264e-23
   1.8231565e+03   1.4659069e-23
   1.8273607e+03   1.4687949e-23
   1.8315746e+03   1.4716906e-23
   1.8357983e+03   1.4745939e-23
   1.8400316e+03   1.4775049e-23
   1.8442748e+03   1.4804236e-23
   1.8485277e+03   1.4833500e-23
   1.8527904e+03   1.4862842e-23
   1.8570629e+03   1.4892261e-23
   1.8613453e+03   1.4921757e-23
   1.8656376e+03   1.4951331e-23
   1.8699398e+03   1.4980983e-23
   1.8742519e+03   1.5010713e-23
   1.8785739e+03   1.5040521e-23
   1.8829059e+03   1.5070408e-23
   1.8872479e+03   1.5100374e-23
   1.8915999e+03   1.5130418e-23
   1.8959620e+03   1.5160541e-23
   1.9003341e+03   1.5190743e-23
   1.9047163e+03   1.5221025e-23
   1.9091086e+03   1.5251387e-23
   1.9135110e+03   1.5281832e-23
   1.9179235e+03   1.5312382e-23
   1.9223463e+03   1.5343724e-23
   1.9267792e+03   1.5373642e-23
   1.9312224e+03   1.5404389e-23
   1.9356758e+03   1.5435227e-23
   1.9401395e+03   1.5466147e-23
   1.9446135e+03   1.5497149e-23
   1.9490978e+03   1.5528232e-23
   1.9535924e+03   1.5559396e-23
   1.9580974e+03   1.5590641e-23
   1.9626128e+03   1.5621968e-23
   1.9671386e+03   1.5653376e-23
   1.9716748e+03   1.5684867e-23
   1.9762215e+03   1.5716439e-23
   1.9807787e+03   1.5748093e-23
   1.9853464e+03   1.5779830e-23
   1.9899246e+03   1.5811650e-23
   1.9945134e+03   1.5843552e-23
   1.9991128e+03   1.5875537e-23
   2.0037227e+03   1.5907605e-23
   2.0083433e+03   1.5939756e-23
   2.0129746e+03   1.5971991e-23
   2.0176165e+03   1.6004309e-23
   2.0222692e+03   1.6036711e-23
   2.0269325e+03   1.6069197e-23
   2.0316067e+03   1.6101767e-23
   2.0362916e+03   1.6134421e-23
   2.0409873e+03   1.6167160e-23
   2.0456938e+03   1.6199984e-23
   2.0504112e+03   1.6232892e-23
   2.0551394e+03   1.6265885e-23
   2.0598786e+03   1.6298964e-23
   2.0646287e+03   1.6332128e-23
   2.0693898e+03   1.6365378e-23
   2.0741618e+03   1.6398713e-23
   2.0789448e+03   1.6432134e-23
   2.0837389e+03   1.6465642e-23
   2.0885440e+03   1.6499235e-23
   2.0933602e+03   1.6532916e-23
   2.0981875e+03   1.6566683e-23
   2.1030259e+03   1.6600536e-23
   2.1078755e+03   1.6634477e-23
   2.1127363e+03   1.6668505e-23
   2.1176083e+03   1.6702621e-23
   2.1224915e+03   1.6736824e-23
   2.1273860e+03   1.6771115e-23
   2.1322918e+03   1.6805494e-23
   2.1372088e+03   1.6839961e-23
   2.1421373e+03   1.6874517e-23
   2.1470771e+03   1.6909161e-23
   2.1520282e+03   1.6943893e-23
   2.1569908e+03   1.6978715e-23
   2.1619649e+03   1.7013626e-23
   2.1669504e+03   1.7048626e-23
   2.1719474e+03   1.7083716e-23
   2.1769559e+03   1.7118895e-23
   2.1819760e+03   1.7154165e-23
   2.1870076e+03   1.7189524e-23
   2.1920509e+03   1.7224974e-23
   2.1971058e+03   1.7260514e-23
   2.2021723e+03   1.7296145e-23
   2.2072505e+03   1.7331867e-23
   2.2123405e+03   1.7367679e-23
   2.2174421e+03   1.7403583e-23
   2.2225556e+03   1.7439579e-23
   2.2276808e+03   1.7475666e-23
   2.2328179e+03   1.7511845e-23
   2.2379668e+03   1.7548116e-23
   2.2431275e+03   1.7584480e-23
   2.2483002e+03   1.7620935e-23
   2.2534848e+03   1.7657484e-23
   2.2586814e+03   1.7694125e-23
   2.2638899e+03   1.7730859e-23
   2.2691104e+03   1.7767687e-23
   2.2743430e+03   1.7804608e-23
   2.2795877e+03   1.7841623e-23
   2.2848444e+03   1.7878731e-23
   2.2901133e+03   1.7915934e-23
   2.2953943e+03   1.7953230e-23
   2.3006875e+03   1.7990622e-23
   2.3059929e+03   1.8028108e-23
   2.3113105e+03   1.8065688e-23
   2.3166404e+03   1.8103364e-23
   2.3219826e+03   1.8141136e-23
   2.3273371e+03   1.8179002e-23
   2.3327040e+03   1.8216964e-23
   2.3380832e+03   1.8255023e-23
   2.3434749e+03   1.8293177e-23
   2.3488789e+03   1.8331428e-23
   2.3542955e+03   1.8369775e-23
   2.3597245e+03   1.8408219e-23
   2.3651660e+03   1.8446760e-23
   2.3706201e+03   1.8485397e-23
   2.3760868e+03   1.8524133e-23
   2.3815661e+03   1.8562966e-23
   2.3870580e+03   1.8601897e-23
   2.3925626e+03   1.8640927e-23
   2.3980798e+03   1.8680064e-23
   2.4036098e+03   1.8719341e-23
   2.4091526e+03   1.8758604e-23
   2.4147081e+03   1.8798024e-23
   2.4202764e+03   1.8837545e-23
   2.4258576e+03   1.8877166e-23
   2.4314516e+03   1.8916887e-23
   2.4370586e+03   1.8956707e-23
   2.4426785e+03   1.8996627e-23
   2.4483113e+03   1.9036647e-23
   2.4539571e+03   1.9076767e-23
   2.4596160e+03   1.9116989e-23
   2.4652879e+03   1.9157310e-23
   2.4709728e+03   1.9197733e-23
   2.4766709e+03   1.9238257e-23
   2.4823821e+03   1.9278883e-23
   2.4881065e+03   1.9319610e-23
   2.4938441e+03   1.9360439e-23
   2.4995949e+03   1.9401370e-23
   2.5053590e+03   1.9442404e-23
   2.5111364e+03   1.9483540e-23
   2.5169271e+03   1.9524778e-23
   2.5227312e+03   1.9566120e-23
   2.5285486e+03   1.9607565e-23
   2.5343794e+03   1.9649114e-23
   2.5402237e+03   1.9690766e-23
   2.5460815e+03   1.9732522e-23
   2.5519528e+03   1.9774382e-23
   2.5578376e+03   1.9816346e-23
   2.5637360e+03   1.9858415e-23
   2.5696480e+03   1.9900589e-23
   2.5755736e+03   1.9942867e-23
   2.5815129e+03   1.9985251e-23
   2.5874659e+03   2.0027741e-23
   2.5934326e+03   2.0070336e-23
   2.5994131e+03   2.0113037e-23
   2.6054074e+03   2.0155844e-23
   2.6114155e+03   2.0198758e-23
   2.6174374e+03   2.0241778e-23
   2.6234732e+03   2.0284905e-23
   2.6295230e+03   2.0328139e-23
   2.6355867e+03   2.0371481e-23
   2.6416644e+03   2.0414930e-23
   2.6477561e+03   2.0458487e-23
   2.6538618e+03   2.0502151e-23
   2.6599816e+03   2.0545925e-23
   2.6661156e+03   2.0589806e-23
   2.6722637e+03   2.0633797e-23
   2.6784259e+03   2.0677896e-23
   2.6846024e+03   2.0722104e-23
   2.6907931e+03   2.0766422e-23
   2.6969981e+03   2.0810850e-23
   2.7032174e+03   2.0855388e-23
   2.7094510e+03   2.0900035e-23
   2.7156991e+03   2.0944793e-23
   2.7219615e+03   2.0989662e-23
   2.7282383e+03   2.1034642e-23
   2.7345297e+03   2.1079733e-23
   2.7408355e+03   2.1124935e-23
   2.7471559e+03   2.1170249e-23
   2.7534909e+03   2.1215674e-23
   2.7598405e+03   2.1261212e-23
   2.7662047e+03   2.1306862e-23
   2.7725836e+03   2.1352625e-23
   2.7789772e+03   2.1398500e-23
   2.7853855e+03   2.1444489e-23
   2.7918086e+03   2.1490590e-23
   2.7982465e+03   2.1536806e-23
   2.8046993e+03   2.1583135e-23
   2.8111670e+03   2.1629578e-23
   2.8176496e+03   2.1676136e-23
   2.8241471e+03   2.1722808e-23
   2.8306596e+03   2.1769595e-23
   2.8371871e+03   2.1816498e-23
   2.8437297e+03   2.1863515e-23
   2.8502873e+03   2.1910648e-23
   2.8568601e+03   2.1957897e-23
   2.8634481e+03   2.2005262e-23
   2.8700512e+03   2.2052744e-23
   2.8766696e+03   2.2100344e-23
   2.8833032e+03   2.2148137e-23
   2.8899521e+03   2.2195889e-23
   2.8966164e+03   2.2243837e-23
   2.9032960e+03   2.2291904e-23
   2.9099910e+03   2.2340088e-23
   2.9167015e+03   2.2388391e-23
   2.9234274e+03   2.2436813e-23
   2.9301688e+03   2.2485352e-23
   2.9369258e+03   2.2534011e-23
   2.9436984e+03   2.2582789e-23
   2.9504866e+03   2.2631687e-23
   2.9572904e+03   2.2680704e-23
   2.9641100e+03   2.2729841e-23
   2.9709452e+03   2.2779098e-23
   2.9777963e+03   2.2828476e-23
   2.9846631e+03   2.2877974e-23
   2.9915457e+03   2.2927594e-23
   2.9984443e+03   2.2977335e-23
   3.0053587e+03   2.3027197e-23
   3.0122891e+03   2.3077181e-23
   3.0192354e+03   2.3127288e-23
   3.0261978e+03   2.3177516e-23
   3.0331763e+03   2.3227868e-23
   3.0401708e+03   2.3278342e-23
   3.0471814e+03   2.3328939e-23
   3.0542083e+03   2.3379660e-23
   3.0612513e+03   2.3430504e-23
   3.0683106e+03   2.3481473e-23
   3.0753861e+03   2.3532565e-23
   3.0824780e+03   2.3583783e-23
   3.0895862e+03   2.3635125e-23
   3.0967108e+03   2.3686592e-23
   3.1038518e+03   2.3738184e-23
   3.1110093e+03   2.3789902e-23
   3.1181833e+03   2.3841746e-23
   3.1253739e+03   2.3893716e-23
   3.1325810e+03   2.3945813e-23
   3.1398048e+03   2.3998036e-23
   3.1470452e+03   2.4050386e-23
   3.1543023e+03   2.4102864e-23
   3.1615762e+03   2.4155469e-23
   3.1688668e+03   2.4208202e-23
   3.1761742e+03   2.4261063e-23
   3.1834985e+03   2.4314053e-23
   3.1908397e+03   2.4367171e-23
   3.1981978e+03   2.4420419e-23
   3.2055728e+03   2.4473795e-23
   3.2129649e+03   2.4527301e-23
   3.2203740e+03   2.4580937e-23
   3.2278002e+03   2.4634703e-23
   3.2352436e+03   2.4688600e-23
   3.2427041e+03   2.4742627e-23
   3.2501818e+03   2.4796785e-23
   3.2576767e+03   2.4851075e-23
   3.2651889e+03   2.4905496e-23
   3.2727185e+03   2.4960049e-23
   3.2802654e+03   2.5014734e-23
   3.2878297e+03   2.5069552e-23
   3.2954115e+03   2.5124502e-23
   3.3030107e+03   2.5179585e-23
   3.3106275e+03   2.5234802e-23
   3.3182618e+03   2.5290152e-23
   3.3259138e+03   2.5345636e-23
   3.3335833e+03   2.5401255e-23
   3.3412706e+03   2.5457008e-23
   3.3489756e+03   2.5512895e-23
   3.3566984e+03   2.5568919e-23
   3.3644389e+03   2.5625089e-23
   3.3721974e+03   2.5681371e-23
   3.3799737e+03   2.5737800e-23
   3.3877679e+03   2.5794366e-23
   3.3955801e+03   2.5851069e-23
   3.4034104e+03   2.5907909e-23
   3.4112587e+03   2.5964886e-23
   3.4191251e+03   2.6022000e-23
   3.4270096e+03   2.6079253e-23
   3.4349123e+03   2.6136643e-23
   3.4428332e+03   2.6194172e-23
   3.4507724e+03   2.6251840e-23
   3.4587299e+03   2.6309646e-23
   3.4667058e+03   2.6367592e-23
   3.4747000e+03   2.6425678e-23
   3.4827127e+03   2.6483904e-23
   3.4907439e+03   2.6542270e-23
   3.4987936e+03   2.6600776e-23
   3.5068618e+03   2.6659424e-23
   3.5149487e+03   2.6718213e-23
   3.5230542e+03   2.6777143e-23
   3.5311784e+03   2.6836215e-23
   3.5393213e+03   2.6895429e-23
   3.5474830e+03   2.6954786e-23
   3.5556635e+03   2.7014285e-23
   3.5638629e+03   2.7073928e-23
   3.5720812e+03   2.7133714e-23
   3.5803184e+03   2.7193644e-23
   3.5885747e+03   2.7253718e-23
   3.5968500e+03   2.7313936e-23
   3.6051443e+03   2.7374299e-23
   3.6134578e+03   2.7434807e-23
   3.6217905e+03   2.7495461e-23
   3.6301424e+03   2.7556260e-23
   3.6385135e+03   2.7617205e-23
   3.6469039e+03   2.7678296e-23
   3.6553137e+03   2.7739534e-23
   3.6637429e+03   2.7800920e-23
   3.6721915e+03   2.7862452e-23
   3.6806596e+03   2.7924132e-23
   3.6891472e+03   2.7985960e-23
   3.6976544e+03   2.8047936e-23
   3.7061813e+03   2.8110061e-23
   3.7147277e+03   2.8172335e-23
   3.7232939e+03   2.8234758e-23
   3.7318799e+03   2.8297331e-23
   3.7404856e+03   2.8360054e-23
   3.7491112e+03   2.8422927e-23
   3.7577567e+03   2.8485950e-23
   3.7664221e+03   2.8549125e-23
   3.7751075e+03   2.8612451e-23
   3.7838129e+03   2.8675928e-23
   3.7925384e+03   2.8739558e-23
   3.8012841e+03   2.8803340e-23
   3.8100498e+03   2.8867274e-23
   3.8188359e+03   2.8931361e-23
   3.8276421e+03   2.8995602e-23
   3.8364687e+03   2.9059997e-23
   3.8453156e+03   2.9124549e-23
   3.8541829e+03   2.9189248e-23
   3.8630707e+03   2.9254105e-23
   3.8719790e+03   2.9319118e-23
   3.8809078e+03   2.9384286e-23
   3.8898572e+03   2.9449610e-23
   3.8988272e+03   2.9515089e-23
   3.9078180e+03   2.9580726e-23
   3.9168294e+03   2.9646519e-23
   3.9258617e+03   2.9712469e-23
   3.9349147e+03   2.9778576e-23
   3.9439887e+03   2.9844842e-23
   3.9530835e+03   2.9911266e-23
   3.9621994e+03   2.9977848e-23
   3.9713362e+03   3.0044589e-23
   3.9804942e+03   3.0111489e-23
   3.9896732e+03   3.0178549e-23
   3.9988734e+03   3.0245769e-23
   4.0080949e+03   3.0313150e-23
   4.0173376e+03   3.0380690e-23
   4.0266016e+03   3.0448393e-23
   4.0358870e+03   3.0516256e-23
   4.0451937e+03   3.0584281e-23
   4.0545220e+03   3.0652468e-23
   4.0638718e+03   3.0720818e-23
   4.0732431e+03   3.0789331e-23
   4.0826360e+03   3.0858007e-23
   4.0920506e+03   3.0926846e-23
   4.1014869e+03   3.0995850e-23
   4.1109450e+03   3.1065017e-23
   4.1204248e+03   3.1134350e-23
   4.1299266e+03   3.1203847e-23
   4.1394502e+03   3.1273510e-23
   4.1489958e+03   3.1343339e-23
   4.1585634e+03   3.1413334e-23
   4.1681531e+03   3.1483495e-23
   4.1777649e+03   3.1553824e-23
   4.1873988e+03   3.1624319e-23
   4.1970550e+03   3.1694982e-23
   4.2067335e+03   3.1765814e-23
   4.2164342e+03   3.1836813e-23
   4.2261574e+03   3.1907982e-23
   4.2359029e+03   3.1979320e-23
   4.2456709e+03   3.2050827e-23
   4.2554615e+03   3.2122504e-23
   4.2652746e+03   3.2194351e-23
   4.2751104e+03   3.2266370e-23
   4.2849688e+03   3.2338559e-23
   4.2948500e+03   3.2410919e-23
   4.3047539e+03   3.2483452e-23
   4.3146807e+03   3.2556157e-23
   4.3246304e+03   3.2629044e-23
   4.3346030e+03   3.2702085e-23
   4.3445987e+03   3.2775308e-23
   4.3546173e+03   3.2848706e-23
   4.3646591e+03   3.2922278e-23
   4.3747241e+03   3.2996024e-23
   4.3848122e+03   3.3069945e-23
   4.3949236e+03   3.3144042e-23
   4.4050583e+03   3.3218314e-23
   4.4152164e+03   3.3292763e-23
   4.4253980e+03   3.3367388e-23
   4.4356030e+03   3.3442189e-23
   4.4458315e+03   3.3517169e-23
   4.4560836e+03   3.3592326e-23
   4.4663594e+03   3.3667661e-23
   4.4766588e+03   3.3743175e-23
   4.4869821e+03   3.3818867e-23
   4.4973291e+03   3.3894739e-23
   4.5076999e+03   3.3970791e-23
   4.5180947e+03   3.4047022e-23
   4.5285135e+03   3.4123435e-23
   4.5389563e+03   3.4200028e-23
   4.5494231e+03   3.4276803e-23
   4.5599142e+03   3.4353759e-23
   4.5704294e+03   3.4430897e-23
   4.5809688e+03   3.4508219e-23
   4.5915325e+03   3.4585723e-23
   4.6021207e+03   3.4663410e-23
   4.6127332e+03   3.4741282e-23
   4.6233702e+03   3.4819337e-23
   4.6340317e+03   3.4897577e-23
   4.6447178e+03   3.4976003e-23
   4.6554286e+03   3.5054614e-23
   4.6661640e+03   3.5133410e-23
   4.6769242e+03   3.5212393e-23
   4.6877093e+03   3.5291563e-23
   4.6985192e+03   3.5370920e-23
   4.7093540e+03   3.5450464e-23
   4.7202138e+03   3.5530197e-23
   4.7310986e+03   3.5610118e-23
   4.7420086e+03   3.5690227e-23
   4.7529437e+03   3.5770527e-23
   4.7639040e+03   3.5851015e-23
   4.7748896e+03   3.5931694e-23
   4.7859005e+03   3.6012563e-23
   4.7969369e+03   3.6093624e-23
   4.8079986e+03   3.6174876e-23
   4.8190859e+03   3.6256319e-23
   4.8301988e+03   3.6337955e-23
   4.8413372e+03   3.6419784e-23
   4.8525014e+03   3.6501805e-23
   4.8636913e+03   3.6584021e-23
   4.8749070e+03   3.6666430e-23
   4.8861486e+03   3.6749034e-23
   4.8974161e+03   3.6831833e-23
   4.9087096e+03   3.6914827e-23
   4.9200291e+03   3.6998017e-23
   4.9313747e+03   3.7081403e-23
   4.9427465e+03   3.7164986e-23
   4.9541445e+03   3.7248766e-23
   4.9655688e+03   3.7332743e-23
   4.9770194e+03   3.7416918e-23
   4.9884965e+03   3.7501292e-23
   5.0000000e+03   3.7585865e-23
