   5.0000000e+00   1.6464240e-20
   5.0115300e+00   1.6046317e-20
   5.0230867e+00   1.5640696e-20
   5.0346699e+00   1.5247317e-20
   5.0462799e+00   1.4866264e-20
   5.0579167e+00   1.4497375e-20
   5.0695803e+00   1.4135512e-20
   5.0812708e+00   1.3754790e-20
   5.0929882e+00   1.3367119e-20
   5.1047327e+00   1.3027474e-20
   5.1165042e+00   1.2708086e-20
   5.1283029e+00   1.2396187e-20
   5.1401288e+00   1.2091247e-20
   5.1519820e+00   1.1793525e-20
   5.1638625e+00   1.1503152e-20
   5.1757704e+00   1.1220139e-20
   5.1877058e+00   1.0944411e-20
   5.1996687e+00   1.0675845e-20
   5.2116592e+00   1.0414291e-20
   5.2236773e+00   1.0159585e-20
   5.2357231e+00   9.9115599e-21
   5.2477968e+00   9.6700420e-21
   5.2598982e+00   9.4348596e-21
   5.2720276e+00   9.2058420e-21
   5.2841849e+00   8.9828213e-21
   5.2963703e+00   8.7656332e-21
   5.3085838e+00   8.5541167e-21
   5.3208254e+00   8.3481152e-21
   5.3330953e+00   8.1474757e-21
   5.3453934e+00   7.9520497e-21
   5.3577199e+00   7.7616924e-21
   5.3700749e+00   7.5762633e-21
   5.3824583e+00   7.3956260e-21
   5.3948703e+00   7.2196479e-21
   5.4073109e+00   7.0482002e-21
   5.4197802e+00   6.8811578e-21
   5.4322783e+00   6.7183995e-21
   5.4448051e+00   6.5598075e-21
   5.4573609e+00   6.4052676e-21
   5.4699456e+00   6.2546687e-21
   5.4825594e+00   6.1079031e-21
   5.4952022e+00   5.9648665e-21
   5.5078742e+00   5.8254573e-21
   5.5205754e+00   5.6895770e-21
   5.5333058e+00   5.5571302e-21
   5.5460657e+00   5.4280240e-21
   5.5588550e+00   5.3021684e-21
   5.5716737e+00   5.1794760e-21
   5.5845220e+00   5.0598619e-21
   5.5974000e+00   4.9432437e-21
   5.6103076e+00   4.8295413e-21
   5.6232451e+00   4.7186772e-21
   5.6362123e+00   4.6105759e-21
   5.6492094e+00   4.5051641e-21
   5.6622366e+00   4.4023707e-21
   5.6752937e+00   4.3021265e-21
   5.6883810e+00   4.2043645e-21
   5.7014985e+00   4.1090194e-21
   5.7146461e+00   4.0160280e-21
   5.7278242e+00   3.9253286e-21
   5.7410326e+00   3.8368615e-21
   5.7542714e+00   3.7505686e-21
   5.7675408e+00   3.6663935e-21
   5.7808408e+00   3.5842812e-21
   5.7941715e+00   3.5041786e-21
   5.8075329e+00   3.4260338e-21
   5.8209251e+00   3.3497965e-21
   5.8343482e+00   3.2754176e-21
   5.8478023e+00   3.2028497e-21
   5.8612873e+00   3.1320464e-21
   5.8748035e+00   3.0629628e-21
   5.8883508e+00   2.9955552e-21
   5.9019294e+00   2.9297810e-21
   5.9155393e+00   2.8655989e-21
   5.9291806e+00   2.8029688e-21
   5.9428533e+00   2.7418514e-21
   5.9565576e+00   2.6822088e-21
   5.9702935e+00   2.6240040e-21
   5.9840610e+00   2.5672010e-21
   5.9978603e+00   2.5117648e-21
   6.0116914e+00   2.4576613e-21
   6.0255544e+00   2.4048575e-21
   6.0394494e+00   2.3533210e-21
   6.0533764e+00   2.3030205e-21
   6.0673355e+00   2.2539255e-21
   6.0813269e+00   2.2060062e-21
   6.0953505e+00   2.1592338e-21
   6.1094064e+00   2.1135801e-21
   6.1234947e+00   2.0690178e-21
   6.1376155e+00   2.0255201e-21
   6.1517689e+00   1.9830611e-21
   6.1659550e+00   1.9416156e-21
   6.1801737e+00   1.9011589e-21
   6.1944252e+00   1.8616670e-21
   6.2087096e+00   1.8231167e-21
   6.2230269e+00   1.7854853e-21
   6.2373773e+00   1.7487506e-21
   6.2517607e+00   1.7128910e-21
   6.2661773e+00   1.6778856e-21
   6.2806272e+00   1.6437139e-21
   6.2951104e+00   1.6103561e-21
   6.3096269e+00   1.5777927e-21
   6.3241770e+00   1.5460048e-21
   6.3387606e+00   1.5149740e-21
   6.3533778e+00   1.4846824e-21
   6.3680288e+00   1.4551125e-21
   6.3827135e+00   1.4262472e-21
   6.3974321e+00   1.3980700e-21
   6.4121846e+00   1.3705646e-21
   6.4269711e+00   1.3437153e-21
   6.4417918e+00   1.3175068e-21
   6.4566466e+00   1.2919239e-21
   6.4715357e+00   1.2669521e-21
   6.4864591e+00   1.2425771e-21
   6.5014169e+00   1.2187852e-21
   6.5164092e+00   1.1955626e-21
   6.5314361e+00   1.1728962e-21
   6.5464977e+00   1.1507731e-21
   6.5615939e+00   1.1291807e-21
   6.5767250e+00   1.1081069e-21
   6.5918910e+00   1.0875395e-21
   6.6070920e+00   1.0674670e-21
   6.6223280e+00   1.0478780e-21
   6.6375991e+00   1.0287614e-21
   6.6529055e+00   1.0101062e-21
   6.6682471e+00   9.9190211e-22
   6.6836241e+00   9.7413862e-22
   6.6990366e+00   9.5680571e-22
   6.7144846e+00   9.3989356e-22
   6.7299683e+00   9.2339257e-22
   6.7454877e+00   9.0729338e-22
   6.7610428e+00   8.9158686e-22
   6.7766338e+00   8.7626407e-22
   6.7922608e+00   8.6131632e-22
   6.8079238e+00   8.4673509e-22
   6.8236229e+00   8.3251209e-22
   6.8393582e+00   8.1863921e-22
   6.8551299e+00   8.0510853e-22
   6.8709378e+00   7.9191232e-22
   6.8867823e+00   7.7904304e-22
   6.9026632e+00   7.6649331e-22
   6.9185808e+00   7.5425594e-22
   6.9345351e+00   7.4232390e-22
   6.9505262e+00   7.3069032e-22
   6.9665542e+00   7.1934851e-22
   6.9826191e+00   7.0829191e-22
   6.9987211e+00   6.9751414e-22
   7.0148602e+00   6.8700895e-22
   7.0310365e+00   6.7677026e-22
   7.0472502e+00   6.6679211e-22
   7.0635012e+00   6.5706870e-22
   7.0797897e+00   6.4759436e-22
   7.0961157e+00   6.3836356e-22
   7.1124794e+00   6.2937090e-22
   7.1288808e+00   6.2061112e-22
   7.1453201e+00   6.1207906e-22
   7.1617972e+00   6.0376974e-22
   7.1783124e+00   5.9567824e-22
   7.1948656e+00   5.8779983e-22
   7.2114571e+00   5.8012984e-22
   7.2280867e+00   5.7266376e-22
   7.2447548e+00   5.6539719e-22
   7.2614612e+00   5.5832583e-22
   7.2782062e+00   5.5144552e-22
   7.2949898e+00   5.4475220e-22
   7.3118121e+00   5.3824193e-22
   7.3286732e+00   5.3191086e-22
   7.3455732e+00   5.2575530e-22
   7.3625121e+00   5.1977163e-22
   7.3794901e+00   5.1395636e-22
   7.3965073e+00   5.0830610e-22
   7.4135637e+00   5.0281758e-22
   7.4306594e+00   4.9748764e-22
   7.4477946e+00   4.9231324e-22
   7.4649693e+00   4.8729142e-22
   7.4821835e+00   4.8241937e-22
   7.4994375e+00   4.7769438e-22
   7.5167313e+00   4.7311384e-22
   7.5340649e+00   4.6867528e-22
   7.5514385e+00   4.6437633e-22
   7.5688522e+00   4.6021473e-22
   7.5863060e+00   4.5618837e-22
   7.6038001e+00   4.5229524e-22
   7.6213345e+00   4.4853346e-22
   7.6389094e+00   4.4490127e-22
   7.6565248e+00   4.4139706e-22
   7.6741808e+00   4.3801934e-22
   7.6918775e+00   4.3476676e-22
   7.7096150e+00   4.3163812e-22
   7.7273934e+00   4.2863234e-22
   7.7452129e+00   4.2574854e-22
   7.7630734e+00   4.2298596e-22
   7.7809751e+00   4.2034402e-22
   7.7989181e+00   4.1782230e-22
   7.8169025e+00   4.1542059e-22
   7.8349283e+00   4.1313883e-22
   7.8529957e+00   4.1097719e-22
   7.8711048e+00   4.0893604e-22
   7.8892556e+00   4.0701596e-22
   7.9074483e+00   4.0521778e-22
   7.9256829e+00   4.0354259e-22
   7.9439596e+00   4.0199172e-22
   7.9622784e+00   4.0056681e-22
   7.9806395e+00   3.9926978e-22
   7.9990429e+00   3.9810291e-22
   8.0174888e+00   3.9706881e-22
   8.0359772e+00   3.9617049e-22
   8.0545082e+00   3.9541135e-22
   8.0730819e+00   3.9479526e-22
   8.0916985e+00   3.9432657e-22
   8.1103581e+00   3.9401017e-22
   8.1290606e+00   3.9385153e-22
   8.1478063e+00   3.9385677e-22
   8.1665952e+00   3.9403271e-22
   8.1854274e+00   3.9438693e-22
   8.2043031e+00   3.9492791e-22
   8.2232223e+00   3.9566506e-22
   8.2421851e+00   3.9660884e-22
   8.2611916e+00   3.9777093e-22
   8.2802420e+00   3.9916431e-22
   8.2993363e+00   4.0080346e-22
   8.3184746e+00   4.0270455e-22
   8.3376571e+00   4.0488562e-22
   8.3568838e+00   4.0736688e-22
   8.3761548e+00   4.1017096e-22
   8.3954703e+00   4.1332329e-22
   8.4148303e+00   4.1685251e-22
   8.4342350e+00   4.2079090e-22
   8.4536844e+00   4.2517503e-22
   8.4731786e+00   4.3004638e-22
   8.4927179e+00   4.3545216e-22
   8.5123021e+00   4.4144637e-22
   8.5319316e+00   4.4809090e-22
   8.5516063e+00   4.5545707e-22
   8.5713263e+00   4.6362741e-22
   8.5910919e+00   4.7269791e-22
   8.6109030e+00   4.8278083e-22
   8.6307598e+00   4.9400822e-22
   8.6506624e+00   5.0653642e-22
   8.6706109e+00   5.2055169e-22
   8.6906054e+00   5.3627849e-22
   8.7106460e+00   5.5398824e-22
   8.7307328e+00   5.7401346e-22
   8.7508660e+00   5.9676539e-22
   8.7710455e+00   6.2275883e-22
   8.7912716e+00   6.5264673e-22
   8.8115444e+00   6.8726989e-22
   8.8318638e+00   7.2772965e-22
   8.8522302e+00   7.7549721e-22
   8.8726435e+00   8.3258317e-22
   8.8931039e+00   9.0180964e-22
   8.9136114e+00   9.8726565e-22
   8.9341663e+00   1.0951081e-21
   8.9547686e+00   1.2350582e-21
   8.9754183e+00   1.4234171e-21
   8.9961157e+00   1.6897657e-21
   9.0168608e+00   2.0939418e-21
   9.0376538e+00   2.7779942e-21
   9.0584947e+00   4.1811228e-21
   9.0793836e+00   8.6674374e-21
   9.1003208e+00   8.9941408e-20
   9.1213062e+00   7.1513234e-21
   9.1423400e+00   3.7048199e-21
   9.1634223e+00   2.5028118e-21
   9.1845532e+00   1.9075587e-21
   9.2057328e+00   1.5846969e-21
   9.2269613e+00   1.4758224e-21
   9.2482388e+00   1.8908612e-21
   9.2695653e+00   3.9194442e-20
   9.2909410e+00   1.7575729e-21
   9.3123660e+00   1.0572040e-21
   9.3338403e+00   8.3252193e-22
   9.3553642e+00   7.1343210e-22
   9.3769378e+00   6.3463739e-22
   9.3985611e+00   5.7629770e-22
   9.4202342e+00   5.3030138e-22
   9.4419574e+00   4.9261697e-22
   9.4637306e+00   4.6094697e-22
   9.4855540e+00   4.3384738e-22
   9.5074278e+00   4.1034342e-22
   9.5293520e+00   3.8974122e-22
   9.5513267e+00   3.7152668e-22
   9.5733522e+00   3.5530695e-22
   9.5954284e+00   3.4077438e-22
   9.6175555e+00   3.2768335e-22
   9.6397337e+00   3.1583455e-22
   9.6619630e+00   3.0506414e-22
   9.6842435e+00   2.9523585e-22
   9.7065755e+00   2.8623522e-22
   9.7289589e+00   2.7796535e-22
   9.7513940e+00   2.7034356e-22
   9.7738808e+00   2.6329885e-22
   9.7964194e+00   2.5676988e-22
   9.8190100e+00   2.5070338e-22
   9.8416527e+00   2.4505289e-22
   9.8643477e+00   2.3977767e-22
   9.8870949e+00   2.3484188e-22
   9.9098946e+00   2.3021388e-22
   9.9327469e+00   2.2586563e-22
   9.9556519e+00   2.2177221e-22
   9.9786097e+00   2.1791139e-22
   1.0001620e+01   2.1426354e-22
   1.0024684e+01   2.1081202e-22
   1.0047801e+01   2.0753776e-22
   1.0070972e+01   2.0442738e-22
   1.0094195e+01   2.0146868e-22
   1.0117473e+01   1.9865036e-22
   1.0140804e+01   1.9596152e-22
   1.0164188e+01   1.9339234e-22
   1.0187627e+01   1.9093390e-22
   1.0211120e+01   1.8857813e-22
   1.0234667e+01   1.8631803e-22
   1.0258268e+01   1.8414691e-22
   1.0281924e+01   1.8205858e-22
   1.0305634e+01   1.8004740e-22
   1.0329399e+01   1.7810841e-22
   1.0353218e+01   1.7623694e-22
   1.0377093e+01   1.7442861e-22
   1.0401023e+01   1.7267940e-22
   1.0425007e+01   1.7098571e-22
   1.0449048e+01   1.6934422e-22
   1.0473143e+01   1.6775176e-22
   1.0497294e+01   1.6620542e-22
   1.0521501e+01   1.6470254e-22
   1.0545764e+01   1.6324071e-22
   1.0570082e+01   1.6181760e-22
   1.0594457e+01   1.6043107e-22
   1.0618888e+01   1.5907913e-22
   1.0643375e+01   1.5776000e-22
   1.0667919e+01   1.5647193e-22
   1.0692519e+01   1.5521333e-22
   1.0717176e+01   1.5398270e-22
   1.0741890e+01   1.5277869e-22
   1.0766661e+01   1.5159999e-22
   1.0791489e+01   1.5044538e-22
   1.0816374e+01   1.4931372e-22
   1.0841317e+01   1.4820398e-22
   1.0866317e+01   1.4711515e-22
   1.0891375e+01   1.4604630e-22
   1.0916491e+01   1.4499656e-22
   1.0941664e+01   1.4396511e-22
   1.0966896e+01   1.4295118e-22
   1.0992185e+01   1.4195405e-22
   1.1017533e+01   1.4097304e-22
   1.1042940e+01   1.4000750e-22
   1.1068405e+01   1.3905684e-22
   1.1093929e+01   1.3812048e-22
   1.1119512e+01   1.3719789e-22
   1.1145153e+01   1.3628856e-22
   1.1170854e+01   1.3539202e-22
   1.1196614e+01   1.3450781e-22
   1.1222434e+01   1.3363550e-22
   1.1248313e+01   1.3277469e-22
   1.1274251e+01   1.3192501e-22
   1.1300250e+01   1.3108607e-22
   1.1326308e+01   1.3025755e-22
   1.1352427e+01   1.2943912e-22
   1.1378606e+01   1.2863046e-22
   1.1404845e+01   1.2783129e-22
   1.1431144e+01   1.2704131e-22
   1.1457505e+01   1.2626028e-22
   1.1483926e+01   1.2548793e-22
   1.1510408e+01   1.2472402e-22
   1.1536951e+01   1.2396833e-22
   1.1563555e+01   1.2322063e-22
   1.1590221e+01   1.2248073e-22
   1.1616948e+01   1.2174841e-22
   1.1643737e+01   1.2102349e-22
   1.1670587e+01   1.2030579e-22
   1.1697500e+01   1.1959513e-22
   1.1724474e+01   1.1889136e-22
   1.1751511e+01   1.1819430e-22
   1.1778610e+01   1.1750381e-22
   1.1805772e+01   1.1681974e-22
   1.1832996e+01   1.1614195e-22
   1.1860283e+01   1.1547031e-22
   1.1887633e+01   1.1480469e-22
   1.1915046e+01   1.1414497e-22
   1.1942522e+01   1.1349102e-22
   1.1970061e+01   1.1284273e-22
   1.1997664e+01   1.1219999e-22
   1.2025331e+01   1.1156270e-22
   1.2053062e+01   1.1093075e-22
   1.2080856e+01   1.1030405e-22
   1.2108715e+01   1.0968249e-22
   1.2136637e+01   1.0906599e-22
   1.2164625e+01   1.0845447e-22
   1.2192676e+01   1.0784783e-22
   1.2220793e+01   1.0724598e-22
   1.2248974e+01   1.0664886e-22
   1.2277220e+01   1.0605639e-22
   1.2305532e+01   1.0546848e-22
   1.2333908e+01   1.0488507e-22
   1.2362350e+01   1.0430609e-22
   1.2390858e+01   1.0373147e-22
   1.2419431e+01   1.0316113e-22
   1.2448071e+01   1.0259503e-22
   1.2476776e+01   1.0203309e-22
   1.2505548e+01   1.0147526e-22
   1.2534386e+01   1.0092147e-22
   1.2563290e+01   1.0037167e-22
   1.2592261e+01   9.9825809e-23
   1.2621299e+01   9.9283826e-23
   1.2650404e+01   9.8745669e-23
   1.2679576e+01   9.8211288e-23
   1.2708815e+01   9.7680633e-23
   1.2738121e+01   9.7153655e-23
   1.2767496e+01   9.6630307e-23
   1.2796938e+01   9.6110542e-23
   1.2826447e+01   9.5594316e-23
   1.2856025e+01   9.5081584e-23
   1.2885671e+01   9.4572303e-23
   1.2915386e+01   9.4066431e-23
   1.2945169e+01   9.3563927e-23
   1.2975020e+01   9.3064752e-23
   1.3004941e+01   9.2568865e-23
   1.3034930e+01   9.2076229e-23
   1.3064989e+01   9.1586805e-23
   1.3095117e+01   9.1100558e-23
   1.3125314e+01   9.0617452e-23
   1.3155582e+01   9.0137450e-23
   1.3185918e+01   8.9660520e-23
   1.3216325e+01   8.9186627e-23
   1.3246802e+01   8.8715737e-23
   1.3277349e+01   8.8247820e-23
   1.3307967e+01   8.7782843e-23
   1.3338655e+01   8.7320775e-23
   1.3369414e+01   8.6861585e-23
   1.3400244e+01   8.6405245e-23
   1.3431145e+01   8.5951723e-23
   1.3462118e+01   8.5500993e-23
   1.3493162e+01   8.5053024e-23
   1.3524277e+01   8.4607791e-23
   1.3555464e+01   8.4165265e-23
   1.3586723e+01   8.3725420e-23
   1.3618054e+01   8.3288230e-23
   1.3649457e+01   8.2853669e-23
   1.3680933e+01   8.2421711e-23
   1.3712481e+01   8.1992333e-23
   1.3744103e+01   8.1565509e-23
   1.3775797e+01   8.1141215e-23
   1.3807564e+01   8.0719429e-23
   1.3839404e+01   8.0300126e-23
   1.3871318e+01   7.9883284e-23
   1.3903305e+01   7.9468880e-23
   1.3935366e+01   7.9056893e-23
   1.3967501e+01   7.8647301e-23
   1.3999710e+01   7.8240083e-23
   1.4031994e+01   7.7835217e-23
   1.4064352e+01   7.7432683e-23
   1.4096784e+01   7.7032460e-23
   1.4129292e+01   7.6634529e-23
   1.4161874e+01   7.6238870e-23
   1.4194531e+01   7.5845463e-23
   1.4227264e+01   7.5454290e-23
   1.4260072e+01   7.5065332e-23
   1.4292956e+01   7.4678569e-23
   1.4325916e+01   7.4293984e-23
   1.4358951e+01   7.3911560e-23
   1.4392063e+01   7.3531277e-23
   1.4425251e+01   7.3153119e-23
   1.4458516e+01   7.2777069e-23
   1.4491858e+01   7.2403110e-23
   1.4525276e+01   7.2031224e-23
   1.4558771e+01   7.1661396e-23
   1.4592344e+01   7.1293609e-23
   1.4625994e+01   7.0927847e-23
   1.4659722e+01   7.0564095e-23
   1.4693527e+01   7.0202337e-23
   1.4727410e+01   6.9842558e-23
   1.4761372e+01   6.9484742e-23
   1.4795412e+01   6.9128875e-23
   1.4829530e+01   6.8774941e-23
   1.4863727e+01   6.8422927e-23
   1.4898003e+01   6.8072818e-23
   1.4932358e+01   6.7724599e-23
   1.4966792e+01   6.7378258e-23
   1.5001306e+01   6.7033779e-23
   1.5035899e+01   6.6691150e-23
   1.5070572e+01   6.6350357e-23
   1.5105324e+01   6.6011387e-23
   1.5140157e+01   6.5674227e-23
   1.5175071e+01   6.5338863e-23
   1.5210065e+01   6.5005283e-23
   1.5245139e+01   6.4673475e-23
   1.5280295e+01   6.4343426e-23
   1.5315531e+01   6.4015123e-23
   1.5350849e+01   6.3688555e-23
   1.5386248e+01   6.3363709e-23
   1.5421729e+01   6.3040574e-23
   1.5457291e+01   6.2719137e-23
   1.5492936e+01   6.2399388e-23
   1.5528663e+01   6.2081315e-23
   1.5564472e+01   6.1764906e-23
   1.5600364e+01   6.1450151e-23
   1.5636338e+01   6.1137037e-23
   1.5672396e+01   6.0825555e-23
   1.5708537e+01   6.0515694e-23
   1.5744761e+01   6.0207442e-23
   1.5781068e+01   5.9900790e-23
   1.5817459e+01   5.9595726e-23
   1.5853935e+01   5.9292241e-23
   1.5890494e+01   5.8990323e-23
   1.5927137e+01   5.8689964e-23
   1.5963866e+01   5.8391153e-23
   1.6000678e+01   5.8093880e-23
   1.6037576e+01   5.7798135e-23
   1.6074559e+01   5.7503909e-23
   1.6111627e+01   5.7211192e-23
   1.6148780e+01   5.6919974e-23
   1.6186020e+01   5.6630246e-23
   1.6223345e+01   5.6341999e-23
   1.6260756e+01   5.6055224e-23
   1.6298253e+01   5.5769911e-23
   1.6335837e+01   5.5486051e-23
   1.6373508e+01   5.5203636e-23
   1.6411265e+01   5.4922657e-23
   1.6449110e+01   5.4643104e-23
   1.6487041e+01   5.4364969e-23
   1.6525061e+01   5.4088244e-23
   1.6563168e+01   5.3812920e-23
   1.6601362e+01   5.3538989e-23
   1.6639645e+01   5.3266442e-23
   1.6678016e+01   5.2995270e-23
   1.6716476e+01   5.2725467e-23
   1.6755024e+01   5.2457023e-23
   1.6793662e+01   5.2189931e-23
   1.6832388e+01   5.1924182e-23
   1.6871203e+01   5.1659769e-23
   1.6910109e+01   5.1396684e-23
   1.6949103e+01   5.1134919e-23
   1.6988188e+01   5.0874466e-23
   1.7027363e+01   5.0615318e-23
   1.7066628e+01   5.0357467e-23
   1.7105984e+01   5.0100906e-23
   1.7145431e+01   4.9845628e-23
   1.7184968e+01   4.9591624e-23
   1.7224597e+01   4.9338888e-23
   1.7264317e+01   4.9087412e-23
   1.7304128e+01   4.8837190e-23
   1.7344032e+01   4.8588213e-23
   1.7384027e+01   4.8340476e-23
   1.7424115e+01   4.8093971e-23
   1.7464295e+01   4.7848690e-23
   1.7504568e+01   4.7604628e-23
   1.7544934e+01   4.7361778e-23
   1.7585392e+01   4.7120132e-23
   1.7625945e+01   4.6879684e-23
   1.7666590e+01   4.6640427e-23
   1.7707329e+01   4.6402355e-23
   1.7748163e+01   4.6165461e-23
   1.7789090e+01   4.5929739e-23
   1.7830112e+01   4.5695181e-23
   1.7871228e+01   4.5461783e-23
   1.7912439e+01   4.5229537e-23
   1.7953746e+01   4.4998437e-23
   1.7995147e+01   4.4768477e-23
   1.8036644e+01   4.4539650e-23
   1.8078237e+01   4.4311951e-23
   1.8119925e+01   4.4085373e-23
   1.8161710e+01   4.3859911e-23
   1.8203591e+01   4.3635557e-23
   1.8245569e+01   4.3412307e-23
   1.8287643e+01   4.3190155e-23
   1.8329814e+01   4.2969094e-23
   1.8372083e+01   4.2749118e-23
   1.8414449e+01   4.2530223e-23
   1.8456913e+01   4.2312401e-23
   1.8499475e+01   4.2095648e-23
   1.8542135e+01   4.1879958e-23
   1.8584893e+01   4.1665324e-23
   1.8627750e+01   4.1451743e-23
   1.8670706e+01   4.1239207e-23
   1.8713761e+01   4.1027711e-23
   1.8756915e+01   4.0817250e-23
   1.8800168e+01   4.0607819e-23
   1.8843522e+01   4.0399412e-23
   1.8886975e+01   4.0192024e-23
   1.8930528e+01   3.9985649e-23
   1.8974182e+01   3.9780282e-23
   1.9017937e+01   3.9575918e-23
   1.9061792e+01   3.9372552e-23
   1.9105749e+01   3.9170178e-23
   1.9149807e+01   3.8968791e-23
   1.9193967e+01   3.8768387e-23
   1.9238228e+01   3.8568960e-23
   1.9282592e+01   3.8370505e-23
   1.9327057e+01   3.8173017e-23
   1.9371626e+01   3.7976492e-23
   1.9416297e+01   3.7780923e-23
   1.9461071e+01   3.7586307e-23
   1.9505948e+01   3.7392639e-23
   1.9550929e+01   3.7199913e-23
   1.9596014e+01   3.7008124e-23
   1.9641202e+01   3.6817269e-23
   1.9686495e+01   3.6627342e-23
   1.9731892e+01   3.6438339e-23
   1.9777394e+01   3.6250254e-23
   1.9823001e+01   3.6063084e-23
   1.9868713e+01   3.5876823e-23
   1.9914530e+01   3.5691468e-23
   1.9960454e+01   3.5507013e-23
   2.0006482e+01   3.5323453e-23
   2.0052618e+01   3.5140785e-23
   2.0098859e+01   3.4959005e-23
   2.0145207e+01   3.4778106e-23
   2.0191662e+01   3.4598086e-23
   2.0238224e+01   3.4418939e-23
   2.0284894e+01   3.4240662e-23
   2.0331671e+01   3.4063249e-23
   2.0378556e+01   3.3886698e-23
   2.0425549e+01   3.3711002e-23
   2.0472650e+01   3.3536159e-23
   2.0519861e+01   3.3362164e-23
   2.0567180e+01   3.3189012e-23
   2.0614608e+01   3.3016700e-23
   2.0662145e+01   3.2845223e-23
   2.0709792e+01   3.2674578e-23
   2.0757549e+01   3.2504759e-23
   2.0805416e+01   3.2335764e-23
   2.0853394e+01   3.2167588e-23
   2.0901482e+01   3.2000227e-23
   2.0949681e+01   3.1833677e-23
   2.0997991e+01   3.1667933e-23
   2.1046412e+01   3.1502993e-23
   2.1094945e+01   3.1338852e-23
   2.1143591e+01   3.1175506e-23
   2.1192348e+01   3.1012952e-23
   2.1241218e+01   3.0851185e-23
   2.1290200e+01   3.0690202e-23
   2.1339295e+01   3.0529999e-23
   2.1388504e+01   3.0370571e-23
   2.1437826e+01   3.0211916e-23
   2.1487262e+01   3.0054030e-23
   2.1536812e+01   2.9896908e-23
   2.1586476e+01   2.9740548e-23
   2.1636254e+01   2.9584945e-23
   2.1686148e+01   2.9430096e-23
   2.1736156e+01   2.9275997e-23
   2.1786280e+01   2.9122644e-23
   2.1836519e+01   2.8970035e-23
   2.1886874e+01   2.8818164e-23
   2.1937346e+01   2.8667030e-23
   2.1987933e+01   2.8516628e-23
   2.2038638e+01   2.8366955e-23
   2.2089459e+01   2.8218008e-23
   2.2140397e+01   2.8069782e-23
   2.2191453e+01   2.7922274e-23
   2.2242627e+01   2.7775482e-23
   2.2293919e+01   2.7629401e-23
   2.2345328e+01   2.7484028e-23
   2.2396857e+01   2.7339361e-23
   2.2448504e+01   2.7195394e-23
   2.2500271e+01   2.7052126e-23
   2.2552157e+01   2.6909553e-23
   2.2604162e+01   2.6767671e-23
   2.2656287e+01   2.6626478e-23
   2.2708533e+01   2.6485970e-23
   2.2760899e+01   2.6346143e-23
   2.2813386e+01   2.6206995e-23
   2.2865994e+01   2.6068523e-23
   2.2918723e+01   2.5930723e-23
   2.2971574e+01   2.5793592e-23
   2.3024546e+01   2.5657126e-23
   2.3077641e+01   2.5521324e-23
   2.3130858e+01   2.5386182e-23
   2.3184198e+01   2.5251696e-23
   2.3237661e+01   2.5117863e-23
   2.3291247e+01   2.4984681e-23
   2.3344957e+01   2.4852147e-23
   2.3398791e+01   2.4720257e-23
   2.3452748e+01   2.4589009e-23
   2.3506831e+01   2.4458399e-23
   2.3561038e+01   2.4328424e-23
   2.3615370e+01   2.4199082e-23
   2.3669827e+01   2.4070370e-23
   2.3724410e+01   2.3942285e-23
   2.3779118e+01   2.3814823e-23
   2.3833953e+01   2.3687983e-23
   2.3888914e+01   2.3561760e-23
   2.3944002e+01   2.3436153e-23
   2.3999217e+01   2.3311158e-23
   2.4054560e+01   2.3186773e-23
   2.4110030e+01   2.3062994e-23
   2.4165628e+01   2.2939820e-23
   2.4221354e+01   2.2817247e-23
   2.4277208e+01   2.2695272e-23
   2.4333192e+01   2.2573894e-23
   2.4389304e+01   2.2453108e-23
   2.4445546e+01   2.2332912e-23
   2.4501918e+01   2.2213305e-23
   2.4558420e+01   2.2094282e-23
   2.4615051e+01   2.1975841e-23
   2.4671814e+01   2.1857981e-23
   2.4728707e+01   2.1740697e-23
   2.4785732e+01   2.1623988e-23
   2.4842888e+01   2.1507850e-23
   2.4900176e+01   2.1392282e-23
   2.4957596e+01   2.1277281e-23
   2.5015148e+01   2.1162843e-23
   2.5072833e+01   2.1048968e-23
   2.5130652e+01   2.0935651e-23
   2.5188603e+01   2.0822891e-23
   2.5246688e+01   2.0710685e-23
   2.5304907e+01   2.0599031e-23
   2.5363261e+01   2.0487925e-23
   2.5421748e+01   2.0377367e-23
   2.5480371e+01   2.0267352e-23
   2.5539129e+01   2.0157880e-23
   2.5598023e+01   2.0048947e-23
   2.5657052e+01   1.9940550e-23
   2.5716217e+01   1.9832689e-23
   2.5775519e+01   1.9725359e-23
   2.5834957e+01   1.9618560e-23
   2.5894533e+01   1.9512288e-23
   2.5954246e+01   1.9406541e-23
   2.6014097e+01   1.9301318e-23
   2.6074085e+01   1.9196614e-23
   2.6134212e+01   1.9092429e-23
   2.6194478e+01   1.8988761e-23
   2.6254883e+01   1.8885605e-23
   2.6315427e+01   1.8782962e-23
   2.6376110e+01   1.8680827e-23
   2.6436934e+01   1.8579200e-23
   2.6497898e+01   1.8478078e-23
   2.6559002e+01   1.8377458e-23
   2.6620247e+01   1.8277339e-23
   2.6681634e+01   1.8177718e-23
   2.6743162e+01   1.8078593e-23
   2.6804832e+01   1.7979962e-23
   2.6866644e+01   1.7881823e-23
   2.6928599e+01   1.7784173e-23
   2.6990696e+01   1.7687011e-23
   2.7052937e+01   1.7590335e-23
   2.7115321e+01   1.7494142e-23
   2.7177849e+01   1.7398431e-23
   2.7240522e+01   1.7303199e-23
   2.7303338e+01   1.7208444e-23
   2.7366300e+01   1.7114164e-23
   2.7429407e+01   1.7020357e-23
   2.7492659e+01   1.6927022e-23
   2.7556058e+01   1.6834156e-23
   2.7619602e+01   1.6741757e-23
   2.7683293e+01   1.6649823e-23
   2.7747131e+01   1.6558352e-23
   2.7811116e+01   1.6467343e-23
   2.7875249e+01   1.6376793e-23
   2.7939529e+01   1.6286701e-23
   2.8003958e+01   1.6197064e-23
   2.8068536e+01   1.6107880e-23
   2.8133262e+01   1.6019148e-23
   2.8198137e+01   1.5930866e-23
   2.8263162e+01   1.5843032e-23
   2.8328338e+01   1.5755645e-23
   2.8393663e+01   1.5668701e-23
   2.8459139e+01   1.5582200e-23
   2.8524766e+01   1.5496139e-23
   2.8590544e+01   1.5410517e-23
   2.8656474e+01   1.5325332e-23
   2.8722556e+01   1.5240582e-23
   2.8788791e+01   1.5156266e-23
   2.8855178e+01   1.5072381e-23
   2.8921718e+01   1.4988926e-23
   2.8988412e+01   1.4905899e-23
   2.9055259e+01   1.4823298e-23
   2.9122261e+01   1.4741122e-23
   2.9189417e+01   1.4659369e-23
   2.9256728e+01   1.4578037e-23
   2.9324194e+01   1.4497125e-23
   2.9391816e+01   1.4416630e-23
   2.9459594e+01   1.4336552e-23
   2.9527528e+01   1.4256888e-23
   2.9595619e+01   1.4177637e-23
   2.9663866e+01   1.4098797e-23
   2.9732272e+01   1.4020367e-23
   2.9800834e+01   1.3942344e-23
   2.9869555e+01   1.3864728e-23
   2.9938435e+01   1.3787517e-23
   3.0007473e+01   1.3710709e-23
   3.0076670e+01   1.3634302e-23
   3.0146028e+01   1.3558295e-23
   3.0215544e+01   1.3482687e-23
   3.0285222e+01   1.3407476e-23
   3.0355060e+01   1.3332660e-23
   3.0425059e+01   1.3258238e-23
   3.0495219e+01   1.3184208e-23
   3.0565541e+01   1.3110568e-23
   3.0636026e+01   1.3037319e-23
   3.0706673e+01   1.2964457e-23
   3.0777482e+01   1.2891981e-23
   3.0848456e+01   1.2819890e-23
   3.0919592e+01   1.2748182e-23
   3.0990893e+01   1.2676857e-23
   3.1062358e+01   1.2605912e-23
   3.1133988e+01   1.2535346e-23
   3.1205784e+01   1.2465158e-23
   3.1277744e+01   1.2395346e-23
   3.1349871e+01   1.2325908e-23
   3.1422164e+01   1.2256845e-23
   3.1494624e+01   1.2188153e-23
   3.1567251e+01   1.2119832e-23
   3.1640045e+01   1.2051880e-23
   3.1713007e+01   1.1984297e-23
   3.1786138e+01   1.1917080e-23
   3.1859437e+01   1.1850228e-23
   3.1932905e+01   1.1783740e-23
   3.2006542e+01   1.1717616e-23
   3.2080350e+01   1.1651852e-23
   3.2154327e+01   1.1586448e-23
   3.2228475e+01   1.1521404e-23
   3.2302794e+01   1.1456717e-23
   3.2377285e+01   1.1392386e-23
   3.2451947e+01   1.1328410e-23
   3.2526782e+01   1.1264788e-23
   3.2601789e+01   1.1201518e-23
   3.2676969e+01   1.1138600e-23
   3.2752322e+01   1.1076031e-23
   3.2827849e+01   1.1013812e-23
   3.2903550e+01   1.0951940e-23
   3.2979426e+01   1.0890415e-23
   3.3055477e+01   1.0829234e-23
   3.3131703e+01   1.0768398e-23
   3.3208105e+01   1.0707905e-23
   3.3284683e+01   1.0647754e-23
   3.3361438e+01   1.0587943e-23
   3.3438370e+01   1.0528472e-23
   3.3515479e+01   1.0469339e-23
   3.3592766e+01   1.0410543e-23
   3.3670231e+01   1.0352084e-23
   3.3747875e+01   1.0293959e-23
   3.3825698e+01   1.0236169e-23
   3.3903700e+01   1.0178711e-23
   3.3981882e+01   1.0121585e-23
   3.4060245e+01   1.0064789e-23
   3.4138788e+01   1.0008323e-23
   3.4217512e+01   9.9521862e-24
   3.4296418e+01   9.8963764e-24
   3.4375506e+01   9.8408931e-24
   3.4454776e+01   9.7857352e-24
   3.4534229e+01   9.7309018e-24
   3.4613865e+01   9.6763917e-24
   3.4693685e+01   9.6222040e-24
   3.4773689e+01   9.5683378e-24
   3.4853877e+01   9.5147919e-24
   3.4934251e+01   9.4615655e-24
   3.5014809e+01   9.4086576e-24
   3.5095554e+01   9.3560671e-24
   3.5176484e+01   9.3037932e-24
   3.5257602e+01   9.2518349e-24
   3.5338906e+01   9.2001912e-24
   3.5420398e+01   9.1488613e-24
   3.5502077e+01   9.0978442e-24
   3.5583945e+01   9.0471389e-24
   3.5666002e+01   8.9967446e-24
   3.5748248e+01   8.9466604e-24
   3.5830684e+01   8.8968854e-24
   3.5913310e+01   8.8474186e-24
   3.5996126e+01   8.7982593e-24
   3.6079134e+01   8.7494065e-24
   3.6162332e+01   8.7008594e-24
   3.6245723e+01   8.6526171e-24
   3.6329306e+01   8.6046787e-24
   3.6413082e+01   8.5570435e-24
   3.6497050e+01   8.5097106e-24
   3.6581213e+01   8.4626791e-24
   3.6665569e+01   8.4159483e-24
   3.6750120e+01   8.3695173e-24
   3.6834867e+01   8.3233853e-24
   3.6919808e+01   8.2775515e-24
   3.7004945e+01   8.2320151e-24
   3.7090279e+01   8.1867754e-24
   3.7175810e+01   8.1418315e-24
   3.7261537e+01   8.0971827e-24
   3.7347463e+01   8.0528282e-24
   3.7433586e+01   8.0087672e-24
   3.7519908e+01   7.9649991e-24
   3.7606429e+01   7.9215230e-24
   3.7693150e+01   7.8783381e-24
   3.7780071e+01   7.8354438e-24
   3.7867192e+01   7.7928394e-24
   3.7954514e+01   7.7505240e-24
   3.8042037e+01   7.7084971e-24
   3.8129763e+01   7.6667577e-24
   3.8217690e+01   7.6253054e-24
   3.8305821e+01   7.5841393e-24
   3.8394154e+01   7.5432587e-24
   3.8482691e+01   7.5026630e-24
   3.8571433e+01   7.4623515e-24
   3.8660379e+01   7.4223234e-24
   3.8749530e+01   7.3825782e-24
   3.8838886e+01   7.3431151e-24
   3.8928449e+01   7.3039335e-24
   3.9018219e+01   7.2650326e-24
   3.9108195e+01   7.2264119e-24
   3.9198379e+01   7.1880707e-24
   3.9288770e+01   7.1500084e-24
   3.9379371e+01   7.1122242e-24
   3.9470180e+01   7.0747175e-24
   3.9561198e+01   7.0374878e-24
   3.9652427e+01   7.0005343e-24
   3.9743865e+01   6.9638565e-24
   3.9835515e+01   6.9274537e-24
   3.9927376e+01   6.8913253e-24
   4.0019449e+01   6.8554706e-24
   4.0111734e+01   6.8198891e-24
   4.0204232e+01   6.7845800e-24
   4.0296943e+01   6.7495429e-24
   4.0389868e+01   6.7147772e-24
   4.0483008e+01   6.6802821e-24
   4.0576362e+01   6.6460570e-24
   4.0669931e+01   6.6121015e-24
   4.0763716e+01   6.5784149e-24
   4.0857718e+01   6.5449965e-24
   4.0951936e+01   6.5118458e-24
   4.1046372e+01   6.4789622e-24
   4.1141025e+01   6.4463451e-24
   4.1235896e+01   6.4139939e-24
   4.1330987e+01   6.3819079e-24
   4.1426296e+01   6.3500867e-24
   4.1521826e+01   6.3185296e-24
   4.1617575e+01   6.2872361e-24
   4.1713546e+01   6.2562054e-24
   4.1809737e+01   6.2254371e-24
   4.1906151e+01   6.1949306e-24
   4.2002787e+01   6.1646852e-24
   4.2099646e+01   6.1347004e-24
   4.2196728e+01   6.1049755e-24
   4.2294034e+01   6.0755100e-24
   4.2391564e+01   6.0463034e-24
   4.2489319e+01   6.0173549e-24
   4.2587300e+01   5.9886640e-24
   4.2685507e+01   5.9602300e-24
   4.2783940e+01   5.9320525e-24
   4.2882600e+01   5.9041308e-24
   4.2981488e+01   5.8764642e-24
   4.3080603e+01   5.8490523e-24
   4.3179947e+01   5.8218943e-24
   4.3279521e+01   5.7949896e-24
   4.3379324e+01   5.7683377e-24
   4.3479357e+01   5.7419379e-24
   4.3579620e+01   5.7157896e-24
   4.3680115e+01   5.6898922e-24
   4.3780842e+01   5.6642450e-24
   4.3881801e+01   5.6388475e-24
   4.3982993e+01   5.6136988e-24
   4.4084418e+01   5.5887986e-24
   4.4186077e+01   5.5641460e-24
   4.4287970e+01   5.5397404e-24
   4.4390099e+01   5.5155812e-24
   4.4492463e+01   5.4916677e-24
   4.4595062e+01   5.4679993e-24
   4.4697899e+01   5.4445752e-24
   4.4800973e+01   5.4213948e-24
   4.4904284e+01   5.3984574e-24
   4.5007834e+01   5.3757624e-24
   4.5111622e+01   5.3533089e-24
   4.5215650e+01   5.3310964e-24
   4.5319918e+01   5.3091240e-24
   4.5424426e+01   5.2873912e-24
   4.5529175e+01   5.2658970e-24
   4.5634165e+01   5.2446410e-24
   4.5739398e+01   5.2236221e-24
   4.5844873e+01   5.2028399e-24
   4.5950592e+01   5.1822934e-24
   4.6056554e+01   5.1619819e-24
   4.6162761e+01   5.1419047e-24
   4.6269213e+01   5.1220609e-24
   4.6375910e+01   5.1024498e-24
   4.6482853e+01   5.0830706e-24
   4.6590043e+01   5.0639224e-24
   4.6697480e+01   5.0450045e-24
   4.6805165e+01   5.0263160e-24
   4.6913098e+01   5.0078562e-24
   4.7021280e+01   4.9896240e-24
   4.7129711e+01   4.9716188e-24
   4.7238393e+01   4.9538396e-24
   4.7347325e+01   4.9362856e-24
   4.7456508e+01   4.9189559e-24
   4.7565943e+01   4.9018496e-24
   4.7675631e+01   4.8849657e-24
   4.7785571e+01   4.8683035e-24
   4.7895765e+01   4.8518619e-24
   4.8006213e+01   4.8356400e-24
   4.8116916e+01   4.8196370e-24
   4.8227874e+01   4.8038517e-24
   4.8339087e+01   4.7882834e-24
   4.8450558e+01   4.7729309e-24
   4.8562285e+01   4.7577934e-24
   4.8674270e+01   4.7428697e-24
   4.8786513e+01   4.7281590e-24
   4.8899015e+01   4.7136602e-24
   4.9011777e+01   4.6993723e-24
   4.9124798e+01   4.6852942e-24
   4.9238081e+01   4.6714249e-24
   4.9351624e+01   4.6577634e-24
   4.9465429e+01   4.6443085e-24
   4.9579497e+01   4.6310592e-24
   4.9693828e+01   4.6180144e-24
   4.9808422e+01   4.6051731e-24
   4.9923280e+01   4.5925340e-24
   5.0038404e+01   4.5800961e-24
   5.0153793e+01   4.5678582e-24
   5.0269448e+01   4.5558193e-24
   5.0385370e+01   4.5439781e-24
   5.0501559e+01   4.5323335e-24
   5.0618016e+01   4.5208844e-24
   5.0734741e+01   4.5096295e-24
   5.0851736e+01   4.4985676e-24
   5.0969000e+01   4.4876977e-24
   5.1086535e+01   4.4770184e-24
   5.1204341e+01   4.4665285e-24
   5.1322419e+01   4.4562268e-24
   5.1440769e+01   4.4461121e-24
   5.1559392e+01   4.4361832e-24
   5.1678288e+01   4.4264388e-24
   5.1797458e+01   4.4168775e-24
   5.1916904e+01   4.4074983e-24
   5.2036625e+01   4.3982997e-24
   5.2156621e+01   4.3892805e-24
   5.2276895e+01   4.3804394e-24
   5.2397446e+01   4.3717752e-24
   5.2518275e+01   4.3632864e-24
   5.2639382e+01   4.3549718e-24
   5.2760769e+01   4.3468301e-24
   5.2882436e+01   4.3388599e-24
   5.3004383e+01   4.3310600e-24
   5.3126612e+01   4.3234289e-24
   5.3249122e+01   4.3159653e-24
   5.3371915e+01   4.3086680e-24
   5.3494991e+01   4.3015354e-24
   5.3618351e+01   4.2945663e-24
   5.3741995e+01   4.2877593e-24
   5.3865925e+01   4.2811130e-24
   5.3990140e+01   4.2746261e-24
   5.4114642e+01   4.2682971e-24
   5.4239430e+01   4.2621247e-24
   5.4364507e+01   4.2561076e-24
   5.4489872e+01   4.2502442e-24
   5.4615526e+01   4.2445333e-24
   5.4741470e+01   4.2389734e-24
   5.4867704e+01   4.2335631e-24
   5.4994229e+01   4.2283011e-24
   5.5121046e+01   4.2231858e-24
   5.5248156e+01   4.2182160e-24
   5.5375559e+01   4.2133903e-24
   5.5503255e+01   4.2087071e-24
   5.5631246e+01   4.2041652e-24
   5.5759532e+01   4.1997630e-24
   5.5888114e+01   4.1954993e-24
   5.6016992e+01   4.1913726e-24
   5.6146168e+01   4.1873814e-24
   5.6275642e+01   4.1835244e-24
   5.6405414e+01   4.1798002e-24
   5.6535485e+01   4.1762073e-24
   5.6665856e+01   4.1727445e-24
   5.6796528e+01   4.1694101e-24
   5.6927501e+01   4.1662030e-24
   5.7058777e+01   4.1631216e-24
   5.7190355e+01   4.1601646e-24
   5.7322236e+01   4.1573306e-24
   5.7454421e+01   4.1546181e-24
   5.7586912e+01   4.1520259e-24
   5.7719708e+01   4.1495525e-24
   5.7852810e+01   4.1471965e-24
   5.7986219e+01   4.1449566e-24
   5.8119935e+01   4.1428314e-24
   5.8253960e+01   4.1408196e-24
   5.8388294e+01   4.1389197e-24
   5.8522938e+01   4.1371304e-24
   5.8657893e+01   4.1354503e-24
   5.8793158e+01   4.1338782e-24
   5.8928736e+01   4.1324127e-24
   5.9064626e+01   4.1310523e-24
   5.9200829e+01   4.1297959e-24
   5.9337347e+01   4.1286421e-24
   5.9474179e+01   4.1275895e-24
   5.9611327e+01   4.1266369e-24
   5.9748791e+01   4.1257829e-24
   5.9886572e+01   4.1250262e-24
   6.0024671e+01   4.1243656e-24
   6.0163089e+01   4.1237997e-24
   6.0301825e+01   4.1233274e-24
   6.0440882e+01   4.1229472e-24
   6.0580259e+01   4.1226580e-24
   6.0719957e+01   4.1224585e-24
   6.0859978e+01   4.1223475e-24
   6.1000322e+01   4.1223236e-24
   6.1140989e+01   4.1223858e-24
   6.1281980e+01   4.1225326e-24
   6.1423297e+01   4.1227631e-24
   6.1564940e+01   4.1230758e-24
   6.1706909e+01   4.1234697e-24
   6.1849206e+01   4.1239435e-24
   6.1991830e+01   4.1244961e-24
   6.2134784e+01   4.1251262e-24
   6.2278067e+01   4.1258328e-24
   6.2421681e+01   4.1266147e-24
   6.2565626e+01   4.1274706e-24
   6.2709903e+01   4.1283996e-24
   6.2854512e+01   4.1294004e-24
   6.2999455e+01   4.1304719e-24
   6.3144732e+01   4.1316131e-24
   6.3290345e+01   4.1328228e-24
   6.3436293e+01   4.1341000e-24
   6.3582577e+01   4.1354435e-24
   6.3729199e+01   4.1368523e-24
   6.3876159e+01   4.1383253e-24
   6.4023458e+01   4.1398615e-24
   6.4171097e+01   4.1414598e-24
   6.4319076e+01   4.1431193e-24
   6.4467396e+01   4.1448388e-24
   6.4616058e+01   4.1466174e-24
   6.4765063e+01   4.1484540e-24
   6.4914412e+01   4.1503477e-24
   6.5064105e+01   4.1522975e-24
   6.5214144e+01   4.1543024e-24
   6.5364528e+01   4.1563614e-24
   6.5515259e+01   4.1584736e-24
   6.5666338e+01   4.1606381e-24
   6.5817765e+01   4.1628539e-24
   6.5969541e+01   4.1651200e-24
   6.6121667e+01   4.1674357e-24
   6.6274144e+01   4.1697998e-24
   6.6426973e+01   4.1722117e-24
   6.6580154e+01   4.1746703e-24
   6.6733688e+01   4.1771749e-24
   6.6887577e+01   4.1797244e-24
   6.7041820e+01   4.1823182e-24
   6.7196419e+01   4.1849552e-24
   6.7351374e+01   4.1876348e-24
   6.7506687e+01   4.1903560e-24
   6.7662358e+01   4.1931181e-24
   6.7818388e+01   4.1959202e-24
   6.7974778e+01   4.1987615e-24
   6.8131528e+01   4.2016413e-24
   6.8288640e+01   4.2045587e-24
   6.8446114e+01   4.2075131e-24
   6.8603951e+01   4.2105035e-24
   6.8762153e+01   4.2135293e-24
   6.8920719e+01   4.2165898e-24
   6.9079650e+01   4.2196841e-24
   6.9238949e+01   4.2228116e-24
   6.9398614e+01   4.2259715e-24
   6.9558648e+01   4.2291632e-24
   6.9719051e+01   4.2323859e-24
   6.9879823e+01   4.2356390e-24
   7.0040967e+01   4.2389217e-24
   7.0202482e+01   4.2422334e-24
   7.0364369e+01   4.2455734e-24
   7.0526630e+01   4.2489411e-24
   7.0689265e+01   4.2523358e-24
   7.0852275e+01   4.2557569e-24
   7.1015661e+01   4.2592038e-24
   7.1179423e+01   4.2626757e-24
   7.1343564e+01   4.2661722e-24
   7.1508083e+01   4.2696926e-24
   7.1672981e+01   4.2732363e-24
   7.1838259e+01   4.2768027e-24
   7.2003919e+01   4.2803913e-24
   7.2169960e+01   4.2840014e-24
   7.2336385e+01   4.2876325e-24
   7.2503193e+01   4.2912841e-24
   7.2670386e+01   4.2949555e-24
   7.2837964e+01   4.2986463e-24
   7.3005929e+01   4.3023559e-24
   7.3174282e+01   4.3060838e-24
   7.3343022e+01   4.3098294e-24
   7.3512152e+01   4.3135923e-24
   7.3681671e+01   4.3173719e-24
   7.3851582e+01   4.3211678e-24
   7.4021884e+01   4.3249794e-24
   7.4192579e+01   4.3288063e-24
   7.4363668e+01   4.3326480e-24
   7.4535151e+01   4.3365040e-24
   7.4707029e+01   4.3403738e-24
   7.4879304e+01   4.3442571e-24
   7.5051977e+01   4.3481533e-24
   7.5225047e+01   4.3520620e-24
   7.5398517e+01   4.3559828e-24
   7.5572386e+01   4.3599152e-24
   7.5746657e+01   4.3638588e-24
   7.5921329e+01   4.3678132e-24
   7.6096404e+01   4.3717780e-24
   7.6271883e+01   4.3757528e-24
   7.6447767e+01   4.3797372e-24
   7.6624056e+01   4.3837308e-24
   7.6800751e+01   4.3877331e-24
   7.6977855e+01   4.3917439e-24
   7.7155366e+01   4.3957628e-24
   7.7333287e+01   4.3997893e-24
   7.7511618e+01   4.4038231e-24
   7.7690361e+01   4.4078639e-24
   7.7869515e+01   4.4119113e-24
   7.8049083e+01   4.4159650e-24
   7.8229065e+01   4.4200246e-24
   7.8409461e+01   4.4240898e-24
   7.8590274e+01   4.4281602e-24
   7.8771504e+01   4.4322356e-24
   7.8953152e+01   4.4363155e-24
   7.9135218e+01   4.4403998e-24
   7.9317705e+01   4.4444881e-24
   7.9500612e+01   4.4485800e-24
   7.9683941e+01   4.4526753e-24
   7.9867693e+01   4.4567738e-24
   8.0051868e+01   4.4608750e-24
   8.0236468e+01   4.4649787e-24
   8.0421494e+01   4.4690847e-24
   8.0606947e+01   4.4731927e-24
   8.0792827e+01   4.4773023e-24
   8.0979136e+01   4.4814134e-24
   8.1165874e+01   4.4855256e-24
   8.1353044e+01   4.4896388e-24
   8.1540644e+01   4.4937526e-24
   8.1728678e+01   4.4978668e-24
   8.1917145e+01   4.5019812e-24
   8.2106046e+01   4.5060955e-24
   8.2295383e+01   4.5102095e-24
   8.2485157e+01   4.5143230e-24
   8.2675369e+01   4.5184357e-24
   8.2866019e+01   4.5225474e-24
   8.3057108e+01   4.5266579e-24
   8.3248639e+01   4.5307669e-24
   8.3440611e+01   4.5348744e-24
   8.3633025e+01   4.5389800e-24
   8.3825884e+01   4.5430835e-24
   8.4019187e+01   4.5471848e-24
   8.4212936e+01   4.5512837e-24
   8.4407131e+01   4.5553799e-24
   8.4601775e+01   4.5594733e-24
   8.4796867e+01   4.5635637e-24
   8.4992409e+01   4.5676509e-24
   8.5188403e+01   4.5717347e-24
   8.5384848e+01   4.5758150e-24
   8.5581746e+01   4.5798916e-24
   8.5779098e+01   4.5839643e-24
   8.5976905e+01   4.5880329e-24
   8.6175169e+01   4.5920973e-24
   8.6373889e+01   4.5961573e-24
   8.6573068e+01   4.6002129e-24
   8.6772706e+01   4.6042637e-24
   8.6972805e+01   4.6083097e-24
   8.7173365e+01   4.6123507e-24
   8.7374387e+01   4.6163865e-24
   8.7575873e+01   4.6204172e-24
   8.7777824e+01   4.6244424e-24
   8.7980240e+01   4.6284620e-24
   8.8183123e+01   4.6324760e-24
   8.8386474e+01   4.6364842e-24
   8.8590294e+01   4.6404865e-24
   8.8794584e+01   4.6444827e-24
   8.8999345e+01   4.6484728e-24
   8.9204578e+01   4.6524565e-24
   8.9410285e+01   4.6564338e-24
   8.9616465e+01   4.6604046e-24
   8.9823122e+01   4.6643688e-24
   9.0030254e+01   4.6683262e-24
   9.0237865e+01   4.6722767e-24
   9.0445954e+01   4.6762203e-24
   9.0654523e+01   4.6801569e-24
   9.0863573e+01   4.6840862e-24
   9.1073105e+01   4.6880083e-24
   9.1283120e+01   4.6919231e-24
   9.1493620e+01   4.6958304e-24
   9.1704605e+01   4.6997302e-24
   9.1916077e+01   4.7036223e-24
   9.2128036e+01   4.7075067e-24
   9.2340484e+01   4.7113833e-24
   9.2553422e+01   4.7152520e-24
   9.2766850e+01   4.7191128e-24
   9.2980771e+01   4.7229655e-24
   9.3195186e+01   4.7268101e-24
   9.3410095e+01   4.7306465e-24
   9.3625499e+01   4.7344747e-24
   9.3841400e+01   4.7382945e-24
   9.4057799e+01   4.7421059e-24
   9.4274697e+01   4.7459088e-24
   9.4492095e+01   4.7497031e-24
   9.4709995e+01   4.7534889e-24
   9.4928397e+01   4.7572660e-24
   9.5147302e+01   4.7610344e-24
   9.5366713e+01   4.7647940e-24
   9.5586629e+01   4.7685447e-24
   9.5807053e+01   4.7722865e-24
   9.6027984e+01   4.7760194e-24
   9.6249426e+01   4.7797433e-24
   9.6471378e+01   4.7834582e-24
   9.6693841e+01   4.7871639e-24
   9.6916818e+01   4.7908605e-24
   9.7140309e+01   4.7945478e-24
   9.7364315e+01   4.7982260e-24
   9.7588838e+01   4.8018948e-24
   9.7813879e+01   4.8055543e-24
   9.8039438e+01   4.8092045e-24
   9.8265518e+01   4.8128453e-24
   9.8492119e+01   4.8164766e-24
   9.8719243e+01   4.8200984e-24
   9.8946890e+01   4.8237107e-24
   9.9175062e+01   4.8273135e-24
   9.9403761e+01   4.8309067e-24
   9.9632987e+01   4.8344902e-24
   9.9862741e+01   4.8380642e-24
   1.0009303e+02   4.8416284e-24
   1.0032384e+02   4.8451830e-24
   1.0055519e+02   4.8487278e-24
   1.0078707e+02   4.8522629e-24
   1.0101948e+02   4.8557883e-24
   1.0125244e+02   4.8593038e-24
   1.0148593e+02   4.8628095e-24
   1.0171995e+02   4.8663054e-24
   1.0195452e+02   4.8697914e-24
   1.0218963e+02   4.8732676e-24
   1.0242528e+02   4.8767339e-24
   1.0266147e+02   4.8801902e-24
   1.0289821e+02   4.8836366e-24
   1.0313549e+02   4.8870731e-24
   1.0337332e+02   4.8904997e-24
   1.0361170e+02   4.8939163e-24
   1.0385063e+02   4.8973229e-24
   1.0409011e+02   4.9007195e-24
   1.0433015e+02   4.9041062e-24
   1.0457073e+02   4.9074828e-24
   1.0481187e+02   4.9108495e-24
   1.0505357e+02   4.9142061e-24
   1.0529582e+02   4.9175527e-24
   1.0553864e+02   4.9208893e-24
   1.0578201e+02   4.9242158e-24
   1.0602594e+02   4.9275323e-24
   1.0627044e+02   4.9308388e-24
   1.0651550e+02   4.9341352e-24
   1.0676113e+02   4.9374216e-24
   1.0700732e+02   4.9406980e-24
   1.0725408e+02   4.9439643e-24
   1.0750141e+02   4.9472206e-24
   1.0774931e+02   4.9504669e-24
   1.0799778e+02   4.9537031e-24
   1.0824682e+02   4.9569293e-24
   1.0849644e+02   4.9601455e-24
   1.0874663e+02   4.9633517e-24
   1.0899740e+02   4.9665478e-24
   1.0924875e+02   4.9697340e-24
   1.0950068e+02   4.9729101e-24
   1.0975319e+02   4.9760763e-24
   1.1000628e+02   4.9792324e-24
   1.1025996e+02   4.9823786e-24
   1.1051422e+02   4.9855149e-24
   1.1076906e+02   4.9886411e-24
   1.1102450e+02   4.9917575e-24
   1.1128052e+02   4.9948639e-24
   1.1153714e+02   4.9979604e-24
   1.1179434e+02   5.0010469e-24
   1.1205214e+02   5.0041236e-24
   1.1231053e+02   5.0071904e-24
   1.1256952e+02   5.0102473e-24
   1.1282911e+02   5.0132944e-24
   1.1308929e+02   5.0163316e-24
   1.1335008e+02   5.0193591e-24
   1.1361146e+02   5.0223767e-24
   1.1387345e+02   5.0253845e-24
   1.1413605e+02   5.0283825e-24
   1.1439924e+02   5.0313708e-24
   1.1466305e+02   5.0343494e-24
   1.1492746e+02   5.0373182e-24
   1.1519249e+02   5.0402773e-24
   1.1545812e+02   5.0432268e-24
   1.1572437e+02   5.0461666e-24
   1.1599123e+02   5.0490968e-24
   1.1625871e+02   5.0520173e-24
   1.1652680e+02   5.0549282e-24
   1.1679551e+02   5.0578296e-24
   1.1706484e+02   5.0607214e-24
   1.1733480e+02   5.0636037e-24
   1.1760537e+02   5.0664764e-24
   1.1787657e+02   5.0693397e-24
   1.1814839e+02   5.0721935e-24
   1.1842085e+02   5.0750379e-24
   1.1869392e+02   5.0778729e-24
   1.1896763e+02   5.0806984e-24
   1.1924197e+02   5.0835146e-24
   1.1951695e+02   5.0863215e-24
   1.1979255e+02   5.0891190e-24
   1.2006880e+02   5.0919073e-24
   1.2034568e+02   5.0946863e-24
   1.2062319e+02   5.0974560e-24
   1.2090135e+02   5.1002166e-24
   1.2118015e+02   5.1029679e-24
   1.2145959e+02   5.1057101e-24
   1.2173968e+02   5.1084432e-24
   1.2202041e+02   5.1111672e-24
   1.2230179e+02   5.1138821e-24
   1.2258382e+02   5.1165879e-24
   1.2286650e+02   5.1192847e-24
   1.2314983e+02   5.1219726e-24
   1.2343382e+02   5.1246515e-24
   1.2371846e+02   5.1273215e-24
   1.2400375e+02   5.1299825e-24
   1.2428971e+02   5.1326347e-24
   1.2457632e+02   5.1352781e-24
   1.2486359e+02   5.1379127e-24
   1.2515153e+02   5.1405385e-24
   1.2544013e+02   5.1431555e-24
   1.2572940e+02   5.1457638e-24
   1.2601933e+02   5.1483635e-24
   1.2630993e+02   5.1509544e-24
   1.2660120e+02   5.1535368e-24
   1.2689314e+02   5.1561106e-24
   1.2718576e+02   5.1586758e-24
   1.2747905e+02   5.1612325e-24
   1.2777302e+02   5.1637808e-24
   1.2806767e+02   5.1663205e-24
   1.2836299e+02   5.1688518e-24
   1.2865900e+02   5.1713748e-24
   1.2895569e+02   5.1738894e-24
   1.2925306e+02   5.1763956e-24
   1.2955112e+02   5.1788936e-24
   1.2984986e+02   5.1813833e-24
   1.3014930e+02   5.1838648e-24
   1.3044942e+02   5.1863381e-24
   1.3075024e+02   5.1888033e-24
   1.3105175e+02   5.1912603e-24
   1.3135396e+02   5.1937092e-24
   1.3165686e+02   5.1961501e-24
   1.3196046e+02   5.1985830e-24
   1.3226476e+02   5.2010079e-24
   1.3256977e+02   5.2034249e-24
   1.3287547e+02   5.2058339e-24
   1.3318189e+02   5.2082351e-24
   1.3348901e+02   5.2106284e-24
   1.3379683e+02   5.2130139e-24
   1.3410537e+02   5.2153917e-24
   1.3441462e+02   5.2177617e-24
   1.3472458e+02   5.2201240e-24
   1.3503525e+02   5.2224787e-24
   1.3534665e+02   5.2248257e-24
   1.3565876e+02   5.2271652e-24
   1.3597159e+02   5.2294971e-24
   1.3628514e+02   5.2318215e-24
   1.3659941e+02   5.2341384e-24
   1.3691441e+02   5.2364479e-24
   1.3723014e+02   5.2387499e-24
   1.3754659e+02   5.2410446e-24
   1.3786377e+02   5.2433320e-24
   1.3818169e+02   5.2456121e-24
   1.3850034e+02   5.2478849e-24
   1.3881972e+02   5.2501505e-24
   1.3913984e+02   5.2524090e-24
   1.3946070e+02   5.2546602e-24
   1.3978229e+02   5.2569044e-24
   1.4010463e+02   5.2591415e-24
   1.4042772e+02   5.2613716e-24
   1.4075154e+02   5.2635947e-24
   1.4107612e+02   5.2658108e-24
   1.4140144e+02   5.2680200e-24
   1.4172751e+02   5.2702223e-24
   1.4205434e+02   5.2724178e-24
   1.4238192e+02   5.2746065e-24
   1.4271025e+02   5.2767884e-24
   1.4303934e+02   5.2789636e-24
   1.4336919e+02   5.2811321e-24
   1.4369980e+02   5.2832940e-24
   1.4403117e+02   5.2854492e-24
   1.4436331e+02   5.2875979e-24
   1.4469621e+02   5.2897400e-24
   1.4502988e+02   5.2918757e-24
   1.4536432e+02   5.2940048e-24
   1.4569954e+02   5.2961276e-24
   1.4603552e+02   5.2982440e-24
   1.4637228e+02   5.3003540e-24
   1.4670981e+02   5.3024577e-24
   1.4704813e+02   5.3045552e-24
   1.4738722e+02   5.3066464e-24
   1.4772710e+02   5.3087315e-24
   1.4806776e+02   5.3108104e-24
   1.4840920e+02   5.3128831e-24
   1.4875144e+02   5.3149499e-24
   1.4909446e+02   5.3170105e-24
   1.4943827e+02   5.3190652e-24
   1.4978288e+02   5.3211140e-24
   1.5012828e+02   5.3231568e-24
   1.5047447e+02   5.3251937e-24
   1.5082147e+02   5.3272248e-24
   1.5116927e+02   5.3292501e-24
   1.5151786e+02   5.3312697e-24
   1.5186726e+02   5.3332835e-24
   1.5221747e+02   5.3352916e-24
   1.5256849e+02   5.3372941e-24
   1.5292031e+02   5.3392910e-24
   1.5327295e+02   5.3412823e-24
   1.5362639e+02   5.3432682e-24
   1.5398066e+02   5.3452485e-24
   1.5433574e+02   5.3472234e-24
   1.5469164e+02   5.3491928e-24
   1.5504836e+02   5.3511569e-24
   1.5540590e+02   5.3531157e-24
   1.5576427e+02   5.3550692e-24
   1.5612346e+02   5.3570174e-24
   1.5648348e+02   5.3589604e-24
   1.5684434e+02   5.3608983e-24
   1.5720602e+02   5.3628310e-24
   1.5756854e+02   5.3647586e-24
   1.5793189e+02   5.3666812e-24
   1.5829608e+02   5.3685987e-24
   1.5866112e+02   5.3705113e-24
   1.5902699e+02   5.3724190e-24
   1.5939371e+02   5.3743217e-24
   1.5976127e+02   5.3762196e-24
   1.6012968e+02   5.3781127e-24
   1.6049894e+02   5.3800010e-24
   1.6086905e+02   5.3818845e-24
   1.6124002e+02   5.3837634e-24
   1.6161184e+02   5.3856376e-24
   1.6198452e+02   5.3875071e-24
   1.6235805e+02   5.3893721e-24
   1.6273245e+02   5.3912326e-24
   1.6310772e+02   5.3930885e-24
   1.6348384e+02   5.3949400e-24
   1.6386084e+02   5.3967871e-24
   1.6423870e+02   5.3986297e-24
   1.6461744e+02   5.4004681e-24
   1.6499705e+02   5.4023021e-24
   1.6537753e+02   5.4041318e-24
   1.6575889e+02   5.4059573e-24
   1.6614114e+02   5.4077787e-24
   1.6652426e+02   5.4095959e-24
   1.6690826e+02   5.4114089e-24
   1.6729316e+02   5.4132179e-24
   1.6767894e+02   5.4150229e-24
   1.6806560e+02   5.4168239e-24
   1.6845316e+02   5.4186209e-24
   1.6884162e+02   5.4204140e-24
   1.6923097e+02   5.4222032e-24
   1.6962122e+02   5.4239886e-24
   1.7001236e+02   5.4257702e-24
   1.7040441e+02   5.4275480e-24
   1.7079737e+02   5.4293222e-24
   1.7119123e+02   5.4310926e-24
   1.7158600e+02   5.4328594e-24
   1.7198168e+02   5.4346226e-24
   1.7237827e+02   5.4363822e-24
   1.7277577e+02   5.4381383e-24
   1.7317419e+02   5.4398910e-24
   1.7357354e+02   5.4416402e-24
   1.7397380e+02   5.4433859e-24
   1.7437498e+02   5.4451283e-24
   1.7477709e+02   5.4468674e-24
   1.7518013e+02   5.4486032e-24
   1.7558410e+02   5.4503358e-24
   1.7598899e+02   5.4520651e-24
   1.7639483e+02   5.4537913e-24
   1.7680159e+02   5.4555143e-24
   1.7720930e+02   5.4572342e-24
   1.7761795e+02   5.4589511e-24
   1.7802753e+02   5.4606649e-24
   1.7843807e+02   5.4623758e-24
   1.7884955e+02   5.4640838e-24
   1.7926198e+02   5.4657888e-24
   1.7967535e+02   5.4674910e-24
   1.8008969e+02   5.4691904e-24
   1.8050498e+02   5.4708869e-24
   1.8092122e+02   5.4725808e-24
   1.8133843e+02   5.4742719e-24
   1.8175659e+02   5.4759604e-24
   1.8217573e+02   5.4776462e-24
   1.8259583e+02   5.4793295e-24
   1.8301689e+02   5.4810102e-24
   1.8343893e+02   5.4826883e-24
   1.8386194e+02   5.4843640e-24
   1.8428593e+02   5.4860373e-24
   1.8471089e+02   5.4877082e-24
   1.8513684e+02   5.4893767e-24
   1.8556377e+02   5.4910429e-24
   1.8599168e+02   5.4927069e-24
   1.8642058e+02   5.4943686e-24
   1.8685046e+02   5.4960280e-24
   1.8728134e+02   5.4976854e-24
   1.8771321e+02   5.4993406e-24
   1.8814608e+02   5.5009937e-24
   1.8857995e+02   5.5026447e-24
   1.8901482e+02   5.5042938e-24
   1.8945068e+02   5.5059409e-24
   1.8988756e+02   5.5075860e-24
   1.9032544e+02   5.5092293e-24
   1.9076433e+02   5.5108707e-24
   1.9120424e+02   5.5125103e-24
   1.9164516e+02   5.5141481e-24
   1.9208709e+02   5.5157842e-24
   1.9253005e+02   5.5174185e-24
   1.9297402e+02   5.5190512e-24
   1.9341902e+02   5.5206823e-24
   1.9386505e+02   5.5223118e-24
   1.9431210e+02   5.5239398e-24
   1.9476019e+02   5.5255662e-24
   1.9520930e+02   5.5271912e-24
   1.9565946e+02   5.5288147e-24
   1.9611065e+02   5.5304368e-24
   1.9656288e+02   5.5320576e-24
   1.9701616e+02   5.5336771e-24
   1.9747048e+02   5.5352953e-24
   1.9792585e+02   5.5369122e-24
   1.9838227e+02   5.5385280e-24
   1.9883974e+02   5.5401426e-24
   1.9929826e+02   5.5417560e-24
   1.9975785e+02   5.5433684e-24
   2.0021849e+02   5.5449797e-24
   2.0068020e+02   5.5465901e-24
   2.0114297e+02   5.5481994e-24
   2.0160680e+02   5.5498078e-24
   2.0207171e+02   5.5514153e-24
   2.0253769e+02   5.5530220e-24
   2.0300474e+02   5.5546278e-24
   2.0347287e+02   5.5562329e-24
   2.0394208e+02   5.5578372e-24
   2.0441237e+02   5.5594408e-24
   2.0488375e+02   5.5610438e-24
   2.0535621e+02   5.5626461e-24
   2.0582977e+02   5.5642478e-24
   2.0630441e+02   5.5658490e-24
   2.0678015e+02   5.5674496e-24
   2.0725699e+02   5.5690498e-24
   2.0773492e+02   5.5706496e-24
   2.0821396e+02   5.5722489e-24
   2.0869411e+02   5.5738479e-24
   2.0917536e+02   5.5754466e-24
   2.0965772e+02   5.5770450e-24
   2.1014119e+02   5.5786431e-24
   2.1062578e+02   5.5802410e-24
   2.1111148e+02   5.5818388e-24
   2.1159831e+02   5.5834364e-24
   2.1208625e+02   5.5850340e-24
   2.1257533e+02   5.5866315e-24
   2.1306553e+02   5.5882289e-24
   2.1355686e+02   5.5898264e-24
   2.1404932e+02   5.5914240e-24
   2.1454292e+02   5.5930216e-24
   2.1503766e+02   5.5946194e-24
   2.1553354e+02   5.5962173e-24
   2.1603056e+02   5.5978155e-24
   2.1652873e+02   5.5994139e-24
   2.1702804e+02   5.6010126e-24
   2.1752851e+02   5.6026117e-24
   2.1803013e+02   5.6042111e-24
   2.1853291e+02   5.6058109e-24
   2.1903685e+02   5.6074111e-24
   2.1954195e+02   5.6090118e-24
   2.2004822e+02   5.6106131e-24
   2.2055565e+02   5.6122149e-24
   2.2106425e+02   5.6138173e-24
   2.2157403e+02   5.6154203e-24
   2.2208498e+02   5.6170240e-24
   2.2259711e+02   5.6186284e-24
   2.2311042e+02   5.6202335e-24
   2.2362491e+02   5.6218395e-24
   2.2414060e+02   5.6234462e-24
   2.2465747e+02   5.6250539e-24
   2.2517553e+02   5.6266624e-24
   2.2569478e+02   5.6282718e-24
   2.2621524e+02   5.6298823e-24
   2.2673689e+02   5.6314937e-24
   2.2725975e+02   5.6331062e-24
   2.2778381e+02   5.6347198e-24
   2.2830908e+02   5.6363345e-24
   2.2883556e+02   5.6379504e-24
   2.2936326e+02   5.6395675e-24
   2.2989217e+02   5.6411859e-24
   2.3042231e+02   5.6428055e-24
   2.3095366e+02   5.6444265e-24
   2.3148624e+02   5.6460488e-24
   2.3202005e+02   5.6476725e-24
   2.3255509e+02   5.6492976e-24
   2.3309137e+02   5.6509243e-24
   2.3362888e+02   5.6525524e-24
   2.3416763e+02   5.6541821e-24
   2.3470762e+02   5.6558134e-24
   2.3524886e+02   5.6574463e-24
   2.3579134e+02   5.6590808e-24
   2.3633508e+02   5.6607171e-24
   2.3688007e+02   5.6623552e-24
   2.3742632e+02   5.6639950e-24
   2.3797382e+02   5.6656366e-24
   2.3852259e+02   5.6672801e-24
   2.3907263e+02   5.6689255e-24
   2.3962393e+02   5.6705728e-24
   2.4017651e+02   5.6722221e-24
   2.4073036e+02   5.6738734e-24
   2.4128548e+02   5.6755268e-24
   2.4184189e+02   5.6771823e-24
   2.4239958e+02   5.6788399e-24
   2.4295855e+02   5.6804996e-24
   2.4351882e+02   5.6821616e-24
   2.4408037e+02   5.6838258e-24
   2.4464322e+02   5.6854923e-24
   2.4520737e+02   5.6871612e-24
   2.4577282e+02   5.6888324e-24
   2.4633958e+02   5.6905060e-24
   2.4690764e+02   5.6921820e-24
   2.4747701e+02   5.6938605e-24
   2.4804769e+02   5.6955416e-24
   2.4861969e+02   5.6972252e-24
   2.4919301e+02   5.6989114e-24
   2.4976765e+02   5.7006002e-24
   2.5034362e+02   5.7022917e-24
   2.5092091e+02   5.7039860e-24
   2.5149954e+02   5.7056829e-24
   2.5207950e+02   5.7073827e-24
   2.5266080e+02   5.7090853e-24
   2.5324343e+02   5.7107908e-24
   2.5382742e+02   5.7124992e-24
   2.5441274e+02   5.7142105e-24
   2.5499942e+02   5.7159249e-24
   2.5558745e+02   5.7176422e-24
   2.5617684e+02   5.7193626e-24
   2.5676758e+02   5.7210862e-24
   2.5735969e+02   5.7228128e-24
   2.5795317e+02   5.7245427e-24
   2.5854801e+02   5.7262758e-24
   2.5914422e+02   5.7280121e-24
   2.5974181e+02   5.7297518e-24
   2.6034078e+02   5.7314948e-24
   2.6094112e+02   5.7332412e-24
   2.6154286e+02   5.7349910e-24
   2.6214598e+02   5.7367443e-24
   2.6275049e+02   5.7385011e-24
   2.6335639e+02   5.7402614e-24
   2.6396369e+02   5.7420253e-24
   2.6457240e+02   5.7437928e-24
   2.6518250e+02   5.7455640e-24
   2.6579401e+02   5.7473389e-24
   2.6640694e+02   5.7491175e-24
   2.6702127e+02   5.7508999e-24
   2.6763703e+02   5.7526862e-24
   2.6825420e+02   5.7544763e-24
   2.6887280e+02   5.7562702e-24
   2.6949282e+02   5.7580682e-24
   2.7011427e+02   5.7598701e-24
   2.7073716e+02   5.7616761e-24
   2.7136148e+02   5.7634861e-24
   2.7198724e+02   5.7653002e-24
   2.7261444e+02   5.7671184e-24
   2.7324310e+02   5.7689409e-24
   2.7387320e+02   5.7707675e-24
   2.7450475e+02   5.7725985e-24
   2.7513776e+02   5.7744337e-24
   2.7577223e+02   5.7762733e-24
   2.7640816e+02   5.7781173e-24
   2.7704556e+02   5.7799657e-24
   2.7768443e+02   5.7818185e-24
   2.7832477e+02   5.7836759e-24
   2.7896659e+02   5.7855378e-24
   2.7960989e+02   5.7874043e-24
   2.8025467e+02   5.7892755e-24
   2.8090094e+02   5.7911513e-24
   2.8154870e+02   5.7930318e-24
   2.8219796e+02   5.7949171e-24
   2.8284871e+02   5.7968072e-24
   2.8350096e+02   5.7987021e-24
   2.8415471e+02   5.8006019e-24
   2.8480998e+02   5.8025066e-24
   2.8546675e+02   5.8044163e-24
   2.8612504e+02   5.8063310e-24
   2.8678485e+02   5.8082507e-24
   2.8744617e+02   5.8101755e-24
   2.8810903e+02   5.8121054e-24
   2.8877341e+02   5.8140405e-24
   2.8943932e+02   5.8159808e-24
   2.9010677e+02   5.8179264e-24
   2.9077576e+02   5.8198772e-24
   2.9144629e+02   5.8218334e-24
   2.9211837e+02   5.8237950e-24
   2.9279200e+02   5.8257619e-24
   2.9346718e+02   5.8277344e-24
   2.9414391e+02   5.8297123e-24
   2.9482221e+02   5.8316958e-24
   2.9550207e+02   5.8336849e-24
   2.9618350e+02   5.8356796e-24
   2.9686651e+02   5.8376799e-24
   2.9755108e+02   5.8396860e-24
   2.9823724e+02   5.8416979e-24
   2.9892498e+02   5.8437155e-24
   2.9961430e+02   5.8457390e-24
   3.0030521e+02   5.8477683e-24
   3.0099772e+02   5.8498036e-24
   3.0169182e+02   5.8518449e-24
   3.0238752e+02   5.8538921e-24
   3.0308483e+02   5.8559455e-24
   3.0378375e+02   5.8580049e-24
   3.0448428e+02   5.8600704e-24
   3.0518642e+02   5.8621422e-24
   3.0589018e+02   5.8642201e-24
   3.0659557e+02   5.8663044e-24
   3.0730258e+02   5.8683949e-24
   3.0801122e+02   5.8704918e-24
   3.0872150e+02   5.8725951e-24
   3.0943341e+02   5.8747048e-24
   3.1014697e+02   5.8768211e-24
   3.1086217e+02   5.8789438e-24
   3.1157902e+02   5.8810731e-24
   3.1229752e+02   5.8832091e-24
   3.1301768e+02   5.8853517e-24
   3.1373950e+02   5.8875010e-24
   3.1446299e+02   5.8896570e-24
   3.1518814e+02   5.8918199e-24
   3.1591497e+02   5.8939895e-24
   3.1664347e+02   5.8961661e-24
   3.1737365e+02   5.8983496e-24
   3.1810552e+02   5.9005400e-24
   3.1883907e+02   5.9027374e-24
   3.1957432e+02   5.9049420e-24
   3.2031126e+02   5.9071536e-24
   3.2104990e+02   5.9093723e-24
   3.2179024e+02   5.9115983e-24
   3.2253229e+02   5.9138314e-24
   3.2327606e+02   5.9160719e-24
   3.2402153e+02   5.9183197e-24
   3.2476873e+02   5.9205748e-24
   3.2551765e+02   5.9228374e-24
   3.2626829e+02   5.9251074e-24
   3.2702067e+02   5.9273849e-24
   3.2777478e+02   5.9296700e-24
   3.2853063e+02   5.9319627e-24
   3.2928823e+02   5.9342630e-24
   3.3004757e+02   5.9365710e-24
   3.3080866e+02   5.9388867e-24
   3.3157151e+02   5.9412102e-24
   3.3233612e+02   5.9435415e-24
   3.3310249e+02   5.9458807e-24
   3.3387062e+02   5.9482278e-24
   3.3464053e+02   5.9505828e-24
   3.3541221e+02   5.9529459e-24
   3.3618568e+02   5.9553170e-24
   3.3696092e+02   5.9576962e-24
   3.3773796e+02   5.9600835e-24
   3.3851679e+02   5.9624791e-24
   3.3929741e+02   5.9648828e-24
   3.4007983e+02   5.9672949e-24
   3.4086406e+02   5.9697153e-24
   3.4165009e+02   5.9721440e-24
   3.4243794e+02   5.9745812e-24
   3.4322760e+02   5.9770269e-24
   3.4401909e+02   5.9794810e-24
   3.4481240e+02   5.9819437e-24
   3.4560754e+02   5.9844151e-24
   3.4640451e+02   5.9868951e-24
   3.4720333e+02   5.9893837e-24
   3.4800398e+02   5.9918812e-24
   3.4880648e+02   5.9943874e-24
   3.4961083e+02   5.9969025e-24
   3.5041703e+02   5.9994265e-24
   3.5122510e+02   6.0019594e-24
   3.5203503e+02   6.0045013e-24
   3.5284682e+02   6.0070523e-24
   3.5366049e+02   6.0096123e-24
   3.5447603e+02   6.0121815e-24
   3.5529346e+02   6.0147598e-24
   3.5611277e+02   6.0173474e-24
   3.5693397e+02   6.0199442e-24
   3.5775706e+02   6.0225504e-24
   3.5858205e+02   6.0251659e-24
   3.5940894e+02   6.0277909e-24
   3.6023774e+02   6.0304253e-24
   3.6106845e+02   6.0330693e-24
   3.6190108e+02   6.0357228e-24
   3.6273563e+02   6.0383860e-24
   3.6357210e+02   6.0410588e-24
   3.6441050e+02   6.0437413e-24
   3.6525083e+02   6.0464336e-24
   3.6609310e+02   6.0491357e-24
   3.6693731e+02   6.0518477e-24
   3.6778347e+02   6.0545696e-24
   3.6863159e+02   6.0573015e-24
   3.6948165e+02   6.0600433e-24
   3.7033368e+02   6.0627952e-24
   3.7118767e+02   6.0655573e-24
   3.7204364e+02   6.0683295e-24
   3.7290157e+02   6.0711119e-24
   3.7376148e+02   6.0739046e-24
   3.7462338e+02   6.0767076e-24
   3.7548727e+02   6.0795209e-24
   3.7635314e+02   6.0823447e-24
   3.7722102e+02   6.0851790e-24
   3.7809089e+02   6.0880237e-24
   3.7896277e+02   6.0908790e-24
   3.7983666e+02   6.0937450e-24
   3.8071257e+02   6.0966216e-24
   3.8159049e+02   6.0995089e-24
   3.8247044e+02   6.1024070e-24
   3.8335242e+02   6.1053160e-24
   3.8423644e+02   6.1082358e-24
   3.8512249e+02   6.1111665e-24
   3.8601059e+02   6.1141082e-24
   3.8690073e+02   6.1170610e-24
   3.8779292e+02   6.1200248e-24
   3.8868718e+02   6.1229998e-24
   3.8958349e+02   6.1259860e-24
   3.9048188e+02   6.1289834e-24
   3.9138233e+02   6.1319921e-24
   3.9228486e+02   6.1350121e-24
   3.9318947e+02   6.1380436e-24
   3.9409617e+02   6.1410865e-24
   3.9500496e+02   6.1441409e-24
   3.9591584e+02   6.1472069e-24
   3.9682883e+02   6.1502844e-24
   3.9774392e+02   6.1533737e-24
   3.9866112e+02   6.1564747e-24
   3.9958044e+02   6.1595874e-24
   4.0050187e+02   6.1627120e-24
   4.0142543e+02   6.1658485e-24
   4.0235112e+02   6.1689969e-24
   4.0327895e+02   6.1721574e-24
   4.0420891e+02   6.1753298e-24
   4.0514102e+02   6.1785144e-24
   4.0607528e+02   6.1817111e-24
   4.0701169e+02   6.1849201e-24
   4.0795026e+02   6.1881413e-24
   4.0889100e+02   6.1913749e-24
   4.0983390e+02   6.1946209e-24
   4.1077898e+02   6.1978793e-24
   4.1172624e+02   6.2011502e-24
   4.1267569e+02   6.2044337e-24
   4.1362732e+02   6.2077298e-24
   4.1458115e+02   6.2110386e-24
   4.1553718e+02   6.2143601e-24
   4.1649541e+02   6.2176944e-24
   4.1745585e+02   6.2210416e-24
   4.1841851e+02   6.2244017e-24
   4.1938338e+02   6.2277748e-24
   4.2035048e+02   6.2311609e-24
   4.2131982e+02   6.2345602e-24
   4.2229138e+02   6.2379726e-24
   4.2326519e+02   6.2413982e-24
   4.2424124e+02   6.2448372e-24
   4.2521955e+02   6.2482895e-24
   4.2620010e+02   6.2517553e-24
   4.2718293e+02   6.2552345e-24
   4.2816801e+02   6.2587273e-24
   4.2915537e+02   6.2622338e-24
   4.3014501e+02   6.2657540e-24
   4.3113692e+02   6.2692880e-24
   4.3213113e+02   6.2728359e-24
   4.3312763e+02   6.2763977e-24
   4.3412642e+02   6.2799736e-24
   4.3512752e+02   6.2835635e-24
   4.3613093e+02   6.2871677e-24
   4.3713665e+02   6.2907862e-24
   4.3814469e+02   6.2944191e-24
   4.3915506e+02   6.2980665e-24
   4.4016775e+02   6.3017285e-24
   4.4118278e+02   6.3054053e-24
   4.4220015e+02   6.3090969e-24
   4.4321987e+02   6.3128035e-24
   4.4424194e+02   6.3165252e-24
   4.4526636e+02   6.3202623e-24
   4.4629315e+02   6.3240148e-24
   4.4732231e+02   6.3277830e-24
   4.4835383e+02   6.3315670e-24
   4.4938774e+02   6.3353672e-24
   4.5042403e+02   6.3391839e-24
   4.5146271e+02   6.3430172e-24
   4.5250379e+02   6.3468676e-24
   4.5354727e+02   6.3507356e-24
   4.5459315e+02   6.3546216e-24
   4.5564145e+02   6.3585263e-24
   4.5669216e+02   6.3624504e-24
   4.5774529e+02   6.3663947e-24
   4.5880086e+02   6.3703605e-24
   4.5985886e+02   6.3743491e-24
   4.6091930e+02   6.3783622e-24
   4.6198218e+02   6.3824022e-24
   4.6304751e+02   6.3864721e-24
   4.6411530e+02   6.3905758e-24
   4.6518556e+02   6.3947189e-24
   4.6625828e+02   6.3989088e-24
   4.6733347e+02   6.4031564e-24
   4.6841115e+02   6.4074777e-24
   4.6949131e+02   6.4118966e-24
   4.7057396e+02   6.4164516e-24
   4.7165911e+02   6.4212058e-24
   4.7274676e+02   6.4262709e-24
   4.7383691e+02   6.4318588e-24
   4.7492958e+02   6.4384131e-24
   4.7602478e+02   6.4469984e-24
   4.7712249e+02   6.4607366e-24
   4.7822274e+02   6.4924063e-24
   4.7932553e+02   6.6482760e-24
   4.8043085e+02   4.0983074e-23
   4.8153873e+02   6.6245379e-24
   4.8264916e+02   6.5036209e-24
   4.8376216e+02   6.4836541e-24
   4.8487772e+02   6.4793715e-24
   4.8599585e+02   6.4797040e-24
   4.8711656e+02   6.4818737e-24
   4.8823985e+02   6.4849216e-24
   4.8936574e+02   6.4884453e-24
   4.9049422e+02   6.4922527e-24
   4.9162530e+02   6.4962423e-24
   4.9275899e+02   6.5003566e-24
   4.9389530e+02   6.5045612e-24
   4.9503423e+02   6.5088343e-24
   4.9617578e+02   6.5131618e-24
   4.9731996e+02   6.5175340e-24
   4.9846679e+02   6.5219443e-24
   4.9961626e+02   6.5263879e-24
   5.0076837e+02   6.5308615e-24
   5.0192315e+02   6.5353624e-24
   5.0308059e+02   6.5398888e-24
   5.0424070e+02   6.5444393e-24
   5.0540348e+02   6.5490128e-24
   5.0656894e+02   6.5536083e-24
   5.0773710e+02   6.5582253e-24
   5.0890794e+02   6.5628633e-24
   5.1008149e+02   6.5675217e-24
   5.1125774e+02   6.5722004e-24
   5.1243670e+02   6.5768990e-24
   5.1361839e+02   6.5816174e-24
   5.1480279e+02   6.5863554e-24
   5.1598993e+02   6.5911128e-24
   5.1717981e+02   6.5958897e-24
   5.1837243e+02   6.6006859e-24
   5.1956780e+02   6.6055014e-24
   5.2076593e+02   6.6103361e-24
   5.2196682e+02   6.6151901e-24
   5.2317048e+02   6.6200634e-24
   5.2437691e+02   6.6249558e-24
   5.2558613e+02   6.6298675e-24
   5.2679814e+02   6.6347985e-24
   5.2801294e+02   6.6397488e-24
   5.2923054e+02   6.6447184e-24
   5.3045095e+02   6.6497073e-24
   5.3167417e+02   6.6547157e-24
   5.3290022e+02   6.6597435e-24
   5.3412909e+02   6.6647908e-24
   5.3536079e+02   6.6698576e-24
   5.3659534e+02   6.6749439e-24
   5.3783273e+02   6.6800500e-24
   5.3907298e+02   6.6851757e-24
   5.4031609e+02   6.6903211e-24
   5.4156206e+02   6.6954863e-24
   5.4281090e+02   6.7006714e-24
   5.4406263e+02   6.7058764e-24
   5.4531724e+02   6.7111014e-24
   5.4657475e+02   6.7163464e-24
   5.4783515e+02   6.7216114e-24
   5.4909847e+02   6.7268967e-24
   5.5036469e+02   6.7322021e-24
   5.5163384e+02   6.7375278e-24
   5.5290591e+02   6.7428739e-24
   5.5418091e+02   6.7482403e-24
   5.5545886e+02   6.7536272e-24
   5.5673975e+02   6.7590347e-24
   5.5802360e+02   6.7644627e-24
   5.5931040e+02   6.7699114e-24
   5.6060018e+02   6.7753809e-24
   5.6189293e+02   6.7808711e-24
   5.6318866e+02   6.7863822e-24
   5.6448737e+02   6.7919142e-24
   5.6578909e+02   6.7974673e-24
   5.6709380e+02   6.8030414e-24
   5.6840152e+02   6.8086366e-24
   5.6971226e+02   6.8142530e-24
   5.7102602e+02   6.8198907e-24
   5.7234281e+02   6.8255497e-24
   5.7366264e+02   6.8312301e-24
   5.7498551e+02   6.8369320e-24
   5.7631143e+02   6.8426555e-24
   5.7764041e+02   6.8484005e-24
   5.7897245e+02   6.8541673e-24
   5.8030757e+02   6.8599558e-24
   5.8164576e+02   6.8657661e-24
   5.8298704e+02   6.8715983e-24
   5.8433141e+02   6.8774525e-24
   5.8567889e+02   6.8833287e-24
   5.8702947e+02   6.8892270e-24
   5.8838316e+02   6.8951475e-24
   5.8973998e+02   6.9010902e-24
   5.9109992e+02   6.9070552e-24
   5.9246300e+02   6.9130427e-24
   5.9382923e+02   6.9190526e-24
   5.9519860e+02   6.9250850e-24
   5.9657113e+02   6.9311400e-24
   5.9794683e+02   6.9372177e-24
   5.9932570e+02   6.9433181e-24
   6.0070775e+02   6.9494414e-24
   6.0209299e+02   6.9555875e-24
   6.0348142e+02   6.9617566e-24
   6.0487305e+02   6.9679488e-24
   6.0626789e+02   6.9741640e-24
   6.0766595e+02   6.9804025e-24
   6.0906723e+02   6.9866641e-24
   6.1047175e+02   6.9929491e-24
   6.1187950e+02   6.9992575e-24
   6.1329050e+02   7.0055894e-24
   6.1470475e+02   7.0119448e-24
   6.1612226e+02   7.0183239e-24
   6.1754305e+02   7.0247266e-24
   6.1896711e+02   7.0311531e-24
   6.2039445e+02   7.0376034e-24
   6.2182508e+02   7.0440777e-24
   6.2325902e+02   7.0505759e-24
   6.2469626e+02   7.0570982e-24
   6.2613681e+02   7.0636447e-24
   6.2758069e+02   7.0702153e-24
   6.2902789e+02   7.0768102e-24
   6.3047844e+02   7.0834295e-24
   6.3193232e+02   7.0900732e-24
   6.3338957e+02   7.0967415e-24
   6.3485017e+02   7.1034343e-24
   6.3631414e+02   7.1101518e-24
   6.3778148e+02   7.1168940e-24
   6.3925221e+02   7.1236610e-24
   6.4072633e+02   7.1304529e-24
   6.4220385e+02   7.1372697e-24
   6.4368478e+02   7.1441116e-24
   6.4516912e+02   7.1509787e-24
   6.4665688e+02   7.1578709e-24
   6.4814808e+02   7.1647883e-24
   6.4964271e+02   7.1717311e-24
   6.5114080e+02   7.1786993e-24
   6.5264233e+02   7.1856931e-24
   6.5414733e+02   7.1927123e-24
   6.5565580e+02   7.1997573e-24
   6.5716775e+02   7.2068279e-24
   6.5868318e+02   7.2139244e-24
   6.6020211e+02   7.2210467e-24
   6.6172454e+02   7.2281950e-24
   6.6325048e+02   7.2353693e-24
   6.6477994e+02   7.2425697e-24
   6.6631293e+02   7.2497963e-24
   6.6784945e+02   7.2570492e-24
   6.6938952e+02   7.2643284e-24
   6.7093314e+02   7.2716340e-24
   6.7248031e+02   7.2789661e-24
   6.7403106e+02   7.2863248e-24
   6.7558538e+02   7.2937102e-24
   6.7714328e+02   7.3011223e-24
   6.7870478e+02   7.3085611e-24
   6.8026988e+02   7.3160269e-24
   6.8183859e+02   7.3235197e-24
   6.8341091e+02   7.3310394e-24
   6.8498686e+02   7.3385863e-24
   6.8656645e+02   7.3461605e-24
   6.8814967e+02   7.3537618e-24
   6.8973655e+02   7.3613906e-24
   6.9132709e+02   7.3690468e-24
   6.9292130e+02   7.3767305e-24
   6.9451918e+02   7.3844418e-24
   6.9612074e+02   7.3921807e-24
   6.9772600e+02   7.3999475e-24
   6.9933497e+02   7.4077420e-24
   7.0094764e+02   7.4155645e-24
   7.0256403e+02   7.4234150e-24
   7.0418415e+02   7.4312936e-24
   7.0580800e+02   7.4392003e-24
   7.0743560e+02   7.4471352e-24
   7.0906695e+02   7.4550985e-24
   7.1070206e+02   7.4630902e-24
   7.1234095e+02   7.4711103e-24
   7.1398361e+02   7.4791590e-24
   7.1563006e+02   7.4872363e-24
   7.1728031e+02   7.4953424e-24
   7.1893437e+02   7.5034773e-24
   7.2059223e+02   7.5116410e-24
   7.2225393e+02   7.5198337e-24
   7.2391945e+02   7.5280554e-24
   7.2558881e+02   7.5363063e-24
   7.2726203e+02   7.5445864e-24
   7.2893910e+02   7.5528958e-24
   7.3062004e+02   7.5612345e-24
   7.3230485e+02   7.5696027e-24
   7.3399355e+02   7.5780005e-24
   7.3568615e+02   7.5864278e-24
   7.3738265e+02   7.5948849e-24
   7.3908306e+02   7.6033717e-24
   7.4078739e+02   7.6118884e-24
   7.4249565e+02   7.6204351e-24
   7.4420785e+02   7.6290117e-24
   7.4592400e+02   7.6376185e-24
   7.4764410e+02   7.6462555e-24
   7.4936818e+02   7.6549228e-24
   7.5109623e+02   7.6636204e-24
   7.5282826e+02   7.6723485e-24
   7.5456429e+02   7.6811071e-24
   7.5630432e+02   7.6898963e-24
   7.5804836e+02   7.6987162e-24
   7.5979643e+02   7.7075669e-24
   7.6154852e+02   7.7164485e-24
   7.6330466e+02   7.7253609e-24
   7.6506485e+02   7.7343045e-24
   7.6682909e+02   7.7432791e-24
   7.6859741e+02   7.7522850e-24
   7.7036980e+02   7.7613221e-24
   7.7214628e+02   7.7703906e-24
   7.7392685e+02   7.7794905e-24
   7.7571153e+02   7.7886220e-24
   7.7750033e+02   7.7977851e-24
   7.7929325e+02   7.8069800e-24
   7.8109031e+02   7.8162066e-24
   7.8289151e+02   7.8254650e-24
   7.8469686e+02   7.8347555e-24
   7.8650638e+02   7.8440780e-24
   7.8832007e+02   7.8534326e-24
   7.9013794e+02   7.8628195e-24
   7.9196000e+02   7.8722386e-24
   7.9378627e+02   7.8816902e-24
   7.9561675e+02   7.8911742e-24
   7.9745144e+02   7.9006908e-24
   7.9929037e+02   7.9102400e-24
   8.0113354e+02   7.9198220e-24
   8.0298096e+02   7.9294367e-24
   8.0483264e+02   7.9390844e-24
   8.0668859e+02   7.9487651e-24
   8.0854882e+02   7.9584789e-24
   8.1041334e+02   7.9682258e-24
   8.1228216e+02   7.9780060e-24
   8.1415529e+02   7.9878196e-24
   8.1603274e+02   7.9976665e-24
   8.1791452e+02   8.0075470e-24
   8.1980064e+02   8.0174611e-24
   8.2169110e+02   8.0274089e-24
   8.2358593e+02   8.0373904e-24
   8.2548512e+02   8.0474058e-24
   8.2738870e+02   8.0574552e-24
   8.2929666e+02   8.0675386e-24
   8.3120903e+02   8.0776562e-24
   8.3312580e+02   8.0878079e-24
   8.3504700e+02   8.0979940e-24
   8.3697262e+02   8.1082145e-24
   8.3890269e+02   8.1184694e-24
   8.4083720e+02   8.1287589e-24
   8.4277618e+02   8.1390831e-24
   8.4471963e+02   8.1494421e-24
   8.4666756e+02   8.1598358e-24
   8.4861998e+02   8.1702645e-24
   8.5057690e+02   8.1807283e-24
   8.5253834e+02   8.1912271e-24
   8.5450430e+02   8.2017611e-24
   8.5647479e+02   8.2123304e-24
   8.5844983e+02   8.2229351e-24
   8.6042942e+02   8.2335753e-24
   8.6241358e+02   8.2442510e-24
   8.6440231e+02   8.2549624e-24
   8.6639563e+02   8.2657095e-24
   8.6839354e+02   8.2764924e-24
   8.7039607e+02   8.2873113e-24
   8.7240321e+02   8.2981661e-24
   8.7441498e+02   8.3090571e-24
   8.7643138e+02   8.3199842e-24
   8.7845244e+02   8.3309477e-24
   8.8047816e+02   8.3419475e-24
   8.8250855e+02   8.3529838e-24
   8.8454362e+02   8.3640566e-24
   8.8658338e+02   8.3751661e-24
   8.8862785e+02   8.3863124e-24
   8.9067703e+02   8.3974954e-24
   8.9273094e+02   8.4087154e-24
   8.9478959e+02   8.4199725e-24
   8.9685298e+02   8.4312666e-24
   8.9892113e+02   8.4425980e-24
   9.0099405e+02   8.4539666e-24
   9.0307175e+02   8.4653727e-24
   9.0515424e+02   8.4768163e-24
   9.0724153e+02   8.4882974e-24
   9.0933364e+02   8.4998163e-24
   9.1143057e+02   8.5113730e-24
   9.1353233e+02   8.5229675e-24
   9.1563894e+02   8.5346001e-24
   9.1775041e+02   8.5462707e-24
   9.1986675e+02   8.5579796e-24
   9.2198797e+02   8.5697269e-24
   9.2411408e+02   8.5815125e-24
   9.2624510e+02   8.5933368e-24
   9.2838103e+02   8.6051998e-24
   9.3052188e+02   8.6171017e-24
   9.3266767e+02   8.6290427e-24
   9.3481841e+02   8.6410231e-24
   9.3697411e+02   8.6530431e-24
   9.3913478e+02   8.6651031e-24
   9.4130043e+02   8.6772038e-24
   9.4347108e+02   8.6893461e-24
   9.4564673e+02   8.7015316e-24
   9.4782740e+02   8.7137633e-24
   9.5001309e+02   8.7260473e-24
   9.5220383e+02   8.7383986e-24
   9.5439962e+02   8.7508615e-24
   9.5660047e+02   8.7636237e-24
   9.5880640e+02   8.7784194e-24
   9.6101742e+02   8.9850491e-24
   9.6323353e+02   8.8022138e-24
   9.6545475e+02   8.8133417e-24
   9.6768110e+02   8.8256246e-24
   9.6991258e+02   8.8381313e-24
   9.7214920e+02   8.8507337e-24
   9.7439099e+02   8.8633987e-24
   9.7663794e+02   8.8761149e-24
   9.7889008e+02   8.8888775e-24
   9.8114740e+02   8.9016841e-24
   9.8340994e+02   8.9145337e-24
   9.8567769e+02   8.9274257e-24
   9.8795067e+02   8.9403596e-24
   9.9022889e+02   8.9533353e-24
   9.9251237e+02   8.9663528e-24
   9.9480111e+02   8.9794120e-24
   9.9709513e+02   8.9925129e-24
   9.9939443e+02   9.0056556e-24
   1.0016990e+03   9.0188401e-24
   1.0040090e+03   9.0320665e-24
   1.0063242e+03   9.0453348e-24
   1.0086448e+03   9.0586452e-24
   1.0109708e+03   9.0719977e-24
   1.0133021e+03   9.0853924e-24
   1.0156387e+03   9.0988294e-24
   1.0179808e+03   9.1123087e-24
   1.0203283e+03   9.1258306e-24
   1.0226812e+03   9.1393951e-24
   1.0250395e+03   9.1530022e-24
   1.0274032e+03   9.1666521e-24
   1.0297724e+03   9.1803448e-24
   1.0321471e+03   9.1940805e-24
   1.0345272e+03   9.2078593e-24
   1.0369129e+03   9.2216812e-24
   1.0393040e+03   9.2355464e-24
   1.0417006e+03   9.2494550e-24
   1.0441028e+03   9.2634070e-24
   1.0465105e+03   9.2774026e-24
   1.0489238e+03   9.2914418e-24
   1.0513426e+03   9.3055248e-24
   1.0537670e+03   9.3196516e-24
   1.0561970e+03   9.3338224e-24
   1.0586326e+03   9.3480373e-24
   1.0610738e+03   9.3622963e-24
   1.0635207e+03   9.3765996e-24
   1.0659731e+03   9.3909472e-24
   1.0684313e+03   9.4053394e-24
   1.0708951e+03   9.4197760e-24
   1.0733646e+03   9.4342574e-24
   1.0758398e+03   9.4487835e-24
   1.0783207e+03   9.4633545e-24
   1.0808073e+03   9.4779705e-24
   1.0832996e+03   9.4926316e-24
   1.0857977e+03   9.5073378e-24
   1.0883016e+03   9.5220894e-24
   1.0908112e+03   9.5368863e-24
   1.0933266e+03   9.5517287e-24
   1.0958479e+03   9.5666167e-24
   1.0983749e+03   9.5815504e-24
   1.1009078e+03   9.5965300e-24
   1.1034465e+03   9.6115554e-24
   1.1059910e+03   9.6266269e-24
   1.1085414e+03   9.6417444e-24
   1.1110977e+03   9.6569082e-24
   1.1136599e+03   9.6721183e-24
   1.1162281e+03   9.6873749e-24
   1.1188021e+03   9.7026780e-24
   1.1213820e+03   9.7180277e-24
   1.1239680e+03   9.7334242e-24
   1.1265598e+03   9.7488676e-24
   1.1291577e+03   9.7643579e-24
   1.1317615e+03   9.7798952e-24
   1.1343714e+03   9.7954798e-24
   1.1369873e+03   9.8111116e-24
   1.1396092e+03   9.8267908e-24
   1.1422371e+03   9.8425175e-24
   1.1448711e+03   9.8582918e-24
   1.1475112e+03   9.8741138e-24
   1.1501574e+03   9.8899836e-24
   1.1528096e+03   9.9059014e-24
   1.1554680e+03   9.9218671e-24
   1.1581325e+03   9.9378810e-24
   1.1608032e+03   9.9539432e-24
   1.1634800e+03   9.9700537e-24
   1.1661630e+03   9.9862126e-24
   1.1688522e+03   1.0002420e-23
   1.1715476e+03   1.0018676e-23
   1.1742492e+03   1.0034981e-23
   1.1769570e+03   1.0051335e-23
   1.1796711e+03   1.0067738e-23
   1.1823914e+03   1.0084190e-23
   1.1851180e+03   1.0100691e-23
   1.1878509e+03   1.0117242e-23
   1.1905901e+03   1.0133842e-23
   1.1933356e+03   1.0150491e-23
   1.1960875e+03   1.0167191e-23
   1.1988456e+03   1.0183940e-23
   1.2016102e+03   1.0200739e-23
   1.2043811e+03   1.0217587e-23
   1.2071584e+03   1.0234486e-23
   1.2099421e+03   1.0251436e-23
   1.2127323e+03   1.0268435e-23
   1.2155288e+03   1.0285485e-23
   1.2183319e+03   1.0302585e-23
   1.2211413e+03   1.0319737e-23
   1.2239573e+03   1.0336939e-23
   1.2267798e+03   1.0354191e-23
   1.2296087e+03   1.0371495e-23
   1.2324442e+03   1.0388850e-23
   1.2352862e+03   1.0406256e-23
   1.2381348e+03   1.0423714e-23
   1.2409900e+03   1.0441223e-23
   1.2438517e+03   1.0458783e-23
   1.2467200e+03   1.0476395e-23
   1.2495950e+03   1.0494059e-23
   1.2524766e+03   1.0511775e-23
   1.2553648e+03   1.0529543e-23
   1.2582597e+03   1.0547363e-23
   1.2611612e+03   1.0565235e-23
   1.2640695e+03   1.0583160e-23
   1.2669844e+03   1.0601137e-23
   1.2699061e+03   1.0619167e-23
   1.2728345e+03   1.0637249e-23
   1.2757697e+03   1.0655384e-23
   1.2787116e+03   1.0673572e-23
   1.2816603e+03   1.0691814e-23
   1.2846158e+03   1.0710108e-23
   1.2875782e+03   1.0728456e-23
   1.2905473e+03   1.0746857e-23
   1.2935233e+03   1.0765311e-23
   1.2965062e+03   1.0783820e-23
   1.2994960e+03   1.0802381e-23
   1.3024926e+03   1.0820997e-23
   1.3054962e+03   1.0839667e-23
   1.3085067e+03   1.0858391e-23
   1.3115241e+03   1.0877169e-23
   1.3145485e+03   1.0896002e-23
   1.3175798e+03   1.0914889e-23
   1.3206182e+03   1.0933830e-23
   1.3236635e+03   1.0952826e-23
   1.3267159e+03   1.0971877e-23
   1.3297753e+03   1.0990983e-23
   1.3328418e+03   1.1010144e-23
   1.3359154e+03   1.1029361e-23
   1.3389960e+03   1.1048632e-23
   1.3420837e+03   1.1067959e-23
   1.3451786e+03   1.1087341e-23
   1.3482806e+03   1.1106780e-23
   1.3513897e+03   1.1126273e-23
   1.3545060e+03   1.1145823e-23
   1.3576295e+03   1.1165429e-23
   1.3607602e+03   1.1185091e-23
   1.3638982e+03   1.1204809e-23
   1.3670433e+03   1.1224584e-23
   1.3701957e+03   1.1244415e-23
   1.3733554e+03   1.1264302e-23
   1.3765224e+03   1.1284247e-23
   1.3796966e+03   1.1304248e-23
   1.3828782e+03   1.1324307e-23
   1.3860672e+03   1.1344422e-23
   1.3892634e+03   1.1364595e-23
   1.3924671e+03   1.1384825e-23
   1.3956781e+03   1.1405112e-23
   1.3988966e+03   1.1425458e-23
   1.4021224e+03   1.1445861e-23
   1.4053558e+03   1.1466322e-23
   1.4085965e+03   1.1486841e-23
   1.4118448e+03   1.1507418e-23
   1.4151005e+03   1.1528054e-23
   1.4183637e+03   1.1548748e-23
   1.4216345e+03   1.1569501e-23
   1.4249128e+03   1.1590314e-23
   1.4281986e+03   1.1611187e-23
   1.4314921e+03   1.1632125e-23
   1.4347931e+03   1.1653139e-23
   1.4381017e+03   1.1674343e-23
   1.4414180e+03   1.1724072e-23
   1.4447419e+03   1.1716554e-23
   1.4480735e+03   1.1737670e-23
   1.4514128e+03   1.1758933e-23
   1.4547598e+03   1.1780269e-23
   1.4581144e+03   1.1801669e-23
   1.4614769e+03   1.1823130e-23
   1.4648470e+03   1.1844653e-23
   1.4682250e+03   1.1866236e-23
   1.4716107e+03   1.1887880e-23
   1.4750043e+03   1.1909584e-23
   1.4784056e+03   1.1931350e-23
   1.4818149e+03   1.1953176e-23
   1.4852319e+03   1.1975063e-23
   1.4886569e+03   1.1997011e-23
   1.4920897e+03   1.2019020e-23
   1.4955305e+03   1.2041091e-23
   1.4989792e+03   1.2063223e-23
   1.5024359e+03   1.2085417e-23
   1.5059005e+03   1.2107673e-23
   1.5093731e+03   1.2129990e-23
   1.5128538e+03   1.2152369e-23
   1.5163424e+03   1.2174811e-23
   1.5198391e+03   1.2197314e-23
   1.5233439e+03   1.2219880e-23
   1.5268567e+03   1.2242509e-23
   1.5303776e+03   1.2265200e-23
   1.5339067e+03   1.2287954e-23
   1.5374439e+03   1.2310771e-23
   1.5409893e+03   1.2333651e-23
   1.5445428e+03   1.2356594e-23
   1.5481045e+03   1.2379600e-23
   1.5516745e+03   1.2402670e-23
   1.5552526e+03   1.2425803e-23
   1.5588391e+03   1.2449001e-23
   1.5624338e+03   1.2472262e-23
   1.5660367e+03   1.2495586e-23
   1.5696480e+03   1.2518976e-23
   1.5732677e+03   1.2542429e-23
   1.5768956e+03   1.2565947e-23
   1.5805320e+03   1.2589529e-23
   1.5841767e+03   1.2613176e-23
   1.5878298e+03   1.2636888e-23
   1.5914913e+03   1.2660664e-23
   1.5951613e+03   1.2684506e-23
   1.5988398e+03   1.2708413e-23
   1.6025267e+03   1.2732386e-23
   1.6062222e+03   1.2756424e-23
   1.6099261e+03   1.2780527e-23
   1.6136386e+03   1.2804696e-23
   1.6173597e+03   1.2828932e-23
   1.6210893e+03   1.2853233e-23
   1.6248276e+03   1.2877601e-23
   1.6285744e+03   1.2902035e-23
   1.6323300e+03   1.2926535e-23
   1.6360941e+03   1.2951102e-23
   1.6398670e+03   1.2975736e-23
   1.6436485e+03   1.3000436e-23
   1.6474388e+03   1.3025204e-23
   1.6512378e+03   1.3050039e-23
   1.6550456e+03   1.3074941e-23
   1.6588621e+03   1.3099911e-23
   1.6626874e+03   1.3124949e-23
   1.6665216e+03   1.3150054e-23
   1.6703646e+03   1.3175227e-23
   1.6742165e+03   1.3200468e-23
   1.6780773e+03   1.3225778e-23
   1.6819469e+03   1.3251156e-23
   1.6858255e+03   1.3276602e-23
   1.6897130e+03   1.3302117e-23
   1.6936095e+03   1.3327700e-23
   1.6975150e+03   1.3353353e-23
   1.7014295e+03   1.3379075e-23
   1.7053530e+03   1.3404866e-23
   1.7092855e+03   1.3430726e-23
   1.7132272e+03   1.3456656e-23
   1.7171779e+03   1.3482656e-23
   1.7211377e+03   1.3508725e-23
   1.7251067e+03   1.3534865e-23
   1.7290848e+03   1.3561074e-23
   1.7330721e+03   1.3587354e-23
   1.7370685e+03   1.3613704e-23
   1.7410742e+03   1.3640125e-23
   1.7450892e+03   1.3666616e-23
   1.7491133e+03   1.3693179e-23
   1.7531468e+03   1.3719812e-23
   1.7571896e+03   1.3746517e-23
   1.7612417e+03   1.3773293e-23
   1.7653031e+03   1.3800140e-23
   1.7693739e+03   1.3827059e-23
   1.7734541e+03   1.3854050e-23
   1.7775437e+03   1.3881113e-23
   1.7816427e+03   1.3908248e-23
   1.7857512e+03   1.3935455e-23
   1.7898692e+03   1.3962734e-23
   1.7939966e+03   1.3990086e-23
   1.7981336e+03   1.4017511e-23
   1.8022801e+03   1.4045009e-23
   1.8064362e+03   1.4072579e-23
   1.8106018e+03   1.4100223e-23
   1.8147771e+03   1.4127940e-23
   1.8189620e+03   1.4155731e-23
   1.8231565e+03   1.4183595e-23
   1.8273607e+03   1.4211533e-23
   1.8315746e+03   1.4239545e-23
   1.8357983e+03   1.4267631e-23
   1.8400316e+03   1.4295792e-23
   1.8442748e+03   1.4324027e-23
   1.8485277e+03   1.4352336e-23
   1.8527904e+03   1.4380720e-23
   1.8570629e+03   1.4409180e-23
   1.8613453e+03   1.4437714e-23
   1.8656376e+03   1.4466323e-23
   1.8699398e+03   1.4495008e-23
   1.8742519e+03   1.4523768e-23
   1.8785739e+03   1.4552605e-23
   1.8829059e+03   1.4581517e-23
   1.8872479e+03   1.4610505e-23
   1.8915999e+03   1.4639569e-23
   1.8959620e+03   1.4668710e-23
   1.9003341e+03   1.4697927e-23
   1.9047163e+03   1.4727221e-23
   1.9091086e+03   1.4756594e-23
   1.9135110e+03   1.4786046e-23
   1.9179235e+03   1.4815602e-23
   1.9223463e+03   1.4845971e-23
   1.9267792e+03   1.4874863e-23
   1.9312224e+03   1.4904607e-23
   1.9356758e+03   1.4934439e-23
   1.9401395e+03   1.4964351e-23
   1.9446135e+03   1.4994342e-23
   1.9490978e+03   1.5024411e-23
   1.9535924e+03   1.5054559e-23
   1.9580974e+03   1.5084786e-23
   1.9626128e+03   1.5115092e-23
   1.9671386e+03   1.5145476e-23
   1.9716748e+03   1.5175940e-23
   1.9762215e+03   1.5206483e-23
   1.9807787e+03   1.5237106e-23
   1.9853464e+03   1.5267808e-23
   1.9899246e+03   1.5298591e-23
   1.9945134e+03   1.5329453e-23
   1.9991128e+03   1.5360395e-23
   2.0037227e+03   1.5391418e-23
   2.0083433e+03   1.5422522e-23
   2.0129746e+03   1.5453706e-23
   2.0176165e+03   1.5484971e-23
   2.0222692e+03   1.5516317e-23
   2.0269325e+03   1.5547744e-23
   2.0316067e+03   1.5579253e-23
   2.0362916e+03   1.5610843e-23
   2.0409873e+03   1.5642515e-23
   2.0456938e+03   1.5674269e-23
   2.0504112e+03   1.5706105e-23
   2.0551394e+03   1.5738023e-23
   2.0598786e+03   1.5770024e-23
   2.0646287e+03   1.5802108e-23
   2.0693898e+03   1.5834274e-23
   2.0741618e+03   1.5866523e-23
   2.0789448e+03   1.5898856e-23
   2.0837389e+03   1.5931271e-23
   2.0885440e+03   1.5963771e-23
   2.0933602e+03   1.5996354e-23
   2.0981875e+03   1.6029021e-23
   2.1030259e+03   1.6061771e-23
   2.1078755e+03   1.6094607e-23
   2.1127363e+03   1.6127526e-23
   2.1176083e+03   1.6160530e-23
   2.1224915e+03   1.6193619e-23
   2.1273860e+03   1.6226793e-23
   2.1322918e+03   1.6260052e-23
   2.1372088e+03   1.6293397e-23
   2.1421373e+03   1.6326827e-23
   2.1470771e+03   1.6360343e-23
   2.1520282e+03   1.6393944e-23
   2.1569908e+03   1.6427632e-23
   2.1619649e+03   1.6461405e-23
   2.1669504e+03   1.6495266e-23
   2.1719474e+03   1.6529213e-23
   2.1769559e+03   1.6563246e-23
   2.1819760e+03   1.6597367e-23
   2.1870076e+03   1.6631575e-23
   2.1920509e+03   1.6665870e-23
   2.1971058e+03   1.6700253e-23
   2.2021723e+03   1.6734724e-23
   2.2072505e+03   1.6769282e-23
   2.2123405e+03   1.6803929e-23
   2.2174421e+03   1.6838664e-23
   2.2225556e+03   1.6873487e-23
   2.2276808e+03   1.6908399e-23
   2.2328179e+03   1.6943400e-23
   2.2379668e+03   1.6978490e-23
   2.2431275e+03   1.7013669e-23
   2.2483002e+03   1.7048938e-23
   2.2534848e+03   1.7084297e-23
   2.2586814e+03   1.7119745e-23
   2.2638899e+03   1.7155283e-23
   2.2691104e+03   1.7190912e-23
   2.2743430e+03   1.7226631e-23
   2.2795877e+03   1.7262440e-23
   2.2848444e+03   1.7298341e-23
   2.2901133e+03   1.7334332e-23
   2.2953943e+03   1.7370415e-23
   2.3006875e+03   1.7406589e-23
   2.3059929e+03   1.7442854e-23
   2.3113105e+03   1.7479212e-23
   2.3166404e+03   1.7515661e-23
   2.3219826e+03   1.7552203e-23
   2.3273371e+03   1.7588837e-23
   2.3327040e+03   1.7625563e-23
   2.3380832e+03   1.7662383e-23
   2.3434749e+03   1.7699295e-23
   2.3488789e+03   1.7736301e-23
   2.3542955e+03   1.7773400e-23
   2.3597245e+03   1.7810592e-23
   2.3651660e+03   1.7847878e-23
   2.3706201e+03   1.7885259e-23
   2.3760868e+03   1.7922734e-23
   2.3815661e+03   1.7960303e-23
   2.3870580e+03   1.7997967e-23
   2.3925626e+03   1.8035726e-23
   2.3980798e+03   1.8073590e-23
   2.4036098e+03   1.8111592e-23
   2.4091526e+03   1.8149574e-23
   2.4147081e+03   1.8187711e-23
   2.4202764e+03   1.8225946e-23
   2.4258576e+03   1.8264277e-23
   2.4314516e+03   1.8302705e-23
   2.4370586e+03   1.8341229e-23
   2.4426785e+03   1.8379850e-23
   2.4483113e+03   1.8418568e-23
   2.4539571e+03   1.8457383e-23
   2.4596160e+03   1.8496295e-23
   2.4652879e+03   1.8535305e-23
   2.4709728e+03   1.8574412e-23
   2.4766709e+03   1.8613618e-23
   2.4823821e+03   1.8652921e-23
   2.4881065e+03   1.8692323e-23
   2.4938441e+03   1.8731824e-23
   2.4995949e+03   1.8771423e-23
   2.5053590e+03   1.8811121e-23
   2.5111364e+03   1.8850919e-23
   2.5169271e+03   1.8890816e-23
   2.5227312e+03   1.8930812e-23
   2.5285486e+03   1.8970909e-23
   2.5343794e+03   1.9011105e-23
   2.5402237e+03   1.9051402e-23
   2.5460815e+03   1.9091799e-23
   2.5519528e+03   1.9132297e-23
   2.5578376e+03   1.9172897e-23
   2.5637360e+03   1.9213597e-23
   2.5696480e+03   1.9254398e-23
   2.5755736e+03   1.9295302e-23
   2.5815129e+03   1.9336307e-23
   2.5874659e+03   1.9377414e-23
   2.5934326e+03   1.9418623e-23
   2.5994131e+03   1.9459935e-23
   2.6054074e+03   1.9501350e-23
   2.6114155e+03   1.9542867e-23
   2.6174374e+03   1.9584488e-23
   2.6234732e+03   1.9626212e-23
   2.6295230e+03   1.9668040e-23
   2.6355867e+03   1.9709971e-23
   2.6416644e+03   1.9752007e-23
   2.6477561e+03   1.9794147e-23
   2.6538618e+03   1.9836391e-23
   2.6599816e+03   1.9878741e-23
   2.6661156e+03   1.9921195e-23
   2.6722637e+03   1.9963754e-23
   2.6784259e+03   2.0006419e-23
   2.6846024e+03   2.0049190e-23
   2.6907931e+03   2.0092066e-23
   2.6969981e+03   2.0135048e-23
   2.7032174e+03   2.0178137e-23
   2.7094510e+03   2.0221333e-23
   2.7156991e+03   2.0264635e-23
   2.7219615e+03   2.0308044e-23
   2.7282383e+03   2.0351561e-23
   2.7345297e+03   2.0395185e-23
   2.7408355e+03   2.0438917e-23
   2.7471559e+03   2.0482757e-23
   2.7534909e+03   2.0526705e-23
   2.7598405e+03   2.0570762e-23
   2.7662047e+03   2.0614927e-23
   2.7725836e+03   2.0659201e-23
   2.7789772e+03   2.0703585e-23
   2.7853855e+03   2.0748078e-23
   2.7918086e+03   2.0792680e-23
   2.7982465e+03   2.0837393e-23
   2.8046993e+03   2.0882215e-23
   2.8111670e+03   2.0927148e-23
   2.8176496e+03   2.0972191e-23
   2.8241471e+03   2.1017346e-23
   2.8306596e+03   2.1062611e-23
   2.8371871e+03   2.1107988e-23
   2.8437297e+03   2.1153477e-23
   2.8502873e+03   2.1199077e-23
   2.8568601e+03   2.1244789e-23
   2.8634481e+03   2.1290614e-23
   2.8700512e+03   2.1336551e-23
   2.8766696e+03   2.1382603e-23
   2.8833032e+03   2.1428848e-23
   2.8899521e+03   2.1475042e-23
   2.8966164e+03   2.1521431e-23
   2.9032960e+03   2.1567934e-23
   2.9099910e+03   2.1614552e-23
   2.9167015e+03   2.1661284e-23
   2.9234274e+03   2.1708131e-23
   2.9301688e+03   2.1755092e-23
   2.9369258e+03   2.1802169e-23
   2.9436984e+03   2.1849361e-23
   2.9504866e+03   2.1896668e-23
   2.9572904e+03   2.1944091e-23
   2.9641100e+03   2.1991630e-23
   2.9709452e+03   2.2039286e-23
   2.9777963e+03   2.2087058e-23
   2.9846631e+03   2.2134947e-23
   2.9915457e+03   2.2182953e-23
   2.9984443e+03   2.2231077e-23
   3.0053587e+03   2.2279318e-23
   3.0122891e+03   2.2327677e-23
   3.0192354e+03   2.2376154e-23
   3.0261978e+03   2.2424750e-23
   3.0331763e+03   2.2473464e-23
   3.0401708e+03   2.2522297e-23
   3.0471814e+03   2.2571249e-23
   3.0542083e+03   2.2620321e-23
   3.0612513e+03   2.2669512e-23
   3.0683106e+03   2.2718823e-23
   3.0753861e+03   2.2768255e-23
   3.0824780e+03   2.2817807e-23
   3.0895862e+03   2.2867479e-23
   3.0967108e+03   2.2917273e-23
   3.1038518e+03   2.2967188e-23
   3.1110093e+03   2.3017225e-23
   3.1181833e+03   2.3067383e-23
   3.1253739e+03   2.3117664e-23
   3.1325810e+03   2.3168066e-23
   3.1398048e+03   2.3218592e-23
   3.1470452e+03   2.3269240e-23
   3.1543023e+03   2.3320012e-23
   3.1615762e+03   2.3370907e-23
   3.1688668e+03   2.3421925e-23
   3.1761742e+03   2.3473068e-23
   3.1834985e+03   2.3524335e-23
   3.1908397e+03   2.3575726e-23
   3.1981978e+03   2.3627243e-23
   3.2055728e+03   2.3678884e-23
   3.2129649e+03   2.3730650e-23
   3.2203740e+03   2.3782543e-23
   3.2278002e+03   2.3834561e-23
   3.2352436e+03   2.3886705e-23
   3.2427041e+03   2.3938976e-23
   3.2501818e+03   2.3991374e-23
   3.2576767e+03   2.4043898e-23
   3.2651889e+03   2.4096550e-23
   3.2727185e+03   2.4149330e-23
   3.2802654e+03   2.4202237e-23
   3.2878297e+03   2.4255273e-23
   3.2954115e+03   2.4308437e-23
   3.3030107e+03   2.4361729e-23
   3.3106275e+03   2.4415151e-23
   3.3182618e+03   2.4468702e-23
   3.3259138e+03   2.4522383e-23
   3.3335833e+03   2.4576193e-23
   3.3412706e+03   2.4630134e-23
   3.3489756e+03   2.4684205e-23
   3.3566984e+03   2.4738407e-23
   3.3644389e+03   2.4792752e-23
   3.3721974e+03   2.4847203e-23
   3.3799737e+03   2.4901799e-23
   3.3877679e+03   2.4956526e-23
   3.3955801e+03   2.5011386e-23
   3.4034104e+03   2.5066378e-23
   3.4112587e+03   2.5121503e-23
   3.4191251e+03   2.5176761e-23
   3.4270096e+03   2.5232152e-23
   3.4349123e+03   2.5287677e-23
   3.4428332e+03   2.5343336e-23
   3.4507724e+03   2.5399129e-23
   3.4587299e+03   2.5455057e-23
   3.4667058e+03   2.5511119e-23
   3.4747000e+03   2.5567317e-23
   3.4827127e+03   2.5623650e-23
   3.4907439e+03   2.5680119e-23
   3.4987936e+03   2.5736724e-23
   3.5068618e+03   2.5793465e-23
   3.5149487e+03   2.5850343e-23
   3.5230542e+03   2.5907358e-23
   3.5311784e+03   2.5964510e-23
   3.5393213e+03   2.6021799e-23
   3.5474830e+03   2.6079227e-23
   3.5556635e+03   2.6136792e-23
   3.5638629e+03   2.6194496e-23
   3.5720812e+03   2.6252339e-23
   3.5803184e+03   2.6310321e-23
   3.5885747e+03   2.6368443e-23
   3.5968500e+03   2.6426704e-23
   3.6051443e+03   2.6485105e-23
   3.6134578e+03   2.6543646e-23
   3.6217905e+03   2.6602328e-23
   3.6301424e+03   2.6661151e-23
   3.6385135e+03   2.6720116e-23
   3.6469039e+03   2.6779221e-23
   3.6553137e+03   2.6838469e-23
   3.6637429e+03   2.6897859e-23
   3.6721915e+03   2.6957392e-23
   3.6806596e+03   2.7017067e-23
   3.6891472e+03   2.7076886e-23
   3.6976544e+03   2.7136848e-23
   3.7061813e+03   2.7196953e-23
   3.7147277e+03   2.7257203e-23
   3.7232939e+03   2.7317598e-23
   3.7318799e+03   2.7378137e-23
   3.7404856e+03   2.7438821e-23
   3.7491112e+03   2.7499651e-23
   3.7577567e+03   2.7560626e-23
   3.7664221e+03   2.7621747e-23
   3.7751075e+03   2.7683015e-23
   3.7838129e+03   2.7744430e-23
   3.7925384e+03   2.7805991e-23
   3.8012841e+03   2.7867700e-23
   3.8100498e+03   2.7929557e-23
   3.8188359e+03   2.7991561e-23
   3.8276421e+03   2.8053714e-23
   3.8364687e+03   2.8116016e-23
   3.8453156e+03   2.8178471e-23
   3.8541829e+03   2.8241067e-23
   3.8630707e+03   2.8303816e-23
   3.8719790e+03   2.8366716e-23
   3.8809078e+03   2.8429766e-23
   3.8898572e+03   2.8492967e-23
   3.8988272e+03   2.8556319e-23
   3.9078180e+03   2.8619822e-23
   3.9168294e+03   2.8683477e-23
   3.9258617e+03   2.8747283e-23
   3.9349147e+03   2.8811243e-23
   3.9439887e+03   2.8875355e-23
   3.9530835e+03   2.8939620e-23
   3.9621994e+03   2.9004038e-23
   3.9713362e+03   2.9068610e-23
   3.9804942e+03   2.9133337e-23
   3.9896732e+03   2.9198217e-23
   3.9988734e+03   2.9263253e-23
   4.0080949e+03   2.9328443e-23
   4.0173376e+03   2.9393789e-23
   4.0266016e+03   2.9459291e-23
   4.0358870e+03   2.9524949e-23
   4.0451937e+03   2.9590764e-23
   4.0545220e+03   2.9656735e-23
   4.0638718e+03   2.9722864e-23
   4.0732431e+03   2.9789150e-23
   4.0826360e+03   2.9855594e-23
   4.0920506e+03   2.9922197e-23
   4.1014869e+03   2.9988958e-23
   4.1109450e+03   3.0055878e-23
   4.1204248e+03   3.0122957e-23
   4.1299266e+03   3.0190196e-23
   4.1394502e+03   3.0257595e-23
   4.1489958e+03   3.0325155e-23
   4.1585634e+03   3.0392875e-23
   4.1681531e+03   3.0460757e-23
   4.1777649e+03   3.0528799e-23
   4.1873988e+03   3.0597004e-23
   4.1970550e+03   3.0665371e-23
   4.2067335e+03   3.0733901e-23
   4.2164342e+03   3.0802593e-23
   4.2261574e+03   3.0871449e-23
   4.2359029e+03   3.0940469e-23
   4.2456709e+03   3.1009652e-23
   4.2554615e+03   3.1079000e-23
   4.2652746e+03   3.1148513e-23
   4.2751104e+03   3.1218191e-23
   4.2849688e+03   3.1288034e-23
   4.2948500e+03   3.1358044e-23
   4.3047539e+03   3.1428219e-23
   4.3146807e+03   3.1498562e-23
   4.3246304e+03   3.1569080e-23
   4.3346030e+03   3.1639747e-23
   4.3445987e+03   3.1710592e-23
   4.3546173e+03   3.1781604e-23
   4.3646591e+03   3.1852785e-23
   4.3747241e+03   3.1924135e-23
   4.3848122e+03   3.1995654e-23
   4.3949236e+03   3.2067343e-23
   4.4050583e+03   3.2139202e-23
   4.4152164e+03   3.2211231e-23
   4.4253980e+03   3.2283431e-23
   4.4356030e+03   3.2355803e-23
   4.4458315e+03   3.2428346e-23
   4.4560836e+03   3.2501060e-23
   4.4663594e+03   3.2573948e-23
   4.4766588e+03   3.2647008e-23
   4.4869821e+03   3.2720241e-23
   4.4973291e+03   3.2793647e-23
   4.5076999e+03   3.2867228e-23
   4.5180947e+03   3.2940982e-23
   4.5285135e+03   3.3014912e-23
   4.5389563e+03   3.3089016e-23
   4.5494231e+03   3.3163296e-23
   4.5599142e+03   3.3237752e-23
   4.5704294e+03   3.3312384e-23
   4.5809688e+03   3.3387193e-23
   4.5915325e+03   3.3462178e-23
   4.6021207e+03   3.3537342e-23
   4.6127332e+03   3.3612683e-23
   4.6233702e+03   3.3688202e-23
   4.6340317e+03   3.3763900e-23
   4.6447178e+03   3.3839777e-23
   4.6554286e+03   3.3915833e-23
   4.6661640e+03   3.3992070e-23
   4.6769242e+03   3.4068486e-23
   4.6877093e+03   3.4145084e-23
   4.6985192e+03   3.4221862e-23
   4.7093540e+03   3.4298822e-23
   4.7202138e+03   3.4375963e-23
   4.7310986e+03   3.4453287e-23
   4.7420086e+03   3.4530794e-23
   4.7529437e+03   3.4608484e-23
   4.7639040e+03   3.4686358e-23
   4.7748896e+03   3.4764415e-23
   4.7859005e+03   3.4842657e-23
   4.7969369e+03   3.4921083e-23
   4.8079986e+03   3.4999695e-23
   4.8190859e+03   3.5078492e-23
   4.8301988e+03   3.5157476e-23
   4.8413372e+03   3.5236645e-23
   4.8525014e+03   3.5316002e-23
   4.8636913e+03   3.5395546e-23
   4.8749070e+03   3.5475278e-23
   4.8861486e+03   3.5555198e-23
   4.8974161e+03   3.5635306e-23
   4.9087096e+03   3.5715604e-23
   4.9200291e+03   3.5796091e-23
   4.9313747e+03   3.5876767e-23
   4.9427465e+03   3.5957634e-23
   4.9541445e+03   3.6038692e-23
   4.9655688e+03   3.6119941e-23
   4.9770194e+03   3.6201382e-23
   4.9884965e+03   3.6283014e-23
   5.0000000e+03   3.6364839e-23
