   5.0000000e+00   2.7105180e-40
   5.0115300e+00   2.5746508e-40
   5.0230867e+00   2.4461234e-40
   5.0346699e+00   2.3246181e-40
   5.0462799e+00   2.2098711e-40
   5.0579167e+00   2.1015536e-40
   5.0695803e+00   1.9979435e-40
   5.0812708e+00   1.8917606e-40
   5.0929882e+00   1.7866187e-40
   5.1047327e+00   1.6969722e-40
   5.1165042e+00   1.6147777e-40
   5.1283029e+00   1.5364792e-40
   5.1401288e+00   1.4618089e-40
   5.1519820e+00   1.3907001e-40
   5.1638625e+00   1.3230546e-40
   5.1757704e+00   1.2587463e-40
   5.1877058e+00   1.1976340e-40
   5.1996687e+00   1.1395707e-40
   5.2116592e+00   1.0844101e-40
   5.2236773e+00   1.0320089e-40
   5.2357231e+00   9.8222885e-41
   5.2477968e+00   9.3493725e-41
   5.2598982e+00   8.9000734e-41
   5.2720276e+00   8.4731829e-41
   5.2841849e+00   8.0675525e-41
   5.2963703e+00   7.6820914e-41
   5.3085838e+00   7.3157643e-41
   5.3208254e+00   6.9675897e-41
   5.3330953e+00   6.6366369e-41
   5.3453934e+00   6.3220239e-41
   5.3577199e+00   6.0229150e-41
   5.3700749e+00   5.7385182e-41
   5.3824583e+00   5.4680834e-41
   5.3948703e+00   5.2108997e-41
   5.4073109e+00   4.9662938e-41
   5.4197802e+00   4.7336275e-41
   5.4322783e+00   4.5122963e-41
   5.4448051e+00   4.3017273e-41
   5.4573609e+00   4.1013777e-41
   5.4699456e+00   3.9107330e-41
   5.4825594e+00   3.7293054e-41
   5.4952022e+00   3.5566329e-41
   5.5078742e+00   3.3922771e-41
   5.5205754e+00   3.2358225e-41
   5.5333058e+00   3.0868754e-41
   5.5460657e+00   2.9450621e-41
   5.5588550e+00   2.8100284e-41
   5.5716737e+00   2.6814381e-41
   5.5845220e+00   2.5589727e-41
   5.5974000e+00   2.4423297e-41
   5.6103076e+00   2.3312222e-41
   5.6232451e+00   2.2253779e-41
   5.6362123e+00   2.1245386e-41
   5.6492094e+00   2.0284589e-41
   5.6622366e+00   1.9369062e-41
   5.6752937e+00   1.8496595e-41
   5.6883810e+00   1.7665090e-41
   5.7014985e+00   1.6872556e-41
   5.7146461e+00   1.6117101e-41
   5.7278242e+00   1.5396929e-41
   5.7410326e+00   1.4710333e-41
   5.7542714e+00   1.4055694e-41
   5.7675408e+00   1.3431472e-41
   5.7808408e+00   1.2836203e-41
   5.7941715e+00   1.2268498e-41
   5.8075329e+00   1.1727037e-41
   5.8209251e+00   1.1210563e-41
   5.8343482e+00   1.0717884e-41
   5.8478023e+00   1.0247865e-41
   5.8612873e+00   9.7994285e-42
   5.8748035e+00   9.3715491e-42
   5.8883508e+00   8.9632521e-42
   5.9019294e+00   8.5736103e-42
   5.9155393e+00   8.2017424e-42
   5.9291806e+00   7.8468097e-42
   5.9428533e+00   7.5080148e-42
   5.9565576e+00   7.1845989e-42
   5.9702935e+00   6.8758399e-42
   5.9840610e+00   6.5810513e-42
   5.9978603e+00   6.2995793e-42
   6.0116914e+00   6.0308018e-42
   6.0255544e+00   5.7741271e-42
   6.0394494e+00   5.5289914e-42
   6.0533764e+00   5.2948586e-42
   6.0673355e+00   5.0712180e-42
   6.0813269e+00   4.8575833e-42
   6.0953505e+00   4.6534918e-42
   6.1094064e+00   4.4585026e-42
   6.1234947e+00   4.2721959e-42
   6.1376155e+00   4.0941719e-42
   6.1517689e+00   3.9240499e-42
   6.1659550e+00   3.7614671e-42
   6.1801737e+00   3.6060779e-42
   6.1944252e+00   3.4575531e-42
   6.2087096e+00   3.3155791e-42
   6.2230269e+00   3.1798569e-42
   6.2373773e+00   3.0501017e-42
   6.2517607e+00   2.9260421e-42
   6.2661773e+00   2.8074193e-42
   6.2806272e+00   2.6939868e-42
   6.2951104e+00   2.5855095e-42
   6.3096269e+00   2.4817632e-42
   6.3241770e+00   2.3825344e-42
   6.3387606e+00   2.2876193e-42
   6.3533778e+00   2.1968237e-42
   6.3680288e+00   2.1099624e-42
   6.3827135e+00   2.0268587e-42
   6.3974321e+00   1.9473442e-42
   6.4121846e+00   1.8712581e-42
   6.4269711e+00   1.7984474e-42
   6.4417918e+00   1.7287656e-42
   6.4566466e+00   1.6620733e-42
   6.4715357e+00   1.5982375e-42
   6.4864591e+00   1.5371312e-42
   6.5014169e+00   1.4786333e-42
   6.5164092e+00   1.4226281e-42
   6.5314361e+00   1.3690053e-42
   6.5464977e+00   1.3176596e-42
   6.5615939e+00   1.2684905e-42
   6.5767250e+00   1.2214021e-42
   6.5918910e+00   1.1763029e-42
   6.6070920e+00   1.1331054e-42
   6.6223280e+00   1.0917261e-42
   6.6375991e+00   1.0520855e-42
   6.6529055e+00   1.0141075e-42
   6.6682471e+00   9.7771935e-43
   6.6836241e+00   9.4285181e-43
   6.6990366e+00   9.0943861e-43
   6.7144846e+00   8.7741652e-43
   6.7299683e+00   8.4672512e-43
   6.7454877e+00   8.1730674e-43
   6.7610428e+00   7.8910625e-43
   6.7766338e+00   7.6207104e-43
   6.7922608e+00   7.3615081e-43
   6.8079238e+00   7.1129754e-43
   6.8236229e+00   6.8746534e-43
   6.8393582e+00   6.6461038e-43
   6.8551299e+00   6.4269076e-43
   6.8709378e+00   6.2166647e-43
   6.8867823e+00   6.0149927e-43
   6.9026632e+00   5.8215262e-43
   6.9185808e+00   5.6359160e-43
   6.9345351e+00   5.4578286e-43
   6.9505262e+00   5.2869450e-43
   6.9665542e+00   5.1229606e-43
   6.9826191e+00   4.9655840e-43
   6.9987211e+00   4.8145370e-43
   7.0148602e+00   4.6695536e-43
   7.0310365e+00   4.5303795e-43
   7.0472502e+00   4.3967718e-43
   7.0635012e+00   4.2684981e-43
   7.0797897e+00   4.1453365e-43
   7.0961157e+00   4.0270748e-43
   7.1124794e+00   3.9135102e-43
   7.1288808e+00   3.8044489e-43
   7.1453201e+00   3.6997056e-43
   7.1617972e+00   3.5991032e-43
   7.1783124e+00   3.5024726e-43
   7.1948656e+00   3.4096520e-43
   7.2114571e+00   3.3204869e-43
   7.2280867e+00   3.2348296e-43
   7.2447548e+00   3.1525389e-43
   7.2614612e+00   3.0734801e-43
   7.2782062e+00   2.9975243e-43
   7.2949898e+00   2.9245486e-43
   7.3118121e+00   2.8544354e-43
   7.3286732e+00   2.7870724e-43
   7.3455732e+00   2.7223526e-43
   7.3625121e+00   2.6601737e-43
   7.3794901e+00   2.6004381e-43
   7.3965073e+00   2.5430526e-43
   7.4135637e+00   2.4879286e-43
   7.4306594e+00   2.4349811e-43
   7.4477946e+00   2.3841296e-43
   7.4649693e+00   2.3352971e-43
   7.4821835e+00   2.2884106e-43
   7.4994375e+00   2.2434002e-43
   7.5167313e+00   2.2001997e-43
   7.5340649e+00   2.1587462e-43
   7.5514385e+00   2.1189800e-43
   7.5688522e+00   2.0808444e-43
   7.5863060e+00   2.0442857e-43
   7.6038001e+00   2.0092531e-43
   7.6213345e+00   1.9756987e-43
   7.6389094e+00   1.9435772e-43
   7.6565248e+00   1.9128462e-43
   7.6741808e+00   1.8834658e-43
   7.6918775e+00   1.8553985e-43
   7.7096150e+00   1.8286096e-43
   7.7273934e+00   1.8030668e-43
   7.7452129e+00   1.7787402e-43
   7.7630734e+00   1.7556024e-43
   7.7809751e+00   1.7336285e-43
   7.7989181e+00   1.7127959e-43
   7.8169025e+00   1.6930846e-43
   7.8349283e+00   1.6744770e-43
   7.8529957e+00   1.6569579e-43
   7.8711048e+00   1.6405148e-43
   7.8892556e+00   1.6251378e-43
   7.9074483e+00   1.6108197e-43
   7.9256829e+00   1.5975561e-43
   7.9439596e+00   1.5853454e-43
   7.9622784e+00   1.5741891e-43
   7.9806395e+00   1.5640920e-43
   7.9990429e+00   1.5550621e-43
   8.0174888e+00   1.5471111e-43
   8.0359772e+00   1.5402546e-43
   8.0545082e+00   1.5345124e-43
   8.0730819e+00   1.5299085e-43
   8.0916985e+00   1.5264721e-43
   8.1103581e+00   1.5242375e-43
   8.1290606e+00   1.5232449e-43
   8.1478063e+00   1.5235412e-43
   8.1665952e+00   1.5251800e-43
   8.1854274e+00   1.5282231e-43
   8.2043031e+00   1.5327411e-43
   8.2232223e+00   1.5388147e-43
   8.2421851e+00   1.5465356e-43
   8.2611916e+00   1.5560083e-43
   8.2802420e+00   1.5673517e-43
   8.2993363e+00   1.5807013e-43
   8.3184746e+00   1.5962114e-43
   8.3376571e+00   1.6140581e-43
   8.3568838e+00   1.6344426e-43
   8.3761548e+00   1.6575954e-43
   8.3954703e+00   1.6837810e-43
   8.4148303e+00   1.7133038e-43
   8.4342350e+00   1.7465157e-43
   8.4536844e+00   1.7838241e-43
   8.4731786e+00   1.8257029e-43
   8.4927179e+00   1.8727061e-43
   8.5123021e+00   1.9254833e-43
   8.5319316e+00   1.9848010e-43
   8.5516063e+00   2.0515681e-43
   8.5713263e+00   2.1268688e-43
   8.5910919e+00   2.2120046e-43
   8.6109030e+00   2.3085493e-43
   8.6307598e+00   2.4184199e-43
   8.6506624e+00   2.5439709e-43
   8.6706109e+00   2.6881191e-43
   8.6906054e+00   2.8545217e-43
   8.7106460e+00   3.0478006e-43
   8.7307328e+00   3.2738790e-43
   8.7508660e+00   3.5404457e-43
   8.7710455e+00   3.8576320e-43
   8.7912716e+00   4.2390122e-43
   8.8115444e+00   4.7031203e-43
   8.8318638e+00   5.2758105e-43
   8.8522302e+00   5.9940484e-43
   8.8726435e+00   6.9122181e-43
   8.8931039e+00   8.1130569e-43
   8.9136114e+00   9.7275636e-43
   8.9341663e+00   1.1973423e-42
   8.9547686e+00   1.5234668e-42
   8.9754183e+00   2.0242316e-42
   8.9961157e+00   2.8534406e-42
   9.0168608e+00   4.3827417e-42
   9.0376538e+00   7.7154182e-42
   9.0584947e+00   1.7479971e-41
   9.0793836e+00   7.5122672e-41
   9.1003208e+00   8.0894552e-39
   9.1213062e+00   5.1139659e-41
   9.1423400e+00   1.3723939e-41
   9.1634223e+00   6.2623315e-42
   9.1845532e+00   3.6370604e-42
   9.2057328e+00   2.5095604e-42
   9.2269613e+00   2.1763632e-42
   9.2482388e+00   3.5736831e-42
   9.2695653e+00   1.5362026e-39
   9.2909410e+00   3.0874196e-42
   9.3123660e+00   1.1160525e-42
   9.3338403e+00   6.9147978e-43
   9.3553642e+00   5.0738708e-43
   9.3769378e+00   4.0118090e-43
   9.3985611e+00   3.3054975e-43
   9.4202342e+00   2.7966456e-43
   9.4419574e+00   2.4113065e-43
   9.4637306e+00   2.1094533e-43
   9.4855540e+00   1.8671067e-43
   9.5074278e+00   1.6688263e-43
   9.5293520e+00   1.5041278e-43
   9.5513267e+00   1.3656017e-43
   9.5733522e+00   1.2478453e-43
   9.5954284e+00   1.1468197e-43
   9.6175555e+00   1.0594433e-43
   9.6397337e+00   9.8332464e-44
   9.6619630e+00   9.1658056e-44
   9.6842435e+00   8.5770936e-44
   9.7065755e+00   8.0550023e-44
   9.7289589e+00   7.5896733e-44
   9.7513940e+00   7.1730098e-44
   9.7738808e+00   6.7983087e-44
   9.7964194e+00   6.4599807e-44
   9.8190100e+00   6.1533344e-44
   9.8416527e+00   5.8744086e-44
   9.8643477e+00   5.6198398e-44
   9.8870949e+00   5.3867569e-44
   9.9098946e+00   5.1726976e-44
   9.9327469e+00   4.9755407e-44
   9.9556519e+00   4.7934509e-44
   9.9786097e+00   4.6248340e-44
   1.0001620e+01   4.4683093e-44
   1.0024684e+01   4.3227096e-44
   1.0047801e+01   4.1868371e-44
   1.0070972e+01   4.0597961e-44
   1.0094195e+01   3.9407894e-44
   1.0117473e+01   3.8290989e-44
   1.0140804e+01   3.7240604e-44
   1.0164188e+01   3.6250847e-44
   1.0187627e+01   3.5316470e-44
   1.0211120e+01   3.4432800e-44
   1.0234667e+01   3.3595773e-44
   1.0258268e+01   3.2801630e-44
   1.0281924e+01   3.2046963e-44
   1.0305634e+01   3.1328701e-44
   1.0329399e+01   3.0644148e-44
   1.0353218e+01   2.9990817e-44
   1.0377093e+01   2.9366426e-44
   1.0401023e+01   2.8768900e-44
   1.0425007e+01   2.8196388e-44
   1.0449048e+01   2.7647202e-44
   1.0473143e+01   2.7119768e-44
   1.0497294e+01   2.6612646e-44
   1.0521501e+01   2.6124538e-44
   1.0545764e+01   2.5654262e-44
   1.0570082e+01   2.5200709e-44
   1.0594457e+01   2.4762856e-44
   1.0618888e+01   2.4339773e-44
   1.0643375e+01   2.3930614e-44
   1.0667919e+01   2.3534577e-44
   1.0692519e+01   2.3150923e-44
   1.0717176e+01   2.2778973e-44
   1.0741890e+01   2.2418106e-44
   1.0766661e+01   2.2067735e-44
   1.0791489e+01   2.1727313e-44
   1.0816374e+01   2.1396335e-44
   1.0841317e+01   2.1074339e-44
   1.0866317e+01   2.0760886e-44
   1.0891375e+01   2.0455564e-44
   1.0916491e+01   2.0157994e-44
   1.0941664e+01   1.9867823e-44
   1.0966896e+01   1.9584717e-44
   1.0992185e+01   1.9308364e-44
   1.1017533e+01   1.9038472e-44
   1.1042940e+01   1.8774770e-44
   1.1068405e+01   1.8517000e-44
   1.1093929e+01   1.8264919e-44
   1.1119512e+01   1.8018301e-44
   1.1145153e+01   1.7776934e-44
   1.1170854e+01   1.7540615e-44
   1.1196614e+01   1.7309155e-44
   1.1222434e+01   1.7082374e-44
   1.1248313e+01   1.6860105e-44
   1.1274251e+01   1.6642186e-44
   1.1300250e+01   1.6428467e-44
   1.1326308e+01   1.6218805e-44
   1.1352427e+01   1.6013064e-44
   1.1378606e+01   1.5811116e-44
   1.1404845e+01   1.5612838e-44
   1.1431144e+01   1.5418115e-44
   1.1457505e+01   1.5226837e-44
   1.1483926e+01   1.5038899e-44
   1.1510408e+01   1.4854200e-44
   1.1536951e+01   1.4672647e-44
   1.1563555e+01   1.4494148e-44
   1.1590221e+01   1.4318617e-44
   1.1616948e+01   1.4145972e-44
   1.1643737e+01   1.3976135e-44
   1.1670587e+01   1.3809028e-44
   1.1697500e+01   1.3644582e-44
   1.1724474e+01   1.3482725e-44
   1.1751511e+01   1.3323394e-44
   1.1778610e+01   1.3166523e-44
   1.1805772e+01   1.3012053e-44
   1.1832996e+01   1.2859924e-44
   1.1860283e+01   1.2710082e-44
   1.1887633e+01   1.2562471e-44
   1.1915046e+01   1.2417041e-44
   1.1942522e+01   1.2273741e-44
   1.1970061e+01   1.2132523e-44
   1.1997664e+01   1.1993341e-44
   1.2025331e+01   1.1856151e-44
   1.2053062e+01   1.1720909e-44
   1.2080856e+01   1.1587574e-44
   1.2108715e+01   1.1456106e-44
   1.2136637e+01   1.1326465e-44
   1.2164625e+01   1.1198616e-44
   1.2192676e+01   1.1072520e-44
   1.2220793e+01   1.0948144e-44
   1.2248974e+01   1.0825453e-44
   1.2277220e+01   1.0704414e-44
   1.2305532e+01   1.0584996e-44
   1.2333908e+01   1.0467167e-44
   1.2362350e+01   1.0350898e-44
   1.2390858e+01   1.0236159e-44
   1.2419431e+01   1.0122923e-44
   1.2448071e+01   1.0011161e-44
   1.2476776e+01   9.9008474e-45
   1.2505548e+01   9.7919559e-45
   1.2534386e+01   9.6844613e-45
   1.2563290e+01   9.5783391e-45
   1.2592261e+01   9.4735654e-45
   1.2621299e+01   9.3701170e-45
   1.2650404e+01   9.2679712e-45
   1.2679576e+01   9.1671060e-45
   1.2708815e+01   9.0674999e-45
   1.2738121e+01   8.9691319e-45
   1.2767496e+01   8.8719816e-45
   1.2796938e+01   8.7760290e-45
   1.2826447e+01   8.6812548e-45
   1.2856025e+01   8.5876398e-45
   1.2885671e+01   8.4951656e-45
   1.2915386e+01   8.4038141e-45
   1.2945169e+01   8.3135675e-45
   1.2975020e+01   8.2244087e-45
   1.3004941e+01   8.1363206e-45
   1.3034930e+01   8.0492869e-45
   1.3064989e+01   7.9632913e-45
   1.3095117e+01   7.8783180e-45
   1.3125314e+01   7.7943517e-45
   1.3155582e+01   7.7113771e-45
   1.3185918e+01   7.6293796e-45
   1.3216325e+01   7.5483445e-45
   1.3246802e+01   7.4682578e-45
   1.3277349e+01   7.3891056e-45
   1.3307967e+01   7.3108742e-45
   1.3338655e+01   7.2335503e-45
   1.3369414e+01   7.1571208e-45
   1.3400244e+01   7.0815731e-45
   1.3431145e+01   7.0068944e-45
   1.3462118e+01   6.9330726e-45
   1.3493162e+01   6.8600956e-45
   1.3524277e+01   6.7879515e-45
   1.3555464e+01   6.7166288e-45
   1.3586723e+01   6.6461161e-45
   1.3618054e+01   6.5764021e-45
   1.3649457e+01   6.5074761e-45
   1.3680933e+01   6.4393272e-45
   1.3712481e+01   6.3719448e-45
   1.3744103e+01   6.3053187e-45
   1.3775797e+01   6.2394386e-45
   1.3807564e+01   6.1742946e-45
   1.3839404e+01   6.1098768e-45
   1.3871318e+01   6.0461757e-45
   1.3903305e+01   5.9831818e-45
   1.3935366e+01   5.9208857e-45
   1.3967501e+01   5.8592784e-45
   1.3999710e+01   5.7983509e-45
   1.4031994e+01   5.7380943e-45
   1.4064352e+01   5.6785001e-45
   1.4096784e+01   5.6195596e-45
   1.4129292e+01   5.5612645e-45
   1.4161874e+01   5.5036066e-45
   1.4194531e+01   5.4465777e-45
   1.4227264e+01   5.3901700e-45
   1.4260072e+01   5.3343755e-45
   1.4292956e+01   5.2791866e-45
   1.4325916e+01   5.2245957e-45
   1.4358951e+01   5.1705953e-45
   1.4392063e+01   5.1171782e-45
   1.4425251e+01   5.0643370e-45
   1.4458516e+01   5.0120648e-45
   1.4491858e+01   4.9603544e-45
   1.4525276e+01   4.9091990e-45
   1.4558771e+01   4.8585919e-45
   1.4592344e+01   4.8085264e-45
   1.4625994e+01   4.7589959e-45
   1.4659722e+01   4.7099939e-45
   1.4693527e+01   4.6615141e-45
   1.4727410e+01   4.6135503e-45
   1.4761372e+01   4.5660962e-45
   1.4795412e+01   4.5191458e-45
   1.4829530e+01   4.4726931e-45
   1.4863727e+01   4.4267321e-45
   1.4898003e+01   4.3812572e-45
   1.4932358e+01   4.3362625e-45
   1.4966792e+01   4.2917424e-45
   1.5001306e+01   4.2476914e-45
   1.5035899e+01   4.2041039e-45
   1.5070572e+01   4.1609747e-45
   1.5105324e+01   4.1182983e-45
   1.5140157e+01   4.0760695e-45
   1.5175071e+01   4.0342831e-45
   1.5210065e+01   3.9929342e-45
   1.5245139e+01   3.9520175e-45
   1.5280295e+01   3.9115282e-45
   1.5315531e+01   3.8714615e-45
   1.5350849e+01   3.8318123e-45
   1.5386248e+01   3.7925762e-45
   1.5421729e+01   3.7537482e-45
   1.5457291e+01   3.7153239e-45
   1.5492936e+01   3.6772987e-45
   1.5528663e+01   3.6396680e-45
   1.5564472e+01   3.6024275e-45
   1.5600364e+01   3.5655728e-45
   1.5636338e+01   3.5290995e-45
   1.5672396e+01   3.4930034e-45
   1.5708537e+01   3.4572803e-45
   1.5744761e+01   3.4219260e-45
   1.5781068e+01   3.3869365e-45
   1.5817459e+01   3.3523078e-45
   1.5853935e+01   3.3180358e-45
   1.5890494e+01   3.2841166e-45
   1.5927137e+01   3.2505463e-45
   1.5963866e+01   3.2173211e-45
   1.6000678e+01   3.1844373e-45
   1.6037576e+01   3.1518911e-45
   1.6074559e+01   3.1196788e-45
   1.6111627e+01   3.0877967e-45
   1.6148780e+01   3.0562413e-45
   1.6186020e+01   3.0250091e-45
   1.6223345e+01   2.9940965e-45
   1.6260756e+01   2.9635001e-45
   1.6298253e+01   2.9332165e-45
   1.6335837e+01   2.9032422e-45
   1.6373508e+01   2.8735740e-45
   1.6411265e+01   2.8442086e-45
   1.6449110e+01   2.8151428e-45
   1.6487041e+01   2.7863732e-45
   1.6525061e+01   2.7578968e-45
   1.6563168e+01   2.7297105e-45
   1.6601362e+01   2.7018111e-45
   1.6639645e+01   2.6741955e-45
   1.6678016e+01   2.6468609e-45
   1.6716476e+01   2.6198041e-45
   1.6755024e+01   2.5930222e-45
   1.6793662e+01   2.5665124e-45
   1.6832388e+01   2.5402718e-45
   1.6871203e+01   2.5142975e-45
   1.6910109e+01   2.4885867e-45
   1.6949103e+01   2.4631366e-45
   1.6988188e+01   2.4379445e-45
   1.7027363e+01   2.4130078e-45
   1.7066628e+01   2.3883236e-45
   1.7105984e+01   2.3638894e-45
   1.7145431e+01   2.3397026e-45
   1.7184968e+01   2.3157605e-45
   1.7224597e+01   2.2920607e-45
   1.7264317e+01   2.2686005e-45
   1.7304128e+01   2.2453776e-45
   1.7344032e+01   2.2223893e-45
   1.7384027e+01   2.1996334e-45
   1.7424115e+01   2.1771073e-45
   1.7464295e+01   2.1548088e-45
   1.7504568e+01   2.1327354e-45
   1.7544934e+01   2.1108848e-45
   1.7585392e+01   2.0892547e-45
   1.7625945e+01   2.0678429e-45
   1.7666590e+01   2.0466470e-45
   1.7707329e+01   2.0256649e-45
   1.7748163e+01   2.0048944e-45
   1.7789090e+01   1.9843333e-45
   1.7830112e+01   1.9639794e-45
   1.7871228e+01   1.9438305e-45
   1.7912439e+01   1.9238847e-45
   1.7953746e+01   1.9041399e-45
   1.7995147e+01   1.8845939e-45
   1.8036644e+01   1.8652447e-45
   1.8078237e+01   1.8460903e-45
   1.8119925e+01   1.8271288e-45
   1.8161710e+01   1.8083581e-45
   1.8203591e+01   1.7897763e-45
   1.8245569e+01   1.7713816e-45
   1.8287643e+01   1.7531719e-45
   1.8329814e+01   1.7351454e-45
   1.8372083e+01   1.7173003e-45
   1.8414449e+01   1.6996347e-45
   1.8456913e+01   1.6821467e-45
   1.8499475e+01   1.6648346e-45
   1.8542135e+01   1.6476966e-45
   1.8584893e+01   1.6307309e-45
   1.8627750e+01   1.6139359e-45
   1.8670706e+01   1.5973096e-45
   1.8713761e+01   1.5808505e-45
   1.8756915e+01   1.5645569e-45
   1.8800168e+01   1.5484271e-45
   1.8843522e+01   1.5324594e-45
   1.8886975e+01   1.5166522e-45
   1.8930528e+01   1.5010038e-45
   1.8974182e+01   1.4855128e-45
   1.9017937e+01   1.4701775e-45
   1.9061792e+01   1.4549962e-45
   1.9105749e+01   1.4399676e-45
   1.9149807e+01   1.4250900e-45
   1.9193967e+01   1.4103619e-45
   1.9238228e+01   1.3957819e-45
   1.9282592e+01   1.3813484e-45
   1.9327057e+01   1.3670599e-45
   1.9371626e+01   1.3529151e-45
   1.9416297e+01   1.3389125e-45
   1.9461071e+01   1.3250506e-45
   1.9505948e+01   1.3113280e-45
   1.9550929e+01   1.2977434e-45
   1.9596014e+01   1.2842953e-45
   1.9641202e+01   1.2709825e-45
   1.9686495e+01   1.2578035e-45
   1.9731892e+01   1.2447569e-45
   1.9777394e+01   1.2318416e-45
   1.9823001e+01   1.2190562e-45
   1.9868713e+01   1.2063993e-45
   1.9914530e+01   1.1938698e-45
   1.9960454e+01   1.1814662e-45
   2.0006482e+01   1.1691874e-45
   2.0052618e+01   1.1570322e-45
   2.0098859e+01   1.1449992e-45
   2.0145207e+01   1.1330874e-45
   2.0191662e+01   1.1212954e-45
   2.0238224e+01   1.1096220e-45
   2.0284894e+01   1.0980662e-45
   2.0331671e+01   1.0866267e-45
   2.0378556e+01   1.0753024e-45
   2.0425549e+01   1.0640921e-45
   2.0472650e+01   1.0529947e-45
   2.0519861e+01   1.0420090e-45
   2.0567180e+01   1.0311341e-45
   2.0614608e+01   1.0203687e-45
   2.0662145e+01   1.0097117e-45
   2.0709792e+01   9.9916218e-46
   2.0757549e+01   9.8871898e-46
   2.0805416e+01   9.7838105e-46
   2.0853394e+01   9.6814736e-46
   2.0901482e+01   9.5801687e-46
   2.0949681e+01   9.4798856e-46
   2.0997991e+01   9.3806142e-46
   2.1046412e+01   9.2823444e-46
   2.1094945e+01   9.1850663e-46
   2.1143591e+01   9.0887700e-46
   2.1192348e+01   8.9934460e-46
   2.1241218e+01   8.8990845e-46
   2.1290200e+01   8.8056760e-46
   2.1339295e+01   8.7132111e-46
   2.1388504e+01   8.6216805e-46
   2.1437826e+01   8.5310749e-46
   2.1487262e+01   8.4413851e-46
   2.1536812e+01   8.3526022e-46
   2.1586476e+01   8.2647171e-46
   2.1636254e+01   8.1777210e-46
   2.1686148e+01   8.0916050e-46
   2.1736156e+01   8.0063606e-46
   2.1786280e+01   7.9219790e-46
   2.1836519e+01   7.8384518e-46
   2.1886874e+01   7.7557705e-46
   2.1937346e+01   7.6739267e-46
   2.1987933e+01   7.5929123e-46
   2.2038638e+01   7.5127189e-46
   2.2089459e+01   7.4333386e-46
   2.2140397e+01   7.3547632e-46
   2.2191453e+01   7.2769848e-46
   2.2242627e+01   7.1999956e-46
   2.2293919e+01   7.1237878e-46
   2.2345328e+01   7.0483536e-46
   2.2396857e+01   6.9736854e-46
   2.2448504e+01   6.8997758e-46
   2.2500271e+01   6.8266171e-46
   2.2552157e+01   6.7542020e-46
   2.2604162e+01   6.6825232e-46
   2.2656287e+01   6.6115733e-46
   2.2708533e+01   6.5413453e-46
   2.2760899e+01   6.4718319e-46
   2.2813386e+01   6.4030262e-46
   2.2865994e+01   6.3349211e-46
   2.2918723e+01   6.2675098e-46
   2.2971574e+01   6.2007854e-46
   2.3024546e+01   6.1347412e-46
   2.3077641e+01   6.0693703e-46
   2.3130858e+01   6.0046663e-46
   2.3184198e+01   5.9406225e-46
   2.3237661e+01   5.8772325e-46
   2.3291247e+01   5.8144897e-46
   2.3344957e+01   5.7523878e-46
   2.3398791e+01   5.6909205e-46
   2.3452748e+01   5.6300815e-46
   2.3506831e+01   5.5698647e-46
   2.3561038e+01   5.5102638e-46
   2.3615370e+01   5.4512729e-46
   2.3669827e+01   5.3928859e-46
   2.3724410e+01   5.3350969e-46
   2.3779118e+01   5.2779000e-46
   2.3833953e+01   5.2212893e-46
   2.3888914e+01   5.1652590e-46
   2.3944002e+01   5.1098036e-46
   2.3999217e+01   5.0549172e-46
   2.4054560e+01   5.0005942e-46
   2.4110030e+01   4.9468292e-46
   2.4165628e+01   4.8936166e-46
   2.4221354e+01   4.8409510e-46
   2.4277208e+01   4.7888270e-46
   2.4333192e+01   4.7372392e-46
   2.4389304e+01   4.6861824e-46
   2.4445546e+01   4.6356512e-46
   2.4501918e+01   4.5856407e-46
   2.4558420e+01   4.5361455e-46
   2.4615051e+01   4.4871607e-46
   2.4671814e+01   4.4386811e-46
   2.4728707e+01   4.3907019e-46
   2.4785732e+01   4.3432181e-46
   2.4842888e+01   4.2962247e-46
   2.4900176e+01   4.2497170e-46
   2.4957596e+01   4.2036902e-46
   2.5015148e+01   4.1581395e-46
   2.5072833e+01   4.1130602e-46
   2.5130652e+01   4.0684477e-46
   2.5188603e+01   4.0242974e-46
   2.5246688e+01   3.9806046e-46
   2.5304907e+01   3.9373650e-46
   2.5363261e+01   3.8945740e-46
   2.5421748e+01   3.8522272e-46
   2.5480371e+01   3.8103202e-46
   2.5539129e+01   3.7688486e-46
   2.5598023e+01   3.7278082e-46
   2.5657052e+01   3.6871948e-46
   2.5716217e+01   3.6470040e-46
   2.5775519e+01   3.6072317e-46
   2.5834957e+01   3.5678738e-46
   2.5894533e+01   3.5289262e-46
   2.5954246e+01   3.4903849e-46
   2.6014097e+01   3.4522458e-46
   2.6074085e+01   3.4145049e-46
   2.6134212e+01   3.3771583e-46
   2.6194478e+01   3.3402022e-46
   2.6254883e+01   3.3036325e-46
   2.6315427e+01   3.2674457e-46
   2.6376110e+01   3.2316377e-46
   2.6436934e+01   3.1962050e-46
   2.6497898e+01   3.1611438e-46
   2.6559002e+01   3.1264503e-46
   2.6620247e+01   3.0921211e-46
   2.6681634e+01   3.0581524e-46
   2.6743162e+01   3.0245406e-46
   2.6804832e+01   2.9912824e-46
   2.6866644e+01   2.9583741e-46
   2.6928599e+01   2.9258123e-46
   2.6990696e+01   2.8935936e-46
   2.7052937e+01   2.8617146e-46
   2.7115321e+01   2.8301718e-46
   2.7177849e+01   2.7989620e-46
   2.7240522e+01   2.7680819e-46
   2.7303338e+01   2.7375281e-46
   2.7366300e+01   2.7072976e-46
   2.7429407e+01   2.6773869e-46
   2.7492659e+01   2.6477931e-46
   2.7556058e+01   2.6185129e-46
   2.7619602e+01   2.5895432e-46
   2.7683293e+01   2.5608810e-46
   2.7747131e+01   2.5325231e-46
   2.7811116e+01   2.5044667e-46
   2.7875249e+01   2.4767085e-46
   2.7939529e+01   2.4492458e-46
   2.8003958e+01   2.4220756e-46
   2.8068536e+01   2.3951950e-46
   2.8133262e+01   2.3686010e-46
   2.8198137e+01   2.3422908e-46
   2.8263162e+01   2.3162617e-46
   2.8328338e+01   2.2905108e-46
   2.8393663e+01   2.2650353e-46
   2.8459139e+01   2.2398326e-46
   2.8524766e+01   2.2148998e-46
   2.8590544e+01   2.1902344e-46
   2.8656474e+01   2.1658336e-46
   2.8722556e+01   2.1416947e-46
   2.8788791e+01   2.1178153e-46
   2.8855178e+01   2.0941927e-46
   2.8921718e+01   2.0708243e-46
   2.8988412e+01   2.0477077e-46
   2.9055259e+01   2.0248402e-46
   2.9122261e+01   2.0022195e-46
   2.9189417e+01   1.9798430e-46
   2.9256728e+01   1.9577083e-46
   2.9324194e+01   1.9358130e-46
   2.9391816e+01   1.9141548e-46
   2.9459594e+01   1.8927311e-46
   2.9527528e+01   1.8715398e-46
   2.9595619e+01   1.8505784e-46
   2.9663866e+01   1.8298447e-46
   2.9732272e+01   1.8093364e-46
   2.9800834e+01   1.7890512e-46
   2.9869555e+01   1.7689869e-46
   2.9938435e+01   1.7491413e-46
   3.0007473e+01   1.7295122e-46
   3.0076670e+01   1.7100975e-46
   3.0146028e+01   1.6908949e-46
   3.0215544e+01   1.6719024e-46
   3.0285222e+01   1.6531178e-46
   3.0355060e+01   1.6345391e-46
   3.0425059e+01   1.6161641e-46
   3.0495219e+01   1.5979910e-46
   3.0565541e+01   1.5800175e-46
   3.0636026e+01   1.5622418e-46
   3.0706673e+01   1.5446618e-46
   3.0777482e+01   1.5272756e-46
   3.0848456e+01   1.5100812e-46
   3.0919592e+01   1.4930766e-46
   3.0990893e+01   1.4762601e-46
   3.1062358e+01   1.4596296e-46
   3.1133988e+01   1.4431833e-46
   3.1205784e+01   1.4269194e-46
   3.1277744e+01   1.4108360e-46
   3.1349871e+01   1.3949313e-46
   3.1422164e+01   1.3792035e-46
   3.1494624e+01   1.3636508e-46
   3.1567251e+01   1.3482714e-46
   3.1640045e+01   1.3330637e-46
   3.1713007e+01   1.3180258e-46
   3.1786138e+01   1.3031560e-46
   3.1859437e+01   1.2884527e-46
   3.1932905e+01   1.2739141e-46
   3.2006542e+01   1.2595387e-46
   3.2080350e+01   1.2453246e-46
   3.2154327e+01   1.2312704e-46
   3.2228475e+01   1.2173744e-46
   3.2302794e+01   1.2036350e-46
   3.2377285e+01   1.1900505e-46
   3.2451947e+01   1.1766195e-46
   3.2526782e+01   1.1633404e-46
   3.2601789e+01   1.1502116e-46
   3.2676969e+01   1.1372316e-46
   3.2752322e+01   1.1243989e-46
   3.2827849e+01   1.1117120e-46
   3.2903550e+01   1.0991694e-46
   3.2979426e+01   1.0867696e-46
   3.3055477e+01   1.0745113e-46
   3.3131703e+01   1.0623929e-46
   3.3208105e+01   1.0504130e-46
   3.3284683e+01   1.0385703e-46
   3.3361438e+01   1.0268632e-46
   3.3438370e+01   1.0152905e-46
   3.3515479e+01   1.0038508e-46
   3.3592766e+01   9.9254268e-47
   3.3670231e+01   9.8136482e-47
   3.3747875e+01   9.7031590e-47
   3.3825698e+01   9.5939460e-47
   3.3903700e+01   9.4859960e-47
   3.3981882e+01   9.3792962e-47
   3.4060245e+01   9.2738339e-47
   3.4138788e+01   9.1695962e-47
   3.4217512e+01   9.0665707e-47
   3.4296418e+01   8.9647450e-47
   3.4375506e+01   8.8641067e-47
   3.4454776e+01   8.7646437e-47
   3.4534229e+01   8.6663438e-47
   3.4613865e+01   8.5691952e-47
   3.4693685e+01   8.4731860e-47
   3.4773689e+01   8.3783045e-47
   3.4853877e+01   8.2845390e-47
   3.4934251e+01   8.1918782e-47
   3.5014809e+01   8.1003106e-47
   3.5095554e+01   8.0098250e-47
   3.5176484e+01   7.9204102e-47
   3.5257602e+01   7.8320551e-47
   3.5338906e+01   7.7447489e-47
   3.5420398e+01   7.6584807e-47
   3.5502077e+01   7.5732397e-47
   3.5583945e+01   7.4890154e-47
   3.5666002e+01   7.4057972e-47
   3.5748248e+01   7.3235748e-47
   3.5830684e+01   7.2423377e-47
   3.5913310e+01   7.1620759e-47
   3.5996126e+01   7.0827791e-47
   3.6079134e+01   7.0044375e-47
   3.6162332e+01   6.9270410e-47
   3.6245723e+01   6.8505798e-47
   3.6329306e+01   6.7750443e-47
   3.6413082e+01   6.7004248e-47
   3.6497050e+01   6.6267118e-47
   3.6581213e+01   6.5538958e-47
   3.6665569e+01   6.4819675e-47
   3.6750120e+01   6.4109176e-47
   3.6834867e+01   6.3407370e-47
   3.6919808e+01   6.2714167e-47
   3.7004945e+01   6.2029475e-47
   3.7090279e+01   6.1353207e-47
   3.7175810e+01   6.0685274e-47
   3.7261537e+01   6.0025590e-47
   3.7347463e+01   5.9374067e-47
   3.7433586e+01   5.8730620e-47
   3.7519908e+01   5.8095164e-47
   3.7606429e+01   5.7467617e-47
   3.7693150e+01   5.6847894e-47
   3.7780071e+01   5.6235913e-47
   3.7867192e+01   5.5631594e-47
   3.7954514e+01   5.5034855e-47
   3.8042037e+01   5.4445617e-47
   3.8129763e+01   5.3863801e-47
   3.8217690e+01   5.3289328e-47
   3.8305821e+01   5.2722121e-47
   3.8394154e+01   5.2162104e-47
   3.8482691e+01   5.1609200e-47
   3.8571433e+01   5.1063334e-47
   3.8660379e+01   5.0524433e-47
   3.8749530e+01   4.9992421e-47
   3.8838886e+01   4.9467226e-47
   3.8928449e+01   4.8948777e-47
   3.9018219e+01   4.8437000e-47
   3.9108195e+01   4.7931827e-47
   3.9198379e+01   4.7433185e-47
   3.9288770e+01   4.6941006e-47
   3.9379371e+01   4.6455222e-47
   3.9470180e+01   4.5975763e-47
   3.9561198e+01   4.5502564e-47
   3.9652427e+01   4.5035556e-47
   3.9743865e+01   4.4574674e-47
   3.9835515e+01   4.4119852e-47
   3.9927376e+01   4.3671026e-47
   4.0019449e+01   4.3228131e-47
   4.0111734e+01   4.2791104e-47
   4.0204232e+01   4.2359882e-47
   4.0296943e+01   4.1934403e-47
   4.0389868e+01   4.1514606e-47
   4.0483008e+01   4.1100428e-47
   4.0576362e+01   4.0691810e-47
   4.0669931e+01   4.0288692e-47
   4.0763716e+01   3.9891015e-47
   4.0857718e+01   3.9498720e-47
   4.0951936e+01   3.9111749e-47
   4.1046372e+01   3.8730044e-47
   4.1141025e+01   3.8353549e-47
   4.1235896e+01   3.7982207e-47
   4.1330987e+01   3.7615963e-47
   4.1426296e+01   3.7254761e-47
   4.1521826e+01   3.6898546e-47
   4.1617575e+01   3.6547265e-47
   4.1713546e+01   3.6200864e-47
   4.1809737e+01   3.5859290e-47
   4.1906151e+01   3.5522490e-47
   4.2002787e+01   3.5190412e-47
   4.2099646e+01   3.4863005e-47
   4.2196728e+01   3.4540217e-47
   4.2294034e+01   3.4222000e-47
   4.2391564e+01   3.3908301e-47
   4.2489319e+01   3.3599072e-47
   4.2587300e+01   3.3294265e-47
   4.2685507e+01   3.2993829e-47
   4.2783940e+01   3.2697719e-47
   4.2882600e+01   3.2405885e-47
   4.2981488e+01   3.2118281e-47
   4.3080603e+01   3.1834860e-47
   4.3179947e+01   3.1555577e-47
   4.3279521e+01   3.1280385e-47
   4.3379324e+01   3.1009240e-47
   4.3479357e+01   3.0742097e-47
   4.3579620e+01   3.0478910e-47
   4.3680115e+01   3.0219638e-47
   4.3780842e+01   2.9964235e-47
   4.3881801e+01   2.9712660e-47
   4.3982993e+01   2.9464870e-47
   4.4084418e+01   2.9220822e-47
   4.4186077e+01   2.8980475e-47
   4.4287970e+01   2.8743787e-47
   4.4390099e+01   2.8510719e-47
   4.4492463e+01   2.8281229e-47
   4.4595062e+01   2.8055277e-47
   4.4697899e+01   2.7832824e-47
   4.4800973e+01   2.7613830e-47
   4.4904284e+01   2.7398257e-47
   4.5007834e+01   2.7186066e-47
   4.5111622e+01   2.6977220e-47
   4.5215650e+01   2.6771680e-47
   4.5319918e+01   2.6569409e-47
   4.5424426e+01   2.6370370e-47
   4.5529175e+01   2.6174528e-47
   4.5634165e+01   2.5981845e-47
   4.5739398e+01   2.5792286e-47
   4.5844873e+01   2.5605815e-47
   4.5950592e+01   2.5422397e-47
   4.6056554e+01   2.5241999e-47
   4.6162761e+01   2.5064584e-47
   4.6269213e+01   2.4890120e-47
   4.6375910e+01   2.4718572e-47
   4.6482853e+01   2.4549907e-47
   4.6590043e+01   2.4384093e-47
   4.6697480e+01   2.4221096e-47
   4.6805165e+01   2.4060884e-47
   4.6913098e+01   2.3903426e-47
   4.7021280e+01   2.3748689e-47
   4.7129711e+01   2.3596642e-47
   4.7238393e+01   2.3447254e-47
   4.7347325e+01   2.3300495e-47
   4.7456508e+01   2.3156334e-47
   4.7565943e+01   2.3014741e-47
   4.7675631e+01   2.2875686e-47
   4.7785571e+01   2.2739140e-47
   4.7895765e+01   2.2605073e-47
   4.8006213e+01   2.2473457e-47
   4.8116916e+01   2.2344263e-47
   4.8227874e+01   2.2217463e-47
   4.8339087e+01   2.2093028e-47
   4.8450558e+01   2.1970932e-47
   4.8562285e+01   2.1851146e-47
   4.8674270e+01   2.1733644e-47
   4.8786513e+01   2.1618398e-47
   4.8899015e+01   2.1505382e-47
   4.9011777e+01   2.1394570e-47
   4.9124798e+01   2.1285936e-47
   4.9238081e+01   2.1179453e-47
   4.9351624e+01   2.1075097e-47
   4.9465429e+01   2.0972841e-47
   4.9579497e+01   2.0872662e-47
   4.9693828e+01   2.0774534e-47
   4.9808422e+01   2.0678433e-47
   4.9923280e+01   2.0584335e-47
   5.0038404e+01   2.0492215e-47
   5.0153793e+01   2.0402050e-47
   5.0269448e+01   2.0313817e-47
   5.0385370e+01   2.0227491e-47
   5.0501559e+01   2.0143051e-47
   5.0618016e+01   2.0060474e-47
   5.0734741e+01   1.9979736e-47
   5.0851736e+01   1.9900816e-47
   5.0969000e+01   1.9823691e-47
   5.1086535e+01   1.9748340e-47
   5.1204341e+01   1.9674741e-47
   5.1322419e+01   1.9602873e-47
   5.1440769e+01   1.9532715e-47
   5.1559392e+01   1.9464245e-47
   5.1678288e+01   1.9397443e-47
   5.1797458e+01   1.9332288e-47
   5.1916904e+01   1.9268760e-47
   5.2036625e+01   1.9206840e-47
   5.2156621e+01   1.9146506e-47
   5.2276895e+01   1.9087740e-47
   5.2397446e+01   1.9030522e-47
   5.2518275e+01   1.8974833e-47
   5.2639382e+01   1.8920654e-47
   5.2760769e+01   1.8867966e-47
   5.2882436e+01   1.8816749e-47
   5.3004383e+01   1.8766987e-47
   5.3126612e+01   1.8718660e-47
   5.3249122e+01   1.8671750e-47
   5.3371915e+01   1.8626240e-47
   5.3494991e+01   1.8582112e-47
   5.3618351e+01   1.8539348e-47
   5.3741995e+01   1.8497932e-47
   5.3865925e+01   1.8457845e-47
   5.3990140e+01   1.8419071e-47
   5.4114642e+01   1.8381593e-47
   5.4239430e+01   1.8345395e-47
   5.4364507e+01   1.8310460e-47
   5.4489872e+01   1.8276772e-47
   5.4615526e+01   1.8244315e-47
   5.4741470e+01   1.8213073e-47
   5.4867704e+01   1.8183029e-47
   5.4994229e+01   1.8154170e-47
   5.5121046e+01   1.8126478e-47
   5.5248156e+01   1.8099940e-47
   5.5375559e+01   1.8074539e-47
   5.5503255e+01   1.8050262e-47
   5.5631246e+01   1.8027092e-47
   5.5759532e+01   1.8005017e-47
   5.5888114e+01   1.7984020e-47
   5.6016992e+01   1.7964088e-47
   5.6146168e+01   1.7945207e-47
   5.6275642e+01   1.7927362e-47
   5.6405414e+01   1.7910541e-47
   5.6535485e+01   1.7894729e-47
   5.6665856e+01   1.7879912e-47
   5.6796528e+01   1.7866078e-47
   5.6927501e+01   1.7853212e-47
   5.7058777e+01   1.7841303e-47
   5.7190355e+01   1.7830336e-47
   5.7322236e+01   1.7820300e-47
   5.7454421e+01   1.7811181e-47
   5.7586912e+01   1.7802967e-47
   5.7719708e+01   1.7795645e-47
   5.7852810e+01   1.7789203e-47
   5.7986219e+01   1.7783630e-47
   5.8119935e+01   1.7778912e-47
   5.8253960e+01   1.7775039e-47
   5.8388294e+01   1.7771998e-47
   5.8522938e+01   1.7769778e-47
   5.8657893e+01   1.7768367e-47
   5.8793158e+01   1.7767754e-47
   5.8928736e+01   1.7767927e-47
   5.9064626e+01   1.7768876e-47
   5.9200829e+01   1.7770590e-47
   5.9337347e+01   1.7773057e-47
   5.9474179e+01   1.7776267e-47
   5.9611327e+01   1.7780209e-47
   5.9748791e+01   1.7784872e-47
   5.9886572e+01   1.7790247e-47
   6.0024671e+01   1.7796323e-47
   6.0163089e+01   1.7803089e-47
   6.0301825e+01   1.7810536e-47
   6.0440882e+01   1.7818654e-47
   6.0580259e+01   1.7827433e-47
   6.0719957e+01   1.7836863e-47
   6.0859978e+01   1.7846934e-47
   6.1000322e+01   1.7857637e-47
   6.1140989e+01   1.7868963e-47
   6.1281980e+01   1.7880902e-47
   6.1423297e+01   1.7893444e-47
   6.1564940e+01   1.7906582e-47
   6.1706909e+01   1.7920305e-47
   6.1849206e+01   1.7934606e-47
   6.1991830e+01   1.7949474e-47
   6.2134784e+01   1.7964902e-47
   6.2278067e+01   1.7980881e-47
   6.2421681e+01   1.7997401e-47
   6.2565626e+01   1.8014456e-47
   6.2709903e+01   1.8032036e-47
   6.2854512e+01   1.8050134e-47
   6.2999455e+01   1.8068741e-47
   6.3144732e+01   1.8087848e-47
   6.3290345e+01   1.8107449e-47
   6.3436293e+01   1.8127535e-47
   6.3582577e+01   1.8148099e-47
   6.3729199e+01   1.8169132e-47
   6.3876159e+01   1.8190628e-47
   6.4023458e+01   1.8212578e-47
   6.4171097e+01   1.8234975e-47
   6.4319076e+01   1.8257812e-47
   6.4467396e+01   1.8281082e-47
   6.4616058e+01   1.8304778e-47
   6.4765063e+01   1.8328891e-47
   6.4914412e+01   1.8353416e-47
   6.5064105e+01   1.8378345e-47
   6.5214144e+01   1.8403672e-47
   6.5364528e+01   1.8429390e-47
   6.5515259e+01   1.8455492e-47
   6.5666338e+01   1.8481971e-47
   6.5817765e+01   1.8508821e-47
   6.5969541e+01   1.8536035e-47
   6.6121667e+01   1.8563608e-47
   6.6274144e+01   1.8591532e-47
   6.6426973e+01   1.8619801e-47
   6.6580154e+01   1.8648410e-47
   6.6733688e+01   1.8677352e-47
   6.6887577e+01   1.8706621e-47
   6.7041820e+01   1.8736211e-47
   6.7196419e+01   1.8766117e-47
   6.7351374e+01   1.8796332e-47
   6.7506687e+01   1.8826851e-47
   6.7662358e+01   1.8857668e-47
   6.7818388e+01   1.8888777e-47
   6.7974778e+01   1.8920173e-47
   6.8131528e+01   1.8951851e-47
   6.8288640e+01   1.8983804e-47
   6.8446114e+01   1.9016028e-47
   6.8603951e+01   1.9048518e-47
   6.8762153e+01   1.9081267e-47
   6.8920719e+01   1.9114271e-47
   6.9079650e+01   1.9147526e-47
   6.9238949e+01   1.9181025e-47
   6.9398614e+01   1.9214763e-47
   6.9558648e+01   1.9248737e-47
   6.9719051e+01   1.9282940e-47
   6.9879823e+01   1.9317369e-47
   7.0040967e+01   1.9352018e-47
   7.0202482e+01   1.9386883e-47
   7.0364369e+01   1.9421959e-47
   7.0526630e+01   1.9457242e-47
   7.0689265e+01   1.9492727e-47
   7.0852275e+01   1.9528409e-47
   7.1015661e+01   1.9564284e-47
   7.1179423e+01   1.9600348e-47
   7.1343564e+01   1.9636597e-47
   7.1508083e+01   1.9673025e-47
   7.1672981e+01   1.9709630e-47
   7.1838259e+01   1.9746407e-47
   7.2003919e+01   1.9783351e-47
   7.2169960e+01   1.9820460e-47
   7.2336385e+01   1.9857728e-47
   7.2503193e+01   1.9895151e-47
   7.2670386e+01   1.9932727e-47
   7.2837964e+01   1.9970451e-47
   7.3005929e+01   2.0008319e-47
   7.3174282e+01   2.0046327e-47
   7.3343022e+01   2.0084472e-47
   7.3512152e+01   2.0122751e-47
   7.3681671e+01   2.0161159e-47
   7.3851582e+01   2.0199693e-47
   7.4021884e+01   2.0238349e-47
   7.4192579e+01   2.0277124e-47
   7.4363668e+01   2.0316015e-47
   7.4535151e+01   2.0355018e-47
   7.4707029e+01   2.0394130e-47
   7.4879304e+01   2.0433348e-47
   7.5051977e+01   2.0472667e-47
   7.5225047e+01   2.0512086e-47
   7.5398517e+01   2.0551600e-47
   7.5572386e+01   2.0591207e-47
   7.5746657e+01   2.0630904e-47
   7.5921329e+01   2.0670688e-47
   7.6096404e+01   2.0710555e-47
   7.6271883e+01   2.0750502e-47
   7.6447767e+01   2.0790528e-47
   7.6624056e+01   2.0830628e-47
   7.6800751e+01   2.0870800e-47
   7.6977855e+01   2.0911041e-47
   7.7155366e+01   2.0951348e-47
   7.7333287e+01   2.0991719e-47
   7.7511618e+01   2.1032151e-47
   7.7690361e+01   2.1072641e-47
   7.7869515e+01   2.1113186e-47
   7.8049083e+01   2.1153785e-47
   7.8229065e+01   2.1194433e-47
   7.8409461e+01   2.1235130e-47
   7.8590274e+01   2.1275872e-47
   7.8771504e+01   2.1316657e-47
   7.8953152e+01   2.1357482e-47
   7.9135218e+01   2.1398346e-47
   7.9317705e+01   2.1439245e-47
   7.9500612e+01   2.1480178e-47
   7.9683941e+01   2.1521141e-47
   7.9867693e+01   2.1562134e-47
   8.0051868e+01   2.1603153e-47
   8.0236468e+01   2.1644196e-47
   8.0421494e+01   2.1685262e-47
   8.0606947e+01   2.1726347e-47
   8.0792827e+01   2.1767451e-47
   8.0979136e+01   2.1808571e-47
   8.1165874e+01   2.1849704e-47
   8.1353044e+01   2.1890849e-47
   8.1540644e+01   2.1932004e-47
   8.1728678e+01   2.1973167e-47
   8.1917145e+01   2.2014335e-47
   8.2106046e+01   2.2055508e-47
   8.2295383e+01   2.2096683e-47
   8.2485157e+01   2.2137858e-47
   8.2675369e+01   2.2179032e-47
   8.2866019e+01   2.2220202e-47
   8.3057108e+01   2.2261367e-47
   8.3248639e+01   2.2302525e-47
   8.3440611e+01   2.2343675e-47
   8.3633025e+01   2.2384814e-47
   8.3825884e+01   2.2425941e-47
   8.4019187e+01   2.2467055e-47
   8.4212936e+01   2.2508153e-47
   8.4407131e+01   2.2549235e-47
   8.4601775e+01   2.2590299e-47
   8.4796867e+01   2.2631342e-47
   8.4992409e+01   2.2672364e-47
   8.5188403e+01   2.2713363e-47
   8.5384848e+01   2.2754337e-47
   8.5581746e+01   2.2795286e-47
   8.5779098e+01   2.2836208e-47
   8.5976905e+01   2.2877100e-47
   8.6175169e+01   2.2917963e-47
   8.6373889e+01   2.2958794e-47
   8.6573068e+01   2.2999592e-47
   8.6772706e+01   2.3040356e-47
   8.6972805e+01   2.3081085e-47
   8.7173365e+01   2.3121777e-47
   8.7374387e+01   2.3162432e-47
   8.7575873e+01   2.3203047e-47
   8.7777824e+01   2.3243621e-47
   8.7980240e+01   2.3284154e-47
   8.8183123e+01   2.3324645e-47
   8.8386474e+01   2.3365091e-47
   8.8590294e+01   2.3405492e-47
   8.8794584e+01   2.3445847e-47
   8.8999345e+01   2.3486155e-47
   8.9204578e+01   2.3526415e-47
   8.9410285e+01   2.3566625e-47
   8.9616465e+01   2.3606785e-47
   8.9823122e+01   2.3646893e-47
   9.0030254e+01   2.3686949e-47
   9.0237865e+01   2.3726951e-47
   9.0445954e+01   2.3766899e-47
   9.0654523e+01   2.3806791e-47
   9.0863573e+01   2.3846627e-47
   9.1073105e+01   2.3886406e-47
   9.1283120e+01   2.3926127e-47
   9.1493620e+01   2.3965789e-47
   9.1704605e+01   2.4005391e-47
   9.1916077e+01   2.4044933e-47
   9.2128036e+01   2.4084412e-47
   9.2340484e+01   2.4123830e-47
   9.2553422e+01   2.4163184e-47
   9.2766850e+01   2.4202474e-47
   9.2980771e+01   2.4241700e-47
   9.3195186e+01   2.4280860e-47
   9.3410095e+01   2.4319953e-47
   9.3625499e+01   2.4358980e-47
   9.3841400e+01   2.4397939e-47
   9.4057799e+01   2.4436830e-47
   9.4274697e+01   2.4475652e-47
   9.4492095e+01   2.4514404e-47
   9.4709995e+01   2.4553086e-47
   9.4928397e+01   2.4591696e-47
   9.5147302e+01   2.4630235e-47
   9.5366713e+01   2.4668702e-47
   9.5586629e+01   2.4707096e-47
   9.5807053e+01   2.4745416e-47
   9.6027984e+01   2.4783663e-47
   9.6249426e+01   2.4821835e-47
   9.6471378e+01   2.4859931e-47
   9.6693841e+01   2.4897953e-47
   9.6916818e+01   2.4935897e-47
   9.7140309e+01   2.4973766e-47
   9.7364315e+01   2.5011557e-47
   9.7588838e+01   2.5049270e-47
   9.7813879e+01   2.5086906e-47
   9.8039438e+01   2.5124462e-47
   9.8265518e+01   2.5161940e-47
   9.8492119e+01   2.5199338e-47
   9.8719243e+01   2.5236656e-47
   9.8946890e+01   2.5273894e-47
   9.9175062e+01   2.5311051e-47
   9.9403761e+01   2.5348127e-47
   9.9632987e+01   2.5385122e-47
   9.9862741e+01   2.5422035e-47
   1.0009303e+02   2.5458865e-47
   1.0032384e+02   2.5495613e-47
   1.0055519e+02   2.5532278e-47
   1.0078707e+02   2.5568859e-47
   1.0101948e+02   2.5605357e-47
   1.0125244e+02   2.5641771e-47
   1.0148593e+02   2.5678101e-47
   1.0171995e+02   2.5714347e-47
   1.0195452e+02   2.5750508e-47
   1.0218963e+02   2.5786583e-47
   1.0242528e+02   2.5822574e-47
   1.0266147e+02   2.5858478e-47
   1.0289821e+02   2.5894297e-47
   1.0313549e+02   2.5930030e-47
   1.0337332e+02   2.5965677e-47
   1.0361170e+02   2.6001237e-47
   1.0385063e+02   2.6036711e-47
   1.0409011e+02   2.6072098e-47
   1.0433015e+02   2.6107397e-47
   1.0457073e+02   2.6142610e-47
   1.0481187e+02   2.6177735e-47
   1.0505357e+02   2.6212772e-47
   1.0529582e+02   2.6247722e-47
   1.0553864e+02   2.6282584e-47
   1.0578201e+02   2.6317358e-47
   1.0602594e+02   2.6352043e-47
   1.0627044e+02   2.6386640e-47
   1.0651550e+02   2.6421149e-47
   1.0676113e+02   2.6455570e-47
   1.0700732e+02   2.6489902e-47
   1.0725408e+02   2.6524145e-47
   1.0750141e+02   2.6558299e-47
   1.0774931e+02   2.6592364e-47
   1.0799778e+02   2.6626341e-47
   1.0824682e+02   2.6660228e-47
   1.0849644e+02   2.6694027e-47
   1.0874663e+02   2.6727736e-47
   1.0899740e+02   2.6761356e-47
   1.0924875e+02   2.6794887e-47
   1.0950068e+02   2.6828329e-47
   1.0975319e+02   2.6861681e-47
   1.1000628e+02   2.6894944e-47
   1.1025996e+02   2.6928118e-47
   1.1051422e+02   2.6961202e-47
   1.1076906e+02   2.6994197e-47
   1.1102450e+02   2.7027103e-47
   1.1128052e+02   2.7059920e-47
   1.1153714e+02   2.7092647e-47
   1.1179434e+02   2.7125285e-47
   1.1205214e+02   2.7157834e-47
   1.1231053e+02   2.7190294e-47
   1.1256952e+02   2.7222664e-47
   1.1282911e+02   2.7254945e-47
   1.1308929e+02   2.7287138e-47
   1.1335008e+02   2.7319241e-47
   1.1361146e+02   2.7351256e-47
   1.1387345e+02   2.7383181e-47
   1.1413605e+02   2.7415018e-47
   1.1439924e+02   2.7446766e-47
   1.1466305e+02   2.7478425e-47
   1.1492746e+02   2.7509996e-47
   1.1519249e+02   2.7541479e-47
   1.1545812e+02   2.7572873e-47
   1.1572437e+02   2.7604179e-47
   1.1599123e+02   2.7635397e-47
   1.1625871e+02   2.7666527e-47
   1.1652680e+02   2.7697569e-47
   1.1679551e+02   2.7728523e-47
   1.1706484e+02   2.7759389e-47
   1.1733480e+02   2.7790168e-47
   1.1760537e+02   2.7820860e-47
   1.1787657e+02   2.7851464e-47
   1.1814839e+02   2.7881981e-47
   1.1842085e+02   2.7912412e-47
   1.1869392e+02   2.7942755e-47
   1.1896763e+02   2.7973012e-47
   1.1924197e+02   2.8003183e-47
   1.1951695e+02   2.8033267e-47
   1.1979255e+02   2.8063265e-47
   1.2006880e+02   2.8093177e-47
   1.2034568e+02   2.8123003e-47
   1.2062319e+02   2.8152744e-47
   1.2090135e+02   2.8182399e-47
   1.2118015e+02   2.8211969e-47
   1.2145959e+02   2.8241454e-47
   1.2173968e+02   2.8270854e-47
   1.2202041e+02   2.8300170e-47
   1.2230179e+02   2.8329401e-47
   1.2258382e+02   2.8358548e-47
   1.2286650e+02   2.8387611e-47
   1.2314983e+02   2.8416590e-47
   1.2343382e+02   2.8445485e-47
   1.2371846e+02   2.8474297e-47
   1.2400375e+02   2.8503026e-47
   1.2428971e+02   2.8531672e-47
   1.2457632e+02   2.8560235e-47
   1.2486359e+02   2.8588716e-47
   1.2515153e+02   2.8617115e-47
   1.2544013e+02   2.8645432e-47
   1.2572940e+02   2.8673667e-47
   1.2601933e+02   2.8701820e-47
   1.2630993e+02   2.8729892e-47
   1.2660120e+02   2.8757883e-47
   1.2689314e+02   2.8785794e-47
   1.2718576e+02   2.8813624e-47
   1.2747905e+02   2.8841373e-47
   1.2777302e+02   2.8869043e-47
   1.2806767e+02   2.8896633e-47
   1.2836299e+02   2.8924144e-47
   1.2865900e+02   2.8951575e-47
   1.2895569e+02   2.8978928e-47
   1.2925306e+02   2.9006202e-47
   1.2955112e+02   2.9033398e-47
   1.2984986e+02   2.9060515e-47
   1.3014930e+02   2.9087555e-47
   1.3044942e+02   2.9114517e-47
   1.3075024e+02   2.9141402e-47
   1.3105175e+02   2.9168210e-47
   1.3135396e+02   2.9194942e-47
   1.3165686e+02   2.9221597e-47
   1.3196046e+02   2.9248176e-47
   1.3226476e+02   2.9274680e-47
   1.3256977e+02   2.9301108e-47
   1.3287547e+02   2.9327461e-47
   1.3318189e+02   2.9353739e-47
   1.3348901e+02   2.9379942e-47
   1.3379683e+02   2.9406071e-47
   1.3410537e+02   2.9432127e-47
   1.3441462e+02   2.9458109e-47
   1.3472458e+02   2.9484017e-47
   1.3503525e+02   2.9509853e-47
   1.3534665e+02   2.9535616e-47
   1.3565876e+02   2.9561306e-47
   1.3597159e+02   2.9586925e-47
   1.3628514e+02   2.9612472e-47
   1.3659941e+02   2.9637947e-47
   1.3691441e+02   2.9663352e-47
   1.3723014e+02   2.9688686e-47
   1.3754659e+02   2.9713949e-47
   1.3786377e+02   2.9739143e-47
   1.3818169e+02   2.9764266e-47
   1.3850034e+02   2.9789321e-47
   1.3881972e+02   2.9814306e-47
   1.3913984e+02   2.9839223e-47
   1.3946070e+02   2.9864071e-47
   1.3978229e+02   2.9888851e-47
   1.4010463e+02   2.9913564e-47
   1.4042772e+02   2.9938209e-47
   1.4075154e+02   2.9962788e-47
   1.4107612e+02   2.9987300e-47
   1.4140144e+02   3.0011745e-47
   1.4172751e+02   3.0036125e-47
   1.4205434e+02   3.0060439e-47
   1.4238192e+02   3.0084687e-47
   1.4271025e+02   3.0108871e-47
   1.4303934e+02   3.0132991e-47
   1.4336919e+02   3.0157046e-47
   1.4369980e+02   3.0181038e-47
   1.4403117e+02   3.0204966e-47
   1.4436331e+02   3.0228831e-47
   1.4469621e+02   3.0252633e-47
   1.4502988e+02   3.0276373e-47
   1.4536432e+02   3.0300051e-47
   1.4569954e+02   3.0323667e-47
   1.4603552e+02   3.0347222e-47
   1.4637228e+02   3.0370717e-47
   1.4670981e+02   3.0394150e-47
   1.4704813e+02   3.0417524e-47
   1.4738722e+02   3.0440838e-47
   1.4772710e+02   3.0464092e-47
   1.4806776e+02   3.0487288e-47
   1.4840920e+02   3.0510425e-47
   1.4875144e+02   3.0533503e-47
   1.4909446e+02   3.0556524e-47
   1.4943827e+02   3.0579487e-47
   1.4978288e+02   3.0602393e-47
   1.5012828e+02   3.0625242e-47
   1.5047447e+02   3.0648035e-47
   1.5082147e+02   3.0670772e-47
   1.5116927e+02   3.0693453e-47
   1.5151786e+02   3.0716079e-47
   1.5186726e+02   3.0738650e-47
   1.5221747e+02   3.0761167e-47
   1.5256849e+02   3.0783630e-47
   1.5292031e+02   3.0806038e-47
   1.5327295e+02   3.0828394e-47
   1.5362639e+02   3.0850697e-47
   1.5398066e+02   3.0872947e-47
   1.5433574e+02   3.0895145e-47
   1.5469164e+02   3.0917291e-47
   1.5504836e+02   3.0939386e-47
   1.5540590e+02   3.0961430e-47
   1.5576427e+02   3.0983424e-47
   1.5612346e+02   3.1005367e-47
   1.5648348e+02   3.1027261e-47
   1.5684434e+02   3.1049105e-47
   1.5720602e+02   3.1070900e-47
   1.5756854e+02   3.1092647e-47
   1.5793189e+02   3.1114345e-47
   1.5829608e+02   3.1135995e-47
   1.5866112e+02   3.1157599e-47
   1.5902699e+02   3.1179155e-47
   1.5939371e+02   3.1200664e-47
   1.5976127e+02   3.1222128e-47
   1.6012968e+02   3.1243545e-47
   1.6049894e+02   3.1264917e-47
   1.6086905e+02   3.1286245e-47
   1.6124002e+02   3.1307527e-47
   1.6161184e+02   3.1328766e-47
   1.6198452e+02   3.1349960e-47
   1.6235805e+02   3.1371111e-47
   1.6273245e+02   3.1392220e-47
   1.6310772e+02   3.1413285e-47
   1.6348384e+02   3.1434309e-47
   1.6386084e+02   3.1455291e-47
   1.6423870e+02   3.1476231e-47
   1.6461744e+02   3.1497130e-47
   1.6499705e+02   3.1517989e-47
   1.6537753e+02   3.1538808e-47
   1.6575889e+02   3.1559587e-47
   1.6614114e+02   3.1580327e-47
   1.6652426e+02   3.1601028e-47
   1.6690826e+02   3.1621690e-47
   1.6729316e+02   3.1642315e-47
   1.6767894e+02   3.1662901e-47
   1.6806560e+02   3.1683451e-47
   1.6845316e+02   3.1703963e-47
   1.6884162e+02   3.1724439e-47
   1.6923097e+02   3.1744880e-47
   1.6962122e+02   3.1765284e-47
   1.7001236e+02   3.1785654e-47
   1.7040441e+02   3.1805988e-47
   1.7079737e+02   3.1826288e-47
   1.7119123e+02   3.1846555e-47
   1.7158600e+02   3.1866788e-47
   1.7198168e+02   3.1886987e-47
   1.7237827e+02   3.1907154e-47
   1.7277577e+02   3.1927289e-47
   1.7317419e+02   3.1947392e-47
   1.7357354e+02   3.1967463e-47
   1.7397380e+02   3.1987504e-47
   1.7437498e+02   3.2007514e-47
   1.7477709e+02   3.2027494e-47
   1.7518013e+02   3.2047444e-47
   1.7558410e+02   3.2067364e-47
   1.7598899e+02   3.2087256e-47
   1.7639483e+02   3.2107119e-47
   1.7680159e+02   3.2126954e-47
   1.7720930e+02   3.2146762e-47
   1.7761795e+02   3.2166542e-47
   1.7802753e+02   3.2186296e-47
   1.7843807e+02   3.2206023e-47
   1.7884955e+02   3.2225724e-47
   1.7926198e+02   3.2245400e-47
   1.7967535e+02   3.2265050e-47
   1.8008969e+02   3.2284676e-47
   1.8050498e+02   3.2304278e-47
   1.8092122e+02   3.2323855e-47
   1.8133843e+02   3.2343410e-47
   1.8175659e+02   3.2362941e-47
   1.8217573e+02   3.2382450e-47
   1.8259583e+02   3.2401937e-47
   1.8301689e+02   3.2421402e-47
   1.8343893e+02   3.2440845e-47
   1.8386194e+02   3.2460268e-47
   1.8428593e+02   3.2479671e-47
   1.8471089e+02   3.2499053e-47
   1.8513684e+02   3.2518416e-47
   1.8556377e+02   3.2537760e-47
   1.8599168e+02   3.2557085e-47
   1.8642058e+02   3.2576392e-47
   1.8685046e+02   3.2595681e-47
   1.8728134e+02   3.2614953e-47
   1.8771321e+02   3.2634207e-47
   1.8814608e+02   3.2653445e-47
   1.8857995e+02   3.2672667e-47
   1.8901482e+02   3.2691874e-47
   1.8945068e+02   3.2711065e-47
   1.8988756e+02   3.2730241e-47
   1.9032544e+02   3.2749403e-47
   1.9076433e+02   3.2768551e-47
   1.9120424e+02   3.2787685e-47
   1.9164516e+02   3.2806807e-47
   1.9208709e+02   3.2825915e-47
   1.9253005e+02   3.2845012e-47
   1.9297402e+02   3.2864097e-47
   1.9341902e+02   3.2883170e-47
   1.9386505e+02   3.2902232e-47
   1.9431210e+02   3.2921284e-47
   1.9476019e+02   3.2940326e-47
   1.9520930e+02   3.2959359e-47
   1.9565946e+02   3.2978382e-47
   1.9611065e+02   3.2997397e-47
   1.9656288e+02   3.3016403e-47
   1.9701616e+02   3.3035401e-47
   1.9747048e+02   3.3054392e-47
   1.9792585e+02   3.3073377e-47
   1.9838227e+02   3.3092354e-47
   1.9883974e+02   3.3111326e-47
   1.9929826e+02   3.3130292e-47
   1.9975785e+02   3.3149252e-47
   2.0021849e+02   3.3168208e-47
   2.0068020e+02   3.3187160e-47
   2.0114297e+02   3.3206108e-47
   2.0160680e+02   3.3225052e-47
   2.0207171e+02   3.3243993e-47
   2.0253769e+02   3.3262932e-47
   2.0300474e+02   3.3281869e-47
   2.0347287e+02   3.3300804e-47
   2.0394208e+02   3.3319738e-47
   2.0441237e+02   3.3338671e-47
   2.0488375e+02   3.3357604e-47
   2.0535621e+02   3.3376537e-47
   2.0582977e+02   3.3395470e-47
   2.0630441e+02   3.3414405e-47
   2.0678015e+02   3.3433341e-47
   2.0725699e+02   3.3452279e-47
   2.0773492e+02   3.3471219e-47
   2.0821396e+02   3.3490162e-47
   2.0869411e+02   3.3509109e-47
   2.0917536e+02   3.3528059e-47
   2.0965772e+02   3.3547013e-47
   2.1014119e+02   3.3565972e-47
   2.1062578e+02   3.3584936e-47
   2.1111148e+02   3.3603906e-47
   2.1159831e+02   3.3622882e-47
   2.1208625e+02   3.3641864e-47
   2.1257533e+02   3.3660852e-47
   2.1306553e+02   3.3679849e-47
   2.1355686e+02   3.3698853e-47
   2.1404932e+02   3.3717865e-47
   2.1454292e+02   3.3736886e-47
   2.1503766e+02   3.3755916e-47
   2.1553354e+02   3.3774956e-47
   2.1603056e+02   3.3794006e-47
   2.1652873e+02   3.3813066e-47
   2.1702804e+02   3.3832137e-47
   2.1752851e+02   3.3851220e-47
   2.1803013e+02   3.3870315e-47
   2.1853291e+02   3.3889422e-47
   2.1903685e+02   3.3908542e-47
   2.1954195e+02   3.3927675e-47
   2.2004822e+02   3.3946822e-47
   2.2055565e+02   3.3965983e-47
   2.2106425e+02   3.3985159e-47
   2.2157403e+02   3.4004350e-47
   2.2208498e+02   3.4023557e-47
   2.2259711e+02   3.4042779e-47
   2.2311042e+02   3.4062019e-47
   2.2362491e+02   3.4081275e-47
   2.2414060e+02   3.4100548e-47
   2.2465747e+02   3.4119840e-47
   2.2517553e+02   3.4139150e-47
   2.2569478e+02   3.4158479e-47
   2.2621524e+02   3.4177827e-47
   2.2673689e+02   3.4197195e-47
   2.2725975e+02   3.4216583e-47
   2.2778381e+02   3.4235992e-47
   2.2830908e+02   3.4255422e-47
   2.2883556e+02   3.4274874e-47
   2.2936326e+02   3.4294348e-47
   2.2989217e+02   3.4313845e-47
   2.3042231e+02   3.4333365e-47
   2.3095366e+02   3.4352908e-47
   2.3148624e+02   3.4372475e-47
   2.3202005e+02   3.4392067e-47
   2.3255509e+02   3.4411684e-47
   2.3309137e+02   3.4431327e-47
   2.3362888e+02   3.4450995e-47
   2.3416763e+02   3.4470690e-47
   2.3470762e+02   3.4490412e-47
   2.3524886e+02   3.4510161e-47
   2.3579134e+02   3.4529938e-47
   2.3633508e+02   3.4549743e-47
   2.3688007e+02   3.4569578e-47
   2.3742632e+02   3.4589441e-47
   2.3797382e+02   3.4609335e-47
   2.3852259e+02   3.4629258e-47
   2.3907263e+02   3.4649213e-47
   2.3962393e+02   3.4669199e-47
   2.4017651e+02   3.4689216e-47
   2.4073036e+02   3.4709266e-47
   2.4128548e+02   3.4729349e-47
   2.4184189e+02   3.4749464e-47
   2.4239958e+02   3.4769614e-47
   2.4295855e+02   3.4789797e-47
   2.4351882e+02   3.4810016e-47
   2.4408037e+02   3.4830269e-47
   2.4464322e+02   3.4850559e-47
   2.4520737e+02   3.4870884e-47
   2.4577282e+02   3.4891246e-47
   2.4633958e+02   3.4911646e-47
   2.4690764e+02   3.4932083e-47
   2.4747701e+02   3.4952558e-47
   2.4804769e+02   3.4973072e-47
   2.4861969e+02   3.4993625e-47
   2.4919301e+02   3.5014217e-47
   2.4976765e+02   3.5034850e-47
   2.5034362e+02   3.5055524e-47
   2.5092091e+02   3.5076239e-47
   2.5149954e+02   3.5096995e-47
   2.5207950e+02   3.5117794e-47
   2.5266080e+02   3.5138635e-47
   2.5324343e+02   3.5159520e-47
   2.5382742e+02   3.5180448e-47
   2.5441274e+02   3.5201420e-47
   2.5499942e+02   3.5222438e-47
   2.5558745e+02   3.5243500e-47
   2.5617684e+02   3.5264609e-47
   2.5676758e+02   3.5285763e-47
   2.5735969e+02   3.5306964e-47
   2.5795317e+02   3.5328213e-47
   2.5854801e+02   3.5349510e-47
   2.5914422e+02   3.5370855e-47
   2.5974181e+02   3.5392248e-47
   2.6034078e+02   3.5413691e-47
   2.6094112e+02   3.5435185e-47
   2.6154286e+02   3.5456728e-47
   2.6214598e+02   3.5478322e-47
   2.6275049e+02   3.5499968e-47
   2.6335639e+02   3.5521666e-47
   2.6396369e+02   3.5543417e-47
   2.6457240e+02   3.5565220e-47
   2.6518250e+02   3.5587078e-47
   2.6579401e+02   3.5608989e-47
   2.6640694e+02   3.5630955e-47
   2.6702127e+02   3.5652976e-47
   2.6763703e+02   3.5675053e-47
   2.6825420e+02   3.5697186e-47
   2.6887280e+02   3.5719376e-47
   2.6949282e+02   3.5741623e-47
   2.7011427e+02   3.5763928e-47
   2.7073716e+02   3.5786292e-47
   2.7136148e+02   3.5808715e-47
   2.7198724e+02   3.5831197e-47
   2.7261444e+02   3.5853739e-47
   2.7324310e+02   3.5876341e-47
   2.7387320e+02   3.5899005e-47
   2.7450475e+02   3.5921731e-47
   2.7513776e+02   3.5944519e-47
   2.7577223e+02   3.5967369e-47
   2.7640816e+02   3.5990283e-47
   2.7704556e+02   3.6013261e-47
   2.7768443e+02   3.6036303e-47
   2.7832477e+02   3.6059411e-47
   2.7896659e+02   3.6082584e-47
   2.7960989e+02   3.6105823e-47
   2.8025467e+02   3.6129128e-47
   2.8090094e+02   3.6152501e-47
   2.8154870e+02   3.6175942e-47
   2.8219796e+02   3.6199451e-47
   2.8284871e+02   3.6223030e-47
   2.8350096e+02   3.6246677e-47
   2.8415471e+02   3.6270395e-47
   2.8480998e+02   3.6294183e-47
   2.8546675e+02   3.6318043e-47
   2.8612504e+02   3.6341974e-47
   2.8678485e+02   3.6365978e-47
   2.8744617e+02   3.6390055e-47
   2.8810903e+02   3.6414205e-47
   2.8877341e+02   3.6438430e-47
   2.8943932e+02   3.6462729e-47
   2.9010677e+02   3.6487103e-47
   2.9077576e+02   3.6511553e-47
   2.9144629e+02   3.6536080e-47
   2.9211837e+02   3.6560684e-47
   2.9279200e+02   3.6585365e-47
   2.9346718e+02   3.6610125e-47
   2.9414391e+02   3.6634963e-47
   2.9482221e+02   3.6659881e-47
   2.9550207e+02   3.6684879e-47
   2.9618350e+02   3.6709958e-47
   2.9686651e+02   3.6735117e-47
   2.9755108e+02   3.6760359e-47
   2.9823724e+02   3.6785683e-47
   2.9892498e+02   3.6811090e-47
   2.9961430e+02   3.6836580e-47
   3.0030521e+02   3.6862155e-47
   3.0099772e+02   3.6887814e-47
   3.0169182e+02   3.6913559e-47
   3.0238752e+02   3.6939391e-47
   3.0308483e+02   3.6965308e-47
   3.0378375e+02   3.6991313e-47
   3.0448428e+02   3.7017406e-47
   3.0518642e+02   3.7043588e-47
   3.0589018e+02   3.7069859e-47
   3.0659557e+02   3.7096219e-47
   3.0730258e+02   3.7122670e-47
   3.0801122e+02   3.7149212e-47
   3.0872150e+02   3.7175846e-47
   3.0943341e+02   3.7202571e-47
   3.1014697e+02   3.7229390e-47
   3.1086217e+02   3.7256303e-47
   3.1157902e+02   3.7283309e-47
   3.1229752e+02   3.7310411e-47
   3.1301768e+02   3.7337608e-47
   3.1373950e+02   3.7364901e-47
   3.1446299e+02   3.7392291e-47
   3.1518814e+02   3.7419778e-47
   3.1591497e+02   3.7447363e-47
   3.1664347e+02   3.7475047e-47
   3.1737365e+02   3.7502831e-47
   3.1810552e+02   3.7530714e-47
   3.1883907e+02   3.7558699e-47
   3.1957432e+02   3.7586784e-47
   3.2031126e+02   3.7614972e-47
   3.2104990e+02   3.7643262e-47
   3.2179024e+02   3.7671656e-47
   3.2253229e+02   3.7700153e-47
   3.2327606e+02   3.7728756e-47
   3.2402153e+02   3.7757463e-47
   3.2476873e+02   3.7786277e-47
   3.2551765e+02   3.7815198e-47
   3.2626829e+02   3.7844225e-47
   3.2702067e+02   3.7873361e-47
   3.2777478e+02   3.7902606e-47
   3.2853063e+02   3.7931960e-47
   3.2928823e+02   3.7961424e-47
   3.3004757e+02   3.7991000e-47
   3.3080866e+02   3.8020686e-47
   3.3157151e+02   3.8050485e-47
   3.3233612e+02   3.8080397e-47
   3.3310249e+02   3.8110422e-47
   3.3387062e+02   3.8140562e-47
   3.3464053e+02   3.8170817e-47
   3.3541221e+02   3.8201187e-47
   3.3618568e+02   3.8231674e-47
   3.3696092e+02   3.8262278e-47
   3.3773796e+02   3.8293000e-47
   3.3851679e+02   3.8323840e-47
   3.3929741e+02   3.8354800e-47
   3.4007983e+02   3.8385880e-47
   3.4086406e+02   3.8417081e-47
   3.4165009e+02   3.8448403e-47
   3.4243794e+02   3.8479847e-47
   3.4322760e+02   3.8511414e-47
   3.4401909e+02   3.8543105e-47
   3.4481240e+02   3.8574920e-47
   3.4560754e+02   3.8606861e-47
   3.4640451e+02   3.8638927e-47
   3.4720333e+02   3.8671120e-47
   3.4800398e+02   3.8703440e-47
   3.4880648e+02   3.8735889e-47
   3.4961083e+02   3.8768466e-47
   3.5041703e+02   3.8801173e-47
   3.5122510e+02   3.8834011e-47
   3.5203503e+02   3.8866979e-47
   3.5284682e+02   3.8900080e-47
   3.5366049e+02   3.8933313e-47
   3.5447603e+02   3.8966680e-47
   3.5529346e+02   3.9000181e-47
   3.5611277e+02   3.9033817e-47
   3.5693397e+02   3.9067589e-47
   3.5775706e+02   3.9101497e-47
   3.5858205e+02   3.9135543e-47
   3.5940894e+02   3.9169727e-47
   3.6023774e+02   3.9204049e-47
   3.6106845e+02   3.9238512e-47
   3.6190108e+02   3.9273115e-47
   3.6273563e+02   3.9307859e-47
   3.6357210e+02   3.9342746e-47
   3.6441050e+02   3.9377775e-47
   3.6525083e+02   3.9412948e-47
   3.6609310e+02   3.9448266e-47
   3.6693731e+02   3.9483729e-47
   3.6778347e+02   3.9519338e-47
   3.6863159e+02   3.9555095e-47
   3.6948165e+02   3.9590999e-47
   3.7033368e+02   3.9627052e-47
   3.7118767e+02   3.9663254e-47
   3.7204364e+02   3.9699606e-47
   3.7290157e+02   3.9736110e-47
   3.7376148e+02   3.9772766e-47
   3.7462338e+02   3.9809574e-47
   3.7548727e+02   3.9846537e-47
   3.7635314e+02   3.9883653e-47
   3.7722102e+02   3.9920926e-47
   3.7809089e+02   3.9958354e-47
   3.7896277e+02   3.9995939e-47
   3.7983666e+02   4.0033683e-47
   3.8071257e+02   4.0071585e-47
   3.8159049e+02   4.0109647e-47
   3.8247044e+02   4.0147870e-47
   3.8335242e+02   4.0186254e-47
   3.8423644e+02   4.0224800e-47
   3.8512249e+02   4.0263510e-47
   3.8601059e+02   4.0302384e-47
   3.8690073e+02   4.0341422e-47
   3.8779292e+02   4.0380627e-47
   3.8868718e+02   4.0419999e-47
   3.8958349e+02   4.0459538e-47
   3.9048188e+02   4.0499246e-47
   3.9138233e+02   4.0539123e-47
   3.9228486e+02   4.0579171e-47
   3.9318947e+02   4.0619390e-47
   3.9409617e+02   4.0659781e-47
   3.9500496e+02   4.0700346e-47
   3.9591584e+02   4.0741085e-47
   3.9682883e+02   4.0781999e-47
   3.9774392e+02   4.0823089e-47
   3.9866112e+02   4.0864356e-47
   3.9958044e+02   4.0905801e-47
   4.0050187e+02   4.0947425e-47
   4.0142543e+02   4.0989229e-47
   4.0235112e+02   4.1031214e-47
   4.0327895e+02   4.1073380e-47
   4.0420891e+02   4.1115729e-47
   4.0514102e+02   4.1158263e-47
   4.0607528e+02   4.1200980e-47
   4.0701169e+02   4.1243884e-47
   4.0795026e+02   4.1286974e-47
   4.0889100e+02   4.1330253e-47
   4.0983390e+02   4.1373720e-47
   4.1077898e+02   4.1417376e-47
   4.1172624e+02   4.1461224e-47
   4.1267569e+02   4.1505263e-47
   4.1362732e+02   4.1549496e-47
   4.1458115e+02   4.1593922e-47
   4.1553718e+02   4.1638544e-47
   4.1649541e+02   4.1683361e-47
   4.1745585e+02   4.1728376e-47
   4.1841851e+02   4.1773589e-47
   4.1938338e+02   4.1819002e-47
   4.2035048e+02   4.1864614e-47
   4.2131982e+02   4.1910429e-47
   4.2229138e+02   4.1956446e-47
   4.2326519e+02   4.2002667e-47
   4.2424124e+02   4.2049093e-47
   4.2521955e+02   4.2095726e-47
   4.2620010e+02   4.2142566e-47
   4.2718293e+02   4.2189614e-47
   4.2816801e+02   4.2236873e-47
   4.2915537e+02   4.2284342e-47
   4.3014501e+02   4.2332024e-47
   4.3113692e+02   4.2379920e-47
   4.3213113e+02   4.2428030e-47
   4.3312763e+02   4.2476358e-47
   4.3412642e+02   4.2524903e-47
   4.3512752e+02   4.2573667e-47
   4.3613093e+02   4.2622652e-47
   4.3713665e+02   4.2671860e-47
   4.3814469e+02   4.2721292e-47
   4.3915506e+02   4.2770949e-47
   4.4016775e+02   4.2820834e-47
   4.4118278e+02   4.2870948e-47
   4.4220015e+02   4.2921294e-47
   4.4321987e+02   4.2971873e-47
   4.4424194e+02   4.3022687e-47
   4.4526636e+02   4.3073740e-47
   4.4629315e+02   4.3125034e-47
   4.4732231e+02   4.3176571e-47
   4.4835383e+02   4.3228356e-47
   4.4938774e+02   4.3280391e-47
   4.5042403e+02   4.3332680e-47
   4.5146271e+02   4.3385228e-47
   4.5250379e+02   4.3438040e-47
   4.5354727e+02   4.3491123e-47
   4.5459315e+02   4.3544482e-47
   4.5564145e+02   4.3598127e-47
   4.5669216e+02   4.3652067e-47
   4.5774529e+02   4.3706314e-47
   4.5880086e+02   4.3760884e-47
   4.5985886e+02   4.3815793e-47
   4.6091930e+02   4.3871067e-47
   4.6198218e+02   4.3926734e-47
   4.6304751e+02   4.3982833e-47
   4.6411530e+02   4.4039418e-47
   4.6518556e+02   4.4096557e-47
   4.6625828e+02   4.4154349e-47
   4.6733347e+02   4.4212935e-47
   4.6841115e+02   4.4272518e-47
   4.6949131e+02   4.4333411e-47
   4.7057396e+02   4.4396107e-47
   4.7165911e+02   4.4461424e-47
   4.7274676e+02   4.4530800e-47
   4.7383691e+02   4.4606972e-47
   4.7492958e+02   4.4695669e-47
   4.7602478e+02   4.4810655e-47
   4.7712249e+02   4.4992365e-47
   4.7822274e+02   4.5406988e-47
   4.7932553e+02   4.7459643e-47
   4.8043085e+02   1.6828769e-45
   4.8153873e+02   4.7153472e-47
   4.8264916e+02   4.5570534e-47
   4.8376216e+02   4.5315722e-47
   4.8487772e+02   4.5264727e-47
   4.8599585e+02   4.5273577e-47
   4.8711656e+02   4.5306263e-47
   4.8823985e+02   4.5350366e-47
   4.8936574e+02   4.5400685e-47
   4.9049422e+02   4.5454732e-47
   4.9162530e+02   4.5511195e-47
   4.9275899e+02   4.5569334e-47
   4.9389530e+02   4.5628702e-47
   4.9503423e+02   4.5689019e-47
   4.9617578e+02   4.5750101e-47
   4.9731996e+02   4.5811825e-47
   4.9846679e+02   4.5874106e-47
   4.9961626e+02   4.5936883e-47
   5.0076837e+02   4.6000112e-47
   5.0192315e+02   4.6063760e-47
   5.0308059e+02   4.6127804e-47
   5.0424070e+02   4.6192227e-47
   5.0540348e+02   4.6257013e-47
   5.0656894e+02   4.6322153e-47
   5.0773710e+02   4.6387640e-47
   5.0890794e+02   4.6453466e-47
   5.1008149e+02   4.6519627e-47
   5.1125774e+02   4.6586120e-47
   5.1243670e+02   4.6652942e-47
   5.1361839e+02   4.6720091e-47
   5.1480279e+02   4.6787566e-47
   5.1598993e+02   4.6855366e-47
   5.1717981e+02   4.6923490e-47
   5.1837243e+02   4.6991939e-47
   5.1956780e+02   4.7060711e-47
   5.2076593e+02   4.7129808e-47
   5.2196682e+02   4.7199230e-47
   5.2317048e+02   4.7268978e-47
   5.2437691e+02   4.7339052e-47
   5.2558613e+02   4.7409453e-47
   5.2679814e+02   4.7480182e-47
   5.2801294e+02   4.7551240e-47
   5.2923054e+02   4.7622628e-47
   5.3045095e+02   4.7694348e-47
   5.3167417e+02   4.7766400e-47
   5.3290022e+02   4.7838786e-47
   5.3412909e+02   4.7911506e-47
   5.3536079e+02   4.7984564e-47
   5.3659534e+02   4.8057959e-47
   5.3783273e+02   4.8131693e-47
   5.3907298e+02   4.8205767e-47
   5.4031609e+02   4.8280184e-47
   5.4156206e+02   4.8354944e-47
   5.4281090e+02   4.8430049e-47
   5.4406263e+02   4.8505501e-47
   5.4531724e+02   4.8581301e-47
   5.4657475e+02   4.8657450e-47
   5.4783515e+02   4.8733950e-47
   5.4909847e+02   4.8810804e-47
   5.5036469e+02   4.8888011e-47
   5.5163384e+02   4.8965575e-47
   5.5290591e+02   4.9043496e-47
   5.5418091e+02   4.9121776e-47
   5.5545886e+02   4.9200417e-47
   5.5673975e+02   4.9279421e-47
   5.5802360e+02   4.9358789e-47
   5.5931040e+02   4.9438523e-47
   5.6060018e+02   4.9518624e-47
   5.6189293e+02   4.9599095e-47
   5.6318866e+02   4.9679937e-47
   5.6448737e+02   4.9761151e-47
   5.6578909e+02   4.9842741e-47
   5.6709380e+02   4.9924706e-47
   5.6840152e+02   5.0007049e-47
   5.6971226e+02   5.0089772e-47
   5.7102602e+02   5.0172877e-47
   5.7234281e+02   5.0256365e-47
   5.7366264e+02   5.0340238e-47
   5.7498551e+02   5.0424498e-47
   5.7631143e+02   5.0509147e-47
   5.7764041e+02   5.0594186e-47
   5.7897245e+02   5.0679618e-47
   5.8030757e+02   5.0765444e-47
   5.8164576e+02   5.0851666e-47
   5.8298704e+02   5.0938287e-47
   5.8433141e+02   5.1025307e-47
   5.8567889e+02   5.1112728e-47
   5.8702947e+02   5.1200554e-47
   5.8838316e+02   5.1288785e-47
   5.8973998e+02   5.1377423e-47
   5.9109992e+02   5.1466471e-47
   5.9246300e+02   5.1555929e-47
   5.9382923e+02   5.1645802e-47
   5.9519860e+02   5.1736089e-47
   5.9657113e+02   5.1826793e-47
   5.9794683e+02   5.1917916e-47
   5.9932570e+02   5.2009461e-47
   6.0070775e+02   5.2101428e-47
   6.0209299e+02   5.2193820e-47
   6.0348142e+02   5.2286640e-47
   6.0487305e+02   5.2379888e-47
   6.0626789e+02   5.2473567e-47
   6.0766595e+02   5.2567680e-47
   6.0906723e+02   5.2662227e-47
   6.1047175e+02   5.2757212e-47
   6.1187950e+02   5.2852636e-47
   6.1329050e+02   5.2948500e-47
   6.1470475e+02   5.3044809e-47
   6.1612226e+02   5.3141562e-47
   6.1754305e+02   5.3238763e-47
   6.1896711e+02   5.3336414e-47
   6.2039445e+02   5.3434516e-47
   6.2182508e+02   5.3533073e-47
   6.2325902e+02   5.3632085e-47
   6.2469626e+02   5.3731555e-47
   6.2613681e+02   5.3831485e-47
   6.2758069e+02   5.3931878e-47
   6.2902789e+02   5.4032736e-47
   6.3047844e+02   5.4134060e-47
   6.3193232e+02   5.4235853e-47
   6.3338957e+02   5.4338117e-47
   6.3485017e+02   5.4440854e-47
   6.3631414e+02   5.4544067e-47
   6.3778148e+02   5.4647758e-47
   6.3925221e+02   5.4751929e-47
   6.4072633e+02   5.4856582e-47
   6.4220385e+02   5.4961719e-47
   6.4368478e+02   5.5067344e-47
   6.4516912e+02   5.5173457e-47
   6.4665688e+02   5.5280062e-47
   6.4814808e+02   5.5387161e-47
   6.4964271e+02   5.5494755e-47
   6.5114080e+02   5.5602848e-47
   6.5264233e+02   5.5711441e-47
   6.5414733e+02   5.5820537e-47
   6.5565580e+02   5.5930139e-47
   6.5716775e+02   5.6040249e-47
   6.5868318e+02   5.6150868e-47
   6.6020211e+02   5.6262000e-47
   6.6172454e+02   5.6373647e-47
   6.6325048e+02   5.6485811e-47
   6.6477994e+02   5.6598494e-47
   6.6631293e+02   5.6711700e-47
   6.6784945e+02   5.6825430e-47
   6.6938952e+02   5.6939687e-47
   6.7093314e+02   5.7054474e-47
   6.7248031e+02   5.7169793e-47
   6.7403106e+02   5.7285646e-47
   6.7558538e+02   5.7402036e-47
   6.7714328e+02   5.7518965e-47
   6.7870478e+02   5.7636436e-47
   6.8026988e+02   5.7754452e-47
   6.8183859e+02   5.7873015e-47
   6.8341091e+02   5.7992127e-47
   6.8498686e+02   5.8111792e-47
   6.8656645e+02   5.8232011e-47
   6.8814967e+02   5.8352787e-47
   6.8973655e+02   5.8474124e-47
   6.9132709e+02   5.8596023e-47
   6.9292130e+02   5.8718487e-47
   6.9451918e+02   5.8841518e-47
   6.9612074e+02   5.8965120e-47
   6.9772600e+02   5.9089296e-47
   6.9933497e+02   5.9214046e-47
   7.0094764e+02   5.9339376e-47
   7.0256403e+02   5.9465286e-47
   7.0418415e+02   5.9591780e-47
   7.0580800e+02   5.9718861e-47
   7.0743560e+02   5.9846531e-47
   7.0906695e+02   5.9974794e-47
   7.1070206e+02   6.0103650e-47
   7.1234095e+02   6.0233105e-47
   7.1398361e+02   6.0363160e-47
   7.1563006e+02   6.0493818e-47
   7.1728031e+02   6.0625081e-47
   7.1893437e+02   6.0756954e-47
   7.2059223e+02   6.0889438e-47
   7.2225393e+02   6.1022537e-47
   7.2391945e+02   6.1156253e-47
   7.2558881e+02   6.1290589e-47
   7.2726203e+02   6.1425548e-47
   7.2893910e+02   6.1561133e-47
   7.3062004e+02   6.1697347e-47
   7.3230485e+02   6.1834193e-47
   7.3399355e+02   6.1971674e-47
   7.3568615e+02   6.2109792e-47
   7.3738265e+02   6.2248551e-47
   7.3908306e+02   6.2387954e-47
   7.4078739e+02   6.2528003e-47
   7.4249565e+02   6.2668702e-47
   7.4420785e+02   6.2810053e-47
   7.4592400e+02   6.2952060e-47
   7.4764410e+02   6.3094726e-47
   7.4936818e+02   6.3238054e-47
   7.5109623e+02   6.3382046e-47
   7.5282826e+02   6.3526707e-47
   7.5456429e+02   6.3672039e-47
   7.5630432e+02   6.3818044e-47
   7.5804836e+02   6.3964727e-47
   7.5979643e+02   6.4112091e-47
   7.6154852e+02   6.4260138e-47
   7.6330466e+02   6.4408872e-47
   7.6506485e+02   6.4558296e-47
   7.6682909e+02   6.4708414e-47
   7.6859741e+02   6.4859227e-47
   7.7036980e+02   6.5010741e-47
   7.7214628e+02   6.5162957e-47
   7.7392685e+02   6.5315879e-47
   7.7571153e+02   6.5469511e-47
   7.7750033e+02   6.5623856e-47
   7.7929325e+02   6.5778916e-47
   7.8109031e+02   6.5934696e-47
   7.8289151e+02   6.6091199e-47
   7.8469686e+02   6.6248428e-47
   7.8650638e+02   6.6406386e-47
   7.8832007e+02   6.6565077e-47
   7.9013794e+02   6.6724505e-47
   7.9196000e+02   6.6884671e-47
   7.9378627e+02   6.7045581e-47
   7.9561675e+02   6.7207238e-47
   7.9745144e+02   6.7369644e-47
   7.9929037e+02   6.7532804e-47
   8.0113354e+02   6.7696721e-47
   8.0298096e+02   6.7861399e-47
   8.0483264e+02   6.8026840e-47
   8.0668859e+02   6.8193049e-47
   8.0854882e+02   6.8360029e-47
   8.1041334e+02   6.8527784e-47
   8.1228216e+02   6.8696317e-47
   8.1415529e+02   6.8865632e-47
   8.1603274e+02   6.9035732e-47
   8.1791452e+02   6.9206622e-47
   8.1980064e+02   6.9378304e-47
   8.2169110e+02   6.9550783e-47
   8.2358593e+02   6.9724062e-47
   8.2548512e+02   6.9898145e-47
   8.2738870e+02   7.0073035e-47
   8.2929666e+02   7.0248737e-47
   8.3120903e+02   7.0425254e-47
   8.3312580e+02   7.0602590e-47
   8.3504700e+02   7.0780748e-47
   8.3697262e+02   7.0959733e-47
   8.3890269e+02   7.1139549e-47
   8.4083720e+02   7.1320198e-47
   8.4277618e+02   7.1501686e-47
   8.4471963e+02   7.1684015e-47
   8.4666756e+02   7.1867191e-47
   8.4861998e+02   7.2051216e-47
   8.5057690e+02   7.2236095e-47
   8.5253834e+02   7.2421831e-47
   8.5450430e+02   7.2608429e-47
   8.5647479e+02   7.2795893e-47
   8.5844983e+02   7.2984226e-47
   8.6042942e+02   7.3173433e-47
   8.6241358e+02   7.3363518e-47
   8.6440231e+02   7.3554485e-47
   8.6639563e+02   7.3746337e-47
   8.6839354e+02   7.3939079e-47
   8.7039607e+02   7.4132716e-47
   8.7240321e+02   7.4327251e-47
   8.7441498e+02   7.4522688e-47
   8.7643138e+02   7.4719032e-47
   8.7845244e+02   7.4916286e-47
   8.8047816e+02   7.5114456e-47
   8.8250855e+02   7.5313545e-47
   8.8454362e+02   7.5513557e-47
   8.8658338e+02   7.5714498e-47
   8.8862785e+02   7.5916370e-47
   8.9067703e+02   7.6119179e-47
   8.9273094e+02   7.6322929e-47
   8.9478959e+02   7.6527624e-47
   8.9685298e+02   7.6733269e-47
   8.9892113e+02   7.6939868e-47
   9.0099405e+02   7.7147425e-47
   9.0307175e+02   7.7355946e-47
   9.0515424e+02   7.7565434e-47
   9.0724153e+02   7.7775894e-47
   9.0933364e+02   7.7987331e-47
   9.1143057e+02   7.8199749e-47
   9.1353233e+02   7.8413154e-47
   9.1563894e+02   7.8627549e-47
   9.1775041e+02   7.8842940e-47
   9.1986675e+02   7.9059331e-47
   9.2198797e+02   7.9276728e-47
   9.2411408e+02   7.9495136e-47
   9.2624510e+02   7.9714559e-47
   9.2838103e+02   7.9935005e-47
   9.3052188e+02   8.0156478e-47
   9.3266767e+02   8.0378985e-47
   9.3481841e+02   8.0602533e-47
   9.3697411e+02   8.0827132e-47
   9.3913478e+02   8.1052790e-47
   9.4130043e+02   8.1279523e-47
   9.4347108e+02   8.1507349e-47
   9.4564673e+02   8.1736300e-47
   9.4782740e+02   8.1966431e-47
   9.5001309e+02   8.2197855e-47
   9.5220383e+02   8.2430834e-47
   9.5439962e+02   8.2666151e-47
   9.5660047e+02   8.2907106e-47
   9.5880640e+02   8.3184165e-47
   9.6101742e+02   8.6872217e-47
   9.6323353e+02   8.3637750e-47
   9.6545475e+02   8.3851528e-47
   9.6768110e+02   8.4086022e-47
   9.6991258e+02   8.4324857e-47
   9.7214920e+02   8.4565780e-47
   9.7439099e+02   8.4808214e-47
   9.7663794e+02   8.5051961e-47
   9.7889008e+02   8.5296939e-47
   9.8114740e+02   8.5543113e-47
   9.8340994e+02   8.5790464e-47
   9.8567769e+02   8.6038987e-47
   9.8795067e+02   8.6288678e-47
   9.9022889e+02   8.6539538e-47
   9.9251237e+02   8.6791570e-47
   9.9480111e+02   8.7044776e-47
   9.9709513e+02   8.7299161e-47
   9.9939443e+02   8.7554728e-47
   1.0016990e+03   8.7811483e-47
   1.0040090e+03   8.8069430e-47
   1.0063242e+03   8.8328575e-47
   1.0086448e+03   8.8588923e-47
   1.0109708e+03   8.8850478e-47
   1.0133021e+03   8.9113247e-47
   1.0156387e+03   8.9377234e-47
   1.0179808e+03   8.9642446e-47
   1.0203283e+03   8.9908887e-47
   1.0226812e+03   9.0176564e-47
   1.0250395e+03   9.0445482e-47
   1.0274032e+03   9.0715646e-47
   1.0297724e+03   9.0987063e-47
   1.0321471e+03   9.1259739e-47
   1.0345272e+03   9.1533678e-47
   1.0369129e+03   9.1808887e-47
   1.0393040e+03   9.2085371e-47
   1.0417006e+03   9.2363137e-47
   1.0441028e+03   9.2642190e-47
   1.0465105e+03   9.2922537e-47
   1.0489238e+03   9.3204182e-47
   1.0513426e+03   9.3487133e-47
   1.0537670e+03   9.3771396e-47
   1.0561970e+03   9.4056975e-47
   1.0586326e+03   9.4343878e-47
   1.0610738e+03   9.4632110e-47
   1.0635207e+03   9.4921679e-47
   1.0659731e+03   9.5212588e-47
   1.0684313e+03   9.5504846e-47
   1.0708951e+03   9.5798458e-47
   1.0733646e+03   9.6093431e-47
   1.0758398e+03   9.6389770e-47
   1.0783207e+03   9.6687482e-47
   1.0808073e+03   9.6986574e-47
   1.0832996e+03   9.7287052e-47
   1.0857977e+03   9.7588921e-47
   1.0883016e+03   9.7892189e-47
   1.0908112e+03   9.8196863e-47
   1.0933266e+03   9.8502948e-47
   1.0958479e+03   9.8810450e-47
   1.0983749e+03   9.9119378e-47
   1.1009078e+03   9.9429737e-47
   1.1034465e+03   9.9741533e-47
   1.1059910e+03   1.0005477e-46
   1.1085414e+03   1.0036947e-46
   1.1110977e+03   1.0068562e-46
   1.1136599e+03   1.0100323e-46
   1.1162281e+03   1.0132232e-46
   1.1188021e+03   1.0164288e-46
   1.1213820e+03   1.0196493e-46
   1.1239680e+03   1.0228847e-46
   1.1265598e+03   1.0261351e-46
   1.1291577e+03   1.0294005e-46
   1.1317615e+03   1.0326811e-46
   1.1343714e+03   1.0359769e-46
   1.1369873e+03   1.0392879e-46
   1.1396092e+03   1.0426143e-46
   1.1422371e+03   1.0459560e-46
   1.1448711e+03   1.0493133e-46
   1.1475112e+03   1.0526861e-46
   1.1501574e+03   1.0560745e-46
   1.1528096e+03   1.0594786e-46
   1.1554680e+03   1.0628985e-46
   1.1581325e+03   1.0663342e-46
   1.1608032e+03   1.0697859e-46
   1.1634800e+03   1.0732535e-46
   1.1661630e+03   1.0767372e-46
   1.1688522e+03   1.0802370e-46
   1.1715476e+03   1.0837530e-46
   1.1742492e+03   1.0872853e-46
   1.1769570e+03   1.0908340e-46
   1.1796711e+03   1.0943991e-46
   1.1823914e+03   1.0979807e-46
   1.1851180e+03   1.1015788e-46
   1.1878509e+03   1.1051937e-46
   1.1905901e+03   1.1088253e-46
   1.1933356e+03   1.1124737e-46
   1.1960875e+03   1.1161390e-46
   1.1988456e+03   1.1198213e-46
   1.2016102e+03   1.1235206e-46
   1.2043811e+03   1.1272370e-46
   1.2071584e+03   1.1309707e-46
   1.2099421e+03   1.1347216e-46
   1.2127323e+03   1.1384899e-46
   1.2155288e+03   1.1422757e-46
   1.2183319e+03   1.1460790e-46
   1.2211413e+03   1.1498999e-46
   1.2239573e+03   1.1537385e-46
   1.2267798e+03   1.1575948e-46
   1.2296087e+03   1.1614691e-46
   1.2324442e+03   1.1653612e-46
   1.2352862e+03   1.1692714e-46
   1.2381348e+03   1.1731996e-46
   1.2409900e+03   1.1771461e-46
   1.2438517e+03   1.1811108e-46
   1.2467200e+03   1.1850939e-46
   1.2495950e+03   1.1890954e-46
   1.2524766e+03   1.1931155e-46
   1.2553648e+03   1.1971541e-46
   1.2582597e+03   1.2012115e-46
   1.2611612e+03   1.2052876e-46
   1.2640695e+03   1.2093826e-46
   1.2669844e+03   1.2134966e-46
   1.2699061e+03   1.2176296e-46
   1.2728345e+03   1.2217817e-46
   1.2757697e+03   1.2259531e-46
   1.2787116e+03   1.2301438e-46
   1.2816603e+03   1.2343538e-46
   1.2846158e+03   1.2385834e-46
   1.2875782e+03   1.2428325e-46
   1.2905473e+03   1.2471013e-46
   1.2935233e+03   1.2513898e-46
   1.2965062e+03   1.2556982e-46
   1.2994960e+03   1.2600266e-46
   1.3024926e+03   1.2643749e-46
   1.3054962e+03   1.2687435e-46
   1.3085067e+03   1.2731322e-46
   1.3115241e+03   1.2775412e-46
   1.3145485e+03   1.2819706e-46
   1.3175798e+03   1.2864206e-46
   1.3206182e+03   1.2908911e-46
   1.3236635e+03   1.2953823e-46
   1.3267159e+03   1.2998943e-46
   1.3297753e+03   1.3044272e-46
   1.3328418e+03   1.3089811e-46
   1.3359154e+03   1.3135560e-46
   1.3389960e+03   1.3181522e-46
   1.3420837e+03   1.3227695e-46
   1.3451786e+03   1.3274083e-46
   1.3482806e+03   1.3320685e-46
   1.3513897e+03   1.3367503e-46
   1.3545060e+03   1.3414537e-46
   1.3576295e+03   1.3461790e-46
   1.3607602e+03   1.3509260e-46
   1.3638982e+03   1.3556951e-46
   1.3670433e+03   1.3604862e-46
   1.3701957e+03   1.3652995e-46
   1.3733554e+03   1.3701351e-46
   1.3765224e+03   1.3749930e-46
   1.3796966e+03   1.3798734e-46
   1.3828782e+03   1.3847764e-46
   1.3860672e+03   1.3897021e-46
   1.3892634e+03   1.3946506e-46
   1.3924671e+03   1.3996220e-46
   1.3956781e+03   1.4046164e-46
   1.3988966e+03   1.4096339e-46
   1.4021224e+03   1.4146746e-46
   1.4053558e+03   1.4197387e-46
   1.4085965e+03   1.4248262e-46
   1.4118448e+03   1.4299372e-46
   1.4151005e+03   1.4350720e-46
   1.4183637e+03   1.4402306e-46
   1.4216345e+03   1.4454132e-46
   1.4249128e+03   1.4506199e-46
   1.4281986e+03   1.4558512e-46
   1.4314921e+03   1.4611078e-46
   1.4347931e+03   1.4663930e-46
   1.4381017e+03   1.4717332e-46
   1.4414180e+03   1.4837644e-46
   1.4447419e+03   1.4823997e-46
   1.4480735e+03   1.4877515e-46
   1.4514128e+03   1.4931485e-46
   1.4547598e+03   1.4985737e-46
   1.4581144e+03   1.5040250e-46
   1.4614769e+03   1.5095019e-46
   1.4648470e+03   1.5150043e-46
   1.4682250e+03   1.5205323e-46
   1.4716107e+03   1.5260859e-46
   1.4750043e+03   1.5316653e-46
   1.4784056e+03   1.5372704e-46
   1.4818149e+03   1.5429015e-46
   1.4852319e+03   1.5485587e-46
   1.4886569e+03   1.5542420e-46
   1.4920897e+03   1.5599517e-46
   1.4955305e+03   1.5656877e-46
   1.4989792e+03   1.5714503e-46
   1.5024359e+03   1.5772395e-46
   1.5059005e+03   1.5830556e-46
   1.5093731e+03   1.5888985e-46
   1.5128538e+03   1.5947684e-46
   1.5163424e+03   1.6006655e-46
   1.5198391e+03   1.6065899e-46
   1.5233439e+03   1.6125417e-46
   1.5268567e+03   1.6185210e-46
   1.5303776e+03   1.6245280e-46
   1.5339067e+03   1.6305627e-46
   1.5374439e+03   1.6366254e-46
   1.5409893e+03   1.6427161e-46
   1.5445428e+03   1.6488349e-46
   1.5481045e+03   1.6549821e-46
   1.5516745e+03   1.6611577e-46
   1.5552526e+03   1.6673618e-46
   1.5588391e+03   1.6735947e-46
   1.5624338e+03   1.6798564e-46
   1.5660367e+03   1.6861470e-46
   1.5696480e+03   1.6924667e-46
   1.5732677e+03   1.6988157e-46
   1.5768956e+03   1.7051940e-46
   1.5805320e+03   1.7116018e-46
   1.5841767e+03   1.7180393e-46
   1.5878298e+03   1.7245065e-46
   1.5914913e+03   1.7310036e-46
   1.5951613e+03   1.7375308e-46
   1.5988398e+03   1.7440881e-46
   1.6025267e+03   1.7506758e-46
   1.6062222e+03   1.7572939e-46
   1.6099261e+03   1.7639426e-46
   1.6136386e+03   1.7706221e-46
   1.6173597e+03   1.7773325e-46
   1.6210893e+03   1.7840739e-46
   1.6248276e+03   1.7908465e-46
   1.6285744e+03   1.7976504e-46
   1.6323300e+03   1.8044857e-46
   1.6360941e+03   1.8113527e-46
   1.6398670e+03   1.8182514e-46
   1.6436485e+03   1.8251820e-46
   1.6474388e+03   1.8321447e-46
   1.6512378e+03   1.8391395e-46
   1.6550456e+03   1.8461667e-46
   1.6588621e+03   1.8532264e-46
   1.6626874e+03   1.8603187e-46
   1.6665216e+03   1.8674438e-46
   1.6703646e+03   1.8746019e-46
   1.6742165e+03   1.8817931e-46
   1.6780773e+03   1.8890175e-46
   1.6819469e+03   1.8962753e-46
   1.6858255e+03   1.9035666e-46
   1.6897130e+03   1.9108917e-46
   1.6936095e+03   1.9182507e-46
   1.6975150e+03   1.9256436e-46
   1.7014295e+03   1.9330708e-46
   1.7053530e+03   1.9405323e-46
   1.7092855e+03   1.9480283e-46
   1.7132272e+03   1.9555589e-46
   1.7171779e+03   1.9631244e-46
   1.7211377e+03   1.9707248e-46
   1.7251067e+03   1.9783604e-46
   1.7290848e+03   1.9860312e-46
   1.7330721e+03   1.9937376e-46
   1.7370685e+03   2.0014795e-46
   1.7410742e+03   2.0092573e-46
   1.7450892e+03   2.0170710e-46
   1.7491133e+03   2.0249208e-46
   1.7531468e+03   2.0328070e-46
   1.7571896e+03   2.0407295e-46
   1.7612417e+03   2.0486888e-46
   1.7653031e+03   2.0566848e-46
   1.7693739e+03   2.0647177e-46
   1.7734541e+03   2.0727878e-46
   1.7775437e+03   2.0808952e-46
   1.7816427e+03   2.0890401e-46
   1.7857512e+03   2.0972226e-46
   1.7898692e+03   2.1054430e-46
   1.7939966e+03   2.1137014e-46
   1.7981336e+03   2.1219979e-46
   1.8022801e+03   2.1303328e-46
   1.8064362e+03   2.1387062e-46
   1.8106018e+03   2.1471183e-46
   1.8147771e+03   2.1555693e-46
   1.8189620e+03   2.1640594e-46
   1.8231565e+03   2.1725887e-46
   1.8273607e+03   2.1811575e-46
   1.8315746e+03   2.1897658e-46
   1.8357983e+03   2.1984140e-46
   1.8400316e+03   2.2071021e-46
   1.8442748e+03   2.2158304e-46
   1.8485277e+03   2.2245990e-46
   1.8527904e+03   2.2334082e-46
   1.8570629e+03   2.2422580e-46
   1.8613453e+03   2.2511488e-46
   1.8656376e+03   2.2600807e-46
   1.8699398e+03   2.2690539e-46
   1.8742519e+03   2.2780685e-46
   1.8785739e+03   2.2871248e-46
   1.8829059e+03   2.2962230e-46
   1.8872479e+03   2.3053632e-46
   1.8915999e+03   2.3145457e-46
   1.8959620e+03   2.3237707e-46
   1.9003341e+03   2.3330383e-46
   1.9047163e+03   2.3423489e-46
   1.9091086e+03   2.3517027e-46
   1.9135110e+03   2.3611008e-46
   1.9179235e+03   2.3705502e-46
   1.9223463e+03   2.3802615e-46
   1.9267792e+03   2.3895552e-46
   1.9312224e+03   2.3991228e-46
   1.9356758e+03   2.4087377e-46
   1.9401395e+03   2.4183976e-46
   1.9446135e+03   2.4281024e-46
   1.9490978e+03   2.4378520e-46
   1.9535924e+03   2.4476467e-46
   1.9580974e+03   2.4574868e-46
   1.9626128e+03   2.4673723e-46
   1.9671386e+03   2.4773035e-46
   1.9716748e+03   2.4872806e-46
   1.9762215e+03   2.4973038e-46
   1.9807787e+03   2.5073734e-46
   1.9853464e+03   2.5174894e-46
   1.9899246e+03   2.5276523e-46
   1.9945134e+03   2.5378621e-46
   1.9991128e+03   2.5481191e-46
   2.0037227e+03   2.5584235e-46
   2.0083433e+03   2.5687755e-46
   2.0129746e+03   2.5791753e-46
   2.0176165e+03   2.5896232e-46
   2.0222692e+03   2.6001194e-46
   2.0269325e+03   2.6106641e-46
   2.0316067e+03   2.6212576e-46
   2.0362916e+03   2.6319000e-46
   2.0409873e+03   2.6425915e-46
   2.0456938e+03   2.6533325e-46
   2.0504112e+03   2.6641231e-46
   2.0551394e+03   2.6749636e-46
   2.0598786e+03   2.6858542e-46
   2.0646287e+03   2.6967951e-46
   2.0693898e+03   2.7077865e-46
   2.0741618e+03   2.7188288e-46
   2.0789448e+03   2.7299220e-46
   2.0837389e+03   2.7410666e-46
   2.0885440e+03   2.7522626e-46
   2.0933602e+03   2.7635104e-46
   2.0981875e+03   2.7748101e-46
   2.1030259e+03   2.7861621e-46
   2.1078755e+03   2.7975665e-46
   2.1127363e+03   2.8090236e-46
   2.1176083e+03   2.8205337e-46
   2.1224915e+03   2.8320969e-46
   2.1273860e+03   2.8437136e-46
   2.1322918e+03   2.8553840e-46
   2.1372088e+03   2.8671083e-46
   2.1421373e+03   2.8788867e-46
   2.1470771e+03   2.8907196e-46
   2.1520282e+03   2.9026072e-46
   2.1569908e+03   2.9145497e-46
   2.1619649e+03   2.9265473e-46
   2.1669504e+03   2.9386004e-46
   2.1719474e+03   2.9507092e-46
   2.1769559e+03   2.9628740e-46
   2.1819760e+03   2.9750950e-46
   2.1870076e+03   2.9873724e-46
   2.1920509e+03   2.9997065e-46
   2.1971058e+03   3.0120977e-46
   2.2021723e+03   3.0245461e-46
   2.2072505e+03   3.0370520e-46
   2.2123405e+03   3.0496157e-46
   2.2174421e+03   3.0622375e-46
   2.2225556e+03   3.0749175e-46
   2.2276808e+03   3.0876562e-46
   2.2328179e+03   3.1004537e-46
   2.2379668e+03   3.1133104e-46
   2.2431275e+03   3.1262264e-46
   2.2483002e+03   3.1392022e-46
   2.2534848e+03   3.1522378e-46
   2.2586814e+03   3.1653337e-46
   2.2638899e+03   3.1784902e-46
   2.2691104e+03   3.1917074e-46
   2.2743430e+03   3.2049856e-46
   2.2795877e+03   3.2183253e-46
   2.2848444e+03   3.2317265e-46
   2.2901133e+03   3.2451897e-46
   2.2953943e+03   3.2587151e-46
   2.3006875e+03   3.2723029e-46
   2.3059929e+03   3.2859536e-46
   2.3113105e+03   3.2996673e-46
   2.3166404e+03   3.3134443e-46
   2.3219826e+03   3.3272851e-46
   2.3273371e+03   3.3411897e-46
   2.3327040e+03   3.3551586e-46
   2.3380832e+03   3.3691921e-46
   2.3434749e+03   3.3832904e-46
   2.3488789e+03   3.3974538e-46
   2.3542955e+03   3.4116826e-46
   2.3597245e+03   3.4259772e-46
   2.3651660e+03   3.4403379e-46
   2.3706201e+03   3.4547649e-46
   2.3760868e+03   3.4692585e-46
   2.3815661e+03   3.4838192e-46
   2.3870580e+03   3.4984472e-46
   2.3925626e+03   3.5131431e-46
   2.3980798e+03   3.5279102e-46
   2.4036098e+03   3.5427611e-46
   2.4091526e+03   3.5576385e-46
   2.4147081e+03   3.5726065e-46
   2.4202764e+03   3.5876443e-46
   2.4258576e+03   3.6027518e-46
   2.4314516e+03   3.6179290e-46
   2.4370586e+03   3.6331764e-46
   2.4426785e+03   3.6484943e-46
   2.4483113e+03   3.6638829e-46
   2.4539571e+03   3.6793426e-46
   2.4596160e+03   3.6948738e-46
   2.4652879e+03   3.7104766e-46
   2.4709728e+03   3.7261516e-46
   2.4766709e+03   3.7418990e-46
   2.4823821e+03   3.7577191e-46
   2.4881065e+03   3.7736123e-46
   2.4938441e+03   3.7895790e-46
   2.4995949e+03   3.8056194e-46
   2.5053590e+03   3.8217339e-46
   2.5111364e+03   3.8379228e-46
   2.5169271e+03   3.8541866e-46
   2.5227312e+03   3.8705254e-46
   2.5285486e+03   3.8869398e-46
   2.5343794e+03   3.9034299e-46
   2.5402237e+03   3.9199963e-46
   2.5460815e+03   3.9366392e-46
   2.5519528e+03   3.9533589e-46
   2.5578376e+03   3.9701559e-46
   2.5637360e+03   3.9870305e-46
   2.5696480e+03   4.0039830e-46
   2.5755736e+03   4.0210139e-46
   2.5815129e+03   4.0381234e-46
   2.5874659e+03   4.0553120e-46
   2.5934326e+03   4.0725799e-46
   2.5994131e+03   4.0899277e-46
   2.6054074e+03   4.1073555e-46
   2.6114155e+03   4.1248639e-46
   2.6174374e+03   4.1424532e-46
   2.6234732e+03   4.1601237e-46
   2.6295230e+03   4.1778758e-46
   2.6355867e+03   4.1957099e-46
   2.6416644e+03   4.2136264e-46
   2.6477561e+03   4.2316257e-46
   2.6538618e+03   4.2497081e-46
   2.6599816e+03   4.2678741e-46
   2.6661156e+03   4.2861240e-46
   2.6722637e+03   4.3044581e-46
   2.6784259e+03   4.3228770e-46
   2.6846024e+03   4.3413809e-46
   2.6907931e+03   4.3599703e-46
   2.6969981e+03   4.3786456e-46
   2.7032174e+03   4.3974072e-46
   2.7094510e+03   4.4162554e-46
   2.7156991e+03   4.4351906e-46
   2.7219615e+03   4.4542134e-46
   2.7282383e+03   4.4733240e-46
   2.7345297e+03   4.4925229e-46
   2.7408355e+03   4.5118104e-46
   2.7471559e+03   4.5311871e-46
   2.7534909e+03   4.5506533e-46
   2.7598405e+03   4.5702093e-46
   2.7662047e+03   4.5898558e-46
   2.7725836e+03   4.6095929e-46
   2.7789772e+03   4.6294213e-46
   2.7853855e+03   4.6493412e-46
   2.7918086e+03   4.6693531e-46
   2.7982465e+03   4.6894575e-46
   2.8046993e+03   4.7096547e-46
   2.8111670e+03   4.7299452e-46
   2.8176496e+03   4.7503295e-46
   2.8241471e+03   4.7708079e-46
   2.8306596e+03   4.7913808e-46
   2.8371871e+03   4.8120489e-46
   2.8437297e+03   4.8328124e-46
   2.8502873e+03   4.8536717e-46
   2.8568601e+03   4.8746275e-46
   2.8634481e+03   4.8956801e-46
   2.8700512e+03   4.9168300e-46
   2.8766696e+03   4.9380783e-46
   2.8833032e+03   4.9594587e-46
   2.8899521e+03   4.9808676e-46
   2.8966164e+03   5.0024104e-46
   2.9032960e+03   5.0240531e-46
   2.9099910e+03   5.0457958e-46
   2.9167015e+03   5.0676389e-46
   2.9234274e+03   5.0895829e-46
   2.9301688e+03   5.1116283e-46
   2.9369258e+03   5.1337755e-46
   2.9436984e+03   5.1560250e-46
   2.9504866e+03   5.1783773e-46
   2.9572904e+03   5.2008328e-46
   2.9641100e+03   5.2233920e-46
   2.9709452e+03   5.2460555e-46
   2.9777963e+03   5.2688236e-46
   2.9846631e+03   5.2916968e-46
   2.9915457e+03   5.3146758e-46
   2.9984443e+03   5.3377608e-46
   3.0053587e+03   5.3609525e-46
   3.0122891e+03   5.3842513e-46
   3.0192354e+03   5.4076577e-46
   3.0261978e+03   5.4311722e-46
   3.0331763e+03   5.4547953e-46
   3.0401708e+03   5.4785275e-46
   3.0471814e+03   5.5023694e-46
   3.0542083e+03   5.5263213e-46
   3.0612513e+03   5.5503839e-46
   3.0683106e+03   5.5745577e-46
   3.0753861e+03   5.5988430e-46
   3.0824780e+03   5.6232406e-46
   3.0895862e+03   5.6477508e-46
   3.0967108e+03   5.6723742e-46
   3.1038518e+03   5.6971114e-46
   3.1110093e+03   5.7219628e-46
   3.1181833e+03   5.7469290e-46
   3.1253739e+03   5.7720105e-46
   3.1325810e+03   5.7972078e-46
   3.1398048e+03   5.8225216e-46
   3.1470452e+03   5.8479522e-46
   3.1543023e+03   5.8735003e-46
   3.1615762e+03   5.8991664e-46
   3.1688668e+03   5.9249510e-46
   3.1761742e+03   5.9508547e-46
   3.1834985e+03   5.9768781e-46
   3.1908397e+03   6.0030216e-46
   3.1981978e+03   6.0292859e-46
   3.2055728e+03   6.0556715e-46
   3.2129649e+03   6.0821789e-46
   3.2203740e+03   6.1088088e-46
   3.2278002e+03   6.1355617e-46
   3.2352436e+03   6.1624381e-46
   3.2427041e+03   6.1894387e-46
   3.2501818e+03   6.2165639e-46
   3.2576767e+03   6.2438145e-46
   3.2651889e+03   6.2711909e-46
   3.2727185e+03   6.2986937e-46
   3.2802654e+03   6.3263235e-46
   3.2878297e+03   6.3540810e-46
   3.2954115e+03   6.3819667e-46
   3.3030107e+03   6.4099811e-46
   3.3106275e+03   6.4381249e-46
   3.3182618e+03   6.4663988e-46
   3.3259138e+03   6.4948031e-46
   3.3335833e+03   6.5233387e-46
   3.3412706e+03   6.5520061e-46
   3.3489756e+03   6.5808059e-46
   3.3566984e+03   6.6097392e-46
   3.3644389e+03   6.6388116e-46
   3.3721974e+03   6.6680059e-46
   3.3799737e+03   6.6973412e-46
   3.3877679e+03   6.7268121e-46
   3.3955801e+03   6.7564192e-46
   3.4034104e+03   6.7861630e-46
   3.4112587e+03   6.8160442e-46
   3.4191251e+03   6.8460634e-46
   3.4270096e+03   6.8762212e-46
   3.4349123e+03   6.9065183e-46
   3.4428332e+03   6.9369554e-46
   3.4507724e+03   6.9675330e-46
   3.4587299e+03   6.9982518e-46
   3.4667058e+03   7.0291125e-46
   3.4747000e+03   7.0601157e-46
   3.4827127e+03   7.0912621e-46
   3.4907439e+03   7.1225523e-46
   3.4987936e+03   7.1539871e-46
   3.5068618e+03   7.1855670e-46
   3.5149487e+03   7.2172928e-46
   3.5230542e+03   7.2491650e-46
   3.5311784e+03   7.2811845e-46
   3.5393213e+03   7.3133519e-46
   3.5474830e+03   7.3456678e-46
   3.5556635e+03   7.3781329e-46
   3.5638629e+03   7.4107480e-46
   3.5720812e+03   7.4435137e-46
   3.5803184e+03   7.4764308e-46
   3.5885747e+03   7.5094998e-46
   3.5968500e+03   7.5427216e-46
   3.6051443e+03   7.5760968e-46
   3.6134578e+03   7.6096261e-46
   3.6217905e+03   7.6433103e-46
   3.6301424e+03   7.6771500e-46
   3.6385135e+03   7.7111461e-46
   3.6469039e+03   7.7452991e-46
   3.6553137e+03   7.7796098e-46
   3.6637429e+03   7.8140790e-46
   3.6721915e+03   7.8487074e-46
   3.6806596e+03   7.8834957e-46
   3.6891472e+03   7.9184447e-46
   3.6976544e+03   7.9535550e-46
   3.7061813e+03   7.9888275e-46
   3.7147277e+03   8.0242629e-46
   3.7232939e+03   8.0598620e-46
   3.7318799e+03   8.0956254e-46
   3.7404856e+03   8.1315540e-46
   3.7491112e+03   8.1676486e-46
   3.7577567e+03   8.2039098e-46
   3.7664221e+03   8.2403385e-46
   3.7751075e+03   8.2769354e-46
   3.7838129e+03   8.3137013e-46
   3.7925384e+03   8.3506370e-46
   3.8012841e+03   8.3877433e-46
   3.8100498e+03   8.4250210e-46
   3.8188359e+03   8.4624708e-46
   3.8276421e+03   8.5000935e-46
   3.8364687e+03   8.5378903e-46
   3.8453156e+03   8.5758635e-46
   3.8541829e+03   8.6140075e-46
   3.8630707e+03   8.6523300e-46
   3.8719790e+03   8.6908295e-46
   3.8809078e+03   8.7295068e-46
   3.8898572e+03   8.7683628e-46
   3.8988272e+03   8.8073981e-46
   3.9078180e+03   8.8466138e-46
   3.9168294e+03   8.8860105e-46
   3.9258617e+03   8.9255892e-46
   3.9349147e+03   8.9653507e-46
   3.9439887e+03   9.0052957e-46
   3.9530835e+03   9.0454253e-46
   3.9621994e+03   9.0857402e-46
   3.9713362e+03   9.1262412e-46
   3.9804942e+03   9.1669293e-46
   3.9896732e+03   9.2078052e-46
   3.9988734e+03   9.2488700e-46
   4.0080949e+03   9.2901244e-46
   4.0173376e+03   9.3315692e-46
   4.0266016e+03   9.3732055e-46
   4.0358870e+03   9.4150341e-46
   4.0451937e+03   9.4570558e-46
   4.0545220e+03   9.4992716e-46
   4.0638718e+03   9.5416823e-46
   4.0732431e+03   9.5842889e-46
   4.0826360e+03   9.6270922e-46
   4.0920506e+03   9.6700932e-46
   4.1014869e+03   9.7132928e-46
   4.1109450e+03   9.7566919e-46
   4.1204248e+03   9.8002914e-46
   4.1299266e+03   9.8440922e-46
   4.1394502e+03   9.8880953e-46
   4.1489958e+03   9.9323016e-46
   4.1585634e+03   9.9767121e-46
   4.1681531e+03   1.0021328e-45
   4.1777649e+03   1.0066149e-45
   4.1873988e+03   1.0111178e-45
   4.1970550e+03   1.0156414e-45
   4.2067335e+03   1.0201860e-45
   4.2164342e+03   1.0247515e-45
   4.2261574e+03   1.0293381e-45
   4.2359029e+03   1.0339459e-45
   4.2456709e+03   1.0385750e-45
   4.2554615e+03   1.0432254e-45
   4.2652746e+03   1.0478973e-45
   4.2751104e+03   1.0525908e-45
   4.2849688e+03   1.0573060e-45
   4.2948500e+03   1.0620429e-45
   4.3047539e+03   1.0668017e-45
   4.3146807e+03   1.0715825e-45
   4.3246304e+03   1.0763860e-45
   4.3346030e+03   1.0812105e-45
   4.3445987e+03   1.0860578e-45
   4.3546173e+03   1.0909275e-45
   4.3646591e+03   1.0958197e-45
   4.3747241e+03   1.1007345e-45
   4.3848122e+03   1.1056720e-45
   4.3949236e+03   1.1106323e-45
   4.4050583e+03   1.1156155e-45
   4.4152164e+03   1.1206217e-45
   4.4253980e+03   1.1256510e-45
   4.4356030e+03   1.1307035e-45
   4.4458315e+03   1.1357794e-45
   4.4560836e+03   1.1408788e-45
   4.4663594e+03   1.1460016e-45
   4.4766588e+03   1.1511482e-45
   4.4869821e+03   1.1563184e-45
   4.4973291e+03   1.1615126e-45
   4.5076999e+03   1.1667308e-45
   4.5180947e+03   1.1719730e-45
   4.5285135e+03   1.1772395e-45
   4.5389563e+03   1.1825303e-45
   4.5494231e+03   1.1878455e-45
   4.5599142e+03   1.1931852e-45
   4.5704294e+03   1.1985496e-45
   4.5809688e+03   1.2039388e-45
   4.5915325e+03   1.2093529e-45
   4.6021207e+03   1.2147920e-45
   4.6127332e+03   1.2202561e-45
   4.6233702e+03   1.2257456e-45
   4.6340317e+03   1.2312603e-45
   4.6447178e+03   1.2368006e-45
   4.6554286e+03   1.2423664e-45
   4.6661640e+03   1.2479579e-45
   4.6769242e+03   1.2535753e-45
   4.6877093e+03   1.2592185e-45
   4.6985192e+03   1.2648879e-45
   4.7093540e+03   1.2705834e-45
   4.7202138e+03   1.2763052e-45
   4.7310986e+03   1.2820535e-45
   4.7420086e+03   1.2878283e-45
   4.7529437e+03   1.2936297e-45
   4.7639040e+03   1.2994580e-45
   4.7748896e+03   1.3053131e-45
   4.7859005e+03   1.3111953e-45
   4.7969369e+03   1.3171047e-45
   4.8079986e+03   1.3230413e-45
   4.8190859e+03   1.3290054e-45
   4.8301988e+03   1.3349970e-45
   4.8413372e+03   1.3410162e-45
   4.8525014e+03   1.3470633e-45
   4.8636913e+03   1.3531383e-45
   4.8749070e+03   1.3592413e-45
   4.8861486e+03   1.3653726e-45
   4.8974161e+03   1.3715321e-45
   4.9087096e+03   1.3777201e-45
   4.9200291e+03   1.3839366e-45
   4.9313747e+03   1.3901819e-45
   4.9427465e+03   1.3964560e-45
   4.9541445e+03   1.4027590e-45
   4.9655688e+03   1.4090912e-45
   4.9770194e+03   1.4154526e-45
   4.9884965e+03   1.4218434e-45
   5.0000000e+03   1.4282637e-45
