   5.0000000e+00   1.6462157e-20
   5.0115300e+00   1.6044200e-20
   5.0230867e+00   1.5638544e-20
   5.0346699e+00   1.5245129e-20
   5.0462799e+00   1.4864041e-20
   5.0579167e+00   1.4495116e-20
   5.0695803e+00   1.4133217e-20
   5.0812708e+00   1.3752452e-20
   5.0929882e+00   1.3364736e-20
   5.1047327e+00   1.3025051e-20
   5.1165042e+00   1.2705625e-20
   5.1283029e+00   1.2393687e-20
   5.1401288e+00   1.2088707e-20
   5.1519820e+00   1.1790944e-20
   5.1638625e+00   1.1500531e-20
   5.1757704e+00   1.1217477e-20
   5.1877058e+00   1.0941707e-20
   5.1996687e+00   1.0673098e-20
   5.2116592e+00   1.0411500e-20
   5.2236773e+00   1.0156751e-20
   5.2357231e+00   9.9086814e-21
   5.2477968e+00   9.6671186e-21
   5.2598982e+00   9.4318907e-21
   5.2720276e+00   9.2028271e-21
   5.2841849e+00   8.9797599e-21
   5.2963703e+00   8.7625246e-21
   5.3085838e+00   8.5509605e-21
   5.3208254e+00   8.3449106e-21
   5.3330953e+00   8.1442223e-21
   5.3453934e+00   7.9487468e-21
   5.3577199e+00   7.7583395e-21
   5.3700749e+00   7.5728598e-21
   5.3824583e+00   7.3921712e-21
   5.3948703e+00   7.2161413e-21
   5.4073109e+00   7.0446411e-21
   5.4197802e+00   6.8775457e-21
   5.4322783e+00   6.7147337e-21
   5.4448051e+00   6.5560875e-21
   5.4573609e+00   6.4014926e-21
   5.4699456e+00   6.2508382e-21
   5.4825594e+00   6.1040165e-21
   5.4952022e+00   5.9609230e-21
   5.5078742e+00   5.8214564e-21
   5.5205754e+00   5.6855180e-21
   5.5333058e+00   5.5530124e-21
   5.5460657e+00   5.4238469e-21
   5.5588550e+00   5.2979312e-21
   5.5716737e+00   5.1751781e-21
   5.5845220e+00   5.0555026e-21
   5.5974000e+00   4.9388223e-21
   5.6103076e+00   4.8250573e-21
   5.6232451e+00   4.7141298e-21
   5.6362123e+00   4.6059644e-21
   5.6492094e+00   4.5004878e-21
   5.6622366e+00   4.3976289e-21
   5.6752937e+00   4.2973186e-21
   5.6883810e+00   4.1994897e-21
   5.7014985e+00   4.1040771e-21
   5.7146461e+00   4.0110174e-21
   5.7278242e+00   3.9202491e-21
   5.7410326e+00   3.8317123e-21
   5.7542714e+00   3.7453491e-21
   5.7675408e+00   3.6611029e-21
   5.7808408e+00   3.5789189e-21
   5.7941715e+00   3.4987437e-21
   5.8075329e+00   3.4205257e-21
   5.8209251e+00   3.3442144e-21
   5.8343482e+00   3.2697609e-21
   5.8478023e+00   3.1971176e-21
   5.8612873e+00   3.1262382e-21
   5.8748035e+00   3.0570778e-21
   5.8883508e+00   2.9895926e-21
   5.9019294e+00   2.9237402e-21
   5.9155393e+00   2.8594792e-21
   5.9291806e+00   2.7967693e-21
   5.9428533e+00   2.7355716e-21
   5.9565576e+00   2.6758479e-21
   5.9702935e+00   2.6175612e-21
   5.9840610e+00   2.5606757e-21
   5.9978603e+00   2.5051562e-21
   6.0116914e+00   2.4509688e-21
   6.0255544e+00   2.3980803e-21
   6.0394494e+00   2.3464584e-21
   6.0533764e+00   2.2960719e-21
   6.0673355e+00   2.2468902e-21
   6.0813269e+00   2.1988835e-21
   6.0953505e+00   2.1520231e-21
   6.1094064e+00   2.1062807e-21
   6.1234947e+00   2.0616289e-21
   6.1376155e+00   2.0180412e-21
   6.1517689e+00   1.9754916e-21
   6.1659550e+00   1.9339547e-21
   6.1801737e+00   1.8934061e-21
   6.1944252e+00   1.8538218e-21
   6.2087096e+00   1.8151784e-21
   6.2230269e+00   1.7774533e-21
   6.2373773e+00   1.7406243e-21
   6.2517607e+00   1.7046699e-21
   6.2661773e+00   1.6695692e-21
   6.2806272e+00   1.6353017e-21
   6.2951104e+00   1.6018475e-21
   6.3096269e+00   1.5691872e-21
   6.3241770e+00   1.5373020e-21
   6.3387606e+00   1.5061735e-21
   6.3533778e+00   1.4757837e-21
   6.3680288e+00   1.4461153e-21
   6.3827135e+00   1.4171510e-21
   6.3974321e+00   1.3888745e-21
   6.4121846e+00   1.3612695e-21
   6.4269711e+00   1.3343203e-21
   6.4417918e+00   1.3080115e-21
   6.4566466e+00   1.2823282e-21
   6.4715357e+00   1.2572557e-21
   6.4864591e+00   1.2327799e-21
   6.5014169e+00   1.2088869e-21
   6.5164092e+00   1.1855632e-21
   6.5314361e+00   1.1627957e-21
   6.5464977e+00   1.1405713e-21
   6.5615939e+00   1.1188777e-21
   6.5767250e+00   1.0977026e-21
   6.5918910e+00   1.0770341e-21
   6.6070920e+00   1.0568606e-21
   6.6223280e+00   1.0371707e-21
   6.6375991e+00   1.0179533e-21
   6.6529055e+00   9.9919775e-22
   6.6682471e+00   9.8089344e-22
   6.6836241e+00   9.6303010e-22
   6.6990366e+00   9.4559773e-22
   6.7144846e+00   9.2858654e-22
   6.7299683e+00   9.1198699e-22
   6.7454877e+00   8.9578977e-22
   6.7610428e+00   8.7998580e-22
   6.7766338e+00   8.6456620e-22
   6.7922608e+00   8.4952232e-22
   6.8079238e+00   8.3484572e-22
   6.8236229e+00   8.2052814e-22
   6.8393582e+00   8.0656153e-22
   6.8551299e+00   7.9293805e-22
   6.8709378e+00   7.7965000e-22
   6.8867823e+00   7.6668992e-22
   6.9026632e+00   7.5405048e-22
   6.9185808e+00   7.4172455e-22
   6.9345351e+00   7.2970517e-22
   6.9505262e+00   7.1798552e-22
   6.9665542e+00   7.0655897e-22
   6.9826191e+00   6.9541903e-22
   6.9987211e+00   6.8455938e-22
   7.0148602e+00   6.7397383e-22
   7.0310365e+00   6.6365636e-22
   7.0472502e+00   6.5360108e-22
   7.0635012e+00   6.4380224e-22
   7.0797897e+00   6.3425424e-22
   7.0961157e+00   6.2495160e-22
   7.1124794e+00   6.1588900e-22
   7.1288808e+00   6.0706121e-22
   7.1453201e+00   5.9846317e-22
   7.1617972e+00   5.9008992e-22
   7.1783124e+00   5.8193663e-22
   7.1948656e+00   5.7399860e-22
   7.2114571e+00   5.6627123e-22
   7.2280867e+00   5.5875007e-22
   7.2447548e+00   5.5143077e-22
   7.2614612e+00   5.4430909e-22
   7.2782062e+00   5.3738090e-22
   7.2949898e+00   5.3064222e-22
   7.3118121e+00   5.2408913e-22
   7.3286732e+00   5.1771787e-22
   7.3455732e+00   5.1152476e-22
   7.3625121e+00   5.0550624e-22
   7.3794901e+00   4.9965886e-22
   7.3965073e+00   4.9397928e-22
   7.4135637e+00   4.8846428e-22
   7.4306594e+00   4.8311072e-22
   7.4477946e+00   4.7791561e-22
   7.4649693e+00   4.7287604e-22
   7.4821835e+00   4.6798923e-22
   7.4994375e+00   4.6325249e-22
   7.5167313e+00   4.5866326e-22
   7.5340649e+00   4.5421910e-22
   7.5514385e+00   4.4991768e-22
   7.5688522e+00   4.4575676e-22
   7.5863060e+00   4.4173427e-22
   7.6038001e+00   4.3784822e-22
   7.6213345e+00   4.3409676e-22
   7.6389094e+00   4.3047817e-22
   7.6565248e+00   4.2699086e-22
   7.6741808e+00   4.2363336e-22
   7.6918775e+00   4.2040436e-22
   7.7096150e+00   4.1730267e-22
   7.7273934e+00   4.1432726e-22
   7.7452129e+00   4.1147726e-22
   7.7630734e+00   4.0875194e-22
   7.7809751e+00   4.0615074e-22
   7.7989181e+00   4.0367329e-22
   7.8169025e+00   4.0131938e-22
   7.8349283e+00   3.9908901e-22
   7.8529957e+00   3.9698235e-22
   7.8711048e+00   3.9499982e-22
   7.8892556e+00   3.9314203e-22
   7.9074483e+00   3.9140985e-22
   7.9256829e+00   3.8980440e-22
   7.9439596e+00   3.8832704e-22
   7.9622784e+00   3.8697947e-22
   7.9806395e+00   3.8576364e-22
   7.9990429e+00   3.8468187e-22
   8.0174888e+00   3.8373683e-22
   8.0359772e+00   3.8293157e-22
   8.0545082e+00   3.8226956e-22
   8.0730819e+00   3.8175472e-22
   8.0916985e+00   3.8139146e-22
   8.1103581e+00   3.8118473e-22
   8.1290606e+00   3.8114007e-22
   8.1478063e+00   3.8126368e-22
   8.1665952e+00   3.8156244e-22
   8.1854274e+00   3.8204403e-22
   8.2043031e+00   3.8271700e-22
   8.2232223e+00   3.8359084e-22
   8.2421851e+00   3.8467613e-22
   8.2611916e+00   3.8598463e-22
   8.2802420e+00   3.8752944e-22
   8.2993363e+00   3.8932512e-22
   8.3184746e+00   3.9138797e-22
   8.3376571e+00   3.9373614e-22
   8.3568838e+00   3.9638995e-22
   8.3761548e+00   3.9937216e-22
   8.3954703e+00   4.0270834e-22
   8.4148303e+00   4.0642724e-22
   8.4342350e+00   4.1056128e-22
   8.4536844e+00   4.1514717e-22
   8.4731786e+00   4.2022650e-22
   8.4927179e+00   4.2584666e-22
   8.5123021e+00   4.3206174e-22
   8.5319316e+00   4.3893379e-22
   8.5516063e+00   4.4653426e-22
   8.5713263e+00   4.5494581e-22
   8.5910919e+00   4.6426454e-22
   8.6109030e+00   4.7460282e-22
   8.6307598e+00   4.8609282e-22
   8.6506624e+00   4.9889097e-22
   8.6706109e+00   5.1318361e-22
   8.6906054e+00   5.2919525e-22
   8.7106460e+00   5.4719739e-22
   8.7307328e+00   5.6752255e-22
   8.7508660e+00   5.9058200e-22
   8.7710455e+00   6.1689048e-22
   8.7912716e+00   6.4710090e-22
   8.8115444e+00   6.8205399e-22
   8.8318638e+00   7.2285094e-22
   8.8522302e+00   7.7096282e-22
   8.8726435e+00   8.2840003e-22
   8.8931039e+00   8.9798443e-22
   8.9136114e+00   9.8380477e-22
   8.9341663e+00   1.0920176e-21
   8.9547686e+00   1.2323438e-21
   8.9754183e+00   1.4210841e-21
   8.9961157e+00   1.6878189e-21
   9.0168608e+00   2.0923854e-21
   9.0376538e+00   2.7768320e-21
   9.0584947e+00   4.1803578e-21
   9.0793836e+00   8.6670718e-21
   9.1003208e+00   8.9941373e-20
   9.1213062e+00   7.1508883e-21
   9.1423400e+00   3.7039876e-21
   9.1634223e+00   2.5015910e-21
   9.1845532e+00   1.9059712e-21
   9.2057328e+00   1.5828032e-21
   9.2269613e+00   1.4738074e-21
   9.2482388e+00   1.8893033e-21
   9.2695653e+00   3.9194367e-20
   9.2909410e+00   1.7559272e-21
   9.3123660e+00   1.0544909e-21
   9.3338403e+00   8.2910550e-22
   9.3553642e+00   7.0947899e-22
   9.3769378e+00   6.3023100e-22
   9.3985611e+00   5.7148621e-22
   9.4202342e+00   5.2511665e-22
   9.4419574e+00   4.8708259e-22
   9.4637306e+00   4.5508203e-22
   9.4855540e+00   4.2766833e-22
   9.5074278e+00   4.0386513e-22
   9.5293520e+00   3.8297749e-22
   9.5513267e+00   3.6449059e-22
   9.5733522e+00   3.4801105e-22
   9.5954284e+00   3.3323077e-22
   9.6175555e+00   3.1990378e-22
   9.6397337e+00   3.0783043e-22
   9.6619630e+00   2.9684655e-22
   9.6842435e+00   2.8681555e-22
   9.7065755e+00   2.7762269e-22
   9.7289589e+00   2.6917074e-22
   9.7513940e+00   2.6137670e-22
   9.7738808e+00   2.5416925e-22
   9.7964194e+00   2.4748672e-22
   9.8190100e+00   2.4127554e-22
   9.8416527e+00   2.3548888e-22
   9.8643477e+00   2.3008572e-22
   9.8870949e+00   2.2502987e-22
   9.9098946e+00   2.2028938e-22
   9.9327469e+00   2.1583589e-22
   9.9556519e+00   2.1164417e-22
   9.9786097e+00   2.0769170e-22
   1.0001620e+01   2.0395855e-22
   1.0024684e+01   2.0042786e-22
   1.0047801e+01   1.9708012e-22
   1.0070972e+01   1.9390173e-22
   1.0094195e+01   1.9088028e-22
   1.0117473e+01   1.8800423e-22
   1.0140804e+01   1.8526243e-22
   1.0164188e+01   1.8264481e-22
   1.0187627e+01   1.8014223e-22
   1.0211120e+01   1.7774640e-22
   1.0234667e+01   1.7545013e-22
   1.0258268e+01   1.7324652e-22
   1.0281924e+01   1.7112920e-22
   1.0305634e+01   1.6909236e-22
   1.0329399e+01   1.6713086e-22
   1.0353218e+01   1.6523987e-22
   1.0377093e+01   1.6341487e-22
   1.0401023e+01   1.6165167e-22
   1.0425007e+01   1.5994655e-22
   1.0449048e+01   1.5829605e-22
   1.0473143e+01   1.5669688e-22
   1.0497294e+01   1.5514599e-22
   1.0521501e+01   1.5364064e-22
   1.0545764e+01   1.5217829e-22
   1.0570082e+01   1.5075652e-22
   1.0594457e+01   1.4937309e-22
   1.0618888e+01   1.4802591e-22
   1.0643375e+01   1.4671312e-22
   1.0667919e+01   1.4543290e-22
   1.0692519e+01   1.4418356e-22
   1.0717176e+01   1.4296354e-22
   1.0741890e+01   1.4177141e-22
   1.0766661e+01   1.4060581e-22
   1.0791489e+01   1.3946543e-22
   1.0816374e+01   1.3834910e-22
   1.0841317e+01   1.3725571e-22
   1.0866317e+01   1.3618421e-22
   1.0891375e+01   1.3513362e-22
   1.0916491e+01   1.3410300e-22
   1.0941664e+01   1.3309152e-22
   1.0966896e+01   1.3209834e-22
   1.0992185e+01   1.3112270e-22
   1.1017533e+01   1.3016389e-22
   1.1042940e+01   1.2922122e-22
   1.1068405e+01   1.2829406e-22
   1.1093929e+01   1.2738181e-22
   1.1119512e+01   1.2648389e-22
   1.1145153e+01   1.2559977e-22
   1.1170854e+01   1.2472895e-22
   1.1196614e+01   1.2387093e-22
   1.1222434e+01   1.2302528e-22
   1.1248313e+01   1.2219157e-22
   1.1274251e+01   1.2136938e-22
   1.1300250e+01   1.2055833e-22
   1.1326308e+01   1.1975805e-22
   1.1352427e+01   1.1896821e-22
   1.1378606e+01   1.1818847e-22
   1.1404845e+01   1.1741852e-22
   1.1431144e+01   1.1665806e-22
   1.1457505e+01   1.1590681e-22
   1.1483926e+01   1.1516450e-22
   1.1510408e+01   1.1443088e-22
   1.1536951e+01   1.1370570e-22
   1.1563555e+01   1.1298873e-22
   1.1590221e+01   1.1227976e-22
   1.1616948e+01   1.1157856e-22
   1.1643737e+01   1.1088493e-22
   1.1670587e+01   1.1019870e-22
   1.1697500e+01   1.0951966e-22
   1.1724474e+01   1.0884764e-22
   1.1751511e+01   1.0818248e-22
   1.1778610e+01   1.0752401e-22
   1.1805772e+01   1.0687208e-22
   1.1832996e+01   1.0622654e-22
   1.1860283e+01   1.0558724e-22
   1.1887633e+01   1.0495406e-22
   1.1915046e+01   1.0432685e-22
   1.1942522e+01   1.0370550e-22
   1.1970061e+01   1.0308988e-22
   1.1997664e+01   1.0247988e-22
   1.2025331e+01   1.0187538e-22
   1.2053062e+01   1.0127627e-22
   1.2080856e+01   1.0068245e-22
   1.2108715e+01   1.0009382e-22
   1.2136637e+01   9.9510287e-23
   1.2164625e+01   9.8931751e-23
   1.2192676e+01   9.8358124e-23
   1.2220793e+01   9.7789317e-23
   1.2248974e+01   9.7225247e-23
   1.2277220e+01   9.6665833e-23
   1.2305532e+01   9.6110994e-23
   1.2333908e+01   9.5560655e-23
   1.2362350e+01   9.5014741e-23
   1.2390858e+01   9.4473181e-23
   1.2419431e+01   9.3935905e-23
   1.2448071e+01   9.3402844e-23
   1.2476776e+01   9.2873935e-23
   1.2505548e+01   9.2349112e-23
   1.2534386e+01   9.1828314e-23
   1.2563290e+01   9.1311482e-23
   1.2592261e+01   9.0798556e-23
   1.2621299e+01   9.0289479e-23
   1.2650404e+01   8.9784197e-23
   1.2679576e+01   8.9282656e-23
   1.2708815e+01   8.8784803e-23
   1.2738121e+01   8.8290587e-23
   1.2767496e+01   8.7799958e-23
   1.2796938e+01   8.7312869e-23
   1.2826447e+01   8.6829271e-23
   1.2856025e+01   8.6349119e-23
   1.2885671e+01   8.5872367e-23
   1.2915386e+01   8.5398971e-23
   1.2945169e+01   8.4928890e-23
   1.2975020e+01   8.4462080e-23
   1.3004941e+01   8.3998502e-23
   1.3034930e+01   8.3538114e-23
   1.3064989e+01   8.3080878e-23
   1.3095117e+01   8.2626756e-23
   1.3125314e+01   8.2175710e-23
   1.3155582e+01   8.1727704e-23
   1.3185918e+01   8.1282701e-23
   1.3216325e+01   8.0840668e-23
   1.3246802e+01   8.0401569e-23
   1.3277349e+01   7.9965371e-23
   1.3307967e+01   7.9532041e-23
   1.3338655e+01   7.9101547e-23
   1.3369414e+01   7.8673858e-23
   1.3400244e+01   7.8248941e-23
   1.3431145e+01   7.7826768e-23
   1.3462118e+01   7.7407308e-23
   1.3493162e+01   7.6990532e-23
   1.3524277e+01   7.6576412e-23
   1.3555464e+01   7.6164919e-23
   1.3586723e+01   7.5756026e-23
   1.3618054e+01   7.5349706e-23
   1.3649457e+01   7.4945932e-23
   1.3680933e+01   7.4544678e-23
   1.3712481e+01   7.4145919e-23
   1.3744103e+01   7.3749630e-23
   1.3775797e+01   7.3355786e-23
   1.3807564e+01   7.2964362e-23
   1.3839404e+01   7.2575335e-23
   1.3871318e+01   7.2188682e-23
   1.3903305e+01   7.1804380e-23
   1.3935366e+01   7.1422405e-23
   1.3967501e+01   7.1042736e-23
   1.3999710e+01   7.0665352e-23
   1.4031994e+01   7.0290229e-23
   1.4064352e+01   6.9917348e-23
   1.4096784e+01   6.9546688e-23
   1.4129292e+01   6.9178228e-23
   1.4161874e+01   6.8811948e-23
   1.4194531e+01   6.8447828e-23
   1.4227264e+01   6.8085849e-23
   1.4260072e+01   6.7725992e-23
   1.4292956e+01   6.7368238e-23
   1.4325916e+01   6.7012568e-23
   1.4358951e+01   6.6658965e-23
   1.4392063e+01   6.6307409e-23
   1.4425251e+01   6.5957885e-23
   1.4458516e+01   6.5610373e-23
   1.4491858e+01   6.5264857e-23
   1.4525276e+01   6.4921320e-23
   1.4558771e+01   6.4579746e-23
   1.4592344e+01   6.4240118e-23
   1.4625994e+01   6.3902419e-23
   1.4659722e+01   6.3566634e-23
   1.4693527e+01   6.3232748e-23
   1.4727410e+01   6.2900744e-23
   1.4761372e+01   6.2570608e-23
   1.4795412e+01   6.2242325e-23
   1.4829530e+01   6.1915879e-23
   1.4863727e+01   6.1591256e-23
   1.4898003e+01   6.1268441e-23
   1.4932358e+01   6.0947422e-23
   1.4966792e+01   6.0628183e-23
   1.5001306e+01   6.0310710e-23
   1.5035899e+01   5.9994990e-23
   1.5070572e+01   5.9681011e-23
   1.5105324e+01   5.9368757e-23
   1.5140157e+01   5.9058217e-23
   1.5175071e+01   5.8749377e-23
   1.5210065e+01   5.8442224e-23
   1.5245139e+01   5.8136747e-23
   1.5280295e+01   5.7832932e-23
   1.5315531e+01   5.7530768e-23
   1.5350849e+01   5.7230242e-23
   1.5386248e+01   5.6931342e-23
   1.5421729e+01   5.6634057e-23
   1.5457291e+01   5.6338375e-23
   1.5492936e+01   5.6044284e-23
   1.5528663e+01   5.5751773e-23
   1.5564472e+01   5.5460831e-23
   1.5600364e+01   5.5171446e-23
   1.5636338e+01   5.4883609e-23
   1.5672396e+01   5.4597307e-23
   1.5708537e+01   5.4312531e-23
   1.5744761e+01   5.4029269e-23
   1.5781068e+01   5.3747512e-23
   1.5817459e+01   5.3467249e-23
   1.5853935e+01   5.3188469e-23
   1.5890494e+01   5.2911163e-23
   1.5927137e+01   5.2635321e-23
   1.5963866e+01   5.2360933e-23
   1.6000678e+01   5.2087989e-23
   1.6037576e+01   5.1816479e-23
   1.6074559e+01   5.1546395e-23
   1.6111627e+01   5.1277726e-23
   1.6148780e+01   5.1010463e-23
   1.6186020e+01   5.0744598e-23
   1.6223345e+01   5.0480120e-23
   1.6260756e+01   5.0217021e-23
   1.6298253e+01   4.9955293e-23
   1.6335837e+01   4.9694925e-23
   1.6373508e+01   4.9435910e-23
   1.6411265e+01   4.9178239e-23
   1.6449110e+01   4.8921904e-23
   1.6487041e+01   4.8666895e-23
   1.6525061e+01   4.8413204e-23
   1.6563168e+01   4.8160824e-23
   1.6601362e+01   4.7909746e-23
   1.6639645e+01   4.7659961e-23
   1.6678016e+01   4.7411463e-23
   1.6716476e+01   4.7164242e-23
   1.6755024e+01   4.6918291e-23
   1.6793662e+01   4.6673603e-23
   1.6832388e+01   4.6430169e-23
   1.6871203e+01   4.6187982e-23
   1.6910109e+01   4.5947034e-23
   1.6949103e+01   4.5707318e-23
   1.6988188e+01   4.5468826e-23
   1.7027363e+01   4.5231551e-23
   1.7066628e+01   4.4995486e-23
   1.7105984e+01   4.4760623e-23
   1.7145431e+01   4.4526955e-23
   1.7184968e+01   4.4294476e-23
   1.7224597e+01   4.4063178e-23
   1.7264317e+01   4.3833054e-23
   1.7304128e+01   4.3604097e-23
   1.7344032e+01   4.3376301e-23
   1.7384027e+01   4.3149658e-23
   1.7424115e+01   4.2924162e-23
   1.7464295e+01   4.2699807e-23
   1.7504568e+01   4.2476585e-23
   1.7544934e+01   4.2254491e-23
   1.7585392e+01   4.2033517e-23
   1.7625945e+01   4.1813657e-23
   1.7666590e+01   4.1594905e-23
   1.7707329e+01   4.1377255e-23
   1.7748163e+01   4.1160700e-23
   1.7789090e+01   4.0945234e-23
   1.7830112e+01   4.0730851e-23
   1.7871228e+01   4.0517545e-23
   1.7912439e+01   4.0305310e-23
   1.7953746e+01   4.0094139e-23
   1.7995147e+01   3.9884027e-23
   1.8036644e+01   3.9674968e-23
   1.8078237e+01   3.9466956e-23
   1.8119925e+01   3.9259985e-23
   1.8161710e+01   3.9054050e-23
   1.8203591e+01   3.8849144e-23
   1.8245569e+01   3.8645262e-23
   1.8287643e+01   3.8442399e-23
   1.8329814e+01   3.8240549e-23
   1.8372083e+01   3.8039705e-23
   1.8414449e+01   3.7839864e-23
   1.8456913e+01   3.7641018e-23
   1.8499475e+01   3.7443164e-23
   1.8542135e+01   3.7246295e-23
   1.8584893e+01   3.7050407e-23
   1.8627750e+01   3.6855493e-23
   1.8670706e+01   3.6661549e-23
   1.8713761e+01   3.6468569e-23
   1.8756915e+01   3.6276549e-23
   1.8800168e+01   3.6085482e-23
   1.8843522e+01   3.5895365e-23
   1.8886975e+01   3.5706192e-23
   1.8930528e+01   3.5517957e-23
   1.8974182e+01   3.5330657e-23
   1.9017937e+01   3.5144285e-23
   1.9061792e+01   3.4958838e-23
   1.9105749e+01   3.4774310e-23
   1.9149807e+01   3.4590696e-23
   1.9193967e+01   3.4407992e-23
   1.9238228e+01   3.4226193e-23
   1.9282592e+01   3.4045294e-23
   1.9327057e+01   3.3865290e-23
   1.9371626e+01   3.3686177e-23
   1.9416297e+01   3.3507950e-23
   1.9461071e+01   3.3330605e-23
   1.9505948e+01   3.3154136e-23
   1.9550929e+01   3.2978540e-23
   1.9596014e+01   3.2803812e-23
   1.9641202e+01   3.2629947e-23
   1.9686495e+01   3.2456941e-23
   1.9731892e+01   3.2284789e-23
   1.9777394e+01   3.2113488e-23
   1.9823001e+01   3.1943033e-23
   1.9868713e+01   3.1773419e-23
   1.9914530e+01   3.1604642e-23
   1.9960454e+01   3.1436698e-23
   2.0006482e+01   3.1269583e-23
   2.0052618e+01   3.1103292e-23
   2.0098859e+01   3.0937822e-23
   2.0145207e+01   3.0773168e-23
   2.0191662e+01   3.0609325e-23
   2.0238224e+01   3.0446291e-23
   2.0284894e+01   3.0284061e-23
   2.0331671e+01   3.0122630e-23
   2.0378556e+01   2.9961996e-23
   2.0425549e+01   2.9802153e-23
   2.0472650e+01   2.9643098e-23
   2.0519861e+01   2.9484827e-23
   2.0567180e+01   2.9327336e-23
   2.0614608e+01   2.9170622e-23
   2.0662145e+01   2.9014679e-23
   2.0709792e+01   2.8859505e-23
   2.0757549e+01   2.8705096e-23
   2.0805416e+01   2.8551448e-23
   2.0853394e+01   2.8398556e-23
   2.0901482e+01   2.8246419e-23
   2.0949681e+01   2.8095031e-23
   2.0997991e+01   2.7944388e-23
   2.1046412e+01   2.7794489e-23
   2.1094945e+01   2.7645328e-23
   2.1143591e+01   2.7496902e-23
   2.1192348e+01   2.7349207e-23
   2.1241218e+01   2.7202241e-23
   2.1290200e+01   2.7055999e-23
   2.1339295e+01   2.6910478e-23
   2.1388504e+01   2.6765674e-23
   2.1437826e+01   2.6621584e-23
   2.1487262e+01   2.6478205e-23
   2.1536812e+01   2.6335533e-23
   2.1586476e+01   2.6193564e-23
   2.1636254e+01   2.6052295e-23
   2.1686148e+01   2.5911724e-23
   2.1736156e+01   2.5771846e-23
   2.1786280e+01   2.5632658e-23
   2.1836519e+01   2.5494157e-23
   2.1886874e+01   2.5356339e-23
   2.1937346e+01   2.5219202e-23
   2.1987933e+01   2.5082742e-23
   2.2038638e+01   2.4946956e-23
   2.2089459e+01   2.4811840e-23
   2.2140397e+01   2.4677392e-23
   2.2191453e+01   2.4543609e-23
   2.2242627e+01   2.4410486e-23
   2.2293919e+01   2.4278022e-23
   2.2345328e+01   2.4146212e-23
   2.2396857e+01   2.4015054e-23
   2.2448504e+01   2.3884545e-23
   2.2500271e+01   2.3754682e-23
   2.2552157e+01   2.3625462e-23
   2.2604162e+01   2.3496881e-23
   2.2656287e+01   2.3368937e-23
   2.2708533e+01   2.3241627e-23
   2.2760899e+01   2.3114948e-23
   2.2813386e+01   2.2988896e-23
   2.2865994e+01   2.2863470e-23
   2.2918723e+01   2.2738665e-23
   2.2971574e+01   2.2614480e-23
   2.3024546e+01   2.2490911e-23
   2.3077641e+01   2.2367955e-23
   2.3130858e+01   2.2245610e-23
   2.3184198e+01   2.2123873e-23
   2.3237661e+01   2.2002741e-23
   2.3291247e+01   2.1882212e-23
   2.3344957e+01   2.1762281e-23
   2.3398791e+01   2.1642948e-23
   2.3452748e+01   2.1524208e-23
   2.3506831e+01   2.1406060e-23
   2.3561038e+01   2.1288501e-23
   2.3615370e+01   2.1171527e-23
   2.3669827e+01   2.1055137e-23
   2.3724410e+01   2.0939327e-23
   2.3779118e+01   2.0824096e-23
   2.3833953e+01   2.0709440e-23
   2.3888914e+01   2.0595357e-23
   2.3944002e+01   2.0481844e-23
   2.3999217e+01   2.0368899e-23
   2.4054560e+01   2.0256519e-23
   2.4110030e+01   2.0144701e-23
   2.4165628e+01   2.0033444e-23
   2.4221354e+01   1.9922744e-23
   2.4277208e+01   1.9812600e-23
   2.4333192e+01   1.9703008e-23
   2.4389304e+01   1.9593966e-23
   2.4445546e+01   1.9485472e-23
   2.4501918e+01   1.9377524e-23
   2.4558420e+01   1.9270118e-23
   2.4615051e+01   1.9163254e-23
   2.4671814e+01   1.9056927e-23
   2.4728707e+01   1.8951136e-23
   2.4785732e+01   1.8845879e-23
   2.4842888e+01   1.8741152e-23
   2.4900176e+01   1.8636955e-23
   2.4957596e+01   1.8533284e-23
   2.5015148e+01   1.8430138e-23
   2.5072833e+01   1.8327513e-23
   2.5130652e+01   1.8225409e-23
   2.5188603e+01   1.8123821e-23
   2.5246688e+01   1.8022749e-23
   2.5304907e+01   1.7922190e-23
   2.5363261e+01   1.7822142e-23
   2.5421748e+01   1.7722603e-23
   2.5480371e+01   1.7623570e-23
   2.5539129e+01   1.7525041e-23
   2.5598023e+01   1.7427014e-23
   2.5657052e+01   1.7329488e-23
   2.5716217e+01   1.7232459e-23
   2.5775519e+01   1.7135927e-23
   2.5834957e+01   1.7039888e-23
   2.5894533e+01   1.6944340e-23
   2.5954246e+01   1.6849283e-23
   2.6014097e+01   1.6754712e-23
   2.6074085e+01   1.6660628e-23
   2.6134212e+01   1.6567026e-23
   2.6194478e+01   1.6473907e-23
   2.6254883e+01   1.6381266e-23
   2.6315427e+01   1.6289104e-23
   2.6376110e+01   1.6197416e-23
   2.6436934e+01   1.6106203e-23
   2.6497898e+01   1.6015460e-23
   2.6559002e+01   1.5925188e-23
   2.6620247e+01   1.5835383e-23
   2.6681634e+01   1.5746044e-23
   2.6743162e+01   1.5657169e-23
   2.6804832e+01   1.5568757e-23
   2.6866644e+01   1.5480804e-23
   2.6928599e+01   1.5393310e-23
   2.6990696e+01   1.5306272e-23
   2.7052937e+01   1.5219689e-23
   2.7115321e+01   1.5133559e-23
   2.7177849e+01   1.5047879e-23
   2.7240522e+01   1.4962649e-23
   2.7303338e+01   1.4877867e-23
   2.7366300e+01   1.4793530e-23
   2.7429407e+01   1.4709637e-23
   2.7492659e+01   1.4626187e-23
   2.7556058e+01   1.4543177e-23
   2.7619602e+01   1.4460605e-23
   2.7683293e+01   1.4378471e-23
   2.7747131e+01   1.4296772e-23
   2.7811116e+01   1.4215506e-23
   2.7875249e+01   1.4134673e-23
   2.7939529e+01   1.4054270e-23
   2.8003958e+01   1.3974295e-23
   2.8068536e+01   1.3894748e-23
   2.8133262e+01   1.3815626e-23
   2.8198137e+01   1.3736928e-23
   2.8263162e+01   1.3658652e-23
   2.8328338e+01   1.3580796e-23
   2.8393663e+01   1.3503360e-23
   2.8459139e+01   1.3426341e-23
   2.8524766e+01   1.3349738e-23
   2.8590544e+01   1.3273549e-23
   2.8656474e+01   1.3197773e-23
   2.8722556e+01   1.3122408e-23
   2.8788791e+01   1.3047453e-23
   2.8855178e+01   1.2972907e-23
   2.8921718e+01   1.2898767e-23
   2.8988412e+01   1.2825033e-23
   2.9055259e+01   1.2751702e-23
   2.9122261e+01   1.2678774e-23
   2.9189417e+01   1.2606247e-23
   2.9256728e+01   1.2534119e-23
   2.9324194e+01   1.2462389e-23
   2.9391816e+01   1.2391056e-23
   2.9459594e+01   1.2320118e-23
   2.9527528e+01   1.2249575e-23
   2.9595619e+01   1.2179423e-23
   2.9663866e+01   1.2109663e-23
   2.9732272e+01   1.2040293e-23
   2.9800834e+01   1.1971311e-23
   2.9869555e+01   1.1902717e-23
   2.9938435e+01   1.1834508e-23
   3.0007473e+01   1.1766683e-23
   3.0076670e+01   1.1699242e-23
   3.0146028e+01   1.1632183e-23
   3.0215544e+01   1.1565504e-23
   3.0285222e+01   1.1499204e-23
   3.0355060e+01   1.1433283e-23
   3.0425059e+01   1.1367738e-23
   3.0495219e+01   1.1302570e-23
   3.0565541e+01   1.1237775e-23
   3.0636026e+01   1.1173354e-23
   3.0706673e+01   1.1109304e-23
   3.0777482e+01   1.1045625e-23
   3.0848456e+01   1.0982316e-23
   3.0919592e+01   1.0919375e-23
   3.0990893e+01   1.0856802e-23
   3.1062358e+01   1.0794594e-23
   3.1133988e+01   1.0732752e-23
   3.1205784e+01   1.0671273e-23
   3.1277744e+01   1.0610156e-23
   3.1349871e+01   1.0549402e-23
   3.1422164e+01   1.0489007e-23
   3.1494624e+01   1.0428972e-23
   3.1567251e+01   1.0369296e-23
   3.1640045e+01   1.0309976e-23
   3.1713007e+01   1.0251012e-23
   3.1786138e+01   1.0192404e-23
   3.1859437e+01   1.0134149e-23
   3.1932905e+01   1.0076248e-23
   3.2006542e+01   1.0018698e-23
   3.2080350e+01   9.9614992e-24
   3.2154327e+01   9.9046502e-24
   3.2228475e+01   9.8481502e-24
   3.2302794e+01   9.7919980e-24
   3.2377285e+01   9.7361927e-24
   3.2451947e+01   9.6807333e-24
   3.2526782e+01   9.6256189e-24
   3.2601789e+01   9.5708485e-24
   3.2676969e+01   9.5164212e-24
   3.2752322e+01   9.4623359e-24
   3.2827849e+01   9.4085919e-24
   3.2903550e+01   9.3551881e-24
   3.2979426e+01   9.3021237e-24
   3.3055477e+01   9.2493977e-24
   3.3131703e+01   9.1970093e-24
   3.3208105e+01   9.1449576e-24
   3.3284683e+01   9.0932417e-24
   3.3361438e+01   9.0418607e-24
   3.3438370e+01   8.9908138e-24
   3.3515479e+01   8.9401001e-24
   3.3592766e+01   8.8897187e-24
   3.3670231e+01   8.8396689e-24
   3.3747875e+01   8.7899498e-24
   3.3825698e+01   8.7405606e-24
   3.3903700e+01   8.6915004e-24
   3.3981882e+01   8.6427686e-24
   3.4060245e+01   8.5943642e-24
   3.4138788e+01   8.5462864e-24
   3.4217512e+01   8.4985346e-24
   3.4296418e+01   8.4511079e-24
   3.4375506e+01   8.4040056e-24
   3.4454776e+01   8.3572268e-24
   3.4534229e+01   8.3107709e-24
   3.4613865e+01   8.2646371e-24
   3.4693685e+01   8.2188246e-24
   3.4773689e+01   8.1733328e-24
   3.4853877e+01   8.1281608e-24
   3.4934251e+01   8.0833080e-24
   3.5014809e+01   8.0387737e-24
   3.5095554e+01   7.9945571e-24
   3.5176484e+01   7.9506576e-24
   3.5257602e+01   7.9070744e-24
   3.5338906e+01   7.8638069e-24
   3.5420398e+01   7.8208543e-24
   3.5502077e+01   7.7782160e-24
   3.5583945e+01   7.7358914e-24
   3.5666002e+01   7.6938797e-24
   3.5748248e+01   7.6521803e-24
   3.5830684e+01   7.6107925e-24
   3.5913310e+01   7.5697157e-24
   3.5996126e+01   7.5289492e-24
   3.6079134e+01   7.4884924e-24
   3.6162332e+01   7.4483447e-24
   3.6245723e+01   7.4085053e-24
   3.6329306e+01   7.3689737e-24
   3.6413082e+01   7.3297492e-24
   3.6497050e+01   7.2908312e-24
   3.6581213e+01   7.2522192e-24
   3.6665569e+01   7.2139123e-24
   3.6750120e+01   7.1759102e-24
   3.6834867e+01   7.1382120e-24
   3.6919808e+01   7.1008173e-24
   3.7004945e+01   7.0637255e-24
   3.7090279e+01   7.0269358e-24
   3.7175810e+01   6.9904477e-24
   3.7261537e+01   6.9542606e-24
   3.7347463e+01   6.9183739e-24
   3.7433586e+01   6.8827870e-24
   3.7519908e+01   6.8474994e-24
   3.7606429e+01   6.8125103e-24
   3.7693150e+01   6.7778192e-24
   3.7780071e+01   6.7434255e-24
   3.7867192e+01   6.7093286e-24
   3.7954514e+01   6.6755280e-24
   3.8042037e+01   6.6420229e-24
   3.8129763e+01   6.6088129e-24
   3.8217690e+01   6.5758973e-24
   3.8305821e+01   6.5432755e-24
   3.8394154e+01   6.5109469e-24
   3.8482691e+01   6.4789110e-24
   3.8571433e+01   6.4471670e-24
   3.8660379e+01   6.4157145e-24
   3.8749530e+01   6.3845527e-24
   3.8838886e+01   6.3536811e-24
   3.8928449e+01   6.3230991e-24
   3.9018219e+01   6.2928061e-24
   3.9108195e+01   6.2628013e-24
   3.9198379e+01   6.2330843e-24
   3.9288770e+01   6.2036544e-24
   3.9379371e+01   6.1745109e-24
   3.9470180e+01   6.1456532e-24
   3.9561198e+01   6.1170807e-24
   3.9652427e+01   6.0887928e-24
   3.9743865e+01   6.0607887e-24
   3.9835515e+01   6.0330678e-24
   3.9927376e+01   6.0056295e-24
   4.0019449e+01   5.9784730e-24
   4.0111734e+01   5.9515978e-24
   4.0204232e+01   5.9250031e-24
   4.0296943e+01   5.8986882e-24
   4.0389868e+01   5.8726525e-24
   4.0483008e+01   5.8468952e-24
   4.0576362e+01   5.8214157e-24
   4.0669931e+01   5.7962132e-24
   4.0763716e+01   5.7712870e-24
   4.0857718e+01   5.7466363e-24
   4.0951936e+01   5.7222604e-24
   4.1046372e+01   5.6981586e-24
   4.1141025e+01   5.6743301e-24
   4.1235896e+01   5.6507741e-24
   4.1330987e+01   5.6274899e-24
   4.1426296e+01   5.6044766e-24
   4.1521826e+01   5.5817335e-24
   4.1617575e+01   5.5592597e-24
   4.1713546e+01   5.5370544e-24
   4.1809737e+01   5.5151168e-24
   4.1906151e+01   5.4934461e-24
   4.2002787e+01   5.4720413e-24
   4.2099646e+01   5.4509016e-24
   4.2196728e+01   5.4300262e-24
   4.2294034e+01   5.4094142e-24
   4.2391564e+01   5.3890646e-24
   4.2489319e+01   5.3689765e-24
   4.2587300e+01   5.3491490e-24
   4.2685507e+01   5.3295812e-24
   4.2783940e+01   5.3102721e-24
   4.2882600e+01   5.2912208e-24
   4.2981488e+01   5.2724262e-24
   4.3080603e+01   5.2538874e-24
   4.3179947e+01   5.2356033e-24
   4.3279521e+01   5.2175730e-24
   4.3379324e+01   5.1997955e-24
   4.3479357e+01   5.1822696e-24
   4.3579620e+01   5.1649943e-24
   4.3680115e+01   5.1479685e-24
   4.3780842e+01   5.1311912e-24
   4.3881801e+01   5.1146613e-24
   4.3982993e+01   5.0983776e-24
   4.4084418e+01   5.0823390e-24
   4.4186077e+01   5.0665443e-24
   4.4287970e+01   5.0509925e-24
   4.4390099e+01   5.0356823e-24
   4.4492463e+01   5.0206125e-24
   4.4595062e+01   5.0057820e-24
   4.4697899e+01   4.9911895e-24
   4.4800973e+01   4.9768338e-24
   4.4904284e+01   4.9627137e-24
   4.5007834e+01   4.9488279e-24
   4.5111622e+01   4.9351751e-24
   4.5215650e+01   4.9217540e-24
   4.5319918e+01   4.9085634e-24
   4.5424426e+01   4.8956020e-24
   4.5529175e+01   4.8828683e-24
   4.5634165e+01   4.8703612e-24
   4.5739398e+01   4.8580791e-24
   4.5844873e+01   4.8460209e-24
   4.5950592e+01   4.8341850e-24
   4.6056554e+01   4.8225701e-24
   4.6162761e+01   4.8111748e-24
   4.6269213e+01   4.7999976e-24
   4.6375910e+01   4.7890372e-24
   4.6482853e+01   4.7782921e-24
   4.6590043e+01   4.7677609e-24
   4.6697480e+01   4.7574421e-24
   4.6805165e+01   4.7473341e-24
   4.6913098e+01   4.7374356e-24
   4.7021280e+01   4.7277451e-24
   4.7129711e+01   4.7182609e-24
   4.7238393e+01   4.7089817e-24
   4.7347325e+01   4.6999059e-24
   4.7456508e+01   4.6910319e-24
   4.7565943e+01   4.6823581e-24
   4.7675631e+01   4.6738832e-24
   4.7785571e+01   4.6656054e-24
   4.7895765e+01   4.6575232e-24
   4.8006213e+01   4.6496350e-24
   4.8116916e+01   4.6419393e-24
   4.8227874e+01   4.6344344e-24
   4.8339087e+01   4.6271187e-24
   4.8450558e+01   4.6199906e-24
   4.8562285e+01   4.6130485e-24
   4.8674270e+01   4.6062908e-24
   4.8786513e+01   4.5997159e-24
   4.8899015e+01   4.5933220e-24
   4.9011777e+01   4.5871076e-24
   4.9124798e+01   4.5810710e-24
   4.9238081e+01   4.5752106e-24
   4.9351624e+01   4.5695247e-24
   4.9465429e+01   4.5640116e-24
   4.9579497e+01   4.5586698e-24
   4.9693828e+01   4.5534974e-24
   4.9808422e+01   4.5484929e-24
   4.9923280e+01   4.5436546e-24
   5.0038404e+01   4.5389808e-24
   5.0153793e+01   4.5344699e-24
   5.0269448e+01   4.5301201e-24
   5.0385370e+01   4.5259298e-24
   5.0501559e+01   4.5218973e-24
   5.0618016e+01   4.5180209e-24
   5.0734741e+01   4.5142991e-24
   5.0851736e+01   4.5107299e-24
   5.0969000e+01   4.5073119e-24
   5.1086535e+01   4.5040434e-24
   5.1204341e+01   4.5009226e-24
   5.1322419e+01   4.4979479e-24
   5.1440769e+01   4.4951176e-24
   5.1559392e+01   4.4924301e-24
   5.1678288e+01   4.4898837e-24
   5.1797458e+01   4.4874768e-24
   5.1916904e+01   4.4852076e-24
   5.2036625e+01   4.4830746e-24
   5.2156621e+01   4.4810760e-24
   5.2276895e+01   4.4792104e-24
   5.2397446e+01   4.4774759e-24
   5.2518275e+01   4.4758710e-24
   5.2639382e+01   4.4743941e-24
   5.2760769e+01   4.4730435e-24
   5.2882436e+01   4.4718177e-24
   5.3004383e+01   4.4707149e-24
   5.3126612e+01   4.4697337e-24
   5.3249122e+01   4.4688724e-24
   5.3371915e+01   4.4681295e-24
   5.3494991e+01   4.4675033e-24
   5.3618351e+01   4.4669923e-24
   5.3741995e+01   4.4665949e-24
   5.3865925e+01   4.4663096e-24
   5.3990140e+01   4.4661348e-24
   5.4114642e+01   4.4660690e-24
   5.4239430e+01   4.4661106e-24
   5.4364507e+01   4.4662582e-24
   5.4489872e+01   4.4665101e-24
   5.4615526e+01   4.4668650e-24
   5.4741470e+01   4.4673214e-24
   5.4867704e+01   4.4678776e-24
   5.4994229e+01   4.4685323e-24
   5.5121046e+01   4.4692841e-24
   5.5248156e+01   4.4701314e-24
   5.5375559e+01   4.4710728e-24
   5.5503255e+01   4.4721068e-24
   5.5631246e+01   4.4732321e-24
   5.5759532e+01   4.4744473e-24
   5.5888114e+01   4.4757509e-24
   5.6016992e+01   4.4771416e-24
   5.6146168e+01   4.4786179e-24
   5.6275642e+01   4.4801786e-24
   5.6405414e+01   4.4818222e-24
   5.6535485e+01   4.4835474e-24
   5.6665856e+01   4.4853529e-24
   5.6796528e+01   4.4872374e-24
   5.6927501e+01   4.4891995e-24
   5.7058777e+01   4.4912379e-24
   5.7190355e+01   4.4933514e-24
   5.7322236e+01   4.4955388e-24
   5.7454421e+01   4.4977986e-24
   5.7586912e+01   4.5001297e-24
   5.7719708e+01   4.5025309e-24
   5.7852810e+01   4.5050009e-24
   5.7986219e+01   4.5075385e-24
   5.8119935e+01   4.5101425e-24
   5.8253960e+01   4.5128117e-24
   5.8388294e+01   4.5155449e-24
   5.8522938e+01   4.5183410e-24
   5.8657893e+01   4.5211988e-24
   5.8793158e+01   4.5241172e-24
   5.8928736e+01   4.5270951e-24
   5.9064626e+01   4.5301312e-24
   5.9200829e+01   4.5332246e-24
   5.9337347e+01   4.5363741e-24
   5.9474179e+01   4.5395787e-24
   5.9611327e+01   4.5428372e-24
   5.9748791e+01   4.5461486e-24
   5.9886572e+01   4.5495120e-24
   6.0024671e+01   4.5529261e-24
   6.0163089e+01   4.5563901e-24
   6.0301825e+01   4.5599029e-24
   6.0440882e+01   4.5634635e-24
   6.0580259e+01   4.5670709e-24
   6.0719957e+01   4.5707242e-24
   6.0859978e+01   4.5744224e-24
   6.1000322e+01   4.5781645e-24
   6.1140989e+01   4.5819496e-24
   6.1281980e+01   4.5857768e-24
   6.1423297e+01   4.5896452e-24
   6.1564940e+01   4.5935538e-24
   6.1706909e+01   4.5975018e-24
   6.1849206e+01   4.6014882e-24
   6.1991830e+01   4.6055123e-24
   6.2134784e+01   4.6095731e-24
   6.2278067e+01   4.6136698e-24
   6.2421681e+01   4.6178015e-24
   6.2565626e+01   4.6219675e-24
   6.2709903e+01   4.6261669e-24
   6.2854512e+01   4.6303989e-24
   6.2999455e+01   4.6346628e-24
   6.3144732e+01   4.6389577e-24
   6.3290345e+01   4.6432828e-24
   6.3436293e+01   4.6476374e-24
   6.3582577e+01   4.6520208e-24
   6.3729199e+01   4.6564322e-24
   6.3876159e+01   4.6608709e-24
   6.4023458e+01   4.6653361e-24
   6.4171097e+01   4.6698271e-24
   6.4319076e+01   4.6743433e-24
   6.4467396e+01   4.6788839e-24
   6.4616058e+01   4.6834483e-24
   6.4765063e+01   4.6880358e-24
   6.4914412e+01   4.6926457e-24
   6.5064105e+01   4.6972773e-24
   6.5214144e+01   4.7019301e-24
   6.5364528e+01   4.7066034e-24
   6.5515259e+01   4.7112966e-24
   6.5666338e+01   4.7160090e-24
   6.5817765e+01   4.7207400e-24
   6.5969541e+01   4.7254891e-24
   6.6121667e+01   4.7302557e-24
   6.6274144e+01   4.7350391e-24
   6.6426973e+01   4.7398388e-24
   6.6580154e+01   4.7446542e-24
   6.6733688e+01   4.7494849e-24
   6.6887577e+01   4.7543302e-24
   6.7041820e+01   4.7591895e-24
   6.7196419e+01   4.7640625e-24
   6.7351374e+01   4.7689484e-24
   6.7506687e+01   4.7738470e-24
   6.7662358e+01   4.7787575e-24
   6.7818388e+01   4.7836795e-24
   6.7974778e+01   4.7886126e-24
   6.8131528e+01   4.7935563e-24
   6.8288640e+01   4.7985100e-24
   6.8446114e+01   4.8034733e-24
   6.8603951e+01   4.8084458e-24
   6.8762153e+01   4.8134270e-24
   6.8920719e+01   4.8184164e-24
   6.9079650e+01   4.8234137e-24
   6.9238949e+01   4.8284183e-24
   6.9398614e+01   4.8334298e-24
   6.9558648e+01   4.8384480e-24
   6.9719051e+01   4.8434722e-24
   6.9879823e+01   4.8485021e-24
   7.0040967e+01   4.8535374e-24
   7.0202482e+01   4.8585776e-24
   7.0364369e+01   4.8636224e-24
   7.0526630e+01   4.8686713e-24
   7.0689265e+01   4.8737241e-24
   7.0852275e+01   4.8787803e-24
   7.1015661e+01   4.8838395e-24
   7.1179423e+01   4.8889015e-24
   7.1343564e+01   4.8939658e-24
   7.1508083e+01   4.8990322e-24
   7.1672981e+01   4.9041003e-24
   7.1838259e+01   4.9091697e-24
   7.2003919e+01   4.9142402e-24
   7.2169960e+01   4.9193114e-24
   7.2336385e+01   4.9243831e-24
   7.2503193e+01   4.9294548e-24
   7.2670386e+01   4.9345263e-24
   7.2837964e+01   4.9395974e-24
   7.3005929e+01   4.9446677e-24
   7.3174282e+01   4.9497369e-24
   7.3343022e+01   4.9548047e-24
   7.3512152e+01   4.9598710e-24
   7.3681671e+01   4.9649353e-24
   7.3851582e+01   4.9699975e-24
   7.4021884e+01   4.9750572e-24
   7.4192579e+01   4.9801143e-24
   7.4363668e+01   4.9851684e-24
   7.4535151e+01   4.9902194e-24
   7.4707029e+01   4.9952669e-24
   7.4879304e+01   5.0003108e-24
   7.5051977e+01   5.0053508e-24
   7.5225047e+01   5.0103867e-24
   7.5398517e+01   5.0154182e-24
   7.5572386e+01   5.0204452e-24
   7.5746657e+01   5.0254674e-24
   7.5921329e+01   5.0304846e-24
   7.6096404e+01   5.0354966e-24
   7.6271883e+01   5.0405032e-24
   7.6447767e+01   5.0455042e-24
   7.6624056e+01   5.0504994e-24
   7.6800751e+01   5.0554886e-24
   7.6977855e+01   5.0604716e-24
   7.7155366e+01   5.0654483e-24
   7.7333287e+01   5.0704184e-24
   7.7511618e+01   5.0753818e-24
   7.7690361e+01   5.0803383e-24
   7.7869515e+01   5.0852878e-24
   7.8049083e+01   5.0902300e-24
   7.8229065e+01   5.0951648e-24
   7.8409461e+01   5.1000921e-24
   7.8590274e+01   5.1050117e-24
   7.8771504e+01   5.1099234e-24
   7.8953152e+01   5.1148271e-24
   7.9135218e+01   5.1197227e-24
   7.9317705e+01   5.1246099e-24
   7.9500612e+01   5.1294888e-24
   7.9683941e+01   5.1343590e-24
   7.9867693e+01   5.1392206e-24
   8.0051868e+01   5.1440733e-24
   8.0236468e+01   5.1489170e-24
   8.0421494e+01   5.1537516e-24
   8.0606947e+01   5.1585771e-24
   8.0792827e+01   5.1633932e-24
   8.0979136e+01   5.1681998e-24
   8.1165874e+01   5.1729969e-24
   8.1353044e+01   5.1777843e-24
   8.1540644e+01   5.1825619e-24
   8.1728678e+01   5.1873297e-24
   8.1917145e+01   5.1920874e-24
   8.2106046e+01   5.1968351e-24
   8.2295383e+01   5.2015725e-24
   8.2485157e+01   5.2062997e-24
   8.2675369e+01   5.2110165e-24
   8.2866019e+01   5.2157229e-24
   8.3057108e+01   5.2204186e-24
   8.3248639e+01   5.2251038e-24
   8.3440611e+01   5.2297782e-24
   8.3633025e+01   5.2344418e-24
   8.3825884e+01   5.2390944e-24
   8.4019187e+01   5.2437362e-24
   8.4212936e+01   5.2483669e-24
   8.4407131e+01   5.2529864e-24
   8.4601775e+01   5.2575948e-24
   8.4796867e+01   5.2621919e-24
   8.4992409e+01   5.2667777e-24
   8.5188403e+01   5.2713522e-24
   8.5384848e+01   5.2759151e-24
   8.5581746e+01   5.2804666e-24
   8.5779098e+01   5.2850064e-24
   8.5976905e+01   5.2895347e-24
   8.6175169e+01   5.2940513e-24
   8.6373889e+01   5.2985561e-24
   8.6573068e+01   5.3030491e-24
   8.6772706e+01   5.3075303e-24
   8.6972805e+01   5.3119996e-24
   8.7173365e+01   5.3164570e-24
   8.7374387e+01   5.3209023e-24
   8.7575873e+01   5.3253357e-24
   8.7777824e+01   5.3297570e-24
   8.7980240e+01   5.3341662e-24
   8.8183123e+01   5.3385632e-24
   8.8386474e+01   5.3429480e-24
   8.8590294e+01   5.3473207e-24
   8.8794584e+01   5.3516810e-24
   8.8999345e+01   5.3560291e-24
   8.9204578e+01   5.3603649e-24
   8.9410285e+01   5.3646883e-24
   8.9616465e+01   5.3689994e-24
   8.9823122e+01   5.3732980e-24
   9.0030254e+01   5.3775842e-24
   9.0237865e+01   5.3818580e-24
   9.0445954e+01   5.3861193e-24
   9.0654523e+01   5.3903680e-24
   9.0863573e+01   5.3946043e-24
   9.1073105e+01   5.3988280e-24
   9.1283120e+01   5.4030392e-24
   9.1493620e+01   5.4072378e-24
   9.1704605e+01   5.4114238e-24
   9.1916077e+01   5.4155972e-24
   9.2128036e+01   5.4197580e-24
   9.2340484e+01   5.4239061e-24
   9.2553422e+01   5.4280416e-24
   9.2766850e+01   5.4321645e-24
   9.2980771e+01   5.4362747e-24
   9.3195186e+01   5.4403722e-24
   9.3410095e+01   5.4444571e-24
   9.3625499e+01   5.4485293e-24
   9.3841400e+01   5.4525887e-24
   9.4057799e+01   5.4566355e-24
   9.4274697e+01   5.4606696e-24
   9.4492095e+01   5.4646911e-24
   9.4709995e+01   5.4686998e-24
   9.4928397e+01   5.4726958e-24
   9.5147302e+01   5.4766791e-24
   9.5366713e+01   5.4806497e-24
   9.5586629e+01   5.4846077e-24
   9.5807053e+01   5.4885529e-24
   9.6027984e+01   5.4924855e-24
   9.6249426e+01   5.4964054e-24
   9.6471378e+01   5.5003126e-24
   9.6693841e+01   5.5042072e-24
   9.6916818e+01   5.5080891e-24
   9.7140309e+01   5.5119583e-24
   9.7364315e+01   5.5158150e-24
   9.7588838e+01   5.5196589e-24
   9.7813879e+01   5.5234903e-24
   9.8039438e+01   5.5273091e-24
   9.8265518e+01   5.5311152e-24
   9.8492119e+01   5.5349088e-24
   9.8719243e+01   5.5386898e-24
   9.8946890e+01   5.5424583e-24
   9.9175062e+01   5.5462142e-24
   9.9403761e+01   5.5499576e-24
   9.9632987e+01   5.5536884e-24
   9.9862741e+01   5.5574068e-24
   1.0009303e+02   5.5611127e-24
   1.0032384e+02   5.5648062e-24
   1.0055519e+02   5.5684872e-24
   1.0078707e+02   5.5721558e-24
   1.0101948e+02   5.5758120e-24
   1.0125244e+02   5.5794558e-24
   1.0148593e+02   5.5830872e-24
   1.0171995e+02   5.5867064e-24
   1.0195452e+02   5.5903132e-24
   1.0218963e+02   5.5939077e-24
   1.0242528e+02   5.5974899e-24
   1.0266147e+02   5.6010599e-24
   1.0289821e+02   5.6046177e-24
   1.0313549e+02   5.6081632e-24
   1.0337332e+02   5.6116966e-24
   1.0361170e+02   5.6152179e-24
   1.0385063e+02   5.6187270e-24
   1.0409011e+02   5.6222241e-24
   1.0433015e+02   5.6257090e-24
   1.0457073e+02   5.6291819e-24
   1.0481187e+02   5.6326429e-24
   1.0505357e+02   5.6360918e-24
   1.0529582e+02   5.6395288e-24
   1.0553864e+02   5.6429538e-24
   1.0578201e+02   5.6463669e-24
   1.0602594e+02   5.6497682e-24
   1.0627044e+02   5.6531576e-24
   1.0651550e+02   5.6565352e-24
   1.0676113e+02   5.6599011e-24
   1.0700732e+02   5.6632552e-24
   1.0725408e+02   5.6665976e-24
   1.0750141e+02   5.6699283e-24
   1.0774931e+02   5.6732473e-24
   1.0799778e+02   5.6765547e-24
   1.0824682e+02   5.6798506e-24
   1.0849644e+02   5.6831349e-24
   1.0874663e+02   5.6864076e-24
   1.0899740e+02   5.6896689e-24
   1.0924875e+02   5.6929187e-24
   1.0950068e+02   5.6961571e-24
   1.0975319e+02   5.6993842e-24
   1.1000628e+02   5.7025998e-24
   1.1025996e+02   5.7058042e-24
   1.1051422e+02   5.7089973e-24
   1.1076906e+02   5.7121792e-24
   1.1102450e+02   5.7153498e-24
   1.1128052e+02   5.7185093e-24
   1.1153714e+02   5.7216576e-24
   1.1179434e+02   5.7247949e-24
   1.1205214e+02   5.7279210e-24
   1.1231053e+02   5.7310362e-24
   1.1256952e+02   5.7341404e-24
   1.1282911e+02   5.7372336e-24
   1.1308929e+02   5.7403160e-24
   1.1335008e+02   5.7433874e-24
   1.1361146e+02   5.7464480e-24
   1.1387345e+02   5.7494979e-24
   1.1413605e+02   5.7525369e-24
   1.1439924e+02   5.7555653e-24
   1.1466305e+02   5.7585830e-24
   1.1492746e+02   5.7615900e-24
   1.1519249e+02   5.7645865e-24
   1.1545812e+02   5.7675723e-24
   1.1572437e+02   5.7705477e-24
   1.1599123e+02   5.7735126e-24
   1.1625871e+02   5.7764670e-24
   1.1652680e+02   5.7794111e-24
   1.1679551e+02   5.7823448e-24
   1.1706484e+02   5.7852681e-24
   1.1733480e+02   5.7881812e-24
   1.1760537e+02   5.7910841e-24
   1.1787657e+02   5.7939768e-24
   1.1814839e+02   5.7968593e-24
   1.1842085e+02   5.7997317e-24
   1.1869392e+02   5.8025940e-24
   1.1896763e+02   5.8054463e-24
   1.1924197e+02   5.8082886e-24
   1.1951695e+02   5.8111210e-24
   1.1979255e+02   5.8139434e-24
   1.2006880e+02   5.8167560e-24
   1.2034568e+02   5.8195588e-24
   1.2062319e+02   5.8223518e-24
   1.2090135e+02   5.8251351e-24
   1.2118015e+02   5.8279086e-24
   1.2145959e+02   5.8306726e-24
   1.2173968e+02   5.8334269e-24
   1.2202041e+02   5.8361716e-24
   1.2230179e+02   5.8389068e-24
   1.2258382e+02   5.8416326e-24
   1.2286650e+02   5.8443489e-24
   1.2314983e+02   5.8470558e-24
   1.2343382e+02   5.8497534e-24
   1.2371846e+02   5.8524416e-24
   1.2400375e+02   5.8551206e-24
   1.2428971e+02   5.8577904e-24
   1.2457632e+02   5.8604510e-24
   1.2486359e+02   5.8631025e-24
   1.2515153e+02   5.8657448e-24
   1.2544013e+02   5.8683782e-24
   1.2572940e+02   5.8710025e-24
   1.2601933e+02   5.8736178e-24
   1.2630993e+02   5.8762243e-24
   1.2660120e+02   5.8788219e-24
   1.2689314e+02   5.8814106e-24
   1.2718576e+02   5.8839906e-24
   1.2747905e+02   5.8865618e-24
   1.2777302e+02   5.8891243e-24
   1.2806767e+02   5.8916782e-24
   1.2836299e+02   5.8942235e-24
   1.2865900e+02   5.8967602e-24
   1.2895569e+02   5.8992884e-24
   1.2925306e+02   5.9018081e-24
   1.2955112e+02   5.9043194e-24
   1.2984986e+02   5.9068223e-24
   1.3014930e+02   5.9093168e-24
   1.3044942e+02   5.9118031e-24
   1.3075024e+02   5.9142811e-24
   1.3105175e+02   5.9167509e-24
   1.3135396e+02   5.9192125e-24
   1.3165686e+02   5.9216660e-24
   1.3196046e+02   5.9241115e-24
   1.3226476e+02   5.9265489e-24
   1.3256977e+02   5.9289783e-24
   1.3287547e+02   5.9313998e-24
   1.3318189e+02   5.9338133e-24
   1.3348901e+02   5.9362191e-24
   1.3379683e+02   5.9386170e-24
   1.3410537e+02   5.9410071e-24
   1.3441462e+02   5.9433896e-24
   1.3472458e+02   5.9457643e-24
   1.3503525e+02   5.9481314e-24
   1.3534665e+02   5.9504910e-24
   1.3565876e+02   5.9528430e-24
   1.3597159e+02   5.9551875e-24
   1.3628514e+02   5.9575245e-24
   1.3659941e+02   5.9598542e-24
   1.3691441e+02   5.9621764e-24
   1.3723014e+02   5.9644914e-24
   1.3754659e+02   5.9667991e-24
   1.3786377e+02   5.9690995e-24
   1.3818169e+02   5.9713928e-24
   1.3850034e+02   5.9736789e-24
   1.3881972e+02   5.9759580e-24
   1.3913984e+02   5.9782299e-24
   1.3946070e+02   5.9804949e-24
   1.3978229e+02   5.9827529e-24
   1.4010463e+02   5.9850040e-24
   1.4042772e+02   5.9872482e-24
   1.4075154e+02   5.9894856e-24
   1.4107612e+02   5.9917162e-24
   1.4140144e+02   5.9939401e-24
   1.4172751e+02   5.9961573e-24
   1.4205434e+02   5.9983678e-24
   1.4238192e+02   6.0005717e-24
   1.4271025e+02   6.0027691e-24
   1.4303934e+02   6.0049599e-24
   1.4336919e+02   6.0071442e-24
   1.4369980e+02   6.0093222e-24
   1.4403117e+02   6.0114937e-24
   1.4436331e+02   6.0136589e-24
   1.4469621e+02   6.0158178e-24
   1.4502988e+02   6.0179705e-24
   1.4536432e+02   6.0201169e-24
   1.4569954e+02   6.0222572e-24
   1.4603552e+02   6.0243914e-24
   1.4637228e+02   6.0265195e-24
   1.4670981e+02   6.0286415e-24
   1.4704813e+02   6.0307576e-24
   1.4738722e+02   6.0328677e-24
   1.4772710e+02   6.0349719e-24
   1.4806776e+02   6.0370703e-24
   1.4840920e+02   6.0391629e-24
   1.4875144e+02   6.0412497e-24
   1.4909446e+02   6.0433307e-24
   1.4943827e+02   6.0454061e-24
   1.4978288e+02   6.0474759e-24
   1.5012828e+02   6.0495400e-24
   1.5047447e+02   6.0515986e-24
   1.5082147e+02   6.0536517e-24
   1.5116927e+02   6.0556994e-24
   1.5151786e+02   6.0577416e-24
   1.5186726e+02   6.0597785e-24
   1.5221747e+02   6.0618100e-24
   1.5256849e+02   6.0638362e-24
   1.5292031e+02   6.0658572e-24
   1.5327295e+02   6.0678730e-24
   1.5362639e+02   6.0698837e-24
   1.5398066e+02   6.0718892e-24
   1.5433574e+02   6.0738897e-24
   1.5469164e+02   6.0758851e-24
   1.5504836e+02   6.0778756e-24
   1.5540590e+02   6.0798611e-24
   1.5576427e+02   6.0818417e-24
   1.5612346e+02   6.0838175e-24
   1.5648348e+02   6.0857885e-24
   1.5684434e+02   6.0877547e-24
   1.5720602e+02   6.0897162e-24
   1.5756854e+02   6.0916730e-24
   1.5793189e+02   6.0936251e-24
   1.5829608e+02   6.0955727e-24
   1.5866112e+02   6.0975157e-24
   1.5902699e+02   6.0994543e-24
   1.5939371e+02   6.1013883e-24
   1.5976127e+02   6.1033179e-24
   1.6012968e+02   6.1052432e-24
   1.6049894e+02   6.1071641e-24
   1.6086905e+02   6.1090808e-24
   1.6124002e+02   6.1109931e-24
   1.6161184e+02   6.1129013e-24
   1.6198452e+02   6.1148053e-24
   1.6235805e+02   6.1167052e-24
   1.6273245e+02   6.1186011e-24
   1.6310772e+02   6.1204928e-24
   1.6348384e+02   6.1223806e-24
   1.6386084e+02   6.1242645e-24
   1.6423870e+02   6.1261444e-24
   1.6461744e+02   6.1280205e-24
   1.6499705e+02   6.1298927e-24
   1.6537753e+02   6.1317612e-24
   1.6575889e+02   6.1336259e-24
   1.6614114e+02   6.1354869e-24
   1.6652426e+02   6.1373443e-24
   1.6690826e+02   6.1391981e-24
   1.6729316e+02   6.1410483e-24
   1.6767894e+02   6.1428950e-24
   1.6806560e+02   6.1447382e-24
   1.6845316e+02   6.1465779e-24
   1.6884162e+02   6.1484143e-24
   1.6923097e+02   6.1502473e-24
   1.6962122e+02   6.1520769e-24
   1.7001236e+02   6.1539033e-24
   1.7040441e+02   6.1557265e-24
   1.7079737e+02   6.1575465e-24
   1.7119123e+02   6.1593633e-24
   1.7158600e+02   6.1611771e-24
   1.7198168e+02   6.1629877e-24
   1.7237827e+02   6.1647954e-24
   1.7277577e+02   6.1666001e-24
   1.7317419e+02   6.1684018e-24
   1.7357354e+02   6.1702006e-24
   1.7397380e+02   6.1719966e-24
   1.7437498e+02   6.1737898e-24
   1.7477709e+02   6.1755802e-24
   1.7518013e+02   6.1773678e-24
   1.7558410e+02   6.1791528e-24
   1.7598899e+02   6.1809351e-24
   1.7639483e+02   6.1827149e-24
   1.7680159e+02   6.1844920e-24
   1.7720930e+02   6.1862667e-24
   1.7761795e+02   6.1880388e-24
   1.7802753e+02   6.1898086e-24
   1.7843807e+02   6.1915759e-24
   1.7884955e+02   6.1933409e-24
   1.7926198e+02   6.1951035e-24
   1.7967535e+02   6.1968639e-24
   1.8008969e+02   6.1986221e-24
   1.8050498e+02   6.2003780e-24
   1.8092122e+02   6.2021318e-24
   1.8133843e+02   6.2038835e-24
   1.8175659e+02   6.2056332e-24
   1.8217573e+02   6.2073808e-24
   1.8259583e+02   6.2091264e-24
   1.8301689e+02   6.2108701e-24
   1.8343893e+02   6.2126119e-24
   1.8386194e+02   6.2143518e-24
   1.8428593e+02   6.2160899e-24
   1.8471089e+02   6.2178262e-24
   1.8513684e+02   6.2195608e-24
   1.8556377e+02   6.2212936e-24
   1.8599168e+02   6.2230249e-24
   1.8642058e+02   6.2247545e-24
   1.8685046e+02   6.2264825e-24
   1.8728134e+02   6.2282090e-24
   1.8771321e+02   6.2299340e-24
   1.8814608e+02   6.2316576e-24
   1.8857995e+02   6.2333797e-24
   1.8901482e+02   6.2351005e-24
   1.8945068e+02   6.2368199e-24
   1.8988756e+02   6.2385381e-24
   1.9032544e+02   6.2402550e-24
   1.9076433e+02   6.2419707e-24
   1.9120424e+02   6.2436852e-24
   1.9164516e+02   6.2453986e-24
   1.9208709e+02   6.2471110e-24
   1.9253005e+02   6.2488222e-24
   1.9297402e+02   6.2505325e-24
   1.9341902e+02   6.2522418e-24
   1.9386505e+02   6.2539502e-24
   1.9431210e+02   6.2556577e-24
   1.9476019e+02   6.2573644e-24
   1.9520930e+02   6.2590702e-24
   1.9565946e+02   6.2607753e-24
   1.9611065e+02   6.2624797e-24
   1.9656288e+02   6.2641834e-24
   1.9701616e+02   6.2658865e-24
   1.9747048e+02   6.2675889e-24
   1.9792585e+02   6.2692909e-24
   1.9838227e+02   6.2709922e-24
   1.9883974e+02   6.2726931e-24
   1.9929826e+02   6.2743936e-24
   1.9975785e+02   6.2760937e-24
   2.0021849e+02   6.2777934e-24
   2.0068020e+02   6.2794928e-24
   2.0114297e+02   6.2811920e-24
   2.0160680e+02   6.2828909e-24
   2.0207171e+02   6.2845896e-24
   2.0253769e+02   6.2862881e-24
   2.0300474e+02   6.2879865e-24
   2.0347287e+02   6.2896849e-24
   2.0394208e+02   6.2913832e-24
   2.0441237e+02   6.2930816e-24
   2.0488375e+02   6.2947800e-24
   2.0535621e+02   6.2964784e-24
   2.0582977e+02   6.2981770e-24
   2.0630441e+02   6.2998758e-24
   2.0678015e+02   6.3015748e-24
   2.0725699e+02   6.3032740e-24
   2.0773492e+02   6.3049735e-24
   2.0821396e+02   6.3066734e-24
   2.0869411e+02   6.3083736e-24
   2.0917536e+02   6.3100742e-24
   2.0965772e+02   6.3117753e-24
   2.1014119e+02   6.3134769e-24
   2.1062578e+02   6.3151790e-24
   2.1111148e+02   6.3168817e-24
   2.1159831e+02   6.3185850e-24
   2.1208625e+02   6.3202889e-24
   2.1257533e+02   6.3219936e-24
   2.1306553e+02   6.3236989e-24
   2.1355686e+02   6.3254051e-24
   2.1404932e+02   6.3271120e-24
   2.1454292e+02   6.3288199e-24
   2.1503766e+02   6.3305286e-24
   2.1553354e+02   6.3322382e-24
   2.1603056e+02   6.3339488e-24
   2.1652873e+02   6.3356605e-24
   2.1702804e+02   6.3373732e-24
   2.1752851e+02   6.3390870e-24
   2.1803013e+02   6.3408019e-24
   2.1853291e+02   6.3425180e-24
   2.1903685e+02   6.3442353e-24
   2.1954195e+02   6.3459539e-24
   2.2004822e+02   6.3476738e-24
   2.2055565e+02   6.3493950e-24
   2.2106425e+02   6.3511176e-24
   2.2157403e+02   6.3528416e-24
   2.2208498e+02   6.3545671e-24
   2.2259711e+02   6.3562940e-24
   2.2311042e+02   6.3580226e-24
   2.2362491e+02   6.3597527e-24
   2.2414060e+02   6.3614844e-24
   2.2465747e+02   6.3632178e-24
   2.2517553e+02   6.3649529e-24
   2.2569478e+02   6.3666897e-24
   2.2621524e+02   6.3684283e-24
   2.2673689e+02   6.3701687e-24
   2.2725975e+02   6.3719111e-24
   2.2778381e+02   6.3736553e-24
   2.2830908e+02   6.3754014e-24
   2.2883556e+02   6.3771496e-24
   2.2936326e+02   6.3788997e-24
   2.2989217e+02   6.3806520e-24
   2.3042231e+02   6.3824063e-24
   2.3095366e+02   6.3841628e-24
   2.3148624e+02   6.3859215e-24
   2.3202005e+02   6.3876825e-24
   2.3255509e+02   6.3894457e-24
   2.3309137e+02   6.3912112e-24
   2.3362888e+02   6.3929790e-24
   2.3416763e+02   6.3947493e-24
   2.3470762e+02   6.3965220e-24
   2.3524886e+02   6.3982972e-24
   2.3579134e+02   6.4000748e-24
   2.3633508e+02   6.4018551e-24
   2.3688007e+02   6.4036379e-24
   2.3742632e+02   6.4054234e-24
   2.3797382e+02   6.4072116e-24
   2.3852259e+02   6.4090025e-24
   2.3907263e+02   6.4107961e-24
   2.3962393e+02   6.4125926e-24
   2.4017651e+02   6.4143919e-24
   2.4073036e+02   6.4161941e-24
   2.4128548e+02   6.4179992e-24
   2.4184189e+02   6.4198073e-24
   2.4239958e+02   6.4216184e-24
   2.4295855e+02   6.4234325e-24
   2.4351882e+02   6.4252498e-24
   2.4408037e+02   6.4270701e-24
   2.4464322e+02   6.4288937e-24
   2.4520737e+02   6.4307205e-24
   2.4577282e+02   6.4325505e-24
   2.4633958e+02   6.4343838e-24
   2.4690764e+02   6.4362205e-24
   2.4747701e+02   6.4380605e-24
   2.4804769e+02   6.4399040e-24
   2.4861969e+02   6.4417509e-24
   2.4919301e+02   6.4436014e-24
   2.4976765e+02   6.4454554e-24
   2.5034362e+02   6.4473130e-24
   2.5092091e+02   6.4491742e-24
   2.5149954e+02   6.4510391e-24
   2.5207950e+02   6.4529077e-24
   2.5266080e+02   6.4547801e-24
   2.5324343e+02   6.4566562e-24
   2.5382742e+02   6.4585362e-24
   2.5441274e+02   6.4604201e-24
   2.5499942e+02   6.4623080e-24
   2.5558745e+02   6.4641997e-24
   2.5617684e+02   6.4660955e-24
   2.5676758e+02   6.4679954e-24
   2.5735969e+02   6.4698993e-24
   2.5795317e+02   6.4718074e-24
   2.5854801e+02   6.4737197e-24
   2.5914422e+02   6.4756362e-24
   2.5974181e+02   6.4775569e-24
   2.6034078e+02   6.4794820e-24
   2.6094112e+02   6.4814114e-24
   2.6154286e+02   6.4833452e-24
   2.6214598e+02   6.4852834e-24
   2.6275049e+02   6.4872261e-24
   2.6335639e+02   6.4891733e-24
   2.6396369e+02   6.4911251e-24
   2.6457240e+02   6.4930815e-24
   2.6518250e+02   6.4950425e-24
   2.6579401e+02   6.4970082e-24
   2.6640694e+02   6.4989787e-24
   2.6702127e+02   6.5009539e-24
   2.6763703e+02   6.5029340e-24
   2.6825420e+02   6.5049189e-24
   2.6887280e+02   6.5069087e-24
   2.6949282e+02   6.5089034e-24
   2.7011427e+02   6.5109032e-24
   2.7073716e+02   6.5129080e-24
   2.7136148e+02   6.5149179e-24
   2.7198724e+02   6.5169328e-24
   2.7261444e+02   6.5189530e-24
   2.7324310e+02   6.5209784e-24
   2.7387320e+02   6.5230090e-24
   2.7450475e+02   6.5250449e-24
   2.7513776e+02   6.5270861e-24
   2.7577223e+02   6.5291327e-24
   2.7640816e+02   6.5311848e-24
   2.7704556e+02   6.5332423e-24
   2.7768443e+02   6.5353054e-24
   2.7832477e+02   6.5373740e-24
   2.7896659e+02   6.5394482e-24
   2.7960989e+02   6.5415280e-24
   2.8025467e+02   6.5436135e-24
   2.8090094e+02   6.5457048e-24
   2.8154870e+02   6.5478019e-24
   2.8219796e+02   6.5499047e-24
   2.8284871e+02   6.5520135e-24
   2.8350096e+02   6.5541281e-24
   2.8415471e+02   6.5562487e-24
   2.8480998e+02   6.5583753e-24
   2.8546675e+02   6.5605080e-24
   2.8612504e+02   6.5626467e-24
   2.8678485e+02   6.5647916e-24
   2.8744617e+02   6.5669427e-24
   2.8810903e+02   6.5691000e-24
   2.8877341e+02   6.5712635e-24
   2.8943932e+02   6.5734334e-24
   2.9010677e+02   6.5756096e-24
   2.9077576e+02   6.5777923e-24
   2.9144629e+02   6.5799813e-24
   2.9211837e+02   6.5821769e-24
   2.9279200e+02   6.5843790e-24
   2.9346718e+02   6.5865878e-24
   2.9414391e+02   6.5888031e-24
   2.9482221e+02   6.5910251e-24
   2.9550207e+02   6.5932539e-24
   2.9618350e+02   6.5954894e-24
   2.9686651e+02   6.5977317e-24
   2.9755108e+02   6.5999809e-24
   2.9823724e+02   6.6022370e-24
   2.9892498e+02   6.6045000e-24
   2.9961430e+02   6.6067701e-24
   3.0030521e+02   6.6090471e-24
   3.0099772e+02   6.6113313e-24
   3.0169182e+02   6.6136227e-24
   3.0238752e+02   6.6159212e-24
   3.0308483e+02   6.6182269e-24
   3.0378375e+02   6.6205399e-24
   3.0448428e+02   6.6228602e-24
   3.0518642e+02   6.6251879e-24
   3.0589018e+02   6.6275231e-24
   3.0659557e+02   6.6298657e-24
   3.0730258e+02   6.6322158e-24
   3.0801122e+02   6.6345734e-24
   3.0872150e+02   6.6369387e-24
   3.0943341e+02   6.6393116e-24
   3.1014697e+02   6.6416922e-24
   3.1086217e+02   6.6440806e-24
   3.1157902e+02   6.6464767e-24
   3.1229752e+02   6.6488808e-24
   3.1301768e+02   6.6512926e-24
   3.1373950e+02   6.6537125e-24
   3.1446299e+02   6.6561403e-24
   3.1518814e+02   6.6585761e-24
   3.1591497e+02   6.6610201e-24
   3.1664347e+02   6.6634721e-24
   3.1737365e+02   6.6659324e-24
   3.1810552e+02   6.6684009e-24
   3.1883907e+02   6.6708776e-24
   3.1957432e+02   6.6733627e-24
   3.2031126e+02   6.6758561e-24
   3.2104990e+02   6.6783580e-24
   3.2179024e+02   6.6808683e-24
   3.2253229e+02   6.6833871e-24
   3.2327606e+02   6.6859145e-24
   3.2402153e+02   6.6884506e-24
   3.2476873e+02   6.6909952e-24
   3.2551765e+02   6.6935486e-24
   3.2626829e+02   6.6961108e-24
   3.2702067e+02   6.6986818e-24
   3.2777478e+02   6.7012616e-24
   3.2853063e+02   6.7038504e-24
   3.2928823e+02   6.7064481e-24
   3.3004757e+02   6.7090548e-24
   3.3080866e+02   6.7116706e-24
   3.3157151e+02   6.7142955e-24
   3.3233612e+02   6.7169295e-24
   3.3310249e+02   6.7195728e-24
   3.3387062e+02   6.7222253e-24
   3.3464053e+02   6.7248871e-24
   3.3541221e+02   6.7275583e-24
   3.3618568e+02   6.7302389e-24
   3.3696092e+02   6.7329290e-24
   3.3773796e+02   6.7356286e-24
   3.3851679e+02   6.7383377e-24
   3.3929741e+02   6.7410565e-24
   3.4007983e+02   6.7437849e-24
   3.4086406e+02   6.7465230e-24
   3.4165009e+02   6.7492709e-24
   3.4243794e+02   6.7520287e-24
   3.4322760e+02   6.7547963e-24
   3.4401909e+02   6.7575738e-24
   3.4481240e+02   6.7603613e-24
   3.4560754e+02   6.7631588e-24
   3.4640451e+02   6.7659664e-24
   3.4720333e+02   6.7687841e-24
   3.4800398e+02   6.7716120e-24
   3.4880648e+02   6.7744501e-24
   3.4961083e+02   6.7772985e-24
   3.5041703e+02   6.7801573e-24
   3.5122510e+02   6.7830264e-24
   3.5203503e+02   6.7859060e-24
   3.5284682e+02   6.7887961e-24
   3.5366049e+02   6.7916967e-24
   3.5447603e+02   6.7946079e-24
   3.5529346e+02   6.7975298e-24
   3.5611277e+02   6.8004624e-24
   3.5693397e+02   6.8034057e-24
   3.5775706e+02   6.8063599e-24
   3.5858205e+02   6.8093249e-24
   3.5940894e+02   6.8123008e-24
   3.6023774e+02   6.8152877e-24
   3.6106845e+02   6.8182857e-24
   3.6190108e+02   6.8212947e-24
   3.6273563e+02   6.8243149e-24
   3.6357210e+02   6.8273462e-24
   3.6441050e+02   6.8303888e-24
   3.6525083e+02   6.8334427e-24
   3.6609310e+02   6.8365079e-24
   3.6693731e+02   6.8395846e-24
   3.6778347e+02   6.8426727e-24
   3.6863159e+02   6.8457723e-24
   3.6948165e+02   6.8488835e-24
   3.7033368e+02   6.8520063e-24
   3.7118767e+02   6.8551408e-24
   3.7204364e+02   6.8582870e-24
   3.7290157e+02   6.8614450e-24
   3.7376148e+02   6.8646149e-24
   3.7462338e+02   6.8677967e-24
   3.7548727e+02   6.8709904e-24
   3.7635314e+02   6.8741962e-24
   3.7722102e+02   6.8774140e-24
   3.7809089e+02   6.8806439e-24
   3.7896277e+02   6.8838860e-24
   3.7983666e+02   6.8871404e-24
   3.8071257e+02   6.8904071e-24
   3.8159049e+02   6.8936861e-24
   3.8247044e+02   6.8969775e-24
   3.8335242e+02   6.9002814e-24
   3.8423644e+02   6.9035978e-24
   3.8512249e+02   6.9069268e-24
   3.8601059e+02   6.9102684e-24
   3.8690073e+02   6.9136228e-24
   3.8779292e+02   6.9169898e-24
   3.8868718e+02   6.9203697e-24
   3.8958349e+02   6.9237625e-24
   3.9048188e+02   6.9271682e-24
   3.9138233e+02   6.9305868e-24
   3.9228486e+02   6.9340186e-24
   3.9318947e+02   6.9374634e-24
   3.9409617e+02   6.9409214e-24
   3.9500496e+02   6.9443926e-24
   3.9591584e+02   6.9478771e-24
   3.9682883e+02   6.9513749e-24
   3.9774392e+02   6.9548861e-24
   3.9866112e+02   6.9584108e-24
   3.9958044e+02   6.9619490e-24
   4.0050187e+02   6.9655007e-24
   4.0142543e+02   6.9690662e-24
   4.0235112e+02   6.9726453e-24
   4.0327895e+02   6.9762381e-24
   4.0420891e+02   6.9798448e-24
   4.0514102e+02   6.9834654e-24
   4.0607528e+02   6.9870999e-24
   4.0701169e+02   6.9907485e-24
   4.0795026e+02   6.9944111e-24
   4.0889100e+02   6.9980878e-24
   4.0983390e+02   7.0017787e-24
   4.1077898e+02   7.0054839e-24
   4.1172624e+02   7.0092034e-24
   4.1267569e+02   7.0129373e-24
   4.1362732e+02   7.0166856e-24
   4.1458115e+02   7.0204484e-24
   4.1553718e+02   7.0242258e-24
   4.1649541e+02   7.0280179e-24
   4.1745585e+02   7.0318246e-24
   4.1841851e+02   7.0356462e-24
   4.1938338e+02   7.0394826e-24
   4.2035048e+02   7.0433338e-24
   4.2131982e+02   7.0472001e-24
   4.2229138e+02   7.0510814e-24
   4.2326519e+02   7.0549778e-24
   4.2424124e+02   7.0588894e-24
   4.2521955e+02   7.0628163e-24
   4.2620010e+02   7.0667585e-24
   4.2718293e+02   7.0707161e-24
   4.2816801e+02   7.0746892e-24
   4.2915537e+02   7.0786778e-24
   4.3014501e+02   7.0826820e-24
   4.3113692e+02   7.0867020e-24
   4.3213113e+02   7.0907378e-24
   4.3312763e+02   7.0947894e-24
   4.3412642e+02   7.0988570e-24
   4.3512752e+02   7.1029407e-24
   4.3613093e+02   7.1070405e-24
   4.3713665e+02   7.1111565e-24
   4.3814469e+02   7.1152889e-24
   4.3915506e+02   7.1194378e-24
   4.4016775e+02   7.1236031e-24
   4.4118278e+02   7.1277852e-24
   4.4220015e+02   7.1319840e-24
   4.4321987e+02   7.1361998e-24
   4.4424194e+02   7.1404327e-24
   4.4526636e+02   7.1446827e-24
   4.4629315e+02   7.1489502e-24
   4.4732231e+02   7.1532353e-24
   4.4835383e+02   7.1575381e-24
   4.4938774e+02   7.1618589e-24
   4.5042403e+02   7.1661981e-24
   4.5146271e+02   7.1705557e-24
   4.5250379e+02   7.1749324e-24
   4.5354727e+02   7.1793283e-24
   4.5459315e+02   7.1837440e-24
   4.5564145e+02   7.1881800e-24
   4.5669216e+02   7.1926370e-24
   4.5774529e+02   7.1971158e-24
   4.5880086e+02   7.2016174e-24
   4.5985886e+02   7.2061431e-24
   4.6091930e+02   7.2106944e-24
   4.6198218e+02   7.2152734e-24
   4.6304751e+02   7.2198828e-24
   4.6411530e+02   7.2245260e-24
   4.6518556e+02   7.2292079e-24
   4.6625828e+02   7.2339353e-24
   4.6733347e+02   7.2387177e-24
   4.6841115e+02   7.2435692e-24
   4.6949131e+02   7.2485112e-24
   4.7057396e+02   7.2535774e-24
   4.7165911e+02   7.2588240e-24
   4.7274676e+02   7.2643497e-24
   4.7383691e+02   7.2703419e-24
   4.7492958e+02   7.2771932e-24
   4.7602478e+02   7.2858459e-24
   4.7712249e+02   7.2990640e-24
   4.7822274e+02   7.3281705e-24
   4.7932553e+02   7.4676577e-24
   4.8043085e+02   4.1124134e-23
   4.8153873e+02   7.4486405e-24
   4.8264916e+02   7.3423864e-24
   4.8376216e+02   7.3257905e-24
   4.8487772e+02   7.3230898e-24
   4.8599585e+02   7.3244782e-24
   4.8711656e+02   7.3274964e-24
   4.8823985e+02   7.3312958e-24
   4.8936574e+02   7.3355205e-24
   4.9049422e+02   7.3400003e-24
   4.9162530e+02   7.3446456e-24
   4.9275899e+02   7.3494056e-24
   4.9389530e+02   7.3542497e-24
   4.9503423e+02   7.3591588e-24
   4.9617578e+02   7.3641203e-24
   4.9731996e+02   7.3691258e-24
   4.9846679e+02   7.3741693e-24
   4.9961626e+02   7.3792467e-24
   5.0076837e+02   7.3843550e-24
   5.0192315e+02   7.3894920e-24
   5.0308059e+02   7.3946559e-24
   5.0424070e+02   7.3998456e-24
   5.0540348e+02   7.4050600e-24
   5.0656894e+02   7.4102985e-24
   5.0773710e+02   7.4155605e-24
   5.0890794e+02   7.4208455e-24
   5.1008149e+02   7.4261532e-24
   5.1125774e+02   7.4314833e-24
   5.1243670e+02   7.4368357e-24
   5.1361839e+02   7.4422101e-24
   5.1480279e+02   7.4476064e-24
   5.1598993e+02   7.4530246e-24
   5.1717981e+02   7.4584646e-24
   5.1837243e+02   7.4639263e-24
   5.1956780e+02   7.4694097e-24
   5.2076593e+02   7.4749148e-24
   5.2196682e+02   7.4804417e-24
   5.2317048e+02   7.4859902e-24
   5.2437691e+02   7.4915605e-24
   5.2558613e+02   7.4971526e-24
   5.2679814e+02   7.5027664e-24
   5.2801294e+02   7.5084021e-24
   5.2923054e+02   7.5140596e-24
   5.3045095e+02   7.5197391e-24
   5.3167417e+02   7.5254406e-24
   5.3290022e+02   7.5311640e-24
   5.3412909e+02   7.5369096e-24
   5.3536079e+02   7.5426773e-24
   5.3659534e+02   7.5484672e-24
   5.3783273e+02   7.5542793e-24
   5.3907298e+02   7.5601138e-24
   5.4031609e+02   7.5659706e-24
   5.4156206e+02   7.5718499e-24
   5.4281090e+02   7.5777517e-24
   5.4406263e+02   7.5836761e-24
   5.4531724e+02   7.5896231e-24
   5.4657475e+02   7.5955929e-24
   5.4783515e+02   7.6015854e-24
   5.4909847e+02   7.6076009e-24
   5.5036469e+02   7.6136392e-24
   5.5163384e+02   7.6197005e-24
   5.5290591e+02   7.6257850e-24
   5.5418091e+02   7.6318925e-24
   5.5545886e+02   7.6380233e-24
   5.5673975e+02   7.6441774e-24
   5.5802360e+02   7.6503549e-24
   5.5931040e+02   7.6565558e-24
   5.6060018e+02   7.6627802e-24
   5.6189293e+02   7.6690282e-24
   5.6318866e+02   7.6752999e-24
   5.6448737e+02   7.6815953e-24
   5.6578909e+02   7.6879146e-24
   5.6709380e+02   7.6942578e-24
   5.6840152e+02   7.7006249e-24
   5.6971226e+02   7.7070161e-24
   5.7102602e+02   7.7134314e-24
   5.7234281e+02   7.7198709e-24
   5.7366264e+02   7.7263347e-24
   5.7498551e+02   7.7328229e-24
   5.7631143e+02   7.7393355e-24
   5.7764041e+02   7.7458726e-24
   5.7897245e+02   7.7524343e-24
   5.8030757e+02   7.7590207e-24
   5.8164576e+02   7.7656319e-24
   5.8298704e+02   7.7722679e-24
   5.8433141e+02   7.7789288e-24
   5.8567889e+02   7.7856147e-24
   5.8702947e+02   7.7923256e-24
   5.8838316e+02   7.7990618e-24
   5.8973998e+02   7.8058231e-24
   5.9109992e+02   7.8126098e-24
   5.9246300e+02   7.8194218e-24
   5.9382923e+02   7.8262593e-24
   5.9519860e+02   7.8331224e-24
   5.9657113e+02   7.8400111e-24
   5.9794683e+02   7.8469255e-24
   5.9932570e+02   7.8538657e-24
   6.0070775e+02   7.8608318e-24
   6.0209299e+02   7.8678239e-24
   6.0348142e+02   7.8748420e-24
   6.0487305e+02   7.8818862e-24
   6.0626789e+02   7.8889566e-24
   6.0766595e+02   7.8960533e-24
   6.0906723e+02   7.9031763e-24
   6.1047175e+02   7.9103258e-24
   6.1187950e+02   7.9175018e-24
   6.1329050e+02   7.9247045e-24
   6.1470475e+02   7.9319338e-24
   6.1612226e+02   7.9391899e-24
   6.1754305e+02   7.9464729e-24
   6.1896711e+02   7.9537828e-24
   6.2039445e+02   7.9611198e-24
   6.2182508e+02   7.9684838e-24
   6.2325902e+02   7.9758751e-24
   6.2469626e+02   7.9832936e-24
   6.2613681e+02   7.9907395e-24
   6.2758069e+02   7.9982128e-24
   6.2902789e+02   8.0057137e-24
   6.3047844e+02   8.0132422e-24
   6.3193232e+02   8.0207983e-24
   6.3338957e+02   8.0283823e-24
   6.3485017e+02   8.0359941e-24
   6.3631414e+02   8.0436339e-24
   6.3778148e+02   8.0513016e-24
   6.3925221e+02   8.0589976e-24
   6.4072633e+02   8.0667217e-24
   6.4220385e+02   8.0744741e-24
   6.4368478e+02   8.0822549e-24
   6.4516912e+02   8.0900641e-24
   6.4665688e+02   8.0979019e-24
   6.4814808e+02   8.1057683e-24
   6.4964271e+02   8.1136635e-24
   6.5114080e+02   8.1215874e-24
   6.5264233e+02   8.1295402e-24
   6.5414733e+02   8.1375220e-24
   6.5565580e+02   8.1455329e-24
   6.5716775e+02   8.1535729e-24
   6.5868318e+02   8.1616421e-24
   6.6020211e+02   8.1697407e-24
   6.6172454e+02   8.1778687e-24
   6.6325048e+02   8.1860262e-24
   6.6477994e+02   8.1942132e-24
   6.6631293e+02   8.2024299e-24
   6.6784945e+02   8.2106764e-24
   6.6938952e+02   8.2189527e-24
   6.7093314e+02   8.2272590e-24
   6.7248031e+02   8.2355953e-24
   6.7403106e+02   8.2439616e-24
   6.7558538e+02   8.2523582e-24
   6.7714328e+02   8.2607851e-24
   6.7870478e+02   8.2692423e-24
   6.8026988e+02   8.2777300e-24
   6.8183859e+02   8.2862482e-24
   6.8341091e+02   8.2947971e-24
   6.8498686e+02   8.3033767e-24
   6.8656645e+02   8.3119871e-24
   6.8814967e+02   8.3206284e-24
   6.8973655e+02   8.3293007e-24
   6.9132709e+02   8.3380041e-24
   6.9292130e+02   8.3467387e-24
   6.9451918e+02   8.3555045e-24
   6.9612074e+02   8.3643017e-24
   6.9772600e+02   8.3731303e-24
   6.9933497e+02   8.3819904e-24
   7.0094764e+02   8.3908822e-24
   7.0256403e+02   8.3998057e-24
   7.0418415e+02   8.4087609e-24
   7.0580800e+02   8.4177481e-24
   7.0743560e+02   8.4267672e-24
   7.0906695e+02   8.4358185e-24
   7.1070206e+02   8.4449018e-24
   7.1234095e+02   8.4540175e-24
   7.1398361e+02   8.4631654e-24
   7.1563006e+02   8.4723459e-24
   7.1728031e+02   8.4815588e-24
   7.1893437e+02   8.4908044e-24
   7.2059223e+02   8.5000826e-24
   7.2225393e+02   8.5093937e-24
   7.2391945e+02   8.5187377e-24
   7.2558881e+02   8.5281146e-24
   7.2726203e+02   8.5375247e-24
   7.2893910e+02   8.5469679e-24
   7.3062004e+02   8.5564443e-24
   7.3230485e+02   8.5659541e-24
   7.3399355e+02   8.5754974e-24
   7.3568615e+02   8.5850742e-24
   7.3738265e+02   8.5946846e-24
   7.3908306e+02   8.6043288e-24
   7.4078739e+02   8.6140068e-24
   7.4249565e+02   8.6237187e-24
   7.4420785e+02   8.6334646e-24
   7.4592400e+02   8.6432446e-24
   7.4764410e+02   8.6530588e-24
   7.4936818e+02   8.6629072e-24
   7.5109623e+02   8.6727901e-24
   7.5282826e+02   8.6827074e-24
   7.5456429e+02   8.6926593e-24
   7.5630432e+02   8.7026459e-24
   7.5804836e+02   8.7126672e-24
   7.5979643e+02   8.7227233e-24
   7.6154852e+02   8.7328144e-24
   7.6330466e+02   8.7429406e-24
   7.6506485e+02   8.7531019e-24
   7.6682909e+02   8.7632984e-24
   7.6859741e+02   8.7735302e-24
   7.7036980e+02   8.7837975e-24
   7.7214628e+02   8.7941003e-24
   7.7392685e+02   8.8044387e-24
   7.7571153e+02   8.8148128e-24
   7.7750033e+02   8.8252226e-24
   7.7929325e+02   8.8356684e-24
   7.8109031e+02   8.8461502e-24
   7.8289151e+02   8.8566681e-24
   7.8469686e+02   8.8672222e-24
   7.8650638e+02   8.8778125e-24
   7.8832007e+02   8.8884393e-24
   7.9013794e+02   8.8991025e-24
   7.9196000e+02   8.9098022e-24
   7.9378627e+02   8.9205387e-24
   7.9561675e+02   8.9313119e-24
   7.9745144e+02   8.9421220e-24
   7.9929037e+02   8.9529690e-24
   8.0113354e+02   8.9638531e-24
   8.0298096e+02   8.9747744e-24
   8.0483264e+02   8.9857329e-24
   8.0668859e+02   8.9967288e-24
   8.0854882e+02   9.0077621e-24
   8.1041334e+02   9.0188329e-24
   8.1228216e+02   9.0299414e-24
   8.1415529e+02   9.0410877e-24
   8.1603274e+02   9.0522718e-24
   8.1791452e+02   9.0634938e-24
   8.1980064e+02   9.0747539e-24
   8.2169110e+02   9.0860521e-24
   8.2358593e+02   9.0973886e-24
   8.2548512e+02   9.1087634e-24
   8.2738870e+02   9.1201766e-24
   8.2929666e+02   9.1316284e-24
   8.3120903e+02   9.1431188e-24
   8.3312580e+02   9.1546479e-24
   8.3504700e+02   9.1662159e-24
   8.3697262e+02   9.1778228e-24
   8.3890269e+02   9.1894687e-24
   8.4083720e+02   9.2011538e-24
   8.4277618e+02   9.2128781e-24
   8.4471963e+02   9.2246418e-24
   8.4666756e+02   9.2364448e-24
   8.4861998e+02   9.2482875e-24
   8.5057690e+02   9.2601697e-24
   8.5253834e+02   9.2720917e-24
   8.5450430e+02   9.2840536e-24
   8.5647479e+02   9.2960554e-24
   8.5844983e+02   9.3080972e-24
   8.6042942e+02   9.3201792e-24
   8.6241358e+02   9.3323014e-24
   8.6440231e+02   9.3444640e-24
   8.6639563e+02   9.3566670e-24
   8.6839354e+02   9.3689106e-24
   8.7039607e+02   9.3811948e-24
   8.7240321e+02   9.3935198e-24
   8.7441498e+02   9.4058857e-24
   8.7643138e+02   9.4182925e-24
   8.7845244e+02   9.4307404e-24
   8.8047816e+02   9.4432294e-24
   8.8250855e+02   9.4557598e-24
   8.8454362e+02   9.4683315e-24
   8.8658338e+02   9.4809447e-24
   8.8862785e+02   9.4935995e-24
   8.9067703e+02   9.5062960e-24
   8.9273094e+02   9.5190342e-24
   8.9478959e+02   9.5318144e-24
   8.9685298e+02   9.5446366e-24
   8.9892113e+02   9.5575009e-24
   9.0099405e+02   9.5704074e-24
   9.0307175e+02   9.5833563e-24
   9.0515424e+02   9.5963476e-24
   9.0724153e+02   9.6093814e-24
   9.0933364e+02   9.6224579e-24
   9.1143057e+02   9.6355772e-24
   9.1353233e+02   9.6487393e-24
   9.1563894e+02   9.6619445e-24
   9.1775041e+02   9.6751927e-24
   9.1986675e+02   9.6884842e-24
   9.2198797e+02   9.7018191e-24
   9.2411408e+02   9.7151974e-24
   9.2624510e+02   9.7286194e-24
   9.2838103e+02   9.7420851e-24
   9.3052188e+02   9.7555948e-24
   9.3266767e+02   9.7691487e-24
   9.3481841e+02   9.7827469e-24
   9.3697411e+02   9.7963898e-24
   9.3913478e+02   9.8100778e-24
   9.4130043e+02   9.8238114e-24
   9.4347108e+02   9.8375915e-24
   9.4564673e+02   9.8514195e-24
   9.4782740e+02   9.8652980e-24
   9.5001309e+02   9.8792327e-24
   9.5220383e+02   9.8932365e-24
   9.5439962e+02   9.9073487e-24
   9.5660047e+02   9.9217353e-24
   9.5880640e+02   9.9379279e-24
   9.6101742e+02   1.0123991e-23
   9.6323353e+02   9.9652224e-24
   9.6545475e+02   9.9782050e-24
   9.6768110e+02   9.9922179e-24
   9.6991258e+02   1.0006438e-23
   9.7214920e+02   1.0020754e-23
   9.7439099e+02   1.0035134e-23
   9.7663794e+02   1.0049570e-23
   9.7889008e+02   1.0064057e-23
   9.8114740e+02   1.0078593e-23
   9.8340994e+02   1.0093177e-23
   9.8567769e+02   1.0107808e-23
   9.8795067e+02   1.0122487e-23
   9.9022889e+02   1.0137213e-23
   9.9251237e+02   1.0151987e-23
   9.9480111e+02   1.0166807e-23
   9.9709513e+02   1.0181674e-23
   9.9939443e+02   1.0196589e-23
   1.0016990e+03   1.0211551e-23
   1.0040090e+03   1.0226561e-23
   1.0063242e+03   1.0241617e-23
   1.0086448e+03   1.0256722e-23
   1.0109708e+03   1.0271874e-23
   1.0133021e+03   1.0287074e-23
   1.0156387e+03   1.0302321e-23
   1.0179808e+03   1.0317617e-23
   1.0203283e+03   1.0332961e-23
   1.0226812e+03   1.0348353e-23
   1.0250395e+03   1.0363793e-23
   1.0274032e+03   1.0379281e-23
   1.0297724e+03   1.0394819e-23
   1.0321471e+03   1.0410404e-23
   1.0345272e+03   1.0426039e-23
   1.0369129e+03   1.0441722e-23
   1.0393040e+03   1.0457454e-23
   1.0417006e+03   1.0473236e-23
   1.0441028e+03   1.0489066e-23
   1.0465105e+03   1.0504946e-23
   1.0489238e+03   1.0520875e-23
   1.0513426e+03   1.0536854e-23
   1.0537670e+03   1.0552882e-23
   1.0561970e+03   1.0568961e-23
   1.0586326e+03   1.0585089e-23
   1.0610738e+03   1.0601267e-23
   1.0635207e+03   1.0617495e-23
   1.0659731e+03   1.0633773e-23
   1.0684313e+03   1.0650102e-23
   1.0708951e+03   1.0666481e-23
   1.0733646e+03   1.0682910e-23
   1.0758398e+03   1.0699391e-23
   1.0783207e+03   1.0715922e-23
   1.0808073e+03   1.0732504e-23
   1.0832996e+03   1.0749137e-23
   1.0857977e+03   1.0765821e-23
   1.0883016e+03   1.0782557e-23
   1.0908112e+03   1.0799343e-23
   1.0933266e+03   1.0816182e-23
   1.0958479e+03   1.0833072e-23
   1.0983749e+03   1.0850013e-23
   1.1009078e+03   1.0867007e-23
   1.1034465e+03   1.0884052e-23
   1.1059910e+03   1.0901150e-23
   1.1085414e+03   1.0918300e-23
   1.1110977e+03   1.0935502e-23
   1.1136599e+03   1.0952756e-23
   1.1162281e+03   1.0970063e-23
   1.1188021e+03   1.0987423e-23
   1.1213820e+03   1.1004835e-23
   1.1239680e+03   1.1022301e-23
   1.1265598e+03   1.1039819e-23
   1.1291577e+03   1.1057391e-23
   1.1317615e+03   1.1075016e-23
   1.1343714e+03   1.1092694e-23
   1.1369873e+03   1.1110426e-23
   1.1396092e+03   1.1128211e-23
   1.1422371e+03   1.1146051e-23
   1.1448711e+03   1.1163944e-23
   1.1475112e+03   1.1181891e-23
   1.1501574e+03   1.1199892e-23
   1.1528096e+03   1.1217947e-23
   1.1554680e+03   1.1236057e-23
   1.1581325e+03   1.1254221e-23
   1.1608032e+03   1.1272440e-23
   1.1634800e+03   1.1290714e-23
   1.1661630e+03   1.1309042e-23
   1.1688522e+03   1.1327426e-23
   1.1715476e+03   1.1345864e-23
   1.1742492e+03   1.1364358e-23
   1.1769570e+03   1.1382907e-23
   1.1796711e+03   1.1401512e-23
   1.1823914e+03   1.1420172e-23
   1.1851180e+03   1.1438888e-23
   1.1878509e+03   1.1457660e-23
   1.1905901e+03   1.1476487e-23
   1.1933356e+03   1.1495371e-23
   1.1960875e+03   1.1514311e-23
   1.1988456e+03   1.1533307e-23
   1.2016102e+03   1.1552360e-23
   1.2043811e+03   1.1571469e-23
   1.2071584e+03   1.1590636e-23
   1.2099421e+03   1.1609859e-23
   1.2127323e+03   1.1629138e-23
   1.2155288e+03   1.1648475e-23
   1.2183319e+03   1.1667870e-23
   1.2211413e+03   1.1687321e-23
   1.2239573e+03   1.1706830e-23
   1.2267798e+03   1.1726397e-23
   1.2296087e+03   1.1746021e-23
   1.2324442e+03   1.1765703e-23
   1.2352862e+03   1.1785444e-23
   1.2381348e+03   1.1805242e-23
   1.2409900e+03   1.1825098e-23
   1.2438517e+03   1.1845013e-23
   1.2467200e+03   1.1864987e-23
   1.2495950e+03   1.1885019e-23
   1.2524766e+03   1.1905110e-23
   1.2553648e+03   1.1925259e-23
   1.2582597e+03   1.1945468e-23
   1.2611612e+03   1.1965736e-23
   1.2640695e+03   1.1986063e-23
   1.2669844e+03   1.2006449e-23
   1.2699061e+03   1.2026895e-23
   1.2728345e+03   1.2047401e-23
   1.2757697e+03   1.2067966e-23
   1.2787116e+03   1.2088592e-23
   1.2816603e+03   1.2109277e-23
   1.2846158e+03   1.2130023e-23
   1.2875782e+03   1.2150829e-23
   1.2905473e+03   1.2171695e-23
   1.2935233e+03   1.2192622e-23
   1.2965062e+03   1.2213610e-23
   1.2994960e+03   1.2234659e-23
   1.3024926e+03   1.2255768e-23
   1.3054962e+03   1.2276939e-23
   1.3085067e+03   1.2298171e-23
   1.3115241e+03   1.2319464e-23
   1.3145485e+03   1.2340819e-23
   1.3175798e+03   1.2362235e-23
   1.3206182e+03   1.2383713e-23
   1.3236635e+03   1.2405254e-23
   1.3267159e+03   1.2426856e-23
   1.3297753e+03   1.2448520e-23
   1.3328418e+03   1.2470247e-23
   1.3359154e+03   1.2492036e-23
   1.3389960e+03   1.2513888e-23
   1.3420837e+03   1.2535802e-23
   1.3451786e+03   1.2557780e-23
   1.3482806e+03   1.2579820e-23
   1.3513897e+03   1.2601923e-23
   1.3545060e+03   1.2624090e-23
   1.3576295e+03   1.2646320e-23
   1.3607602e+03   1.2668614e-23
   1.3638982e+03   1.2690972e-23
   1.3670433e+03   1.2713393e-23
   1.3701957e+03   1.2735878e-23
   1.3733554e+03   1.2758428e-23
   1.3765224e+03   1.2781041e-23
   1.3796966e+03   1.2803719e-23
   1.3828782e+03   1.2826462e-23
   1.3860672e+03   1.2849269e-23
   1.3892634e+03   1.2872141e-23
   1.3924671e+03   1.2895078e-23
   1.3956781e+03   1.2918080e-23
   1.3988966e+03   1.2941147e-23
   1.4021224e+03   1.2964280e-23
   1.4053558e+03   1.2987478e-23
   1.4085965e+03   1.3010742e-23
   1.4118448e+03   1.3034072e-23
   1.4151005e+03   1.3057468e-23
   1.4183637e+03   1.3080930e-23
   1.4216345e+03   1.3104459e-23
   1.4249128e+03   1.3128055e-23
   1.4281986e+03   1.3151719e-23
   1.4314921e+03   1.3175455e-23
   1.4347931e+03   1.3199272e-23
   1.4381017e+03   1.3223273e-23
   1.4414180e+03   1.3272478e-23
   1.4447419e+03   1.3271144e-23
   1.4480735e+03   1.3295111e-23
   1.4514128e+03   1.3319222e-23
   1.4547598e+03   1.3343413e-23
   1.4581144e+03   1.3367675e-23
   1.4614769e+03   1.3392007e-23
   1.4648470e+03   1.3416407e-23
   1.4682250e+03   1.3440876e-23
   1.4716107e+03   1.3465414e-23
   1.4750043e+03   1.3490020e-23
   1.4784056e+03   1.3514695e-23
   1.4818149e+03   1.3539439e-23
   1.4852319e+03   1.3564252e-23
   1.4886569e+03   1.3589135e-23
   1.4920897e+03   1.3614086e-23
   1.4955305e+03   1.3639107e-23
   1.4989792e+03   1.3664197e-23
   1.5024359e+03   1.3689357e-23
   1.5059005e+03   1.3714587e-23
   1.5093731e+03   1.3739887e-23
   1.5128538e+03   1.3765258e-23
   1.5163424e+03   1.3790698e-23
   1.5198391e+03   1.3816209e-23
   1.5233439e+03   1.3841791e-23
   1.5268567e+03   1.3867443e-23
   1.5303776e+03   1.3893167e-23
   1.5339067e+03   1.3918961e-23
   1.5374439e+03   1.3944827e-23
   1.5409893e+03   1.3970764e-23
   1.5445428e+03   1.3996772e-23
   1.5481045e+03   1.4022852e-23
   1.5516745e+03   1.4049004e-23
   1.5552526e+03   1.4075228e-23
   1.5588391e+03   1.4101524e-23
   1.5624338e+03   1.4127893e-23
   1.5660367e+03   1.4154334e-23
   1.5696480e+03   1.4180847e-23
   1.5732677e+03   1.4207433e-23
   1.5768956e+03   1.4234093e-23
   1.5805320e+03   1.4260825e-23
   1.5841767e+03   1.4287630e-23
   1.5878298e+03   1.4314509e-23
   1.5914913e+03   1.4341462e-23
   1.5951613e+03   1.4368488e-23
   1.5988398e+03   1.4395588e-23
   1.6025267e+03   1.4422762e-23
   1.6062222e+03   1.4450010e-23
   1.6099261e+03   1.4477332e-23
   1.6136386e+03   1.4504729e-23
   1.6173597e+03   1.4532201e-23
   1.6210893e+03   1.4559747e-23
   1.6248276e+03   1.4587369e-23
   1.6285744e+03   1.4615065e-23
   1.6323300e+03   1.4642837e-23
   1.6360941e+03   1.4670684e-23
   1.6398670e+03   1.4698607e-23
   1.6436485e+03   1.4726606e-23
   1.6474388e+03   1.4754680e-23
   1.6512378e+03   1.4782831e-23
   1.6550456e+03   1.4811058e-23
   1.6588621e+03   1.4839361e-23
   1.6626874e+03   1.4867741e-23
   1.6665216e+03   1.4896198e-23
   1.6703646e+03   1.4924731e-23
   1.6742165e+03   1.4953342e-23
   1.6780773e+03   1.4982030e-23
   1.6819469e+03   1.5010795e-23
   1.6858255e+03   1.5039638e-23
   1.6897130e+03   1.5068559e-23
   1.6936095e+03   1.5097557e-23
   1.6975150e+03   1.5126634e-23
   1.7014295e+03   1.5155788e-23
   1.7053530e+03   1.5185022e-23
   1.7092855e+03   1.5214333e-23
   1.7132272e+03   1.5243724e-23
   1.7171779e+03   1.5273193e-23
   1.7211377e+03   1.5302742e-23
   1.7251067e+03   1.5332369e-23
   1.7290848e+03   1.5362076e-23
   1.7330721e+03   1.5391863e-23
   1.7370685e+03   1.5421729e-23
   1.7410742e+03   1.5451676e-23
   1.7450892e+03   1.5481702e-23
   1.7491133e+03   1.5511809e-23
   1.7531468e+03   1.5541996e-23
   1.7571896e+03   1.5572264e-23
   1.7612417e+03   1.5602612e-23
   1.7653031e+03   1.5633042e-23
   1.7693739e+03   1.5663552e-23
   1.7734541e+03   1.5694144e-23
   1.7775437e+03   1.5724817e-23
   1.7816427e+03   1.5755572e-23
   1.7857512e+03   1.5786409e-23
   1.7898692e+03   1.5817328e-23
   1.7939966e+03   1.5848329e-23
   1.7981336e+03   1.5879412e-23
   1.8022801e+03   1.5910578e-23
   1.8064362e+03   1.5941826e-23
   1.8106018e+03   1.5973157e-23
   1.8147771e+03   1.6004572e-23
   1.8189620e+03   1.6036069e-23
   1.8231565e+03   1.6067650e-23
   1.8273607e+03   1.6099315e-23
   1.8315746e+03   1.6131063e-23
   1.8357983e+03   1.6162895e-23
   1.8400316e+03   1.6194812e-23
   1.8442748e+03   1.6226812e-23
   1.8485277e+03   1.6258897e-23
   1.8527904e+03   1.6291067e-23
   1.8570629e+03   1.6323322e-23
   1.8613453e+03   1.6355661e-23
   1.8656376e+03   1.6388086e-23
   1.8699398e+03   1.6420596e-23
   1.8742519e+03   1.6453192e-23
   1.8785739e+03   1.6485873e-23
   1.8829059e+03   1.6518641e-23
   1.8872479e+03   1.6551494e-23
   1.8915999e+03   1.6584434e-23
   1.8959620e+03   1.6617461e-23
   1.9003341e+03   1.6650574e-23
   1.9047163e+03   1.6683774e-23
   1.9091086e+03   1.6717062e-23
   1.9135110e+03   1.6750440e-23
   1.9179235e+03   1.6783930e-23
   1.9223463e+03   1.6818155e-23
   1.9267792e+03   1.6851097e-23
   1.9312224e+03   1.6884810e-23
   1.9356758e+03   1.6918620e-23
   1.9401395e+03   1.6952520e-23
   1.9446135e+03   1.6986510e-23
   1.9490978e+03   1.7020588e-23
   1.9535924e+03   1.7054755e-23
   1.9580974e+03   1.7089011e-23
   1.9626128e+03   1.7123357e-23
   1.9671386e+03   1.7157792e-23
   1.9716748e+03   1.7192317e-23
   1.9762215e+03   1.7226932e-23
   1.9807787e+03   1.7261636e-23
   1.9853464e+03   1.7296431e-23
   1.9899246e+03   1.7331317e-23
   1.9945134e+03   1.7366293e-23
   1.9991128e+03   1.7401360e-23
   2.0037227e+03   1.7436518e-23
   2.0083433e+03   1.7471767e-23
   2.0129746e+03   1.7507108e-23
   2.0176165e+03   1.7542540e-23
   2.0222692e+03   1.7578064e-23
   2.0269325e+03   1.7613680e-23
   2.0316067e+03   1.7649388e-23
   2.0362916e+03   1.7685189e-23
   2.0409873e+03   1.7721082e-23
   2.0456938e+03   1.7757068e-23
   2.0504112e+03   1.7793147e-23
   2.0551394e+03   1.7829319e-23
   2.0598786e+03   1.7865585e-23
   2.0646287e+03   1.7901944e-23
   2.0693898e+03   1.7938397e-23
   2.0741618e+03   1.7974943e-23
   2.0789448e+03   1.8011585e-23
   2.0837389e+03   1.8048320e-23
   2.0885440e+03   1.8085150e-23
   2.0933602e+03   1.8122075e-23
   2.0981875e+03   1.8159095e-23
   2.1030259e+03   1.8196210e-23
   2.1078755e+03   1.8233421e-23
   2.1127363e+03   1.8270727e-23
   2.1176083e+03   1.8308129e-23
   2.1224915e+03   1.8345627e-23
   2.1273860e+03   1.8383221e-23
   2.1322918e+03   1.8420911e-23
   2.1372088e+03   1.8458699e-23
   2.1421373e+03   1.8496583e-23
   2.1470771e+03   1.8534564e-23
   2.1520282e+03   1.8572642e-23
   2.1569908e+03   1.8610818e-23
   2.1619649e+03   1.8649092e-23
   2.1669504e+03   1.8687464e-23
   2.1719474e+03   1.8725933e-23
   2.1769559e+03   1.8764501e-23
   2.1819760e+03   1.8803168e-23
   2.1870076e+03   1.8841933e-23
   2.1920509e+03   1.8880797e-23
   2.1971058e+03   1.8919760e-23
   2.2021723e+03   1.8958823e-23
   2.2072505e+03   1.8997985e-23
   2.2123405e+03   1.9037247e-23
   2.2174421e+03   1.9076610e-23
   2.2225556e+03   1.9116072e-23
   2.2276808e+03   1.9155635e-23
   2.2328179e+03   1.9195298e-23
   2.2379668e+03   1.9235063e-23
   2.2431275e+03   1.9274928e-23
   2.2483002e+03   1.9314895e-23
   2.2534848e+03   1.9354963e-23
   2.2586814e+03   1.9395133e-23
   2.2638899e+03   1.9435406e-23
   2.2691104e+03   1.9475780e-23
   2.2743430e+03   1.9516257e-23
   2.2795877e+03   1.9556836e-23
   2.2848444e+03   1.9597518e-23
   2.2901133e+03   1.9638303e-23
   2.2953943e+03   1.9679192e-23
   2.3006875e+03   1.9720184e-23
   2.3059929e+03   1.9761280e-23
   2.3113105e+03   1.9802480e-23
   2.3166404e+03   1.9843784e-23
   2.3219826e+03   1.9885192e-23
   2.3273371e+03   1.9926705e-23
   2.3327040e+03   1.9968323e-23
   2.3380832e+03   2.0010046e-23
   2.3434749e+03   2.0051875e-23
   2.3488789e+03   2.0093809e-23
   2.3542955e+03   2.0135849e-23
   2.3597245e+03   2.0177994e-23
   2.3651660e+03   2.0220246e-23
   2.3706201e+03   2.0262605e-23
   2.3760868e+03   2.0305070e-23
   2.3815661e+03   2.0347642e-23
   2.3870580e+03   2.0390322e-23
   2.3925626e+03   2.0433110e-23
   2.3980798e+03   2.0476013e-23
   2.4036098e+03   2.0519063e-23
   2.4091526e+03   2.0562118e-23
   2.4147081e+03   2.0605334e-23
   2.4202764e+03   2.0648661e-23
   2.4258576e+03   2.0692096e-23
   2.4314516e+03   2.0735641e-23
   2.4370586e+03   2.0779295e-23
   2.4426785e+03   2.0823059e-23
   2.4483113e+03   2.0866932e-23
   2.4539571e+03   2.0910916e-23
   2.4596160e+03   2.0955009e-23
   2.4652879e+03   2.0999214e-23
   2.4709728e+03   2.1043528e-23
   2.4766709e+03   2.1087954e-23
   2.4823821e+03   2.1132491e-23
   2.4881065e+03   2.1177139e-23
   2.4938441e+03   2.1221899e-23
   2.4995949e+03   2.1266771e-23
   2.5053590e+03   2.1311755e-23
   2.5111364e+03   2.1356851e-23
   2.5169271e+03   2.1402060e-23
   2.5227312e+03   2.1447382e-23
   2.5285486e+03   2.1492817e-23
   2.5343794e+03   2.1538366e-23
   2.5402237e+03   2.1584028e-23
   2.5460815e+03   2.1629804e-23
   2.5519528e+03   2.1675693e-23
   2.5578376e+03   2.1721698e-23
   2.5637360e+03   2.1767817e-23
   2.5696480e+03   2.1814050e-23
   2.5755736e+03   2.1860399e-23
   2.5815129e+03   2.1906863e-23
   2.5874659e+03   2.1953443e-23
   2.5934326e+03   2.2000139e-23
   2.5994131e+03   2.2046951e-23
   2.6054074e+03   2.2093879e-23
   2.6114155e+03   2.2140923e-23
   2.6174374e+03   2.2188085e-23
   2.6234732e+03   2.2235364e-23
   2.6295230e+03   2.2282760e-23
   2.6355867e+03   2.2330273e-23
   2.6416644e+03   2.2377905e-23
   2.6477561e+03   2.2425655e-23
   2.6538618e+03   2.2473523e-23
   2.6599816e+03   2.2521510e-23
   2.6661156e+03   2.2569615e-23
   2.6722637e+03   2.2617840e-23
   2.6784259e+03   2.2666185e-23
   2.6846024e+03   2.2714648e-23
   2.6907931e+03   2.2763232e-23
   2.6969981e+03   2.2811937e-23
   2.7032174e+03   2.2860761e-23
   2.7094510e+03   2.2909707e-23
   2.7156991e+03   2.2958773e-23
   2.7219615e+03   2.3007961e-23
   2.7282383e+03   2.3057270e-23
   2.7345297e+03   2.3106701e-23
   2.7408355e+03   2.3156254e-23
   2.7471559e+03   2.3205929e-23
   2.7534909e+03   2.3255727e-23
   2.7598405e+03   2.3305648e-23
   2.7662047e+03   2.3355692e-23
   2.7725836e+03   2.3405859e-23
   2.7789772e+03   2.3456150e-23
   2.7853855e+03   2.3506565e-23
   2.7918086e+03   2.3557105e-23
   2.7982465e+03   2.3607768e-23
   2.8046993e+03   2.3658557e-23
   2.8111670e+03   2.3709470e-23
   2.8176496e+03   2.3760509e-23
   2.8241471e+03   2.3811673e-23
   2.8306596e+03   2.3862964e-23
   2.8371871e+03   2.3914380e-23
   2.8437297e+03   2.3965923e-23
   2.8502873e+03   2.4017592e-23
   2.8568601e+03   2.4069389e-23
   2.8634481e+03   2.4121312e-23
   2.8700512e+03   2.4173364e-23
   2.8766696e+03   2.4225544e-23
   2.8833032e+03   2.4277923e-23
   2.8899521e+03   2.4330286e-23
   2.8966164e+03   2.4382849e-23
   2.9032960e+03   2.4435542e-23
   2.9099910e+03   2.4488364e-23
   2.9167015e+03   2.4541315e-23
   2.9234274e+03   2.4594397e-23
   2.9301688e+03   2.4647608e-23
   2.9369258e+03   2.4700950e-23
   2.9436984e+03   2.4754422e-23
   2.9504866e+03   2.4808026e-23
   2.9572904e+03   2.4861760e-23
   2.9641100e+03   2.4915626e-23
   2.9709452e+03   2.4969624e-23
   2.9777963e+03   2.5023754e-23
   2.9846631e+03   2.5078016e-23
   2.9915457e+03   2.5132411e-23
   2.9984443e+03   2.5186938e-23
   3.0053587e+03   2.5241599e-23
   3.0122891e+03   2.5296394e-23
   3.0192354e+03   2.5351322e-23
   3.0261978e+03   2.5406385e-23
   3.0331763e+03   2.5461581e-23
   3.0401708e+03   2.5516913e-23
   3.0471814e+03   2.5572380e-23
   3.0542083e+03   2.5627981e-23
   3.0612513e+03   2.5683719e-23
   3.0683106e+03   2.5739592e-23
   3.0753861e+03   2.5795602e-23
   3.0824780e+03   2.5851748e-23
   3.0895862e+03   2.5908030e-23
   3.0967108e+03   2.5964450e-23
   3.1038518e+03   2.6021007e-23
   3.1110093e+03   2.6077702e-23
   3.1181833e+03   2.6134535e-23
   3.1253739e+03   2.6191507e-23
   3.1325810e+03   2.6248616e-23
   3.1398048e+03   2.6305865e-23
   3.1470452e+03   2.6363253e-23
   3.1543023e+03   2.6420781e-23
   3.1615762e+03   2.6478448e-23
   3.1688668e+03   2.6536256e-23
   3.1761742e+03   2.6594204e-23
   3.1834985e+03   2.6652292e-23
   3.1908397e+03   2.6710522e-23
   3.1981978e+03   2.6768893e-23
   3.2055728e+03   2.6827406e-23
   3.2129649e+03   2.6886061e-23
   3.2203740e+03   2.6944858e-23
   3.2278002e+03   2.7003798e-23
   3.2352436e+03   2.7062880e-23
   3.2427041e+03   2.7122107e-23
   3.2501818e+03   2.7181476e-23
   3.2576767e+03   2.7240990e-23
   3.2651889e+03   2.7300647e-23
   3.2727185e+03   2.7360450e-23
   3.2802654e+03   2.7420397e-23
   3.2878297e+03   2.7480489e-23
   3.2954115e+03   2.7540727e-23
   3.3030107e+03   2.7601110e-23
   3.3106275e+03   2.7661640e-23
   3.3182618e+03   2.7722316e-23
   3.3259138e+03   2.7783139e-23
   3.3335833e+03   2.7844109e-23
   3.3412706e+03   2.7905227e-23
   3.3489756e+03   2.7966492e-23
   3.3566984e+03   2.8027906e-23
   3.3644389e+03   2.8089479e-23
   3.3721974e+03   2.8151178e-23
   3.3799737e+03   2.8213038e-23
   3.3877679e+03   2.8275047e-23
   3.3955801e+03   2.8337205e-23
   3.4034104e+03   2.8399514e-23
   3.4112587e+03   2.8461973e-23
   3.4191251e+03   2.8524583e-23
   3.4270096e+03   2.8587344e-23
   3.4349123e+03   2.8650257e-23
   3.4428332e+03   2.8713321e-23
   3.4507724e+03   2.8776537e-23
   3.4587299e+03   2.8839906e-23
   3.4667058e+03   2.8903427e-23
   3.4747000e+03   2.8967102e-23
   3.4827127e+03   2.9030930e-23
   3.4907439e+03   2.9094912e-23
   3.4987936e+03   2.9159047e-23
   3.5068618e+03   2.9223338e-23
   3.5149487e+03   2.9287783e-23
   3.5230542e+03   2.9352383e-23
   3.5311784e+03   2.9417139e-23
   3.5393213e+03   2.9482050e-23
   3.5474830e+03   2.9547118e-23
   3.5556635e+03   2.9612342e-23
   3.5638629e+03   2.9677723e-23
   3.5720812e+03   2.9743262e-23
   3.5803184e+03   2.9808958e-23
   3.5885747e+03   2.9874812e-23
   3.5968500e+03   2.9940824e-23
   3.6051443e+03   3.0006994e-23
   3.6134578e+03   3.0073324e-23
   3.6217905e+03   3.0139813e-23
   3.6301424e+03   3.0206462e-23
   3.6385135e+03   3.0273271e-23
   3.6469039e+03   3.0340240e-23
   3.6553137e+03   3.0407370e-23
   3.6637429e+03   3.0474661e-23
   3.6721915e+03   3.0542113e-23
   3.6806596e+03   3.0609727e-23
   3.6891472e+03   3.0677504e-23
   3.6976544e+03   3.0745443e-23
   3.7061813e+03   3.0813545e-23
   3.7147277e+03   3.0881810e-23
   3.7232939e+03   3.0950239e-23
   3.7318799e+03   3.1018832e-23
   3.7404856e+03   3.1087589e-23
   3.7491112e+03   3.1156511e-23
   3.7577567e+03   3.1225598e-23
   3.7664221e+03   3.1294851e-23
   3.7751075e+03   3.1364269e-23
   3.7838129e+03   3.1433854e-23
   3.7925384e+03   3.1503605e-23
   3.8012841e+03   3.1573523e-23
   3.8100498e+03   3.1643608e-23
   3.8188359e+03   3.1713861e-23
   3.8276421e+03   3.1784283e-23
   3.8364687e+03   3.1854873e-23
   3.8453156e+03   3.1925635e-23
   3.8541829e+03   3.1996559e-23
   3.8630707e+03   3.2067656e-23
   3.8719790e+03   3.2138923e-23
   3.8809078e+03   3.2210360e-23
   3.8898572e+03   3.2281969e-23
   3.8988272e+03   3.2353748e-23
   3.9078180e+03   3.2425699e-23
   3.9168294e+03   3.2497821e-23
   3.9258617e+03   3.2570116e-23
   3.9349147e+03   3.2642584e-23
   3.9439887e+03   3.2715224e-23
   3.9530835e+03   3.2788038e-23
   3.9621994e+03   3.2861026e-23
   3.9713362e+03   3.2934188e-23
   3.9804942e+03   3.3007524e-23
   3.9896732e+03   3.3081036e-23
   3.9988734e+03   3.3154723e-23
   4.0080949e+03   3.3228585e-23
   4.0173376e+03   3.3302624e-23
   4.0266016e+03   3.3376839e-23
   4.0358870e+03   3.3451231e-23
   4.0451937e+03   3.3525800e-23
   4.0545220e+03   3.3600548e-23
   4.0638718e+03   3.3675473e-23
   4.0732431e+03   3.3750577e-23
   4.0826360e+03   3.3825859e-23
   4.0920506e+03   3.3901321e-23
   4.1014869e+03   3.3976963e-23
   4.1109450e+03   3.4052785e-23
   4.1204248e+03   3.4128787e-23
   4.1299266e+03   3.4204970e-23
   4.1394502e+03   3.4281335e-23
   4.1489958e+03   3.4357881e-23
   4.1585634e+03   3.4434609e-23
   4.1681531e+03   3.4511520e-23
   4.1777649e+03   3.4588614e-23
   4.1873988e+03   3.4665892e-23
   4.1970550e+03   3.4743353e-23
   4.2067335e+03   3.4820998e-23
   4.2164342e+03   3.4898828e-23
   4.2261574e+03   3.4976843e-23
   4.2359029e+03   3.5055043e-23
   4.2456709e+03   3.5133429e-23
   4.2554615e+03   3.5212002e-23
   4.2652746e+03   3.5290761e-23
   4.2751104e+03   3.5369707e-23
   4.2849688e+03   3.5448841e-23
   4.2948500e+03   3.5528163e-23
   4.3047539e+03   3.5607673e-23
   4.3146807e+03   3.5687372e-23
   4.3246304e+03   3.5767268e-23
   4.3346030e+03   3.5847338e-23
   4.3445987e+03   3.5927605e-23
   4.3546173e+03   3.6008064e-23
   4.3646591e+03   3.6088713e-23
   4.3747241e+03   3.6169553e-23
   4.3848122e+03   3.6250586e-23
   4.3949236e+03   3.6331810e-23
   4.4050583e+03   3.6413227e-23
   4.4152164e+03   3.6494837e-23
   4.4253980e+03   3.6576641e-23
   4.4356030e+03   3.6658639e-23
   4.4458315e+03   3.6740831e-23
   4.4560836e+03   3.6823218e-23
   4.4663594e+03   3.6905800e-23
   4.4766588e+03   3.6988578e-23
   4.4869821e+03   3.7071552e-23
   4.4973291e+03   3.7154722e-23
   4.5076999e+03   3.7238090e-23
   4.5180947e+03   3.7321655e-23
   4.5285135e+03   3.7405417e-23
   4.5389563e+03   3.7489379e-23
   4.5494231e+03   3.7573539e-23
   4.5599142e+03   3.7657898e-23
   4.5704294e+03   3.7742457e-23
   4.5809688e+03   3.7827216e-23
   4.5915325e+03   3.7912175e-23
   4.6021207e+03   3.7997336e-23
   4.6127332e+03   3.8082698e-23
   4.6233702e+03   3.8168262e-23
   4.6340317e+03   3.8254029e-23
   4.6447178e+03   3.8339998e-23
   4.6554286e+03   3.8426171e-23
   4.6661640e+03   3.8512548e-23
   4.6769242e+03   3.8599128e-23
   4.6877093e+03   3.8685914e-23
   4.6985192e+03   3.8772904e-23
   4.7093540e+03   3.8860100e-23
   4.7202138e+03   3.8947503e-23
   4.7310986e+03   3.9035111e-23
   4.7420086e+03   3.9122927e-23
   4.7529437e+03   3.9210951e-23
   4.7639040e+03   3.9299182e-23
   4.7748896e+03   3.9387621e-23
   4.7859005e+03   3.9476270e-23
   4.7969369e+03   3.9565128e-23
   4.8079986e+03   3.9654196e-23
   4.8190859e+03   3.9743473e-23
   4.8301988e+03   3.9832962e-23
   4.8413372e+03   3.9922662e-23
   4.8525014e+03   4.0012573e-23
   4.8636913e+03   4.0102697e-23
   4.8749070e+03   4.0193034e-23
   4.8861486e+03   4.0283584e-23
   4.8974161e+03   4.0374347e-23
   4.9087096e+03   4.0465325e-23
   4.9200291e+03   4.0556517e-23
   4.9313747e+03   4.0647924e-23
   4.9427465e+03   4.0739547e-23
   4.9541445e+03   4.0831385e-23
   4.9655688e+03   4.0923441e-23
   4.9770194e+03   4.1015713e-23
   4.9884965e+03   4.1108203e-23
   5.0000000e+03   4.1200911e-23
