   5.0000000e+00   1.6462240e-20
   5.0115300e+00   1.6044284e-20
   5.0230867e+00   1.5638629e-20
   5.0346699e+00   1.5245216e-20
   5.0462799e+00   1.4864129e-20
   5.0579167e+00   1.4495205e-20
   5.0695803e+00   1.4133307e-20
   5.0812708e+00   1.3752544e-20
   5.0929882e+00   1.3364830e-20
   5.1047327e+00   1.3025146e-20
   5.1165042e+00   1.2705722e-20
   5.1283029e+00   1.2393785e-20
   5.1401288e+00   1.2088807e-20
   5.1519820e+00   1.1791046e-20
   5.1638625e+00   1.1500634e-20
   5.1757704e+00   1.1217581e-20
   5.1877058e+00   1.0941812e-20
   5.1996687e+00   1.0673205e-20
   5.2116592e+00   1.0411609e-20
   5.2236773e+00   1.0156861e-20
   5.2357231e+00   9.9087929e-21
   5.2477968e+00   9.6672317e-21
   5.2598982e+00   9.4320054e-21
   5.2720276e+00   9.2029433e-21
   5.2841849e+00   8.9798777e-21
   5.2963703e+00   8.7626440e-21
   5.3085838e+00   8.5510815e-21
   5.3208254e+00   8.3450333e-21
   5.3330953e+00   8.1443467e-21
   5.3453934e+00   7.9488728e-21
   5.3577199e+00   7.7584672e-21
   5.3700749e+00   7.5729892e-21
   5.3824583e+00   7.3923024e-21
   5.3948703e+00   7.2162741e-21
   5.4073109e+00   7.0447757e-21
   5.4197802e+00   6.8776821e-21
   5.4322783e+00   6.7148719e-21
   5.4448051e+00   6.5562274e-21
   5.4573609e+00   6.4016344e-21
   5.4699456e+00   6.2509818e-21
   5.4825594e+00   6.1041619e-21
   5.4952022e+00   5.9610703e-21
   5.5078742e+00   5.8216055e-21
   5.5205754e+00   5.6856690e-21
   5.5333058e+00   5.5531653e-21
   5.5460657e+00   5.4240017e-21
   5.5588550e+00   5.2980880e-21
   5.5716737e+00   5.1753368e-21
   5.5845220e+00   5.0556632e-21
   5.5974000e+00   4.9389849e-21
   5.6103076e+00   4.8252219e-21
   5.6232451e+00   4.7142964e-21
   5.6362123e+00   4.6061330e-21
   5.6492094e+00   4.5006584e-21
   5.6622366e+00   4.3978016e-21
   5.6752937e+00   4.2974933e-21
   5.6883810e+00   4.1996665e-21
   5.7014985e+00   4.1042560e-21
   5.7146461e+00   4.0111984e-21
   5.7278242e+00   3.9204321e-21
   5.7410326e+00   3.8318975e-21
   5.7542714e+00   3.7455364e-21
   5.7675408e+00   3.6612923e-21
   5.7808408e+00   3.5791105e-21
   5.7941715e+00   3.4989375e-21
   5.8075329e+00   3.4207217e-21
   5.8209251e+00   3.3444126e-21
   5.8343482e+00   3.2699613e-21
   5.8478023e+00   3.1973202e-21
   5.8612873e+00   3.1264430e-21
   5.8748035e+00   3.0572849e-21
   5.8883508e+00   2.9898020e-21
   5.9019294e+00   2.9239518e-21
   5.9155393e+00   2.8596931e-21
   5.9291806e+00   2.7969855e-21
   5.9428533e+00   2.7357901e-21
   5.9565576e+00   2.6760687e-21
   5.9702935e+00   2.6177843e-21
   5.9840610e+00   2.5609011e-21
   5.9978603e+00   2.5053840e-21
   6.0116914e+00   2.4511989e-21
   6.0255544e+00   2.3983128e-21
   6.0394494e+00   2.3466933e-21
   6.0533764e+00   2.2963091e-21
   6.0673355e+00   2.2471298e-21
   6.0813269e+00   2.1991255e-21
   6.0953505e+00   2.1522674e-21
   6.1094064e+00   2.1065274e-21
   6.1234947e+00   2.0618781e-21
   6.1376155e+00   2.0182928e-21
   6.1517689e+00   1.9757456e-21
   6.1659550e+00   1.9342111e-21
   6.1801737e+00   1.8936649e-21
   6.1944252e+00   1.8540830e-21
   6.2087096e+00   1.8154420e-21
   6.2230269e+00   1.7777193e-21
   6.2373773e+00   1.7408927e-21
   6.2517607e+00   1.7049408e-21
   6.2661773e+00   1.6698424e-21
   6.2806272e+00   1.6355773e-21
   6.2951104e+00   1.6021255e-21
   6.3096269e+00   1.5694677e-21
   6.3241770e+00   1.5375849e-21
   6.3387606e+00   1.5064588e-21
   6.3533778e+00   1.4760714e-21
   6.3680288e+00   1.4464053e-21
   6.3827135e+00   1.4174434e-21
   6.3974321e+00   1.3891693e-21
   6.4121846e+00   1.3615666e-21
   6.4269711e+00   1.3346197e-21
   6.4417918e+00   1.3083132e-21
   6.4566466e+00   1.2826322e-21
   6.4715357e+00   1.2575620e-21
   6.4864591e+00   1.2330885e-21
   6.5014169e+00   1.2091978e-21
   6.5164092e+00   1.1858763e-21
   6.5314361e+00   1.1631110e-21
   6.5464977e+00   1.1408888e-21
   6.5615939e+00   1.1191974e-21
   6.5767250e+00   1.0980245e-21
   6.5918910e+00   1.0773581e-21
   6.6070920e+00   1.0571866e-21
   6.6223280e+00   1.0374988e-21
   6.6375991e+00   1.0182835e-21
   6.6529055e+00   9.9952993e-22
   6.6682471e+00   9.8122759e-22
   6.6836241e+00   9.6336620e-22
   6.6990366e+00   9.4593573e-22
   6.7144846e+00   9.2892641e-22
   6.7299683e+00   9.1232869e-22
   6.7454877e+00   8.9613327e-22
   6.7610428e+00   8.8033104e-22
   6.7766338e+00   8.6491315e-22
   6.7922608e+00   8.4987094e-22
   6.8079238e+00   8.3519595e-22
   6.8236229e+00   8.2087994e-22
   6.8393582e+00   8.0691485e-22
   6.8551299e+00   7.9329283e-22
   6.8709378e+00   7.8000620e-22
   6.8867823e+00   7.6704748e-22
   6.9026632e+00   7.5440935e-22
   6.9185808e+00   7.4208466e-22
   6.9345351e+00   7.3006646e-22
   6.9505262e+00   7.1834794e-22
   6.9665542e+00   7.0692245e-22
   6.9826191e+00   6.9578352e-22
   6.9987211e+00   6.8492480e-22
   7.0148602e+00   6.7434012e-22
   7.0310365e+00   6.6402345e-22
   7.0472502e+00   6.5396890e-22
   7.0635012e+00   6.4417073e-22
   7.0797897e+00   6.3462331e-22
   7.0961157e+00   6.2532119e-22
   7.1124794e+00   6.1625903e-22
   7.1288808e+00   6.0743161e-22
   7.1453201e+00   5.9883385e-22
   7.1617972e+00   5.9046081e-22
   7.1783124e+00   5.8230765e-22
   7.1948656e+00   5.7436967e-22
   7.2114571e+00   5.6664227e-22
   7.2280867e+00   5.5912099e-22
   7.2447548e+00   5.5180149e-22
   7.2614612e+00   5.4467953e-22
   7.2782062e+00   5.3775097e-22
   7.2949898e+00   5.3101183e-22
   7.3118121e+00   5.2445821e-22
   7.3286732e+00   5.1808632e-22
   7.3455732e+00   5.1189250e-22
   7.3625121e+00   5.0587318e-22
   7.3794901e+00   5.0002491e-22
   7.3965073e+00   4.9434435e-22
   7.4135637e+00   4.8882829e-22
   7.4306594e+00   4.8347358e-22
   7.4477946e+00   4.7827722e-22
   7.4649693e+00   4.7323632e-22
   7.4821835e+00   4.6834809e-22
   7.4994375e+00   4.6360984e-22
   7.5167313e+00   4.5901901e-22
   7.5340649e+00   4.5457317e-22
   7.5514385e+00   4.5026997e-22
   7.5688522e+00   4.4610719e-22
   7.5863060e+00   4.4208275e-22
   7.6038001e+00   4.3819466e-22
   7.6213345e+00   4.3444108e-22
   7.6389094e+00   4.3082028e-22
   7.6565248e+00   4.2733067e-22
   7.6741808e+00   4.2397080e-22
   7.6918775e+00   4.2073933e-22
   7.7096150e+00   4.1763509e-22
   7.7273934e+00   4.1465706e-22
   7.7452129e+00   4.1180434e-22
   7.7630734e+00   4.0907623e-22
   7.7809751e+00   4.0647216e-22
   7.7989181e+00   4.0399176e-22
   7.8169025e+00   4.0163482e-22
   7.8349283e+00   3.9940133e-22
   7.8529957e+00   3.9729150e-22
   7.8711048e+00   3.9530570e-22
   7.8892556e+00   3.9344458e-22
   7.9074483e+00   3.9170899e-22
   7.9256829e+00   3.9010005e-22
   7.9439596e+00   3.8861914e-22
   7.9622784e+00   3.8726794e-22
   7.9806395e+00   3.8604841e-22
   7.9990429e+00   3.8496288e-22
   8.0174888e+00   3.8401400e-22
   8.0359772e+00   3.8320484e-22
   8.0545082e+00   3.8253886e-22
   8.0730819e+00   3.8201999e-22
   8.0916985e+00   3.8165263e-22
   8.1103581e+00   3.8144173e-22
   8.1290606e+00   3.8139285e-22
   8.1478063e+00   3.8151216e-22
   8.1665952e+00   3.8180657e-22
   8.1854274e+00   3.8228375e-22
   8.2043031e+00   3.8295224e-22
   8.2232223e+00   3.8382156e-22
   8.2421851e+00   3.8490226e-22
   8.2611916e+00   3.8620611e-22
   8.2802420e+00   3.8774621e-22
   8.2993363e+00   3.8953714e-22
   8.3184746e+00   3.9159517e-22
   8.3376571e+00   3.9393847e-22
   8.3568838e+00   3.9658736e-22
   8.3761548e+00   3.9956460e-22
   8.3954703e+00   4.0289576e-22
   8.4148303e+00   4.0660958e-22
   8.4342350e+00   4.1073850e-22
   8.4536844e+00   4.1531921e-22
   8.4731786e+00   4.2039333e-22
   8.4927179e+00   4.2600823e-22
   8.5123021e+00   4.3221800e-22
   8.5319316e+00   4.3908471e-22
   8.5516063e+00   4.4667979e-22
   8.5713263e+00   4.5508591e-22
   8.5910919e+00   4.6439918e-22
   8.6109030e+00   4.7473197e-22
   8.6307598e+00   4.8621645e-22
   8.6506624e+00   4.9900905e-22
   8.6706109e+00   5.1329612e-22
   8.6906054e+00   5.2930217e-22
   8.7106460e+00   5.4729870e-22
   8.7307328e+00   5.6761824e-22
   8.7508660e+00   5.9067205e-22
   8.7710455e+00   6.1697490e-22
   8.7912716e+00   6.4717970e-22
   8.8115444e+00   6.8212716e-22
   8.8318638e+00   7.2291851e-22
   8.8522302e+00   7.7102481e-22
   8.8726435e+00   8.2845647e-22
   8.8931039e+00   8.9803535e-22
   8.9136114e+00   9.8385022e-22
   8.9341663e+00   1.0920577e-21
   8.9547686e+00   1.2323785e-21
   8.9754183e+00   1.4211134e-21
   8.9961157e+00   1.6878430e-21
   9.0168608e+00   2.0924044e-21
   9.0376538e+00   2.7768460e-21
   9.0584947e+00   4.1803668e-21
   9.0793836e+00   8.6670761e-21
   9.1003208e+00   8.9941374e-20
   9.1213062e+00   7.1508932e-21
   9.1423400e+00   3.7039969e-21
   9.1634223e+00   2.5016043e-21
   9.1845532e+00   1.9059883e-21
   9.2057328e+00   1.5828232e-21
   9.2269613e+00   1.4738283e-21
   9.2482388e+00   1.8893192e-21
   9.2695653e+00   3.9194368e-20
   9.2909410e+00   1.7559434e-21
   9.3123660e+00   1.0545171e-21
   9.3338403e+00   8.2913783e-22
   9.3553642e+00   7.0951566e-22
   9.3769378e+00   6.3027106e-22
   9.3985611e+00   5.7152905e-22
   9.4202342e+00   5.2516183e-22
   9.4419574e+00   4.8712977e-22
   9.4637306e+00   4.5513091e-22
   9.4855540e+00   4.2771865e-22
   9.5074278e+00   4.0391663e-22
   9.5293520e+00   3.8302996e-22
   9.5513267e+00   3.6454381e-22
   9.5733522e+00   3.4806480e-22
   9.5954284e+00   3.3328487e-22
   9.6175555e+00   3.1995802e-22
   9.6397337e+00   3.0788464e-22
   9.6619630e+00   2.9690056e-22
   9.6842435e+00   2.8686921e-22
   9.7065755e+00   2.7767583e-22
   9.7289589e+00   2.6922320e-22
   9.7513940e+00   2.6142835e-22
   9.7738808e+00   2.5421995e-22
   9.7964194e+00   2.4753635e-22
   9.8190100e+00   2.4132397e-22
   9.8416527e+00   2.3553600e-22
   9.8643477e+00   2.3013141e-22
   9.8870949e+00   2.2507404e-22
   9.9098946e+00   2.2033193e-22
   9.9327469e+00   2.1587673e-22
   9.9556519e+00   2.1168322e-22
   9.9786097e+00   2.0772888e-22
   1.0001620e+01   2.0399377e-22
   1.0024684e+01   2.0046106e-22
   1.0047801e+01   1.9711124e-22
   1.0070972e+01   1.9393071e-22
   1.0094195e+01   1.9090705e-22
   1.0117473e+01   1.8802874e-22
   1.0140804e+01   1.8528464e-22
   1.0164188e+01   1.8266468e-22
   1.0187627e+01   1.8015970e-22
   1.0211120e+01   1.7776144e-22
   1.0234667e+01   1.7546270e-22
   1.0258268e+01   1.7325659e-22
   1.0281924e+01   1.7113675e-22
   1.0305634e+01   1.6909734e-22
   1.0329399e+01   1.6713326e-22
   1.0353218e+01   1.6523966e-22
   1.0377093e+01   1.6341203e-22
   1.0401023e+01   1.6164618e-22
   1.0425007e+01   1.5993839e-22
   1.0449048e+01   1.5828521e-22
   1.0473143e+01   1.5668334e-22
   1.0497294e+01   1.5512974e-22
   1.0521501e+01   1.5362167e-22
   1.0545764e+01   1.5215658e-22
   1.0570082e+01   1.5073207e-22
   1.0594457e+01   1.4934589e-22
   1.0618888e+01   1.4799596e-22
   1.0643375e+01   1.4668040e-22
   1.0667919e+01   1.4539742e-22
   1.0692519e+01   1.4414530e-22
   1.0717176e+01   1.4292251e-22
   1.0741890e+01   1.4172760e-22
   1.0766661e+01   1.4055922e-22
   1.0791489e+01   1.3941607e-22
   1.0816374e+01   1.3829695e-22
   1.0841317e+01   1.3720079e-22
   1.0866317e+01   1.3612651e-22
   1.0891375e+01   1.3507314e-22
   1.0916491e+01   1.3403975e-22
   1.0941664e+01   1.3302549e-22
   1.0966896e+01   1.3202955e-22
   1.0992185e+01   1.3105114e-22
   1.1017533e+01   1.3008956e-22
   1.1042940e+01   1.2914414e-22
   1.1068405e+01   1.2821423e-22
   1.1093929e+01   1.2729922e-22
   1.1119512e+01   1.2639855e-22
   1.1145153e+01   1.2551170e-22
   1.1170854e+01   1.2463814e-22
   1.1196614e+01   1.2377740e-22
   1.1222434e+01   1.2292903e-22
   1.1248313e+01   1.2209260e-22
   1.1274251e+01   1.2126770e-22
   1.1300250e+01   1.2045394e-22
   1.1326308e+01   1.1965097e-22
   1.1352427e+01   1.1885844e-22
   1.1378606e+01   1.1807602e-22
   1.1404845e+01   1.1730339e-22
   1.1431144e+01   1.1654026e-22
   1.1457505e+01   1.1578636e-22
   1.1483926e+01   1.1504140e-22
   1.1510408e+01   1.1430513e-22
   1.1536951e+01   1.1357732e-22
   1.1563555e+01   1.1285772e-22
   1.1590221e+01   1.1214612e-22
   1.1616948e+01   1.1144231e-22
   1.1643737e+01   1.1074609e-22
   1.1670587e+01   1.1005725e-22
   1.1697500e+01   1.0937562e-22
   1.1724474e+01   1.0870103e-22
   1.1751511e+01   1.0803330e-22
   1.1778610e+01   1.0737227e-22
   1.1805772e+01   1.0671778e-22
   1.1832996e+01   1.0606969e-22
   1.1860283e+01   1.0542787e-22
   1.1887633e+01   1.0479215e-22
   1.1915046e+01   1.0416243e-22
   1.1942522e+01   1.0353857e-22
   1.1970061e+01   1.0292045e-22
   1.1997664e+01   1.0230796e-22
   1.2025331e+01   1.0170097e-22
   1.2053062e+01   1.0109939e-22
   1.2080856e+01   1.0050311e-22
   1.2108715e+01   9.9912027e-23
   1.2136637e+01   9.9326046e-23
   1.2164625e+01   9.8745073e-23
   1.2192676e+01   9.8169018e-23
   1.2220793e+01   9.7597793e-23
   1.2248974e+01   9.7031315e-23
   1.2277220e+01   9.6469500e-23
   1.2305532e+01   9.5912271e-23
   1.2333908e+01   9.5359551e-23
   1.2362350e+01   9.4811265e-23
   1.2390858e+01   9.4267342e-23
   1.2419431e+01   9.3727712e-23
   1.2448071e+01   9.3192308e-23
   1.2476776e+01   9.2661064e-23
   1.2505548e+01   9.2133915e-23
   1.2534386e+01   9.1610802e-23
   1.2563290e+01   9.1091662e-23
   1.2592261e+01   9.0576439e-23
   1.2621299e+01   9.0065074e-23
   1.2650404e+01   8.9557514e-23
   1.2679576e+01   8.9053703e-23
   1.2708815e+01   8.8553590e-23
   1.2738121e+01   8.8057123e-23
   1.2767496e+01   8.7564253e-23
   1.2796938e+01   8.7074931e-23
   1.2826447e+01   8.6589110e-23
   1.2856025e+01   8.6106745e-23
   1.2885671e+01   8.5627789e-23
   1.2915386e+01   8.5152198e-23
   1.2945169e+01   8.4679931e-23
   1.2975020e+01   8.4210945e-23
   1.3004941e+01   8.3745200e-23
   1.3034930e+01   8.3282654e-23
   1.3064989e+01   8.2823270e-23
   1.3095117e+01   8.2367008e-23
   1.3125314e+01   8.1913832e-23
   1.3155582e+01   8.1463705e-23
   1.3185918e+01   8.1016591e-23
   1.3216325e+01   8.0572455e-23
   1.3246802e+01   8.0131262e-23
   1.3277349e+01   7.9692980e-23
   1.3307967e+01   7.9257575e-23
   1.3338655e+01   7.8825015e-23
   1.3369414e+01   7.8395269e-23
   1.3400244e+01   7.7968305e-23
   1.3431145e+01   7.7544093e-23
   1.3462118e+01   7.7122603e-23
   1.3493162e+01   7.6703807e-23
   1.3524277e+01   7.6287674e-23
   1.3555464e+01   7.5874179e-23
   1.3586723e+01   7.5463292e-23
   1.3618054e+01   7.5054987e-23
   1.3649457e+01   7.4649237e-23
   1.3680933e+01   7.4246017e-23
   1.3712481e+01   7.3845300e-23
   1.3744103e+01   7.3447061e-23
   1.3775797e+01   7.3051277e-23
   1.3807564e+01   7.2657921e-23
   1.3839404e+01   7.2266972e-23
   1.3871318e+01   7.1878405e-23
   1.3903305e+01   7.1492197e-23
   1.3935366e+01   7.1108326e-23
   1.3967501e+01   7.0726769e-23
   1.3999710e+01   7.0347505e-23
   1.4031994e+01   6.9970512e-23
   1.4064352e+01   6.9595769e-23
   1.4096784e+01   6.9223256e-23
   1.4129292e+01   6.8852951e-23
   1.4161874e+01   6.8484835e-23
   1.4194531e+01   6.8118887e-23
   1.4227264e+01   6.7755089e-23
   1.4260072e+01   6.7393422e-23
   1.4292956e+01   6.7033865e-23
   1.4325916e+01   6.6676402e-23
   1.4358951e+01   6.6321013e-23
   1.4392063e+01   6.5967680e-23
   1.4425251e+01   6.5616387e-23
   1.4458516e+01   6.5267115e-23
   1.4491858e+01   6.4919847e-23
   1.4525276e+01   6.4574566e-23
   1.4558771e+01   6.4231256e-23
   1.4592344e+01   6.3889900e-23
   1.4625994e+01   6.3550483e-23
   1.4659722e+01   6.3212987e-23
   1.4693527e+01   6.2877398e-23
   1.4727410e+01   6.2543699e-23
   1.4761372e+01   6.2211876e-23
   1.4795412e+01   6.1881914e-23
   1.4829530e+01   6.1553797e-23
   1.4863727e+01   6.1227512e-23
   1.4898003e+01   6.0903043e-23
   1.4932358e+01   6.0580376e-23
   1.4966792e+01   6.0259498e-23
   1.5001306e+01   5.9940394e-23
   1.5035899e+01   5.9623052e-23
   1.5070572e+01   5.9307457e-23
   1.5105324e+01   5.8993596e-23
   1.5140157e+01   5.8681456e-23
   1.5175071e+01   5.8371024e-23
   1.5210065e+01   5.8062287e-23
   1.5245139e+01   5.7755233e-23
   1.5280295e+01   5.7449850e-23
   1.5315531e+01   5.7146124e-23
   1.5350849e+01   5.6844045e-23
   1.5386248e+01   5.6543599e-23
   1.5421729e+01   5.6244775e-23
   1.5457291e+01   5.5947562e-23
   1.5492936e+01   5.5651948e-23
   1.5528663e+01   5.5357921e-23
   1.5564472e+01   5.5065471e-23
   1.5600364e+01   5.4774585e-23
   1.5636338e+01   5.4485254e-23
   1.5672396e+01   5.4197467e-23
   1.5708537e+01   5.3911212e-23
   1.5744761e+01   5.3626479e-23
   1.5781068e+01   5.3343257e-23
   1.5817459e+01   5.3061537e-23
   1.5853935e+01   5.2781308e-23
   1.5890494e+01   5.2502560e-23
   1.5927137e+01   5.2225283e-23
   1.5963866e+01   5.1949467e-23
   1.6000678e+01   5.1675102e-23
   1.6037576e+01   5.1402179e-23
   1.6074559e+01   5.1130688e-23
   1.6111627e+01   5.0860620e-23
   1.6148780e+01   5.0591965e-23
   1.6186020e+01   5.0324714e-23
   1.6223345e+01   5.0058858e-23
   1.6260756e+01   4.9794388e-23
   1.6298253e+01   4.9531295e-23
   1.6335837e+01   4.9269571e-23
   1.6373508e+01   4.9009205e-23
   1.6411265e+01   4.8750191e-23
   1.6449110e+01   4.8492519e-23
   1.6487041e+01   4.8236180e-23
   1.6525061e+01   4.7981167e-23
   1.6563168e+01   4.7727470e-23
   1.6601362e+01   4.7475083e-23
   1.6639645e+01   4.7223996e-23
   1.6678016e+01   4.6974202e-23
   1.6716476e+01   4.6725692e-23
   1.6755024e+01   4.6478459e-23
   1.6793662e+01   4.6232495e-23
   1.6832388e+01   4.5987792e-23
   1.6871203e+01   4.5744342e-23
   1.6910109e+01   4.5502139e-23
   1.6949103e+01   4.5261173e-23
   1.6988188e+01   4.5021439e-23
   1.7027363e+01   4.4782928e-23
   1.7066628e+01   4.4545633e-23
   1.7105984e+01   4.4309548e-23
   1.7145431e+01   4.4074664e-23
   1.7184968e+01   4.3840974e-23
   1.7224597e+01   4.3608472e-23
   1.7264317e+01   4.3377151e-23
   1.7304128e+01   4.3147004e-23
   1.7344032e+01   4.2918023e-23
   1.7384027e+01   4.2690203e-23
   1.7424115e+01   4.2463536e-23
   1.7464295e+01   4.2238015e-23
   1.7504568e+01   4.2013634e-23
   1.7544934e+01   4.1790387e-23
   1.7585392e+01   4.1568267e-23
   1.7625945e+01   4.1347268e-23
   1.7666590e+01   4.1127382e-23
   1.7707329e+01   4.0908604e-23
   1.7748163e+01   4.0690928e-23
   1.7789090e+01   4.0474347e-23
   1.7830112e+01   4.0258855e-23
   1.7871228e+01   4.0044446e-23
   1.7912439e+01   3.9831114e-23
   1.7953746e+01   3.9618853e-23
   1.7995147e+01   3.9407657e-23
   1.8036644e+01   3.9197520e-23
   1.8078237e+01   3.8988435e-23
   1.8119925e+01   3.8780398e-23
   1.8161710e+01   3.8573403e-23
   1.8203591e+01   3.8367443e-23
   1.8245569e+01   3.8162513e-23
   1.8287643e+01   3.7958608e-23
   1.8329814e+01   3.7755722e-23
   1.8372083e+01   3.7553848e-23
   1.8414449e+01   3.7352983e-23
   1.8456913e+01   3.7153119e-23
   1.8499475e+01   3.6954253e-23
   1.8542135e+01   3.6756378e-23
   1.8584893e+01   3.6559489e-23
   1.8627750e+01   3.6363580e-23
   1.8670706e+01   3.6168648e-23
   1.8713761e+01   3.5974685e-23
   1.8756915e+01   3.5781688e-23
   1.8800168e+01   3.5589651e-23
   1.8843522e+01   3.5398568e-23
   1.8886975e+01   3.5208435e-23
   1.8930528e+01   3.5019247e-23
   1.8974182e+01   3.4830999e-23
   1.9017937e+01   3.4643686e-23
   1.9061792e+01   3.4457302e-23
   1.9105749e+01   3.4271844e-23
   1.9149807e+01   3.4087305e-23
   1.9193967e+01   3.3903682e-23
   1.9238228e+01   3.3720970e-23
   1.9282592e+01   3.3539163e-23
   1.9327057e+01   3.3358258e-23
   1.9371626e+01   3.3178249e-23
   1.9416297e+01   3.2999131e-23
   1.9461071e+01   3.2820901e-23
   1.9505948e+01   3.2643553e-23
   1.9550929e+01   3.2467084e-23
   1.9596014e+01   3.2291488e-23
   1.9641202e+01   3.2116761e-23
   1.9686495e+01   3.1942898e-23
   1.9731892e+01   3.1769896e-23
   1.9777394e+01   3.1597749e-23
   1.9823001e+01   3.1426454e-23
   1.9868713e+01   3.1256006e-23
   1.9914530e+01   3.1086401e-23
   1.9960454e+01   3.0917634e-23
   2.0006482e+01   3.0749702e-23
   2.0052618e+01   3.0582600e-23
   2.0098859e+01   3.0416323e-23
   2.0145207e+01   3.0250869e-23
   2.0191662e+01   3.0086232e-23
   2.0238224e+01   2.9922408e-23
   2.0284894e+01   2.9759394e-23
   2.0331671e+01   2.9597185e-23
   2.0378556e+01   2.9435778e-23
   2.0425549e+01   2.9275168e-23
   2.0472650e+01   2.9115351e-23
   2.0519861e+01   2.8956324e-23
   2.0567180e+01   2.8798083e-23
   2.0614608e+01   2.8640623e-23
   2.0662145e+01   2.8483941e-23
   2.0709792e+01   2.8328033e-23
   2.0757549e+01   2.8172896e-23
   2.0805416e+01   2.8018524e-23
   2.0853394e+01   2.7864916e-23
   2.0901482e+01   2.7712066e-23
   2.0949681e+01   2.7559971e-23
   2.0997991e+01   2.7408629e-23
   2.1046412e+01   2.7258033e-23
   2.1094945e+01   2.7108183e-23
   2.1143591e+01   2.6959072e-23
   2.1192348e+01   2.6810699e-23
   2.1241218e+01   2.6663060e-23
   2.1290200e+01   2.6516150e-23
   2.1339295e+01   2.6369966e-23
   2.1388504e+01   2.6224506e-23
   2.1437826e+01   2.6079765e-23
   2.1487262e+01   2.5935740e-23
   2.1536812e+01   2.5792427e-23
   2.1586476e+01   2.5649824e-23
   2.1636254e+01   2.5507927e-23
   2.1686148e+01   2.5366731e-23
   2.1736156e+01   2.5226235e-23
   2.1786280e+01   2.5086435e-23
   2.1836519e+01   2.4947327e-23
   2.1886874e+01   2.4808908e-23
   2.1937346e+01   2.4671175e-23
   2.1987933e+01   2.4534125e-23
   2.2038638e+01   2.4397754e-23
   2.2089459e+01   2.4262060e-23
   2.2140397e+01   2.4127038e-23
   2.2191453e+01   2.3992687e-23
   2.2242627e+01   2.3859002e-23
   2.2293919e+01   2.3725981e-23
   2.2345328e+01   2.3593621e-23
   2.2396857e+01   2.3461918e-23
   2.2448504e+01   2.3330869e-23
   2.2500271e+01   2.3200472e-23
   2.2552157e+01   2.3070723e-23
   2.2604162e+01   2.2941620e-23
   2.2656287e+01   2.2813159e-23
   2.2708533e+01   2.2685337e-23
   2.2760899e+01   2.2558152e-23
   2.2813386e+01   2.2431601e-23
   2.2865994e+01   2.2305680e-23
   2.2918723e+01   2.2180387e-23
   2.2971574e+01   2.2055719e-23
   2.3024546e+01   2.1931673e-23
   2.3077641e+01   2.1808247e-23
   2.3130858e+01   2.1685436e-23
   2.3184198e+01   2.1563240e-23
   2.3237661e+01   2.1441654e-23
   2.3291247e+01   2.1320677e-23
   2.3344957e+01   2.1200304e-23
   2.3398791e+01   2.1080535e-23
   2.3452748e+01   2.0961365e-23
   2.3506831e+01   2.0842793e-23
   2.3561038e+01   2.0724815e-23
   2.3615370e+01   2.0607429e-23
   2.3669827e+01   2.0490633e-23
   2.3724410e+01   2.0374423e-23
   2.3779118e+01   2.0258797e-23
   2.3833953e+01   2.0143753e-23
   2.3888914e+01   2.0029287e-23
   2.3944002e+01   1.9915398e-23
   2.3999217e+01   1.9802083e-23
   2.4054560e+01   1.9689339e-23
   2.4110030e+01   1.9577164e-23
   2.4165628e+01   1.9465555e-23
   2.4221354e+01   1.9354510e-23
   2.4277208e+01   1.9244026e-23
   2.4333192e+01   1.9134101e-23
   2.4389304e+01   1.9024733e-23
   2.4445546e+01   1.8915919e-23
   2.4501918e+01   1.8807656e-23
   2.4558420e+01   1.8699943e-23
   2.4615051e+01   1.8592777e-23
   2.4671814e+01   1.8486156e-23
   2.4728707e+01   1.8380077e-23
   2.4785732e+01   1.8274537e-23
   2.4842888e+01   1.8169536e-23
   2.4900176e+01   1.8065070e-23
   2.4957596e+01   1.7961137e-23
   2.5015148e+01   1.7857735e-23
   2.5072833e+01   1.7754861e-23
   2.5130652e+01   1.7652514e-23
   2.5188603e+01   1.7550692e-23
   2.5246688e+01   1.7449391e-23
   2.5304907e+01   1.7348610e-23
   2.5363261e+01   1.7248346e-23
   2.5421748e+01   1.7148599e-23
   2.5480371e+01   1.7049364e-23
   2.5539129e+01   1.6950641e-23
   2.5598023e+01   1.6852427e-23
   2.5657052e+01   1.6754721e-23
   2.5716217e+01   1.6657519e-23
   2.5775519e+01   1.6560820e-23
   2.5834957e+01   1.6464622e-23
   2.5894533e+01   1.6368923e-23
   2.5954246e+01   1.6273720e-23
   2.6014097e+01   1.6179013e-23
   2.6074085e+01   1.6084798e-23
   2.6134212e+01   1.5991075e-23
   2.6194478e+01   1.5897840e-23
   2.6254883e+01   1.5805092e-23
   2.6315427e+01   1.5712829e-23
   2.6376110e+01   1.5621050e-23
   2.6436934e+01   1.5529751e-23
   2.6497898e+01   1.5438932e-23
   2.6559002e+01   1.5348590e-23
   2.6620247e+01   1.5258724e-23
   2.6681634e+01   1.5169331e-23
   2.6743162e+01   1.5080411e-23
   2.6804832e+01   1.4991960e-23
   2.6866644e+01   1.4903978e-23
   2.6928599e+01   1.4816462e-23
   2.6990696e+01   1.4729411e-23
   2.7052937e+01   1.4642823e-23
   2.7115321e+01   1.4556695e-23
   2.7177849e+01   1.4471028e-23
   2.7240522e+01   1.4385817e-23
   2.7303338e+01   1.4301063e-23
   2.7366300e+01   1.4216763e-23
   2.7429407e+01   1.4132916e-23
   2.7492659e+01   1.4049519e-23
   2.7556058e+01   1.3966572e-23
   2.7619602e+01   1.3884072e-23
   2.7683293e+01   1.3802019e-23
   2.7747131e+01   1.3720409e-23
   2.7811116e+01   1.3639242e-23
   2.7875249e+01   1.3558517e-23
   2.7939529e+01   1.3478230e-23
   2.8003958e+01   1.3398382e-23
   2.8068536e+01   1.3318970e-23
   2.8133262e+01   1.3239993e-23
   2.8198137e+01   1.3161449e-23
   2.8263162e+01   1.3083337e-23
   2.8328338e+01   1.3005656e-23
   2.8393663e+01   1.2928403e-23
   2.8459139e+01   1.2851577e-23
   2.8524766e+01   1.2775177e-23
   2.8590544e+01   1.2699202e-23
   2.8656474e+01   1.2623649e-23
   2.8722556e+01   1.2548518e-23
   2.8788791e+01   1.2473807e-23
   2.8855178e+01   1.2399515e-23
   2.8921718e+01   1.2325640e-23
   2.8988412e+01   1.2252181e-23
   2.9055259e+01   1.2179136e-23
   2.9122261e+01   1.2106505e-23
   2.9189417e+01   1.2034285e-23
   2.9256728e+01   1.1962476e-23
   2.9324194e+01   1.1891076e-23
   2.9391816e+01   1.1820084e-23
   2.9459594e+01   1.1749498e-23
   2.9527528e+01   1.1679318e-23
   2.9595619e+01   1.1609542e-23
   2.9663866e+01   1.1540168e-23
   2.9732272e+01   1.1471196e-23
   2.9800834e+01   1.1402625e-23
   2.9869555e+01   1.1334452e-23
   2.9938435e+01   1.1266677e-23
   3.0007473e+01   1.1199299e-23
   3.0076670e+01   1.1132316e-23
   3.0146028e+01   1.1065728e-23
   3.0215544e+01   1.0999533e-23
   3.0285222e+01   1.0933730e-23
   3.0355060e+01   1.0868317e-23
   3.0425059e+01   1.0803295e-23
   3.0495219e+01   1.0738661e-23
   3.0565541e+01   1.0674414e-23
   3.0636026e+01   1.0610554e-23
   3.0706673e+01   1.0547079e-23
   3.0777482e+01   1.0483989e-23
   3.0848456e+01   1.0421282e-23
   3.0919592e+01   1.0358957e-23
   3.0990893e+01   1.0297013e-23
   3.1062358e+01   1.0235449e-23
   3.1133988e+01   1.0174265e-23
   3.1205784e+01   1.0113458e-23
   3.1277744e+01   1.0053029e-23
   3.1349871e+01   9.9929760e-24
   3.1422164e+01   9.9332981e-24
   3.1494624e+01   9.8739945e-24
   3.1567251e+01   9.8150642e-24
   3.1640045e+01   9.7565063e-24
   3.1713007e+01   9.6983199e-24
   3.1786138e+01   9.6405041e-24
   3.1859437e+01   9.5830580e-24
   3.1932905e+01   9.5259806e-24
   3.2006542e+01   9.4692712e-24
   3.2080350e+01   9.4129288e-24
   3.2154327e+01   9.3569527e-24
   3.2228475e+01   9.3013419e-24
   3.2302794e+01   9.2460956e-24
   3.2377285e+01   9.1912131e-24
   3.2451947e+01   9.1366934e-24
   3.2526782e+01   9.0825359e-24
   3.2601789e+01   9.0287397e-24
   3.2676969e+01   8.9753040e-24
   3.2752322e+01   8.9222281e-24
   3.2827849e+01   8.8695112e-24
   3.2903550e+01   8.8171526e-24
   3.2979426e+01   8.7651515e-24
   3.3055477e+01   8.7135072e-24
   3.3131703e+01   8.6622190e-24
   3.3208105e+01   8.6112861e-24
   3.3284683e+01   8.5607079e-24
   3.3361438e+01   8.5104836e-24
   3.3438370e+01   8.4606127e-24
   3.3515479e+01   8.4110943e-24
   3.3592766e+01   8.3619279e-24
   3.3670231e+01   8.3131128e-24
   3.3747875e+01   8.2646483e-24
   3.3825698e+01   8.2165339e-24
   3.3903700e+01   8.1687688e-24
   3.3981882e+01   8.1213524e-24
   3.4060245e+01   8.0742842e-24
   3.4138788e+01   8.0275635e-24
   3.4217512e+01   7.9811897e-24
   3.4296418e+01   7.9351623e-24
   3.4375506e+01   7.8894806e-24
   3.4454776e+01   7.8441441e-24
   3.4534229e+01   7.7991522e-24
   3.4613865e+01   7.7545043e-24
   3.4693685e+01   7.7101999e-24
   3.4773689e+01   7.6662384e-24
   3.4853877e+01   7.6226193e-24
   3.4934251e+01   7.5793421e-24
   3.5014809e+01   7.5364062e-24
   3.5095554e+01   7.4938110e-24
   3.5176484e+01   7.4515561e-24
   3.5257602e+01   7.4096409e-24
   3.5338906e+01   7.3680650e-24
   3.5420398e+01   7.3268278e-24
   3.5502077e+01   7.2859288e-24
   3.5583945e+01   7.2453675e-24
   3.5666002e+01   7.2051434e-24
   3.5748248e+01   7.1652561e-24
   3.5830684e+01   7.1257050e-24
   3.5913310e+01   7.0864896e-24
   3.5996126e+01   7.0476095e-24
   3.6079134e+01   7.0090642e-24
   3.6162332e+01   6.9708532e-24
   3.6245723e+01   6.9329760e-24
   3.6329306e+01   6.8954321e-24
   3.6413082e+01   6.8582212e-24
   3.6497050e+01   6.8213426e-24
   3.6581213e+01   6.7847959e-24
   3.6665569e+01   6.7485807e-24
   3.6750120e+01   6.7126965e-24
   3.6834867e+01   6.6771428e-24
   3.6919808e+01   6.6419191e-24
   3.7004945e+01   6.6070249e-24
   3.7090279e+01   6.5724598e-24
   3.7175810e+01   6.5382233e-24
   3.7261537e+01   6.5043149e-24
   3.7347463e+01   6.4707341e-24
   3.7433586e+01   6.4374804e-24
   3.7519908e+01   6.4045534e-24
   3.7606429e+01   6.3719525e-24
   3.7693150e+01   6.3396773e-24
   3.7780071e+01   6.3077271e-24
   3.7867192e+01   6.2761016e-24
   3.7954514e+01   6.2448002e-24
   3.8042037e+01   6.2138224e-24
   3.8129763e+01   6.1831676e-24
   3.8217690e+01   6.1528353e-24
   3.8305821e+01   6.1228250e-24
   3.8394154e+01   6.0931362e-24
   3.8482691e+01   6.0637681e-24
   3.8571433e+01   6.0347204e-24
   3.8660379e+01   6.0059924e-24
   3.8749530e+01   5.9775835e-24
   3.8838886e+01   5.9494932e-24
   3.8928449e+01   5.9217207e-24
   3.9018219e+01   5.8942656e-24
   3.9108195e+01   5.8671272e-24
   3.9198379e+01   5.8403048e-24
   3.9288770e+01   5.8137979e-24
   3.9379371e+01   5.7876056e-24
   3.9470180e+01   5.7617274e-24
   3.9561198e+01   5.7361626e-24
   3.9652427e+01   5.7109104e-24
   3.9743865e+01   5.6859701e-24
   3.9835515e+01   5.6613411e-24
   3.9927376e+01   5.6370225e-24
   4.0019449e+01   5.6130137e-24
   4.0111734e+01   5.5893137e-24
   4.0204232e+01   5.5659219e-24
   4.0296943e+01   5.5428375e-24
   4.0389868e+01   5.5200595e-24
   4.0483008e+01   5.4975871e-24
   4.0576362e+01   5.4754196e-24
   4.0669931e+01   5.4535559e-24
   4.0763716e+01   5.4319953e-24
   4.0857718e+01   5.4107368e-24
   4.0951936e+01   5.3897794e-24
   4.1046372e+01   5.3691222e-24
   4.1141025e+01   5.3487643e-24
   4.1235896e+01   5.3287046e-24
   4.1330987e+01   5.3089422e-24
   4.1426296e+01   5.2894759e-24
   4.1521826e+01   5.2703048e-24
   4.1617575e+01   5.2514277e-24
   4.1713546e+01   5.2328436e-24
   4.1809737e+01   5.2145514e-24
   4.1906151e+01   5.1965499e-24
   4.2002787e+01   5.1788379e-24
   4.2099646e+01   5.1614143e-24
   4.2196728e+01   5.1442779e-24
   4.2294034e+01   5.1274275e-24
   4.2391564e+01   5.1108617e-24
   4.2489319e+01   5.0945794e-24
   4.2587300e+01   5.0785793e-24
   4.2685507e+01   5.0628600e-24
   4.2783940e+01   5.0474202e-24
   4.2882600e+01   5.0322585e-24
   4.2981488e+01   5.0173736e-24
   4.3080603e+01   5.0027641e-24
   4.3179947e+01   4.9884285e-24
   4.3279521e+01   4.9743654e-24
   4.3379324e+01   4.9605733e-24
   4.3479357e+01   4.9470508e-24
   4.3579620e+01   4.9337964e-24
   4.3680115e+01   4.9208084e-24
   4.3780842e+01   4.9080854e-24
   4.3881801e+01   4.8956258e-24
   4.3982993e+01   4.8834280e-24
   4.4084418e+01   4.8714903e-24
   4.4186077e+01   4.8598112e-24
   4.4287970e+01   4.8483889e-24
   4.4390099e+01   4.8372218e-24
   4.4492463e+01   4.8263083e-24
   4.4595062e+01   4.8156465e-24
   4.4697899e+01   4.8052348e-24
   4.4800973e+01   4.7950714e-24
   4.4904284e+01   4.7851546e-24
   4.5007834e+01   4.7754825e-24
   4.5111622e+01   4.7660533e-24
   4.5215650e+01   4.7568652e-24
   4.5319918e+01   4.7479164e-24
   4.5424426e+01   4.7392050e-24
   4.5529175e+01   4.7307292e-24
   4.5634165e+01   4.7224870e-24
   4.5739398e+01   4.7144766e-24
   4.5844873e+01   4.7066960e-24
   4.5950592e+01   4.6991433e-24
   4.6056554e+01   4.6918166e-24
   4.6162761e+01   4.6847138e-24
   4.6269213e+01   4.6778331e-24
   4.6375910e+01   4.6711725e-24
   4.6482853e+01   4.6647299e-24
   4.6590043e+01   4.6585033e-24
   4.6697480e+01   4.6524908e-24
   4.6805165e+01   4.6466903e-24
   4.6913098e+01   4.6410998e-24
   4.7021280e+01   4.6357172e-24
   4.7129711e+01   4.6305405e-24
   4.7238393e+01   4.6255676e-24
   4.7347325e+01   4.6207965e-24
   4.7456508e+01   4.6162251e-24
   4.7565943e+01   4.6118513e-24
   4.7675631e+01   4.6076730e-24
   4.7785571e+01   4.6036882e-24
   4.7895765e+01   4.5998948e-24
   4.8006213e+01   4.5962906e-24
   4.8116916e+01   4.5928736e-24
   4.8227874e+01   4.5896417e-24
   4.8339087e+01   4.5865928e-24
   4.8450558e+01   4.5837247e-24
   4.8562285e+01   4.5810354e-24
   4.8674270e+01   4.5785228e-24
   4.8786513e+01   4.5761848e-24
   4.8899015e+01   4.5740192e-24
   4.9011777e+01   4.5720241e-24
   4.9124798e+01   4.5701972e-24
   4.9238081e+01   4.5685365e-24
   4.9351624e+01   4.5670400e-24
   4.9465429e+01   4.5657054e-24
   4.9579497e+01   4.5645308e-24
   4.9693828e+01   4.5635141e-24
   4.9808422e+01   4.5626531e-24
   4.9923280e+01   4.5619459e-24
   5.0038404e+01   4.5613904e-24
   5.0153793e+01   4.5609845e-24
   5.0269448e+01   4.5607262e-24
   5.0385370e+01   4.5606135e-24
   5.0501559e+01   4.5606443e-24
   5.0618016e+01   4.5608165e-24
   5.0734741e+01   4.5611283e-24
   5.0851736e+01   4.5615775e-24
   5.0969000e+01   4.5621623e-24
   5.1086535e+01   4.5628806e-24
   5.1204341e+01   4.5637304e-24
   5.1322419e+01   4.5647098e-24
   5.1440769e+01   4.5658169e-24
   5.1559392e+01   4.5670496e-24
   5.1678288e+01   4.5684062e-24
   5.1797458e+01   4.5698846e-24
   5.1916904e+01   4.5714830e-24
   5.2036625e+01   4.5731994e-24
   5.2156621e+01   4.5750321e-24
   5.2276895e+01   4.5769791e-24
   5.2397446e+01   4.5790386e-24
   5.2518275e+01   4.5812088e-24
   5.2639382e+01   4.5834878e-24
   5.2760769e+01   4.5858738e-24
   5.2882436e+01   4.5883651e-24
   5.3004383e+01   4.5909599e-24
   5.3126612e+01   4.5936564e-24
   5.3249122e+01   4.5964528e-24
   5.3371915e+01   4.5993474e-24
   5.3494991e+01   4.6023386e-24
   5.3618351e+01   4.6054246e-24
   5.3741995e+01   4.6086036e-24
   5.3865925e+01   4.6118742e-24
   5.3990140e+01   4.6152345e-24
   5.4114642e+01   4.6186830e-24
   5.4239430e+01   4.6222181e-24
   5.4364507e+01   4.6258380e-24
   5.4489872e+01   4.6295414e-24
   5.4615526e+01   4.6333264e-24
   5.4741470e+01   4.6371917e-24
   5.4867704e+01   4.6411357e-24
   5.4994229e+01   4.6451568e-24
   5.5121046e+01   4.6492535e-24
   5.5248156e+01   4.6534244e-24
   5.5375559e+01   4.6576679e-24
   5.5503255e+01   4.6619826e-24
   5.5631246e+01   4.6663671e-24
   5.5759532e+01   4.6708199e-24
   5.5888114e+01   4.6753397e-24
   5.6016992e+01   4.6799250e-24
   5.6146168e+01   4.6845744e-24
   5.6275642e+01   4.6892866e-24
   5.6405414e+01   4.6940603e-24
   5.6535485e+01   4.6988941e-24
   5.6665856e+01   4.7037867e-24
   5.6796528e+01   4.7087368e-24
   5.6927501e+01   4.7137431e-24
   5.7058777e+01   4.7188044e-24
   5.7190355e+01   4.7239194e-24
   5.7322236e+01   4.7290870e-24
   5.7454421e+01   4.7343057e-24
   5.7586912e+01   4.7395746e-24
   5.7719708e+01   4.7448923e-24
   5.7852810e+01   4.7502578e-24
   5.7986219e+01   4.7556698e-24
   5.8119935e+01   4.7611272e-24
   5.8253960e+01   4.7666289e-24
   5.8388294e+01   4.7721739e-24
   5.8522938e+01   4.7777609e-24
   5.8657893e+01   4.7833890e-24
   5.8793158e+01   4.7890570e-24
   5.8928736e+01   4.7947639e-24
   5.9064626e+01   4.8005087e-24
   5.9200829e+01   4.8062904e-24
   5.9337347e+01   4.8121080e-24
   5.9474179e+01   4.8179604e-24
   5.9611327e+01   4.8238467e-24
   5.9748791e+01   4.8297659e-24
   5.9886572e+01   4.8357172e-24
   6.0024671e+01   4.8416995e-24
   6.0163089e+01   4.8477119e-24
   6.0301825e+01   4.8537536e-24
   6.0440882e+01   4.8598236e-24
   6.0580259e+01   4.8659210e-24
   6.0719957e+01   4.8720451e-24
   6.0859978e+01   4.8781949e-24
   6.1000322e+01   4.8843696e-24
   6.1140989e+01   4.8905684e-24
   6.1281980e+01   4.8967904e-24
   6.1423297e+01   4.9030349e-24
   6.1564940e+01   4.9093011e-24
   6.1706909e+01   4.9155882e-24
   6.1849206e+01   4.9218954e-24
   6.1991830e+01   4.9282219e-24
   6.2134784e+01   4.9345671e-24
   6.2278067e+01   4.9409303e-24
   6.2421681e+01   4.9473106e-24
   6.2565626e+01   4.9537074e-24
   6.2709903e+01   4.9601200e-24
   6.2854512e+01   4.9665477e-24
   6.2999455e+01   4.9729898e-24
   6.3144732e+01   4.9794458e-24
   6.3290345e+01   4.9859148e-24
   6.3436293e+01   4.9923963e-24
   6.3582577e+01   4.9988897e-24
   6.3729199e+01   5.0053944e-24
   6.3876159e+01   5.0119096e-24
   6.4023458e+01   5.0184350e-24
   6.4171097e+01   5.0249697e-24
   6.4319076e+01   5.0315133e-24
   6.4467396e+01   5.0380653e-24
   6.4616058e+01   5.0446249e-24
   6.4765063e+01   5.0511918e-24
   6.4914412e+01   5.0577653e-24
   6.5064105e+01   5.0643450e-24
   6.5214144e+01   5.0709303e-24
   6.5364528e+01   5.0775206e-24
   6.5515259e+01   5.0841156e-24
   6.5666338e+01   5.0907146e-24
   6.5817765e+01   5.0973173e-24
   6.5969541e+01   5.1039231e-24
   6.6121667e+01   5.1105316e-24
   6.6274144e+01   5.1171423e-24
   6.6426973e+01   5.1237547e-24
   6.6580154e+01   5.1303685e-24
   6.6733688e+01   5.1369831e-24
   6.6887577e+01   5.1435982e-24
   6.7041820e+01   5.1502134e-24
   6.7196419e+01   5.1568281e-24
   6.7351374e+01   5.1634421e-24
   6.7506687e+01   5.1700549e-24
   6.7662358e+01   5.1766661e-24
   6.7818388e+01   5.1832754e-24
   6.7974778e+01   5.1898824e-24
   6.8131528e+01   5.1964867e-24
   6.8288640e+01   5.2030879e-24
   6.8446114e+01   5.2096857e-24
   6.8603951e+01   5.2162798e-24
   6.8762153e+01   5.2228698e-24
   6.8920719e+01   5.2294553e-24
   6.9079650e+01   5.2360361e-24
   6.9238949e+01   5.2426119e-24
   6.9398614e+01   5.2491822e-24
   6.9558648e+01   5.2557468e-24
   6.9719051e+01   5.2623055e-24
   6.9879823e+01   5.2688578e-24
   7.0040967e+01   5.2754036e-24
   7.0202482e+01   5.2819425e-24
   7.0364369e+01   5.2884742e-24
   7.0526630e+01   5.2949985e-24
   7.0689265e+01   5.3015152e-24
   7.0852275e+01   5.3080238e-24
   7.1015661e+01   5.3145243e-24
   7.1179423e+01   5.3210163e-24
   7.1343564e+01   5.3274996e-24
   7.1508083e+01   5.3339740e-24
   7.1672981e+01   5.3404392e-24
   7.1838259e+01   5.3468949e-24
   7.2003919e+01   5.3533410e-24
   7.2169960e+01   5.3597773e-24
   7.2336385e+01   5.3662035e-24
   7.2503193e+01   5.3726194e-24
   7.2670386e+01   5.3790248e-24
   7.2837964e+01   5.3854195e-24
   7.3005929e+01   5.3918033e-24
   7.3174282e+01   5.3981760e-24
   7.3343022e+01   5.4045375e-24
   7.3512152e+01   5.4108874e-24
   7.3681671e+01   5.4172258e-24
   7.3851582e+01   5.4235523e-24
   7.4021884e+01   5.4298668e-24
   7.4192579e+01   5.4361692e-24
   7.4363668e+01   5.4424592e-24
   7.4535151e+01   5.4487368e-24
   7.4707029e+01   5.4550017e-24
   7.4879304e+01   5.4612538e-24
   7.5051977e+01   5.4674930e-24
   7.5225047e+01   5.4737191e-24
   7.5398517e+01   5.4799320e-24
   7.5572386e+01   5.4861315e-24
   7.5746657e+01   5.4923175e-24
   7.5921329e+01   5.4984898e-24
   7.6096404e+01   5.5046484e-24
   7.6271883e+01   5.5107932e-24
   7.6447767e+01   5.5169239e-24
   7.6624056e+01   5.5230405e-24
   7.6800751e+01   5.5291428e-24
   7.6977855e+01   5.5352308e-24
   7.7155366e+01   5.5413043e-24
   7.7333287e+01   5.5473633e-24
   7.7511618e+01   5.5534076e-24
   7.7690361e+01   5.5594371e-24
   7.7869515e+01   5.5654518e-24
   7.8049083e+01   5.5714515e-24
   7.8229065e+01   5.5774361e-24
   7.8409461e+01   5.5834056e-24
   7.8590274e+01   5.5893599e-24
   7.8771504e+01   5.5952989e-24
   7.8953152e+01   5.6012225e-24
   7.9135218e+01   5.6071306e-24
   7.9317705e+01   5.6130232e-24
   7.9500612e+01   5.6189001e-24
   7.9683941e+01   5.6247614e-24
   7.9867693e+01   5.6306069e-24
   8.0051868e+01   5.6364366e-24
   8.0236468e+01   5.6422504e-24
   8.0421494e+01   5.6480483e-24
   8.0606947e+01   5.6538301e-24
   8.0792827e+01   5.6595959e-24
   8.0979136e+01   5.6653456e-24
   8.1165874e+01   5.6710791e-24
   8.1353044e+01   5.6767964e-24
   8.1540644e+01   5.6824974e-24
   8.1728678e+01   5.6881822e-24
   8.1917145e+01   5.6938505e-24
   8.2106046e+01   5.6995025e-24
   8.2295383e+01   5.7051380e-24
   8.2485157e+01   5.7107570e-24
   8.2675369e+01   5.7163595e-24
   8.2866019e+01   5.7219454e-24
   8.3057108e+01   5.7275148e-24
   8.3248639e+01   5.7330676e-24
   8.3440611e+01   5.7386037e-24
   8.3633025e+01   5.7441231e-24
   8.3825884e+01   5.7496258e-24
   8.4019187e+01   5.7551118e-24
   8.4212936e+01   5.7605811e-24
   8.4407131e+01   5.7660336e-24
   8.4601775e+01   5.7714693e-24
   8.4796867e+01   5.7768881e-24
   8.4992409e+01   5.7822902e-24
   8.5188403e+01   5.7876754e-24
   8.5384848e+01   5.7930438e-24
   8.5581746e+01   5.7983953e-24
   8.5779098e+01   5.8037299e-24
   8.5976905e+01   5.8090477e-24
   8.6175169e+01   5.8143485e-24
   8.6373889e+01   5.8196324e-24
   8.6573068e+01   5.8248995e-24
   8.6772706e+01   5.8301496e-24
   8.6972805e+01   5.8353828e-24
   8.7173365e+01   5.8405991e-24
   8.7374387e+01   5.8457985e-24
   8.7575873e+01   5.8509809e-24
   8.7777824e+01   5.8561465e-24
   8.7980240e+01   5.8612951e-24
   8.8183123e+01   5.8664268e-24
   8.8386474e+01   5.8715416e-24
   8.8590294e+01   5.8766395e-24
   8.8794584e+01   5.8817206e-24
   8.8999345e+01   5.8867847e-24
   8.9204578e+01   5.8918320e-24
   8.9410285e+01   5.8968624e-24
   8.9616465e+01   5.9018760e-24
   8.9823122e+01   5.9068727e-24
   9.0030254e+01   5.9118526e-24
   9.0237865e+01   5.9168157e-24
   9.0445954e+01   5.9217620e-24
   9.0654523e+01   5.9266916e-24
   9.0863573e+01   5.9316043e-24
   9.1073105e+01   5.9365004e-24
   9.1283120e+01   5.9413797e-24
   9.1493620e+01   5.9462423e-24
   9.1704605e+01   5.9510882e-24
   9.1916077e+01   5.9559175e-24
   9.2128036e+01   5.9607301e-24
   9.2340484e+01   5.9655261e-24
   9.2553422e+01   5.9703055e-24
   9.2766850e+01   5.9750683e-24
   9.2980771e+01   5.9798146e-24
   9.3195186e+01   5.9845444e-24
   9.3410095e+01   5.9892577e-24
   9.3625499e+01   5.9939546e-24
   9.3841400e+01   5.9986350e-24
   9.4057799e+01   6.0032989e-24
   9.4274697e+01   6.0079466e-24
   9.4492095e+01   6.0125778e-24
   9.4709995e+01   6.0171928e-24
   9.4928397e+01   6.0217914e-24
   9.5147302e+01   6.0263739e-24
   9.5366713e+01   6.0309401e-24
   9.5586629e+01   6.0354901e-24
   9.5807053e+01   6.0400239e-24
   9.6027984e+01   6.0445417e-24
   9.6249426e+01   6.0490433e-24
   9.6471378e+01   6.0535289e-24
   9.6693841e+01   6.0579985e-24
   9.6916818e+01   6.0624521e-24
   9.7140309e+01   6.0668898e-24
   9.7364315e+01   6.0713116e-24
   9.7588838e+01   6.0757175e-24
   9.7813879e+01   6.0801076e-24
   9.8039438e+01   6.0844819e-24
   9.8265518e+01   6.0888404e-24
   9.8492119e+01   6.0931833e-24
   9.8719243e+01   6.0975104e-24
   9.8946890e+01   6.1018220e-24
   9.9175062e+01   6.1061179e-24
   9.9403761e+01   6.1103983e-24
   9.9632987e+01   6.1146632e-24
   9.9862741e+01   6.1189127e-24
   1.0009303e+02   6.1231467e-24
   1.0032384e+02   6.1273654e-24
   1.0055519e+02   6.1315687e-24
   1.0078707e+02   6.1357567e-24
   1.0101948e+02   6.1399295e-24
   1.0125244e+02   6.1440871e-24
   1.0148593e+02   6.1482295e-24
   1.0171995e+02   6.1523569e-24
   1.0195452e+02   6.1564691e-24
   1.0218963e+02   6.1605663e-24
   1.0242528e+02   6.1646486e-24
   1.0266147e+02   6.1687159e-24
   1.0289821e+02   6.1727684e-24
   1.0313549e+02   6.1768060e-24
   1.0337332e+02   6.1808289e-24
   1.0361170e+02   6.1848369e-24
   1.0385063e+02   6.1888303e-24
   1.0409011e+02   6.1928091e-24
   1.0433015e+02   6.1967733e-24
   1.0457073e+02   6.2007229e-24
   1.0481187e+02   6.2046580e-24
   1.0505357e+02   6.2085787e-24
   1.0529582e+02   6.2124849e-24
   1.0553864e+02   6.2163769e-24
   1.0578201e+02   6.2202545e-24
   1.0602594e+02   6.2241178e-24
   1.0627044e+02   6.2279670e-24
   1.0651550e+02   6.2318020e-24
   1.0676113e+02   6.2356229e-24
   1.0700732e+02   6.2394298e-24
   1.0725408e+02   6.2432226e-24
   1.0750141e+02   6.2470015e-24
   1.0774931e+02   6.2507665e-24
   1.0799778e+02   6.2545177e-24
   1.0824682e+02   6.2582551e-24
   1.0849644e+02   6.2619787e-24
   1.0874663e+02   6.2656886e-24
   1.0899740e+02   6.2693849e-24
   1.0924875e+02   6.2730676e-24
   1.0950068e+02   6.2767368e-24
   1.0975319e+02   6.2803924e-24
   1.1000628e+02   6.2840347e-24
   1.1025996e+02   6.2876636e-24
   1.1051422e+02   6.2912791e-24
   1.1076906e+02   6.2948814e-24
   1.1102450e+02   6.2984704e-24
   1.1128052e+02   6.3020463e-24
   1.1153714e+02   6.3056090e-24
   1.1179434e+02   6.3091588e-24
   1.1205214e+02   6.3126954e-24
   1.1231053e+02   6.3162192e-24
   1.1256952e+02   6.3197300e-24
   1.1282911e+02   6.3232280e-24
   1.1308929e+02   6.3267132e-24
   1.1335008e+02   6.3301856e-24
   1.1361146e+02   6.3336454e-24
   1.1387345e+02   6.3370925e-24
   1.1413605e+02   6.3405271e-24
   1.1439924e+02   6.3439491e-24
   1.1466305e+02   6.3473587e-24
   1.1492746e+02   6.3507558e-24
   1.1519249e+02   6.3541406e-24
   1.1545812e+02   6.3575131e-24
   1.1572437e+02   6.3608733e-24
   1.1599123e+02   6.3642213e-24
   1.1625871e+02   6.3675572e-24
   1.1652680e+02   6.3708809e-24
   1.1679551e+02   6.3741927e-24
   1.1706484e+02   6.3774924e-24
   1.1733480e+02   6.3807803e-24
   1.1760537e+02   6.3840562e-24
   1.1787657e+02   6.3873204e-24
   1.1814839e+02   6.3905727e-24
   1.1842085e+02   6.3938134e-24
   1.1869392e+02   6.3970424e-24
   1.1896763e+02   6.4002598e-24
   1.1924197e+02   6.4034657e-24
   1.1951695e+02   6.4066601e-24
   1.1979255e+02   6.4098430e-24
   1.2006880e+02   6.4130146e-24
   1.2034568e+02   6.4161748e-24
   1.2062319e+02   6.4193238e-24
   1.2090135e+02   6.4224615e-24
   1.2118015e+02   6.4255881e-24
   1.2145959e+02   6.4287036e-24
   1.2173968e+02   6.4318080e-24
   1.2202041e+02   6.4349014e-24
   1.2230179e+02   6.4379839e-24
   1.2258382e+02   6.4410555e-24
   1.2286650e+02   6.4441163e-24
   1.2314983e+02   6.4471663e-24
   1.2343382e+02   6.4502055e-24
   1.2371846e+02   6.4532341e-24
   1.2400375e+02   6.4562521e-24
   1.2428971e+02   6.4592595e-24
   1.2457632e+02   6.4622564e-24
   1.2486359e+02   6.4652429e-24
   1.2515153e+02   6.4682190e-24
   1.2544013e+02   6.4711847e-24
   1.2572940e+02   6.4741402e-24
   1.2601933e+02   6.4770854e-24
   1.2630993e+02   6.4800204e-24
   1.2660120e+02   6.4829453e-24
   1.2689314e+02   6.4858602e-24
   1.2718576e+02   6.4887650e-24
   1.2747905e+02   6.4916599e-24
   1.2777302e+02   6.4945449e-24
   1.2806767e+02   6.4974200e-24
   1.2836299e+02   6.5002853e-24
   1.2865900e+02   6.5031409e-24
   1.2895569e+02   6.5059868e-24
   1.2925306e+02   6.5088230e-24
   1.2955112e+02   6.5116497e-24
   1.2984986e+02   6.5144669e-24
   1.3014930e+02   6.5172746e-24
   1.3044942e+02   6.5200729e-24
   1.3075024e+02   6.5228618e-24
   1.3105175e+02   6.5256414e-24
   1.3135396e+02   6.5284117e-24
   1.3165686e+02   6.5311729e-24
   1.3196046e+02   6.5339249e-24
   1.3226476e+02   6.5366678e-24
   1.3256977e+02   6.5394017e-24
   1.3287547e+02   6.5421265e-24
   1.3318189e+02   6.5448425e-24
   1.3348901e+02   6.5475496e-24
   1.3379683e+02   6.5502478e-24
   1.3410537e+02   6.5529373e-24
   1.3441462e+02   6.5556181e-24
   1.3472458e+02   6.5582902e-24
   1.3503525e+02   6.5609536e-24
   1.3534665e+02   6.5636086e-24
   1.3565876e+02   6.5662550e-24
   1.3597159e+02   6.5688930e-24
   1.3628514e+02   6.5715225e-24
   1.3659941e+02   6.5741438e-24
   1.3691441e+02   6.5767567e-24
   1.3723014e+02   6.5793614e-24
   1.3754659e+02   6.5819579e-24
   1.3786377e+02   6.5845463e-24
   1.3818169e+02   6.5871266e-24
   1.3850034e+02   6.5896989e-24
   1.3881972e+02   6.5922632e-24
   1.3913984e+02   6.5948196e-24
   1.3946070e+02   6.5973681e-24
   1.3978229e+02   6.5999088e-24
   1.4010463e+02   6.6024417e-24
   1.4042772e+02   6.6049669e-24
   1.4075154e+02   6.6074844e-24
   1.4107612e+02   6.6099944e-24
   1.4140144e+02   6.6124968e-24
   1.4172751e+02   6.6149916e-24
   1.4205434e+02   6.6174791e-24
   1.4238192e+02   6.6199591e-24
   1.4271025e+02   6.6224318e-24
   1.4303934e+02   6.6248972e-24
   1.4336919e+02   6.6273553e-24
   1.4369980e+02   6.6298063e-24
   1.4403117e+02   6.6322501e-24
   1.4436331e+02   6.6346868e-24
   1.4469621e+02   6.6371165e-24
   1.4502988e+02   6.6395392e-24
   1.4536432e+02   6.6419550e-24
   1.4569954e+02   6.6443638e-24
   1.4603552e+02   6.6467659e-24
   1.4637228e+02   6.6491611e-24
   1.4670981e+02   6.6515497e-24
   1.4704813e+02   6.6539315e-24
   1.4738722e+02   6.6563068e-24
   1.4772710e+02   6.6586754e-24
   1.4806776e+02   6.6610376e-24
   1.4840920e+02   6.6633932e-24
   1.4875144e+02   6.6657424e-24
   1.4909446e+02   6.6680853e-24
   1.4943827e+02   6.6704218e-24
   1.4978288e+02   6.6727521e-24
   1.5012828e+02   6.6750761e-24
   1.5047447e+02   6.6773940e-24
   1.5082147e+02   6.6797057e-24
   1.5116927e+02   6.6820114e-24
   1.5151786e+02   6.6843111e-24
   1.5186726e+02   6.6866048e-24
   1.5221747e+02   6.6888925e-24
   1.5256849e+02   6.6911744e-24
   1.5292031e+02   6.6934505e-24
   1.5327295e+02   6.6957208e-24
   1.5362639e+02   6.6979854e-24
   1.5398066e+02   6.7002443e-24
   1.5433574e+02   6.7024976e-24
   1.5469164e+02   6.7047453e-24
   1.5504836e+02   6.7069875e-24
   1.5540590e+02   6.7092242e-24
   1.5576427e+02   6.7114556e-24
   1.5612346e+02   6.7136815e-24
   1.5648348e+02   6.7159021e-24
   1.5684434e+02   6.7181174e-24
   1.5720602e+02   6.7203275e-24
   1.5756854e+02   6.7225325e-24
   1.5793189e+02   6.7247323e-24
   1.5829608e+02   6.7269270e-24
   1.5866112e+02   6.7291167e-24
   1.5902699e+02   6.7313014e-24
   1.5939371e+02   6.7334812e-24
   1.5976127e+02   6.7356561e-24
   1.6012968e+02   6.7378262e-24
   1.6049894e+02   6.7399915e-24
   1.6086905e+02   6.7421520e-24
   1.6124002e+02   6.7443079e-24
   1.6161184e+02   6.7464591e-24
   1.6198452e+02   6.7486057e-24
   1.6235805e+02   6.7507478e-24
   1.6273245e+02   6.7528854e-24
   1.6310772e+02   6.7550186e-24
   1.6348384e+02   6.7571473e-24
   1.6386084e+02   6.7592717e-24
   1.6423870e+02   6.7613918e-24
   1.6461744e+02   6.7635077e-24
   1.6499705e+02   6.7656193e-24
   1.6537753e+02   6.7677268e-24
   1.6575889e+02   6.7698301e-24
   1.6614114e+02   6.7719295e-24
   1.6652426e+02   6.7740248e-24
   1.6690826e+02   6.7761161e-24
   1.6729316e+02   6.7782035e-24
   1.6767894e+02   6.7802870e-24
   1.6806560e+02   6.7823667e-24
   1.6845316e+02   6.7844427e-24
   1.6884162e+02   6.7865149e-24
   1.6923097e+02   6.7885834e-24
   1.6962122e+02   6.7906483e-24
   1.7001236e+02   6.7927096e-24
   1.7040441e+02   6.7947673e-24
   1.7079737e+02   6.7968216e-24
   1.7119123e+02   6.7988724e-24
   1.7158600e+02   6.8009199e-24
   1.7198168e+02   6.8029639e-24
   1.7237827e+02   6.8050047e-24
   1.7277577e+02   6.8070422e-24
   1.7317419e+02   6.8090765e-24
   1.7357354e+02   6.8111076e-24
   1.7397380e+02   6.8131356e-24
   1.7437498e+02   6.8151606e-24
   1.7477709e+02   6.8171825e-24
   1.7518013e+02   6.8192014e-24
   1.7558410e+02   6.8212175e-24
   1.7598899e+02   6.8232306e-24
   1.7639483e+02   6.8252409e-24
   1.7680159e+02   6.8272484e-24
   1.7720930e+02   6.8292531e-24
   1.7761795e+02   6.8312552e-24
   1.7802753e+02   6.8332546e-24
   1.7843807e+02   6.8352514e-24
   1.7884955e+02   6.8372456e-24
   1.7926198e+02   6.8392373e-24
   1.7967535e+02   6.8412266e-24
   1.8008969e+02   6.8432134e-24
   1.8050498e+02   6.8451978e-24
   1.8092122e+02   6.8471800e-24
   1.8133843e+02   6.8491598e-24
   1.8175659e+02   6.8511374e-24
   1.8217573e+02   6.8531128e-24
   1.8259583e+02   6.8550861e-24
   1.8301689e+02   6.8570572e-24
   1.8343893e+02   6.8590263e-24
   1.8386194e+02   6.8609934e-24
   1.8428593e+02   6.8629586e-24
   1.8471089e+02   6.8649218e-24
   1.8513684e+02   6.8668831e-24
   1.8556377e+02   6.8688426e-24
   1.8599168e+02   6.8708004e-24
   1.8642058e+02   6.8727564e-24
   1.8685046e+02   6.8747107e-24
   1.8728134e+02   6.8766634e-24
   1.8771321e+02   6.8786144e-24
   1.8814608e+02   6.8805639e-24
   1.8857995e+02   6.8825119e-24
   1.8901482e+02   6.8844585e-24
   1.8945068e+02   6.8864036e-24
   1.8988756e+02   6.8883474e-24
   1.9032544e+02   6.8902898e-24
   1.9076433e+02   6.8922309e-24
   1.9120424e+02   6.8941709e-24
   1.9164516e+02   6.8961096e-24
   1.9208709e+02   6.8980471e-24
   1.9253005e+02   6.8999836e-24
   1.9297402e+02   6.9019190e-24
   1.9341902e+02   6.9038534e-24
   1.9386505e+02   6.9057869e-24
   1.9431210e+02   6.9077194e-24
   1.9476019e+02   6.9096510e-24
   1.9520930e+02   6.9115818e-24
   1.9565946e+02   6.9135119e-24
   1.9611065e+02   6.9154411e-24
   1.9656288e+02   6.9173697e-24
   1.9701616e+02   6.9192977e-24
   1.9747048e+02   6.9212250e-24
   1.9792585e+02   6.9231518e-24
   1.9838227e+02   6.9250780e-24
   1.9883974e+02   6.9270038e-24
   1.9929826e+02   6.9289291e-24
   1.9975785e+02   6.9308541e-24
   2.0021849e+02   6.9327787e-24
   2.0068020e+02   6.9347031e-24
   2.0114297e+02   6.9366272e-24
   2.0160680e+02   6.9385511e-24
   2.0207171e+02   6.9404748e-24
   2.0253769e+02   6.9423984e-24
   2.0300474e+02   6.9443219e-24
   2.0347287e+02   6.9462455e-24
   2.0394208e+02   6.9481690e-24
   2.0441237e+02   6.9500926e-24
   2.0488375e+02   6.9520163e-24
   2.0535621e+02   6.9539402e-24
   2.0582977e+02   6.9558642e-24
   2.0630441e+02   6.9577885e-24
   2.0678015e+02   6.9597131e-24
   2.0725699e+02   6.9616381e-24
   2.0773492e+02   6.9635634e-24
   2.0821396e+02   6.9654891e-24
   2.0869411e+02   6.9674153e-24
   2.0917536e+02   6.9693420e-24
   2.0965772e+02   6.9712692e-24
   2.1014119e+02   6.9731971e-24
   2.1062578e+02   6.9751256e-24
   2.1111148e+02   6.9770548e-24
   2.1159831e+02   6.9789847e-24
   2.1208625e+02   6.9809154e-24
   2.1257533e+02   6.9828469e-24
   2.1306553e+02   6.9847793e-24
   2.1355686e+02   6.9867126e-24
   2.1404932e+02   6.9886468e-24
   2.1454292e+02   6.9905821e-24
   2.1503766e+02   6.9925184e-24
   2.1553354e+02   6.9944557e-24
   2.1603056e+02   6.9963943e-24
   2.1652873e+02   6.9983340e-24
   2.1702804e+02   7.0002749e-24
   2.1752851e+02   7.0022171e-24
   2.1803013e+02   7.0041606e-24
   2.1853291e+02   7.0061054e-24
   2.1903685e+02   7.0080517e-24
   2.1954195e+02   7.0099994e-24
   2.2004822e+02   7.0119486e-24
   2.2055565e+02   7.0138993e-24
   2.2106425e+02   7.0158516e-24
   2.2157403e+02   7.0178055e-24
   2.2208498e+02   7.0197611e-24
   2.2259711e+02   7.0217184e-24
   2.2311042e+02   7.0236775e-24
   2.2362491e+02   7.0256383e-24
   2.2414060e+02   7.0276011e-24
   2.2465747e+02   7.0295657e-24
   2.2517553e+02   7.0315322e-24
   2.2569478e+02   7.0335007e-24
   2.2621524e+02   7.0354713e-24
   2.2673689e+02   7.0374439e-24
   2.2725975e+02   7.0394186e-24
   2.2778381e+02   7.0413955e-24
   2.2830908e+02   7.0433746e-24
   2.2883556e+02   7.0453560e-24
   2.2936326e+02   7.0473396e-24
   2.2989217e+02   7.0493256e-24
   2.3042231e+02   7.0513140e-24
   2.3095366e+02   7.0533047e-24
   2.3148624e+02   7.0552980e-24
   2.3202005e+02   7.0572938e-24
   2.3255509e+02   7.0592921e-24
   2.3309137e+02   7.0612931e-24
   2.3362888e+02   7.0632967e-24
   2.3416763e+02   7.0653030e-24
   2.3470762e+02   7.0673121e-24
   2.3524886e+02   7.0693239e-24
   2.3579134e+02   7.0713386e-24
   2.3633508e+02   7.0733561e-24
   2.3688007e+02   7.0753766e-24
   2.3742632e+02   7.0774001e-24
   2.3797382e+02   7.0794265e-24
   2.3852259e+02   7.0814560e-24
   2.3907263e+02   7.0834887e-24
   2.3962393e+02   7.0855244e-24
   2.4017651e+02   7.0875634e-24
   2.4073036e+02   7.0896056e-24
   2.4128548e+02   7.0916511e-24
   2.4184189e+02   7.0936999e-24
   2.4239958e+02   7.0957521e-24
   2.4295855e+02   7.0978078e-24
   2.4351882e+02   7.0998669e-24
   2.4408037e+02   7.1019295e-24
   2.4464322e+02   7.1039956e-24
   2.4520737e+02   7.1060654e-24
   2.4577282e+02   7.1081388e-24
   2.4633958e+02   7.1102159e-24
   2.4690764e+02   7.1122968e-24
   2.4747701e+02   7.1143814e-24
   2.4804769e+02   7.1164699e-24
   2.4861969e+02   7.1185622e-24
   2.4919301e+02   7.1206585e-24
   2.4976765e+02   7.1227588e-24
   2.5034362e+02   7.1248630e-24
   2.5092091e+02   7.1269713e-24
   2.5149954e+02   7.1290838e-24
   2.5207950e+02   7.1312004e-24
   2.5266080e+02   7.1333211e-24
   2.5324343e+02   7.1354462e-24
   2.5382742e+02   7.1375755e-24
   2.5441274e+02   7.1397092e-24
   2.5499942e+02   7.1418472e-24
   2.5558745e+02   7.1439897e-24
   2.5617684e+02   7.1461367e-24
   2.5676758e+02   7.1482881e-24
   2.5735969e+02   7.1504442e-24
   2.5795317e+02   7.1526049e-24
   2.5854801e+02   7.1547702e-24
   2.5914422e+02   7.1569403e-24
   2.5974181e+02   7.1591151e-24
   2.6034078e+02   7.1612947e-24
   2.6094112e+02   7.1634791e-24
   2.6154286e+02   7.1656685e-24
   2.6214598e+02   7.1678628e-24
   2.6275049e+02   7.1700621e-24
   2.6335639e+02   7.1722664e-24
   2.6396369e+02   7.1744758e-24
   2.6457240e+02   7.1766904e-24
   2.6518250e+02   7.1789101e-24
   2.6579401e+02   7.1811350e-24
   2.6640694e+02   7.1833653e-24
   2.6702127e+02   7.1856008e-24
   2.6763703e+02   7.1878417e-24
   2.6825420e+02   7.1900881e-24
   2.6887280e+02   7.1923399e-24
   2.6949282e+02   7.1945972e-24
   2.7011427e+02   7.1968600e-24
   2.7073716e+02   7.1991285e-24
   2.7136148e+02   7.2014026e-24
   2.7198724e+02   7.2036824e-24
   2.7261444e+02   7.2059680e-24
   2.7324310e+02   7.2082594e-24
   2.7387320e+02   7.2105566e-24
   2.7450475e+02   7.2128597e-24
   2.7513776e+02   7.2151688e-24
   2.7577223e+02   7.2174838e-24
   2.7640816e+02   7.2198049e-24
   2.7704556e+02   7.2221321e-24
   2.7768443e+02   7.2244654e-24
   2.7832477e+02   7.2268049e-24
   2.7896659e+02   7.2291506e-24
   2.7960989e+02   7.2315026e-24
   2.8025467e+02   7.2338609e-24
   2.8090094e+02   7.2362256e-24
   2.8154870e+02   7.2385968e-24
   2.8219796e+02   7.2409744e-24
   2.8284871e+02   7.2433585e-24
   2.8350096e+02   7.2457492e-24
   2.8415471e+02   7.2481466e-24
   2.8480998e+02   7.2505505e-24
   2.8546675e+02   7.2529613e-24
   2.8612504e+02   7.2553788e-24
   2.8678485e+02   7.2578031e-24
   2.8744617e+02   7.2602342e-24
   2.8810903e+02   7.2626723e-24
   2.8877341e+02   7.2651174e-24
   2.8943932e+02   7.2675695e-24
   2.9010677e+02   7.2700286e-24
   2.9077576e+02   7.2724949e-24
   2.9144629e+02   7.2749683e-24
   2.9211837e+02   7.2774490e-24
   2.9279200e+02   7.2799369e-24
   2.9346718e+02   7.2824321e-24
   2.9414391e+02   7.2849347e-24
   2.9482221e+02   7.2874447e-24
   2.9550207e+02   7.2899622e-24
   2.9618350e+02   7.2924872e-24
   2.9686651e+02   7.2950198e-24
   2.9755108e+02   7.2975600e-24
   2.9823724e+02   7.3001078e-24
   2.9892498e+02   7.3026634e-24
   2.9961430e+02   7.3052268e-24
   3.0030521e+02   7.3077979e-24
   3.0099772e+02   7.3103770e-24
   3.0169182e+02   7.3129639e-24
   3.0238752e+02   7.3155589e-24
   3.0308483e+02   7.3181619e-24
   3.0378375e+02   7.3207729e-24
   3.0448428e+02   7.3233921e-24
   3.0518642e+02   7.3260195e-24
   3.0589018e+02   7.3286551e-24
   3.0659557e+02   7.3312990e-24
   3.0730258e+02   7.3339512e-24
   3.0801122e+02   7.3366118e-24
   3.0872150e+02   7.3392808e-24
   3.0943341e+02   7.3419584e-24
   3.1014697e+02   7.3446445e-24
   3.1086217e+02   7.3473391e-24
   3.1157902e+02   7.3500425e-24
   3.1229752e+02   7.3527545e-24
   3.1301768e+02   7.3554753e-24
   3.1373950e+02   7.3582049e-24
   3.1446299e+02   7.3609433e-24
   3.1518814e+02   7.3636907e-24
   3.1591497e+02   7.3664470e-24
   3.1664347e+02   7.3692124e-24
   3.1737365e+02   7.3719868e-24
   3.1810552e+02   7.3747704e-24
   3.1883907e+02   7.3775631e-24
   3.1957432e+02   7.3803651e-24
   3.2031126e+02   7.3831763e-24
   3.2104990e+02   7.3859969e-24
   3.2179024e+02   7.3888269e-24
   3.2253229e+02   7.3916663e-24
   3.2327606e+02   7.3945152e-24
   3.2402153e+02   7.3973737e-24
   3.2476873e+02   7.4002418e-24
   3.2551765e+02   7.4031195e-24
   3.2626829e+02   7.4060070e-24
   3.2702067e+02   7.4089042e-24
   3.2777478e+02   7.4118113e-24
   3.2853063e+02   7.4147282e-24
   3.2928823e+02   7.4176551e-24
   3.3004757e+02   7.4205920e-24
   3.3080866e+02   7.4235389e-24
   3.3157151e+02   7.4264959e-24
   3.3233612e+02   7.4294631e-24
   3.3310249e+02   7.4324404e-24
   3.3387062e+02   7.4354281e-24
   3.3464053e+02   7.4384261e-24
   3.3541221e+02   7.4414344e-24
   3.3618568e+02   7.4444532e-24
   3.3696092e+02   7.4474824e-24
   3.3773796e+02   7.4505222e-24
   3.3851679e+02   7.4535727e-24
   3.3929741e+02   7.4566337e-24
   3.4007983e+02   7.4597055e-24
   3.4086406e+02   7.4627881e-24
   3.4165009e+02   7.4658814e-24
   3.4243794e+02   7.4689857e-24
   3.4322760e+02   7.4721009e-24
   3.4401909e+02   7.4752271e-24
   3.4481240e+02   7.4783643e-24
   3.4560754e+02   7.4815127e-24
   3.4640451e+02   7.4846722e-24
   3.4720333e+02   7.4878429e-24
   3.4800398e+02   7.4910250e-24
   3.4880648e+02   7.4942183e-24
   3.4961083e+02   7.4974231e-24
   3.5041703e+02   7.5006393e-24
   3.5122510e+02   7.5038670e-24
   3.5203503e+02   7.5071063e-24
   3.5284682e+02   7.5103573e-24
   3.5366049e+02   7.5136199e-24
   3.5447603e+02   7.5168942e-24
   3.5529346e+02   7.5201804e-24
   3.5611277e+02   7.5234784e-24
   3.5693397e+02   7.5267884e-24
   3.5775706e+02   7.5301103e-24
   3.5858205e+02   7.5334443e-24
   3.5940894e+02   7.5367903e-24
   3.6023774e+02   7.5401486e-24
   3.6106845e+02   7.5435190e-24
   3.6190108e+02   7.5469017e-24
   3.6273563e+02   7.5502967e-24
   3.6357210e+02   7.5537042e-24
   3.6441050e+02   7.5571241e-24
   3.6525083e+02   7.5605565e-24
   3.6609310e+02   7.5640015e-24
   3.6693731e+02   7.5674591e-24
   3.6778347e+02   7.5709294e-24
   3.6863159e+02   7.5744125e-24
   3.6948165e+02   7.5779084e-24
   3.7033368e+02   7.5814171e-24
   3.7118767e+02   7.5849388e-24
   3.7204364e+02   7.5884735e-24
   3.7290157e+02   7.5920213e-24
   3.7376148e+02   7.5955822e-24
   3.7462338e+02   7.5991563e-24
   3.7548727e+02   7.6027436e-24
   3.7635314e+02   7.6063442e-24
   3.7722102e+02   7.6099582e-24
   3.7809089e+02   7.6135856e-24
   3.7896277e+02   7.6172265e-24
   3.7983666e+02   7.6208810e-24
   3.8071257e+02   7.6245490e-24
   3.8159049e+02   7.6282308e-24
   3.8247044e+02   7.6319263e-24
   3.8335242e+02   7.6356356e-24
   3.8423644e+02   7.6393588e-24
   3.8512249e+02   7.6430959e-24
   3.8601059e+02   7.6468470e-24
   3.8690073e+02   7.6506121e-24
   3.8779292e+02   7.6543914e-24
   3.8868718e+02   7.6581849e-24
   3.8958349e+02   7.6619926e-24
   3.9048188e+02   7.6658146e-24
   3.9138233e+02   7.6696510e-24
   3.9228486e+02   7.6735019e-24
   3.9318947e+02   7.6773672e-24
   3.9409617e+02   7.6812472e-24
   3.9500496e+02   7.6851417e-24
   3.9591584e+02   7.6890510e-24
   3.9682883e+02   7.6929750e-24
   3.9774392e+02   7.6969139e-24
   3.9866112e+02   7.7008677e-24
   3.9958044e+02   7.7048364e-24
   4.0050187e+02   7.7088202e-24
   4.0142543e+02   7.7128190e-24
   4.0235112e+02   7.7168331e-24
   4.0327895e+02   7.7208623e-24
   4.0420891e+02   7.7249069e-24
   4.0514102e+02   7.7289668e-24
   4.0607528e+02   7.7330422e-24
   4.0701169e+02   7.7371330e-24
   4.0795026e+02   7.7412394e-24
   4.0889100e+02   7.7453615e-24
   4.0983390e+02   7.7494993e-24
   4.1077898e+02   7.7536528e-24
   4.1172624e+02   7.7578222e-24
   4.1267569e+02   7.7620075e-24
   4.1362732e+02   7.7662088e-24
   4.1458115e+02   7.7704262e-24
   4.1553718e+02   7.7746596e-24
   4.1649541e+02   7.7789093e-24
   4.1745585e+02   7.7831752e-24
   4.1841851e+02   7.7874575e-24
   4.1938338e+02   7.7917562e-24
   4.2035048e+02   7.7960714e-24
   4.2131982e+02   7.8004031e-24
   4.2229138e+02   7.8047515e-24
   4.2326519e+02   7.8091166e-24
   4.2424124e+02   7.8134985e-24
   4.2521955e+02   7.8178972e-24
   4.2620010e+02   7.8223129e-24
   4.2718293e+02   7.8267456e-24
   4.2816801e+02   7.8311954e-24
   4.2915537e+02   7.8356624e-24
   4.3014501e+02   7.8401467e-24
   4.3113692e+02   7.8446483e-24
   4.3213113e+02   7.8491673e-24
   4.3312763e+02   7.8537039e-24
   4.3412642e+02   7.8582581e-24
   4.3512752e+02   7.8628300e-24
   4.3613093e+02   7.8674197e-24
   4.3713665e+02   7.8720274e-24
   4.3814469e+02   7.8766530e-24
   4.3915506e+02   7.8812968e-24
   4.4016775e+02   7.8859587e-24
   4.4118278e+02   7.8906391e-24
   4.4220015e+02   7.8953379e-24
   4.4321987e+02   7.9000553e-24
   4.4424194e+02   7.9047914e-24
   4.4526636e+02   7.9095465e-24
   4.4629315e+02   7.9143206e-24
   4.4732231e+02   7.9191139e-24
   4.4835383e+02   7.9239267e-24
   4.4938774e+02   7.9287592e-24
   4.5042403e+02   7.9336116e-24
   4.5146271e+02   7.9384842e-24
   4.5250379e+02   7.9433773e-24
   4.5354727e+02   7.9482912e-24
   4.5459315e+02   7.9532265e-24
   4.5564145e+02   7.9581837e-24
   4.5669216e+02   7.9631633e-24
   4.5774529e+02   7.9681661e-24
   4.5880086e+02   7.9731930e-24
   4.5985886e+02   7.9782451e-24
   4.6091930e+02   7.9833240e-24
   4.6198218e+02   7.9884314e-24
   4.6304751e+02   7.9935697e-24
   4.6411530e+02   7.9987423e-24
   4.6518556e+02   8.0039534e-24
   4.6625828e+02   8.0092092e-24
   4.6733347e+02   8.0145183e-24
   4.6841115e+02   8.0198934e-24
   4.6949131e+02   8.0253539e-24
   4.7057396e+02   8.0309303e-24
   4.7165911e+02   8.0366733e-24
   4.7274676e+02   8.0426720e-24
   4.7383691e+02   8.0490959e-24
   4.7492958e+02   8.0562995e-24
   4.7602478e+02   8.0651343e-24
   4.7712249e+02   8.0780978e-24
   4.7822274e+02   8.1054287e-24
   4.7932553e+02   8.2327662e-24
   4.8043085e+02   4.1270130e-23
   4.8153873e+02   8.2175580e-24
   4.8264916e+02   8.1224077e-24
   4.8376216e+02   8.1084526e-24
   4.8487772e+02   8.1070613e-24
   4.8599585e+02   8.1093684e-24
   4.8711656e+02   8.1131517e-24
   4.8823985e+02   8.1176445e-24
   4.8936574e+02   8.1225253e-24
   4.9049422e+02   8.1276404e-24
   4.9162530e+02   8.1329089e-24
   4.9275899e+02   8.1382850e-24
   4.9389530e+02   8.1437410e-24
   4.9503423e+02   8.1492597e-24
   4.9617578e+02   8.1548296e-24
   4.9731996e+02   8.1604433e-24
   4.9846679e+02   8.1660954e-24
   4.9961626e+02   8.1717821e-24
   5.0076837e+02   8.1775008e-24
   5.0192315e+02   8.1832493e-24
   5.0308059e+02   8.1890264e-24
   5.0424070e+02   8.1948308e-24
   5.0540348e+02   8.2006616e-24
   5.0656894e+02   8.2065183e-24
   5.0773710e+02   8.2124004e-24
   5.0890794e+02   8.2183073e-24
   5.1008149e+02   8.2242390e-24
   5.1125774e+02   8.2301951e-24
   5.1243670e+02   8.2361754e-24
   5.1361839e+02   8.2421799e-24
   5.1480279e+02   8.2482084e-24
   5.1598993e+02   8.2542608e-24
   5.1717981e+02   8.2603372e-24
   5.1837243e+02   8.2664375e-24
   5.1956780e+02   8.2725617e-24
   5.2076593e+02   8.2787098e-24
   5.2196682e+02   8.2848818e-24
   5.2317048e+02   8.2910778e-24
   5.2437691e+02   8.2972977e-24
   5.2558613e+02   8.3035417e-24
   5.2679814e+02   8.3098097e-24
   5.2801294e+02   8.3161018e-24
   5.2923054e+02   8.3224181e-24
   5.3045095e+02   8.3287586e-24
   5.3167417e+02   8.3351233e-24
   5.3290022e+02   8.3415124e-24
   5.3412909e+02   8.3479260e-24
   5.3536079e+02   8.3543639e-24
   5.3659534e+02   8.3608265e-24
   5.3783273e+02   8.3673136e-24
   5.3907298e+02   8.3738254e-24
   5.4031609e+02   8.3803620e-24
   5.4156206e+02   8.3869234e-24
   5.4281090e+02   8.3935097e-24
   5.4406263e+02   8.4001210e-24
   5.4531724e+02   8.4067574e-24
   5.4657475e+02   8.4134189e-24
   5.4783515e+02   8.4201056e-24
   5.4909847e+02   8.4268176e-24
   5.5036469e+02   8.4335550e-24
   5.5163384e+02   8.4403179e-24
   5.5290591e+02   8.4471063e-24
   5.5418091e+02   8.4539203e-24
   5.5545886e+02   8.4607600e-24
   5.5673975e+02   8.4676255e-24
   5.5802360e+02   8.4745169e-24
   5.5931040e+02   8.4814342e-24
   5.6060018e+02   8.4883775e-24
   5.6189293e+02   8.4953470e-24
   5.6318866e+02   8.5023427e-24
   5.6448737e+02   8.5093646e-24
   5.6578909e+02   8.5164129e-24
   5.6709380e+02   8.5234877e-24
   5.6840152e+02   8.5305890e-24
   5.6971226e+02   8.5377170e-24
   5.7102602e+02   8.5448717e-24
   5.7234281e+02   8.5520531e-24
   5.7366264e+02   8.5592615e-24
   5.7498551e+02   8.5664968e-24
   5.7631143e+02   8.5737592e-24
   5.7764041e+02   8.5810487e-24
   5.7897245e+02   8.5883655e-24
   5.8030757e+02   8.5957095e-24
   5.8164576e+02   8.6030810e-24
   5.8298704e+02   8.6104800e-24
   5.8433141e+02   8.6179066e-24
   5.8567889e+02   8.6253608e-24
   5.8702947e+02   8.6328428e-24
   5.8838316e+02   8.6403526e-24
   5.8973998e+02   8.6478904e-24
   5.9109992e+02   8.6554562e-24
   5.9246300e+02   8.6630501e-24
   5.9382923e+02   8.6706723e-24
   5.9519860e+02   8.6783227e-24
   5.9657113e+02   8.6860015e-24
   5.9794683e+02   8.6937087e-24
   5.9932570e+02   8.7014445e-24
   6.0070775e+02   8.7092090e-24
   6.0209299e+02   8.7170022e-24
   6.0348142e+02   8.7248243e-24
   6.0487305e+02   8.7326752e-24
   6.0626789e+02   8.7405552e-24
   6.0766595e+02   8.7484643e-24
   6.0906723e+02   8.7564026e-24
   6.1047175e+02   8.7643702e-24
   6.1187950e+02   8.7723671e-24
   6.1329050e+02   8.7803935e-24
   6.1470475e+02   8.7884495e-24
   6.1612226e+02   8.7965351e-24
   6.1754305e+02   8.8046505e-24
   6.1896711e+02   8.8127957e-24
   6.2039445e+02   8.8209708e-24
   6.2182508e+02   8.8291759e-24
   6.2325902e+02   8.8374112e-24
   6.2469626e+02   8.8456766e-24
   6.2613681e+02   8.8539724e-24
   6.2758069e+02   8.8622986e-24
   6.2902789e+02   8.8706552e-24
   6.3047844e+02   8.8790424e-24
   6.3193232e+02   8.8874603e-24
   6.3338957e+02   8.8959089e-24
   6.3485017e+02   8.9043884e-24
   6.3631414e+02   8.9128989e-24
   6.3778148e+02   8.9214403e-24
   6.3925221e+02   8.9300130e-24
   6.4072633e+02   8.9386168e-24
   6.4220385e+02   8.9472520e-24
   6.4368478e+02   8.9559186e-24
   6.4516912e+02   8.9646168e-24
   6.4665688e+02   8.9733465e-24
   6.4814808e+02   8.9821080e-24
   6.4964271e+02   8.9909012e-24
   6.5114080e+02   8.9997263e-24
   6.5264233e+02   9.0085835e-24
   6.5414733e+02   9.0174727e-24
   6.5565580e+02   9.0263941e-24
   6.5716775e+02   9.0353478e-24
   6.5868318e+02   9.0443339e-24
   6.6020211e+02   9.0533524e-24
   6.6172454e+02   9.0624035e-24
   6.6325048e+02   9.0714872e-24
   6.6477994e+02   9.0806038e-24
   6.6631293e+02   9.0897532e-24
   6.6784945e+02   9.0989355e-24
   6.6938952e+02   9.1081509e-24
   6.7093314e+02   9.1173994e-24
   6.7248031e+02   9.1266812e-24
   6.7403106e+02   9.1359963e-24
   6.7558538e+02   9.1453449e-24
   6.7714328e+02   9.1547269e-24
   6.7870478e+02   9.1641427e-24
   6.8026988e+02   9.1735921e-24
   6.8183859e+02   9.1830754e-24
   6.8341091e+02   9.1925927e-24
   6.8498686e+02   9.2021439e-24
   6.8656645e+02   9.2117293e-24
   6.8814967e+02   9.2213489e-24
   6.8973655e+02   9.2310028e-24
   6.9132709e+02   9.2406912e-24
   6.9292130e+02   9.2504141e-24
   6.9451918e+02   9.2601716e-24
   6.9612074e+02   9.2699638e-24
   6.9772600e+02   9.2797908e-24
   6.9933497e+02   9.2896528e-24
   7.0094764e+02   9.2995498e-24
   7.0256403e+02   9.3094819e-24
   7.0418415e+02   9.3194492e-24
   7.0580800e+02   9.3294519e-24
   7.0743560e+02   9.3394899e-24
   7.0906695e+02   9.3495635e-24
   7.1070206e+02   9.3596727e-24
   7.1234095e+02   9.3698176e-24
   7.1398361e+02   9.3799984e-24
   7.1563006e+02   9.3902151e-24
   7.1728031e+02   9.4004678e-24
   7.1893437e+02   9.4107566e-24
   7.2059223e+02   9.4210817e-24
   7.2225393e+02   9.4314430e-24
   7.2391945e+02   9.4418409e-24
   7.2558881e+02   9.4522752e-24
   7.2726203e+02   9.4627462e-24
   7.2893910e+02   9.4732540e-24
   7.3062004e+02   9.4837985e-24
   7.3230485e+02   9.4943800e-24
   7.3399355e+02   9.5049986e-24
   7.3568615e+02   9.5156543e-24
   7.3738265e+02   9.5263473e-24
   7.3908306e+02   9.5370776e-24
   7.4078739e+02   9.5478454e-24
   7.4249565e+02   9.5586507e-24
   7.4420785e+02   9.5694937e-24
   7.4592400e+02   9.5803745e-24
   7.4764410e+02   9.5912931e-24
   7.4936818e+02   9.6022498e-24
   7.5109623e+02   9.6132445e-24
   7.5282826e+02   9.6242774e-24
   7.5456429e+02   9.6353485e-24
   7.5630432e+02   9.6464581e-24
   7.5804836e+02   9.6576062e-24
   7.5979643e+02   9.6687928e-24
   7.6154852e+02   9.6800182e-24
   7.6330466e+02   9.6912824e-24
   7.6506485e+02   9.7025855e-24
   7.6682909e+02   9.7139276e-24
   7.6859741e+02   9.7253089e-24
   7.7036980e+02   9.7367294e-24
   7.7214628e+02   9.7481892e-24
   7.7392685e+02   9.7596885e-24
   7.7571153e+02   9.7712274e-24
   7.7750033e+02   9.7828058e-24
   7.7929325e+02   9.7944241e-24
   7.8109031e+02   9.8060822e-24
   7.8289151e+02   9.8177803e-24
   7.8469686e+02   9.8295185e-24
   7.8650638e+02   9.8412969e-24
   7.8832007e+02   9.8531156e-24
   7.9013794e+02   9.8649747e-24
   7.9196000e+02   9.8768743e-24
   7.9378627e+02   9.8888145e-24
   7.9561675e+02   9.9007955e-24
   7.9745144e+02   9.9128173e-24
   7.9929037e+02   9.9248800e-24
   8.0113354e+02   9.9369838e-24
   8.0298096e+02   9.9491287e-24
   8.0483264e+02   9.9613149e-24
   8.0668859e+02   9.9735425e-24
   8.0854882e+02   9.9858116e-24
   8.1041334e+02   9.9981223e-24
   8.1228216e+02   1.0010475e-23
   8.1415529e+02   1.0022869e-23
   8.1603274e+02   1.0035305e-23
   8.1791452e+02   1.0047783e-23
   8.1980064e+02   1.0060303e-23
   8.2169110e+02   1.0072866e-23
   8.2358593e+02   1.0085471e-23
   8.2548512e+02   1.0098118e-23
   8.2738870e+02   1.0110808e-23
   8.2929666e+02   1.0123541e-23
   8.3120903e+02   1.0136316e-23
   8.3312580e+02   1.0149134e-23
   8.3504700e+02   1.0161996e-23
   8.3697262e+02   1.0174900e-23
   8.3890269e+02   1.0187848e-23
   8.4083720e+02   1.0200839e-23
   8.4277618e+02   1.0213874e-23
   8.4471963e+02   1.0226952e-23
   8.4666756e+02   1.0240074e-23
   8.4861998e+02   1.0253239e-23
   8.5057690e+02   1.0266449e-23
   8.5253834e+02   1.0279703e-23
   8.5450430e+02   1.0293000e-23
   8.5647479e+02   1.0306342e-23
   8.5844983e+02   1.0319729e-23
   8.6042942e+02   1.0333159e-23
   8.6241358e+02   1.0346635e-23
   8.6440231e+02   1.0360155e-23
   8.6639563e+02   1.0373720e-23
   8.6839354e+02   1.0387330e-23
   8.7039607e+02   1.0400984e-23
   8.7240321e+02   1.0414685e-23
   8.7441498e+02   1.0428430e-23
   8.7643138e+02   1.0442221e-23
   8.7845244e+02   1.0456057e-23
   8.8047816e+02   1.0469939e-23
   8.8250855e+02   1.0483866e-23
   8.8454362e+02   1.0497839e-23
   8.8658338e+02   1.0511859e-23
   8.8862785e+02   1.0525924e-23
   8.9067703e+02   1.0540036e-23
   8.9273094e+02   1.0554194e-23
   8.9478959e+02   1.0568398e-23
   8.9685298e+02   1.0582649e-23
   8.9892113e+02   1.0596947e-23
   9.0099405e+02   1.0611291e-23
   9.0307175e+02   1.0625682e-23
   9.0515424e+02   1.0640120e-23
   9.0724153e+02   1.0654606e-23
   9.0933364e+02   1.0669138e-23
   9.1143057e+02   1.0683718e-23
   9.1353233e+02   1.0698346e-23
   9.1563894e+02   1.0713021e-23
   9.1775041e+02   1.0727744e-23
   9.1986675e+02   1.0742514e-23
   9.2198797e+02   1.0757333e-23
   9.2411408e+02   1.0772200e-23
   9.2624510e+02   1.0787115e-23
   9.2838103e+02   1.0802079e-23
   9.3052188e+02   1.0817091e-23
   9.3266767e+02   1.0832153e-23
   9.3481841e+02   1.0847263e-23
   9.3697411e+02   1.0862423e-23
   9.3913478e+02   1.0877632e-23
   9.4130043e+02   1.0892892e-23
   9.4347108e+02   1.0908202e-23
   9.4564673e+02   1.0923565e-23
   9.4782740e+02   1.0938983e-23
   9.5001309e+02   1.0954461e-23
   9.5220383e+02   1.0970010e-23
   9.5439962e+02   1.0985666e-23
   9.5660047e+02   1.1001579e-23
   9.5880640e+02   1.1019130e-23
   9.6101742e+02   1.1190139e-23
   9.6323353e+02   1.1049669e-23
   9.6545475e+02   1.1064353e-23
   9.6768110e+02   1.1079976e-23
   9.6991258e+02   1.1095795e-23
   9.7214920e+02   1.1111709e-23
   9.7439099e+02   1.1127692e-23
   9.7663794e+02   1.1143734e-23
   9.7889008e+02   1.1159831e-23
   9.8114740e+02   1.1175982e-23
   9.8340994e+02   1.1192186e-23
   9.8567769e+02   1.1208443e-23
   9.8795067e+02   1.1224752e-23
   9.9022889e+02   1.1241112e-23
   9.9251237e+02   1.1257526e-23
   9.9480111e+02   1.1273991e-23
   9.9709513e+02   1.1290508e-23
   9.9939443e+02   1.1307078e-23
   1.0016990e+03   1.1323700e-23
   1.0040090e+03   1.1340375e-23
   1.0063242e+03   1.1357102e-23
   1.0086448e+03   1.1373882e-23
   1.0109708e+03   1.1390714e-23
   1.0133021e+03   1.1407600e-23
   1.0156387e+03   1.1424538e-23
   1.0179808e+03   1.1441530e-23
   1.0203283e+03   1.1458575e-23
   1.0226812e+03   1.1475674e-23
   1.0250395e+03   1.1492825e-23
   1.0274032e+03   1.1510031e-23
   1.0297724e+03   1.1527290e-23
   1.0321471e+03   1.1544604e-23
   1.0345272e+03   1.1561971e-23
   1.0369129e+03   1.1579392e-23
   1.0393040e+03   1.1596868e-23
   1.0417006e+03   1.1614398e-23
   1.0441028e+03   1.1631982e-23
   1.0465105e+03   1.1649621e-23
   1.0489238e+03   1.1667315e-23
   1.0513426e+03   1.1685064e-23
   1.0537670e+03   1.1702868e-23
   1.0561970e+03   1.1720726e-23
   1.0586326e+03   1.1738641e-23
   1.0610738e+03   1.1756610e-23
   1.0635207e+03   1.1774635e-23
   1.0659731e+03   1.1792716e-23
   1.0684313e+03   1.1810852e-23
   1.0708951e+03   1.1829045e-23
   1.0733646e+03   1.1847293e-23
   1.0758398e+03   1.1865598e-23
   1.0783207e+03   1.1883959e-23
   1.0808073e+03   1.1902376e-23
   1.0832996e+03   1.1920850e-23
   1.0857977e+03   1.1939380e-23
   1.0883016e+03   1.1957968e-23
   1.0908112e+03   1.1976612e-23
   1.0933266e+03   1.1995313e-23
   1.0958479e+03   1.2014072e-23
   1.0983749e+03   1.2032888e-23
   1.1009078e+03   1.2051761e-23
   1.1034465e+03   1.2070692e-23
   1.1059910e+03   1.2089681e-23
   1.1085414e+03   1.2108727e-23
   1.1110977e+03   1.2127832e-23
   1.1136599e+03   1.2146995e-23
   1.1162281e+03   1.2166215e-23
   1.1188021e+03   1.2185495e-23
   1.1213820e+03   1.2204832e-23
   1.1239680e+03   1.2224229e-23
   1.1265598e+03   1.2243684e-23
   1.1291577e+03   1.2263198e-23
   1.1317615e+03   1.2282771e-23
   1.1343714e+03   1.2302404e-23
   1.1369873e+03   1.2322095e-23
   1.1396092e+03   1.2341846e-23
   1.1422371e+03   1.2361657e-23
   1.1448711e+03   1.2381528e-23
   1.1475112e+03   1.2401458e-23
   1.1501574e+03   1.2421448e-23
   1.1528096e+03   1.2441498e-23
   1.1554680e+03   1.2461609e-23
   1.1581325e+03   1.2481780e-23
   1.1608032e+03   1.2502012e-23
   1.1634800e+03   1.2522304e-23
   1.1661630e+03   1.2542657e-23
   1.1688522e+03   1.2563071e-23
   1.1715476e+03   1.2583546e-23
   1.1742492e+03   1.2604082e-23
   1.1769570e+03   1.2624679e-23
   1.1796711e+03   1.2645339e-23
   1.1823914e+03   1.2666059e-23
   1.1851180e+03   1.2686842e-23
   1.1878509e+03   1.2707686e-23
   1.1905901e+03   1.2728592e-23
   1.1933356e+03   1.2749561e-23
   1.1960875e+03   1.2770592e-23
   1.1988456e+03   1.2791685e-23
   1.2016102e+03   1.2812841e-23
   1.2043811e+03   1.2834059e-23
   1.2071584e+03   1.2855341e-23
   1.2099421e+03   1.2876685e-23
   1.2127323e+03   1.2898093e-23
   1.2155288e+03   1.2919564e-23
   1.2183319e+03   1.2941098e-23
   1.2211413e+03   1.2962696e-23
   1.2239573e+03   1.2984358e-23
   1.2267798e+03   1.3006083e-23
   1.2296087e+03   1.3027873e-23
   1.2324442e+03   1.3049726e-23
   1.2352862e+03   1.3071644e-23
   1.2381348e+03   1.3093626e-23
   1.2409900e+03   1.3115673e-23
   1.2438517e+03   1.3137785e-23
   1.2467200e+03   1.3159961e-23
   1.2495950e+03   1.3182202e-23
   1.2524766e+03   1.3204509e-23
   1.2553648e+03   1.3226881e-23
   1.2582597e+03   1.3249318e-23
   1.2611612e+03   1.3271820e-23
   1.2640695e+03   1.3294389e-23
   1.2669844e+03   1.3317023e-23
   1.2699061e+03   1.3339724e-23
   1.2728345e+03   1.3362490e-23
   1.2757697e+03   1.3385323e-23
   1.2787116e+03   1.3408222e-23
   1.2816603e+03   1.3431188e-23
   1.2846158e+03   1.3454220e-23
   1.2875782e+03   1.3477319e-23
   1.2905473e+03   1.3500486e-23
   1.2935233e+03   1.3523719e-23
   1.2965062e+03   1.3547020e-23
   1.2994960e+03   1.3570388e-23
   1.3024926e+03   1.3593824e-23
   1.3054962e+03   1.3617328e-23
   1.3085067e+03   1.3640899e-23
   1.3115241e+03   1.3664539e-23
   1.3145485e+03   1.3688246e-23
   1.3175798e+03   1.3712023e-23
   1.3206182e+03   1.3735867e-23
   1.3236635e+03   1.3759780e-23
   1.3267159e+03   1.3783762e-23
   1.3297753e+03   1.3807813e-23
   1.3328418e+03   1.3831933e-23
   1.3359154e+03   1.3856123e-23
   1.3389960e+03   1.3880381e-23
   1.3420837e+03   1.3904710e-23
   1.3451786e+03   1.3929108e-23
   1.3482806e+03   1.3953575e-23
   1.3513897e+03   1.3978113e-23
   1.3545060e+03   1.4002721e-23
   1.3576295e+03   1.4027399e-23
   1.3607602e+03   1.4052148e-23
   1.3638982e+03   1.4076968e-23
   1.3670433e+03   1.4101858e-23
   1.3701957e+03   1.4126819e-23
   1.3733554e+03   1.4151851e-23
   1.3765224e+03   1.4176954e-23
   1.3796966e+03   1.4202129e-23
   1.3828782e+03   1.4227375e-23
   1.3860672e+03   1.4252693e-23
   1.3892634e+03   1.4278083e-23
   1.3924671e+03   1.4303545e-23
   1.3956781e+03   1.4329079e-23
   1.3988966e+03   1.4354685e-23
   1.4021224e+03   1.4380364e-23
   1.4053558e+03   1.4406115e-23
   1.4085965e+03   1.4431939e-23
   1.4118448e+03   1.4457837e-23
   1.4151005e+03   1.4483807e-23
   1.4183637e+03   1.4509851e-23
   1.4216345e+03   1.4535969e-23
   1.4249128e+03   1.4562161e-23
   1.4281986e+03   1.4588429e-23
   1.4314921e+03   1.4614774e-23
   1.4347931e+03   1.4641208e-23
   1.4381017e+03   1.4667820e-23
   1.4414180e+03   1.4717172e-23
   1.4447419e+03   1.4720969e-23
   1.4480735e+03   1.4747592e-23
   1.4514128e+03   1.4774360e-23
   1.4547598e+03   1.4801213e-23
   1.4581144e+03   1.4828145e-23
   1.4614769e+03   1.4855154e-23
   1.4648470e+03   1.4882238e-23
   1.4682250e+03   1.4909399e-23
   1.4716107e+03   1.4936636e-23
   1.4750043e+03   1.4963949e-23
   1.4784056e+03   1.4991338e-23
   1.4818149e+03   1.5018803e-23
   1.4852319e+03   1.5046345e-23
   1.4886569e+03   1.5073964e-23
   1.4920897e+03   1.5101659e-23
   1.4955305e+03   1.5129431e-23
   1.4989792e+03   1.5157281e-23
   1.5024359e+03   1.5185208e-23
   1.5059005e+03   1.5213212e-23
   1.5093731e+03   1.5241294e-23
   1.5128538e+03   1.5269454e-23
   1.5163424e+03   1.5297691e-23
   1.5198391e+03   1.5326007e-23
   1.5233439e+03   1.5354401e-23
   1.5268567e+03   1.5382874e-23
   1.5303776e+03   1.5411425e-23
   1.5339067e+03   1.5440055e-23
   1.5374439e+03   1.5468764e-23
   1.5409893e+03   1.5497552e-23
   1.5445428e+03   1.5526420e-23
   1.5481045e+03   1.5555367e-23
   1.5516745e+03   1.5584394e-23
   1.5552526e+03   1.5613500e-23
   1.5588391e+03   1.5642686e-23
   1.5624338e+03   1.5671953e-23
   1.5660367e+03   1.5701300e-23
   1.5696480e+03   1.5730727e-23
   1.5732677e+03   1.5760236e-23
   1.5768956e+03   1.5789825e-23
   1.5805320e+03   1.5819495e-23
   1.5841767e+03   1.5849246e-23
   1.5878298e+03   1.5879078e-23
   1.5914913e+03   1.5908993e-23
   1.5951613e+03   1.5938988e-23
   1.5988398e+03   1.5969066e-23
   1.6025267e+03   1.5999226e-23
   1.6062222e+03   1.6029468e-23
   1.6099261e+03   1.6059793e-23
   1.6136386e+03   1.6090200e-23
   1.6173597e+03   1.6120690e-23
   1.6210893e+03   1.6151262e-23
   1.6248276e+03   1.6181918e-23
   1.6285744e+03   1.6212658e-23
   1.6323300e+03   1.6243480e-23
   1.6360941e+03   1.6274387e-23
   1.6398670e+03   1.6305377e-23
   1.6436485e+03   1.6336451e-23
   1.6474388e+03   1.6367610e-23
   1.6512378e+03   1.6398853e-23
   1.6550456e+03   1.6430180e-23
   1.6588621e+03   1.6461592e-23
   1.6626874e+03   1.6493089e-23
   1.6665216e+03   1.6524672e-23
   1.6703646e+03   1.6556339e-23
   1.6742165e+03   1.6588092e-23
   1.6780773e+03   1.6619931e-23
   1.6819469e+03   1.6651855e-23
   1.6858255e+03   1.6683866e-23
   1.6897130e+03   1.6715962e-23
   1.6936095e+03   1.6748146e-23
   1.6975150e+03   1.6780415e-23
   1.7014295e+03   1.6812772e-23
   1.7053530e+03   1.6845215e-23
   1.7092855e+03   1.6877745e-23
   1.7132272e+03   1.6910363e-23
   1.7171779e+03   1.6943068e-23
   1.7211377e+03   1.6975861e-23
   1.7251067e+03   1.7008742e-23
   1.7290848e+03   1.7041711e-23
   1.7330721e+03   1.7074768e-23
   1.7370685e+03   1.7107914e-23
   1.7410742e+03   1.7141148e-23
   1.7450892e+03   1.7174471e-23
   1.7491133e+03   1.7207883e-23
   1.7531468e+03   1.7241384e-23
   1.7571896e+03   1.7274975e-23
   1.7612417e+03   1.7308655e-23
   1.7653031e+03   1.7342425e-23
   1.7693739e+03   1.7376285e-23
   1.7734541e+03   1.7410235e-23
   1.7775437e+03   1.7444275e-23
   1.7816427e+03   1.7478406e-23
   1.7857512e+03   1.7512628e-23
   1.7898692e+03   1.7546941e-23
   1.7939966e+03   1.7581344e-23
   1.7981336e+03   1.7615839e-23
   1.8022801e+03   1.7650426e-23
   1.8064362e+03   1.7685104e-23
   1.8106018e+03   1.7719874e-23
   1.8147771e+03   1.7754736e-23
   1.8189620e+03   1.7789691e-23
   1.8231565e+03   1.7824738e-23
   1.8273607e+03   1.7859878e-23
   1.8315746e+03   1.7895110e-23
   1.8357983e+03   1.7930436e-23
   1.8400316e+03   1.7965855e-23
   1.8442748e+03   1.8001367e-23
   1.8485277e+03   1.8036973e-23
   1.8527904e+03   1.8072673e-23
   1.8570629e+03   1.8108467e-23
   1.8613453e+03   1.8144356e-23
   1.8656376e+03   1.8180339e-23
   1.8699398e+03   1.8216416e-23
   1.8742519e+03   1.8252589e-23
   1.8785739e+03   1.8288856e-23
   1.8829059e+03   1.8325219e-23
   1.8872479e+03   1.8361677e-23
   1.8915999e+03   1.8398231e-23
   1.8959620e+03   1.8434881e-23
   1.9003341e+03   1.8471628e-23
   1.9047163e+03   1.8508471e-23
   1.9091086e+03   1.8545411e-23
   1.9135110e+03   1.8582450e-23
   1.9179235e+03   1.8619608e-23
   1.9223463e+03   1.8657447e-23
   1.9267792e+03   1.8694147e-23
   1.9312224e+03   1.8731561e-23
   1.9356758e+03   1.8769081e-23
   1.9401395e+03   1.8806701e-23
   1.9446135e+03   1.8844419e-23
   1.9490978e+03   1.8882236e-23
   1.9535924e+03   1.8920151e-23
   1.9580974e+03   1.8958165e-23
   1.9626128e+03   1.8996278e-23
   1.9671386e+03   1.9034491e-23
   1.9716748e+03   1.9072803e-23
   1.9762215e+03   1.9111215e-23
   1.9807787e+03   1.9149726e-23
   1.9853464e+03   1.9188338e-23
   1.9899246e+03   1.9227050e-23
   1.9945134e+03   1.9265862e-23
   1.9991128e+03   1.9304775e-23
   2.0037227e+03   1.9343790e-23
   2.0083433e+03   1.9382905e-23
   2.0129746e+03   1.9422122e-23
   2.0176165e+03   1.9461440e-23
   2.0222692e+03   1.9500860e-23
   2.0269325e+03   1.9540382e-23
   2.0316067e+03   1.9580007e-23
   2.0362916e+03   1.9619734e-23
   2.0409873e+03   1.9659563e-23
   2.0456938e+03   1.9699496e-23
   2.0504112e+03   1.9739531e-23
   2.0551394e+03   1.9779670e-23
   2.0598786e+03   1.9819913e-23
   2.0646287e+03   1.9860260e-23
   2.0693898e+03   1.9900710e-23
   2.0741618e+03   1.9941265e-23
   2.0789448e+03   1.9981924e-23
   2.0837389e+03   2.0022688e-23
   2.0885440e+03   2.0063556e-23
   2.0933602e+03   2.0104530e-23
   2.0981875e+03   2.0145610e-23
   2.1030259e+03   2.0186795e-23
   2.1078755e+03   2.0228085e-23
   2.1127363e+03   2.0269482e-23
   2.1176083e+03   2.0310985e-23
   2.1224915e+03   2.0352595e-23
   2.1273860e+03   2.0394311e-23
   2.1322918e+03   2.0436134e-23
   2.1372088e+03   2.0478065e-23
   2.1421373e+03   2.0520102e-23
   2.1470771e+03   2.0562248e-23
   2.1520282e+03   2.0604501e-23
   2.1569908e+03   2.0646863e-23
   2.1619649e+03   2.0689333e-23
   2.1669504e+03   2.0731911e-23
   2.1719474e+03   2.0774599e-23
   2.1769559e+03   2.0817395e-23
   2.1819760e+03   2.0860301e-23
   2.1870076e+03   2.0903316e-23
   2.1920509e+03   2.0946441e-23
   2.1971058e+03   2.0989676e-23
   2.2021723e+03   2.1033021e-23
   2.2072505e+03   2.1076476e-23
   2.2123405e+03   2.1120043e-23
   2.2174421e+03   2.1163720e-23
   2.2225556e+03   2.1207508e-23
   2.2276808e+03   2.1251408e-23
   2.2328179e+03   2.1295420e-23
   2.2379668e+03   2.1339543e-23
   2.2431275e+03   2.1383779e-23
   2.2483002e+03   2.1428127e-23
   2.2534848e+03   2.1472587e-23
   2.2586814e+03   2.1517161e-23
   2.2638899e+03   2.1561847e-23
   2.2691104e+03   2.1606647e-23
   2.2743430e+03   2.1651561e-23
   2.2795877e+03   2.1696588e-23
   2.2848444e+03   2.1741729e-23
   2.2901133e+03   2.1786985e-23
   2.2953943e+03   2.1832356e-23
   2.3006875e+03   2.1877841e-23
   2.3059929e+03   2.1923441e-23
   2.3113105e+03   2.1969157e-23
   2.3166404e+03   2.2014988e-23
   2.3219826e+03   2.2060935e-23
   2.3273371e+03   2.2106998e-23
   2.3327040e+03   2.2153178e-23
   2.3380832e+03   2.2199474e-23
   2.3434749e+03   2.2245886e-23
   2.3488789e+03   2.2292416e-23
   2.3542955e+03   2.2339064e-23
   2.3597245e+03   2.2385828e-23
   2.3651660e+03   2.2432711e-23
   2.3706201e+03   2.2479712e-23
   2.3760868e+03   2.2526831e-23
   2.3815661e+03   2.2574069e-23
   2.3870580e+03   2.2621426e-23
   2.3925626e+03   2.2668903e-23
   2.3980798e+03   2.2716506e-23
   2.4036098e+03   2.2764264e-23
   2.4091526e+03   2.2812049e-23
   2.4147081e+03   2.2860002e-23
   2.4202764e+03   2.2908076e-23
   2.4258576e+03   2.2956272e-23
   2.4314516e+03   2.3004589e-23
   2.4370586e+03   2.3053027e-23
   2.4426785e+03   2.3101586e-23
   2.4483113e+03   2.3150268e-23
   2.4539571e+03   2.3199071e-23
   2.4596160e+03   2.3247996e-23
   2.4652879e+03   2.3297044e-23
   2.4709728e+03   2.3346215e-23
   2.4766709e+03   2.3395509e-23
   2.4823821e+03   2.3444926e-23
   2.4881065e+03   2.3494467e-23
   2.4938441e+03   2.3544132e-23
   2.4995949e+03   2.3593921e-23
   2.5053590e+03   2.3643834e-23
   2.5111364e+03   2.3693872e-23
   2.5169271e+03   2.3744034e-23
   2.5227312e+03   2.3794322e-23
   2.5285486e+03   2.3844736e-23
   2.5343794e+03   2.3895275e-23
   2.5402237e+03   2.3945940e-23
   2.5460815e+03   2.3996732e-23
   2.5519528e+03   2.4047650e-23
   2.5578376e+03   2.4098695e-23
   2.5637360e+03   2.4149867e-23
   2.5696480e+03   2.4201166e-23
   2.5755736e+03   2.4252594e-23
   2.5815129e+03   2.4304149e-23
   2.5874659e+03   2.4355832e-23
   2.5934326e+03   2.4407644e-23
   2.5994131e+03   2.4459585e-23
   2.6054074e+03   2.4511654e-23
   2.6114155e+03   2.4563853e-23
   2.6174374e+03   2.4616182e-23
   2.6234732e+03   2.4668641e-23
   2.6295230e+03   2.4721229e-23
   2.6355867e+03   2.4773949e-23
   2.6416644e+03   2.4826799e-23
   2.6477561e+03   2.4879780e-23
   2.6538618e+03   2.4932892e-23
   2.6599816e+03   2.4986136e-23
   2.6661156e+03   2.5039512e-23
   2.6722637e+03   2.5093021e-23
   2.6784259e+03   2.5146661e-23
   2.6846024e+03   2.5200435e-23
   2.6907931e+03   2.5254341e-23
   2.6969981e+03   2.5308381e-23
   2.7032174e+03   2.5362555e-23
   2.7094510e+03   2.5416862e-23
   2.7156991e+03   2.5471304e-23
   2.7219615e+03   2.5525880e-23
   2.7282383e+03   2.5580591e-23
   2.7345297e+03   2.5635437e-23
   2.7408355e+03   2.5690419e-23
   2.7471559e+03   2.5745536e-23
   2.7534909e+03   2.5800789e-23
   2.7598405e+03   2.5856179e-23
   2.7662047e+03   2.5911705e-23
   2.7725836e+03   2.5967368e-23
   2.7789772e+03   2.6023168e-23
   2.7853855e+03   2.6079106e-23
   2.7918086e+03   2.6135181e-23
   2.7982465e+03   2.6191395e-23
   2.8046993e+03   2.6247747e-23
   2.8111670e+03   2.6304238e-23
   2.8176496e+03   2.6360867e-23
   2.8241471e+03   2.6417636e-23
   2.8306596e+03   2.6474545e-23
   2.8371871e+03   2.6531593e-23
   2.8437297e+03   2.6588782e-23
   2.8502873e+03   2.6646111e-23
   2.8568601e+03   2.6703582e-23
   2.8634481e+03   2.6761193e-23
   2.8700512e+03   2.6818946e-23
   2.8766696e+03   2.6876842e-23
   2.8833032e+03   2.6934943e-23
   2.8899521e+03   2.6993056e-23
   2.8966164e+03   2.7051377e-23
   2.9032960e+03   2.7109842e-23
   2.9099910e+03   2.7168450e-23
   2.9167015e+03   2.7227201e-23
   2.9234274e+03   2.7286097e-23
   2.9301688e+03   2.7345137e-23
   2.9369258e+03   2.7404321e-23
   2.9436984e+03   2.7463651e-23
   2.9504866e+03   2.7523125e-23
   2.9572904e+03   2.7582745e-23
   2.9641100e+03   2.7642511e-23
   2.9709452e+03   2.7702423e-23
   2.9777963e+03   2.7762482e-23
   2.9846631e+03   2.7822687e-23
   2.9915457e+03   2.7883040e-23
   2.9984443e+03   2.7943540e-23
   3.0053587e+03   2.8004188e-23
   3.0122891e+03   2.8064984e-23
   3.0192354e+03   2.8125929e-23
   3.0261978e+03   2.8187022e-23
   3.0331763e+03   2.8248264e-23
   3.0401708e+03   2.8309656e-23
   3.0471814e+03   2.8371197e-23
   3.0542083e+03   2.8432889e-23
   3.0612513e+03   2.8494731e-23
   3.0683106e+03   2.8556724e-23
   3.0753861e+03   2.8618868e-23
   3.0824780e+03   2.8681163e-23
   3.0895862e+03   2.8743610e-23
   3.0967108e+03   2.8806209e-23
   3.1038518e+03   2.8868961e-23
   3.1110093e+03   2.8931865e-23
   3.1181833e+03   2.8994922e-23
   3.1253739e+03   2.9058133e-23
   3.1325810e+03   2.9121498e-23
   3.1398048e+03   2.9185016e-23
   3.1470452e+03   2.9248689e-23
   3.1543023e+03   2.9312517e-23
   3.1615762e+03   2.9376500e-23
   3.1688668e+03   2.9440639e-23
   3.1761742e+03   2.9504933e-23
   3.1834985e+03   2.9569383e-23
   3.1908397e+03   2.9633990e-23
   3.1981978e+03   2.9698754e-23
   3.2055728e+03   2.9763675e-23
   3.2129649e+03   2.9828753e-23
   3.2203740e+03   2.9893990e-23
   3.2278002e+03   2.9959384e-23
   3.2352436e+03   3.0024938e-23
   3.2427041e+03   3.0090650e-23
   3.2501818e+03   3.0156521e-23
   3.2576767e+03   3.0222552e-23
   3.2651889e+03   3.0288743e-23
   3.2727185e+03   3.0355094e-23
   3.2802654e+03   3.0421606e-23
   3.2878297e+03   3.0488280e-23
   3.2954115e+03   3.0555114e-23
   3.3030107e+03   3.0622110e-23
   3.3106275e+03   3.0689269e-23
   3.3182618e+03   3.0756590e-23
   3.3259138e+03   3.0824073e-23
   3.3335833e+03   3.0891720e-23
   3.3412706e+03   3.0959531e-23
   3.3489756e+03   3.1027505e-23
   3.3566984e+03   3.1095645e-23
   3.3644389e+03   3.1163958e-23
   3.3721974e+03   3.1232416e-23
   3.3799737e+03   3.1301050e-23
   3.3877679e+03   3.1369849e-23
   3.3955801e+03   3.1438815e-23
   3.4034104e+03   3.1507947e-23
   3.4112587e+03   3.1577246e-23
   3.4191251e+03   3.1646712e-23
   3.4270096e+03   3.1716346e-23
   3.4349123e+03   3.1786147e-23
   3.4428332e+03   3.1856117e-23
   3.4507724e+03   3.1926256e-23
   3.4587299e+03   3.1996564e-23
   3.4667058e+03   3.2067041e-23
   3.4747000e+03   3.2137689e-23
   3.4827127e+03   3.2208506e-23
   3.4907439e+03   3.2279494e-23
   3.4987936e+03   3.2350653e-23
   3.5068618e+03   3.2421983e-23
   3.5149487e+03   3.2493485e-23
   3.5230542e+03   3.2565159e-23
   3.5311784e+03   3.2637006e-23
   3.5393213e+03   3.2709025e-23
   3.5474830e+03   3.2781218e-23
   3.5556635e+03   3.2853585e-23
   3.5638629e+03   3.2926125e-23
   3.5720812e+03   3.2998840e-23
   3.5803184e+03   3.3071730e-23
   3.5885747e+03   3.3144794e-23
   3.5968500e+03   3.3218035e-23
   3.6051443e+03   3.3291451e-23
   3.6134578e+03   3.3365044e-23
   3.6217905e+03   3.3438814e-23
   3.6301424e+03   3.3512760e-23
   3.6385135e+03   3.3586885e-23
   3.6469039e+03   3.3661187e-23
   3.6553137e+03   3.3735667e-23
   3.6637429e+03   3.3810327e-23
   3.6721915e+03   3.3885165e-23
   3.6806596e+03   3.3960183e-23
   3.6891472e+03   3.4035381e-23
   3.6976544e+03   3.4110759e-23
   3.7061813e+03   3.4186318e-23
   3.7147277e+03   3.4262058e-23
   3.7232939e+03   3.4337979e-23
   3.7318799e+03   3.4414083e-23
   3.7404856e+03   3.4490369e-23
   3.7491112e+03   3.4566837e-23
   3.7577567e+03   3.4643489e-23
   3.7664221e+03   3.4720324e-23
   3.7751075e+03   3.4797344e-23
   3.7838129e+03   3.4874548e-23
   3.7925384e+03   3.4951936e-23
   3.8012841e+03   3.5029510e-23
   3.8100498e+03   3.5107269e-23
   3.8188359e+03   3.5185215e-23
   3.8276421e+03   3.5263346e-23
   3.8364687e+03   3.5341666e-23
   3.8453156e+03   3.5420175e-23
   3.8541829e+03   3.5498865e-23
   3.8630707e+03   3.5577747e-23
   3.8719790e+03   3.5656817e-23
   3.8809078e+03   3.5736077e-23
   3.8898572e+03   3.5815525e-23
   3.8988272e+03   3.5895164e-23
   3.9078180e+03   3.5974993e-23
   3.9168294e+03   3.6055012e-23
   3.9258617e+03   3.6135223e-23
   3.9349147e+03   3.6215625e-23
   3.9439887e+03   3.6296219e-23
   3.9530835e+03   3.6377005e-23
   3.9621994e+03   3.6457984e-23
   3.9713362e+03   3.6539157e-23
   3.9804942e+03   3.6620523e-23
   3.9896732e+03   3.6702083e-23
   3.9988734e+03   3.6783838e-23
   4.0080949e+03   3.6865787e-23
   4.0173376e+03   3.6947932e-23
   4.0266016e+03   3.7030273e-23
   4.0358870e+03   3.7112811e-23
   4.0451937e+03   3.7195544e-23
   4.0545220e+03   3.7278476e-23
   4.0638718e+03   3.7361604e-23
   4.0732431e+03   3.7444931e-23
   4.0826360e+03   3.7528456e-23
   4.0920506e+03   3.7612180e-23
   4.1014869e+03   3.7696104e-23
   4.1109450e+03   3.7780227e-23
   4.1204248e+03   3.7864551e-23
   4.1299266e+03   3.7949075e-23
   4.1394502e+03   3.8033800e-23
   4.1489958e+03   3.8118728e-23
   4.1585634e+03   3.8203857e-23
   4.1681531e+03   3.8289188e-23
   4.1777649e+03   3.8374723e-23
   4.1873988e+03   3.8460461e-23
   4.1970550e+03   3.8546403e-23
   4.2067335e+03   3.8632549e-23
   4.2164342e+03   3.8718901e-23
   4.2261574e+03   3.8805457e-23
   4.2359029e+03   3.8892219e-23
   4.2456709e+03   3.8979187e-23
   4.2554615e+03   3.9066362e-23
   4.2652746e+03   3.9153744e-23
   4.2751104e+03   3.9241334e-23
   4.2849688e+03   3.9329132e-23
   4.2948500e+03   3.9417138e-23
   4.3047539e+03   3.9505353e-23
   4.3146807e+03   3.9593778e-23
   4.3246304e+03   3.9682420e-23
   4.3346030e+03   3.9771257e-23
   4.3445987e+03   3.9860313e-23
   4.3546173e+03   3.9949580e-23
   4.3646591e+03   4.0039059e-23
   4.3747241e+03   4.0128750e-23
   4.3848122e+03   4.0218654e-23
   4.3949236e+03   4.0308771e-23
   4.4050583e+03   4.0399102e-23
   4.4152164e+03   4.0489647e-23
   4.4253980e+03   4.0580407e-23
   4.4356030e+03   4.0671382e-23
   4.4458315e+03   4.0762572e-23
   4.4560836e+03   4.0853979e-23
   4.4663594e+03   4.0945602e-23
   4.4766588e+03   4.1037443e-23
   4.4869821e+03   4.1129501e-23
   4.4973291e+03   4.1221777e-23
   4.5076999e+03   4.1314272e-23
   4.5180947e+03   4.1406985e-23
   4.5285135e+03   4.1499919e-23
   4.5389563e+03   4.1593072e-23
   4.5494231e+03   4.1686446e-23
   4.5599142e+03   4.1780041e-23
   4.5704294e+03   4.1873857e-23
   4.5809688e+03   4.1967896e-23
   4.5915325e+03   4.2062157e-23
   4.6021207e+03   4.2156641e-23
   4.6127332e+03   4.2251349e-23
   4.6233702e+03   4.2346280e-23
   4.6340317e+03   4.2441436e-23
   4.6447178e+03   4.2536818e-23
   4.6554286e+03   4.2632425e-23
   4.6661640e+03   4.2728257e-23
   4.6769242e+03   4.2824317e-23
   4.6877093e+03   4.2920603e-23
   4.6985192e+03   4.3017118e-23
   4.7093540e+03   4.3113860e-23
   4.7202138e+03   4.3210831e-23
   4.7310986e+03   4.3308031e-23
   4.7420086e+03   4.3405461e-23
   4.7529437e+03   4.3503121e-23
   4.7639040e+03   4.3601011e-23
   4.7748896e+03   4.3699133e-23
   4.7859005e+03   4.3797486e-23
   4.7969369e+03   4.3896072e-23
   4.8079986e+03   4.3994891e-23
   4.8190859e+03   4.4093943e-23
   4.8301988e+03   4.4193228e-23
   4.8413372e+03   4.4292748e-23
   4.8525014e+03   4.4392503e-23
   4.8636913e+03   4.4492494e-23
   4.8749070e+03   4.4592720e-23
   4.8861486e+03   4.4693183e-23
   4.8974161e+03   4.4793883e-23
   4.9087096e+03   4.4894820e-23
   4.9200291e+03   4.4995996e-23
   4.9313747e+03   4.5097410e-23
   4.9427465e+03   4.5199063e-23
   4.9541445e+03   4.5300956e-23
   4.9655688e+03   4.5403089e-23
   4.9770194e+03   4.5505463e-23
   4.9884965e+03   4.5608079e-23
   5.0000000e+03   4.5710936e-23
