   5.0000000e+00   1.6462582e-20
   5.0115300e+00   1.6044632e-20
   5.0230867e+00   1.5638983e-20
   5.0346699e+00   1.5245576e-20
   5.0462799e+00   1.4864494e-20
   5.0579167e+00   1.4495577e-20
   5.0695803e+00   1.4133685e-20
   5.0812708e+00   1.3752928e-20
   5.0929882e+00   1.3365222e-20
   5.1047327e+00   1.3025544e-20
   5.1165042e+00   1.2706126e-20
   5.1283029e+00   1.2394195e-20
   5.1401288e+00   1.2089224e-20
   5.1519820e+00   1.1791469e-20
   5.1638625e+00   1.1501064e-20
   5.1757704e+00   1.1218018e-20
   5.1877058e+00   1.0942256e-20
   5.1996687e+00   1.0673656e-20
   5.2116592e+00   1.0412067e-20
   5.2236773e+00   1.0157327e-20
   5.2357231e+00   9.9092656e-21
   5.2477968e+00   9.6677118e-21
   5.2598982e+00   9.4324929e-21
   5.2720276e+00   9.2034384e-21
   5.2841849e+00   8.9803804e-21
   5.2963703e+00   8.7631544e-21
   5.3085838e+00   8.5515998e-21
   5.3208254e+00   8.3455595e-21
   5.3330953e+00   8.1448808e-21
   5.3453934e+00   7.9494151e-21
   5.3577199e+00   7.7590177e-21
   5.3700749e+00   7.5735480e-21
   5.3824583e+00   7.3928696e-21
   5.3948703e+00   7.2168498e-21
   5.4073109e+00   7.0453600e-21
   5.4197802e+00   6.8782750e-21
   5.4322783e+00   6.7154737e-21
   5.4448051e+00   6.5568381e-21
   5.4573609e+00   6.4022541e-21
   5.4699456e+00   6.2516105e-21
   5.4825594e+00   6.1047999e-21
   5.4952022e+00   5.9617176e-21
   5.5078742e+00   5.8222622e-21
   5.5205754e+00   5.6863353e-21
   5.5333058e+00   5.5538412e-21
   5.5460657e+00   5.4246873e-21
   5.5588550e+00   5.2987834e-21
   5.5716737e+00   5.1760422e-21
   5.5845220e+00   5.0563787e-21
   5.5974000e+00   4.9397106e-21
   5.6103076e+00   4.8259578e-21
   5.6232451e+00   4.7150427e-21
   5.6362123e+00   4.6068898e-21
   5.6492094e+00   4.5014259e-21
   5.6622366e+00   4.3985798e-21
   5.6752937e+00   4.2982824e-21
   5.6883810e+00   4.2004665e-21
   5.7014985e+00   4.1050671e-21
   5.7146461e+00   4.0120206e-21
   5.7278242e+00   3.9212657e-21
   5.7410326e+00   3.8327425e-21
   5.7542714e+00   3.7463929e-21
   5.7675408e+00   3.6621606e-21
   5.7808408e+00   3.5799905e-21
   5.7941715e+00   3.4998294e-21
   5.8075329e+00   3.4216256e-21
   5.8209251e+00   3.3453286e-21
   5.8343482e+00   3.2708896e-21
   5.8478023e+00   3.1982608e-21
   5.8612873e+00   3.1273962e-21
   5.8748035e+00   3.0582506e-21
   5.8883508e+00   2.9907804e-21
   5.9019294e+00   2.9249431e-21
   5.9155393e+00   2.8606973e-21
   5.9291806e+00   2.7980028e-21
   5.9428533e+00   2.7368206e-21
   5.9565576e+00   2.6771125e-21
   5.9702935e+00   2.6188416e-21
   5.9840610e+00   2.5619719e-21
   5.9978603e+00   2.5064685e-21
   6.0116914e+00   2.4522972e-21
   6.0255544e+00   2.3994249e-21
   6.0394494e+00   2.3478195e-21
   6.0533764e+00   2.2974494e-21
   6.0673355e+00   2.2482843e-21
   6.0813269e+00   2.2002944e-21
   6.0953505e+00   2.1534508e-21
   6.1094064e+00   2.1077254e-21
   6.1234947e+00   2.0630907e-21
   6.1376155e+00   2.0195202e-21
   6.1517689e+00   1.9769879e-21
   6.1659550e+00   1.9354684e-21
   6.1801737e+00   1.8949373e-21
   6.1944252e+00   1.8553706e-21
   6.2087096e+00   1.8167450e-21
   6.2230269e+00   1.7790376e-21
   6.2373773e+00   1.7422266e-21
   6.2517607e+00   1.7062902e-21
   6.2661773e+00   1.6712076e-21
   6.2806272e+00   1.6369582e-21
   6.2951104e+00   1.6035223e-21
   6.3096269e+00   1.5708804e-21
   6.3241770e+00   1.5390136e-21
   6.3387606e+00   1.5079036e-21
   6.3533778e+00   1.4775324e-21
   6.3680288e+00   1.4478825e-21
   6.3827135e+00   1.4189370e-21
   6.3974321e+00   1.3906792e-21
   6.4121846e+00   1.3630930e-21
   6.4269711e+00   1.3361625e-21
   6.4417918e+00   1.3098726e-21
   6.4566466e+00   1.2842082e-21
   6.4715357e+00   1.2591546e-21
   6.4864591e+00   1.2346978e-21
   6.5014169e+00   1.2108237e-21
   6.5164092e+00   1.1875190e-21
   6.5314361e+00   1.1647703e-21
   6.5464977e+00   1.1425649e-21
   6.5615939e+00   1.1208902e-21
   6.5767250e+00   1.0997340e-21
   6.5918910e+00   1.0790844e-21
   6.6070920e+00   1.0589297e-21
   6.6223280e+00   1.0392585e-21
   6.6375991e+00   1.0200599e-21
   6.6529055e+00   1.0013230e-21
   6.6682471e+00   9.8303729e-22
   6.6836241e+00   9.6519247e-22
   6.6990366e+00   9.4777851e-22
   6.7144846e+00   9.3078563e-22
   6.7299683e+00   9.1420429e-22
   6.7454877e+00   8.9802516e-22
   6.7610428e+00   8.8223914e-22
   6.7766338e+00   8.6683736e-22
   6.7922608e+00   8.5181115e-22
   6.8079238e+00   8.3715204e-22
   6.8236229e+00   8.2285179e-22
   6.8393582e+00   8.0890233e-22
   6.8551299e+00   7.9529580e-22
   6.8709378e+00   7.8202450e-22
   6.8867823e+00   7.6908094e-22
   6.9026632e+00   7.5645780e-22
   6.9185808e+00   7.4414793e-22
   6.9345351e+00   7.3214435e-22
   6.9505262e+00   7.2044024e-22
   6.9665542e+00   7.0902896e-22
   6.9826191e+00   6.9790400e-22
   6.9987211e+00   6.8705902e-22
   7.0148602e+00   6.7648784e-22
   7.0310365e+00   6.6618442e-22
   7.0472502e+00   6.5614284e-22
   7.0635012e+00   6.4635737e-22
   7.0797897e+00   6.3682237e-22
   7.0961157e+00   6.2753236e-22
   7.1124794e+00   6.1848201e-22
   7.1288808e+00   6.0966608e-22
   7.1453201e+00   6.0107948e-22
   7.1617972e+00   5.9271727e-22
   7.1783124e+00   5.8457458e-22
   7.1948656e+00   5.7664671e-22
   7.2114571e+00   5.6892907e-22
   7.2280867e+00   5.6141717e-22
   7.2447548e+00   5.5410665e-22
   7.2614612e+00   5.4699327e-22
   7.2782062e+00   5.4007290e-22
   7.2949898e+00   5.3334152e-22
   7.3118121e+00   5.2679524e-22
   7.3286732e+00   5.2043026e-22
   7.3455732e+00   5.1424290e-22
   7.3625121e+00   5.0822960e-22
   7.3794901e+00   5.0238689e-22
   7.3965073e+00   4.9671143e-22
   7.4135637e+00   4.9119999e-22
   7.4306594e+00   4.8584942e-22
   7.4477946e+00   4.8065672e-22
   7.4649693e+00   4.7561898e-22
   7.4821835e+00   4.7073340e-22
   7.4994375e+00   4.6599730e-22
   7.5167313e+00   4.6140811e-22
   7.5340649e+00   4.5696338e-22
   7.5514385e+00   4.5266077e-22
   7.5688522e+00   4.4849805e-22
   7.5863060e+00   4.4447312e-22
   7.6038001e+00   4.4058401e-22
   7.6213345e+00   4.3682885e-22
   7.6389094e+00   4.3320593e-22
   7.6565248e+00   4.2971363e-22
   7.6741808e+00   4.2635050e-22
   7.6918775e+00   4.2311522e-22
   7.7096150e+00   4.2000659e-22
   7.7273934e+00   4.1702357e-22
   7.7452129e+00   4.1416530e-22
   7.7630734e+00   4.1143104e-22
   7.7809751e+00   4.0882024e-22
   7.7989181e+00   4.0633249e-22
   7.8169025e+00   4.0396761e-22
   7.8349283e+00   4.0172558e-22
   7.8529957e+00   3.9960658e-22
   7.8711048e+00   3.9761101e-22
   7.8892556e+00   3.9573948e-22
   7.9074483e+00   3.9399285e-22
   7.9256829e+00   3.9237224e-22
   7.9439596e+00   3.9087901e-22
   7.9622784e+00   3.8951484e-22
   7.9806395e+00   3.8828170e-22
   7.9990429e+00   3.8718187e-22
   8.0174888e+00   3.8621804e-22
   8.0359772e+00   3.8539324e-22
   8.0545082e+00   3.8471094e-22
   8.0730819e+00   3.8417503e-22
   8.0916985e+00   3.8378994e-22
   8.1103581e+00   3.8356060e-22
   8.1290606e+00   3.8349254e-22
   8.1478063e+00   3.8359193e-22
   8.1665952e+00   3.8386567e-22
   8.1854274e+00   3.8432142e-22
   8.2043031e+00   3.8496770e-22
   8.2232223e+00   3.8581402e-22
   8.2421851e+00   3.8687091e-22
   8.2611916e+00   3.8815014e-22
   8.2802420e+00   3.8966478e-22
   8.2993363e+00   3.9142939e-22
   8.3184746e+00   3.9346024e-22
   8.3376571e+00   3.9577547e-22
   8.3568838e+00   3.9839539e-22
   8.3761548e+00   4.0134274e-22
   8.3954703e+00   4.0464306e-22
   8.4148303e+00   4.0832508e-22
   8.4342350e+00   4.1242123e-22
   8.4536844e+00   4.1696817e-22
   8.4731786e+00   4.2200749e-22
   8.4927179e+00   4.2758655e-22
   8.5123021e+00   4.3375944e-22
   8.5319316e+00   4.4058817e-22
   8.5516063e+00   4.4814419e-22
   8.5713263e+00   4.5651013e-22
   8.5910919e+00   4.6578210e-22
   8.6109030e+00   4.7607244e-22
   8.6307598e+00   4.8751330e-22
   8.6506624e+00   5.0026112e-22
   8.6706109e+00   5.1450222e-22
   8.6906054e+00   5.3046112e-22
   8.7106460e+00   5.4840931e-22
   8.7307328e+00   5.6867932e-22
   8.7508660e+00   5.9168241e-22
   8.7710455e+00   6.1793335e-22
   8.7912716e+00   6.4808507e-22
   8.8115444e+00   6.8297831e-22
   8.8318638e+00   7.2371429e-22
   8.8522302e+00   7.7176412e-22
   8.8726435e+00   8.2913823e-22
   8.8931039e+00   8.9865854e-22
   8.9136114e+00   9.8441385e-22
   8.9341663e+00   1.0925608e-21
   8.9547686e+00   1.2328203e-21
   8.9754183e+00   1.4214930e-21
   8.9961157e+00   1.6881597e-21
   9.0168608e+00   2.0926575e-21
   9.0376538e+00   2.7770349e-21
   9.0584947e+00   4.1804912e-21
   9.0793836e+00   8.6671355e-21
   9.1003208e+00   8.9941380e-20
   9.1213062e+00   7.1509639e-21
   9.1423400e+00   3.7041322e-21
   9.1634223e+00   2.5018027e-21
   9.1845532e+00   1.9062463e-21
   9.2057328e+00   1.5831311e-21
   9.2269613e+00   1.4741558e-21
   9.2482388e+00   1.8895724e-21
   9.2695653e+00   3.9194380e-20
   9.2909410e+00   1.7562108e-21
   9.3123660e+00   1.0549582e-21
   9.3338403e+00   8.2969358e-22
   9.3553642e+00   7.1015904e-22
   9.3769378e+00   6.3098858e-22
   9.3985611e+00   5.7231293e-22
   9.4202342e+00   5.2600695e-22
   9.4419574e+00   4.8803237e-22
   9.4637306e+00   4.5608794e-22
   9.4855540e+00   4.2872750e-22
   9.5074278e+00   4.0497495e-22
   9.5293520e+00   3.8413555e-22
   9.5513267e+00   3.6569460e-22
   9.5733522e+00   3.4925880e-22
   9.5954284e+00   3.3452015e-22
   9.6175555e+00   3.2123272e-22
   9.6397337e+00   3.0919693e-22
   9.6619630e+00   2.9824867e-22
   9.6842435e+00   2.8825139e-22
   9.7065755e+00   2.7909041e-22
   9.7289589e+00   2.7066855e-22
   9.7513940e+00   2.6290287e-22
   9.7738808e+00   2.5572210e-22
   9.7964194e+00   2.4906463e-22
   9.8190100e+00   2.4287692e-22
   9.8416527e+00   2.3711224e-22
   9.8643477e+00   2.3172959e-22
   9.8870949e+00   2.2669286e-22
   9.9098946e+00   2.2197014e-22
   9.9327469e+00   2.1753313e-22
   9.9556519e+00   2.1335666e-22
   9.9786097e+00   2.0941825e-22
   1.0001620e+01   2.0569802e-22
   1.0024684e+01   2.0217916e-22
   1.0047801e+01   1.9884224e-22
   1.0070972e+01   1.9567368e-22
   1.0094195e+01   1.9266112e-22
   1.0117473e+01   1.8979306e-22
   1.0140804e+01   1.8705840e-22
   1.0164188e+01   1.8444711e-22
   1.0187627e+01   1.8195008e-22
   1.0211120e+01   1.7955908e-22
   1.0234667e+01   1.7726693e-22
   1.0258268e+01   1.7506678e-22
   1.0281924e+01   1.7295230e-22
   1.0305634e+01   1.7091769e-22
   1.0329399e+01   1.6895786e-22
   1.0353218e+01   1.6706801e-22
   1.0377093e+01   1.6524363e-22
   1.0401023e+01   1.6348057e-22
   1.0425007e+01   1.6177513e-22
   1.0449048e+01   1.6012387e-22
   1.0473143e+01   1.5852353e-22
   1.0497294e+01   1.5697110e-22
   1.0521501e+01   1.5546382e-22
   1.0545764e+01   1.5399919e-22
   1.0570082e+01   1.5257482e-22
   1.0594457e+01   1.5118845e-22
   1.0618888e+01   1.4983806e-22
   1.0643375e+01   1.4852177e-22
   1.0667919e+01   1.4723778e-22
   1.0692519e+01   1.4598442e-22
   1.0717176e+01   1.4476013e-22
   1.0741890e+01   1.4356352e-22
   1.0766661e+01   1.4239321e-22
   1.0791489e+01   1.4124793e-22
   1.0816374e+01   1.4012650e-22
   1.0841317e+01   1.3902784e-22
   1.0866317e+01   1.3795089e-22
   1.0891375e+01   1.3689468e-22
   1.0916491e+01   1.3585830e-22
   1.0941664e+01   1.3484091e-22
   1.0966896e+01   1.3384168e-22
   1.0992185e+01   1.3285987e-22
   1.1017533e+01   1.3189476e-22
   1.1042940e+01   1.3094568e-22
   1.1068405e+01   1.3001200e-22
   1.1093929e+01   1.2909311e-22
   1.1119512e+01   1.2818847e-22
   1.1145153e+01   1.2729754e-22
   1.1170854e+01   1.2641982e-22
   1.1196614e+01   1.2555483e-22
   1.1222434e+01   1.2470212e-22
   1.1248313e+01   1.2386127e-22
   1.1274251e+01   1.2303189e-22
   1.1300250e+01   1.2221358e-22
   1.1326308e+01   1.2140598e-22
   1.1352427e+01   1.2060877e-22
   1.1378606e+01   1.1982160e-22
   1.1404845e+01   1.1904417e-22
   1.1431144e+01   1.1827619e-22
   1.1457505e+01   1.1751738e-22
   1.1483926e+01   1.1676746e-22
   1.1510408e+01   1.1602620e-22
   1.1536951e+01   1.1529335e-22
   1.1563555e+01   1.1456868e-22
   1.1590221e+01   1.1385196e-22
   1.1616948e+01   1.1314300e-22
   1.1643737e+01   1.1244159e-22
   1.1670587e+01   1.1174754e-22
   1.1697500e+01   1.1106066e-22
   1.1724474e+01   1.1038080e-22
   1.1751511e+01   1.0970776e-22
   1.1778610e+01   1.0904141e-22
   1.1805772e+01   1.0838158e-22
   1.1832996e+01   1.0772813e-22
   1.1860283e+01   1.0708091e-22
   1.1887633e+01   1.0643980e-22
   1.1915046e+01   1.0580466e-22
   1.1942522e+01   1.0517536e-22
   1.1970061e+01   1.0455179e-22
   1.1997664e+01   1.0393383e-22
   1.2025331e+01   1.0332137e-22
   1.2053062e+01   1.0271430e-22
   1.2080856e+01   1.0211252e-22
   1.2108715e+01   1.0151594e-22
   1.2136637e+01   1.0092444e-22
   1.2164625e+01   1.0033795e-22
   1.2192676e+01   9.9756366e-23
   1.2220793e+01   9.9179609e-23
   1.2248974e+01   9.8607594e-23
   1.2277220e+01   9.8040239e-23
   1.2305532e+01   9.7477467e-23
   1.2333908e+01   9.6919201e-23
   1.2362350e+01   9.6365368e-23
   1.2390858e+01   9.5815898e-23
   1.2419431e+01   9.5270719e-23
   1.2448071e+01   9.4729767e-23
   1.2476776e+01   9.4192976e-23
   1.2505548e+01   9.3660282e-23
   1.2534386e+01   9.3131625e-23
   1.2563290e+01   9.2606945e-23
   1.2592261e+01   9.2086184e-23
   1.2621299e+01   9.1569286e-23
   1.2650404e+01   9.1056195e-23
   1.2679576e+01   9.0546859e-23
   1.2708815e+01   9.0041226e-23
   1.2738121e+01   8.9539244e-23
   1.2767496e+01   8.9040865e-23
   1.2796938e+01   8.8546041e-23
   1.2826447e+01   8.8054724e-23
   1.2856025e+01   8.7566869e-23
   1.2885671e+01   8.7082431e-23
   1.2915386e+01   8.6601367e-23
   1.2945169e+01   8.6123634e-23
   1.2975020e+01   8.5649191e-23
   1.3004941e+01   8.5177996e-23
   1.3034930e+01   8.4710011e-23
   1.3064989e+01   8.4245195e-23
   1.3095117e+01   8.3783513e-23
   1.3125314e+01   8.3324926e-23
   1.3155582e+01   8.2869397e-23
   1.3185918e+01   8.2416892e-23
   1.3216325e+01   8.1967376e-23
   1.3246802e+01   8.1520814e-23
   1.3277349e+01   8.1077174e-23
   1.3307967e+01   8.0636422e-23
   1.3338655e+01   8.0198527e-23
   1.3369414e+01   7.9763456e-23
   1.3400244e+01   7.9331181e-23
   1.3431145e+01   7.8901669e-23
   1.3462118e+01   7.8474892e-23
   1.3493162e+01   7.8050820e-23
   1.3524277e+01   7.7629425e-23
   1.3555464e+01   7.7210680e-23
   1.3586723e+01   7.6794557e-23
   1.3618054e+01   7.6381028e-23
   1.3649457e+01   7.5970068e-23
   1.3680933e+01   7.5561651e-23
   1.3712481e+01   7.5155751e-23
   1.3744103e+01   7.4752343e-23
   1.3775797e+01   7.4351402e-23
   1.3807564e+01   7.3952905e-23
   1.3839404e+01   7.3556828e-23
   1.3871318e+01   7.3163147e-23
   1.3903305e+01   7.2771840e-23
   1.3935366e+01   7.2382884e-23
   1.3967501e+01   7.1996257e-23
   1.3999710e+01   7.1611937e-23
   1.4031994e+01   7.1229903e-23
   1.4064352e+01   7.0850133e-23
   1.4096784e+01   7.0472608e-23
   1.4129292e+01   7.0097306e-23
   1.4161874e+01   6.9724208e-23
   1.4194531e+01   6.9353294e-23
   1.4227264e+01   6.8984545e-23
   1.4260072e+01   6.8617941e-23
   1.4292956e+01   6.8253464e-23
   1.4325916e+01   6.7891095e-23
   1.4358951e+01   6.7530816e-23
   1.4392063e+01   6.7172609e-23
   1.4425251e+01   6.6816456e-23
   1.4458516e+01   6.6462340e-23
   1.4491858e+01   6.6110244e-23
   1.4525276e+01   6.5760151e-23
   1.4558771e+01   6.5412044e-23
   1.4592344e+01   6.5065908e-23
   1.4625994e+01   6.4721725e-23
   1.4659722e+01   6.4379479e-23
   1.4693527e+01   6.4039156e-23
   1.4727410e+01   6.3700740e-23
   1.4761372e+01   6.3364216e-23
   1.4795412e+01   6.3029567e-23
   1.4829530e+01   6.2696781e-23
   1.4863727e+01   6.2365841e-23
   1.4898003e+01   6.2036734e-23
   1.4932358e+01   6.1709445e-23
   1.4966792e+01   6.1383961e-23
   1.5001306e+01   6.1060267e-23
   1.5035899e+01   6.0738351e-23
   1.5070572e+01   6.0418197e-23
   1.5105324e+01   6.0099794e-23
   1.5140157e+01   5.9783128e-23
   1.5175071e+01   5.9468186e-23
   1.5210065e+01   5.9154956e-23
   1.5245139e+01   5.8843424e-23
   1.5280295e+01   5.8533579e-23
   1.5315531e+01   5.8225408e-23
   1.5350849e+01   5.7918898e-23
   1.5386248e+01   5.7614039e-23
   1.5421729e+01   5.7310817e-23
   1.5457291e+01   5.7009222e-23
   1.5492936e+01   5.6709242e-23
   1.5528663e+01   5.6410866e-23
   1.5564472e+01   5.6114082e-23
   1.5600364e+01   5.5818879e-23
   1.5636338e+01   5.5525246e-23
   1.5672396e+01   5.5233172e-23
   1.5708537e+01   5.4942647e-23
   1.5744761e+01   5.4653660e-23
   1.5781068e+01   5.4366200e-23
   1.5817459e+01   5.4080257e-23
   1.5853935e+01   5.3795821e-23
   1.5890494e+01   5.3512882e-23
   1.5927137e+01   5.3231430e-23
   1.5963866e+01   5.2951455e-23
   1.6000678e+01   5.2672946e-23
   1.6037576e+01   5.2395895e-23
   1.6074559e+01   5.2120292e-23
   1.6111627e+01   5.1846127e-23
   1.6148780e+01   5.1573391e-23
   1.6186020e+01   5.1302075e-23
   1.6223345e+01   5.1032169e-23
   1.6260756e+01   5.0763665e-23
   1.6298253e+01   5.0496553e-23
   1.6335837e+01   5.0230825e-23
   1.6373508e+01   4.9966471e-23
   1.6411265e+01   4.9703484e-23
   1.6449110e+01   4.9441855e-23
   1.6487041e+01   4.9181574e-23
   1.6525061e+01   4.8922634e-23
   1.6563168e+01   4.8665026e-23
   1.6601362e+01   4.8408742e-23
   1.6639645e+01   4.8153774e-23
   1.6678016e+01   4.7900114e-23
   1.6716476e+01   4.7647753e-23
   1.6755024e+01   4.7396684e-23
   1.6793662e+01   4.7146899e-23
   1.6832388e+01   4.6898390e-23
   1.6871203e+01   4.6651150e-23
   1.6910109e+01   4.6405170e-23
   1.6949103e+01   4.6160443e-23
   1.6988188e+01   4.5916962e-23
   1.7027363e+01   4.5674720e-23
   1.7066628e+01   4.5433708e-23
   1.7105984e+01   4.5193920e-23
   1.7145431e+01   4.4955348e-23
   1.7184968e+01   4.4717985e-23
   1.7224597e+01   4.4481825e-23
   1.7264317e+01   4.4246860e-23
   1.7304128e+01   4.4013082e-23
   1.7344032e+01   4.3780487e-23
   1.7384027e+01   4.3549065e-23
   1.7424115e+01   4.3318811e-23
   1.7464295e+01   4.3089718e-23
   1.7504568e+01   4.2861779e-23
   1.7544934e+01   4.2634988e-23
   1.7585392e+01   4.2409338e-23
   1.7625945e+01   4.2184822e-23
   1.7666590e+01   4.1961435e-23
   1.7707329e+01   4.1739169e-23
   1.7748163e+01   4.1518019e-23
   1.7789090e+01   4.1297978e-23
   1.7830112e+01   4.1079040e-23
   1.7871228e+01   4.0861198e-23
   1.7912439e+01   4.0644447e-23
   1.7953746e+01   4.0428781e-23
   1.7995147e+01   4.0214193e-23
   1.8036644e+01   4.0000678e-23
   1.8078237e+01   3.9788229e-23
   1.8119925e+01   3.9576841e-23
   1.8161710e+01   3.9366508e-23
   1.8203591e+01   3.9157225e-23
   1.8245569e+01   3.8948984e-23
   1.8287643e+01   3.8741781e-23
   1.8329814e+01   3.8535610e-23
   1.8372083e+01   3.8330466e-23
   1.8414449e+01   3.8126342e-23
   1.8456913e+01   3.7923234e-23
   1.8499475e+01   3.7721136e-23
   1.8542135e+01   3.7520041e-23
   1.8584893e+01   3.7319946e-23
   1.8627750e+01   3.7120845e-23
   1.8670706e+01   3.6922732e-23
   1.8713761e+01   3.6725602e-23
   1.8756915e+01   3.6529450e-23
   1.8800168e+01   3.6334270e-23
   1.8843522e+01   3.6140058e-23
   1.8886975e+01   3.5946809e-23
   1.8930528e+01   3.5754516e-23
   1.8974182e+01   3.5563176e-23
   1.9017937e+01   3.5372783e-23
   1.9061792e+01   3.5183332e-23
   1.9105749e+01   3.4994819e-23
   1.9149807e+01   3.4807238e-23
   1.9193967e+01   3.4620584e-23
   1.9238228e+01   3.4434853e-23
   1.9282592e+01   3.4250040e-23
   1.9327057e+01   3.4066141e-23
   1.9371626e+01   3.3883149e-23
   1.9416297e+01   3.3701062e-23
   1.9461071e+01   3.3519873e-23
   1.9505948e+01   3.3339579e-23
   1.9550929e+01   3.3160174e-23
   1.9596014e+01   3.2981655e-23
   1.9641202e+01   3.2804017e-23
   1.9686495e+01   3.2627255e-23
   1.9731892e+01   3.2451364e-23
   1.9777394e+01   3.2276341e-23
   1.9823001e+01   3.2102181e-23
   1.9868713e+01   3.1928879e-23
   1.9914530e+01   3.1756432e-23
   1.9960454e+01   3.1584834e-23
   2.0006482e+01   3.1414082e-23
   2.0052618e+01   3.1244171e-23
   2.0098859e+01   3.1075097e-23
   2.0145207e+01   3.0906856e-23
   2.0191662e+01   3.0739444e-23
   2.0238224e+01   3.0572856e-23
   2.0284894e+01   3.0407089e-23
   2.0331671e+01   3.0242138e-23
   2.0378556e+01   3.0077999e-23
   2.0425549e+01   2.9914669e-23
   2.0472650e+01   2.9752142e-23
   2.0519861e+01   2.9590416e-23
   2.0567180e+01   2.9429486e-23
   2.0614608e+01   2.9269348e-23
   2.0662145e+01   2.9109999e-23
   2.0709792e+01   2.8951434e-23
   2.0757549e+01   2.8793650e-23
   2.0805416e+01   2.8636642e-23
   2.0853394e+01   2.8480408e-23
   2.0901482e+01   2.8324943e-23
   2.0949681e+01   2.8170243e-23
   2.0997991e+01   2.8016305e-23
   2.1046412e+01   2.7863125e-23
   2.1094945e+01   2.7710699e-23
   2.1143591e+01   2.7559024e-23
   2.1192348e+01   2.7408096e-23
   2.1241218e+01   2.7257911e-23
   2.1290200e+01   2.7108467e-23
   2.1339295e+01   2.6959758e-23
   2.1388504e+01   2.6811782e-23
   2.1437826e+01   2.6664535e-23
   2.1487262e+01   2.6518014e-23
   2.1536812e+01   2.6372216e-23
   2.1586476e+01   2.6227135e-23
   2.1636254e+01   2.6082770e-23
   2.1686148e+01   2.5939117e-23
   2.1736156e+01   2.5796173e-23
   2.1786280e+01   2.5653933e-23
   2.1836519e+01   2.5512396e-23
   2.1886874e+01   2.5371556e-23
   2.1937346e+01   2.5231412e-23
   2.1987933e+01   2.5091960e-23
   2.2038638e+01   2.4953196e-23
   2.2089459e+01   2.4815118e-23
   2.2140397e+01   2.4677721e-23
   2.2191453e+01   2.4541004e-23
   2.2242627e+01   2.4404962e-23
   2.2293919e+01   2.4269593e-23
   2.2345328e+01   2.4134893e-23
   2.2396857e+01   2.4000859e-23
   2.2448504e+01   2.3867489e-23
   2.2500271e+01   2.3734779e-23
   2.2552157e+01   2.3602725e-23
   2.2604162e+01   2.3471326e-23
   2.2656287e+01   2.3340577e-23
   2.2708533e+01   2.3210477e-23
   2.2760899e+01   2.3081021e-23
   2.2813386e+01   2.2952207e-23
   2.2865994e+01   2.2824032e-23
   2.2918723e+01   2.2696494e-23
   2.2971574e+01   2.2569588e-23
   2.3024546e+01   2.2443313e-23
   2.3077641e+01   2.2317665e-23
   2.3130858e+01   2.2192642e-23
   2.3184198e+01   2.2068240e-23
   2.3237661e+01   2.1944457e-23
   2.3291247e+01   2.1821290e-23
   2.3344957e+01   2.1698736e-23
   2.3398791e+01   2.1576793e-23
   2.3452748e+01   2.1455458e-23
   2.3506831e+01   2.1334727e-23
   2.3561038e+01   2.1214599e-23
   2.3615370e+01   2.1095070e-23
   2.3669827e+01   2.0976138e-23
   2.3724410e+01   2.0857800e-23
   2.3779118e+01   2.0740054e-23
   2.3833953e+01   2.0622897e-23
   2.3888914e+01   2.0506325e-23
   2.3944002e+01   2.0390338e-23
   2.3999217e+01   2.0274932e-23
   2.4054560e+01   2.0160104e-23
   2.4110030e+01   2.0045852e-23
   2.4165628e+01   1.9932173e-23
   2.4221354e+01   1.9819066e-23
   2.4277208e+01   1.9706527e-23
   2.4333192e+01   1.9594553e-23
   2.4389304e+01   1.9483143e-23
   2.4445546e+01   1.9372294e-23
   2.4501918e+01   1.9262004e-23
   2.4558420e+01   1.9152270e-23
   2.4615051e+01   1.9043089e-23
   2.4671814e+01   1.8934460e-23
   2.4728707e+01   1.8826379e-23
   2.4785732e+01   1.8718845e-23
   2.4842888e+01   1.8611855e-23
   2.4900176e+01   1.8505408e-23
   2.4957596e+01   1.8399499e-23
   2.5015148e+01   1.8294128e-23
   2.5072833e+01   1.8189292e-23
   2.5130652e+01   1.8084988e-23
   2.5188603e+01   1.7981215e-23
   2.5246688e+01   1.7877970e-23
   2.5304907e+01   1.7775251e-23
   2.5363261e+01   1.7673056e-23
   2.5421748e+01   1.7571382e-23
   2.5480371e+01   1.7470228e-23
   2.5539129e+01   1.7369591e-23
   2.5598023e+01   1.7269469e-23
   2.5657052e+01   1.7169859e-23
   2.5716217e+01   1.7070761e-23
   2.5775519e+01   1.6972171e-23
   2.5834957e+01   1.6874088e-23
   2.5894533e+01   1.6776509e-23
   2.5954246e+01   1.6679432e-23
   2.6014097e+01   1.6582856e-23
   2.6074085e+01   1.6486778e-23
   2.6134212e+01   1.6391196e-23
   2.6194478e+01   1.6296109e-23
   2.6254883e+01   1.6201514e-23
   2.6315427e+01   1.6107409e-23
   2.6376110e+01   1.6013792e-23
   2.6436934e+01   1.5920662e-23
   2.6497898e+01   1.5828016e-23
   2.6559002e+01   1.5735852e-23
   2.6620247e+01   1.5644169e-23
   2.6681634e+01   1.5552965e-23
   2.6743162e+01   1.5462237e-23
   2.6804832e+01   1.5371985e-23
   2.6866644e+01   1.5282205e-23
   2.6928599e+01   1.5192896e-23
   2.6990696e+01   1.5104057e-23
   2.7052937e+01   1.5015685e-23
   2.7115321e+01   1.4927779e-23
   2.7177849e+01   1.4840337e-23
   2.7240522e+01   1.4753357e-23
   2.7303338e+01   1.4666837e-23
   2.7366300e+01   1.4580776e-23
   2.7429407e+01   1.4495172e-23
   2.7492659e+01   1.4410023e-23
   2.7556058e+01   1.4325327e-23
   2.7619602e+01   1.4241083e-23
   2.7683293e+01   1.4157289e-23
   2.7747131e+01   1.4073943e-23
   2.7811116e+01   1.3991044e-23
   2.7875249e+01   1.3908589e-23
   2.7939529e+01   1.3826579e-23
   2.8003958e+01   1.3745010e-23
   2.8068536e+01   1.3663881e-23
   2.8133262e+01   1.3583190e-23
   2.8198137e+01   1.3502937e-23
   2.8263162e+01   1.3423119e-23
   2.8328338e+01   1.3343734e-23
   2.8393663e+01   1.3264782e-23
   2.8459139e+01   1.3186261e-23
   2.8524766e+01   1.3108169e-23
   2.8590544e+01   1.3030504e-23
   2.8656474e+01   1.2953266e-23
   2.8722556e+01   1.2876452e-23
   2.8788791e+01   1.2800061e-23
   2.8855178e+01   1.2724093e-23
   2.8921718e+01   1.2648544e-23
   2.8988412e+01   1.2573415e-23
   2.9055259e+01   1.2498702e-23
   2.9122261e+01   1.2424406e-23
   2.9189417e+01   1.2350525e-23
   2.9256728e+01   1.2277057e-23
   2.9324194e+01   1.2204000e-23
   2.9391816e+01   1.2131354e-23
   2.9459594e+01   1.2059117e-23
   2.9527528e+01   1.1987288e-23
   2.9595619e+01   1.1915866e-23
   2.9663866e+01   1.1844849e-23
   2.9732272e+01   1.1774235e-23
   2.9800834e+01   1.1704024e-23
   2.9869555e+01   1.1634214e-23
   2.9938435e+01   1.1564805e-23
   3.0007473e+01   1.1495794e-23
   3.0076670e+01   1.1427181e-23
   3.0146028e+01   1.1358964e-23
   3.0215544e+01   1.1291142e-23
   3.0285222e+01   1.1223714e-23
   3.0355060e+01   1.1156678e-23
   3.0425059e+01   1.1090035e-23
   3.0495219e+01   1.1023781e-23
   3.0565541e+01   1.0957917e-23
   3.0636026e+01   1.0892440e-23
   3.0706673e+01   1.0827351e-23
   3.0777482e+01   1.0762647e-23
   3.0848456e+01   1.0698328e-23
   3.0919592e+01   1.0634393e-23
   3.0990893e+01   1.0570840e-23
   3.1062358e+01   1.0507668e-23
   3.1133988e+01   1.0444877e-23
   3.1205784e+01   1.0382465e-23
   3.1277744e+01   1.0320431e-23
   3.1349871e+01   1.0258774e-23
   3.1422164e+01   1.0197494e-23
   3.1494624e+01   1.0136588e-23
   3.1567251e+01   1.0076057e-23
   3.1640045e+01   1.0015899e-23
   3.1713007e+01   9.9561136e-24
   3.1786138e+01   9.8966991e-24
   3.1859437e+01   9.8376548e-24
   3.1932905e+01   9.7789800e-24
   3.2006542e+01   9.7206735e-24
   3.2080350e+01   9.6627345e-24
   3.2154327e+01   9.6051622e-24
   3.2228475e+01   9.5479555e-24
   3.2302794e+01   9.4911136e-24
   3.2377285e+01   9.4346356e-24
   3.2451947e+01   9.3785207e-24
   3.2526782e+01   9.3227681e-24
   3.2601789e+01   9.2673767e-24
   3.2676969e+01   9.2123459e-24
   3.2752322e+01   9.1576748e-24
   3.2827849e+01   9.1033626e-24
   3.2903550e+01   9.0494085e-24
   3.2979426e+01   8.9958117e-24
   3.3055477e+01   8.9425714e-24
   3.3131703e+01   8.8896868e-24
   3.3208105e+01   8.8371572e-24
   3.3284683e+01   8.7849819e-24
   3.3361438e+01   8.7331600e-24
   3.3438370e+01   8.6816909e-24
   3.3515479e+01   8.6305737e-24
   3.3592766e+01   8.5798079e-24
   3.3670231e+01   8.5293927e-24
   3.3747875e+01   8.4793274e-24
   3.3825698e+01   8.4296113e-24
   3.3903700e+01   8.3802437e-24
   3.3981882e+01   8.3312240e-24
   3.4060245e+01   8.2825516e-24
   3.4138788e+01   8.2342256e-24
   3.4217512e+01   8.1862456e-24
   3.4296418e+01   8.1386109e-24
   3.4375506e+01   8.0913208e-24
   3.4454776e+01   8.0443747e-24
   3.4534229e+01   7.9977721e-24
   3.4613865e+01   7.9515122e-24
   3.4693685e+01   7.9055946e-24
   3.4773689e+01   7.8600186e-24
   3.4853877e+01   7.8147837e-24
   3.4934251e+01   7.7698892e-24
   3.5014809e+01   7.7253346e-24
   3.5095554e+01   7.6811194e-24
   3.5176484e+01   7.6372429e-24
   3.5257602e+01   7.5937047e-24
   3.5338906e+01   7.5505042e-24
   3.5420398e+01   7.5076409e-24
   3.5502077e+01   7.4651142e-24
   3.5583945e+01   7.4229236e-24
   3.5666002e+01   7.3810686e-24
   3.5748248e+01   7.3395486e-24
   3.5830684e+01   7.2983632e-24
   3.5913310e+01   7.2575119e-24
   3.5996126e+01   7.2169941e-24
   3.6079134e+01   7.1768094e-24
   3.6162332e+01   7.1369573e-24
   3.6245723e+01   7.0974372e-24
   3.6329306e+01   7.0582487e-24
   3.6413082e+01   7.0193913e-24
   3.6497050e+01   6.9808645e-24
   3.6581213e+01   6.9426679e-24
   3.6665569e+01   6.9048009e-24
   3.6750120e+01   6.8672632e-24
   3.6834867e+01   6.8300541e-24
   3.6919808e+01   6.7931733e-24
   3.7004945e+01   6.7566203e-24
   3.7090279e+01   6.7203946e-24
   3.7175810e+01   6.6844957e-24
   3.7261537e+01   6.6489232e-24
   3.7347463e+01   6.6136766e-24
   3.7433586e+01   6.5787554e-24
   3.7519908e+01   6.5441592e-24
   3.7606429e+01   6.5098874e-24
   3.7693150e+01   6.4759397e-24
   3.7780071e+01   6.4423154e-24
   3.7867192e+01   6.4090143e-24
   3.7954514e+01   6.3760356e-24
   3.8042037e+01   6.3433791e-24
   3.8129763e+01   6.3110441e-24
   3.8217690e+01   6.2790303e-24
   3.8305821e+01   6.2473370e-24
   3.8394154e+01   6.2159638e-24
   3.8482691e+01   6.1849102e-24
   3.8571433e+01   6.1541756e-24
   3.8660379e+01   6.1237596e-24
   3.8749530e+01   6.0936616e-24
   3.8838886e+01   6.0638811e-24
   3.8928449e+01   6.0344175e-24
   3.9018219e+01   6.0052704e-24
   3.9108195e+01   5.9764390e-24
   3.9198379e+01   5.9479229e-24
   3.9288770e+01   5.9197215e-24
   3.9379371e+01   5.8918342e-24
   3.9470180e+01   5.8642605e-24
   3.9561198e+01   5.8369996e-24
   3.9652427e+01   5.8100510e-24
   3.9743865e+01   5.7834141e-24
   3.9835515e+01   5.7570883e-24
   3.9927376e+01   5.7310728e-24
   4.0019449e+01   5.7053670e-24
   4.0111734e+01   5.6799703e-24
   4.0204232e+01   5.6548819e-24
   4.0296943e+01   5.6301012e-24
   4.0389868e+01   5.6056274e-24
   4.0483008e+01   5.5814598e-24
   4.0576362e+01   5.5575977e-24
   4.0669931e+01   5.5340403e-24
   4.0763716e+01   5.5107869e-24
   4.0857718e+01   5.4878365e-24
   4.0951936e+01   5.4651885e-24
   4.1046372e+01   5.4428420e-24
   4.1141025e+01   5.4207962e-24
   4.1235896e+01   5.3990502e-24
   4.1330987e+01   5.3776031e-24
   4.1426296e+01   5.3564541e-24
   4.1521826e+01   5.3356021e-24
   4.1617575e+01   5.3150464e-24
   4.1713546e+01   5.2947859e-24
   4.1809737e+01   5.2748198e-24
   4.1906151e+01   5.2551469e-24
   4.2002787e+01   5.2357662e-24
   4.2099646e+01   5.2166769e-24
   4.2196728e+01   5.1978777e-24
   4.2294034e+01   5.1793677e-24
   4.2391564e+01   5.1611457e-24
   4.2489319e+01   5.1432107e-24
   4.2587300e+01   5.1255615e-24
   4.2685507e+01   5.1081969e-24
   4.2783940e+01   5.0911159e-24
   4.2882600e+01   5.0743171e-24
   4.2981488e+01   5.0577994e-24
   4.3080603e+01   5.0415616e-24
   4.3179947e+01   5.0256023e-24
   4.3279521e+01   5.0099204e-24
   4.3379324e+01   4.9945144e-24
   4.3479357e+01   4.9793831e-24
   4.3579620e+01   4.9645252e-24
   4.3680115e+01   4.9499392e-24
   4.3780842e+01   4.9356239e-24
   4.3881801e+01   4.9215776e-24
   4.3982993e+01   4.9077992e-24
   4.4084418e+01   4.8942870e-24
   4.4186077e+01   4.8810396e-24
   4.4287970e+01   4.8680556e-24
   4.4390099e+01   4.8553333e-24
   4.4492463e+01   4.8428714e-24
   4.4595062e+01   4.8306681e-24
   4.4697899e+01   4.8187220e-24
   4.4800973e+01   4.8070314e-24
   4.4904284e+01   4.7955947e-24
   4.5007834e+01   4.7844103e-24
   4.5111622e+01   4.7734765e-24
   4.5215650e+01   4.7627917e-24
   4.5319918e+01   4.7523541e-24
   4.5424426e+01   4.7421621e-24
   4.5529175e+01   4.7322138e-24
   4.5634165e+01   4.7225077e-24
   4.5739398e+01   4.7130418e-24
   4.5844873e+01   4.7038144e-24
   4.5950592e+01   4.6948237e-24
   4.6056554e+01   4.6860679e-24
   4.6162761e+01   4.6775452e-24
   4.6269213e+01   4.6692537e-24
   4.6375910e+01   4.6611915e-24
   4.6482853e+01   4.6533568e-24
   4.6590043e+01   4.6457476e-24
   4.6697480e+01   4.6383621e-24
   4.6805165e+01   4.6311984e-24
   4.6913098e+01   4.6242545e-24
   4.7021280e+01   4.6175285e-24
   4.7129711e+01   4.6110184e-24
   4.7238393e+01   4.6047223e-24
   4.7347325e+01   4.5986382e-24
   4.7456508e+01   4.5927641e-24
   4.7565943e+01   4.5870979e-24
   4.7675631e+01   4.5816378e-24
   4.7785571e+01   4.5763817e-24
   4.7895765e+01   4.5713276e-24
   4.8006213e+01   4.5664734e-24
   4.8116916e+01   4.5618171e-24
   4.8227874e+01   4.5573567e-24
   4.8339087e+01   4.5530902e-24
   4.8450558e+01   4.5490154e-24
   4.8562285e+01   4.5451304e-24
   4.8674270e+01   4.5414331e-24
   4.8786513e+01   4.5379214e-24
   4.8899015e+01   4.5345933e-24
   4.9011777e+01   4.5314466e-24
   4.9124798e+01   4.5284795e-24
   4.9238081e+01   4.5256896e-24
   4.9351624e+01   4.5230751e-24
   4.9465429e+01   4.5206339e-24
   4.9579497e+01   4.5183638e-24
   4.9693828e+01   4.5162628e-24
   4.9808422e+01   4.5143289e-24
   4.9923280e+01   4.5125600e-24
   5.0038404e+01   4.5109540e-24
   5.0153793e+01   4.5095089e-24
   5.0269448e+01   4.5082227e-24
   5.0385370e+01   4.5070932e-24
   5.0501559e+01   4.5061185e-24
   5.0618016e+01   4.5052966e-24
   5.0734741e+01   4.5046253e-24
   5.0851736e+01   4.5041028e-24
   5.0969000e+01   4.5037269e-24
   5.1086535e+01   4.5034956e-24
   5.1204341e+01   4.5034071e-24
   5.1322419e+01   4.5034592e-24
   5.1440769e+01   4.5036500e-24
   5.1559392e+01   4.5039775e-24
   5.1678288e+01   4.5044397e-24
   5.1797458e+01   4.5050348e-24
   5.1916904e+01   4.5057607e-24
   5.2036625e+01   4.5066156e-24
   5.2156621e+01   4.5075974e-24
   5.2276895e+01   4.5087043e-24
   5.2397446e+01   4.5099344e-24
   5.2518275e+01   4.5112859e-24
   5.2639382e+01   4.5127567e-24
   5.2760769e+01   4.5143451e-24
   5.2882436e+01   4.5160492e-24
   5.3004383e+01   4.5178672e-24
   5.3126612e+01   4.5197972e-24
   5.3249122e+01   4.5218374e-24
   5.3371915e+01   4.5239861e-24
   5.3494991e+01   4.5262414e-24
   5.3618351e+01   4.5286016e-24
   5.3741995e+01   4.5310649e-24
   5.3865925e+01   4.5336296e-24
   5.3990140e+01   4.5362940e-24
   5.4114642e+01   4.5390562e-24
   5.4239430e+01   4.5419147e-24
   5.4364507e+01   4.5448678e-24
   5.4489872e+01   4.5479137e-24
   5.4615526e+01   4.5510509e-24
   5.4741470e+01   4.5542777e-24
   5.4867704e+01   4.5575924e-24
   5.4994229e+01   4.5609935e-24
   5.5121046e+01   4.5644794e-24
   5.5248156e+01   4.5680485e-24
   5.5375559e+01   4.5716992e-24
   5.5503255e+01   4.5754301e-24
   5.5631246e+01   4.5792395e-24
   5.5759532e+01   4.5831259e-24
   5.5888114e+01   4.5870879e-24
   5.6016992e+01   4.5911240e-24
   5.6146168e+01   4.5952328e-24
   5.6275642e+01   4.5994127e-24
   5.6405414e+01   4.6036623e-24
   5.6535485e+01   4.6079803e-24
   5.6665856e+01   4.6123653e-24
   5.6796528e+01   4.6168157e-24
   5.6927501e+01   4.6213304e-24
   5.7058777e+01   4.6259079e-24
   5.7190355e+01   4.6305469e-24
   5.7322236e+01   4.6352461e-24
   5.7454421e+01   4.6400041e-24
   5.7586912e+01   4.6448198e-24
   5.7719708e+01   4.6496918e-24
   5.7852810e+01   4.6546188e-24
   5.7986219e+01   4.6595997e-24
   5.8119935e+01   4.6646332e-24
   5.8253960e+01   4.6697181e-24
   5.8388294e+01   4.6748533e-24
   5.8522938e+01   4.6800374e-24
   5.8657893e+01   4.6852694e-24
   5.8793158e+01   4.6905482e-24
   5.8928736e+01   4.6958725e-24
   5.9064626e+01   4.7012414e-24
   5.9200829e+01   4.7066536e-24
   5.9337347e+01   4.7121081e-24
   5.9474179e+01   4.7176039e-24
   5.9611327e+01   4.7231398e-24
   5.9748791e+01   4.7287149e-24
   5.9886572e+01   4.7343280e-24
   6.0024671e+01   4.7399783e-24
   6.0163089e+01   4.7456646e-24
   6.0301825e+01   4.7513861e-24
   6.0440882e+01   4.7571417e-24
   6.0580259e+01   4.7629305e-24
   6.0719957e+01   4.7687515e-24
   6.0859978e+01   4.7746039e-24
   6.1000322e+01   4.7804867e-24
   6.1140989e+01   4.7863989e-24
   6.1281980e+01   4.7923398e-24
   6.1423297e+01   4.7983085e-24
   6.1564940e+01   4.8043040e-24
   6.1706909e+01   4.8103255e-24
   6.1849206e+01   4.8163723e-24
   6.1991830e+01   4.8224434e-24
   6.2134784e+01   4.8285381e-24
   6.2278067e+01   4.8346555e-24
   6.2421681e+01   4.8407950e-24
   6.2565626e+01   4.8469556e-24
   6.2709903e+01   4.8531367e-24
   6.2854512e+01   4.8593375e-24
   6.2999455e+01   4.8655573e-24
   6.3144732e+01   4.8717953e-24
   6.3290345e+01   4.8780508e-24
   6.3436293e+01   4.8843231e-24
   6.3582577e+01   4.8906116e-24
   6.3729199e+01   4.8969155e-24
   6.3876159e+01   4.9032342e-24
   6.4023458e+01   4.9095670e-24
   6.4171097e+01   4.9159133e-24
   6.4319076e+01   4.9222724e-24
   6.4467396e+01   4.9286438e-24
   6.4616058e+01   4.9350267e-24
   6.4765063e+01   4.9414207e-24
   6.4914412e+01   4.9478250e-24
   6.5064105e+01   4.9542391e-24
   6.5214144e+01   4.9606625e-24
   6.5364528e+01   4.9670945e-24
   6.5515259e+01   4.9735346e-24
   6.5666338e+01   4.9799823e-24
   6.5817765e+01   4.9864370e-24
   6.5969541e+01   4.9928983e-24
   6.6121667e+01   4.9993655e-24
   6.6274144e+01   5.0058381e-24
   6.6426973e+01   5.0123158e-24
   6.6580154e+01   5.0187979e-24
   6.6733688e+01   5.0252840e-24
   6.6887577e+01   5.0317736e-24
   6.7041820e+01   5.0382663e-24
   6.7196419e+01   5.0447615e-24
   6.7351374e+01   5.0512589e-24
   6.7506687e+01   5.0577580e-24
   6.7662358e+01   5.0642583e-24
   6.7818388e+01   5.0707595e-24
   6.7974778e+01   5.0772611e-24
   6.8131528e+01   5.0837628e-24
   6.8288640e+01   5.0902640e-24
   6.8446114e+01   5.0967644e-24
   6.8603951e+01   5.1032637e-24
   6.8762153e+01   5.1097614e-24
   6.8920719e+01   5.1162571e-24
   6.9079650e+01   5.1227506e-24
   6.9238949e+01   5.1292413e-24
   6.9398614e+01   5.1357291e-24
   6.9558648e+01   5.1422135e-24
   6.9719051e+01   5.1486942e-24
   6.9879823e+01   5.1551709e-24
   7.0040967e+01   5.1616432e-24
   7.0202482e+01   5.1681108e-24
   7.0364369e+01   5.1745734e-24
   7.0526630e+01   5.1810307e-24
   7.0689265e+01   5.1874824e-24
   7.0852275e+01   5.1939282e-24
   7.1015661e+01   5.2003678e-24
   7.1179423e+01   5.2068009e-24
   7.1343564e+01   5.2132273e-24
   7.1508083e+01   5.2196466e-24
   7.1672981e+01   5.2260586e-24
   7.1838259e+01   5.2324630e-24
   7.2003919e+01   5.2388597e-24
   7.2169960e+01   5.2452482e-24
   7.2336385e+01   5.2516285e-24
   7.2503193e+01   5.2580002e-24
   7.2670386e+01   5.2643630e-24
   7.2837964e+01   5.2707169e-24
   7.3005929e+01   5.2770615e-24
   7.3174282e+01   5.2833966e-24
   7.3343022e+01   5.2897221e-24
   7.3512152e+01   5.2960376e-24
   7.3681671e+01   5.3023431e-24
   7.3851582e+01   5.3086382e-24
   7.4021884e+01   5.3149228e-24
   7.4192579e+01   5.3211967e-24
   7.4363668e+01   5.3274597e-24
   7.4535151e+01   5.3337116e-24
   7.4707029e+01   5.3399523e-24
   7.4879304e+01   5.3461815e-24
   7.5051977e+01   5.3523991e-24
   7.5225047e+01   5.3586050e-24
   7.5398517e+01   5.3647989e-24
   7.5572386e+01   5.3709807e-24
   7.5746657e+01   5.3771502e-24
   7.5921329e+01   5.3833073e-24
   7.6096404e+01   5.3894518e-24
   7.6271883e+01   5.3955837e-24
   7.6447767e+01   5.4017027e-24
   7.6624056e+01   5.4078087e-24
   7.6800751e+01   5.4139015e-24
   7.6977855e+01   5.4199811e-24
   7.7155366e+01   5.4260474e-24
   7.7333287e+01   5.4321001e-24
   7.7511618e+01   5.4381391e-24
   7.7690361e+01   5.4441644e-24
   7.7869515e+01   5.4501759e-24
   7.8049083e+01   5.4561733e-24
   7.8229065e+01   5.4621567e-24
   7.8409461e+01   5.4681259e-24
   7.8590274e+01   5.4740808e-24
   7.8771504e+01   5.4800212e-24
   7.8953152e+01   5.4859472e-24
   7.9135218e+01   5.4918586e-24
   7.9317705e+01   5.4977553e-24
   7.9500612e+01   5.5036372e-24
   7.9683941e+01   5.5095042e-24
   7.9867693e+01   5.5153563e-24
   8.0051868e+01   5.5211934e-24
   8.0236468e+01   5.5270153e-24
   8.0421494e+01   5.5328221e-24
   8.0606947e+01   5.5386136e-24
   8.0792827e+01   5.5443898e-24
   8.0979136e+01   5.5501506e-24
   8.1165874e+01   5.5558959e-24
   8.1353044e+01   5.5616257e-24
   8.1540644e+01   5.5673399e-24
   8.1728678e+01   5.5730385e-24
   8.1917145e+01   5.5787213e-24
   8.2106046e+01   5.5843884e-24
   8.2295383e+01   5.5900396e-24
   8.2485157e+01   5.5956750e-24
   8.2675369e+01   5.6012945e-24
   8.2866019e+01   5.6068980e-24
   8.3057108e+01   5.6124855e-24
   8.3248639e+01   5.6180569e-24
   8.3440611e+01   5.6236122e-24
   8.3633025e+01   5.6291514e-24
   8.3825884e+01   5.6346744e-24
   8.4019187e+01   5.6401812e-24
   8.4212936e+01   5.6456718e-24
   8.4407131e+01   5.6511460e-24
   8.4601775e+01   5.6566040e-24
   8.4796867e+01   5.6620457e-24
   8.4992409e+01   5.6674709e-24
   8.5188403e+01   5.6728798e-24
   8.5384848e+01   5.6782723e-24
   8.5581746e+01   5.6836483e-24
   8.5779098e+01   5.6890079e-24
   8.5976905e+01   5.6943510e-24
   8.6175169e+01   5.6996776e-24
   8.6373889e+01   5.7049877e-24
   8.6573068e+01   5.7102813e-24
   8.6772706e+01   5.7155583e-24
   8.6972805e+01   5.7208188e-24
   8.7173365e+01   5.7260627e-24
   8.7374387e+01   5.7312900e-24
   8.7575873e+01   5.7365008e-24
   8.7777824e+01   5.7416950e-24
   8.7980240e+01   5.7468726e-24
   8.8183123e+01   5.7520336e-24
   8.8386474e+01   5.7571780e-24
   8.8590294e+01   5.7623058e-24
   8.8794584e+01   5.7674170e-24
   8.8999345e+01   5.7725116e-24
   8.9204578e+01   5.7775897e-24
   8.9410285e+01   5.7826511e-24
   8.9616465e+01   5.7876959e-24
   8.9823122e+01   5.7927242e-24
   9.0030254e+01   5.7977358e-24
   9.0237865e+01   5.8027310e-24
   9.0445954e+01   5.8077095e-24
   9.0654523e+01   5.8126715e-24
   9.0863573e+01   5.8176169e-24
   9.1073105e+01   5.8225459e-24
   9.1283120e+01   5.8274583e-24
   9.1493620e+01   5.8323542e-24
   9.1704605e+01   5.8372336e-24
   9.1916077e+01   5.8420965e-24
   9.2128036e+01   5.8469430e-24
   9.2340484e+01   5.8517731e-24
   9.2553422e+01   5.8565867e-24
   9.2766850e+01   5.8613839e-24
   9.2980771e+01   5.8661648e-24
   9.3195186e+01   5.8709292e-24
   9.3410095e+01   5.8756774e-24
   9.3625499e+01   5.8804092e-24
   9.3841400e+01   5.8851247e-24
   9.4057799e+01   5.8898239e-24
   9.4274697e+01   5.8945069e-24
   9.4492095e+01   5.8991737e-24
   9.4709995e+01   5.9038242e-24
   9.4928397e+01   5.9084586e-24
   9.5147302e+01   5.9130769e-24
   9.5366713e+01   5.9176790e-24
   9.5586629e+01   5.9222650e-24
   9.5807053e+01   5.9268350e-24
   9.6027984e+01   5.9313890e-24
   9.6249426e+01   5.9359269e-24
   9.6471378e+01   5.9404489e-24
   9.6693841e+01   5.9449549e-24
   9.6916818e+01   5.9494451e-24
   9.7140309e+01   5.9539194e-24
   9.7364315e+01   5.9583778e-24
   9.7588838e+01   5.9628204e-24
   9.7813879e+01   5.9672472e-24
   9.8039438e+01   5.9716584e-24
   9.8265518e+01   5.9760538e-24
   9.8492119e+01   5.9804335e-24
   9.8719243e+01   5.9847976e-24
   9.8946890e+01   5.9891462e-24
   9.9175062e+01   5.9934791e-24
   9.9403761e+01   5.9977966e-24
   9.9632987e+01   6.0020986e-24
   9.9862741e+01   6.0063851e-24
   1.0009303e+02   6.0106563e-24
   1.0032384e+02   6.0149121e-24
   1.0055519e+02   6.0191525e-24
   1.0078707e+02   6.0233777e-24
   1.0101948e+02   6.0275876e-24
   1.0125244e+02   6.0317824e-24
   1.0148593e+02   6.0359620e-24
   1.0171995e+02   6.0401265e-24
   1.0195452e+02   6.0442759e-24
   1.0218963e+02   6.0484103e-24
   1.0242528e+02   6.0525296e-24
   1.0266147e+02   6.0566341e-24
   1.0289821e+02   6.0607237e-24
   1.0313549e+02   6.0647984e-24
   1.0337332e+02   6.0688582e-24
   1.0361170e+02   6.0729034e-24
   1.0385063e+02   6.0769338e-24
   1.0409011e+02   6.0809495e-24
   1.0433015e+02   6.0849506e-24
   1.0457073e+02   6.0889371e-24
   1.0481187e+02   6.0929091e-24
   1.0505357e+02   6.0968666e-24
   1.0529582e+02   6.1008097e-24
   1.0553864e+02   6.1047384e-24
   1.0578201e+02   6.1086527e-24
   1.0602594e+02   6.1125527e-24
   1.0627044e+02   6.1164384e-24
   1.0651550e+02   6.1203100e-24
   1.0676113e+02   6.1241674e-24
   1.0700732e+02   6.1280107e-24
   1.0725408e+02   6.1318399e-24
   1.0750141e+02   6.1356551e-24
   1.0774931e+02   6.1394564e-24
   1.0799778e+02   6.1432437e-24
   1.0824682e+02   6.1470172e-24
   1.0849644e+02   6.1507769e-24
   1.0874663e+02   6.1545228e-24
   1.0899740e+02   6.1582550e-24
   1.0924875e+02   6.1619736e-24
   1.0950068e+02   6.1656785e-24
   1.0975319e+02   6.1693698e-24
   1.1000628e+02   6.1730477e-24
   1.1025996e+02   6.1767121e-24
   1.1051422e+02   6.1803631e-24
   1.1076906e+02   6.1840007e-24
   1.1102450e+02   6.1876250e-24
   1.1128052e+02   6.1912361e-24
   1.1153714e+02   6.1948339e-24
   1.1179434e+02   6.1984186e-24
   1.1205214e+02   6.2019902e-24
   1.1231053e+02   6.2055488e-24
   1.1256952e+02   6.2090944e-24
   1.1282911e+02   6.2126270e-24
   1.1308929e+02   6.2161467e-24
   1.1335008e+02   6.2196536e-24
   1.1361146e+02   6.2231477e-24
   1.1387345e+02   6.2266291e-24
   1.1413605e+02   6.2300978e-24
   1.1439924e+02   6.2335539e-24
   1.1466305e+02   6.2369974e-24
   1.1492746e+02   6.2404283e-24
   1.1519249e+02   6.2438468e-24
   1.1545812e+02   6.2472529e-24
   1.1572437e+02   6.2506466e-24
   1.1599123e+02   6.2540280e-24
   1.1625871e+02   6.2573972e-24
   1.1652680e+02   6.2607542e-24
   1.1679551e+02   6.2640990e-24
   1.1706484e+02   6.2674317e-24
   1.1733480e+02   6.2707523e-24
   1.1760537e+02   6.2740610e-24
   1.1787657e+02   6.2773578e-24
   1.1814839e+02   6.2806426e-24
   1.1842085e+02   6.2839157e-24
   1.1869392e+02   6.2871769e-24
   1.1896763e+02   6.2904265e-24
   1.1924197e+02   6.2936643e-24
   1.1951695e+02   6.2968906e-24
   1.1979255e+02   6.3001053e-24
   1.2006880e+02   6.3033085e-24
   1.2034568e+02   6.3065003e-24
   1.2062319e+02   6.3096806e-24
   1.2090135e+02   6.3128496e-24
   1.2118015e+02   6.3160074e-24
   1.2145959e+02   6.3191539e-24
   1.2173968e+02   6.3222892e-24
   1.2202041e+02   6.3254134e-24
   1.2230179e+02   6.3285265e-24
   1.2258382e+02   6.3316286e-24
   1.2286650e+02   6.3347197e-24
   1.2314983e+02   6.3377999e-24
   1.2343382e+02   6.3408693e-24
   1.2371846e+02   6.3439279e-24
   1.2400375e+02   6.3469757e-24
   1.2428971e+02   6.3500128e-24
   1.2457632e+02   6.3530393e-24
   1.2486359e+02   6.3560552e-24
   1.2515153e+02   6.3590606e-24
   1.2544013e+02   6.3620555e-24
   1.2572940e+02   6.3650400e-24
   1.2601933e+02   6.3680141e-24
   1.2630993e+02   6.3709779e-24
   1.2660120e+02   6.3739315e-24
   1.2689314e+02   6.3768748e-24
   1.2718576e+02   6.3798080e-24
   1.2747905e+02   6.3827311e-24
   1.2777302e+02   6.3856441e-24
   1.2806767e+02   6.3885472e-24
   1.2836299e+02   6.3914403e-24
   1.2865900e+02   6.3943235e-24
   1.2895569e+02   6.3971970e-24
   1.2925306e+02   6.4000606e-24
   1.2955112e+02   6.4029145e-24
   1.2984986e+02   6.4057588e-24
   1.3014930e+02   6.4085934e-24
   1.3044942e+02   6.4114185e-24
   1.3075024e+02   6.4142340e-24
   1.3105175e+02   6.4170402e-24
   1.3135396e+02   6.4198369e-24
   1.3165686e+02   6.4226243e-24
   1.3196046e+02   6.4254023e-24
   1.3226476e+02   6.4281712e-24
   1.3256977e+02   6.4309309e-24
   1.3287547e+02   6.4336814e-24
   1.3318189e+02   6.4364229e-24
   1.3348901e+02   6.4391553e-24
   1.3379683e+02   6.4418788e-24
   1.3410537e+02   6.4445933e-24
   1.3441462e+02   6.4472990e-24
   1.3472458e+02   6.4499959e-24
   1.3503525e+02   6.4526840e-24
   1.3534665e+02   6.4553634e-24
   1.3565876e+02   6.4580342e-24
   1.3597159e+02   6.4606963e-24
   1.3628514e+02   6.4633499e-24
   1.3659941e+02   6.4659951e-24
   1.3691441e+02   6.4686317e-24
   1.3723014e+02   6.4712600e-24
   1.3754659e+02   6.4738800e-24
   1.3786377e+02   6.4764917e-24
   1.3818169e+02   6.4790951e-24
   1.3850034e+02   6.4816904e-24
   1.3881972e+02   6.4842776e-24
   1.3913984e+02   6.4868566e-24
   1.3946070e+02   6.4894277e-24
   1.3978229e+02   6.4919908e-24
   1.4010463e+02   6.4945460e-24
   1.4042772e+02   6.4970933e-24
   1.4075154e+02   6.4996328e-24
   1.4107612e+02   6.5021646e-24
   1.4140144e+02   6.5046886e-24
   1.4172751e+02   6.5072050e-24
   1.4205434e+02   6.5097138e-24
   1.4238192e+02   6.5122150e-24
   1.4271025e+02   6.5147088e-24
   1.4303934e+02   6.5171951e-24
   1.4336919e+02   6.5196740e-24
   1.4369980e+02   6.5221455e-24
   1.4403117e+02   6.5246098e-24
   1.4436331e+02   6.5270668e-24
   1.4469621e+02   6.5295166e-24
   1.4502988e+02   6.5319593e-24
   1.4536432e+02   6.5343949e-24
   1.4569954e+02   6.5368235e-24
   1.4603552e+02   6.5392451e-24
   1.4637228e+02   6.5416598e-24
   1.4670981e+02   6.5440676e-24
   1.4704813e+02   6.5464685e-24
   1.4738722e+02   6.5488627e-24
   1.4772710e+02   6.5512501e-24
   1.4806776e+02   6.5536309e-24
   1.4840920e+02   6.5560051e-24
   1.4875144e+02   6.5583726e-24
   1.4909446e+02   6.5607337e-24
   1.4943827e+02   6.5630882e-24
   1.4978288e+02   6.5654364e-24
   1.5012828e+02   6.5677782e-24
   1.5047447e+02   6.5701136e-24
   1.5082147e+02   6.5724428e-24
   1.5116927e+02   6.5747657e-24
   1.5151786e+02   6.5770825e-24
   1.5186726e+02   6.5793932e-24
   1.5221747e+02   6.5816978e-24
   1.5256849e+02   6.5839963e-24
   1.5292031e+02   6.5862889e-24
   1.5327295e+02   6.5885756e-24
   1.5362639e+02   6.5908564e-24
   1.5398066e+02   6.5931314e-24
   1.5433574e+02   6.5954006e-24
   1.5469164e+02   6.5976641e-24
   1.5504836e+02   6.5999219e-24
   1.5540590e+02   6.6021741e-24
   1.5576427e+02   6.6044207e-24
   1.5612346e+02   6.6066618e-24
   1.5648348e+02   6.6088974e-24
   1.5684434e+02   6.6111276e-24
   1.5720602e+02   6.6133524e-24
   1.5756854e+02   6.6155719e-24
   1.5793189e+02   6.6177861e-24
   1.5829608e+02   6.6199951e-24
   1.5866112e+02   6.6221989e-24
   1.5902699e+02   6.6243975e-24
   1.5939371e+02   6.6265911e-24
   1.5976127e+02   6.6287797e-24
   1.6012968e+02   6.6309632e-24
   1.6049894e+02   6.6331418e-24
   1.6086905e+02   6.6353156e-24
   1.6124002e+02   6.6374845e-24
   1.6161184e+02   6.6396486e-24
   1.6198452e+02   6.6418080e-24
   1.6235805e+02   6.6439626e-24
   1.6273245e+02   6.6461127e-24
   1.6310772e+02   6.6482581e-24
   1.6348384e+02   6.6503990e-24
   1.6386084e+02   6.6525353e-24
   1.6423870e+02   6.6546673e-24
   1.6461744e+02   6.6567948e-24
   1.6499705e+02   6.6589180e-24
   1.6537753e+02   6.6610368e-24
   1.6575889e+02   6.6631514e-24
   1.6614114e+02   6.6652618e-24
   1.6652426e+02   6.6673680e-24
   1.6690826e+02   6.6694701e-24
   1.6729316e+02   6.6715682e-24
   1.6767894e+02   6.6736622e-24
   1.6806560e+02   6.6757522e-24
   1.6845316e+02   6.6778383e-24
   1.6884162e+02   6.6799205e-24
   1.6923097e+02   6.6819989e-24
   1.6962122e+02   6.6840735e-24
   1.7001236e+02   6.6861444e-24
   1.7040441e+02   6.6882116e-24
   1.7079737e+02   6.6902751e-24
   1.7119123e+02   6.6923351e-24
   1.7158600e+02   6.6943915e-24
   1.7198168e+02   6.6964444e-24
   1.7237827e+02   6.6984938e-24
   1.7277577e+02   6.7005398e-24
   1.7317419e+02   6.7025825e-24
   1.7357354e+02   6.7046219e-24
   1.7397380e+02   6.7066579e-24
   1.7437498e+02   6.7086908e-24
   1.7477709e+02   6.7107205e-24
   1.7518013e+02   6.7127471e-24
   1.7558410e+02   6.7147706e-24
   1.7598899e+02   6.7167910e-24
   1.7639483e+02   6.7188085e-24
   1.7680159e+02   6.7208230e-24
   1.7720930e+02   6.7228346e-24
   1.7761795e+02   6.7248434e-24
   1.7802753e+02   6.7268494e-24
   1.7843807e+02   6.7288526e-24
   1.7884955e+02   6.7308531e-24
   1.7926198e+02   6.7328509e-24
   1.7967535e+02   6.7348462e-24
   1.8008969e+02   6.7368388e-24
   1.8050498e+02   6.7388289e-24
   1.8092122e+02   6.7408166e-24
   1.8133843e+02   6.7428018e-24
   1.8175659e+02   6.7447846e-24
   1.8217573e+02   6.7467651e-24
   1.8259583e+02   6.7487433e-24
   1.8301689e+02   6.7507193e-24
   1.8343893e+02   6.7526930e-24
   1.8386194e+02   6.7546646e-24
   1.8428593e+02   6.7566341e-24
   1.8471089e+02   6.7586015e-24
   1.8513684e+02   6.7605669e-24
   1.8556377e+02   6.7625303e-24
   1.8599168e+02   6.7644917e-24
   1.8642058e+02   6.7664513e-24
   1.8685046e+02   6.7684091e-24
   1.8728134e+02   6.7703651e-24
   1.8771321e+02   6.7723193e-24
   1.8814608e+02   6.7742718e-24
   1.8857995e+02   6.7762226e-24
   1.8901482e+02   6.7781719e-24
   1.8945068e+02   6.7801196e-24
   1.8988756e+02   6.7820657e-24
   1.9032544e+02   6.7840104e-24
   1.9076433e+02   6.7859536e-24
   1.9120424e+02   6.7878955e-24
   1.9164516e+02   6.7898360e-24
   1.9208709e+02   6.7917753e-24
   1.9253005e+02   6.7937132e-24
   1.9297402e+02   6.7956500e-24
   1.9341902e+02   6.7975856e-24
   1.9386505e+02   6.7995201e-24
   1.9431210e+02   6.8014535e-24
   1.9476019e+02   6.8033860e-24
   1.9520930e+02   6.8053174e-24
   1.9565946e+02   6.8072479e-24
   1.9611065e+02   6.8091775e-24
   1.9656288e+02   6.8111062e-24
   1.9701616e+02   6.8130342e-24
   1.9747048e+02   6.8149614e-24
   1.9792585e+02   6.8168879e-24
   1.9838227e+02   6.8188137e-24
   1.9883974e+02   6.8207389e-24
   1.9929826e+02   6.8226635e-24
   1.9975785e+02   6.8245876e-24
   2.0021849e+02   6.8265112e-24
   2.0068020e+02   6.8284344e-24
   2.0114297e+02   6.8303571e-24
   2.0160680e+02   6.8322796e-24
   2.0207171e+02   6.8342017e-24
   2.0253769e+02   6.8361235e-24
   2.0300474e+02   6.8380451e-24
   2.0347287e+02   6.8399666e-24
   2.0394208e+02   6.8418879e-24
   2.0441237e+02   6.8438091e-24
   2.0488375e+02   6.8457303e-24
   2.0535621e+02   6.8476515e-24
   2.0582977e+02   6.8495728e-24
   2.0630441e+02   6.8514941e-24
   2.0678015e+02   6.8534156e-24
   2.0725699e+02   6.8553373e-24
   2.0773492e+02   6.8572592e-24
   2.0821396e+02   6.8591813e-24
   2.0869411e+02   6.8611038e-24
   2.0917536e+02   6.8630266e-24
   2.0965772e+02   6.8649499e-24
   2.1014119e+02   6.8668736e-24
   2.1062578e+02   6.8687978e-24
   2.1111148e+02   6.8707225e-24
   2.1159831e+02   6.8726478e-24
   2.1208625e+02   6.8745737e-24
   2.1257533e+02   6.8765003e-24
   2.1306553e+02   6.8784276e-24
   2.1355686e+02   6.8803557e-24
   2.1404932e+02   6.8822846e-24
   2.1454292e+02   6.8842144e-24
   2.1503766e+02   6.8861450e-24
   2.1553354e+02   6.8880766e-24
   2.1603056e+02   6.8900091e-24
   2.1652873e+02   6.8919427e-24
   2.1702804e+02   6.8938773e-24
   2.1752851e+02   6.8958131e-24
   2.1803013e+02   6.8977500e-24
   2.1853291e+02   6.8996882e-24
   2.1903685e+02   6.9016275e-24
   2.1954195e+02   6.9035682e-24
   2.2004822e+02   6.9055102e-24
   2.2055565e+02   6.9074536e-24
   2.2106425e+02   6.9093985e-24
   2.2157403e+02   6.9113448e-24
   2.2208498e+02   6.9132926e-24
   2.2259711e+02   6.9152419e-24
   2.2311042e+02   6.9171929e-24
   2.2362491e+02   6.9191456e-24
   2.2414060e+02   6.9210999e-24
   2.2465747e+02   6.9230559e-24
   2.2517553e+02   6.9250138e-24
   2.2569478e+02   6.9269735e-24
   2.2621524e+02   6.9289350e-24
   2.2673689e+02   6.9308985e-24
   2.2725975e+02   6.9328639e-24
   2.2778381e+02   6.9348313e-24
   2.2830908e+02   6.9368008e-24
   2.2883556e+02   6.9387724e-24
   2.2936326e+02   6.9407461e-24
   2.2989217e+02   6.9427220e-24
   2.3042231e+02   6.9447002e-24
   2.3095366e+02   6.9466806e-24
   2.3148624e+02   6.9486633e-24
   2.3202005e+02   6.9506484e-24
   2.3255509e+02   6.9526359e-24
   2.3309137e+02   6.9546259e-24
   2.3362888e+02   6.9566183e-24
   2.3416763e+02   6.9586133e-24
   2.3470762e+02   6.9606109e-24
   2.3524886e+02   6.9626112e-24
   2.3579134e+02   6.9646141e-24
   2.3633508e+02   6.9666197e-24
   2.3688007e+02   6.9686281e-24
   2.3742632e+02   6.9706393e-24
   2.3797382e+02   6.9726533e-24
   2.3852259e+02   6.9746703e-24
   2.3907263e+02   6.9766902e-24
   2.3962393e+02   6.9787131e-24
   2.4017651e+02   6.9807391e-24
   2.4073036e+02   6.9827681e-24
   2.4128548e+02   6.9848003e-24
   2.4184189e+02   6.9868356e-24
   2.4239958e+02   6.9888741e-24
   2.4295855e+02   6.9909160e-24
   2.4351882e+02   6.9929611e-24
   2.4408037e+02   6.9950096e-24
   2.4464322e+02   6.9970615e-24
   2.4520737e+02   6.9991168e-24
   2.4577282e+02   7.0011756e-24
   2.4633958e+02   7.0032380e-24
   2.4690764e+02   7.0053039e-24
   2.4747701e+02   7.0073735e-24
   2.4804769e+02   7.0094467e-24
   2.4861969e+02   7.0115236e-24
   2.4919301e+02   7.0136044e-24
   2.4976765e+02   7.0156889e-24
   2.5034362e+02   7.0177773e-24
   2.5092091e+02   7.0198696e-24
   2.5149954e+02   7.0219658e-24
   2.5207950e+02   7.0240660e-24
   2.5266080e+02   7.0261703e-24
   2.5324343e+02   7.0282787e-24
   2.5382742e+02   7.0303911e-24
   2.5441274e+02   7.0325078e-24
   2.5499942e+02   7.0346287e-24
   2.5558745e+02   7.0367538e-24
   2.5617684e+02   7.0388833e-24
   2.5676758e+02   7.0410171e-24
   2.5735969e+02   7.0431554e-24
   2.5795317e+02   7.0452981e-24
   2.5854801e+02   7.0474453e-24
   2.5914422e+02   7.0495970e-24
   2.5974181e+02   7.0517533e-24
   2.6034078e+02   7.0539143e-24
   2.6094112e+02   7.0560800e-24
   2.6154286e+02   7.0582504e-24
   2.6214598e+02   7.0604255e-24
   2.6275049e+02   7.0626055e-24
   2.6335639e+02   7.0647904e-24
   2.6396369e+02   7.0669802e-24
   2.6457240e+02   7.0691749e-24
   2.6518250e+02   7.0713747e-24
   2.6579401e+02   7.0735795e-24
   2.6640694e+02   7.0757895e-24
   2.6702127e+02   7.0780045e-24
   2.6763703e+02   7.0802248e-24
   2.6825420e+02   7.0824504e-24
   2.6887280e+02   7.0846812e-24
   2.6949282e+02   7.0869174e-24
   2.7011427e+02   7.0891589e-24
   2.7073716e+02   7.0914059e-24
   2.7136148e+02   7.0936584e-24
   2.7198724e+02   7.0959164e-24
   2.7261444e+02   7.0981800e-24
   2.7324310e+02   7.1004493e-24
   2.7387320e+02   7.1027242e-24
   2.7450475e+02   7.1050048e-24
   2.7513776e+02   7.1072912e-24
   2.7577223e+02   7.1095834e-24
   2.7640816e+02   7.1118815e-24
   2.7704556e+02   7.1141855e-24
   2.7768443e+02   7.1164954e-24
   2.7832477e+02   7.1188114e-24
   2.7896659e+02   7.1211334e-24
   2.7960989e+02   7.1234615e-24
   2.8025467e+02   7.1257958e-24
   2.8090094e+02   7.1281363e-24
   2.8154870e+02   7.1304830e-24
   2.8219796e+02   7.1328361e-24
   2.8284871e+02   7.1351954e-24
   2.8350096e+02   7.1375612e-24
   2.8415471e+02   7.1399335e-24
   2.8480998e+02   7.1423122e-24
   2.8546675e+02   7.1446975e-24
   2.8612504e+02   7.1470893e-24
   2.8678485e+02   7.1494878e-24
   2.8744617e+02   7.1518930e-24
   2.8810903e+02   7.1543049e-24
   2.8877341e+02   7.1567237e-24
   2.8943932e+02   7.1591492e-24
   2.9010677e+02   7.1615817e-24
   2.9077576e+02   7.1640211e-24
   2.9144629e+02   7.1664674e-24
   2.9211837e+02   7.1689208e-24
   2.9279200e+02   7.1713813e-24
   2.9346718e+02   7.1738490e-24
   2.9414391e+02   7.1763238e-24
   2.9482221e+02   7.1788058e-24
   2.9550207e+02   7.1812952e-24
   2.9618350e+02   7.1837918e-24
   2.9686651e+02   7.1862959e-24
   2.9755108e+02   7.1888074e-24
   2.9823724e+02   7.1913264e-24
   2.9892498e+02   7.1938529e-24
   2.9961430e+02   7.1963870e-24
   3.0030521e+02   7.1989287e-24
   3.0099772e+02   7.2014781e-24
   3.0169182e+02   7.2040353e-24
   3.0238752e+02   7.2066002e-24
   3.0308483e+02   7.2091730e-24
   3.0378375e+02   7.2117537e-24
   3.0448428e+02   7.2143423e-24
   3.0518642e+02   7.2169390e-24
   3.0589018e+02   7.2195436e-24
   3.0659557e+02   7.2221564e-24
   3.0730258e+02   7.2247773e-24
   3.0801122e+02   7.2274064e-24
   3.0872150e+02   7.2300437e-24
   3.0943341e+02   7.2326894e-24
   3.1014697e+02   7.2353434e-24
   3.1086217e+02   7.2380058e-24
   3.1157902e+02   7.2406767e-24
   3.1229752e+02   7.2433561e-24
   3.1301768e+02   7.2460440e-24
   3.1373950e+02   7.2487405e-24
   3.1446299e+02   7.2514458e-24
   3.1518814e+02   7.2541597e-24
   3.1591497e+02   7.2568824e-24
   3.1664347e+02   7.2596139e-24
   3.1737365e+02   7.2623543e-24
   3.1810552e+02   7.2651037e-24
   3.1883907e+02   7.2678620e-24
   3.1957432e+02   7.2706293e-24
   3.2031126e+02   7.2734058e-24
   3.2104990e+02   7.2761914e-24
   3.2179024e+02   7.2789861e-24
   3.2253229e+02   7.2817901e-24
   3.2327606e+02   7.2846035e-24
   3.2402153e+02   7.2874261e-24
   3.2476873e+02   7.2902582e-24
   3.2551765e+02   7.2930997e-24
   3.2626829e+02   7.2959508e-24
   3.2702067e+02   7.2988114e-24
   3.2777478e+02   7.3016817e-24
   3.2853063e+02   7.3045616e-24
   3.2928823e+02   7.3074512e-24
   3.3004757e+02   7.3103507e-24
   3.3080866e+02   7.3132599e-24
   3.3157151e+02   7.3161791e-24
   3.3233612e+02   7.3191082e-24
   3.3310249e+02   7.3220474e-24
   3.3387062e+02   7.3249965e-24
   3.3464053e+02   7.3279558e-24
   3.3541221e+02   7.3309253e-24
   3.3618568e+02   7.3339050e-24
   3.3696092e+02   7.3368950e-24
   3.3773796e+02   7.3398953e-24
   3.3851679e+02   7.3429060e-24
   3.3929741e+02   7.3459271e-24
   3.4007983e+02   7.3489587e-24
   3.4086406e+02   7.3520009e-24
   3.4165009e+02   7.3550537e-24
   3.4243794e+02   7.3581172e-24
   3.4322760e+02   7.3611914e-24
   3.4401909e+02   7.3642764e-24
   3.4481240e+02   7.3673722e-24
   3.4560754e+02   7.3704789e-24
   3.4640451e+02   7.3735966e-24
   3.4720333e+02   7.3767252e-24
   3.4800398e+02   7.3798650e-24
   3.4880648e+02   7.3830158e-24
   3.4961083e+02   7.3861779e-24
   3.5041703e+02   7.3893511e-24
   3.5122510e+02   7.3925357e-24
   3.5203503e+02   7.3957316e-24
   3.5284682e+02   7.3989389e-24
   3.5366049e+02   7.4021577e-24
   3.5447603e+02   7.4053880e-24
   3.5529346e+02   7.4086299e-24
   3.5611277e+02   7.4118834e-24
   3.5693397e+02   7.4151486e-24
   3.5775706e+02   7.4184256e-24
   3.5858205e+02   7.4217144e-24
   3.5940894e+02   7.4250150e-24
   3.6023774e+02   7.4283276e-24
   3.6106845e+02   7.4316522e-24
   3.6190108e+02   7.4349888e-24
   3.6273563e+02   7.4383375e-24
   3.6357210e+02   7.4416984e-24
   3.6441050e+02   7.4450715e-24
   3.6525083e+02   7.4484569e-24
   3.6609310e+02   7.4518547e-24
   3.6693731e+02   7.4552648e-24
   3.6778347e+02   7.4586874e-24
   3.6863159e+02   7.4621226e-24
   3.6948165e+02   7.4655703e-24
   3.7033368e+02   7.4690306e-24
   3.7118767e+02   7.4725037e-24
   3.7204364e+02   7.4759895e-24
   3.7290157e+02   7.4794882e-24
   3.7376148e+02   7.4829997e-24
   3.7462338e+02   7.4865242e-24
   3.7548727e+02   7.4900616e-24
   3.7635314e+02   7.4936122e-24
   3.7722102e+02   7.4971759e-24
   3.7809089e+02   7.5007527e-24
   3.7896277e+02   7.5043428e-24
   3.7983666e+02   7.5079463e-24
   3.8071257e+02   7.5115631e-24
   3.8159049e+02   7.5151933e-24
   3.8247044e+02   7.5188370e-24
   3.8335242e+02   7.5224943e-24
   3.8423644e+02   7.5261653e-24
   3.8512249e+02   7.5298499e-24
   3.8601059e+02   7.5335482e-24
   3.8690073e+02   7.5372604e-24
   3.8779292e+02   7.5409864e-24
   3.8868718e+02   7.5447264e-24
   3.8958349e+02   7.5484803e-24
   3.9048188e+02   7.5522484e-24
   3.9138233e+02   7.5560305e-24
   3.9228486e+02   7.5598269e-24
   3.9318947e+02   7.5636375e-24
   3.9409617e+02   7.5674624e-24
   3.9500496e+02   7.5713017e-24
   3.9591584e+02   7.5751555e-24
   3.9682883e+02   7.5790237e-24
   3.9774392e+02   7.5829066e-24
   3.9866112e+02   7.5868040e-24
   3.9958044e+02   7.5907162e-24
   4.0050187e+02   7.5946432e-24
   4.0142543e+02   7.5985850e-24
   4.0235112e+02   7.6025417e-24
   4.0327895e+02   7.6065134e-24
   4.0420891e+02   7.6105001e-24
   4.0514102e+02   7.6145019e-24
   4.0607528e+02   7.6185188e-24
   4.0701169e+02   7.6225511e-24
   4.0795026e+02   7.6265986e-24
   4.0889100e+02   7.6306615e-24
   4.0983390e+02   7.6347398e-24
   4.1077898e+02   7.6388337e-24
   4.1172624e+02   7.6429431e-24
   4.1267569e+02   7.6470681e-24
   4.1362732e+02   7.6512089e-24
   4.1458115e+02   7.6553655e-24
   4.1553718e+02   7.6595379e-24
   4.1649541e+02   7.6637262e-24
   4.1745585e+02   7.6679306e-24
   4.1841851e+02   7.6721510e-24
   4.1938338e+02   7.6763876e-24
   4.2035048e+02   7.6806403e-24
   4.2131982e+02   7.6849094e-24
   4.2229138e+02   7.6891948e-24
   4.2326519e+02   7.6934966e-24
   4.2424124e+02   7.6978150e-24
   4.2521955e+02   7.7021499e-24
   4.2620010e+02   7.7065015e-24
   4.2718293e+02   7.7108699e-24
   4.2816801e+02   7.7152550e-24
   4.2915537e+02   7.7196571e-24
   4.3014501e+02   7.7240762e-24
   4.3113692e+02   7.7285123e-24
   4.3213113e+02   7.7329656e-24
   4.3312763e+02   7.7374361e-24
   4.3412642e+02   7.7419240e-24
   4.3512752e+02   7.7464293e-24
   4.3613093e+02   7.7509521e-24
   4.3713665e+02   7.7554925e-24
   4.3814469e+02   7.7600507e-24
   4.3915506e+02   7.7646267e-24
   4.4016775e+02   7.7692206e-24
   4.4118278e+02   7.7738326e-24
   4.4220015e+02   7.7784627e-24
   4.4321987e+02   7.7831112e-24
   4.4424194e+02   7.7877782e-24
   4.4526636e+02   7.7924637e-24
   4.4629315e+02   7.7971681e-24
   4.4732231e+02   7.8018914e-24
   4.4835383e+02   7.8066339e-24
   4.4938774e+02   7.8113957e-24
   4.5042403e+02   7.8161772e-24
   4.5146271e+02   7.8209786e-24
   4.5250379e+02   7.8258002e-24
   4.5354727e+02   7.8306425e-24
   4.5459315e+02   7.8355058e-24
   4.5564145e+02   7.8403907e-24
   4.5669216e+02   7.8452978e-24
   4.5774529e+02   7.8502278e-24
   4.5880086e+02   7.8551817e-24
   4.5985886e+02   7.8601606e-24
   4.6091930e+02   7.8651661e-24
   4.6198218e+02   7.8701999e-24
   4.6304751e+02   7.8752645e-24
   4.6411530e+02   7.8803633e-24
   4.6518556e+02   7.8855006e-24
   4.6625828e+02   7.8906826e-24
   4.6733347e+02   7.8959181e-24
   4.6841115e+02   7.9012200e-24
   4.6949131e+02   7.9066079e-24
   4.7057396e+02   7.9121129e-24
   4.7165911e+02   7.9177863e-24
   4.7274676e+02   7.9237187e-24
   4.7383691e+02   7.9300820e-24
   4.7492958e+02   7.9372361e-24
   4.7602478e+02   7.9460451e-24
   4.7712249e+02   7.9590441e-24
   4.7822274e+02   7.9866236e-24
   4.7932553e+02   8.1156684e-24
   4.8043085e+02   4.1246899e-23
   4.8153873e+02   8.0999237e-24
   4.8264916e+02   8.0032136e-24
   4.8376216e+02   7.9888878e-24
   4.8487772e+02   7.9873125e-24
   4.8599585e+02   7.9894903e-24
   4.8711656e+02   7.9931657e-24
   4.8823985e+02   7.9975606e-24
   4.8936574e+02   8.0023486e-24
   4.9049422e+02   8.0073739e-24
   4.9162530e+02   8.0125542e-24
   4.9275899e+02   8.0178430e-24
   4.9389530e+02   8.0232123e-24
   4.9503423e+02   8.0286445e-24
   4.9617578e+02   8.0341281e-24
   4.9731996e+02   8.0396555e-24
   4.9846679e+02   8.0452211e-24
   4.9961626e+02   8.0508212e-24
   5.0076837e+02   8.0564530e-24
   5.0192315e+02   8.0621146e-24
   5.0308059e+02   8.0678043e-24
   5.0424070e+02   8.0735211e-24
   5.0540348e+02   8.0792641e-24
   5.0656894e+02   8.0850327e-24
   5.0773710e+02   8.0908262e-24
   5.0890794e+02   8.0966444e-24
   5.1008149e+02   8.1024870e-24
   5.1125774e+02   8.1083536e-24
   5.1243670e+02   8.1142442e-24
   5.1361839e+02   8.1201585e-24
   5.1480279e+02   8.1260965e-24
   5.1598993e+02   8.1320582e-24
   5.1717981e+02   8.1380435e-24
   5.1837243e+02   8.1440522e-24
   5.1956780e+02   8.1500846e-24
   5.2076593e+02   8.1561405e-24
   5.2196682e+02   8.1622199e-24
   5.2317048e+02   8.1683229e-24
   5.2437691e+02   8.1744496e-24
   5.2558613e+02   8.1805999e-24
   5.2679814e+02   8.1867738e-24
   5.2801294e+02   8.1929716e-24
   5.2923054e+02   8.1991931e-24
   5.3045095e+02   8.2054384e-24
   5.3167417e+02   8.2117077e-24
   5.3290022e+02   8.2180009e-24
   5.3412909e+02   8.2243182e-24
   5.3536079e+02   8.2306595e-24
   5.3659534e+02   8.2370250e-24
   5.3783273e+02   8.2434148e-24
   5.3907298e+02   8.2498288e-24
   5.4031609e+02   8.2562673e-24
   5.4156206e+02   8.2627301e-24
   5.4281090e+02   8.2692176e-24
   5.4406263e+02   8.2757296e-24
   5.4531724e+02   8.2822662e-24
   5.4657475e+02   8.2888277e-24
   5.4783515e+02   8.2954139e-24
   5.4909847e+02   8.3020251e-24
   5.5036469e+02   8.3086612e-24
   5.5163384e+02   8.3153224e-24
   5.5290591e+02   8.3220088e-24
   5.5418091e+02   8.3287204e-24
   5.5545886e+02   8.3354573e-24
   5.5673975e+02   8.3422195e-24
   5.5802360e+02   8.3490073e-24
   5.5931040e+02   8.3558206e-24
   5.6060018e+02   8.3626595e-24
   5.6189293e+02   8.3695242e-24
   5.6318866e+02   8.3764146e-24
   5.6448737e+02   8.3833309e-24
   5.6578909e+02   8.3902732e-24
   5.6709380e+02   8.3972416e-24
   5.6840152e+02   8.4042360e-24
   5.6971226e+02   8.4112567e-24
   5.7102602e+02   8.4183037e-24
   5.7234281e+02   8.4253771e-24
   5.7366264e+02   8.4324770e-24
   5.7498551e+02   8.4396034e-24
   5.7631143e+02   8.4467564e-24
   5.7764041e+02   8.4539362e-24
   5.7897245e+02   8.4611428e-24
   5.8030757e+02   8.4683763e-24
   5.8164576e+02   8.4756368e-24
   5.8298704e+02   8.4829243e-24
   5.8433141e+02   8.4902391e-24
   5.8567889e+02   8.4975810e-24
   5.8702947e+02   8.5049503e-24
   5.8838316e+02   8.5123470e-24
   5.8973998e+02   8.5197713e-24
   5.9109992e+02   8.5272231e-24
   5.9246300e+02   8.5347026e-24
   5.9382923e+02   8.5422099e-24
   5.9519860e+02   8.5497450e-24
   5.9657113e+02   8.5573081e-24
   5.9794683e+02   8.5648992e-24
   5.9932570e+02   8.5725184e-24
   6.0070775e+02   8.5801659e-24
   6.0209299e+02   8.5878417e-24
   6.0348142e+02   8.5955458e-24
   6.0487305e+02   8.6032784e-24
   6.0626789e+02   8.6110396e-24
   6.0766595e+02   8.6188295e-24
   6.0906723e+02   8.6266481e-24
   6.1047175e+02   8.6344955e-24
   6.1187950e+02   8.6423719e-24
   6.1329050e+02   8.6502773e-24
   6.1470475e+02   8.6582118e-24
   6.1612226e+02   8.6661755e-24
   6.1754305e+02   8.6741685e-24
   6.1896711e+02   8.6821909e-24
   6.2039445e+02   8.6902427e-24
   6.2182508e+02   8.6983241e-24
   6.2325902e+02   8.7064352e-24
   6.2469626e+02   8.7145760e-24
   6.2613681e+02   8.7227466e-24
   6.2758069e+02   8.7309472e-24
   6.2902789e+02   8.7391778e-24
   6.3047844e+02   8.7474385e-24
   6.3193232e+02   8.7557294e-24
   6.3338957e+02   8.7640506e-24
   6.3485017e+02   8.7724022e-24
   6.3631414e+02   8.7807842e-24
   6.3778148e+02   8.7891969e-24
   6.3925221e+02   8.7976402e-24
   6.4072633e+02   8.8061142e-24
   6.4220385e+02   8.8146191e-24
   6.4368478e+02   8.8231550e-24
   6.4516912e+02   8.8317219e-24
   6.4665688e+02   8.8403199e-24
   6.4814808e+02   8.8489492e-24
   6.4964271e+02   8.8576098e-24
   6.5114080e+02   8.8663017e-24
   6.5264233e+02   8.8750252e-24
   6.5414733e+02   8.8837803e-24
   6.5565580e+02   8.8925671e-24
   6.5716775e+02   8.9013857e-24
   6.5868318e+02   8.9102362e-24
   6.6020211e+02   8.9191186e-24
   6.6172454e+02   8.9280331e-24
   6.6325048e+02   8.9369798e-24
   6.6477994e+02   8.9459588e-24
   6.6631293e+02   8.9549701e-24
   6.6784945e+02   8.9640139e-24
   6.6938952e+02   8.9730902e-24
   6.7093314e+02   8.9821991e-24
   6.7248031e+02   8.9913409e-24
   6.7403106e+02   9.0005154e-24
   6.7558538e+02   9.0097229e-24
   6.7714328e+02   9.0189634e-24
   6.7870478e+02   9.0282370e-24
   6.8026988e+02   9.0375439e-24
   6.8183859e+02   9.0468841e-24
   6.8341091e+02   9.0562577e-24
   6.8498686e+02   9.0656648e-24
   6.8656645e+02   9.0751055e-24
   6.8814967e+02   9.0845800e-24
   6.8973655e+02   9.0940882e-24
   6.9132709e+02   9.1036304e-24
   6.9292130e+02   9.1132065e-24
   6.9451918e+02   9.1228168e-24
   6.9612074e+02   9.1324612e-24
   6.9772600e+02   9.1421400e-24
   6.9933497e+02   9.1518531e-24
   7.0094764e+02   9.1616007e-24
   7.0256403e+02   9.1713829e-24
   7.0418415e+02   9.1811999e-24
   7.0580800e+02   9.1910516e-24
   7.0743560e+02   9.2009381e-24
   7.0906695e+02   9.2108597e-24
   7.1070206e+02   9.2208164e-24
   7.1234095e+02   9.2308082e-24
   7.1398361e+02   9.2408353e-24
   7.1563006e+02   9.2508979e-24
   7.1728031e+02   9.2609959e-24
   7.1893437e+02   9.2711294e-24
   7.2059223e+02   9.2812987e-24
   7.2225393e+02   9.2915037e-24
   7.2391945e+02   9.3017447e-24
   7.2558881e+02   9.3120216e-24
   7.2726203e+02   9.3223346e-24
   7.2893910e+02   9.3326838e-24
   7.3062004e+02   9.3430693e-24
   7.3230485e+02   9.3534911e-24
   7.3399355e+02   9.3639495e-24
   7.3568615e+02   9.3744444e-24
   7.3738265e+02   9.3849761e-24
   7.3908306e+02   9.3955445e-24
   7.4078739e+02   9.4061498e-24
   7.4249565e+02   9.4167922e-24
   7.4420785e+02   9.4274716e-24
   7.4592400e+02   9.4381882e-24
   7.4764410e+02   9.4489421e-24
   7.4936818e+02   9.4597335e-24
   7.5109623e+02   9.4705623e-24
   7.5282826e+02   9.4814288e-24
   7.5456429e+02   9.4923329e-24
   7.5630432e+02   9.5032749e-24
   7.5804836e+02   9.5142548e-24
   7.5979643e+02   9.5252728e-24
   7.6154852e+02   9.5363288e-24
   7.6330466e+02   9.5474231e-24
   7.6506485e+02   9.5585558e-24
   7.6682909e+02   9.5697268e-24
   7.6859741e+02   9.5809364e-24
   7.7036980e+02   9.5921847e-24
   7.7214628e+02   9.6034717e-24
   7.7392685e+02   9.6147975e-24
   7.7571153e+02   9.6261624e-24
   7.7750033e+02   9.6375662e-24
   7.7929325e+02   9.6490093e-24
   7.8109031e+02   9.6604916e-24
   7.8289151e+02   9.6720133e-24
   7.8469686e+02   9.6835745e-24
   7.8650638e+02   9.6951753e-24
   7.8832007e+02   9.7068158e-24
   7.9013794e+02   9.7184960e-24
   7.9196000e+02   9.7302162e-24
   7.9378627e+02   9.7419764e-24
   7.9561675e+02   9.7537767e-24
   7.9745144e+02   9.7656173e-24
   7.9929037e+02   9.7774981e-24
   8.0113354e+02   9.7894194e-24
   8.0298096e+02   9.8013813e-24
   8.0483264e+02   9.8133838e-24
   8.0668859e+02   9.8254271e-24
   8.0854882e+02   9.8375112e-24
   8.1041334e+02   9.8496363e-24
   8.1228216e+02   9.8618025e-24
   8.1415529e+02   9.8740098e-24
   8.1603274e+02   9.8862585e-24
   8.1791452e+02   9.8985486e-24
   8.1980064e+02   9.9108801e-24
   8.2169110e+02   9.9232533e-24
   8.2358593e+02   9.9356682e-24
   8.2548512e+02   9.9481250e-24
   8.2738870e+02   9.9606237e-24
   8.2929666e+02   9.9731645e-24
   8.3120903e+02   9.9857474e-24
   8.3312580e+02   9.9983726e-24
   8.3504700e+02   1.0011040e-23
   8.3697262e+02   1.0023750e-23
   8.3890269e+02   1.0036503e-23
   8.4083720e+02   1.0049298e-23
   8.4277618e+02   1.0062136e-23
   8.4471963e+02   1.0075017e-23
   8.4666756e+02   1.0087942e-23
   8.4861998e+02   1.0100909e-23
   8.5057690e+02   1.0113919e-23
   8.5253834e+02   1.0126973e-23
   8.5450430e+02   1.0140071e-23
   8.5647479e+02   1.0153212e-23
   8.5844983e+02   1.0166396e-23
   8.6042942e+02   1.0179625e-23
   8.6241358e+02   1.0192897e-23
   8.6440231e+02   1.0206214e-23
   8.6639563e+02   1.0219574e-23
   8.6839354e+02   1.0232979e-23
   8.7039607e+02   1.0246429e-23
   8.7240321e+02   1.0259922e-23
   8.7441498e+02   1.0273461e-23
   8.7643138e+02   1.0287044e-23
   8.7845244e+02   1.0300671e-23
   8.8047816e+02   1.0314344e-23
   8.8250855e+02   1.0328062e-23
   8.8454362e+02   1.0341825e-23
   8.8658338e+02   1.0355633e-23
   8.8862785e+02   1.0369487e-23
   8.9067703e+02   1.0383386e-23
   8.9273094e+02   1.0397331e-23
   8.9478959e+02   1.0411321e-23
   8.9685298e+02   1.0425358e-23
   8.9892113e+02   1.0439440e-23
   9.0099405e+02   1.0453568e-23
   9.0307175e+02   1.0467743e-23
   9.0515424e+02   1.0481964e-23
   9.0724153e+02   1.0496231e-23
   9.0933364e+02   1.0510545e-23
   9.1143057e+02   1.0524905e-23
   9.1353233e+02   1.0539313e-23
   9.1563894e+02   1.0553767e-23
   9.1775041e+02   1.0568268e-23
   9.1986675e+02   1.0582817e-23
   9.2198797e+02   1.0597413e-23
   9.2411408e+02   1.0612056e-23
   9.2624510e+02   1.0626747e-23
   9.2838103e+02   1.0641485e-23
   9.3052188e+02   1.0656272e-23
   9.3266767e+02   1.0671106e-23
   9.3481841e+02   1.0685989e-23
   9.3697411e+02   1.0700921e-23
   9.3913478e+02   1.0715902e-23
   9.4130043e+02   1.0730932e-23
   9.4347108e+02   1.0746012e-23
   9.4564673e+02   1.0761145e-23
   9.4782740e+02   1.0776331e-23
   9.5001309e+02   1.0791576e-23
   9.5220383e+02   1.0806893e-23
   9.5439962e+02   1.0822317e-23
   9.5660047e+02   1.0838000e-23
   9.5880640e+02   1.0855344e-23
   9.6101742e+02   1.1028427e-23
   9.6323353e+02   1.0885396e-23
   9.6545475e+02   1.0899826e-23
   9.6768110e+02   1.0915207e-23
   9.6991258e+02   1.0930786e-23
   9.7214920e+02   1.0946459e-23
   9.7439099e+02   1.0962201e-23
   9.7663794e+02   1.0978001e-23
   9.7889008e+02   1.0993856e-23
   9.8114740e+02   1.1009764e-23
   9.8340994e+02   1.1025724e-23
   9.8567769e+02   1.1041737e-23
   9.8795067e+02   1.1057800e-23
   9.9022889e+02   1.1073915e-23
   9.9251237e+02   1.1090081e-23
   9.9480111e+02   1.1106299e-23
   9.9709513e+02   1.1122568e-23
   9.9939443e+02   1.1138889e-23
   1.0016990e+03   1.1155261e-23
   1.0040090e+03   1.1171685e-23
   1.0063242e+03   1.1188160e-23
   1.0086448e+03   1.1204688e-23
   1.0109708e+03   1.1221268e-23
   1.0133021e+03   1.1237899e-23
   1.0156387e+03   1.1254583e-23
   1.0179808e+03   1.1271320e-23
   1.0203283e+03   1.1288109e-23
   1.0226812e+03   1.1304950e-23
   1.0250395e+03   1.1321844e-23
   1.0274032e+03   1.1338791e-23
   1.0297724e+03   1.1355791e-23
   1.0321471e+03   1.1372844e-23
   1.0345272e+03   1.1389950e-23
   1.0369129e+03   1.1407110e-23
   1.0393040e+03   1.1424323e-23
   1.0417006e+03   1.1441589e-23
   1.0441028e+03   1.1458910e-23
   1.0465105e+03   1.1476284e-23
   1.0489238e+03   1.1493712e-23
   1.0513426e+03   1.1511194e-23
   1.0537670e+03   1.1528730e-23
   1.0561970e+03   1.1546321e-23
   1.0586326e+03   1.1563966e-23
   1.0610738e+03   1.1581665e-23
   1.0635207e+03   1.1599420e-23
   1.0659731e+03   1.1617229e-23
   1.0684313e+03   1.1635093e-23
   1.0708951e+03   1.1653012e-23
   1.0733646e+03   1.1670986e-23
   1.0758398e+03   1.1689016e-23
   1.0783207e+03   1.1707101e-23
   1.0808073e+03   1.1725242e-23
   1.0832996e+03   1.1743438e-23
   1.0857977e+03   1.1761691e-23
   1.0883016e+03   1.1779999e-23
   1.0908112e+03   1.1798363e-23
   1.0933266e+03   1.1816784e-23
   1.0958479e+03   1.1835261e-23
   1.0983749e+03   1.1853794e-23
   1.1009078e+03   1.1872384e-23
   1.1034465e+03   1.1891031e-23
   1.1059910e+03   1.1909734e-23
   1.1085414e+03   1.1928495e-23
   1.1110977e+03   1.1947313e-23
   1.1136599e+03   1.1966187e-23
   1.1162281e+03   1.1985120e-23
   1.1188021e+03   1.2004110e-23
   1.1213820e+03   1.2023157e-23
   1.1239680e+03   1.2042262e-23
   1.1265598e+03   1.2061426e-23
   1.1291577e+03   1.2080647e-23
   1.1317615e+03   1.2099926e-23
   1.1343714e+03   1.2119264e-23
   1.1369873e+03   1.2138660e-23
   1.1396092e+03   1.2158115e-23
   1.1422371e+03   1.2177628e-23
   1.1448711e+03   1.2197200e-23
   1.1475112e+03   1.2216831e-23
   1.1501574e+03   1.2236521e-23
   1.1528096e+03   1.2256271e-23
   1.1554680e+03   1.2276080e-23
   1.1581325e+03   1.2295948e-23
   1.1608032e+03   1.2315876e-23
   1.1634800e+03   1.2335864e-23
   1.1661630e+03   1.2355911e-23
   1.1688522e+03   1.2376019e-23
   1.1715476e+03   1.2396187e-23
   1.1742492e+03   1.2416415e-23
   1.1769570e+03   1.2436703e-23
   1.1796711e+03   1.2457053e-23
   1.1823914e+03   1.2477462e-23
   1.1851180e+03   1.2497933e-23
   1.1878509e+03   1.2518465e-23
   1.1905901e+03   1.2539057e-23
   1.1933356e+03   1.2559711e-23
   1.1960875e+03   1.2580427e-23
   1.1988456e+03   1.2601204e-23
   1.2016102e+03   1.2622042e-23
   1.2043811e+03   1.2642942e-23
   1.2071584e+03   1.2663905e-23
   1.2099421e+03   1.2684929e-23
   1.2127323e+03   1.2706016e-23
   1.2155288e+03   1.2727164e-23
   1.2183319e+03   1.2748376e-23
   1.2211413e+03   1.2769650e-23
   1.2239573e+03   1.2790987e-23
   1.2267798e+03   1.2812386e-23
   1.2296087e+03   1.2833849e-23
   1.2324442e+03   1.2855375e-23
   1.2352862e+03   1.2876964e-23
   1.2381348e+03   1.2898617e-23
   1.2409900e+03   1.2920333e-23
   1.2438517e+03   1.2942113e-23
   1.2467200e+03   1.2963957e-23
   1.2495950e+03   1.2985865e-23
   1.2524766e+03   1.3007837e-23
   1.2553648e+03   1.3029873e-23
   1.2582597e+03   1.3051974e-23
   1.2611612e+03   1.3074139e-23
   1.2640695e+03   1.3096369e-23
   1.2669844e+03   1.3118664e-23
   1.2699061e+03   1.3141024e-23
   1.2728345e+03   1.3163449e-23
   1.2757697e+03   1.3185940e-23
   1.2787116e+03   1.3208496e-23
   1.2816603e+03   1.3231117e-23
   1.2846158e+03   1.3253804e-23
   1.2875782e+03   1.3276558e-23
   1.2905473e+03   1.3299377e-23
   1.2935233e+03   1.3322262e-23
   1.2965062e+03   1.3345213e-23
   1.2994960e+03   1.3368231e-23
   1.3024926e+03   1.3391316e-23
   1.3054962e+03   1.3414467e-23
   1.3085067e+03   1.3437686e-23
   1.3115241e+03   1.3460971e-23
   1.3145485e+03   1.3484323e-23
   1.3175798e+03   1.3507743e-23
   1.3206182e+03   1.3531231e-23
   1.3236635e+03   1.3554785e-23
   1.3267159e+03   1.3578408e-23
   1.3297753e+03   1.3602099e-23
   1.3328418e+03   1.3625857e-23
   1.3359154e+03   1.3649684e-23
   1.3389960e+03   1.3673579e-23
   1.3420837e+03   1.3697543e-23
   1.3451786e+03   1.3721576e-23
   1.3482806e+03   1.3745677e-23
   1.3513897e+03   1.3769847e-23
   1.3545060e+03   1.3794086e-23
   1.3576295e+03   1.3818395e-23
   1.3607602e+03   1.3842773e-23
   1.3638982e+03   1.3867220e-23
   1.3670433e+03   1.3891737e-23
   1.3701957e+03   1.3916325e-23
   1.3733554e+03   1.3940982e-23
   1.3765224e+03   1.3965709e-23
   1.3796966e+03   1.3990507e-23
   1.3828782e+03   1.4015375e-23
   1.3860672e+03   1.4040313e-23
   1.3892634e+03   1.4065323e-23
   1.3924671e+03   1.4090403e-23
   1.3956781e+03   1.4115555e-23
   1.3988966e+03   1.4140778e-23
   1.4021224e+03   1.4166072e-23
   1.4053558e+03   1.4191438e-23
   1.4085965e+03   1.4216875e-23
   1.4118448e+03   1.4242385e-23
   1.4151005e+03   1.4267966e-23
   1.4183637e+03   1.4293620e-23
   1.4216345e+03   1.4319347e-23
   1.4249128e+03   1.4345147e-23
   1.4281986e+03   1.4371021e-23
   1.4314921e+03   1.4396972e-23
   1.4347931e+03   1.4423011e-23
   1.4381017e+03   1.4449228e-23
   1.4414180e+03   1.4498527e-23
   1.4447419e+03   1.4501580e-23
   1.4480735e+03   1.4527802e-23
   1.4514128e+03   1.4554168e-23
   1.4547598e+03   1.4580619e-23
   1.4581144e+03   1.4607148e-23
   1.4614769e+03   1.4633752e-23
   1.4648470e+03   1.4660431e-23
   1.4682250e+03   1.4687185e-23
   1.4716107e+03   1.4714014e-23
   1.4750043e+03   1.4740918e-23
   1.4784056e+03   1.4767897e-23
   1.4818149e+03   1.4794951e-23
   1.4852319e+03   1.4822081e-23
   1.4886569e+03   1.4849286e-23
   1.4920897e+03   1.4876567e-23
   1.4955305e+03   1.4903924e-23
   1.4989792e+03   1.4931356e-23
   1.5024359e+03   1.4958865e-23
   1.5059005e+03   1.4986450e-23
   1.5093731e+03   1.5014112e-23
   1.5128538e+03   1.5041850e-23
   1.5163424e+03   1.5069665e-23
   1.5198391e+03   1.5097557e-23
   1.5233439e+03   1.5125526e-23
   1.5268567e+03   1.5153573e-23
   1.5303776e+03   1.5181696e-23
   1.5339067e+03   1.5209898e-23
   1.5374439e+03   1.5238177e-23
   1.5409893e+03   1.5266535e-23
   1.5445428e+03   1.5294970e-23
   1.5481045e+03   1.5323484e-23
   1.5516745e+03   1.5352076e-23
   1.5552526e+03   1.5380747e-23
   1.5588391e+03   1.5409497e-23
   1.5624338e+03   1.5438325e-23
   1.5660367e+03   1.5467233e-23
   1.5696480e+03   1.5496220e-23
   1.5732677e+03   1.5525287e-23
   1.5768956e+03   1.5554433e-23
   1.5805320e+03   1.5583659e-23
   1.5841767e+03   1.5612965e-23
   1.5878298e+03   1.5642351e-23
   1.5914913e+03   1.5671818e-23
   1.5951613e+03   1.5701365e-23
   1.5988398e+03   1.5730992e-23
   1.6025267e+03   1.5760701e-23
   1.6062222e+03   1.5790491e-23
   1.6099261e+03   1.5820361e-23
   1.6136386e+03   1.5850314e-23
   1.6173597e+03   1.5880347e-23
   1.6210893e+03   1.5910463e-23
   1.6248276e+03   1.5940660e-23
   1.6285744e+03   1.5970939e-23
   1.6323300e+03   1.6001301e-23
   1.6360941e+03   1.6031745e-23
   1.6398670e+03   1.6062272e-23
   1.6436485e+03   1.6092881e-23
   1.6474388e+03   1.6123574e-23
   1.6512378e+03   1.6154349e-23
   1.6550456e+03   1.6185208e-23
   1.6588621e+03   1.6216150e-23
   1.6626874e+03   1.6247176e-23
   1.6665216e+03   1.6278286e-23
   1.6703646e+03   1.6309480e-23
   1.6742165e+03   1.6340758e-23
   1.6780773e+03   1.6372120e-23
   1.6819469e+03   1.6403567e-23
   1.6858255e+03   1.6435099e-23
   1.6897130e+03   1.6466715e-23
   1.6936095e+03   1.6498417e-23
   1.6975150e+03   1.6530204e-23
   1.7014295e+03   1.6562076e-23
   1.7053530e+03   1.6594034e-23
   1.7092855e+03   1.6626078e-23
   1.7132272e+03   1.6658208e-23
   1.7171779e+03   1.6690424e-23
   1.7211377e+03   1.6722727e-23
   1.7251067e+03   1.6755116e-23
   1.7290848e+03   1.6787592e-23
   1.7330721e+03   1.6820155e-23
   1.7370685e+03   1.6852804e-23
   1.7410742e+03   1.6885542e-23
   1.7450892e+03   1.6918366e-23
   1.7491133e+03   1.6951279e-23
   1.7531468e+03   1.6984279e-23
   1.7571896e+03   1.7017367e-23
   1.7612417e+03   1.7050544e-23
   1.7653031e+03   1.7083809e-23
   1.7693739e+03   1.7117162e-23
   1.7734541e+03   1.7150605e-23
   1.7775437e+03   1.7184136e-23
   1.7816427e+03   1.7217757e-23
   1.7857512e+03   1.7251466e-23
   1.7898692e+03   1.7285266e-23
   1.7939966e+03   1.7319155e-23
   1.7981336e+03   1.7353135e-23
   1.8022801e+03   1.7387204e-23
   1.8064362e+03   1.7421364e-23
   1.8106018e+03   1.7455614e-23
   1.8147771e+03   1.7489955e-23
   1.8189620e+03   1.7524387e-23
   1.8231565e+03   1.7558910e-23
   1.8273607e+03   1.7593524e-23
   1.8315746e+03   1.7628230e-23
   1.8357983e+03   1.7663027e-23
   1.8400316e+03   1.7697917e-23
   1.8442748e+03   1.7732898e-23
   1.8485277e+03   1.7767972e-23
   1.8527904e+03   1.7803138e-23
   1.8570629e+03   1.7838397e-23
   1.8613453e+03   1.7873749e-23
   1.8656376e+03   1.7909194e-23
   1.8699398e+03   1.7944732e-23
   1.8742519e+03   1.7980364e-23
   1.8785739e+03   1.8016089e-23
   1.8829059e+03   1.8051908e-23
   1.8872479e+03   1.8087822e-23
   1.8915999e+03   1.8123829e-23
   1.8959620e+03   1.8159931e-23
   1.9003341e+03   1.8196128e-23
   1.9047163e+03   1.8232421e-23
   1.9091086e+03   1.8268808e-23
   1.9135110e+03   1.8305294e-23
   1.9179235e+03   1.8341897e-23
   1.9223463e+03   1.8379189e-23
   1.9267792e+03   1.8415322e-23
   1.9312224e+03   1.8452177e-23
   1.9356758e+03   1.8489136e-23
   1.9401395e+03   1.8526193e-23
   1.9446135e+03   1.8563347e-23
   1.9490978e+03   1.8600599e-23
   1.9535924e+03   1.8637947e-23
   1.9580974e+03   1.8675393e-23
   1.9626128e+03   1.8712937e-23
   1.9671386e+03   1.8750578e-23
   1.9716748e+03   1.8788318e-23
   1.9762215e+03   1.8826155e-23
   1.9807787e+03   1.8864091e-23
   1.9853464e+03   1.8902126e-23
   1.9899246e+03   1.8940259e-23
   1.9945134e+03   1.8978491e-23
   1.9991128e+03   1.9016823e-23
   2.0037227e+03   1.9055254e-23
   2.0083433e+03   1.9093785e-23
   2.0129746e+03   1.9132415e-23
   2.0176165e+03   1.9171146e-23
   2.0222692e+03   1.9209977e-23
   2.0269325e+03   1.9248909e-23
   2.0316067e+03   1.9287941e-23
   2.0362916e+03   1.9327074e-23
   2.0409873e+03   1.9366309e-23
   2.0456938e+03   1.9405644e-23
   2.0504112e+03   1.9445082e-23
   2.0551394e+03   1.9484621e-23
   2.0598786e+03   1.9524262e-23
   2.0646287e+03   1.9564006e-23
   2.0693898e+03   1.9603852e-23
   2.0741618e+03   1.9643800e-23
   2.0789448e+03   1.9683852e-23
   2.0837389e+03   1.9724006e-23
   2.0885440e+03   1.9764265e-23
   2.0933602e+03   1.9804626e-23
   2.0981875e+03   1.9845092e-23
   2.1030259e+03   1.9885661e-23
   2.1078755e+03   1.9926335e-23
   2.1127363e+03   1.9967113e-23
   2.1176083e+03   2.0007996e-23
   2.1224915e+03   2.0048984e-23
   2.1273860e+03   2.0090077e-23
   2.1322918e+03   2.0131275e-23
   2.1372088e+03   2.0172579e-23
   2.1421373e+03   2.0213989e-23
   2.1470771e+03   2.0255504e-23
   2.1520282e+03   2.0297126e-23
   2.1569908e+03   2.0338855e-23
   2.1619649e+03   2.0380690e-23
   2.1669504e+03   2.0422633e-23
   2.1719474e+03   2.0464682e-23
   2.1769559e+03   2.0506839e-23
   2.1819760e+03   2.0549104e-23
   2.1870076e+03   2.0591476e-23
   2.1920509e+03   2.0633957e-23
   2.1971058e+03   2.0676546e-23
   2.2021723e+03   2.0719243e-23
   2.2072505e+03   2.0762050e-23
   2.2123405e+03   2.0804965e-23
   2.2174421e+03   2.0847990e-23
   2.2225556e+03   2.0891124e-23
   2.2276808e+03   2.0934368e-23
   2.2328179e+03   2.0977722e-23
   2.2379668e+03   2.1021186e-23
   2.2431275e+03   2.1064761e-23
   2.2483002e+03   2.1108446e-23
   2.2534848e+03   2.1152243e-23
   2.2586814e+03   2.1196150e-23
   2.2638899e+03   2.1240169e-23
   2.2691104e+03   2.1284300e-23
   2.2743430e+03   2.1328542e-23
   2.2795877e+03   2.1372897e-23
   2.2848444e+03   2.1417364e-23
   2.2901133e+03   2.1461944e-23
   2.2953943e+03   2.1506636e-23
   2.3006875e+03   2.1551442e-23
   2.3059929e+03   2.1596361e-23
   2.3113105e+03   2.1641394e-23
   2.3166404e+03   2.1686540e-23
   2.3219826e+03   2.1731801e-23
   2.3273371e+03   2.1777176e-23
   2.3327040e+03   2.1822666e-23
   2.3380832e+03   2.1868270e-23
   2.3434749e+03   2.1913990e-23
   2.3488789e+03   2.1959825e-23
   2.3542955e+03   2.2005775e-23
   2.3597245e+03   2.2051841e-23
   2.3651660e+03   2.2098024e-23
   2.3706201e+03   2.2144323e-23
   2.3760868e+03   2.2190738e-23
   2.3815661e+03   2.2237270e-23
   2.3870580e+03   2.2283920e-23
   2.3925626e+03   2.2330687e-23
   2.3980798e+03   2.2377580e-23
   2.4036098e+03   2.2424625e-23
   2.4091526e+03   2.2471695e-23
   2.4147081e+03   2.2518932e-23
   2.4202764e+03   2.2566288e-23
   2.4258576e+03   2.2613764e-23
   2.4314516e+03   2.2661359e-23
   2.4370586e+03   2.2709074e-23
   2.4426785e+03   2.2756908e-23
   2.4483113e+03   2.2804862e-23
   2.4539571e+03   2.2852936e-23
   2.4596160e+03   2.2901131e-23
   2.4652879e+03   2.2949447e-23
   2.4709728e+03   2.2997883e-23
   2.4766709e+03   2.3046441e-23
   2.4823821e+03   2.3095120e-23
   2.4881065e+03   2.3143921e-23
   2.4938441e+03   2.3192844e-23
   2.4995949e+03   2.3241889e-23
   2.5053590e+03   2.3291056e-23
   2.5111364e+03   2.3340347e-23
   2.5169271e+03   2.3389760e-23
   2.5227312e+03   2.3439297e-23
   2.5285486e+03   2.3488958e-23
   2.5343794e+03   2.3538742e-23
   2.5402237e+03   2.3588651e-23
   2.5460815e+03   2.3638684e-23
   2.5519528e+03   2.3688841e-23
   2.5578376e+03   2.3739124e-23
   2.5637360e+03   2.3789532e-23
   2.5696480e+03   2.3840065e-23
   2.5755736e+03   2.3890724e-23
   2.5815129e+03   2.3941509e-23
   2.5874659e+03   2.3992421e-23
   2.5934326e+03   2.4043459e-23
   2.5994131e+03   2.4094624e-23
   2.6054074e+03   2.4145916e-23
   2.6114155e+03   2.4197335e-23
   2.6174374e+03   2.4248883e-23
   2.6234732e+03   2.4300558e-23
   2.6295230e+03   2.4352361e-23
   2.6355867e+03   2.4404293e-23
   2.6416644e+03   2.4456354e-23
   2.6477561e+03   2.4508544e-23
   2.6538618e+03   2.4560863e-23
   2.6599816e+03   2.4613312e-23
   2.6661156e+03   2.4665891e-23
   2.6722637e+03   2.4718600e-23
   2.6784259e+03   2.4771440e-23
   2.6846024e+03   2.4824410e-23
   2.6907931e+03   2.4877512e-23
   2.6969981e+03   2.4930745e-23
   2.7032174e+03   2.4984109e-23
   2.7094510e+03   2.5037606e-23
   2.7156991e+03   2.5091234e-23
   2.7219615e+03   2.5144996e-23
   2.7282383e+03   2.5198890e-23
   2.7345297e+03   2.5252917e-23
   2.7408355e+03   2.5307077e-23
   2.7471559e+03   2.5361371e-23
   2.7534909e+03   2.5415799e-23
   2.7598405e+03   2.5470362e-23
   2.7662047e+03   2.5525059e-23
   2.7725836e+03   2.5579891e-23
   2.7789772e+03   2.5634858e-23
   2.7853855e+03   2.5689960e-23
   2.7918086e+03   2.5745198e-23
   2.7982465e+03   2.5800572e-23
   2.8046993e+03   2.5856083e-23
   2.8111670e+03   2.5911730e-23
   2.8176496e+03   2.5967514e-23
   2.8241471e+03   2.6023435e-23
   2.8306596e+03   2.6079494e-23
   2.8371871e+03   2.6135691e-23
   2.8437297e+03   2.6192026e-23
   2.8502873e+03   2.6248499e-23
   2.8568601e+03   2.6305111e-23
   2.8634481e+03   2.6361862e-23
   2.8700512e+03   2.6418753e-23
   2.8766696e+03   2.6475784e-23
   2.8833032e+03   2.6533020e-23
   2.8899521e+03   2.6590264e-23
   2.8966164e+03   2.6647714e-23
   2.9032960e+03   2.6705305e-23
   2.9099910e+03   2.6763038e-23
   2.9167015e+03   2.6820912e-23
   2.9234274e+03   2.6878928e-23
   2.9301688e+03   2.6937087e-23
   2.9369258e+03   2.6995387e-23
   2.9436984e+03   2.7053831e-23
   2.9504866e+03   2.7112417e-23
   2.9572904e+03   2.7171147e-23
   2.9641100e+03   2.7230021e-23
   2.9709452e+03   2.7289039e-23
   2.9777963e+03   2.7348200e-23
   2.9846631e+03   2.7407507e-23
   2.9915457e+03   2.7466959e-23
   2.9984443e+03   2.7526555e-23
   3.0053587e+03   2.7586298e-23
   3.0122891e+03   2.7646186e-23
   3.0192354e+03   2.7706220e-23
   3.0261978e+03   2.7766402e-23
   3.0331763e+03   2.7826730e-23
   3.0401708e+03   2.7887205e-23
   3.0471814e+03   2.7947827e-23
   3.0542083e+03   2.8008598e-23
   3.0612513e+03   2.8069517e-23
   3.0683106e+03   2.8130584e-23
   3.0753861e+03   2.8191800e-23
   3.0824780e+03   2.8253165e-23
   3.0895862e+03   2.8314680e-23
   3.0967108e+03   2.8376344e-23
   3.1038518e+03   2.8438159e-23
   3.1110093e+03   2.8500124e-23
   3.1181833e+03   2.8562240e-23
   3.1253739e+03   2.8624507e-23
   3.1325810e+03   2.8686925e-23
   3.1398048e+03   2.8749495e-23
   3.1470452e+03   2.8812218e-23
   3.1543023e+03   2.8875093e-23
   3.1615762e+03   2.8938121e-23
   3.1688668e+03   2.9001301e-23
   3.1761742e+03   2.9064636e-23
   3.1834985e+03   2.9128124e-23
   3.1908397e+03   2.9191766e-23
   3.1981978e+03   2.9255563e-23
   3.2055728e+03   2.9319515e-23
   3.2129649e+03   2.9383622e-23
   3.2203740e+03   2.9447884e-23
   3.2278002e+03   2.9512302e-23
   3.2352436e+03   2.9576877e-23
   3.2427041e+03   2.9641608e-23
   3.2501818e+03   2.9706496e-23
   3.2576767e+03   2.9771541e-23
   3.2651889e+03   2.9836744e-23
   3.2727185e+03   2.9902105e-23
   3.2802654e+03   2.9967624e-23
   3.2878297e+03   3.0033302e-23
   3.2954115e+03   3.0099138e-23
   3.3030107e+03   3.0165134e-23
   3.3106275e+03   3.0231290e-23
   3.3182618e+03   3.0297606e-23
   3.3259138e+03   3.0364082e-23
   3.3335833e+03   3.0430719e-23
   3.3412706e+03   3.0497518e-23
   3.3489756e+03   3.0564477e-23
   3.3566984e+03   3.0631599e-23
   3.3644389e+03   3.0698893e-23
   3.3721974e+03   3.0766329e-23
   3.3799737e+03   3.0833938e-23
   3.3877679e+03   3.0901710e-23
   3.3955801e+03   3.0969646e-23
   3.4034104e+03   3.1037746e-23
   3.4112587e+03   3.1106010e-23
   3.4191251e+03   3.1174440e-23
   3.4270096e+03   3.1243034e-23
   3.4349123e+03   3.1311794e-23
   3.4428332e+03   3.1380719e-23
   3.4507724e+03   3.1449811e-23
   3.4587299e+03   3.1519069e-23
   3.4667058e+03   3.1588494e-23
   3.4747000e+03   3.1658087e-23
   3.4827127e+03   3.1727847e-23
   3.4907439e+03   3.1797775e-23
   3.4987936e+03   3.1867872e-23
   3.5068618e+03   3.1938137e-23
   3.5149487e+03   3.2008572e-23
   3.5230542e+03   3.2079176e-23
   3.5311784e+03   3.2149950e-23
   3.5393213e+03   3.2220895e-23
   3.5474830e+03   3.2292010e-23
   3.5556635e+03   3.2363296e-23
   3.5638629e+03   3.2434753e-23
   3.5720812e+03   3.2506383e-23
   3.5803184e+03   3.2578184e-23
   3.5885747e+03   3.2650158e-23
   3.5968500e+03   3.2722305e-23
   3.6051443e+03   3.2794626e-23
   3.6134578e+03   3.2867120e-23
   3.6217905e+03   3.2939788e-23
   3.6301424e+03   3.3012631e-23
   3.6385135e+03   3.3085649e-23
   3.6469039e+03   3.3158842e-23
   3.6553137e+03   3.3232211e-23
   3.6637429e+03   3.3305755e-23
   3.6721915e+03   3.3379476e-23
   3.6806596e+03   3.3453375e-23
   3.6891472e+03   3.3527450e-23
   3.6976544e+03   3.3601703e-23
   3.7061813e+03   3.3676134e-23
   3.7147277e+03   3.3750743e-23
   3.7232939e+03   3.3825531e-23
   3.7318799e+03   3.3900499e-23
   3.7404856e+03   3.3975646e-23
   3.7491112e+03   3.4050973e-23
   3.7577567e+03   3.4126481e-23
   3.7664221e+03   3.4202169e-23
   3.7751075e+03   3.4278039e-23
   3.7838129e+03   3.4354090e-23
   3.7925384e+03   3.4430323e-23
   3.8012841e+03   3.4506739e-23
   3.8100498e+03   3.4583338e-23
   3.8188359e+03   3.4660119e-23
   3.8276421e+03   3.4737085e-23
   3.8364687e+03   3.4814235e-23
   3.8453156e+03   3.4891572e-23
   3.8541829e+03   3.4969088e-23
   3.8630707e+03   3.5046792e-23
   3.8719790e+03   3.5124682e-23
   3.8809078e+03   3.5202759e-23
   3.8898572e+03   3.5281021e-23
   3.8988272e+03   3.5359471e-23
   3.9078180e+03   3.5438108e-23
   3.9168294e+03   3.5516933e-23
   3.9258617e+03   3.5595947e-23
   3.9349147e+03   3.5675148e-23
   3.9439887e+03   3.5754539e-23
   3.9530835e+03   3.5834120e-23
   3.9621994e+03   3.5913890e-23
   3.9713362e+03   3.5993851e-23
   3.9804942e+03   3.6074003e-23
   3.9896732e+03   3.6154345e-23
   3.9988734e+03   3.6234880e-23
   4.0080949e+03   3.6315606e-23
   4.0173376e+03   3.6396525e-23
   4.0266016e+03   3.6477637e-23
   4.0358870e+03   3.6558942e-23
   4.0451937e+03   3.6640441e-23
   4.0545220e+03   3.6722134e-23
   4.0638718e+03   3.6804022e-23
   4.0732431e+03   3.6886105e-23
   4.0826360e+03   3.6968383e-23
   4.0920506e+03   3.7050858e-23
   4.1014869e+03   3.7133528e-23
   4.1109450e+03   3.7216396e-23
   4.1204248e+03   3.7299461e-23
   4.1299266e+03   3.7382724e-23
   4.1394502e+03   3.7466184e-23
   4.1489958e+03   3.7549844e-23
   4.1585634e+03   3.7633702e-23
   4.1681531e+03   3.7717760e-23
   4.1777649e+03   3.7802018e-23
   4.1873988e+03   3.7886477e-23
   4.1970550e+03   3.7971136e-23
   4.2067335e+03   3.8055996e-23
   4.2164342e+03   3.8141058e-23
   4.2261574e+03   3.8226323e-23
   4.2359029e+03   3.8311790e-23
   4.2456709e+03   3.8397460e-23
   4.2554615e+03   3.8483334e-23
   4.2652746e+03   3.8569411e-23
   4.2751104e+03   3.8655694e-23
   4.2849688e+03   3.8742181e-23
   4.2948500e+03   3.8828873e-23
   4.3047539e+03   3.8915772e-23
   4.3146807e+03   3.9002877e-23
   4.3246304e+03   3.9090196e-23
   4.3346030e+03   3.9177707e-23
   4.3445987e+03   3.9265433e-23
   4.3546173e+03   3.9353368e-23
   4.3646591e+03   3.9441511e-23
   4.3747241e+03   3.9529864e-23
   4.3848122e+03   3.9618426e-23
   4.3949236e+03   3.9707198e-23
   4.4050583e+03   3.9796180e-23
   4.4152164e+03   3.9885374e-23
   4.4253980e+03   3.9974779e-23
   4.4356030e+03   4.0064396e-23
   4.4458315e+03   4.0154226e-23
   4.4560836e+03   4.0244268e-23
   4.4663594e+03   4.0334524e-23
   4.4766588e+03   4.0424993e-23
   4.4869821e+03   4.0515677e-23
   4.4973291e+03   4.0606576e-23
   4.5076999e+03   4.0697690e-23
   4.5180947e+03   4.0789020e-23
   4.5285135e+03   4.0880566e-23
   4.5389563e+03   4.0972329e-23
   4.5494231e+03   4.1064309e-23
   4.5599142e+03   4.1156507e-23
   4.5704294e+03   4.1248923e-23
   4.5809688e+03   4.1341558e-23
   4.5915325e+03   4.1434412e-23
   4.6021207e+03   4.1527486e-23
   4.6127332e+03   4.1620780e-23
   4.6233702e+03   4.1714295e-23
   4.6340317e+03   4.1808031e-23
   4.6447178e+03   4.1901988e-23
   4.6554286e+03   4.1996168e-23
   4.6661640e+03   4.2090571e-23
   4.6769242e+03   4.2185196e-23
   4.6877093e+03   4.2280046e-23
   4.6985192e+03   4.2375119e-23
   4.7093540e+03   4.2470418e-23
   4.7202138e+03   4.2565941e-23
   4.7310986e+03   4.2661691e-23
   4.7420086e+03   4.2757666e-23
   4.7529437e+03   4.2853869e-23
   4.7639040e+03   4.2950298e-23
   4.7748896e+03   4.3046955e-23
   4.7859005e+03   4.3143841e-23
   4.7969369e+03   4.3240955e-23
   4.8079986e+03   4.3338299e-23
   4.8190859e+03   4.3435872e-23
   4.8301988e+03   4.3533676e-23
   4.8413372e+03   4.3631710e-23
   4.8525014e+03   4.3729977e-23
   4.8636913e+03   4.3828474e-23
   4.8749070e+03   4.3927205e-23
   4.8861486e+03   4.4026168e-23
   4.8974161e+03   4.4125365e-23
   4.9087096e+03   4.4224796e-23
   4.9200291e+03   4.4324461e-23
   4.9313747e+03   4.4424362e-23
   4.9427465e+03   4.4524498e-23
   4.9541445e+03   4.4624870e-23
   4.9655688e+03   4.4725479e-23
   4.9770194e+03   4.4826325e-23
   4.9884965e+03   4.4927409e-23
   5.0000000e+03   4.5028731e-23
