   5.0000000e+00   1.6461899e-20
   5.0115300e+00   1.6043938e-20
   5.0230867e+00   1.5638277e-20
   5.0346699e+00   1.5244858e-20
   5.0462799e+00   1.4863765e-20
   5.0579167e+00   1.4494836e-20
   5.0695803e+00   1.4132932e-20
   5.0812708e+00   1.3752162e-20
   5.0929882e+00   1.3364440e-20
   5.1047327e+00   1.3024750e-20
   5.1165042e+00   1.2705319e-20
   5.1283029e+00   1.2393376e-20
   5.1401288e+00   1.2088392e-20
   5.1519820e+00   1.1790624e-20
   5.1638625e+00   1.1500205e-20
   5.1757704e+00   1.1217146e-20
   5.1877058e+00   1.0941370e-20
   5.1996687e+00   1.0672755e-20
   5.2116592e+00   1.0411152e-20
   5.2236773e+00   1.0156398e-20
   5.2357231e+00   9.9083224e-21
   5.2477968e+00   9.6667538e-21
   5.2598982e+00   9.4315201e-21
   5.2720276e+00   9.2024505e-21
   5.2841849e+00   8.9793772e-21
   5.2963703e+00   8.7621359e-21
   5.3085838e+00   8.5505656e-21
   5.3208254e+00   8.3445095e-21
   5.3330953e+00   8.1438149e-21
   5.3453934e+00   7.9483330e-21
   5.3577199e+00   7.7579192e-21
   5.3700749e+00   7.5724329e-21
   5.3824583e+00   7.3917377e-21
   5.3948703e+00   7.2157010e-21
   5.4073109e+00   7.0441940e-21
   5.4197802e+00   6.8770917e-21
   5.4322783e+00   6.7142728e-21
   5.4448051e+00   6.5556195e-21
   5.4573609e+00   6.4010175e-21
   5.4699456e+00   6.2503558e-21
   5.4825594e+00   6.1035267e-21
   5.4952022e+00   5.9604259e-21
   5.5078742e+00   5.8209517e-21
   5.5205754e+00   5.6850058e-21
   5.5333058e+00   5.5524925e-21
   5.5460657e+00   5.4233191e-21
   5.5588550e+00   5.2973956e-21
   5.5716737e+00   5.1746345e-21
   5.5845220e+00   5.0549509e-21
   5.5974000e+00   4.9382625e-21
   5.6103076e+00   4.8244892e-21
   5.6232451e+00   4.7135534e-21
   5.6362123e+00   4.6053795e-21
   5.6492094e+00   4.4998944e-21
   5.6622366e+00   4.3970268e-21
   5.6752937e+00   4.2967078e-21
   5.6883810e+00   4.1988701e-21
   5.7014985e+00   4.1034485e-21
   5.7146461e+00   4.0103797e-21
   5.7278242e+00   3.9196023e-21
   5.7410326e+00   3.8310562e-21
   5.7542714e+00   3.7446836e-21
   5.7675408e+00   3.6604280e-21
   5.7808408e+00   3.5782344e-21
   5.7941715e+00   3.4980496e-21
   5.8075329e+00   3.4198218e-21
   5.8209251e+00   3.3435006e-21
   5.8343482e+00   3.2690371e-21
   5.8478023e+00   3.1963837e-21
   5.8612873e+00   3.1254941e-21
   5.8748035e+00   3.0563234e-21
   5.8883508e+00   2.9888279e-21
   5.9019294e+00   2.9229649e-21
   5.9155393e+00   2.8586933e-21
   5.9291806e+00   2.7959727e-21
   5.9428533e+00   2.7347641e-21
   5.9565576e+00   2.6750294e-21
   5.9702935e+00   2.6167317e-21
   5.9840610e+00   2.5598350e-21
   5.9978603e+00   2.5043042e-21
   6.0116914e+00   2.4501054e-21
   6.0255544e+00   2.3972054e-21
   6.0394494e+00   2.3455720e-21
   6.0533764e+00   2.2951737e-21
   6.0673355e+00   2.2459802e-21
   6.0813269e+00   2.1979616e-21
   6.0953505e+00   2.1510891e-21
   6.1094064e+00   2.1053346e-21
   6.1234947e+00   2.0606706e-21
   6.1376155e+00   2.0170706e-21
   6.1517689e+00   1.9745085e-21
   6.1659550e+00   1.9329591e-21
   6.1801737e+00   1.8923978e-21
   6.1944252e+00   1.8528007e-21
   6.2087096e+00   1.8141445e-21
   6.2230269e+00   1.7764064e-21
   6.2373773e+00   1.7395643e-21
   6.2517607e+00   1.7035968e-21
   6.2661773e+00   1.6684829e-21
   6.2806272e+00   1.6342020e-21
   6.2951104e+00   1.6007344e-21
   6.3096269e+00   1.5680606e-21
   6.3241770e+00   1.5361619e-21
   6.3387606e+00   1.5050197e-21
   6.3533778e+00   1.4746161e-21
   6.3680288e+00   1.4449338e-21
   6.3827135e+00   1.4159557e-21
   6.3974321e+00   1.3876651e-21
   6.4121846e+00   1.3600461e-21
   6.4269711e+00   1.3330827e-21
   6.4417918e+00   1.3067597e-21
   6.4566466e+00   1.2810621e-21
   6.4715357e+00   1.2559754e-21
   6.4864591e+00   1.2314852e-21
   6.5014169e+00   1.2075778e-21
   6.5164092e+00   1.1842397e-21
   6.5314361e+00   1.1614576e-21
   6.5464977e+00   1.1392187e-21
   6.5615939e+00   1.1175105e-21
   6.5767250e+00   1.0963208e-21
   6.5918910e+00   1.0756377e-21
   6.6070920e+00   1.0554495e-21
   6.6223280e+00   1.0357449e-21
   6.6375991e+00   1.0165129e-21
   6.6529055e+00   9.9774267e-22
   6.6682471e+00   9.7942369e-22
   6.6836241e+00   9.6154571e-22
   6.6990366e+00   9.4409870e-22
   6.7144846e+00   9.2707289e-22
   6.7299683e+00   9.1045876e-22
   6.7454877e+00   8.9424700e-22
   6.7610428e+00   8.7842852e-22
   6.7766338e+00   8.6299447e-22
   6.7922608e+00   8.4793620e-22
   6.8079238e+00   8.3324527e-22
   6.8236229e+00   8.1891344e-22
   6.8393582e+00   8.0493266e-22
   6.8551299e+00   7.9129508e-22
   6.8709378e+00   7.7799305e-22
   6.8867823e+00   7.6501909e-22
   6.9026632e+00   7.5236588e-22
   6.9185808e+00   7.4002630e-22
   6.9345351e+00   7.2799340e-22
   6.9505262e+00   7.1626037e-22
   6.9665542e+00   7.0482058e-22
   6.9826191e+00   6.9366757e-22
   6.9987211e+00   6.8279501e-22
   7.0148602e+00   6.7219673e-22
   7.0310365e+00   6.6186671e-22
   7.0472502e+00   6.5179907e-22
   7.0635012e+00   6.4198808e-22
   7.0797897e+00   6.3242814e-22
   7.0961157e+00   6.2311379e-22
   7.1124794e+00   6.1403969e-22
   7.1288808e+00   6.0520065e-22
   7.1453201e+00   5.9659161e-22
   7.1617972e+00   5.8820762e-22
   7.1783124e+00   5.8004385e-22
   7.1948656e+00   5.7209561e-22
   7.2114571e+00   5.6435834e-22
   7.2280867e+00   5.5682756e-22
   7.2447548e+00   5.4949894e-22
   7.2614612e+00   5.4236825e-22
   7.2782062e+00   5.3543138e-22
   7.2949898e+00   5.2868434e-22
   7.3118121e+00   5.2212324e-22
   7.3286732e+00   5.1574430e-22
   7.3455732e+00   5.0954387e-22
   7.3625121e+00   5.0351840e-22
   7.3794901e+00   4.9766444e-22
   7.3965073e+00   4.9197866e-22
   7.4135637e+00   4.8645784e-22
   7.4306594e+00   4.8109886e-22
   7.4477946e+00   4.7589873e-22
   7.4649693e+00   4.7085455e-22
   7.4821835e+00   4.6596353e-22
   7.4994375e+00   4.6122302e-22
   7.5167313e+00   4.5663045e-22
   7.5340649e+00   4.5218338e-22
   7.5514385e+00   4.4787949e-22
   7.5688522e+00   4.4371656e-22
   7.5863060e+00   4.3969250e-22
   7.6038001e+00   4.3580535e-22
   7.6213345e+00   4.3205326e-22
   7.6389094e+00   4.2843451e-22
   7.6565248e+00   4.2494752e-22
   7.6741808e+00   4.2159083e-22
   7.6918775e+00   4.1836312e-22
   7.7096150e+00   4.1526323e-22
   7.7273934e+00   4.1229012e-22
   7.7452129e+00   4.0944292e-22
   7.7630734e+00   4.0672092e-22
   7.7809751e+00   4.0412356e-22
   7.7989181e+00   4.0165048e-22
   7.8169025e+00   3.9930147e-22
   7.8349283e+00   3.9707653e-22
   7.8529957e+00   3.9497586e-22
   7.8711048e+00   3.9299986e-22
   7.8892556e+00   3.9114916e-22
   7.9074483e+00   3.8942464e-22
   7.9256829e+00   3.8782741e-22
   7.9439596e+00   3.8635886e-22
   7.9622784e+00   3.8502068e-22
   7.9806395e+00   3.8381484e-22
   7.9990429e+00   3.8274366e-22
   8.0174888e+00   3.8180982e-22
   8.0359772e+00   3.8101638e-22
   8.0545082e+00   3.8036682e-22
   8.0730819e+00   3.7986507e-22
   8.0916985e+00   3.7951554e-22
   8.1103581e+00   3.7932321e-22
   8.1290606e+00   3.7929363e-22
   8.1478063e+00   3.7943299e-22
   8.1665952e+00   3.7974820e-22
   8.1854274e+00   3.8024695e-22
   8.2043031e+00   3.8093780e-22
   8.2232223e+00   3.8183027e-22
   8.2421851e+00   3.8293493e-22
   8.2611916e+00   3.8426357e-22
   8.2802420e+00   3.8582930e-22
   8.2993363e+00   3.8764670e-22
   8.3184746e+00   3.8973209e-22
   8.3376571e+00   3.9210363e-22
   8.3568838e+00   3.9478166e-22
   8.3761548e+00   3.9778897e-22
   8.3954703e+00   4.0115113e-22
   8.4148303e+00   4.0489692e-22
   8.4342350e+00   4.0905879e-22
   8.4536844e+00   4.1367344e-22
   8.4731786e+00   4.1878252e-22
   8.4927179e+00   4.2443340e-22
   8.5123021e+00   4.3068022e-22
   8.5319316e+00   4.3758503e-22
   8.5516063e+00   4.4521930e-22
   8.5713263e+00   4.5366572e-22
   8.5910919e+00   4.6302040e-22
   8.6109030e+00   4.7339574e-22
   8.6307598e+00   4.8492391e-22
   8.6506624e+00   4.9776135e-22
   8.6706109e+00   5.1209443e-22
   8.6906054e+00   5.2814765e-22
   8.7106460e+00   5.4619253e-22
   8.7307328e+00   5.6656158e-22
   8.7508660e+00   5.8966608e-22
   8.7710455e+00   6.1602077e-22
   8.7912716e+00   6.4627856e-22
   8.8115444e+00   6.8128014e-22
   8.8318638e+00   7.2212671e-22
   8.8522302e+00   7.7028931e-22
   8.8726435e+00   8.2777831e-22
   8.8931039e+00   8.9741554e-22
   8.9136114e+00   9.8328973e-22
   8.9341663e+00   1.0915574e-21
   8.9547686e+00   1.2319393e-21
   8.9754183e+00   1.4207361e-21
   8.9961157e+00   1.6875282e-21
   9.0168608e+00   2.0921529e-21
   9.0376538e+00   2.7766582e-21
   9.0584947e+00   4.1802433e-21
   9.0793836e+00   8.6670170e-21
   9.1003208e+00   8.9941368e-20
   9.1213062e+00   7.1508230e-21
   9.1423400e+00   3.7038625e-21
   9.1634223e+00   2.5014071e-21
   9.1845532e+00   1.9057319e-21
   9.2057328e+00   1.5825173e-21
   9.2269613e+00   1.4735028e-21
   9.2482388e+00   1.8890676e-21
   9.2695653e+00   3.9194356e-20
   9.2909410e+00   1.7556776e-21
   9.3123660e+00   1.0540786e-21
   9.3338403e+00   8.2858526e-22
   9.3553642e+00   7.0887581e-22
   9.3769378e+00   6.2955733e-22
   9.3985611e+00   5.7074913e-22
   9.4202342e+00   5.2432078e-22
   9.4419574e+00   4.8623132e-22
   9.4637306e+00   4.5417805e-22
   9.4855540e+00   4.2671395e-22
   9.5074278e+00   4.0286242e-22
   9.5293520e+00   3.8192837e-22
   9.5513267e+00   3.6339689e-22
   9.5733522e+00   3.4687450e-22
   9.5954284e+00   3.3205309e-22
   9.6175555e+00   3.1868661e-22
   9.6397337e+00   3.0657539e-22
   9.6619630e+00   2.9555523e-22
   9.6842435e+00   2.8548949e-22
   9.7065755e+00   2.7626339e-22
   9.7289589e+00   2.6777968e-22
   9.7513940e+00   2.5995531e-22
   9.7738808e+00   2.5271893e-22
   9.7964194e+00   2.4600884e-22
   9.8190100e+00   2.3977140e-22
   9.8416527e+00   2.3395977e-22
   9.8643477e+00   2.2853286e-22
   9.8870949e+00   2.2345446e-22
   9.9098946e+00   2.1869258e-22
   9.9327469e+00   2.1421881e-22
   9.9556519e+00   2.1000787e-22
   9.9786097e+00   2.0603722e-22
   1.0001620e+01   2.0228686e-22
   1.0024684e+01   1.9873993e-22
   1.0047801e+01   1.9537685e-22
   1.0070972e+01   1.9218398e-22
   1.0094195e+01   1.8914887e-22
   1.0117473e+01   1.8625997e-22
   1.0140804e+01   1.8350609e-22
   1.0164188e+01   1.8087712e-22
   1.0187627e+01   1.7836388e-22
   1.0211120e+01   1.7595806e-22
   1.0234667e+01   1.7365242e-22
   1.0258268e+01   1.7144005e-22
   1.0281924e+01   1.6931456e-22
   1.0305634e+01   1.6727008e-22
   1.0329399e+01   1.6530147e-22
   1.0353218e+01   1.6340388e-22
   1.0377093e+01   1.6157274e-22
   1.0401023e+01   1.5980386e-22
   1.0425007e+01   1.5809349e-22
   1.0449048e+01   1.5643815e-22
   1.0473143e+01   1.5483453e-22
   1.0497294e+01   1.5327957e-22
   1.0521501e+01   1.5177050e-22
   1.0545764e+01   1.5030477e-22
   1.0570082e+01   1.4887994e-22
   1.0594457e+01   1.4749375e-22
   1.0618888e+01   1.4614411e-22
   1.0643375e+01   1.4482913e-22
   1.0667919e+01   1.4354699e-22
   1.0692519e+01   1.4229597e-22
   1.0717176e+01   1.4107452e-22
   1.0741890e+01   1.3988119e-22
   1.0766661e+01   1.3871459e-22
   1.0791489e+01   1.3757344e-22
   1.0816374e+01   1.3645652e-22
   1.0841317e+01   1.3536274e-22
   1.0866317e+01   1.3429103e-22
   1.0891375e+01   1.3324038e-22
   1.0916491e+01   1.3220988e-22
   1.0941664e+01   1.3119867e-22
   1.0966896e+01   1.3020591e-22
   1.0992185e+01   1.2923083e-22
   1.1017533e+01   1.2827270e-22
   1.1042940e+01   1.2733085e-22
   1.1068405e+01   1.2640464e-22
   1.1093929e+01   1.2549344e-22
   1.1119512e+01   1.2459668e-22
   1.1145153e+01   1.2371384e-22
   1.1170854e+01   1.2284439e-22
   1.1196614e+01   1.2198785e-22
   1.1222434e+01   1.2114375e-22
   1.1248313e+01   1.2031169e-22
   1.1274251e+01   1.1949123e-22
   1.1300250e+01   1.1868199e-22
   1.1326308e+01   1.1788360e-22
   1.1352427e+01   1.1709572e-22
   1.1378606e+01   1.1631801e-22
   1.1404845e+01   1.1555015e-22
   1.1431144e+01   1.1479184e-22
   1.1457505e+01   1.1404281e-22
   1.1483926e+01   1.1330278e-22
   1.1510408e+01   1.1257149e-22
   1.1536951e+01   1.1184869e-22
   1.1563555e+01   1.1113416e-22
   1.1590221e+01   1.1042766e-22
   1.1616948e+01   1.0972899e-22
   1.1643737e+01   1.0903793e-22
   1.1670587e+01   1.0835430e-22
   1.1697500e+01   1.0767791e-22
   1.1724474e+01   1.0700858e-22
   1.1751511e+01   1.0634615e-22
   1.1778610e+01   1.0569044e-22
   1.1805772e+01   1.0504130e-22
   1.1832996e+01   1.0439858e-22
   1.1860283e+01   1.0376213e-22
   1.1887633e+01   1.0313183e-22
   1.1915046e+01   1.0250753e-22
   1.1942522e+01   1.0188911e-22
   1.1970061e+01   1.0127645e-22
   1.1997664e+01   1.0066943e-22
   1.2025331e+01   1.0006793e-22
   1.2053062e+01   9.9471849e-23
   1.2080856e+01   9.8881077e-23
   1.2108715e+01   9.8295513e-23
   1.2136637e+01   9.7715060e-23
   1.2164625e+01   9.7139624e-23
   1.2192676e+01   9.6569113e-23
   1.2220793e+01   9.6003438e-23
   1.2248974e+01   9.5442515e-23
   1.2277220e+01   9.4886261e-23
   1.2305532e+01   9.4334597e-23
   1.2333908e+01   9.3787444e-23
   1.2362350e+01   9.3244728e-23
   1.2390858e+01   9.2706377e-23
   1.2419431e+01   9.2172320e-23
   1.2448071e+01   9.1642489e-23
   1.2476776e+01   9.1116818e-23
   1.2505548e+01   9.0595242e-23
   1.2534386e+01   9.0077699e-23
   1.2563290e+01   8.9564129e-23
   1.2592261e+01   8.9054473e-23
   1.2621299e+01   8.8548672e-23
   1.2650404e+01   8.8046672e-23
   1.2679576e+01   8.7548418e-23
   1.2708815e+01   8.7053857e-23
   1.2738121e+01   8.6562938e-23
   1.2767496e+01   8.6075610e-23
   1.2796938e+01   8.5591825e-23
   1.2826447e+01   8.5111535e-23
   1.2856025e+01   8.4634693e-23
   1.2885671e+01   8.4161255e-23
   1.2915386e+01   8.3691175e-23
   1.2945169e+01   8.3224410e-23
   1.2975020e+01   8.2760919e-23
   1.3004941e+01   8.2300660e-23
   1.3034930e+01   8.1843592e-23
   1.3064989e+01   8.1389677e-23
   1.3095117e+01   8.0938876e-23
   1.3125314e+01   8.0491150e-23
   1.3155582e+01   8.0046464e-23
   1.3185918e+01   7.9604781e-23
   1.3216325e+01   7.9166066e-23
   1.3246802e+01   7.8730284e-23
   1.3277349e+01   7.8297401e-23
   1.3307967e+01   7.7867385e-23
   1.3338655e+01   7.7440203e-23
   1.3369414e+01   7.7015823e-23
   1.3400244e+01   7.6594213e-23
   1.3431145e+01   7.6175344e-23
   1.3462118e+01   7.5759185e-23
   1.3493162e+01   7.5345708e-23
   1.3524277e+01   7.4934882e-23
   1.3555464e+01   7.4526680e-23
   1.3586723e+01   7.4121075e-23
   1.3618054e+01   7.3718038e-23
   1.3649457e+01   7.3317544e-23
   1.3680933e+01   7.2919565e-23
   1.3712481e+01   7.2524077e-23
   1.3744103e+01   7.2131054e-23
   1.3775797e+01   7.1740471e-23
   1.3807564e+01   7.1352304e-23
   1.3839404e+01   7.0966529e-23
   1.3871318e+01   7.0583122e-23
   1.3903305e+01   7.0202060e-23
   1.3935366e+01   6.9823321e-23
   1.3967501e+01   6.9446882e-23
   1.3999710e+01   6.9072721e-23
   1.4031994e+01   6.8700817e-23
   1.4064352e+01   6.8331148e-23
   1.4096784e+01   6.7963694e-23
   1.4129292e+01   6.7598434e-23
   1.4161874e+01   6.7235347e-23
   1.4194531e+01   6.6874414e-23
   1.4227264e+01   6.6515616e-23
   1.4260072e+01   6.6158933e-23
   1.4292956e+01   6.5804346e-23
   1.4325916e+01   6.5451837e-23
   1.4358951e+01   6.5101387e-23
   1.4392063e+01   6.4752978e-23
   1.4425251e+01   6.4406592e-23
   1.4458516e+01   6.4062213e-23
   1.4491858e+01   6.3719822e-23
   1.4525276e+01   6.3379403e-23
   1.4558771e+01   6.3040939e-23
   1.4592344e+01   6.2704413e-23
   1.4625994e+01   6.2369810e-23
   1.4659722e+01   6.2037113e-23
   1.4693527e+01   6.1706307e-23
   1.4727410e+01   6.1377375e-23
   1.4761372e+01   6.1050304e-23
   1.4795412e+01   6.0725077e-23
   1.4829530e+01   6.0401680e-23
   1.4863727e+01   6.0080098e-23
   1.4898003e+01   5.9760316e-23
   1.4932358e+01   5.9442321e-23
   1.4966792e+01   5.9126099e-23
   1.5001306e+01   5.8811635e-23
   1.5035899e+01   5.8498916e-23
   1.5070572e+01   5.8187929e-23
   1.5105324e+01   5.7878660e-23
   1.5140157e+01   5.7571095e-23
   1.5175071e+01   5.7265223e-23
   1.5210065e+01   5.6961030e-23
   1.5245139e+01   5.6658504e-23
   1.5280295e+01   5.6357632e-23
   1.5315531e+01   5.6058401e-23
   1.5350849e+01   5.5760801e-23
   1.5386248e+01   5.5464819e-23
   1.5421729e+01   5.5170443e-23
   1.5457291e+01   5.4877661e-23
   1.5492936e+01   5.4586462e-23
   1.5528663e+01   5.4296834e-23
   1.5564472e+01   5.4008767e-23
   1.5600364e+01   5.3722249e-23
   1.5636338e+01   5.3437269e-23
   1.5672396e+01   5.3153817e-23
   1.5708537e+01   5.2871881e-23
   1.5744761e+01   5.2591452e-23
   1.5781068e+01   5.2312518e-23
   1.5817459e+01   5.2035070e-23
   1.5853935e+01   5.1759096e-23
   1.5890494e+01   5.1484588e-23
   1.5927137e+01   5.1211535e-23
   1.5963866e+01   5.0939927e-23
   1.6000678e+01   5.0669755e-23
   1.6037576e+01   5.0401009e-23
   1.6074559e+01   5.0133679e-23
   1.6111627e+01   4.9867756e-23
   1.6148780e+01   4.9603231e-23
   1.6186020e+01   4.9340094e-23
   1.6223345e+01   4.9078337e-23
   1.6260756e+01   4.8817950e-23
   1.6298253e+01   4.8558924e-23
   1.6335837e+01   4.8301251e-23
   1.6373508e+01   4.8044922e-23
   1.6411265e+01   4.7789929e-23
   1.6449110e+01   4.7536262e-23
   1.6487041e+01   4.7283913e-23
   1.6525061e+01   4.7032875e-23
   1.6563168e+01   4.6783138e-23
   1.6601362e+01   4.6534695e-23
   1.6639645e+01   4.6287537e-23
   1.6678016e+01   4.6041656e-23
   1.6716476e+01   4.5797045e-23
   1.6755024e+01   4.5553696e-23
   1.6793662e+01   4.5311600e-23
   1.6832388e+01   4.5070750e-23
   1.6871203e+01   4.4831139e-23
   1.6910109e+01   4.4592759e-23
   1.6949103e+01   4.4355602e-23
   1.6988188e+01   4.4119661e-23
   1.7027363e+01   4.3884929e-23
   1.7066628e+01   4.3651398e-23
   1.7105984e+01   4.3419062e-23
   1.7145431e+01   4.3187912e-23
   1.7184968e+01   4.2957943e-23
   1.7224597e+01   4.2729146e-23
   1.7264317e+01   4.2501516e-23
   1.7304128e+01   4.2275045e-23
   1.7344032e+01   4.2049726e-23
   1.7384027e+01   4.1825553e-23
   1.7424115e+01   4.1602518e-23
   1.7464295e+01   4.1380616e-23
   1.7504568e+01   4.1159840e-23
   1.7544934e+01   4.0940183e-23
   1.7585392e+01   4.0721639e-23
   1.7625945e+01   4.0504201e-23
   1.7666590e+01   4.0287863e-23
   1.7707329e+01   4.0072619e-23
   1.7748163e+01   3.9858462e-23
   1.7789090e+01   3.9645386e-23
   1.7830112e+01   3.9433386e-23
   1.7871228e+01   3.9222455e-23
   1.7912439e+01   3.9012587e-23
   1.7953746e+01   3.8803776e-23
   1.7995147e+01   3.8596016e-23
   1.8036644e+01   3.8389302e-23
   1.8078237e+01   3.8183627e-23
   1.8119925e+01   3.7978985e-23
   1.8161710e+01   3.7775372e-23
   1.8203591e+01   3.7572781e-23
   1.8245569e+01   3.7371206e-23
   1.8287643e+01   3.7170643e-23
   1.8329814e+01   3.6971085e-23
   1.8372083e+01   3.6772527e-23
   1.8414449e+01   3.6574963e-23
   1.8456913e+01   3.6378389e-23
   1.8499475e+01   3.6182798e-23
   1.8542135e+01   3.5988186e-23
   1.8584893e+01   3.5794547e-23
   1.8627750e+01   3.5601875e-23
   1.8670706e+01   3.5410167e-23
   1.8713761e+01   3.5219415e-23
   1.8756915e+01   3.5029616e-23
   1.8800168e+01   3.4840764e-23
   1.8843522e+01   3.4652855e-23
   1.8886975e+01   3.4465882e-23
   1.8930528e+01   3.4279842e-23
   1.8974182e+01   3.4094729e-23
   1.9017937e+01   3.3910538e-23
   1.9061792e+01   3.3727264e-23
   1.9105749e+01   3.3544904e-23
   1.9149807e+01   3.3363451e-23
   1.9193967e+01   3.3182901e-23
   1.9238228e+01   3.3003249e-23
   1.9282592e+01   3.2824491e-23
   1.9327057e+01   3.2646622e-23
   1.9371626e+01   3.2469638e-23
   1.9416297e+01   3.2293533e-23
   1.9461071e+01   3.2118303e-23
   1.9505948e+01   3.1943944e-23
   1.9550929e+01   3.1770451e-23
   1.9596014e+01   3.1597820e-23
   1.9641202e+01   3.1426046e-23
   1.9686495e+01   3.1255125e-23
   1.9731892e+01   3.1085053e-23
   1.9777394e+01   3.0915825e-23
   1.9823001e+01   3.0747436e-23
   1.9868713e+01   3.0579883e-23
   1.9914530e+01   3.0413162e-23
   1.9960454e+01   3.0247268e-23
   2.0006482e+01   3.0082196e-23
   2.0052618e+01   2.9917944e-23
   2.0098859e+01   2.9754506e-23
   2.0145207e+01   2.9591879e-23
   2.0191662e+01   2.9430058e-23
   2.0238224e+01   2.9269039e-23
   2.0284894e+01   2.9108819e-23
   2.0331671e+01   2.8949394e-23
   2.0378556e+01   2.8790759e-23
   2.0425549e+01   2.8632910e-23
   2.0472650e+01   2.8475844e-23
   2.0519861e+01   2.8319557e-23
   2.0567180e+01   2.8164045e-23
   2.0614608e+01   2.8009303e-23
   2.0662145e+01   2.7855329e-23
   2.0709792e+01   2.7702119e-23
   2.0757549e+01   2.7549668e-23
   2.0805416e+01   2.7397973e-23
   2.0853394e+01   2.7247030e-23
   2.0901482e+01   2.7096836e-23
   2.0949681e+01   2.6947387e-23
   2.0997991e+01   2.6798679e-23
   2.1046412e+01   2.6650709e-23
   2.1094945e+01   2.6503473e-23
   2.1143591e+01   2.6356968e-23
   2.1192348e+01   2.6211189e-23
   2.1241218e+01   2.6066134e-23
   2.1290200e+01   2.5921799e-23
   2.1339295e+01   2.5778181e-23
   2.1388504e+01   2.5635276e-23
   2.1437826e+01   2.5493080e-23
   2.1487262e+01   2.5351590e-23
   2.1536812e+01   2.5210804e-23
   2.1586476e+01   2.5070717e-23
   2.1636254e+01   2.4931326e-23
   2.1686148e+01   2.4792628e-23
   2.1736156e+01   2.4654620e-23
   2.1786280e+01   2.4517298e-23
   2.1836519e+01   2.4380659e-23
   2.1886874e+01   2.4244700e-23
   2.1937346e+01   2.4109418e-23
   2.1987933e+01   2.3974809e-23
   2.2038638e+01   2.3840870e-23
   2.2089459e+01   2.3707599e-23
   2.2140397e+01   2.3574992e-23
   2.2191453e+01   2.3443045e-23
   2.2242627e+01   2.3311756e-23
   2.2293919e+01   2.3181123e-23
   2.2345328e+01   2.3051141e-23
   2.2396857e+01   2.2921807e-23
   2.2448504e+01   2.2793119e-23
   2.2500271e+01   2.2665074e-23
   2.2552157e+01   2.2537669e-23
   2.2604162e+01   2.2410901e-23
   2.2656287e+01   2.2284766e-23
   2.2708533e+01   2.2159263e-23
   2.2760899e+01   2.2034387e-23
   2.2813386e+01   2.1910137e-23
   2.2865994e+01   2.1786509e-23
   2.2918723e+01   2.1663501e-23
   2.2971574e+01   2.1541110e-23
   2.3024546e+01   2.1419332e-23
   2.3077641e+01   2.1298165e-23
   2.3130858e+01   2.1177607e-23
   2.3184198e+01   2.1057655e-23
   2.3237661e+01   2.0938305e-23
   2.3291247e+01   2.0819556e-23
   2.3344957e+01   2.0701404e-23
   2.3398791e+01   2.0583847e-23
   2.3452748e+01   2.0466882e-23
   2.3506831e+01   2.0350507e-23
   2.3561038e+01   2.0234718e-23
   2.3615370e+01   2.0119514e-23
   2.3669827e+01   2.0004892e-23
   2.3724410e+01   1.9890849e-23
   2.3779118e+01   1.9777382e-23
   2.3833953e+01   1.9664490e-23
   2.3888914e+01   1.9552169e-23
   2.3944002e+01   1.9440417e-23
   2.3999217e+01   1.9329232e-23
   2.4054560e+01   1.9218611e-23
   2.4110030e+01   1.9108551e-23
   2.4165628e+01   1.8999051e-23
   2.4221354e+01   1.8890107e-23
   2.4277208e+01   1.8781718e-23
   2.4333192e+01   1.8673881e-23
   2.4389304e+01   1.8566594e-23
   2.4445546e+01   1.8459854e-23
   2.4501918e+01   1.8353659e-23
   2.4558420e+01   1.8248006e-23
   2.4615051e+01   1.8142894e-23
   2.4671814e+01   1.8038319e-23
   2.4728707e+01   1.7934281e-23
   2.4785732e+01   1.7830776e-23
   2.4842888e+01   1.7727802e-23
   2.4900176e+01   1.7625357e-23
   2.4957596e+01   1.7523439e-23
   2.5015148e+01   1.7422046e-23
   2.5072833e+01   1.7321174e-23
   2.5130652e+01   1.7220824e-23
   2.5188603e+01   1.7120991e-23
   2.5246688e+01   1.7021674e-23
   2.5304907e+01   1.6922871e-23
   2.5363261e+01   1.6824579e-23
   2.5421748e+01   1.6726797e-23
   2.5480371e+01   1.6629523e-23
   2.5539129e+01   1.6532754e-23
   2.5598023e+01   1.6436489e-23
   2.5657052e+01   1.6340725e-23
   2.5716217e+01   1.6245460e-23
   2.5775519e+01   1.6150692e-23
   2.5834957e+01   1.6056420e-23
   2.5894533e+01   1.5962641e-23
   2.5954246e+01   1.5869354e-23
   2.6014097e+01   1.5776556e-23
   2.6074085e+01   1.5684245e-23
   2.6134212e+01   1.5592421e-23
   2.6194478e+01   1.5501079e-23
   2.6254883e+01   1.5410220e-23
   2.6315427e+01   1.5319840e-23
   2.6376110e+01   1.5229939e-23
   2.6436934e+01   1.5140513e-23
   2.6497898e+01   1.5051562e-23
   2.6559002e+01   1.4963083e-23
   2.6620247e+01   1.4875076e-23
   2.6681634e+01   1.4787537e-23
   2.6743162e+01   1.4700465e-23
   2.6804832e+01   1.4613858e-23
   2.6866644e+01   1.4527715e-23
   2.6928599e+01   1.4442034e-23
   2.6990696e+01   1.4356813e-23
   2.7052937e+01   1.4272051e-23
   2.7115321e+01   1.4187745e-23
   2.7177849e+01   1.4103894e-23
   2.7240522e+01   1.4020496e-23
   2.7303338e+01   1.3937550e-23
   2.7366300e+01   1.3855055e-23
   2.7429407e+01   1.3773007e-23
   2.7492659e+01   1.3691407e-23
   2.7556058e+01   1.3610251e-23
   2.7619602e+01   1.3529539e-23
   2.7683293e+01   1.3449269e-23
   2.7747131e+01   1.3369440e-23
   2.7811116e+01   1.3290049e-23
   2.7875249e+01   1.3211096e-23
   2.7939529e+01   1.3132578e-23
   2.8003958e+01   1.3054495e-23
   2.8068536e+01   1.2976845e-23
   2.8133262e+01   1.2899626e-23
   2.8198137e+01   1.2822836e-23
   2.8263162e+01   1.2746475e-23
   2.8328338e+01   1.2670541e-23
   2.8393663e+01   1.2595033e-23
   2.8459139e+01   1.2519948e-23
   2.8524766e+01   1.2445286e-23
   2.8590544e+01   1.2371045e-23
   2.8656474e+01   1.2297224e-23
   2.8722556e+01   1.2223822e-23
   2.8788791e+01   1.2150837e-23
   2.8855178e+01   1.2078267e-23
   2.8921718e+01   1.2006112e-23
   2.8988412e+01   1.1934370e-23
   2.9055259e+01   1.1863040e-23
   2.9122261e+01   1.1792120e-23
   2.9189417e+01   1.1721609e-23
   2.9256728e+01   1.1651507e-23
   2.9324194e+01   1.1581811e-23
   2.9391816e+01   1.1512520e-23
   2.9459594e+01   1.1443634e-23
   2.9527528e+01   1.1375150e-23
   2.9595619e+01   1.1307069e-23
   2.9663866e+01   1.1239387e-23
   2.9732272e+01   1.1172106e-23
   2.9800834e+01   1.1105222e-23
   2.9869555e+01   1.1038736e-23
   2.9938435e+01   1.0972645e-23
   3.0007473e+01   1.0906949e-23
   3.0076670e+01   1.0841647e-23
   3.0146028e+01   1.0776737e-23
   3.0215544e+01   1.0712219e-23
   3.0285222e+01   1.0648091e-23
   3.0355060e+01   1.0584352e-23
   3.0425059e+01   1.0521001e-23
   3.0495219e+01   1.0458038e-23
   3.0565541e+01   1.0395460e-23
   3.0636026e+01   1.0333268e-23
   3.0706673e+01   1.0271460e-23
   3.0777482e+01   1.0210034e-23
   3.0848456e+01   1.0148991e-23
   3.0919592e+01   1.0088329e-23
   3.0990893e+01   1.0028047e-23
   3.1062358e+01   9.9681437e-24
   3.1133988e+01   9.9086188e-24
   3.1205784e+01   9.8494711e-24
   3.1277744e+01   9.7906998e-24
   3.1349871e+01   9.7323038e-24
   3.1422164e+01   9.6742823e-24
   3.1494624e+01   9.6166344e-24
   3.1567251e+01   9.5593592e-24
   3.1640045e+01   9.5024559e-24
   3.1713007e+01   9.4459235e-24
   3.1786138e+01   9.3897613e-24
   3.1859437e+01   9.3339683e-24
   3.1932905e+01   9.2785439e-24
   3.2006542e+01   9.2234870e-24
   3.2080350e+01   9.1687970e-24
   3.2154327e+01   9.1144731e-24
   3.2228475e+01   9.0605144e-24
   3.2302794e+01   9.0069202e-24
   3.2377285e+01   8.9536897e-24
   3.2451947e+01   8.9008222e-24
   3.2526782e+01   8.8483169e-24
   3.2601789e+01   8.7961731e-24
   3.2676969e+01   8.7443900e-24
   3.2752322e+01   8.6929670e-24
   3.2827849e+01   8.6419033e-24
   3.2903550e+01   8.5911982e-24
   3.2979426e+01   8.5408511e-24
   3.3055477e+01   8.4908613e-24
   3.3131703e+01   8.4412280e-24
   3.3208105e+01   8.3919507e-24
   3.3284683e+01   8.3430287e-24
   3.3361438e+01   8.2944613e-24
   3.3438370e+01   8.2462479e-24
   3.3515479e+01   8.1983879e-24
   3.3592766e+01   8.1508806e-24
   3.3670231e+01   8.1037255e-24
   3.3747875e+01   8.0569219e-24
   3.3825698e+01   8.0104693e-24
   3.3903700e+01   7.9643670e-24
   3.3981882e+01   7.9186145e-24
   3.4060245e+01   7.8732112e-24
   3.4138788e+01   7.8281565e-24
   3.4217512e+01   7.7834499e-24
   3.4296418e+01   7.7390907e-24
   3.4375506e+01   7.6950786e-24
   3.4454776e+01   7.6514128e-24
   3.4534229e+01   7.6080930e-24
   3.4613865e+01   7.5651185e-24
   3.4693685e+01   7.5224888e-24
   3.4773689e+01   7.4802034e-24
   3.4853877e+01   7.4382617e-24
   3.4934251e+01   7.3966634e-24
   3.5014809e+01   7.3554078e-24
   3.5095554e+01   7.3144945e-24
   3.5176484e+01   7.2739229e-24
   3.5257602e+01   7.2336925e-24
   3.5338906e+01   7.1938029e-24
   3.5420398e+01   7.1542536e-24
   3.5502077e+01   7.1150441e-24
   3.5583945e+01   7.0761739e-24
   3.5666002e+01   7.0376424e-24
   3.5748248e+01   6.9994493e-24
   3.5830684e+01   6.9615941e-24
   3.5913310e+01   6.9240762e-24
   3.5996126e+01   6.8868952e-24
   3.6079134e+01   6.8500505e-24
   3.6162332e+01   6.8135418e-24
   3.6245723e+01   6.7773686e-24
   3.6329306e+01   6.7415303e-24
   3.6413082e+01   6.7060264e-24
   3.6497050e+01   6.6708566e-24
   3.6581213e+01   6.6360203e-24
   3.6665569e+01   6.6015169e-24
   3.6750120e+01   6.5673461e-24
   3.6834867e+01   6.5335074e-24
   3.6919808e+01   6.5000001e-24
   3.7004945e+01   6.4668239e-24
   3.7090279e+01   6.4339783e-24
   3.7175810e+01   6.4014626e-24
   3.7261537e+01   6.3692765e-24
   3.7347463e+01   6.3374193e-24
   3.7433586e+01   6.3058905e-24
   3.7519908e+01   6.2746897e-24
   3.7606429e+01   6.2438163e-24
   3.7693150e+01   6.2132697e-24
   3.7780071e+01   6.1830494e-24
   3.7867192e+01   6.1531548e-24
   3.7954514e+01   6.1235854e-24
   3.8042037e+01   6.0943405e-24
   3.8129763e+01   6.0654195e-24
   3.8217690e+01   6.0368220e-24
   3.8305821e+01   6.0085472e-24
   3.8394154e+01   5.9805946e-24
   3.8482691e+01   5.9529635e-24
   3.8571433e+01   5.9256533e-24
   3.8660379e+01   5.8986632e-24
   3.8749530e+01   5.8719928e-24
   3.8838886e+01   5.8456412e-24
   3.8928449e+01   5.8196077e-24
   3.9018219e+01   5.7938918e-24
   3.9108195e+01   5.7684926e-24
   3.9198379e+01   5.7434094e-24
   3.9288770e+01   5.7186414e-24
   3.9379371e+01   5.6941880e-24
   3.9470180e+01   5.6700483e-24
   3.9561198e+01   5.6462215e-24
   3.9652427e+01   5.6227068e-24
   3.9743865e+01   5.5995034e-24
   3.9835515e+01   5.5766104e-24
   3.9927376e+01   5.5540269e-24
   4.0019449e+01   5.5317521e-24
   4.0111734e+01   5.5097851e-24
   4.0204232e+01   5.4881250e-24
   4.0296943e+01   5.4667707e-24
   4.0389868e+01   5.4457215e-24
   4.0483008e+01   5.4249761e-24
   4.0576362e+01   5.4045338e-24
   4.0669931e+01   5.3843934e-24
   4.0763716e+01   5.3645539e-24
   4.0857718e+01   5.3450142e-24
   4.0951936e+01   5.3257734e-24
   4.1046372e+01   5.3068302e-24
   4.1141025e+01   5.2881835e-24
   4.1235896e+01   5.2698323e-24
   4.1330987e+01   5.2517752e-24
   4.1426296e+01   5.2340113e-24
   4.1521826e+01   5.2165391e-24
   4.1617575e+01   5.1993575e-24
   4.1713546e+01   5.1824653e-24
   4.1809737e+01   5.1658612e-24
   4.1906151e+01   5.1495438e-24
   4.2002787e+01   5.1335119e-24
   4.2099646e+01   5.1177640e-24
   4.2196728e+01   5.1022989e-24
   4.2294034e+01   5.0871151e-24
   4.2391564e+01   5.0722113e-24
   4.2489319e+01   5.0575859e-24
   4.2587300e+01   5.0432376e-24
   4.2685507e+01   5.0291648e-24
   4.2783940e+01   5.0153661e-24
   4.2882600e+01   5.0018399e-24
   4.2981488e+01   4.9885847e-24
   4.3080603e+01   4.9755989e-24
   4.3179947e+01   4.9628810e-24
   4.3279521e+01   4.9504292e-24
   4.3379324e+01   4.9382420e-24
   4.3479357e+01   4.9263178e-24
   4.3579620e+01   4.9146548e-24
   4.3680115e+01   4.9032514e-24
   4.3780842e+01   4.8921058e-24
   4.3881801e+01   4.8812164e-24
   4.3982993e+01   4.8705813e-24
   4.4084418e+01   4.8601988e-24
   4.4186077e+01   4.8500671e-24
   4.4287970e+01   4.8401844e-24
   4.4390099e+01   4.8305488e-24
   4.4492463e+01   4.8211586e-24
   4.4595062e+01   4.8120118e-24
   4.4697899e+01   4.8031066e-24
   4.4800973e+01   4.7944411e-24
   4.4904284e+01   4.7860133e-24
   4.5007834e+01   4.7778214e-24
   4.5111622e+01   4.7698633e-24
   4.5215650e+01   4.7621372e-24
   4.5319918e+01   4.7546411e-24
   4.5424426e+01   4.7473730e-24
   4.5529175e+01   4.7403309e-24
   4.5634165e+01   4.7335127e-24
   4.5739398e+01   4.7269165e-24
   4.5844873e+01   4.7205403e-24
   4.5950592e+01   4.7143819e-24
   4.6056554e+01   4.7084394e-24
   4.6162761e+01   4.7027106e-24
   4.6269213e+01   4.6971936e-24
   4.6375910e+01   4.6918862e-24
   4.6482853e+01   4.6867863e-24
   4.6590043e+01   4.6818919e-24
   4.6697480e+01   4.6772008e-24
   4.6805165e+01   4.6727110e-24
   4.6913098e+01   4.6684203e-24
   4.7021280e+01   4.6643266e-24
   4.7129711e+01   4.6604278e-24
   4.7238393e+01   4.6567218e-24
   4.7347325e+01   4.6532064e-24
   4.7456508e+01   4.6498796e-24
   4.7565943e+01   4.6467391e-24
   4.7675631e+01   4.6437828e-24
   4.7785571e+01   4.6410087e-24
   4.7895765e+01   4.6384146e-24
   4.8006213e+01   4.6359983e-24
   4.8116916e+01   4.6337578e-24
   4.8227874e+01   4.6316908e-24
   4.8339087e+01   4.6297953e-24
   4.8450558e+01   4.6280691e-24
   4.8562285e+01   4.6265102e-24
   4.8674270e+01   4.6251163e-24
   4.8786513e+01   4.6238854e-24
   4.8899015e+01   4.6228155e-24
   4.9011777e+01   4.6219042e-24
   4.9124798e+01   4.6211497e-24
   4.9238081e+01   4.6205497e-24
   4.9351624e+01   4.6201022e-24
   4.9465429e+01   4.6198052e-24
   4.9579497e+01   4.6196565e-24
   4.9693828e+01   4.6196541e-24
   4.9808422e+01   4.6197959e-24
   4.9923280e+01   4.6200799e-24
   5.0038404e+01   4.6205041e-24
   5.0153793e+01   4.6210664e-24
   5.0269448e+01   4.6217648e-24
   5.0385370e+01   4.6225973e-24
   5.0501559e+01   4.6235619e-24
   5.0618016e+01   4.6246567e-24
   5.0734741e+01   4.6258796e-24
   5.0851736e+01   4.6272288e-24
   5.0969000e+01   4.6287022e-24
   5.1086535e+01   4.6302979e-24
   5.1204341e+01   4.6320141e-24
   5.1322419e+01   4.6338487e-24
   5.1440769e+01   4.6357999e-24
   5.1559392e+01   4.6378659e-24
   5.1678288e+01   4.6400447e-24
   5.1797458e+01   4.6423345e-24
   5.1916904e+01   4.6447335e-24
   5.2036625e+01   4.6472398e-24
   5.2156621e+01   4.6498516e-24
   5.2276895e+01   4.6525672e-24
   5.2397446e+01   4.6553848e-24
   5.2518275e+01   4.6583025e-24
   5.2639382e+01   4.6613187e-24
   5.2760769e+01   4.6644315e-24
   5.2882436e+01   4.6676394e-24
   5.3004383e+01   4.6709406e-24
   5.3126612e+01   4.6743334e-24
   5.3249122e+01   4.6778161e-24
   5.3371915e+01   4.6813871e-24
   5.3494991e+01   4.6850448e-24
   5.3618351e+01   4.6887875e-24
   5.3741995e+01   4.6926136e-24
   5.3865925e+01   4.6965216e-24
   5.3990140e+01   4.7005098e-24
   5.4114642e+01   4.7045767e-24
   5.4239430e+01   4.7087209e-24
   5.4364507e+01   4.7129406e-24
   5.4489872e+01   4.7172346e-24
   5.4615526e+01   4.7216012e-24
   5.4741470e+01   4.7260390e-24
   5.4867704e+01   4.7305465e-24
   5.4994229e+01   4.7351224e-24
   5.5121046e+01   4.7397651e-24
   5.5248156e+01   4.7444733e-24
   5.5375559e+01   4.7492456e-24
   5.5503255e+01   4.7540807e-24
   5.5631246e+01   4.7589771e-24
   5.5759532e+01   4.7639335e-24
   5.5888114e+01   4.7689487e-24
   5.6016992e+01   4.7740212e-24
   5.6146168e+01   4.7791499e-24
   5.6275642e+01   4.7843334e-24
   5.6405414e+01   4.7895705e-24
   5.6535485e+01   4.7948600e-24
   5.6665856e+01   4.8002006e-24
   5.6796528e+01   4.8055911e-24
   5.6927501e+01   4.8110304e-24
   5.7058777e+01   4.8165172e-24
   5.7190355e+01   4.8220503e-24
   5.7322236e+01   4.8276288e-24
   5.7454421e+01   4.8332513e-24
   5.7586912e+01   4.8389169e-24
   5.7719708e+01   4.8446244e-24
   5.7852810e+01   4.8503727e-24
   5.7986219e+01   4.8561608e-24
   5.8119935e+01   4.8619875e-24
   5.8253960e+01   4.8678519e-24
   5.8388294e+01   4.8737530e-24
   5.8522938e+01   4.8796897e-24
   5.8657893e+01   4.8856611e-24
   5.8793158e+01   4.8916661e-24
   5.8928736e+01   4.8977038e-24
   5.9064626e+01   4.9037733e-24
   5.9200829e+01   4.9098735e-24
   5.9337347e+01   4.9160037e-24
   5.9474179e+01   4.9221628e-24
   5.9611327e+01   4.9283500e-24
   5.9748791e+01   4.9345644e-24
   5.9886572e+01   4.9408051e-24
   6.0024671e+01   4.9470713e-24
   6.0163089e+01   4.9533621e-24
   6.0301825e+01   4.9596767e-24
   6.0440882e+01   4.9660143e-24
   6.0580259e+01   4.9723741e-24
   6.0719957e+01   4.9787553e-24
   6.0859978e+01   4.9851570e-24
   6.1000322e+01   4.9915786e-24
   6.1140989e+01   4.9980193e-24
   6.1281980e+01   5.0044783e-24
   6.1423297e+01   5.0109550e-24
   6.1564940e+01   5.0174485e-24
   6.1706909e+01   5.0239582e-24
   6.1849206e+01   5.0304834e-24
   6.1991830e+01   5.0370234e-24
   6.2134784e+01   5.0435775e-24
   6.2278067e+01   5.0501450e-24
   6.2421681e+01   5.0567254e-24
   6.2565626e+01   5.0633180e-24
   6.2709903e+01   5.0699221e-24
   6.2854512e+01   5.0765371e-24
   6.2999455e+01   5.0831624e-24
   6.3144732e+01   5.0897975e-24
   6.3290345e+01   5.0964416e-24
   6.3436293e+01   5.1030943e-24
   6.3582577e+01   5.1097550e-24
   6.3729199e+01   5.1164231e-24
   6.3876159e+01   5.1230980e-24
   6.4023458e+01   5.1297793e-24
   6.4171097e+01   5.1364664e-24
   6.4319076e+01   5.1431587e-24
   6.4467396e+01   5.1498558e-24
   6.4616058e+01   5.1565572e-24
   6.4765063e+01   5.1632623e-24
   6.4914412e+01   5.1699707e-24
   6.5064105e+01   5.1766819e-24
   6.5214144e+01   5.1833954e-24
   6.5364528e+01   5.1901108e-24
   6.5515259e+01   5.1968276e-24
   6.5666338e+01   5.2035454e-24
   6.5817765e+01   5.2102637e-24
   6.5969541e+01   5.2169821e-24
   6.6121667e+01   5.2237002e-24
   6.6274144e+01   5.2304176e-24
   6.6426973e+01   5.2371339e-24
   6.6580154e+01   5.2438486e-24
   6.6733688e+01   5.2505614e-24
   6.6887577e+01   5.2572720e-24
   6.7041820e+01   5.2639798e-24
   6.7196419e+01   5.2706847e-24
   6.7351374e+01   5.2773861e-24
   6.7506687e+01   5.2840838e-24
   6.7662358e+01   5.2907774e-24
   6.7818388e+01   5.2974665e-24
   6.7974778e+01   5.3041508e-24
   6.8131528e+01   5.3108301e-24
   6.8288640e+01   5.3175039e-24
   6.8446114e+01   5.3241720e-24
   6.8603951e+01   5.3308341e-24
   6.8762153e+01   5.3374898e-24
   6.8920719e+01   5.3441388e-24
   6.9079650e+01   5.3507810e-24
   6.9238949e+01   5.3574159e-24
   6.9398614e+01   5.3640433e-24
   6.9558648e+01   5.3706629e-24
   6.9719051e+01   5.3772745e-24
   6.9879823e+01   5.3838778e-24
   7.0040967e+01   5.3904725e-24
   7.0202482e+01   5.3970584e-24
   7.0364369e+01   5.4036353e-24
   7.0526630e+01   5.4102029e-24
   7.0689265e+01   5.4167609e-24
   7.0852275e+01   5.4233092e-24
   7.1015661e+01   5.4298475e-24
   7.1179423e+01   5.4363756e-24
   7.1343564e+01   5.4428932e-24
   7.1508083e+01   5.4494003e-24
   7.1672981e+01   5.4558964e-24
   7.1838259e+01   5.4623816e-24
   7.2003919e+01   5.4688555e-24
   7.2169960e+01   5.4753180e-24
   7.2336385e+01   5.4817688e-24
   7.2503193e+01   5.4882079e-24
   7.2670386e+01   5.4946349e-24
   7.2837964e+01   5.5010498e-24
   7.3005929e+01   5.5074524e-24
   7.3174282e+01   5.5138424e-24
   7.3343022e+01   5.5202198e-24
   7.3512152e+01   5.5265844e-24
   7.3681671e+01   5.5329360e-24
   7.3851582e+01   5.5392744e-24
   7.4021884e+01   5.5455996e-24
   7.4192579e+01   5.5519114e-24
   7.4363668e+01   5.5582095e-24
   7.4535151e+01   5.5644940e-24
   7.4707029e+01   5.5707646e-24
   7.4879304e+01   5.5770213e-24
   7.5051977e+01   5.5832639e-24
   7.5225047e+01   5.5894922e-24
   7.5398517e+01   5.5957062e-24
   7.5572386e+01   5.6019058e-24
   7.5746657e+01   5.6080907e-24
   7.5921329e+01   5.6142610e-24
   7.6096404e+01   5.6204165e-24
   7.6271883e+01   5.6265571e-24
   7.6447767e+01   5.6326827e-24
   7.6624056e+01   5.6387932e-24
   7.6800751e+01   5.6448885e-24
   7.6977855e+01   5.6509685e-24
   7.7155366e+01   5.6570331e-24
   7.7333287e+01   5.6630823e-24
   7.7511618e+01   5.6691159e-24
   7.7690361e+01   5.6751339e-24
   7.7869515e+01   5.6811361e-24
   7.8049083e+01   5.6871226e-24
   7.8229065e+01   5.6930932e-24
   7.8409461e+01   5.6990479e-24
   7.8590274e+01   5.7049865e-24
   7.8771504e+01   5.7109091e-24
   7.8953152e+01   5.7168155e-24
   7.9135218e+01   5.7227058e-24
   7.9317705e+01   5.7285797e-24
   7.9500612e+01   5.7344374e-24
   7.9683941e+01   5.7402786e-24
   7.9867693e+01   5.7461034e-24
   8.0051868e+01   5.7519118e-24
   8.0236468e+01   5.7577036e-24
   8.0421494e+01   5.7634788e-24
   8.0606947e+01   5.7692374e-24
   8.0792827e+01   5.7749793e-24
   8.0979136e+01   5.7807045e-24
   8.1165874e+01   5.7864130e-24
   8.1353044e+01   5.7921046e-24
   8.1540644e+01   5.7977795e-24
   8.1728678e+01   5.8034375e-24
   8.1917145e+01   5.8090785e-24
   8.2106046e+01   5.8147027e-24
   8.2295383e+01   5.8203099e-24
   8.2485157e+01   5.8259001e-24
   8.2675369e+01   5.8314733e-24
   8.2866019e+01   5.8370295e-24
   8.3057108e+01   5.8425687e-24
   8.3248639e+01   5.8480907e-24
   8.3440611e+01   5.8535957e-24
   8.3633025e+01   5.8590836e-24
   8.3825884e+01   5.8645543e-24
   8.4019187e+01   5.8700079e-24
   8.4212936e+01   5.8754443e-24
   8.4407131e+01   5.8808636e-24
   8.4601775e+01   5.8862657e-24
   8.4796867e+01   5.8916507e-24
   8.4992409e+01   5.8970184e-24
   8.5188403e+01   5.9023689e-24
   8.5384848e+01   5.9077023e-24
   8.5581746e+01   5.9130184e-24
   8.5779098e+01   5.9183173e-24
   8.5976905e+01   5.9235991e-24
   8.6175169e+01   5.9288636e-24
   8.6373889e+01   5.9341109e-24
   8.6573068e+01   5.9393410e-24
   8.6772706e+01   5.9445539e-24
   8.6972805e+01   5.9497496e-24
   8.7173365e+01   5.9549281e-24
   8.7374387e+01   5.9600895e-24
   8.7575873e+01   5.9652337e-24
   8.7777824e+01   5.9703607e-24
   8.7980240e+01   5.9754705e-24
   8.8183123e+01   5.9805632e-24
   8.8386474e+01   5.9856388e-24
   8.8590294e+01   5.9906973e-24
   8.8794584e+01   5.9957386e-24
   8.8999345e+01   6.0007629e-24
   8.9204578e+01   6.0057701e-24
   8.9410285e+01   6.0107603e-24
   8.9616465e+01   6.0157334e-24
   8.9823122e+01   6.0206895e-24
   9.0030254e+01   6.0256286e-24
   9.0237865e+01   6.0305507e-24
   9.0445954e+01   6.0354559e-24
   9.0654523e+01   6.0403441e-24
   9.0863573e+01   6.0452155e-24
   9.1073105e+01   6.0500699e-24
   9.1283120e+01   6.0549075e-24
   9.1493620e+01   6.0597282e-24
   9.1704605e+01   6.0645322e-24
   9.1916077e+01   6.0693193e-24
   9.2128036e+01   6.0740897e-24
   9.2340484e+01   6.0788434e-24
   9.2553422e+01   6.0835804e-24
   9.2766850e+01   6.0883007e-24
   9.2980771e+01   6.0930043e-24
   9.3195186e+01   6.0976914e-24
   9.3410095e+01   6.1023619e-24
   9.3625499e+01   6.1070158e-24
   9.3841400e+01   6.1116533e-24
   9.4057799e+01   6.1162742e-24
   9.4274697e+01   6.1208787e-24
   9.4492095e+01   6.1254668e-24
   9.4709995e+01   6.1300385e-24
   9.4928397e+01   6.1345939e-24
   9.5147302e+01   6.1391330e-24
   9.5366713e+01   6.1436558e-24
   9.5586629e+01   6.1481624e-24
   9.5807053e+01   6.1526528e-24
   9.6027984e+01   6.1571271e-24
   9.6249426e+01   6.1615852e-24
   9.6471378e+01   6.1660272e-24
   9.6693841e+01   6.1704533e-24
   9.6916818e+01   6.1748633e-24
   9.7140309e+01   6.1792573e-24
   9.7364315e+01   6.1836355e-24
   9.7588838e+01   6.1879978e-24
   9.7813879e+01   6.1923442e-24
   9.8039438e+01   6.1966749e-24
   9.8265518e+01   6.2009898e-24
   9.8492119e+01   6.2052890e-24
   9.8719243e+01   6.2095726e-24
   9.8946890e+01   6.2138405e-24
   9.9175062e+01   6.2180929e-24
   9.9403761e+01   6.2223297e-24
   9.9632987e+01   6.2265511e-24
   9.9862741e+01   6.2307570e-24
   1.0009303e+02   6.2349475e-24
   1.0032384e+02   6.2391227e-24
   1.0055519e+02   6.2432826e-24
   1.0078707e+02   6.2474272e-24
   1.0101948e+02   6.2515566e-24
   1.0125244e+02   6.2556709e-24
   1.0148593e+02   6.2597700e-24
   1.0171995e+02   6.2638541e-24
   1.0195452e+02   6.2679231e-24
   1.0218963e+02   6.2719772e-24
   1.0242528e+02   6.2760164e-24
   1.0266147e+02   6.2800407e-24
   1.0289821e+02   6.2840502e-24
   1.0313549e+02   6.2880449e-24
   1.0337332e+02   6.2920249e-24
   1.0361170e+02   6.2959902e-24
   1.0385063e+02   6.2999409e-24
   1.0409011e+02   6.3038770e-24
   1.0433015e+02   6.3077986e-24
   1.0457073e+02   6.3117057e-24
   1.0481187e+02   6.3155983e-24
   1.0505357e+02   6.3194767e-24
   1.0529582e+02   6.3233406e-24
   1.0553864e+02   6.3271904e-24
   1.0578201e+02   6.3310259e-24
   1.0602594e+02   6.3348472e-24
   1.0627044e+02   6.3386544e-24
   1.0651550e+02   6.3424476e-24
   1.0676113e+02   6.3462267e-24
   1.0700732e+02   6.3499919e-24
   1.0725408e+02   6.3537432e-24
   1.0750141e+02   6.3574806e-24
   1.0774931e+02   6.3612042e-24
   1.0799778e+02   6.3649141e-24
   1.0824682e+02   6.3686103e-24
   1.0849644e+02   6.3722928e-24
   1.0874663e+02   6.3759617e-24
   1.0899740e+02   6.3796171e-24
   1.0924875e+02   6.3832591e-24
   1.0950068e+02   6.3868876e-24
   1.0975319e+02   6.3905027e-24
   1.1000628e+02   6.3941045e-24
   1.1025996e+02   6.3976930e-24
   1.1051422e+02   6.4012683e-24
   1.1076906e+02   6.4048305e-24
   1.1102450e+02   6.4083795e-24
   1.1128052e+02   6.4119155e-24
   1.1153714e+02   6.4154385e-24
   1.1179434e+02   6.4189486e-24
   1.1205214e+02   6.4224458e-24
   1.1231053e+02   6.4259301e-24
   1.1256952e+02   6.4294016e-24
   1.1282911e+02   6.4328605e-24
   1.1308929e+02   6.4363066e-24
   1.1335008e+02   6.4397402e-24
   1.1361146e+02   6.4431612e-24
   1.1387345e+02   6.4465696e-24
   1.1413605e+02   6.4499657e-24
   1.1439924e+02   6.4533493e-24
   1.1466305e+02   6.4567206e-24
   1.1492746e+02   6.4600796e-24
   1.1519249e+02   6.4634264e-24
   1.1545812e+02   6.4667610e-24
   1.1572437e+02   6.4700835e-24
   1.1599123e+02   6.4733939e-24
   1.1625871e+02   6.4766923e-24
   1.1652680e+02   6.4799787e-24
   1.1679551e+02   6.4832533e-24
   1.1706484e+02   6.4865160e-24
   1.1733480e+02   6.4897669e-24
   1.1760537e+02   6.4930061e-24
   1.1787657e+02   6.4962336e-24
   1.1814839e+02   6.4994495e-24
   1.1842085e+02   6.5026538e-24
   1.1869392e+02   6.5058466e-24
   1.1896763e+02   6.5090280e-24
   1.1924197e+02   6.5121979e-24
   1.1951695e+02   6.5153565e-24
   1.1979255e+02   6.5185038e-24
   1.2006880e+02   6.5216399e-24
   1.2034568e+02   6.5247648e-24
   1.2062319e+02   6.5278786e-24
   1.2090135e+02   6.5309813e-24
   1.2118015e+02   6.5340730e-24
   1.2145959e+02   6.5371537e-24
   1.2173968e+02   6.5402235e-24
   1.2202041e+02   6.5432825e-24
   1.2230179e+02   6.5463307e-24
   1.2258382e+02   6.5493681e-24
   1.2286650e+02   6.5523949e-24
   1.2314983e+02   6.5554110e-24
   1.2343382e+02   6.5584166e-24
   1.2371846e+02   6.5614116e-24
   1.2400375e+02   6.5643962e-24
   1.2428971e+02   6.5673704e-24
   1.2457632e+02   6.5703343e-24
   1.2486359e+02   6.5732878e-24
   1.2515153e+02   6.5762311e-24
   1.2544013e+02   6.5791642e-24
   1.2572940e+02   6.5820872e-24
   1.2601933e+02   6.5850001e-24
   1.2630993e+02   6.5879030e-24
   1.2660120e+02   6.5907959e-24
   1.2689314e+02   6.5936789e-24
   1.2718576e+02   6.5965520e-24
   1.2747905e+02   6.5994154e-24
   1.2777302e+02   6.6022690e-24
   1.2806767e+02   6.6051129e-24
   1.2836299e+02   6.6079471e-24
   1.2865900e+02   6.6107718e-24
   1.2895569e+02   6.6135870e-24
   1.2925306e+02   6.6163927e-24
   1.2955112e+02   6.6191889e-24
   1.2984986e+02   6.6219758e-24
   1.3014930e+02   6.6247534e-24
   1.3044942e+02   6.6275217e-24
   1.3075024e+02   6.6302809e-24
   1.3105175e+02   6.6330308e-24
   1.3135396e+02   6.6357717e-24
   1.3165686e+02   6.6385035e-24
   1.3196046e+02   6.6412264e-24
   1.3226476e+02   6.6439403e-24
   1.3256977e+02   6.6466454e-24
   1.3287547e+02   6.6493416e-24
   1.3318189e+02   6.6520290e-24
   1.3348901e+02   6.6547078e-24
   1.3379683e+02   6.6573778e-24
   1.3410537e+02   6.6600393e-24
   1.3441462e+02   6.6626922e-24
   1.3472458e+02   6.6653366e-24
   1.3503525e+02   6.6679725e-24
   1.3534665e+02   6.6706001e-24
   1.3565876e+02   6.6732193e-24
   1.3597159e+02   6.6758302e-24
   1.3628514e+02   6.6784329e-24
   1.3659941e+02   6.6810274e-24
   1.3691441e+02   6.6836138e-24
   1.3723014e+02   6.6861921e-24
   1.3754659e+02   6.6887624e-24
   1.3786377e+02   6.6913247e-24
   1.3818169e+02   6.6938790e-24
   1.3850034e+02   6.6964256e-24
   1.3881972e+02   6.6989643e-24
   1.3913984e+02   6.7014952e-24
   1.3946070e+02   6.7040185e-24
   1.3978229e+02   6.7065340e-24
   1.4010463e+02   6.7090420e-24
   1.4042772e+02   6.7115425e-24
   1.4075154e+02   6.7140354e-24
   1.4107612e+02   6.7165209e-24
   1.4140144e+02   6.7189990e-24
   1.4172751e+02   6.7214697e-24
   1.4205434e+02   6.7239332e-24
   1.4238192e+02   6.7263894e-24
   1.4271025e+02   6.7288385e-24
   1.4303934e+02   6.7312804e-24
   1.4336919e+02   6.7337152e-24
   1.4369980e+02   6.7361430e-24
   1.4403117e+02   6.7385638e-24
   1.4436331e+02   6.7409777e-24
   1.4469621e+02   6.7433848e-24
   1.4502988e+02   6.7457850e-24
   1.4536432e+02   6.7481784e-24
   1.4569954e+02   6.7505651e-24
   1.4603552e+02   6.7529451e-24
   1.4637228e+02   6.7553185e-24
   1.4670981e+02   6.7576854e-24
   1.4704813e+02   6.7600457e-24
   1.4738722e+02   6.7623996e-24
   1.4772710e+02   6.7647471e-24
   1.4806776e+02   6.7670881e-24
   1.4840920e+02   6.7694229e-24
   1.4875144e+02   6.7717514e-24
   1.4909446e+02   6.7740737e-24
   1.4943827e+02   6.7763899e-24
   1.4978288e+02   6.7786999e-24
   1.5012828e+02   6.7810039e-24
   1.5047447e+02   6.7833019e-24
   1.5082147e+02   6.7855939e-24
   1.5116927e+02   6.7878800e-24
   1.5151786e+02   6.7901602e-24
   1.5186726e+02   6.7924346e-24
   1.5221747e+02   6.7947033e-24
   1.5256849e+02   6.7969663e-24
   1.5292031e+02   6.7992236e-24
   1.5327295e+02   6.8014753e-24
   1.5362639e+02   6.8037214e-24
   1.5398066e+02   6.8059620e-24
   1.5433574e+02   6.8081972e-24
   1.5469164e+02   6.8104270e-24
   1.5504836e+02   6.8126514e-24
   1.5540590e+02   6.8148705e-24
   1.5576427e+02   6.8170843e-24
   1.5612346e+02   6.8192929e-24
   1.5648348e+02   6.8214963e-24
   1.5684434e+02   6.8236947e-24
   1.5720602e+02   6.8258880e-24
   1.5756854e+02   6.8280762e-24
   1.5793189e+02   6.8302595e-24
   1.5829608e+02   6.8324379e-24
   1.5866112e+02   6.8346114e-24
   1.5902699e+02   6.8367800e-24
   1.5939371e+02   6.8389440e-24
   1.5976127e+02   6.8411031e-24
   1.6012968e+02   6.8432577e-24
   1.6049894e+02   6.8454075e-24
   1.6086905e+02   6.8475529e-24
   1.6124002e+02   6.8496936e-24
   1.6161184e+02   6.8518299e-24
   1.6198452e+02   6.8539618e-24
   1.6235805e+02   6.8560893e-24
   1.6273245e+02   6.8582125e-24
   1.6310772e+02   6.8603313e-24
   1.6348384e+02   6.8624459e-24
   1.6386084e+02   6.8645564e-24
   1.6423870e+02   6.8666627e-24
   1.6461744e+02   6.8687649e-24
   1.6499705e+02   6.8708630e-24
   1.6537753e+02   6.8729572e-24
   1.6575889e+02   6.8750474e-24
   1.6614114e+02   6.8771336e-24
   1.6652426e+02   6.8792161e-24
   1.6690826e+02   6.8812947e-24
   1.6729316e+02   6.8833696e-24
   1.6767894e+02   6.8854407e-24
   1.6806560e+02   6.8875082e-24
   1.6845316e+02   6.8895721e-24
   1.6884162e+02   6.8916324e-24
   1.6923097e+02   6.8936892e-24
   1.6962122e+02   6.8957424e-24
   1.7001236e+02   6.8977923e-24
   1.7040441e+02   6.8998388e-24
   1.7079737e+02   6.9018819e-24
   1.7119123e+02   6.9039218e-24
   1.7158600e+02   6.9059584e-24
   1.7198168e+02   6.9079918e-24
   1.7237827e+02   6.9100221e-24
   1.7277577e+02   6.9120493e-24
   1.7317419e+02   6.9140734e-24
   1.7357354e+02   6.9160945e-24
   1.7397380e+02   6.9181126e-24
   1.7437498e+02   6.9201279e-24
   1.7477709e+02   6.9221402e-24
   1.7518013e+02   6.9241498e-24
   1.7558410e+02   6.9261565e-24
   1.7598899e+02   6.9281606e-24
   1.7639483e+02   6.9301619e-24
   1.7680159e+02   6.9321606e-24
   1.7720930e+02   6.9341568e-24
   1.7761795e+02   6.9361503e-24
   1.7802753e+02   6.9381414e-24
   1.7843807e+02   6.9401301e-24
   1.7884955e+02   6.9421163e-24
   1.7926198e+02   6.9441002e-24
   1.7967535e+02   6.9460817e-24
   1.8008969e+02   6.9480610e-24
   1.8050498e+02   6.9500381e-24
   1.8092122e+02   6.9520130e-24
   1.8133843e+02   6.9539858e-24
   1.8175659e+02   6.9559564e-24
   1.8217573e+02   6.9579251e-24
   1.8259583e+02   6.9598917e-24
   1.8301689e+02   6.9618565e-24
   1.8343893e+02   6.9638193e-24
   1.8386194e+02   6.9657802e-24
   1.8428593e+02   6.9677394e-24
   1.8471089e+02   6.9696967e-24
   1.8513684e+02   6.9716524e-24
   1.8556377e+02   6.9736064e-24
   1.8599168e+02   6.9755588e-24
   1.8642058e+02   6.9775096e-24
   1.8685046e+02   6.9794588e-24
   1.8728134e+02   6.9814066e-24
   1.8771321e+02   6.9833529e-24
   1.8814608e+02   6.9852978e-24
   1.8857995e+02   6.9872414e-24
   1.8901482e+02   6.9891836e-24
   1.8945068e+02   6.9911246e-24
   1.8988756e+02   6.9930644e-24
   1.9032544e+02   6.9950030e-24
   1.9076433e+02   6.9969404e-24
   1.9120424e+02   6.9988768e-24
   1.9164516e+02   7.0008122e-24
   1.9208709e+02   7.0027465e-24
   1.9253005e+02   7.0046799e-24
   1.9297402e+02   7.0066124e-24
   1.9341902e+02   7.0085441e-24
   1.9386505e+02   7.0104749e-24
   1.9431210e+02   7.0124050e-24
   1.9476019e+02   7.0143343e-24
   1.9520930e+02   7.0162630e-24
   1.9565946e+02   7.0181910e-24
   1.9611065e+02   7.0201185e-24
   1.9656288e+02   7.0220454e-24
   1.9701616e+02   7.0239718e-24
   1.9747048e+02   7.0258977e-24
   1.9792585e+02   7.0278233e-24
   1.9838227e+02   7.0297484e-24
   1.9883974e+02   7.0316733e-24
   1.9929826e+02   7.0335979e-24
   1.9975785e+02   7.0355222e-24
   2.0021849e+02   7.0374464e-24
   2.0068020e+02   7.0393704e-24
   2.0114297e+02   7.0412944e-24
   2.0160680e+02   7.0432183e-24
   2.0207171e+02   7.0451421e-24
   2.0253769e+02   7.0470661e-24
   2.0300474e+02   7.0489901e-24
   2.0347287e+02   7.0509142e-24
   2.0394208e+02   7.0528385e-24
   2.0441237e+02   7.0547630e-24
   2.0488375e+02   7.0566878e-24
   2.0535621e+02   7.0586129e-24
   2.0582977e+02   7.0605383e-24
   2.0630441e+02   7.0624641e-24
   2.0678015e+02   7.0643904e-24
   2.0725699e+02   7.0663172e-24
   2.0773492e+02   7.0682445e-24
   2.0821396e+02   7.0701723e-24
   2.0869411e+02   7.0721008e-24
   2.0917536e+02   7.0740300e-24
   2.0965772e+02   7.0759598e-24
   2.1014119e+02   7.0778904e-24
   2.1062578e+02   7.0798218e-24
   2.1111148e+02   7.0817541e-24
   2.1159831e+02   7.0836872e-24
   2.1208625e+02   7.0856213e-24
   2.1257533e+02   7.0875563e-24
   2.1306553e+02   7.0894924e-24
   2.1355686e+02   7.0914295e-24
   2.1404932e+02   7.0933677e-24
   2.1454292e+02   7.0953071e-24
   2.1503766e+02   7.0972477e-24
   2.1553354e+02   7.0991895e-24
   2.1603056e+02   7.1011326e-24
   2.1652873e+02   7.1030770e-24
   2.1702804e+02   7.1050229e-24
   2.1752851e+02   7.1069701e-24
   2.1803013e+02   7.1089188e-24
   2.1853291e+02   7.1108690e-24
   2.1903685e+02   7.1128208e-24
   2.1954195e+02   7.1147742e-24
   2.2004822e+02   7.1167292e-24
   2.2055565e+02   7.1186859e-24
   2.2106425e+02   7.1206443e-24
   2.2157403e+02   7.1226045e-24
   2.2208498e+02   7.1245666e-24
   2.2259711e+02   7.1265305e-24
   2.2311042e+02   7.1284963e-24
   2.2362491e+02   7.1304641e-24
   2.2414060e+02   7.1324338e-24
   2.2465747e+02   7.1344057e-24
   2.2517553e+02   7.1363796e-24
   2.2569478e+02   7.1383556e-24
   2.2621524e+02   7.1403339e-24
   2.2673689e+02   7.1423143e-24
   2.2725975e+02   7.1442970e-24
   2.2778381e+02   7.1462821e-24
   2.2830908e+02   7.1482695e-24
   2.2883556e+02   7.1502593e-24
   2.2936326e+02   7.1522515e-24
   2.2989217e+02   7.1542463e-24
   2.3042231e+02   7.1562436e-24
   2.3095366e+02   7.1582435e-24
   2.3148624e+02   7.1602460e-24
   2.3202005e+02   7.1622511e-24
   2.3255509e+02   7.1642590e-24
   2.3309137e+02   7.1662697e-24
   2.3362888e+02   7.1682832e-24
   2.3416763e+02   7.1702995e-24
   2.3470762e+02   7.1723187e-24
   2.3524886e+02   7.1743409e-24
   2.3579134e+02   7.1763661e-24
   2.3633508e+02   7.1783943e-24
   2.3688007e+02   7.1804256e-24
   2.3742632e+02   7.1824600e-24
   2.3797382e+02   7.1844976e-24
   2.3852259e+02   7.1865384e-24
   2.3907263e+02   7.1885824e-24
   2.3962393e+02   7.1906298e-24
   2.4017651e+02   7.1926805e-24
   2.4073036e+02   7.1947346e-24
   2.4128548e+02   7.1967922e-24
   2.4184189e+02   7.1988533e-24
   2.4239958e+02   7.2009178e-24
   2.4295855e+02   7.2029860e-24
   2.4351882e+02   7.2050578e-24
   2.4408037e+02   7.2071333e-24
   2.4464322e+02   7.2092125e-24
   2.4520737e+02   7.2112954e-24
   2.4577282e+02   7.2133822e-24
   2.4633958e+02   7.2154728e-24
   2.4690764e+02   7.2175673e-24
   2.4747701e+02   7.2196658e-24
   2.4804769e+02   7.2217683e-24
   2.4861969e+02   7.2238748e-24
   2.4919301e+02   7.2259853e-24
   2.4976765e+02   7.2281001e-24
   2.5034362e+02   7.2302190e-24
   2.5092091e+02   7.2323421e-24
   2.5149954e+02   7.2344695e-24
   2.5207950e+02   7.2366012e-24
   2.5266080e+02   7.2387372e-24
   2.5324343e+02   7.2408777e-24
   2.5382742e+02   7.2430226e-24
   2.5441274e+02   7.2451721e-24
   2.5499942e+02   7.2473261e-24
   2.5558745e+02   7.2494846e-24
   2.5617684e+02   7.2516479e-24
   2.5676758e+02   7.2538158e-24
   2.5735969e+02   7.2559884e-24
   2.5795317e+02   7.2581658e-24
   2.5854801e+02   7.2603481e-24
   2.5914422e+02   7.2625352e-24
   2.5974181e+02   7.2647272e-24
   2.6034078e+02   7.2669243e-24
   2.6094112e+02   7.2691263e-24
   2.6154286e+02   7.2713334e-24
   2.6214598e+02   7.2735456e-24
   2.6275049e+02   7.2757630e-24
   2.6335639e+02   7.2779855e-24
   2.6396369e+02   7.2802134e-24
   2.6457240e+02   7.2824465e-24
   2.6518250e+02   7.2846849e-24
   2.6579401e+02   7.2869288e-24
   2.6640694e+02   7.2891781e-24
   2.6702127e+02   7.2914329e-24
   2.6763703e+02   7.2936932e-24
   2.6825420e+02   7.2959591e-24
   2.6887280e+02   7.2982307e-24
   2.6949282e+02   7.3005079e-24
   2.7011427e+02   7.3027909e-24
   2.7073716e+02   7.3050796e-24
   2.7136148e+02   7.3073741e-24
   2.7198724e+02   7.3096746e-24
   2.7261444e+02   7.3119809e-24
   2.7324310e+02   7.3142932e-24
   2.7387320e+02   7.3166115e-24
   2.7450475e+02   7.3189359e-24
   2.7513776e+02   7.3212664e-24
   2.7577223e+02   7.3236031e-24
   2.7640816e+02   7.3259460e-24
   2.7704556e+02   7.3282951e-24
   2.7768443e+02   7.3306506e-24
   2.7832477e+02   7.3330124e-24
   2.7896659e+02   7.3353806e-24
   2.7960989e+02   7.3377553e-24
   2.8025467e+02   7.3401364e-24
   2.8090094e+02   7.3425241e-24
   2.8154870e+02   7.3449185e-24
   2.8219796e+02   7.3473194e-24
   2.8284871e+02   7.3497271e-24
   2.8350096e+02   7.3521415e-24
   2.8415471e+02   7.3545627e-24
   2.8480998e+02   7.3569908e-24
   2.8546675e+02   7.3594257e-24
   2.8612504e+02   7.3618677e-24
   2.8678485e+02   7.3643166e-24
   2.8744617e+02   7.3667725e-24
   2.8810903e+02   7.3692356e-24
   2.8877341e+02   7.3717057e-24
   2.8943932e+02   7.3741831e-24
   2.9010677e+02   7.3766678e-24
   2.9077576e+02   7.3791597e-24
   2.9144629e+02   7.3816590e-24
   2.9211837e+02   7.3841656e-24
   2.9279200e+02   7.3866798e-24
   2.9346718e+02   7.3892014e-24
   2.9414391e+02   7.3917306e-24
   2.9482221e+02   7.3942673e-24
   2.9550207e+02   7.3968117e-24
   2.9618350e+02   7.3993639e-24
   2.9686651e+02   7.4019237e-24
   2.9755108e+02   7.4044914e-24
   2.9823724e+02   7.4070669e-24
   2.9892498e+02   7.4096503e-24
   2.9961430e+02   7.4122417e-24
   3.0030521e+02   7.4148411e-24
   3.0099772e+02   7.4174486e-24
   3.0169182e+02   7.4200641e-24
   3.0238752e+02   7.4226879e-24
   3.0308483e+02   7.4253198e-24
   3.0378375e+02   7.4279600e-24
   3.0448428e+02   7.4306085e-24
   3.0518642e+02   7.4332654e-24
   3.0589018e+02   7.4359307e-24
   3.0659557e+02   7.4386045e-24
   3.0730258e+02   7.4412868e-24
   3.0801122e+02   7.4439777e-24
   3.0872150e+02   7.4466772e-24
   3.0943341e+02   7.4493854e-24
   3.1014697e+02   7.4521023e-24
   3.1086217e+02   7.4548281e-24
   3.1157902e+02   7.4575626e-24
   3.1229752e+02   7.4603061e-24
   3.1301768e+02   7.4630585e-24
   3.1373950e+02   7.4658199e-24
   3.1446299e+02   7.4685904e-24
   3.1518814e+02   7.4713699e-24
   3.1591497e+02   7.4741587e-24
   3.1664347e+02   7.4769566e-24
   3.1737365e+02   7.4797638e-24
   3.1810552e+02   7.4825803e-24
   3.1883907e+02   7.4854062e-24
   3.1957432e+02   7.4882416e-24
   3.2031126e+02   7.4910864e-24
   3.2104990e+02   7.4939407e-24
   3.2179024e+02   7.4968047e-24
   3.2253229e+02   7.4996782e-24
   3.2327606e+02   7.5025615e-24
   3.2402153e+02   7.5054546e-24
   3.2476873e+02   7.5083574e-24
   3.2551765e+02   7.5112701e-24
   3.2626829e+02   7.5141927e-24
   3.2702067e+02   7.5171253e-24
   3.2777478e+02   7.5200680e-24
   3.2853063e+02   7.5230207e-24
   3.2928823e+02   7.5259835e-24
   3.3004757e+02   7.5289566e-24
   3.3080866e+02   7.5319399e-24
   3.3157151e+02   7.5349334e-24
   3.3233612e+02   7.5379374e-24
   3.3310249e+02   7.5409518e-24
   3.3387062e+02   7.5439766e-24
   3.3464053e+02   7.5470120e-24
   3.3541221e+02   7.5500579e-24
   3.3618568e+02   7.5531145e-24
   3.3696092e+02   7.5561818e-24
   3.3773796e+02   7.5592599e-24
   3.3851679e+02   7.5623487e-24
   3.3929741e+02   7.5654485e-24
   3.4007983e+02   7.5685591e-24
   3.4086406e+02   7.5716807e-24
   3.4165009e+02   7.5748134e-24
   3.4243794e+02   7.5779572e-24
   3.4322760e+02   7.5811121e-24
   3.4401909e+02   7.5842782e-24
   3.4481240e+02   7.5874556e-24
   3.4560754e+02   7.5906443e-24
   3.4640451e+02   7.5938444e-24
   3.4720333e+02   7.5970559e-24
   3.4800398e+02   7.6002789e-24
   3.4880648e+02   7.6035135e-24
   3.4961083e+02   7.6067597e-24
   3.5041703e+02   7.6100176e-24
   3.5122510e+02   7.6132872e-24
   3.5203503e+02   7.6165685e-24
   3.5284682e+02   7.6198618e-24
   3.5366049e+02   7.6231669e-24
   3.5447603e+02   7.6264840e-24
   3.5529346e+02   7.6298132e-24
   3.5611277e+02   7.6331544e-24
   3.5693397e+02   7.6365077e-24
   3.5775706e+02   7.6398733e-24
   3.5858205e+02   7.6432511e-24
   3.5940894e+02   7.6466413e-24
   3.6023774e+02   7.6500438e-24
   3.6106845e+02   7.6534588e-24
   3.6190108e+02   7.6568862e-24
   3.6273563e+02   7.6603263e-24
   3.6357210e+02   7.6637789e-24
   3.6441050e+02   7.6672443e-24
   3.6525083e+02   7.6707224e-24
   3.6609310e+02   7.6742132e-24
   3.6693731e+02   7.6777170e-24
   3.6778347e+02   7.6812337e-24
   3.6863159e+02   7.6847633e-24
   3.6948165e+02   7.6883060e-24
   3.7033368e+02   7.6918619e-24
   3.7118767e+02   7.6954308e-24
   3.7204364e+02   7.6990131e-24
   3.7290157e+02   7.7026086e-24
   3.7376148e+02   7.7062175e-24
   3.7462338e+02   7.7098398e-24
   3.7548727e+02   7.7134755e-24
   3.7635314e+02   7.7171249e-24
   3.7722102e+02   7.7207878e-24
   3.7809089e+02   7.7244644e-24
   3.7896277e+02   7.7281547e-24
   3.7983666e+02   7.7318588e-24
   3.8071257e+02   7.7355768e-24
   3.8159049e+02   7.7393087e-24
   3.8247044e+02   7.7430546e-24
   3.8335242e+02   7.7468145e-24
   3.8423644e+02   7.7505885e-24
   3.8512249e+02   7.7543767e-24
   3.8601059e+02   7.7581792e-24
   3.8690073e+02   7.7619959e-24
   3.8779292e+02   7.7658271e-24
   3.8868718e+02   7.7696726e-24
   3.8958349e+02   7.7735327e-24
   3.9048188e+02   7.7774073e-24
   3.9138233e+02   7.7812965e-24
   3.9228486e+02   7.7852005e-24
   3.9318947e+02   7.7891192e-24
   3.9409617e+02   7.7930527e-24
   3.9500496e+02   7.7970011e-24
   3.9591584e+02   7.8009644e-24
   3.9682883e+02   7.8049428e-24
   3.9774392e+02   7.8089363e-24
   3.9866112e+02   7.8129449e-24
   3.9958044e+02   7.8169687e-24
   4.0050187e+02   7.8210078e-24
   4.0142543e+02   7.8250623e-24
   4.0235112e+02   7.8291322e-24
   4.0327895e+02   7.8332176e-24
   4.0420891e+02   7.8373186e-24
   4.0514102e+02   7.8414351e-24
   4.0607528e+02   7.8455674e-24
   4.0701169e+02   7.8497154e-24
   4.0795026e+02   7.8538793e-24
   4.0889100e+02   7.8580590e-24
   4.0983390e+02   7.8622548e-24
   4.1077898e+02   7.8664665e-24
   4.1172624e+02   7.8706944e-24
   4.1267569e+02   7.8749385e-24
   4.1362732e+02   7.8791988e-24
   4.1458115e+02   7.8834754e-24
   4.1553718e+02   7.8877684e-24
   4.1649541e+02   7.8920779e-24
   4.1745585e+02   7.8964039e-24
   4.1841851e+02   7.9007466e-24
   4.1938338e+02   7.9051059e-24
   4.2035048e+02   7.9094820e-24
   4.2131982e+02   7.9138749e-24
   4.2229138e+02   7.9182847e-24
   4.2326519e+02   7.9227115e-24
   4.2424124e+02   7.9271554e-24
   4.2521955e+02   7.9316164e-24
   4.2620010e+02   7.9360946e-24
   4.2718293e+02   7.9405902e-24
   4.2816801e+02   7.9451031e-24
   4.2915537e+02   7.9496334e-24
   4.3014501e+02   7.9541814e-24
   4.3113692e+02   7.9587469e-24
   4.3213113e+02   7.9633302e-24
   4.3312763e+02   7.9679312e-24
   4.3412642e+02   7.9725502e-24
   4.3512752e+02   7.9771872e-24
   4.3613093e+02   7.9818422e-24
   4.3713665e+02   7.9865155e-24
   4.3814469e+02   7.9912070e-24
   4.3915506e+02   7.9959169e-24
   4.4016775e+02   8.0006454e-24
   4.4118278e+02   8.0053924e-24
   4.4220015e+02   8.0101583e-24
   4.4321987e+02   8.0149430e-24
   4.4424194e+02   8.0197467e-24
   4.4526636e+02   8.0245696e-24
   4.4629315e+02   8.0294119e-24
   4.4732231e+02   8.0342737e-24
   4.4835383e+02   8.0391552e-24
   4.4938774e+02   8.0440567e-24
   4.5042403e+02   8.0489784e-24
   4.5146271e+02   8.0539205e-24
   4.5250379e+02   8.0588834e-24
   4.5354727e+02   8.0638675e-24
   4.5459315e+02   8.0688732e-24
   4.5564145e+02   8.0739009e-24
   4.5669216e+02   8.0789514e-24
   4.5774529e+02   8.0840253e-24
   4.5880086e+02   8.0891236e-24
   4.5985886e+02   8.0942473e-24
   4.6091930e+02   8.0993979e-24
   4.6198218e+02   8.1045772e-24
   4.6304751e+02   8.1097877e-24
   4.6411530e+02   8.1150324e-24
   4.6518556e+02   8.1203158e-24
   4.6625828e+02   8.1256437e-24
   4.6733347e+02   8.1310249e-24
   4.6841115e+02   8.1364716e-24
   4.6949131e+02   8.1420032e-24
   4.7057396e+02   8.1476495e-24
   4.7165911e+02   8.1534607e-24
   4.7274676e+02   8.1595246e-24
   4.7383691e+02   8.1660081e-24
   4.7492958e+02   8.1732608e-24
   4.7602478e+02   8.1821220e-24
   4.7712249e+02   8.1950537e-24
   4.7822274e+02   8.2221491e-24
   4.7932553e+02   8.3478581e-24
   4.8043085e+02   4.1293274e-23
   4.8153873e+02   8.3331662e-24
   4.8264916e+02   8.2395070e-24
   4.8376216e+02   8.2259074e-24
   4.8487772e+02   8.2246937e-24
   4.8599585e+02   8.2271262e-24
   4.8711656e+02   8.2310144e-24
   4.8823985e+02   8.2356025e-24
   4.8936574e+02   8.2405738e-24
   4.9049422e+02   8.2457767e-24
   4.9162530e+02   8.2511314e-24
   4.9275899e+02   8.2565927e-24
   4.9389530e+02   8.2621335e-24
   4.9503423e+02   8.2677367e-24
   4.9617578e+02   8.2733911e-24
   4.9731996e+02   8.2790892e-24
   4.9846679e+02   8.2848259e-24
   4.9961626e+02   8.2905973e-24
   5.0076837e+02   8.2964009e-24
   5.0192315e+02   8.3022346e-24
   5.0308059e+02   8.3080971e-24
   5.0424070e+02   8.3139872e-24
   5.0540348e+02   8.3199040e-24
   5.0656894e+02   8.3258469e-24
   5.0773710e+02   8.3318155e-24
   5.0890794e+02   8.3378094e-24
   5.1008149e+02   8.3438283e-24
   5.1125774e+02   8.3498719e-24
   5.1243670e+02   8.3559401e-24
   5.1361839e+02   8.3620327e-24
   5.1480279e+02   8.3681498e-24
   5.1598993e+02   8.3742911e-24
   5.1717981e+02   8.3804567e-24
   5.1837243e+02   8.3866466e-24
   5.1956780e+02   8.3928607e-24
   5.2076593e+02   8.3990991e-24
   5.2196682e+02   8.4053617e-24
   5.2317048e+02   8.4116486e-24
   5.2437691e+02   8.4179599e-24
   5.2558613e+02   8.4242955e-24
   5.2679814e+02   8.4306556e-24
   5.2801294e+02   8.4370401e-24
   5.2923054e+02   8.4434492e-24
   5.3045095e+02   8.4498828e-24
   5.3167417e+02   8.4563411e-24
   5.3290022e+02   8.4628241e-24
   5.3412909e+02   8.4693318e-24
   5.3536079e+02   8.4758644e-24
   5.3659534e+02   8.4824219e-24
   5.3783273e+02   8.4890044e-24
   5.3907298e+02   8.4956120e-24
   5.4031609e+02   8.5022447e-24
   5.4156206e+02   8.5089026e-24
   5.4281090e+02   8.5155858e-24
   5.4406263e+02   8.5222943e-24
   5.4531724e+02   8.5290283e-24
   5.4657475e+02   8.5357878e-24
   5.4783515e+02   8.5425729e-24
   5.4909847e+02   8.5493837e-24
   5.5036469e+02   8.5562203e-24
   5.5163384e+02   8.5630827e-24
   5.5290591e+02   8.5699710e-24
   5.5418091e+02   8.5768853e-24
   5.5545886e+02   8.5838257e-24
   5.5673975e+02   8.5907923e-24
   5.5802360e+02   8.5977852e-24
   5.5931040e+02   8.6048044e-24
   5.6060018e+02   8.6118500e-24
   5.6189293e+02   8.6189222e-24
   5.6318866e+02   8.6260209e-24
   5.6448737e+02   8.6331463e-24
   5.6578909e+02   8.6402985e-24
   5.6709380e+02   8.6474776e-24
   5.6840152e+02   8.6546836e-24
   5.6971226e+02   8.6619166e-24
   5.7102602e+02   8.6691768e-24
   5.7234281e+02   8.6764641e-24
   5.7366264e+02   8.6837787e-24
   5.7498551e+02   8.6911208e-24
   5.7631143e+02   8.6984903e-24
   5.7764041e+02   8.7058873e-24
   5.7897245e+02   8.7133120e-24
   5.8030757e+02   8.7207644e-24
   5.8164576e+02   8.7282447e-24
   5.8298704e+02   8.7357528e-24
   5.8433141e+02   8.7432890e-24
   5.8567889e+02   8.7508532e-24
   5.8702947e+02   8.7584456e-24
   5.8838316e+02   8.7660663e-24
   5.8973998e+02   8.7737153e-24
   5.9109992e+02   8.7813928e-24
   5.9246300e+02   8.7890988e-24
   5.9382923e+02   8.7968335e-24
   5.9519860e+02   8.8045969e-24
   5.9657113e+02   8.8123890e-24
   5.9794683e+02   8.8202101e-24
   5.9932570e+02   8.8280602e-24
   6.0070775e+02   8.8359393e-24
   6.0209299e+02   8.8438477e-24
   6.0348142e+02   8.8517852e-24
   6.0487305e+02   8.8597522e-24
   6.0626789e+02   8.8677486e-24
   6.0766595e+02   8.8757745e-24
   6.0906723e+02   8.8838301e-24
   6.1047175e+02   8.8919154e-24
   6.1187950e+02   8.9000305e-24
   6.1329050e+02   8.9081755e-24
   6.1470475e+02   8.9163505e-24
   6.1612226e+02   8.9245556e-24
   6.1754305e+02   8.9327909e-24
   6.1896711e+02   8.9410565e-24
   6.2039445e+02   8.9493525e-24
   6.2182508e+02   8.9576789e-24
   6.2325902e+02   8.9660359e-24
   6.2469626e+02   8.9744235e-24
   6.2613681e+02   8.9828419e-24
   6.2758069e+02   8.9912912e-24
   6.2902789e+02   8.9997714e-24
   6.3047844e+02   9.0082826e-24
   6.3193232e+02   9.0168249e-24
   6.3338957e+02   9.0253985e-24
   6.3485017e+02   9.0340034e-24
   6.3631414e+02   9.0426397e-24
   6.3778148e+02   9.0513075e-24
   6.3925221e+02   9.0600069e-24
   6.4072633e+02   9.0687380e-24
   6.4220385e+02   9.0775009e-24
   6.4368478e+02   9.0862957e-24
   6.4516912e+02   9.0951225e-24
   6.4665688e+02   9.1039813e-24
   6.4814808e+02   9.1128724e-24
   6.4964271e+02   9.1217957e-24
   6.5114080e+02   9.1307514e-24
   6.5264233e+02   9.1397395e-24
   6.5414733e+02   9.1487603e-24
   6.5565580e+02   9.1578136e-24
   6.5716775e+02   9.1668998e-24
   6.5868318e+02   9.1760188e-24
   6.6020211e+02   9.1851707e-24
   6.6172454e+02   9.1943558e-24
   6.6325048e+02   9.2035739e-24
   6.6477994e+02   9.2128253e-24
   6.6631293e+02   9.2221101e-24
   6.6784945e+02   9.2314283e-24
   6.6938952e+02   9.2407800e-24
   6.7093314e+02   9.2501654e-24
   6.7248031e+02   9.2595845e-24
   6.7403106e+02   9.2690374e-24
   6.7558538e+02   9.2785243e-24
   6.7714328e+02   9.2880452e-24
   6.7870478e+02   9.2976003e-24
   6.8026988e+02   9.3071896e-24
   6.8183859e+02   9.3168132e-24
   6.8341091e+02   9.3264713e-24
   6.8498686e+02   9.3361639e-24
   6.8656645e+02   9.3458911e-24
   6.8814967e+02   9.3556531e-24
   6.8973655e+02   9.3654499e-24
   6.9132709e+02   9.3752816e-24
   6.9292130e+02   9.3851484e-24
   6.9451918e+02   9.3950503e-24
   6.9612074e+02   9.4049874e-24
   6.9772600e+02   9.4149599e-24
   6.9933497e+02   9.4249678e-24
   7.0094764e+02   9.4350112e-24
   7.0256403e+02   9.4450903e-24
   7.0418415e+02   9.4552051e-24
   7.0580800e+02   9.4653558e-24
   7.0743560e+02   9.4755424e-24
   7.0906695e+02   9.4857651e-24
   7.1070206e+02   9.4960239e-24
   7.1234095e+02   9.5063189e-24
   7.1398361e+02   9.5166504e-24
   7.1563006e+02   9.5270182e-24
   7.1728031e+02   9.5374227e-24
   7.1893437e+02   9.5478638e-24
   7.2059223e+02   9.5583416e-24
   7.2225393e+02   9.5688563e-24
   7.2391945e+02   9.5794080e-24
   7.2558881e+02   9.5899968e-24
   7.2726203e+02   9.6006228e-24
   7.2893910e+02   9.6112860e-24
   7.3062004e+02   9.6219866e-24
   7.3230485e+02   9.6327247e-24
   7.3399355e+02   9.6435004e-24
   7.3568615e+02   9.6543138e-24
   7.3738265e+02   9.6651650e-24
   7.3908306e+02   9.6760541e-24
   7.4078739e+02   9.6869812e-24
   7.4249565e+02   9.6979464e-24
   7.4420785e+02   9.7089499e-24
   7.4592400e+02   9.7199917e-24
   7.4764410e+02   9.7310719e-24
   7.4936818e+02   9.7421906e-24
   7.5109623e+02   9.7533480e-24
   7.5282826e+02   9.7645441e-24
   7.5456429e+02   9.7757791e-24
   7.5630432e+02   9.7870531e-24
   7.5804836e+02   9.7983661e-24
   7.5979643e+02   9.8097183e-24
   7.6154852e+02   9.8211097e-24
   7.6330466e+02   9.8325406e-24
   7.6506485e+02   9.8440109e-24
   7.6682909e+02   9.8555209e-24
   7.6859741e+02   9.8670705e-24
   7.7036980e+02   9.8786600e-24
   7.7214628e+02   9.8902893e-24
   7.7392685e+02   9.9019587e-24
   7.7571153e+02   9.9136683e-24
   7.7750033e+02   9.9254181e-24
   7.7929325e+02   9.9372082e-24
   7.8109031e+02   9.9490388e-24
   7.8289151e+02   9.9609099e-24
   7.8469686e+02   9.9728218e-24
   7.8650638e+02   9.9847744e-24
   7.8832007e+02   9.9967679e-24
   7.9013794e+02   1.0008802e-23
   7.9196000e+02   1.0020878e-23
   7.9378627e+02   1.0032995e-23
   7.9561675e+02   1.0045153e-23
   7.9745144e+02   1.0057353e-23
   7.9929037e+02   1.0069594e-23
   8.0113354e+02   1.0081877e-23
   8.0298096e+02   1.0094201e-23
   8.0483264e+02   1.0106568e-23
   8.0668859e+02   1.0118976e-23
   8.0854882e+02   1.0131426e-23
   8.1041334e+02   1.0143919e-23
   8.1228216e+02   1.0156454e-23
   8.1415529e+02   1.0169032e-23
   8.1603274e+02   1.0181652e-23
   8.1791452e+02   1.0194314e-23
   8.1980064e+02   1.0207020e-23
   8.2169110e+02   1.0219768e-23
   8.2358593e+02   1.0232559e-23
   8.2548512e+02   1.0245394e-23
   8.2738870e+02   1.0258271e-23
   8.2929666e+02   1.0271192e-23
   8.3120903e+02   1.0284156e-23
   8.3312580e+02   1.0297164e-23
   8.3504700e+02   1.0310216e-23
   8.3697262e+02   1.0323311e-23
   8.3890269e+02   1.0336450e-23
   8.4083720e+02   1.0349633e-23
   8.4277618e+02   1.0362861e-23
   8.4471963e+02   1.0376132e-23
   8.4666756e+02   1.0389448e-23
   8.4861998e+02   1.0402808e-23
   8.5057690e+02   1.0416213e-23
   8.5253834e+02   1.0429663e-23
   8.5450430e+02   1.0443157e-23
   8.5647479e+02   1.0456696e-23
   8.5844983e+02   1.0470280e-23
   8.6042942e+02   1.0483909e-23
   8.6241358e+02   1.0497584e-23
   8.6440231e+02   1.0511304e-23
   8.6639563e+02   1.0525069e-23
   8.6839354e+02   1.0538880e-23
   8.7039607e+02   1.0552737e-23
   8.7240321e+02   1.0566639e-23
   8.7441498e+02   1.0580588e-23
   8.7643138e+02   1.0594582e-23
   8.7845244e+02   1.0608623e-23
   8.8047816e+02   1.0622710e-23
   8.8250855e+02   1.0636843e-23
   8.8454362e+02   1.0651023e-23
   8.8658338e+02   1.0665249e-23
   8.8862785e+02   1.0679523e-23
   8.9067703e+02   1.0693843e-23
   8.9273094e+02   1.0708210e-23
   8.9478959e+02   1.0722624e-23
   8.9685298e+02   1.0737085e-23
   8.9892113e+02   1.0751594e-23
   9.0099405e+02   1.0766150e-23
   9.0307175e+02   1.0780754e-23
   9.0515424e+02   1.0795406e-23
   9.0724153e+02   1.0810105e-23
   9.0933364e+02   1.0824852e-23
   9.1143057e+02   1.0839647e-23
   9.1353233e+02   1.0854491e-23
   9.1563894e+02   1.0869383e-23
   9.1775041e+02   1.0884323e-23
   9.1986675e+02   1.0899312e-23
   9.2198797e+02   1.0914350e-23
   9.2411408e+02   1.0929436e-23
   9.2624510e+02   1.0944572e-23
   9.2838103e+02   1.0959756e-23
   9.3052188e+02   1.0974990e-23
   9.3266767e+02   1.0990274e-23
   9.3481841e+02   1.1005607e-23
   9.3697411e+02   1.1020990e-23
   9.3913478e+02   1.1036424e-23
   9.4130043e+02   1.1051909e-23
   9.4347108e+02   1.1067446e-23
   9.4564673e+02   1.1083035e-23
   9.4782740e+02   1.1098680e-23
   9.5001309e+02   1.1114385e-23
   9.5220383e+02   1.1130163e-23
   9.5439962e+02   1.1146047e-23
   9.5660047e+02   1.1162186e-23
   9.5880640e+02   1.1179941e-23
   9.6101742e+02   1.1348978e-23
   9.6323353e+02   1.1210957e-23
   9.6545475e+02   1.1225890e-23
   9.6768110e+02   1.1241750e-23
   9.6991258e+02   1.1257805e-23
   9.7214920e+02   1.1273955e-23
   9.7439099e+02   1.1290174e-23
   9.7663794e+02   1.1306453e-23
   9.7889008e+02   1.1322789e-23
   9.8114740e+02   1.1339178e-23
   9.8340994e+02   1.1355621e-23
   9.8567769e+02   1.1372118e-23
   9.8795067e+02   1.1388667e-23
   9.9022889e+02   1.1405270e-23
   9.9251237e+02   1.1421925e-23
   9.9480111e+02   1.1438633e-23
   9.9709513e+02   1.1455395e-23
   9.9939443e+02   1.1472209e-23
   1.0016990e+03   1.1489076e-23
   1.0040090e+03   1.1505997e-23
   1.0063242e+03   1.1522971e-23
   1.0086448e+03   1.1539998e-23
   1.0109708e+03   1.1557079e-23
   1.0133021e+03   1.1574214e-23
   1.0156387e+03   1.1591402e-23
   1.0179808e+03   1.1608644e-23
   1.0203283e+03   1.1625941e-23
   1.0226812e+03   1.1643291e-23
   1.0250395e+03   1.1660696e-23
   1.0274032e+03   1.1678156e-23
   1.0297724e+03   1.1695670e-23
   1.0321471e+03   1.1713238e-23
   1.0345272e+03   1.1730861e-23
   1.0369129e+03   1.1748540e-23
   1.0393040e+03   1.1766273e-23
   1.0417006e+03   1.1784061e-23
   1.0441028e+03   1.1801905e-23
   1.0465105e+03   1.1819804e-23
   1.0489238e+03   1.1837759e-23
   1.0513426e+03   1.1855769e-23
   1.0537670e+03   1.1873836e-23
   1.0561970e+03   1.1891958e-23
   1.0586326e+03   1.1910136e-23
   1.0610738e+03   1.1928371e-23
   1.0635207e+03   1.1946661e-23
   1.0659731e+03   1.1965009e-23
   1.0684313e+03   1.1983413e-23
   1.0708951e+03   1.2001873e-23
   1.0733646e+03   1.2020391e-23
   1.0758398e+03   1.2038965e-23
   1.0783207e+03   1.2057597e-23
   1.0808073e+03   1.2076285e-23
   1.0832996e+03   1.2095032e-23
   1.0857977e+03   1.2113835e-23
   1.0883016e+03   1.2132696e-23
   1.0908112e+03   1.2151616e-23
   1.0933266e+03   1.2170593e-23
   1.0958479e+03   1.2189628e-23
   1.0983749e+03   1.2208721e-23
   1.1009078e+03   1.2227872e-23
   1.1034465e+03   1.2247082e-23
   1.1059910e+03   1.2266351e-23
   1.1085414e+03   1.2285678e-23
   1.1110977e+03   1.2305064e-23
   1.1136599e+03   1.2324509e-23
   1.1162281e+03   1.2344013e-23
   1.1188021e+03   1.2363576e-23
   1.1213820e+03   1.2383199e-23
   1.1239680e+03   1.2402881e-23
   1.1265598e+03   1.2422623e-23
   1.1291577e+03   1.2442424e-23
   1.1317615e+03   1.2462286e-23
   1.1343714e+03   1.2482208e-23
   1.1369873e+03   1.2502189e-23
   1.1396092e+03   1.2522231e-23
   1.1422371e+03   1.2542334e-23
   1.1448711e+03   1.2562497e-23
   1.1475112e+03   1.2582721e-23
   1.1501574e+03   1.2603005e-23
   1.1528096e+03   1.2623351e-23
   1.1554680e+03   1.2643758e-23
   1.1581325e+03   1.2664226e-23
   1.1608032e+03   1.2684756e-23
   1.1634800e+03   1.2705347e-23
   1.1661630e+03   1.2725999e-23
   1.1688522e+03   1.2746714e-23
   1.1715476e+03   1.2767490e-23
   1.1742492e+03   1.2788329e-23
   1.1769570e+03   1.2809230e-23
   1.1796711e+03   1.2830193e-23
   1.1823914e+03   1.2851219e-23
   1.1851180e+03   1.2872307e-23
   1.1878509e+03   1.2893459e-23
   1.1905901e+03   1.2914673e-23
   1.1933356e+03   1.2935950e-23
   1.1960875e+03   1.2957291e-23
   1.1988456e+03   1.2978694e-23
   1.2016102e+03   1.3000162e-23
   1.2043811e+03   1.3021693e-23
   1.2071584e+03   1.3043287e-23
   1.2099421e+03   1.3064946e-23
   1.2127323e+03   1.3086669e-23
   1.2155288e+03   1.3108456e-23
   1.2183319e+03   1.3130307e-23
   1.2211413e+03   1.3152223e-23
   1.2239573e+03   1.3174203e-23
   1.2267798e+03   1.3196249e-23
   1.2296087e+03   1.3218359e-23
   1.2324442e+03   1.3240534e-23
   1.2352862e+03   1.3262775e-23
   1.2381348e+03   1.3285080e-23
   1.2409900e+03   1.3307452e-23
   1.2438517e+03   1.3329889e-23
   1.2467200e+03   1.3352391e-23
   1.2495950e+03   1.3374960e-23
   1.2524766e+03   1.3397595e-23
   1.2553648e+03   1.3420296e-23
   1.2582597e+03   1.3443063e-23
   1.2611612e+03   1.3465897e-23
   1.2640695e+03   1.3488798e-23
   1.2669844e+03   1.3511765e-23
   1.2699061e+03   1.3534799e-23
   1.2728345e+03   1.3557901e-23
   1.2757697e+03   1.3581069e-23
   1.2787116e+03   1.3604305e-23
   1.2816603e+03   1.3627609e-23
   1.2846158e+03   1.3650980e-23
   1.2875782e+03   1.3674420e-23
   1.2905473e+03   1.3697927e-23
   1.2935233e+03   1.3721502e-23
   1.2965062e+03   1.3745146e-23
   1.2994960e+03   1.3768858e-23
   1.3024926e+03   1.3792638e-23
   1.3054962e+03   1.3816488e-23
   1.3085067e+03   1.3840406e-23
   1.3115241e+03   1.3864393e-23
   1.3145485e+03   1.3888450e-23
   1.3175798e+03   1.3912575e-23
   1.3206182e+03   1.3936771e-23
   1.3236635e+03   1.3961036e-23
   1.3267159e+03   1.3985370e-23
   1.3297753e+03   1.4009775e-23
   1.3328418e+03   1.4034250e-23
   1.3359154e+03   1.4058795e-23
   1.3389960e+03   1.4083411e-23
   1.3420837e+03   1.4108097e-23
   1.3451786e+03   1.4132853e-23
   1.3482806e+03   1.4157681e-23
   1.3513897e+03   1.4182580e-23
   1.3545060e+03   1.4207550e-23
   1.3576295e+03   1.4232591e-23
   1.3607602e+03   1.4257703e-23
   1.3638982e+03   1.4282888e-23
   1.3670433e+03   1.4308144e-23
   1.3701957e+03   1.4333472e-23
   1.3733554e+03   1.4358872e-23
   1.3765224e+03   1.4384344e-23
   1.3796966e+03   1.4409889e-23
   1.3828782e+03   1.4435507e-23
   1.3860672e+03   1.4461197e-23
   1.3892634e+03   1.4486960e-23
   1.3924671e+03   1.4512796e-23
   1.3956781e+03   1.4538706e-23
   1.3988966e+03   1.4564688e-23
   1.4021224e+03   1.4590745e-23
   1.4053558e+03   1.4616875e-23
   1.4085965e+03   1.4643079e-23
   1.4118448e+03   1.4669357e-23
   1.4151005e+03   1.4695709e-23
   1.4183637e+03   1.4722136e-23
   1.4216345e+03   1.4748638e-23
   1.4249128e+03   1.4775215e-23
   1.4281986e+03   1.4801868e-23
   1.4314921e+03   1.4828601e-23
   1.4347931e+03   1.4855422e-23
   1.4381017e+03   1.4882422e-23
   1.4414180e+03   1.4931836e-23
   1.4447419e+03   1.4936353e-23
   1.4480735e+03   1.4963371e-23
   1.4514128e+03   1.4990532e-23
   1.4547598e+03   1.5017780e-23
   1.4581144e+03   1.5045108e-23
   1.4614769e+03   1.5072514e-23
   1.4648470e+03   1.5099996e-23
   1.4682250e+03   1.5127556e-23
   1.4716107e+03   1.5155193e-23
   1.4750043e+03   1.5182908e-23
   1.4784056e+03   1.5210699e-23
   1.4818149e+03   1.5238568e-23
   1.4852319e+03   1.5266515e-23
   1.4886569e+03   1.5294539e-23
   1.4920897e+03   1.5322642e-23
   1.4955305e+03   1.5350822e-23
   1.4989792e+03   1.5379081e-23
   1.5024359e+03   1.5407418e-23
   1.5059005e+03   1.5435834e-23
   1.5093731e+03   1.5464328e-23
   1.5128538e+03   1.5492902e-23
   1.5163424e+03   1.5521554e-23
   1.5198391e+03   1.5550286e-23
   1.5233439e+03   1.5579098e-23
   1.5268567e+03   1.5607989e-23
   1.5303776e+03   1.5636959e-23
   1.5339067e+03   1.5666010e-23
   1.5374439e+03   1.5695141e-23
   1.5409893e+03   1.5724352e-23
   1.5445428e+03   1.5753643e-23
   1.5481045e+03   1.5783016e-23
   1.5516745e+03   1.5812469e-23
   1.5552526e+03   1.5842003e-23
   1.5588391e+03   1.5871618e-23
   1.5624338e+03   1.5901315e-23
   1.5660367e+03   1.5931093e-23
   1.5696480e+03   1.5960952e-23
   1.5732677e+03   1.5990894e-23
   1.5768956e+03   1.6020918e-23
   1.5805320e+03   1.6051023e-23
   1.5841767e+03   1.6081212e-23
   1.5878298e+03   1.6111482e-23
   1.5914913e+03   1.6141836e-23
   1.5951613e+03   1.6172272e-23
   1.5988398e+03   1.6202792e-23
   1.6025267e+03   1.6233395e-23
   1.6062222e+03   1.6264081e-23
   1.6099261e+03   1.6294851e-23
   1.6136386e+03   1.6325705e-23
   1.6173597e+03   1.6356642e-23
   1.6210893e+03   1.6387664e-23
   1.6248276e+03   1.6418770e-23
   1.6285744e+03   1.6449961e-23
   1.6323300e+03   1.6481236e-23
   1.6360941e+03   1.6512597e-23
   1.6398670e+03   1.6544042e-23
   1.6436485e+03   1.6575573e-23
   1.6474388e+03   1.6607189e-23
   1.6512378e+03   1.6638891e-23
   1.6550456e+03   1.6670678e-23
   1.6588621e+03   1.6702551e-23
   1.6626874e+03   1.6734511e-23
   1.6665216e+03   1.6766557e-23
   1.6703646e+03   1.6798690e-23
   1.6742165e+03   1.6830909e-23
   1.6780773e+03   1.6863215e-23
   1.6819469e+03   1.6895608e-23
   1.6858255e+03   1.6928089e-23
   1.6897130e+03   1.6960657e-23
   1.6936095e+03   1.6993312e-23
   1.6975150e+03   1.7026056e-23
   1.7014295e+03   1.7058887e-23
   1.7053530e+03   1.7091807e-23
   1.7092855e+03   1.7124815e-23
   1.7132272e+03   1.7157912e-23
   1.7171779e+03   1.7191097e-23
   1.7211377e+03   1.7224371e-23
   1.7251067e+03   1.7257735e-23
   1.7290848e+03   1.7291188e-23
   1.7330721e+03   1.7324730e-23
   1.7370685e+03   1.7358363e-23
   1.7410742e+03   1.7392085e-23
   1.7450892e+03   1.7425897e-23
   1.7491133e+03   1.7459799e-23
   1.7531468e+03   1.7493793e-23
   1.7571896e+03   1.7527876e-23
   1.7612417e+03   1.7562051e-23
   1.7653031e+03   1.7596317e-23
   1.7693739e+03   1.7630673e-23
   1.7734541e+03   1.7665122e-23
   1.7775437e+03   1.7699662e-23
   1.7816427e+03   1.7734294e-23
   1.7857512e+03   1.7769018e-23
   1.7898692e+03   1.7803834e-23
   1.7939966e+03   1.7838743e-23
   1.7981336e+03   1.7873744e-23
   1.8022801e+03   1.7908838e-23
   1.8064362e+03   1.7944026e-23
   1.8106018e+03   1.7979306e-23
   1.8147771e+03   1.8014680e-23
   1.8189620e+03   1.8050148e-23
   1.8231565e+03   1.8085709e-23
   1.8273607e+03   1.8121365e-23
   1.8315746e+03   1.8157114e-23
   1.8357983e+03   1.8192958e-23
   1.8400316e+03   1.8228897e-23
   1.8442748e+03   1.8264931e-23
   1.8485277e+03   1.8301059e-23
   1.8527904e+03   1.8337283e-23
   1.8570629e+03   1.8373603e-23
   1.8613453e+03   1.8410018e-23
   1.8656376e+03   1.8446529e-23
   1.8699398e+03   1.8483136e-23
   1.8742519e+03   1.8519839e-23
   1.8785739e+03   1.8556639e-23
   1.8829059e+03   1.8593535e-23
   1.8872479e+03   1.8630529e-23
   1.8915999e+03   1.8667619e-23
   1.8959620e+03   1.8704807e-23
   1.9003341e+03   1.8742093e-23
   1.9047163e+03   1.8779476e-23
   1.9091086e+03   1.8816958e-23
   1.9135110e+03   1.8854541e-23
   1.9179235e+03   1.8892243e-23
   1.9223463e+03   1.8930620e-23
   1.9267792e+03   1.8967877e-23
   1.9312224e+03   1.9005840e-23
   1.9356758e+03   1.9043911e-23
   1.9401395e+03   1.9082083e-23
   1.9446135e+03   1.9120354e-23
   1.9490978e+03   1.9158726e-23
   1.9535924e+03   1.9197197e-23
   1.9580974e+03   1.9235769e-23
   1.9626128e+03   1.9274442e-23
   1.9671386e+03   1.9313215e-23
   1.9716748e+03   1.9352089e-23
   1.9762215e+03   1.9391064e-23
   1.9807787e+03   1.9430141e-23
   1.9853464e+03   1.9469319e-23
   1.9899246e+03   1.9508599e-23
   1.9945134e+03   1.9547981e-23
   1.9991128e+03   1.9587465e-23
   2.0037227e+03   1.9627052e-23
   2.0083433e+03   1.9666741e-23
   2.0129746e+03   1.9706533e-23
   2.0176165e+03   1.9746428e-23
   2.0222692e+03   1.9786427e-23
   2.0269325e+03   1.9826529e-23
   2.0316067e+03   1.9866734e-23
   2.0362916e+03   1.9907044e-23
   2.0409873e+03   1.9947458e-23
   2.0456938e+03   1.9987976e-23
   2.0504112e+03   2.0028599e-23
   2.0551394e+03   2.0069327e-23
   2.0598786e+03   2.0110160e-23
   2.0646287e+03   2.0151099e-23
   2.0693898e+03   2.0192142e-23
   2.0741618e+03   2.0233292e-23
   2.0789448e+03   2.0274548e-23
   2.0837389e+03   2.0315910e-23
   2.0885440e+03   2.0357378e-23
   2.0933602e+03   2.0398953e-23
   2.0981875e+03   2.0440635e-23
   2.1030259e+03   2.0482424e-23
   2.1078755e+03   2.0524320e-23
   2.1127363e+03   2.0566324e-23
   2.1176083e+03   2.0608436e-23
   2.1224915e+03   2.0650656e-23
   2.1273860e+03   2.0692984e-23
   2.1322918e+03   2.0735421e-23
   2.1372088e+03   2.0777966e-23
   2.1421373e+03   2.0820621e-23
   2.1470771e+03   2.0863385e-23
   2.1520282e+03   2.0906258e-23
   2.1569908e+03   2.0949241e-23
   2.1619649e+03   2.0992333e-23
   2.1669504e+03   2.1035536e-23
   2.1719474e+03   2.1078850e-23
   2.1769559e+03   2.1122274e-23
   2.1819760e+03   2.1165809e-23
   2.1870076e+03   2.1209455e-23
   2.1920509e+03   2.1253212e-23
   2.1971058e+03   2.1297081e-23
   2.2021723e+03   2.1341062e-23
   2.2072505e+03   2.1385155e-23
   2.2123405e+03   2.1429361e-23
   2.2174421e+03   2.1473678e-23
   2.2225556e+03   2.1518109e-23
   2.2276808e+03   2.1562653e-23
   2.2328179e+03   2.1607310e-23
   2.2379668e+03   2.1652080e-23
   2.2431275e+03   2.1696965e-23
   2.2483002e+03   2.1741963e-23
   2.2534848e+03   2.1787076e-23
   2.2586814e+03   2.1832303e-23
   2.2638899e+03   2.1877645e-23
   2.2691104e+03   2.1923102e-23
   2.2743430e+03   2.1968674e-23
   2.2795877e+03   2.2014362e-23
   2.2848444e+03   2.2060165e-23
   2.2901133e+03   2.2106085e-23
   2.2953943e+03   2.2152120e-23
   2.3006875e+03   2.2198273e-23
   2.3059929e+03   2.2244542e-23
   2.3113105e+03   2.2290928e-23
   2.3166404e+03   2.2337431e-23
   2.3219826e+03   2.2384052e-23
   2.3273371e+03   2.2430790e-23
   2.3327040e+03   2.2477647e-23
   2.3380832e+03   2.2524622e-23
   2.3434749e+03   2.2571715e-23
   2.3488789e+03   2.2618928e-23
   2.3542955e+03   2.2666259e-23
   2.3597245e+03   2.2713710e-23
   2.3651660e+03   2.2761280e-23
   2.3706201e+03   2.2808970e-23
   2.3760868e+03   2.2856780e-23
   2.3815661e+03   2.2904711e-23
   2.3870580e+03   2.2952762e-23
   2.3925626e+03   2.3000935e-23
   2.3980798e+03   2.3049236e-23
   2.4036098e+03   2.3097693e-23
   2.4091526e+03   2.3146180e-23
   2.4147081e+03   2.3194836e-23
   2.4202764e+03   2.3243616e-23
   2.4258576e+03   2.3292518e-23
   2.4314516e+03   2.3341543e-23
   2.4370586e+03   2.3390692e-23
   2.4426785e+03   2.3439963e-23
   2.4483113e+03   2.3489358e-23
   2.4539571e+03   2.3538877e-23
   2.4596160e+03   2.3588520e-23
   2.4652879e+03   2.3638287e-23
   2.4709728e+03   2.3688179e-23
   2.4766709e+03   2.3738196e-23
   2.4823821e+03   2.3788337e-23
   2.4881065e+03   2.3838605e-23
   2.4938441e+03   2.3888998e-23
   2.4995949e+03   2.3939516e-23
   2.5053590e+03   2.3990161e-23
   2.5111364e+03   2.4040933e-23
   2.5169271e+03   2.4091831e-23
   2.5227312e+03   2.4142856e-23
   2.5285486e+03   2.4194009e-23
   2.5343794e+03   2.4245289e-23
   2.5402237e+03   2.4296697e-23
   2.5460815e+03   2.4348234e-23
   2.5519528e+03   2.4399898e-23
   2.5578376e+03   2.4451692e-23
   2.5637360e+03   2.4503614e-23
   2.5696480e+03   2.4555665e-23
   2.5755736e+03   2.4607847e-23
   2.5815129e+03   2.4660158e-23
   2.5874659e+03   2.4712599e-23
   2.5934326e+03   2.4765170e-23
   2.5994131e+03   2.4817872e-23
   2.6054074e+03   2.4870705e-23
   2.6114155e+03   2.4923670e-23
   2.6174374e+03   2.4976766e-23
   2.6234732e+03   2.5029993e-23
   2.6295230e+03   2.5083353e-23
   2.6355867e+03   2.5136845e-23
   2.6416644e+03   2.5190470e-23
   2.6477561e+03   2.5244228e-23
   2.6538618e+03   2.5298119e-23
   2.6599816e+03   2.5352144e-23
   2.6661156e+03   2.5406302e-23
   2.6722637e+03   2.5460595e-23
   2.6784259e+03   2.5515022e-23
   2.6846024e+03   2.5569584e-23
   2.6907931e+03   2.5624281e-23
   2.6969981e+03   2.5679113e-23
   2.7032174e+03   2.5734080e-23
   2.7094510e+03   2.5789184e-23
   2.7156991e+03   2.5844424e-23
   2.7219615e+03   2.5899800e-23
   2.7282383e+03   2.5955313e-23
   2.7345297e+03   2.6010963e-23
   2.7408355e+03   2.6066751e-23
   2.7471559e+03   2.6122676e-23
   2.7534909e+03   2.6178739e-23
   2.7598405e+03   2.6234941e-23
   2.7662047e+03   2.6291281e-23
   2.7725836e+03   2.6347760e-23
   2.7789772e+03   2.6404378e-23
   2.7853855e+03   2.6461136e-23
   2.7918086e+03   2.6518033e-23
   2.7982465e+03   2.6575071e-23
   2.8046993e+03   2.6632249e-23
   2.8111670e+03   2.6689568e-23
   2.8176496e+03   2.6747028e-23
   2.8241471e+03   2.6804629e-23
   2.8306596e+03   2.6862372e-23
   2.8371871e+03   2.6920257e-23
   2.8437297e+03   2.6978284e-23
   2.8502873e+03   2.7036453e-23
   2.8568601e+03   2.7094766e-23
   2.8634481e+03   2.7153222e-23
   2.8700512e+03   2.7211821e-23
   2.8766696e+03   2.7270566e-23
   2.8833032e+03   2.7329517e-23
   2.8899521e+03   2.7388484e-23
   2.8966164e+03   2.7447660e-23
   2.9032960e+03   2.7506981e-23
   2.9099910e+03   2.7566448e-23
   2.9167015e+03   2.7626061e-23
   2.9234274e+03   2.7685820e-23
   2.9301688e+03   2.7745725e-23
   2.9369258e+03   2.7805777e-23
   2.9436984e+03   2.7865976e-23
   2.9504866e+03   2.7926323e-23
   2.9572904e+03   2.7986817e-23
   2.9641100e+03   2.8047459e-23
   2.9709452e+03   2.8108249e-23
   2.9777963e+03   2.8169188e-23
   2.9846631e+03   2.8230276e-23
   2.9915457e+03   2.8291513e-23
   2.9984443e+03   2.8352900e-23
   3.0053587e+03   2.8414437e-23
   3.0122891e+03   2.8476124e-23
   3.0192354e+03   2.8537962e-23
   3.0261978e+03   2.8599951e-23
   3.0331763e+03   2.8662091e-23
   3.0401708e+03   2.8724382e-23
   3.0471814e+03   2.8786826e-23
   3.0542083e+03   2.8849422e-23
   3.0612513e+03   2.8912170e-23
   3.0683106e+03   2.8975071e-23
   3.0753861e+03   2.9038126e-23
   3.0824780e+03   2.9101335e-23
   3.0895862e+03   2.9164697e-23
   3.0967108e+03   2.9228213e-23
   3.1038518e+03   2.9291885e-23
   3.1110093e+03   2.9355711e-23
   3.1181833e+03   2.9419693e-23
   3.1253739e+03   2.9483830e-23
   3.1325810e+03   2.9548123e-23
   3.1398048e+03   2.9612573e-23
   3.1470452e+03   2.9677179e-23
   3.1543023e+03   2.9741942e-23
   3.1615762e+03   2.9806863e-23
   3.1688668e+03   2.9871942e-23
   3.1761742e+03   2.9937178e-23
   3.1834985e+03   3.0002573e-23
   3.1908397e+03   3.0068127e-23
   3.1981978e+03   3.0133840e-23
   3.2055728e+03   3.0199713e-23
   3.2129649e+03   3.0265745e-23
   3.2203740e+03   3.0331937e-23
   3.2278002e+03   3.0398290e-23
   3.2352436e+03   3.0464804e-23
   3.2427041e+03   3.0531480e-23
   3.2501818e+03   3.0598316e-23
   3.2576767e+03   3.0665315e-23
   3.2651889e+03   3.0732476e-23
   3.2727185e+03   3.0799800e-23
   3.2802654e+03   3.0867287e-23
   3.2878297e+03   3.0934937e-23
   3.2954115e+03   3.1002751e-23
   3.3030107e+03   3.1070730e-23
   3.3106275e+03   3.1138872e-23
   3.3182618e+03   3.1207180e-23
   3.3259138e+03   3.1275653e-23
   3.3335833e+03   3.1344291e-23
   3.3412706e+03   3.1413095e-23
   3.3489756e+03   3.1482066e-23
   3.3566984e+03   3.1551204e-23
   3.3644389e+03   3.1620518e-23
   3.3721974e+03   3.1689980e-23
   3.3799737e+03   3.1759619e-23
   3.3877679e+03   3.1829427e-23
   3.3955801e+03   3.1899403e-23
   3.4034104e+03   3.1969549e-23
   3.4112587e+03   3.2039863e-23
   3.4191251e+03   3.2110347e-23
   3.4270096e+03   3.2181002e-23
   3.4349123e+03   3.2251826e-23
   3.4428332e+03   3.2322822e-23
   3.4507724e+03   3.2393989e-23
   3.4587299e+03   3.2465327e-23
   3.4667058e+03   3.2536837e-23
   3.4747000e+03   3.2608520e-23
   3.4827127e+03   3.2680375e-23
   3.4907439e+03   3.2752403e-23
   3.4987936e+03   3.2824605e-23
   3.5068618e+03   3.2896981e-23
   3.5149487e+03   3.2969531e-23
   3.5230542e+03   3.3042255e-23
   3.5311784e+03   3.3115155e-23
   3.5393213e+03   3.3188230e-23
   3.5474830e+03   3.3261480e-23
   3.5556635e+03   3.3334907e-23
   3.5638629e+03   3.3408511e-23
   3.5720812e+03   3.3482291e-23
   3.5803184e+03   3.3556249e-23
   3.5885747e+03   3.3630385e-23
   3.5968500e+03   3.3704699e-23
   3.6051443e+03   3.3779191e-23
   3.6134578e+03   3.3853862e-23
   3.6217905e+03   3.3928713e-23
   3.6301424e+03   3.4003743e-23
   3.6385135e+03   3.4078954e-23
   3.6469039e+03   3.4154345e-23
   3.6553137e+03   3.4229917e-23
   3.6637429e+03   3.4305670e-23
   3.6721915e+03   3.4381605e-23
   3.6806596e+03   3.4457723e-23
   3.6891472e+03   3.4534022e-23
   3.6976544e+03   3.4610505e-23
   3.7061813e+03   3.4687171e-23
   3.7147277e+03   3.4764021e-23
   3.7232939e+03   3.4841056e-23
   3.7318799e+03   3.4918274e-23
   3.7404856e+03   3.4995678e-23
   3.7491112e+03   3.5073267e-23
   3.7577567e+03   3.5151043e-23
   3.7664221e+03   3.5229004e-23
   3.7751075e+03   3.5307152e-23
   3.7838129e+03   3.5385487e-23
   3.7925384e+03   3.5464010e-23
   3.8012841e+03   3.5542720e-23
   3.8100498e+03   3.5621619e-23
   3.8188359e+03   3.5700707e-23
   3.8276421e+03   3.5779984e-23
   3.8364687e+03   3.5859450e-23
   3.8453156e+03   3.5939110e-23
   3.8541829e+03   3.6018953e-23
   3.8630707e+03   3.6098991e-23
   3.8719790e+03   3.6179220e-23
   3.8809078e+03   3.6259641e-23
   3.8898572e+03   3.6340254e-23
   3.8988272e+03   3.6421060e-23
   3.9078180e+03   3.6502058e-23
   3.9168294e+03   3.6583250e-23
   3.9258617e+03   3.6664636e-23
   3.9349147e+03   3.6746217e-23
   3.9439887e+03   3.6827992e-23
   3.9530835e+03   3.6909962e-23
   3.9621994e+03   3.6992128e-23
   3.9713362e+03   3.7074490e-23
   3.9804942e+03   3.7157048e-23
   3.9896732e+03   3.7239803e-23
   3.9988734e+03   3.7322756e-23
   4.0080949e+03   3.7405907e-23
   4.0173376e+03   3.7489256e-23
   4.0266016e+03   3.7572803e-23
   4.0358870e+03   3.7656550e-23
   4.0451937e+03   3.7740496e-23
   4.0545220e+03   3.7824642e-23
   4.0638718e+03   3.7908989e-23
   4.0732431e+03   3.7993537e-23
   4.0826360e+03   3.8078286e-23
   4.0920506e+03   3.8163237e-23
   4.1014869e+03   3.8248390e-23
   4.1109450e+03   3.8333746e-23
   4.1204248e+03   3.8419306e-23
   4.1299266e+03   3.8505069e-23
   4.1394502e+03   3.8591036e-23
   4.1489958e+03   3.8677207e-23
   4.1585634e+03   3.8763584e-23
   4.1681531e+03   3.8850166e-23
   4.1777649e+03   3.8936954e-23
   4.1873988e+03   3.9023948e-23
   4.1970550e+03   3.9111150e-23
   4.2067335e+03   3.9198558e-23
   4.2164342e+03   3.9286175e-23
   4.2261574e+03   3.9374000e-23
   4.2359029e+03   3.9462033e-23
   4.2456709e+03   3.9550276e-23
   4.2554615e+03   3.9638728e-23
   4.2652746e+03   3.9727391e-23
   4.2751104e+03   3.9816264e-23
   4.2849688e+03   3.9905348e-23
   4.2948500e+03   3.9994644e-23
   4.3047539e+03   4.0084152e-23
   4.3146807e+03   4.0173872e-23
   4.3246304e+03   4.0263813e-23
   4.3346030e+03   4.0353952e-23
   4.3445987e+03   4.0444313e-23
   4.3546173e+03   4.0534888e-23
   4.3646591e+03   4.0625678e-23
   4.3747241e+03   4.0716683e-23
   4.3848122e+03   4.0807905e-23
   4.3949236e+03   4.0899342e-23
   4.4050583e+03   4.0990997e-23
   4.4152164e+03   4.1082869e-23
   4.4253980e+03   4.1174959e-23
   4.4356030e+03   4.1267267e-23
   4.4458315e+03   4.1359793e-23
   4.4560836e+03   4.1452540e-23
   4.4663594e+03   4.1545505e-23
   4.4766588e+03   4.1638692e-23
   4.4869821e+03   4.1732099e-23
   4.4973291e+03   4.1825727e-23
   4.5076999e+03   4.1919577e-23
   4.5180947e+03   4.2013649e-23
   4.5285135e+03   4.2107944e-23
   4.5389563e+03   4.2202462e-23
   4.5494231e+03   4.2297205e-23
   4.5599142e+03   4.2392171e-23
   4.5704294e+03   4.2487362e-23
   4.5809688e+03   4.2582779e-23
   4.5915325e+03   4.2678421e-23
   4.6021207e+03   4.2774289e-23
   4.6127332e+03   4.2870385e-23
   4.6233702e+03   4.2966707e-23
   4.6340317e+03   4.3063258e-23
   4.6447178e+03   4.3160037e-23
   4.6554286e+03   4.3257045e-23
   4.6661640e+03   4.3354282e-23
   4.6769242e+03   4.3451749e-23
   4.6877093e+03   4.3549446e-23
   4.6985192e+03   4.3647374e-23
   4.7093540e+03   4.3745534e-23
   4.7202138e+03   4.3843926e-23
   4.7310986e+03   4.3942550e-23
   4.7420086e+03   4.4041408e-23
   4.7529437e+03   4.4140499e-23
   4.7639040e+03   4.4239824e-23
   4.7748896e+03   4.4339383e-23
   4.7859005e+03   4.4439178e-23
   4.7969369e+03   4.4539208e-23
   4.8079986e+03   4.4639475e-23
   4.8190859e+03   4.4739978e-23
   4.8301988e+03   4.4840718e-23
   4.8413372e+03   4.4941697e-23
   4.8525014e+03   4.5042913e-23
   4.8636913e+03   4.5144369e-23
   4.8749070e+03   4.5246064e-23
   4.8861486e+03   4.5347999e-23
   4.8974161e+03   4.5450174e-23
   4.9087096e+03   4.5552590e-23
   4.9200291e+03   4.5655248e-23
   4.9313747e+03   4.5758149e-23
   4.9427465e+03   4.5861291e-23
   4.9541445e+03   4.5964677e-23
   4.9655688e+03   4.6068307e-23
   4.9770194e+03   4.6172181e-23
   4.9884965e+03   4.6276300e-23
   5.0000000e+03   4.6380665e-23
