   5.0000000e+00   1.6460560e-20
   5.0115300e+00   1.6042576e-20
   5.0230867e+00   1.5636893e-20
   5.0346699e+00   1.5243452e-20
   5.0462799e+00   1.4862336e-20
   5.0579167e+00   1.4493384e-20
   5.0695803e+00   1.4131456e-20
   5.0812708e+00   1.3750659e-20
   5.0929882e+00   1.3362908e-20
   5.1047327e+00   1.3023192e-20
   5.1165042e+00   1.2703737e-20
   5.1283029e+00   1.2391769e-20
   5.1401288e+00   1.2086759e-20
   5.1519820e+00   1.1788965e-20
   5.1638625e+00   1.1498521e-20
   5.1757704e+00   1.1215434e-20
   5.1877058e+00   1.0939632e-20
   5.1996687e+00   1.0670990e-20
   5.2116592e+00   1.0409359e-20
   5.2236773e+00   1.0154577e-20
   5.2357231e+00   9.9064726e-21
   5.2477968e+00   9.6648752e-21
   5.2598982e+00   9.4296123e-21
   5.2720276e+00   9.2005132e-21
   5.2841849e+00   8.9774101e-21
   5.2963703e+00   8.7601385e-21
   5.3085838e+00   8.5485376e-21
   5.3208254e+00   8.3424506e-21
   5.3330953e+00   8.1417246e-21
   5.3453934e+00   7.9462109e-21
   5.3577199e+00   7.7557650e-21
   5.3700749e+00   7.5702463e-21
   5.3824583e+00   7.3895183e-21
   5.3948703e+00   7.2134483e-21
   5.4073109e+00   7.0419077e-21
   5.4197802e+00   6.8747713e-21
   5.4322783e+00   6.7119180e-21
   5.4448051e+00   6.5532299e-21
   5.4573609e+00   6.3985926e-21
   5.4699456e+00   6.2478953e-21
   5.4825594e+00   6.1010302e-21
   5.4952022e+00   5.9578929e-21
   5.5078742e+00   5.8183819e-21
   5.5205754e+00   5.6823987e-21
   5.5333058e+00   5.5498477e-21
   5.5460657e+00   5.4206363e-21
   5.5588550e+00   5.2946742e-21
   5.5716737e+00   5.1718741e-21
   5.5845220e+00   5.0521512e-21
   5.5974000e+00   4.9354230e-21
   5.6103076e+00   4.8216094e-21
   5.6232451e+00   4.7106328e-21
   5.6362123e+00   4.6024179e-21
   5.6492094e+00   4.4968912e-21
   5.6622366e+00   4.3939816e-21
   5.6752937e+00   4.2936201e-21
   5.6883810e+00   4.1957394e-21
   5.7014985e+00   4.1002745e-21
   5.7146461e+00   4.0071619e-21
   5.7278242e+00   3.9163402e-21
   5.7410326e+00   3.8277494e-21
   5.7542714e+00   3.7413316e-21
   5.7675408e+00   3.6570303e-21
   5.7808408e+00   3.5747906e-21
   5.7941715e+00   3.4945592e-21
   5.8075329e+00   3.4162844e-21
   5.8209251e+00   3.3399157e-21
   5.8343482e+00   3.2654042e-21
   5.8478023e+00   3.1927023e-21
   5.8612873e+00   3.1217638e-21
   5.8748035e+00   3.0525437e-21
   5.8883508e+00   2.9849982e-21
   5.9019294e+00   2.9190849e-21
   5.9155393e+00   2.8547625e-21
   5.9291806e+00   2.7919906e-21
   5.9428533e+00   2.7307302e-21
   5.9565576e+00   2.6709433e-21
   5.9702935e+00   2.6125929e-21
   5.9840610e+00   2.5556431e-21
   5.9978603e+00   2.5000587e-21
   6.0116914e+00   2.4458058e-21
   6.0255544e+00   2.3928512e-21
   6.0394494e+00   2.3411627e-21
   6.0533764e+00   2.2907090e-21
   6.0673355e+00   2.2414595e-21
   6.0813269e+00   2.1933845e-21
   6.0953505e+00   2.1464552e-21
   6.1094064e+00   2.1006434e-21
   6.1234947e+00   2.0559217e-21
   6.1376155e+00   2.0122634e-21
   6.1517689e+00   1.9696427e-21
   6.1659550e+00   1.9280343e-21
   6.1801737e+00   1.8874136e-21
   6.1944252e+00   1.8477566e-21
   6.2087096e+00   1.8090401e-21
   6.2230269e+00   1.7712413e-21
   6.2373773e+00   1.7343382e-21
   6.2517607e+00   1.6983092e-21
   6.2661773e+00   1.6631334e-21
   6.2806272e+00   1.6287903e-21
   6.2951104e+00   1.5952601e-21
   6.3096269e+00   1.5625235e-21
   6.3241770e+00   1.5305614e-21
   6.3387606e+00   1.4993557e-21
   6.3533778e+00   1.4688882e-21
   6.3680288e+00   1.4391417e-21
   6.3827135e+00   1.4100991e-21
   6.3974321e+00   1.3817438e-21
   6.4121846e+00   1.3540597e-21
   6.4269711e+00   1.3270311e-21
   6.4417918e+00   1.3006427e-21
   6.4566466e+00   1.2748794e-21
   6.4715357e+00   1.2497267e-21
   6.4864591e+00   1.2251705e-21
   6.5014169e+00   1.2011969e-21
   6.5164092e+00   1.1777924e-21
   6.5314361e+00   1.1549439e-21
   6.5464977e+00   1.1326385e-21
   6.5615939e+00   1.1108637e-21
   6.5767250e+00   1.0896073e-21
   6.5918910e+00   1.0688575e-21
   6.6070920e+00   1.0486027e-21
   6.6223280e+00   1.0288315e-21
   6.6375991e+00   1.0095329e-21
   6.6529055e+00   9.9069618e-22
   6.6682471e+00   9.7231083e-22
   6.6836241e+00   9.5436661e-22
   6.6990366e+00   9.3685354e-22
   6.7144846e+00   9.1976188e-22
   6.7299683e+00   9.0308213e-22
   6.7454877e+00   8.8680502e-22
   6.7610428e+00   8.7092149e-22
   6.7766338e+00   8.5542273e-22
   6.7922608e+00   8.4030011e-22
   6.8079238e+00   8.2554524e-22
   6.8236229e+00   8.1114992e-22
   6.8393582e+00   7.9710613e-22
   6.8551299e+00   7.8340606e-22
   6.8709378e+00   7.7004209e-22
   6.8867823e+00   7.5700678e-22
   6.9026632e+00   7.4429287e-22
   6.9185808e+00   7.3189326e-22
   6.9345351e+00   7.1980104e-22
   6.9505262e+00   7.0800946e-22
   6.9665542e+00   6.9651192e-22
   6.9826191e+00   6.8530199e-22
   6.9987211e+00   6.7437339e-22
   7.0148602e+00   6.6372001e-22
   7.0310365e+00   6.5333585e-22
   7.0472502e+00   6.4321509e-22
   7.0635012e+00   6.3335203e-22
   7.0797897e+00   6.2374112e-22
   7.0961157e+00   6.1437694e-22
   7.1124794e+00   6.0525421e-22
   7.1288808e+00   5.9636776e-22
   7.1453201e+00   5.8771258e-22
   7.1617972e+00   5.7928377e-22
   7.1783124e+00   5.7107654e-22
   7.1948656e+00   5.6308625e-22
   7.2114571e+00   5.5530835e-22
   7.2280867e+00   5.4773844e-22
   7.2447548e+00   5.4037221e-22
   7.2614612e+00   5.3320549e-22
   7.2782062e+00   5.2623419e-22
   7.2949898e+00   5.1945436e-22
   7.3118121e+00   5.1286217e-22
   7.3286732e+00   5.0645386e-22
   7.3455732e+00   5.0022582e-22
   7.3625121e+00   4.9417454e-22
   7.3794901e+00   4.8829661e-22
   7.3965073e+00   4.8258872e-22
   7.4135637e+00   4.7704771e-22
   7.4306594e+00   4.7167047e-22
   7.4477946e+00   4.6645405e-22
   7.4649693e+00   4.6139559e-22
   7.4821835e+00   4.5649234e-22
   7.4994375e+00   4.5174164e-22
   7.5167313e+00   4.4714099e-22
   7.5340649e+00   4.4268796e-22
   7.5514385e+00   4.3838026e-22
   7.5688522e+00   4.3421570e-22
   7.5863060e+00   4.3019223e-22
   7.6038001e+00   4.2630789e-22
   7.6213345e+00   4.2256086e-22
   7.6389094e+00   4.1894946e-22
   7.6565248e+00   4.1547212e-22
   7.6741808e+00   4.1212742e-22
   7.6918775e+00   4.0891404e-22
   7.7096150e+00   4.0583085e-22
   7.7273934e+00   4.0287685e-22
   7.7452129e+00   4.0005117e-22
   7.7630734e+00   3.9735313e-22
   7.7809751e+00   3.9478220e-22
   7.7989181e+00   3.9233802e-22
   7.8169025e+00   3.9002042e-22
   7.8349283e+00   3.8782942e-22
   7.8529957e+00   3.8576524e-22
   7.8711048e+00   3.8382830e-22
   7.8892556e+00   3.8201926e-22
   7.9074483e+00   3.8033902e-22
   7.9256829e+00   3.7878872e-22
   7.9439596e+00   3.7736976e-22
   7.9622784e+00   3.7608387e-22
   7.9806395e+00   3.7493305e-22
   7.9990429e+00   3.7391964e-22
   8.0174888e+00   3.7304635e-22
   8.0359772e+00   3.7231628e-22
   8.0545082e+00   3.7173293e-22
   8.0730819e+00   3.7130028e-22
   8.0916985e+00   3.7102276e-22
   8.1103581e+00   3.7090540e-22
   8.1290606e+00   3.7095377e-22
   8.1478063e+00   3.7117412e-22
   8.1665952e+00   3.7157340e-22
   8.1854274e+00   3.7215934e-22
   8.2043031e+00   3.7294055e-22
   8.2232223e+00   3.7392659e-22
   8.2421851e+00   3.7512809e-22
   8.2611916e+00   3.7655689e-22
   8.2802420e+00   3.7822614e-22
   8.2993363e+00   3.8015051e-22
   8.3184746e+00   3.8234634e-22
   8.3376571e+00   3.8483187e-22
   8.3568838e+00   3.8762750e-22
   8.3761548e+00   3.9075607e-22
   8.3954703e+00   3.9424323e-22
   8.4148303e+00   3.9811780e-22
   8.4342350e+00   4.0241232e-22
   8.4536844e+00   4.0716353e-22
   8.4731786e+00   4.1241316e-22
   8.4927179e+00   4.1820863e-22
   8.5123021e+00   4.2460415e-22
   8.5319316e+00   4.3166182e-22
   8.5516063e+00   4.3945318e-22
   8.5713263e+00   4.4806094e-22
   8.5910919e+00   4.5758130e-22
   8.6109030e+00   4.6812666e-22
   8.6307598e+00   4.7982925e-22
   8.6506624e+00   4.9284553e-22
   8.6706109e+00   5.0736189e-22
   8.6906054e+00   5.2360285e-22
   8.7106460e+00   5.4183990e-22
   8.7307328e+00   5.6240557e-22
   8.7508660e+00   5.8571108e-22
   8.7710455e+00   6.1227116e-22
   8.7912716e+00   6.4273863e-22
   8.8115444e+00   6.7795413e-22
   8.8318638e+00   7.1901876e-22
   8.8522302e+00   7.6740345e-22
   8.8726435e+00   8.2511842e-22
   8.8931039e+00   8.9498537e-22
   8.9136114e+00   9.8109283e-22
   8.9341663e+00   1.0895971e-21
   8.9547686e+00   1.2302188e-21
   8.9754183e+00   1.4192583e-21
   8.9961157e+00   1.6862958e-21
   9.0168608e+00   2.0911681e-21
   9.0376538e+00   2.7759231e-21
   9.0584947e+00   4.1797596e-21
   9.0793836e+00   8.6667859e-21
   9.1003208e+00   8.9941346e-20
   9.1213062e+00   7.1505480e-21
   9.1423400e+00   3.7033365e-21
   9.1634223e+00   2.5006355e-21
   9.1845532e+00   1.9047283e-21
   9.2057328e+00   1.5813198e-21
   9.2269613e+00   1.4722285e-21
   9.2482388e+00   1.8880830e-21
   9.2695653e+00   3.9194309e-20
   9.2909410e+00   1.7546377e-21
   9.3123660e+00   1.0523617e-21
   9.3338403e+00   8.2642023e-22
   9.3553642e+00   7.0636744e-22
   9.3769378e+00   6.2675781e-22
   9.3985611e+00   5.6768835e-22
   9.4202342e+00   5.2101829e-22
   9.4419574e+00   4.8270140e-22
   9.4637306e+00   4.5043217e-22
   9.4855540e+00   4.2276190e-22
   9.5074278e+00   3.9871300e-22
   9.5293520e+00   3.7758976e-22
   9.5513267e+00   3.5887683e-22
   9.5733522e+00   3.4218044e-22
   9.5954284e+00   3.2719224e-22
   9.6175555e+00   3.1366599e-22
   9.6397337e+00   3.0140188e-22
   9.6619630e+00   2.9023553e-22
   9.6842435e+00   2.8003018e-22
   9.7065755e+00   2.7067090e-22
   9.7289589e+00   2.6206027e-22
   9.7513940e+00   2.5411510e-22
   9.7738808e+00   2.4676388e-22
   9.7964194e+00   2.3994474e-22
   9.8190100e+00   2.3360389e-22
   9.8416527e+00   2.2769431e-22
   9.8643477e+00   2.2217474e-22
   9.8870949e+00   2.1700880e-22
   9.9098946e+00   2.1216432e-22
   9.9327469e+00   2.0761271e-22
   9.9556519e+00   2.0332854e-22
   9.9786097e+00   1.9928906e-22
   1.0001620e+01   1.9547415e-22
   1.0024684e+01   1.9186680e-22
   1.0047801e+01   1.8844715e-22
   1.0070972e+01   1.8520145e-22
   1.0094195e+01   1.8211710e-22
   1.0117473e+01   1.7918244e-22
   1.0140804e+01   1.7638610e-22
   1.0164188e+01   1.7371783e-22
   1.0187627e+01   1.7116830e-22
   1.0211120e+01   1.6872906e-22
   1.0234667e+01   1.6639276e-22
   1.0258268e+01   1.6415236e-22
   1.0281924e+01   1.6200133e-22
   1.0305634e+01   1.5993369e-22
   1.0329399e+01   1.5794420e-22
   1.0353218e+01   1.5602790e-22
   1.0377093e+01   1.5418011e-22
   1.0401023e+01   1.5239655e-22
   1.0425007e+01   1.5067337e-22
   1.0449048e+01   1.4900700e-22
   1.0473143e+01   1.4739406e-22
   1.0497294e+01   1.4583138e-22
   1.0521501e+01   1.4431613e-22
   1.0545764e+01   1.4284569e-22
   1.0570082e+01   1.4141754e-22
   1.0594457e+01   1.4002935e-22
   1.0618888e+01   1.3867897e-22
   1.0643375e+01   1.3736446e-22
   1.0667919e+01   1.3608392e-22
   1.0692519e+01   1.3483560e-22
   1.0717176e+01   1.3361786e-22
   1.0741890e+01   1.3242923e-22
   1.0766661e+01   1.3126827e-22
   1.0791489e+01   1.3013363e-22
   1.0816374e+01   1.2902408e-22
   1.0841317e+01   1.2793846e-22
   1.0866317e+01   1.2687568e-22
   1.0891375e+01   1.2583469e-22
   1.0916491e+01   1.2481454e-22
   1.0941664e+01   1.2381433e-22
   1.0966896e+01   1.2283319e-22
   1.0992185e+01   1.2187033e-22
   1.1017533e+01   1.2092499e-22
   1.1042940e+01   1.1999647e-22
   1.1068405e+01   1.1908408e-22
   1.1093929e+01   1.1818720e-22
   1.1119512e+01   1.1730522e-22
   1.1145153e+01   1.1643759e-22
   1.1170854e+01   1.1558378e-22
   1.1196614e+01   1.1474326e-22
   1.1222434e+01   1.1391558e-22
   1.1248313e+01   1.1310027e-22
   1.1274251e+01   1.1229692e-22
   1.1300250e+01   1.1150510e-22
   1.1326308e+01   1.1072445e-22
   1.1352427e+01   1.0995459e-22
   1.1378606e+01   1.0919517e-22
   1.1404845e+01   1.0844588e-22
   1.1431144e+01   1.0770639e-22
   1.1457505e+01   1.0697640e-22
   1.1483926e+01   1.0625564e-22
   1.1510408e+01   1.0554384e-22
   1.1536951e+01   1.0484073e-22
   1.1563555e+01   1.0414607e-22
   1.1590221e+01   1.0345963e-22
   1.1616948e+01   1.0278118e-22
   1.1643737e+01   1.0211052e-22
   1.1670587e+01   1.0144744e-22
   1.1697500e+01   1.0079173e-22
   1.1724474e+01   1.0014323e-22
   1.1751511e+01   9.9501744e-23
   1.1778610e+01   9.8867107e-23
   1.1805772e+01   9.8239155e-23
   1.1832996e+01   9.7617732e-23
   1.1860283e+01   9.7002687e-23
   1.1887633e+01   9.6393876e-23
   1.1915046e+01   9.5791160e-23
   1.1942522e+01   9.5194406e-23
   1.1970061e+01   9.4603486e-23
   1.1997664e+01   9.4018277e-23
   1.2025331e+01   9.3438661e-23
   1.2053062e+01   9.2864522e-23
   1.2080856e+01   9.2295752e-23
   1.2108715e+01   9.1732244e-23
   1.2136637e+01   9.1173896e-23
   1.2164625e+01   9.0620610e-23
   1.2192676e+01   9.0072289e-23
   1.2220793e+01   8.9528843e-23
   1.2248974e+01   8.8990181e-23
   1.2277220e+01   8.8456219e-23
   1.2305532e+01   8.7926873e-23
   1.2333908e+01   8.7402062e-23
   1.2362350e+01   8.6881709e-23
   1.2390858e+01   8.6365737e-23
   1.2419431e+01   8.5854073e-23
   1.2448071e+01   8.5346648e-23
   1.2476776e+01   8.4843391e-23
   1.2505548e+01   8.4344235e-23
   1.2534386e+01   8.3849116e-23
   1.2563290e+01   8.3357971e-23
   1.2592261e+01   8.2870738e-23
   1.2621299e+01   8.2387358e-23
   1.2650404e+01   8.1907773e-23
   1.2679576e+01   8.1431926e-23
   1.2708815e+01   8.0959762e-23
   1.2738121e+01   8.0491229e-23
   1.2767496e+01   8.0026273e-23
   1.2796938e+01   7.9564844e-23
   1.2826447e+01   7.9106893e-23
   1.2856025e+01   7.8652371e-23
   1.2885671e+01   7.8201231e-23
   1.2915386e+01   7.7753428e-23
   1.2945169e+01   7.7308917e-23
   1.2975020e+01   7.6867653e-23
   1.3004941e+01   7.6429595e-23
   1.3034930e+01   7.5994700e-23
   1.3064989e+01   7.5562927e-23
   1.3095117e+01   7.5134238e-23
   1.3125314e+01   7.4708592e-23
   1.3155582e+01   7.4285952e-23
   1.3185918e+01   7.3866280e-23
   1.3216325e+01   7.3449540e-23
   1.3246802e+01   7.3035697e-23
   1.3277349e+01   7.2624715e-23
   1.3307967e+01   7.2216560e-23
   1.3338655e+01   7.1811199e-23
   1.3369414e+01   7.1408598e-23
   1.3400244e+01   7.1008727e-23
   1.3431145e+01   7.0611553e-23
   1.3462118e+01   7.0217045e-23
   1.3493162e+01   6.9825173e-23
   1.3524277e+01   6.9435908e-23
   1.3555464e+01   6.9049220e-23
   1.3586723e+01   6.8665082e-23
   1.3618054e+01   6.8283464e-23
   1.3649457e+01   6.7904340e-23
   1.3680933e+01   6.7527682e-23
   1.3712481e+01   6.7153465e-23
   1.3744103e+01   6.6781662e-23
   1.3775797e+01   6.6412247e-23
   1.3807564e+01   6.6045197e-23
   1.3839404e+01   6.5680486e-23
   1.3871318e+01   6.5318090e-23
   1.3903305e+01   6.4957985e-23
   1.3935366e+01   6.4600149e-23
   1.3967501e+01   6.4244558e-23
   1.3999710e+01   6.3891190e-23
   1.4031994e+01   6.3540023e-23
   1.4064352e+01   6.3191035e-23
   1.4096784e+01   6.2844205e-23
   1.4129292e+01   6.2499512e-23
   1.4161874e+01   6.2156936e-23
   1.4194531e+01   6.1816455e-23
   1.4227264e+01   6.1478051e-23
   1.4260072e+01   6.1141703e-23
   1.4292956e+01   6.0807392e-23
   1.4325916e+01   6.0475100e-23
   1.4358951e+01   6.0144808e-23
   1.4392063e+01   5.9816496e-23
   1.4425251e+01   5.9490148e-23
   1.4458516e+01   5.9165746e-23
   1.4491858e+01   5.8843272e-23
   1.4525276e+01   5.8522708e-23
   1.4558771e+01   5.8204038e-23
   1.4592344e+01   5.7887245e-23
   1.4625994e+01   5.7572314e-23
   1.4659722e+01   5.7259226e-23
   1.4693527e+01   5.6947967e-23
   1.4727410e+01   5.6638521e-23
   1.4761372e+01   5.6330873e-23
   1.4795412e+01   5.6025006e-23
   1.4829530e+01   5.5720907e-23
   1.4863727e+01   5.5418560e-23
   1.4898003e+01   5.5117951e-23
   1.4932358e+01   5.4819065e-23
   1.4966792e+01   5.4521889e-23
   1.5001306e+01   5.4226408e-23
   1.5035899e+01   5.3932608e-23
   1.5070572e+01   5.3640477e-23
   1.5105324e+01   5.3350000e-23
   1.5140157e+01   5.3061165e-23
   1.5175071e+01   5.2773958e-23
   1.5210065e+01   5.2488366e-23
   1.5245139e+01   5.2204378e-23
   1.5280295e+01   5.1921980e-23
   1.5315531e+01   5.1641161e-23
   1.5350849e+01   5.1361907e-23
   1.5386248e+01   5.1084208e-23
   1.5421729e+01   5.0808050e-23
   1.5457291e+01   5.0533424e-23
   1.5492936e+01   5.0260316e-23
   1.5528663e+01   4.9988716e-23
   1.5564472e+01   4.9718613e-23
   1.5600364e+01   4.9449995e-23
   1.5636338e+01   4.9182852e-23
   1.5672396e+01   4.8917172e-23
   1.5708537e+01   4.8652946e-23
   1.5744761e+01   4.8390161e-23
   1.5781068e+01   4.8128809e-23
   1.5817459e+01   4.7868879e-23
   1.5853935e+01   4.7610361e-23
   1.5890494e+01   4.7353244e-23
   1.5927137e+01   4.7097520e-23
   1.5963866e+01   4.6843177e-23
   1.6000678e+01   4.6590206e-23
   1.6037576e+01   4.6338599e-23
   1.6074559e+01   4.6088345e-23
   1.6111627e+01   4.5839435e-23
   1.6148780e+01   4.5591859e-23
   1.6186020e+01   4.5345610e-23
   1.6223345e+01   4.5100678e-23
   1.6260756e+01   4.4857053e-23
   1.6298253e+01   4.4614727e-23
   1.6335837e+01   4.4373692e-23
   1.6373508e+01   4.4133938e-23
   1.6411265e+01   4.3895458e-23
   1.6449110e+01   4.3658243e-23
   1.6487041e+01   4.3422284e-23
   1.6525061e+01   4.3187574e-23
   1.6563168e+01   4.2954103e-23
   1.6601362e+01   4.2721865e-23
   1.6639645e+01   4.2490851e-23
   1.6678016e+01   4.2261054e-23
   1.6716476e+01   4.2032464e-23
   1.6755024e+01   4.1805076e-23
   1.6793662e+01   4.1578881e-23
   1.6832388e+01   4.1353871e-23
   1.6871203e+01   4.1130039e-23
   1.6910109e+01   4.0907378e-23
   1.6949103e+01   4.0685881e-23
   1.6988188e+01   4.0465539e-23
   1.7027363e+01   4.0246347e-23
   1.7066628e+01   4.0028296e-23
   1.7105984e+01   3.9811380e-23
   1.7145431e+01   3.9595592e-23
   1.7184968e+01   3.9380925e-23
   1.7224597e+01   3.9167373e-23
   1.7264317e+01   3.8954927e-23
   1.7304128e+01   3.8743582e-23
   1.7344032e+01   3.8533331e-23
   1.7384027e+01   3.8324168e-23
   1.7424115e+01   3.8116085e-23
   1.7464295e+01   3.7909077e-23
   1.7504568e+01   3.7703137e-23
   1.7544934e+01   3.7498259e-23
   1.7585392e+01   3.7294436e-23
   1.7625945e+01   3.7091662e-23
   1.7666590e+01   3.6889932e-23
   1.7707329e+01   3.6689238e-23
   1.7748163e+01   3.6489576e-23
   1.7789090e+01   3.6290939e-23
   1.7830112e+01   3.6093320e-23
   1.7871228e+01   3.5896715e-23
   1.7912439e+01   3.5701117e-23
   1.7953746e+01   3.5506521e-23
   1.7995147e+01   3.5312920e-23
   1.8036644e+01   3.5120310e-23
   1.8078237e+01   3.4928684e-23
   1.8119925e+01   3.4738037e-23
   1.8161710e+01   3.4548364e-23
   1.8203591e+01   3.4359658e-23
   1.8245569e+01   3.4171915e-23
   1.8287643e+01   3.3985129e-23
   1.8329814e+01   3.3799295e-23
   1.8372083e+01   3.3614407e-23
   1.8414449e+01   3.3430460e-23
   1.8456913e+01   3.3247449e-23
   1.8499475e+01   3.3065369e-23
   1.8542135e+01   3.2884215e-23
   1.8584893e+01   3.2703981e-23
   1.8627750e+01   3.2524663e-23
   1.8670706e+01   3.2346255e-23
   1.8713761e+01   3.2168753e-23
   1.8756915e+01   3.1992151e-23
   1.8800168e+01   3.1816445e-23
   1.8843522e+01   3.1641630e-23
   1.8886975e+01   3.1467702e-23
   1.8930528e+01   3.1294654e-23
   1.8974182e+01   3.1122483e-23
   1.9017937e+01   3.0951184e-23
   1.9061792e+01   3.0780752e-23
   1.9105749e+01   3.0611183e-23
   1.9149807e+01   3.0442472e-23
   1.9193967e+01   3.0274614e-23
   1.9238228e+01   3.0107606e-23
   1.9282592e+01   2.9941442e-23
   1.9327057e+01   2.9776117e-23
   1.9371626e+01   2.9611629e-23
   1.9416297e+01   2.9447972e-23
   1.9461071e+01   2.9285141e-23
   1.9505948e+01   2.9123134e-23
   1.9550929e+01   2.8961944e-23
   1.9596014e+01   2.8801569e-23
   1.9641202e+01   2.8642003e-23
   1.9686495e+01   2.8483244e-23
   1.9731892e+01   2.8325285e-23
   1.9777394e+01   2.8168124e-23
   1.9823001e+01   2.8011757e-23
   1.9868713e+01   2.7856179e-23
   1.9914530e+01   2.7701386e-23
   1.9960454e+01   2.7547374e-23
   2.0006482e+01   2.7394139e-23
   2.0052618e+01   2.7241678e-23
   2.0098859e+01   2.7089986e-23
   2.0145207e+01   2.6939060e-23
   2.0191662e+01   2.6788895e-23
   2.0238224e+01   2.6639488e-23
   2.0284894e+01   2.6490835e-23
   2.0331671e+01   2.6342933e-23
   2.0378556e+01   2.6195777e-23
   2.0425549e+01   2.6049363e-23
   2.0472650e+01   2.5903689e-23
   2.0519861e+01   2.5758750e-23
   2.0567180e+01   2.5614543e-23
   2.0614608e+01   2.5471065e-23
   2.0662145e+01   2.5328311e-23
   2.0709792e+01   2.5186277e-23
   2.0757549e+01   2.5044962e-23
   2.0805416e+01   2.4904360e-23
   2.0853394e+01   2.4764469e-23
   2.0901482e+01   2.4625285e-23
   2.0949681e+01   2.4486804e-23
   2.0997991e+01   2.4349023e-23
   2.1046412e+01   2.4211940e-23
   2.1094945e+01   2.4075550e-23
   2.1143591e+01   2.3939849e-23
   2.1192348e+01   2.3804836e-23
   2.1241218e+01   2.3670506e-23
   2.1290200e+01   2.3536856e-23
   2.1339295e+01   2.3403883e-23
   2.1388504e+01   2.3271584e-23
   2.1437826e+01   2.3139956e-23
   2.1487262e+01   2.3008994e-23
   2.1536812e+01   2.2878697e-23
   2.1586476e+01   2.2749061e-23
   2.1636254e+01   2.2620083e-23
   2.1686148e+01   2.2491760e-23
   2.1736156e+01   2.2364088e-23
   2.1786280e+01   2.2237065e-23
   2.1836519e+01   2.2110688e-23
   2.1886874e+01   2.1984953e-23
   2.1937346e+01   2.1859859e-23
   2.1987933e+01   2.1735400e-23
   2.2038638e+01   2.1611576e-23
   2.2089459e+01   2.1488382e-23
   2.2140397e+01   2.1365817e-23
   2.2191453e+01   2.1243876e-23
   2.2242627e+01   2.1122557e-23
   2.2293919e+01   2.1001858e-23
   2.2345328e+01   2.0881776e-23
   2.2396857e+01   2.0762307e-23
   2.2448504e+01   2.0643449e-23
   2.2500271e+01   2.0525199e-23
   2.2552157e+01   2.0407554e-23
   2.2604162e+01   2.0290513e-23
   2.2656287e+01   2.0174071e-23
   2.2708533e+01   2.0058226e-23
   2.2760899e+01   1.9942977e-23
   2.2813386e+01   1.9828319e-23
   2.2865994e+01   1.9714250e-23
   2.2918723e+01   1.9600768e-23
   2.2971574e+01   1.9487870e-23
   2.3024546e+01   1.9375554e-23
   2.3077641e+01   1.9263817e-23
   2.3130858e+01   1.9152656e-23
   2.3184198e+01   1.9042069e-23
   2.3237661e+01   1.8932054e-23
   2.3291247e+01   1.8822607e-23
   2.3344957e+01   1.8713727e-23
   2.3398791e+01   1.8605411e-23
   2.3452748e+01   1.8497656e-23
   2.3506831e+01   1.8390461e-23
   2.3561038e+01   1.8283822e-23
   2.3615370e+01   1.8177738e-23
   2.3669827e+01   1.8072206e-23
   2.3724410e+01   1.7967223e-23
   2.3779118e+01   1.7862788e-23
   2.3833953e+01   1.7758898e-23
   2.3888914e+01   1.7655551e-23
   2.3944002e+01   1.7552744e-23
   2.3999217e+01   1.7450475e-23
   2.4054560e+01   1.7348742e-23
   2.4110030e+01   1.7247543e-23
   2.4165628e+01   1.7146875e-23
   2.4221354e+01   1.7046736e-23
   2.4277208e+01   1.6947125e-23
   2.4333192e+01   1.6848039e-23
   2.4389304e+01   1.6749475e-23
   2.4445546e+01   1.6651432e-23
   2.4501918e+01   1.6553908e-23
   2.4558420e+01   1.6456900e-23
   2.4615051e+01   1.6360407e-23
   2.4671814e+01   1.6264425e-23
   2.4728707e+01   1.6168954e-23
   2.4785732e+01   1.6073992e-23
   2.4842888e+01   1.5979535e-23
   2.4900176e+01   1.5885583e-23
   2.4957596e+01   1.5792133e-23
   2.5015148e+01   1.5699183e-23
   2.5072833e+01   1.5606731e-23
   2.5130652e+01   1.5514776e-23
   2.5188603e+01   1.5423315e-23
   2.5246688e+01   1.5332346e-23
   2.5304907e+01   1.5241868e-23
   2.5363261e+01   1.5151879e-23
   2.5421748e+01   1.5062377e-23
   2.5480371e+01   1.4973359e-23
   2.5539129e+01   1.4884825e-23
   2.5598023e+01   1.4796772e-23
   2.5657052e+01   1.4709199e-23
   2.5716217e+01   1.4622103e-23
   2.5775519e+01   1.4535484e-23
   2.5834957e+01   1.4449338e-23
   2.5894533e+01   1.4363665e-23
   2.5954246e+01   1.4278463e-23
   2.6014097e+01   1.4193729e-23
   2.6074085e+01   1.4109463e-23
   2.6134212e+01   1.4025663e-23
   2.6194478e+01   1.3942326e-23
   2.6254883e+01   1.3859452e-23
   2.6315427e+01   1.3777038e-23
   2.6376110e+01   1.3695083e-23
   2.6436934e+01   1.3613586e-23
   2.6497898e+01   1.3532545e-23
   2.6559002e+01   1.3451957e-23
   2.6620247e+01   1.3371822e-23
   2.6681634e+01   1.3292139e-23
   2.6743162e+01   1.3212904e-23
   2.6804832e+01   1.3134118e-23
   2.6866644e+01   1.3055778e-23
   2.6928599e+01   1.2977883e-23
   2.6990696e+01   1.2900432e-23
   2.7052937e+01   1.2823422e-23
   2.7115321e+01   1.2746853e-23
   2.7177849e+01   1.2670723e-23
   2.7240522e+01   1.2595031e-23
   2.7303338e+01   1.2519775e-23
   2.7366300e+01   1.2444954e-23
   2.7429407e+01   1.2370566e-23
   2.7492659e+01   1.2296610e-23
   2.7556058e+01   1.2223085e-23
   2.7619602e+01   1.2149989e-23
   2.7683293e+01   1.2077321e-23
   2.7747131e+01   1.2005080e-23
   2.7811116e+01   1.1933264e-23
   2.7875249e+01   1.1861872e-23
   2.7939529e+01   1.1790903e-23
   2.8003958e+01   1.1720356e-23
   2.8068536e+01   1.1650228e-23
   2.8133262e+01   1.1580520e-23
   2.8198137e+01   1.1511229e-23
   2.8263162e+01   1.1442355e-23
   2.8328338e+01   1.1373896e-23
   2.8393663e+01   1.1305851e-23
   2.8459139e+01   1.1238220e-23
   2.8524766e+01   1.1171000e-23
   2.8590544e+01   1.1104190e-23
   2.8656474e+01   1.1037790e-23
   2.8722556e+01   1.0971799e-23
   2.8788791e+01   1.0906215e-23
   2.8855178e+01   1.0841037e-23
   2.8921718e+01   1.0776264e-23
   2.8988412e+01   1.0711894e-23
   2.9055259e+01   1.0647928e-23
   2.9122261e+01   1.0584364e-23
   2.9189417e+01   1.0521200e-23
   2.9256728e+01   1.0458437e-23
   2.9324194e+01   1.0396072e-23
   2.9391816e+01   1.0334104e-23
   2.9459594e+01   1.0272534e-23
   2.9527528e+01   1.0211359e-23
   2.9595619e+01   1.0150579e-23
   2.9663866e+01   1.0090193e-23
   2.9732272e+01   1.0030200e-23
   2.9800834e+01   9.9705991e-24
   2.9869555e+01   9.9113891e-24
   2.9938435e+01   9.8525693e-24
   3.0007473e+01   9.7941387e-24
   3.0076670e+01   9.7360965e-24
   3.0146028e+01   9.6784418e-24
   3.0215544e+01   9.6211737e-24
   3.0285222e+01   9.5642914e-24
   3.0355060e+01   9.5077941e-24
   3.0425059e+01   9.4516808e-24
   3.0495219e+01   9.3959509e-24
   3.0565541e+01   9.3406034e-24
   3.0636026e+01   9.2856376e-24
   3.0706673e+01   9.2310527e-24
   3.0777482e+01   9.1768479e-24
   3.0848456e+01   9.1230225e-24
   3.0919592e+01   9.0695756e-24
   3.0990893e+01   9.0165066e-24
   3.1062358e+01   8.9638147e-24
   3.1133988e+01   8.9114991e-24
   3.1205784e+01   8.8595592e-24
   3.1277744e+01   8.8079942e-24
   3.1349871e+01   8.7568035e-24
   3.1422164e+01   8.7059863e-24
   3.1494624e+01   8.6555419e-24
   3.1567251e+01   8.6054698e-24
   3.1640045e+01   8.5557691e-24
   3.1713007e+01   8.5064394e-24
   3.1786138e+01   8.4574798e-24
   3.1859437e+01   8.4088898e-24
   3.1932905e+01   8.3606687e-24
   3.2006542e+01   8.3128159e-24
   3.2080350e+01   8.2653308e-24
   3.2154327e+01   8.2182128e-24
   3.2228475e+01   8.1714612e-24
   3.2302794e+01   8.1250755e-24
   3.2377285e+01   8.0790550e-24
   3.2451947e+01   8.0333993e-24
   3.2526782e+01   7.9881076e-24
   3.2601789e+01   7.9431795e-24
   3.2676969e+01   7.8986143e-24
   3.2752322e+01   7.8544115e-24
   3.2827849e+01   7.8105705e-24
   3.2903550e+01   7.7670907e-24
   3.2979426e+01   7.7239717e-24
   3.3055477e+01   7.6812129e-24
   3.3131703e+01   7.6388137e-24
   3.3208105e+01   7.5967735e-24
   3.3284683e+01   7.5550920e-24
   3.3361438e+01   7.5137684e-24
   3.3438370e+01   7.4728023e-24
   3.3515479e+01   7.4321931e-24
   3.3592766e+01   7.3919404e-24
   3.3670231e+01   7.3520435e-24
   3.3747875e+01   7.3125020e-24
   3.3825698e+01   7.2733154e-24
   3.3903700e+01   7.2344830e-24
   3.3981882e+01   7.1960045e-24
   3.4060245e+01   7.1578792e-24
   3.4138788e+01   7.1201066e-24
   3.4217512e+01   7.0826863e-24
   3.4296418e+01   7.0456176e-24
   3.4375506e+01   7.0089001e-24
   3.4454776e+01   6.9725332e-24
   3.4534229e+01   6.9365164e-24
   3.4613865e+01   6.9008491e-24
   3.4693685e+01   6.8655308e-24
   3.4773689e+01   6.8305610e-24
   3.4853877e+01   6.7959391e-24
   3.4934251e+01   6.7616646e-24
   3.5014809e+01   6.7277368e-24
   3.5095554e+01   6.6941552e-24
   3.5176484e+01   6.6609193e-24
   3.5257602e+01   6.6280285e-24
   3.5338906e+01   6.5954822e-24
   3.5420398e+01   6.5632798e-24
   3.5502077e+01   6.5314206e-24
   3.5583945e+01   6.4999042e-24
   3.5666002e+01   6.4687298e-24
   3.5748248e+01   6.4378969e-24
   3.5830684e+01   6.4074048e-24
   3.5913310e+01   6.3772528e-24
   3.5996126e+01   6.3474403e-24
   3.6079134e+01   6.3179667e-24
   3.6162332e+01   6.2888312e-24
   3.6245723e+01   6.2600333e-24
   3.6329306e+01   6.2315720e-24
   3.6413082e+01   6.2034468e-24
   3.6497050e+01   6.1756570e-24
   3.6581213e+01   6.1482017e-24
   3.6665569e+01   6.1210802e-24
   3.6750120e+01   6.0942918e-24
   3.6834867e+01   6.0678356e-24
   3.6919808e+01   6.0417109e-24
   3.7004945e+01   6.0159168e-24
   3.7090279e+01   5.9904525e-24
   3.7175810e+01   5.9653172e-24
   3.7261537e+01   5.9405099e-24
   3.7347463e+01   5.9160299e-24
   3.7433586e+01   5.8918761e-24
   3.7519908e+01   5.8680477e-24
   3.7606429e+01   5.8445438e-24
   3.7693150e+01   5.8213633e-24
   3.7780071e+01   5.7985053e-24
   3.7867192e+01   5.7759688e-24
   3.7954514e+01   5.7537528e-24
   3.8042037e+01   5.7318562e-24
   3.8129763e+01   5.7102780e-24
   3.8217690e+01   5.6890171e-24
   3.8305821e+01   5.6680724e-24
   3.8394154e+01   5.6474427e-24
   3.8482691e+01   5.6271270e-24
   3.8571433e+01   5.6071241e-24
   3.8660379e+01   5.5874327e-24
   3.8749530e+01   5.5680517e-24
   3.8838886e+01   5.5489798e-24
   3.8928449e+01   5.5302158e-24
   3.9018219e+01   5.5117584e-24
   3.9108195e+01   5.4936063e-24
   3.9198379e+01   5.4757582e-24
   3.9288770e+01   5.4582127e-24
   3.9379371e+01   5.4409685e-24
   3.9470180e+01   5.4240241e-24
   3.9561198e+01   5.4073782e-24
   3.9652427e+01   5.3910292e-24
   3.9743865e+01   5.3749758e-24
   3.9835515e+01   5.3592165e-24
   3.9927376e+01   5.3437497e-24
   4.0019449e+01   5.3285739e-24
   4.0111734e+01   5.3136876e-24
   4.0204232e+01   5.2990891e-24
   4.0296943e+01   5.2847770e-24
   4.0389868e+01   5.2707495e-24
   4.0483008e+01   5.2570049e-24
   4.0576362e+01   5.2435418e-24
   4.0669931e+01   5.2303582e-24
   4.0763716e+01   5.2174526e-24
   4.0857718e+01   5.2048232e-24
   4.0951936e+01   5.1924682e-24
   4.1046372e+01   5.1803859e-24
   4.1141025e+01   5.1685744e-24
   4.1235896e+01   5.1570320e-24
   4.1330987e+01   5.1457568e-24
   4.1426296e+01   5.1347469e-24
   4.1521826e+01   5.1240005e-24
   4.1617575e+01   5.1135157e-24
   4.1713546e+01   5.1032906e-24
   4.1809737e+01   5.0933231e-24
   4.1906151e+01   5.0836114e-24
   4.2002787e+01   5.0741535e-24
   4.2099646e+01   5.0649475e-24
   4.2196728e+01   5.0559912e-24
   4.2294034e+01   5.0472827e-24
   4.2391564e+01   5.0388200e-24
   4.2489319e+01   5.0306010e-24
   4.2587300e+01   5.0226236e-24
   4.2685507e+01   5.0148858e-24
   4.2783940e+01   5.0073855e-24
   4.2882600e+01   5.0001206e-24
   4.2981488e+01   4.9930889e-24
   4.3080603e+01   4.9862884e-24
   4.3179947e+01   4.9797168e-24
   4.3279521e+01   4.9733721e-24
   4.3379324e+01   4.9672521e-24
   4.3479357e+01   4.9613546e-24
   4.3579620e+01   4.9556774e-24
   4.3680115e+01   4.9502184e-24
   4.3780842e+01   4.9449754e-24
   4.3881801e+01   4.9399461e-24
   4.3982993e+01   4.9351284e-24
   4.4084418e+01   4.9305201e-24
   4.4186077e+01   4.9261189e-24
   4.4287970e+01   4.9219226e-24
   4.4390099e+01   4.9179291e-24
   4.4492463e+01   4.9141360e-24
   4.4595062e+01   4.9105411e-24
   4.4697899e+01   4.9071423e-24
   4.4800973e+01   4.9039372e-24
   4.4904284e+01   4.9009237e-24
   4.5007834e+01   4.8980995e-24
   4.5111622e+01   4.8954624e-24
   4.5215650e+01   4.8930102e-24
   4.5319918e+01   4.8907405e-24
   4.5424426e+01   4.8886513e-24
   4.5529175e+01   4.8867402e-24
   4.5634165e+01   4.8850051e-24
   4.5739398e+01   4.8834438e-24
   4.5844873e+01   4.8820539e-24
   4.5950592e+01   4.8808334e-24
   4.6056554e+01   4.8797799e-24
   4.6162761e+01   4.8788914e-24
   4.6269213e+01   4.8781656e-24
   4.6375910e+01   4.8776004e-24
   4.6482853e+01   4.8771935e-24
   4.6590043e+01   4.8769428e-24
   4.6697480e+01   4.8768461e-24
   4.6805165e+01   4.8769014e-24
   4.6913098e+01   4.8771064e-24
   4.7021280e+01   4.8774590e-24
   4.7129711e+01   4.8779571e-24
   4.7238393e+01   4.8785986e-24
   4.7347325e+01   4.8793814e-24
   4.7456508e+01   4.8803033e-24
   4.7565943e+01   4.8813624e-24
   4.7675631e+01   4.8825566e-24
   4.7785571e+01   4.8838837e-24
   4.7895765e+01   4.8853418e-24
   4.8006213e+01   4.8869289e-24
   4.8116916e+01   4.8886429e-24
   4.8227874e+01   4.8904818e-24
   4.8339087e+01   4.8924436e-24
   4.8450558e+01   4.8945264e-24
   4.8562285e+01   4.8967283e-24
   4.8674270e+01   4.8990472e-24
   4.8786513e+01   4.9014812e-24
   4.8899015e+01   4.9040285e-24
   4.9011777e+01   4.9066871e-24
   4.9124798e+01   4.9094551e-24
   4.9238081e+01   4.9123308e-24
   4.9351624e+01   4.9153121e-24
   4.9465429e+01   4.9183974e-24
   4.9579497e+01   4.9215848e-24
   4.9693828e+01   4.9248724e-24
   4.9808422e+01   4.9282585e-24
   4.9923280e+01   4.9317414e-24
   5.0038404e+01   4.9353193e-24
   5.0153793e+01   4.9389904e-24
   5.0269448e+01   4.9427530e-24
   5.0385370e+01   4.9466055e-24
   5.0501559e+01   4.9505461e-24
   5.0618016e+01   4.9545732e-24
   5.0734741e+01   4.9586851e-24
   5.0851736e+01   4.9628802e-24
   5.0969000e+01   4.9671569e-24
   5.1086535e+01   4.9715136e-24
   5.1204341e+01   4.9759487e-24
   5.1322419e+01   4.9804607e-24
   5.1440769e+01   4.9850479e-24
   5.1559392e+01   4.9897090e-24
   5.1678288e+01   4.9944423e-24
   5.1797458e+01   4.9992464e-24
   5.1916904e+01   5.0041198e-24
   5.2036625e+01   5.0090610e-24
   5.2156621e+01   5.0140686e-24
   5.2276895e+01   5.0191413e-24
   5.2397446e+01   5.0242775e-24
   5.2518275e+01   5.0294758e-24
   5.2639382e+01   5.0347351e-24
   5.2760769e+01   5.0400537e-24
   5.2882436e+01   5.0454305e-24
   5.3004383e+01   5.0508641e-24
   5.3126612e+01   5.0563532e-24
   5.3249122e+01   5.0618965e-24
   5.3371915e+01   5.0674928e-24
   5.3494991e+01   5.0731408e-24
   5.3618351e+01   5.0788392e-24
   5.3741995e+01   5.0845868e-24
   5.3865925e+01   5.0903825e-24
   5.3990140e+01   5.0962251e-24
   5.4114642e+01   5.1021133e-24
   5.4239430e+01   5.1080460e-24
   5.4364507e+01   5.1140221e-24
   5.4489872e+01   5.1200404e-24
   5.4615526e+01   5.1261000e-24
   5.4741470e+01   5.1321995e-24
   5.4867704e+01   5.1383380e-24
   5.4994229e+01   5.1445145e-24
   5.5121046e+01   5.1507278e-24
   5.5248156e+01   5.1569770e-24
   5.5375559e+01   5.1632610e-24
   5.5503255e+01   5.1695788e-24
   5.5631246e+01   5.1759294e-24
   5.5759532e+01   5.1823119e-24
   5.5888114e+01   5.1887253e-24
   5.6016992e+01   5.1951686e-24
   5.6146168e+01   5.2016410e-24
   5.6275642e+01   5.2081414e-24
   5.6405414e+01   5.2146691e-24
   5.6535485e+01   5.2212231e-24
   5.6665856e+01   5.2278026e-24
   5.6796528e+01   5.2344066e-24
   5.6927501e+01   5.2410344e-24
   5.7058777e+01   5.2476851e-24
   5.7190355e+01   5.2543578e-24
   5.7322236e+01   5.2610519e-24
   5.7454421e+01   5.2677664e-24
   5.7586912e+01   5.2745006e-24
   5.7719708e+01   5.2812537e-24
   5.7852810e+01   5.2880249e-24
   5.7986219e+01   5.2948136e-24
   5.8119935e+01   5.3016190e-24
   5.8253960e+01   5.3084403e-24
   5.8388294e+01   5.3152769e-24
   5.8522938e+01   5.3221280e-24
   5.8657893e+01   5.3289929e-24
   5.8793158e+01   5.3358711e-24
   5.8928736e+01   5.3427617e-24
   5.9064626e+01   5.3496643e-24
   5.9200829e+01   5.3565780e-24
   5.9337347e+01   5.3635023e-24
   5.9474179e+01   5.3704366e-24
   5.9611327e+01   5.3773802e-24
   5.9748791e+01   5.3843326e-24
   5.9886572e+01   5.3912932e-24
   6.0024671e+01   5.3982613e-24
   6.0163089e+01   5.4052364e-24
   6.0301825e+01   5.4122180e-24
   6.0440882e+01   5.4192054e-24
   6.0580259e+01   5.4261983e-24
   6.0719957e+01   5.4331959e-24
   6.0859978e+01   5.4401978e-24
   6.1000322e+01   5.4472035e-24
   6.1140989e+01   5.4542125e-24
   6.1281980e+01   5.4612243e-24
   6.1423297e+01   5.4682384e-24
   6.1564940e+01   5.4752543e-24
   6.1706909e+01   5.4822715e-24
   6.1849206e+01   5.4892896e-24
   6.1991830e+01   5.4963082e-24
   6.2134784e+01   5.5033267e-24
   6.2278067e+01   5.5103449e-24
   6.2421681e+01   5.5173621e-24
   6.2565626e+01   5.5243780e-24
   6.2709903e+01   5.5313923e-24
   6.2854512e+01   5.5384044e-24
   6.2999455e+01   5.5454140e-24
   6.3144732e+01   5.5524207e-24
   6.3290345e+01   5.5594241e-24
   6.3436293e+01   5.5664239e-24
   6.3582577e+01   5.5734197e-24
   6.3729199e+01   5.5804110e-24
   6.3876159e+01   5.5873977e-24
   6.4023458e+01   5.5943792e-24
   6.4171097e+01   5.6013553e-24
   6.4319076e+01   5.6083257e-24
   6.4467396e+01   5.6152899e-24
   6.4616058e+01   5.6222478e-24
   6.4765063e+01   5.6291989e-24
   6.4914412e+01   5.6361430e-24
   6.5064105e+01   5.6430798e-24
   6.5214144e+01   5.6500090e-24
   6.5364528e+01   5.6569302e-24
   6.5515259e+01   5.6638432e-24
   6.5666338e+01   5.6707478e-24
   6.5817765e+01   5.6776436e-24
   6.5969541e+01   5.6845303e-24
   6.6121667e+01   5.6914078e-24
   6.6274144e+01   5.6982758e-24
   6.6426973e+01   5.7051339e-24
   6.6580154e+01   5.7119821e-24
   6.6733688e+01   5.7188199e-24
   6.6887577e+01   5.7256473e-24
   6.7041820e+01   5.7324639e-24
   6.7196419e+01   5.7392696e-24
   6.7351374e+01   5.7460641e-24
   6.7506687e+01   5.7528471e-24
   6.7662358e+01   5.7596186e-24
   6.7818388e+01   5.7663783e-24
   6.7974778e+01   5.7731259e-24
   6.8131528e+01   5.7798614e-24
   6.8288640e+01   5.7865844e-24
   6.8446114e+01   5.7932949e-24
   6.8603951e+01   5.7999926e-24
   6.8762153e+01   5.8066773e-24
   6.8920719e+01   5.8133489e-24
   6.9079650e+01   5.8200072e-24
   6.9238949e+01   5.8266521e-24
   6.9398614e+01   5.8332833e-24
   6.9558648e+01   5.8399007e-24
   6.9719051e+01   5.8465042e-24
   6.9879823e+01   5.8530937e-24
   7.0040967e+01   5.8596688e-24
   7.0202482e+01   5.8662296e-24
   7.0364369e+01   5.8727759e-24
   7.0526630e+01   5.8793075e-24
   7.0689265e+01   5.8858244e-24
   7.0852275e+01   5.8923263e-24
   7.1015661e+01   5.8988132e-24
   7.1179423e+01   5.9052849e-24
   7.1343564e+01   5.9117413e-24
   7.1508083e+01   5.9181823e-24
   7.1672981e+01   5.9246078e-24
   7.1838259e+01   5.9310177e-24
   7.2003919e+01   5.9374119e-24
   7.2169960e+01   5.9437902e-24
   7.2336385e+01   5.9501526e-24
   7.2503193e+01   5.9564989e-24
   7.2670386e+01   5.9628291e-24
   7.2837964e+01   5.9691431e-24
   7.3005929e+01   5.9754408e-24
   7.3174282e+01   5.9817222e-24
   7.3343022e+01   5.9879870e-24
   7.3512152e+01   5.9942353e-24
   7.3681671e+01   6.0004669e-24
   7.3851582e+01   6.0066818e-24
   7.4021884e+01   6.0128800e-24
   7.4192579e+01   6.0190612e-24
   7.4363668e+01   6.0252256e-24
   7.4535151e+01   6.0313730e-24
   7.4707029e+01   6.0375033e-24
   7.4879304e+01   6.0436165e-24
   7.5051977e+01   6.0497125e-24
   7.5225047e+01   6.0557913e-24
   7.5398517e+01   6.0618528e-24
   7.5572386e+01   6.0678970e-24
   7.5746657e+01   6.0739238e-24
   7.5921329e+01   6.0799331e-24
   7.6096404e+01   6.0859250e-24
   7.6271883e+01   6.0918994e-24
   7.6447767e+01   6.0978561e-24
   7.6624056e+01   6.1037953e-24
   7.6800751e+01   6.1097169e-24
   7.6977855e+01   6.1156207e-24
   7.7155366e+01   6.1215069e-24
   7.7333287e+01   6.1273753e-24
   7.7511618e+01   6.1332259e-24
   7.7690361e+01   6.1390587e-24
   7.7869515e+01   6.1448737e-24
   7.8049083e+01   6.1506708e-24
   7.8229065e+01   6.1564500e-24
   7.8409461e+01   6.1622114e-24
   7.8590274e+01   6.1679548e-24
   7.8771504e+01   6.1736803e-24
   7.8953152e+01   6.1793878e-24
   7.9135218e+01   6.1850773e-24
   7.9317705e+01   6.1907489e-24
   7.9500612e+01   6.1964024e-24
   7.9683941e+01   6.2020380e-24
   7.9867693e+01   6.2076555e-24
   8.0051868e+01   6.2132550e-24
   8.0236468e+01   6.2188364e-24
   8.0421494e+01   6.2243999e-24
   8.0606947e+01   6.2299452e-24
   8.0792827e+01   6.2354725e-24
   8.0979136e+01   6.2409818e-24
   8.1165874e+01   6.2464730e-24
   8.1353044e+01   6.2519462e-24
   8.1540644e+01   6.2574013e-24
   8.1728678e+01   6.2628384e-24
   8.1917145e+01   6.2682574e-24
   8.2106046e+01   6.2736584e-24
   8.2295383e+01   6.2790414e-24
   8.2485157e+01   6.2844063e-24
   8.2675369e+01   6.2897532e-24
   8.2866019e+01   6.2950822e-24
   8.3057108e+01   6.3003931e-24
   8.3248639e+01   6.3056861e-24
   8.3440611e+01   6.3109611e-24
   8.3633025e+01   6.3162182e-24
   8.3825884e+01   6.3214573e-24
   8.4019187e+01   6.3266786e-24
   8.4212936e+01   6.3318819e-24
   8.4407131e+01   6.3370673e-24
   8.4601775e+01   6.3422349e-24
   8.4796867e+01   6.3473846e-24
   8.4992409e+01   6.3525165e-24
   8.5188403e+01   6.3576306e-24
   8.5384848e+01   6.3627270e-24
   8.5581746e+01   6.3678056e-24
   8.5779098e+01   6.3728664e-24
   8.5976905e+01   6.3779096e-24
   8.6175169e+01   6.3829350e-24
   8.6373889e+01   6.3879429e-24
   8.6573068e+01   6.3929330e-24
   8.6772706e+01   6.3979056e-24
   8.6972805e+01   6.4028607e-24
   8.7173365e+01   6.4077982e-24
   8.7374387e+01   6.4127181e-24
   8.7575873e+01   6.4176207e-24
   8.7777824e+01   6.4225057e-24
   8.7980240e+01   6.4273734e-24
   8.8183123e+01   6.4322236e-24
   8.8386474e+01   6.4370566e-24
   8.8590294e+01   6.4418722e-24
   8.8794584e+01   6.4466705e-24
   8.8999345e+01   6.4514516e-24
   8.9204578e+01   6.4562155e-24
   8.9410285e+01   6.4609622e-24
   8.9616465e+01   6.4656918e-24
   8.9823122e+01   6.4704042e-24
   9.0030254e+01   6.4750997e-24
   9.0237865e+01   6.4797781e-24
   9.0445954e+01   6.4844395e-24
   9.0654523e+01   6.4890840e-24
   9.0863573e+01   6.4937116e-24
   9.1073105e+01   6.4983223e-24
   9.1283120e+01   6.5029162e-24
   9.1493620e+01   6.5074933e-24
   9.1704605e+01   6.5120537e-24
   9.1916077e+01   6.5165974e-24
   9.2128036e+01   6.5211245e-24
   9.2340484e+01   6.5256350e-24
   9.2553422e+01   6.5301288e-24
   9.2766850e+01   6.5346062e-24
   9.2980771e+01   6.5390671e-24
   9.3195186e+01   6.5435116e-24
   9.3410095e+01   6.5479397e-24
   9.3625499e+01   6.5523514e-24
   9.3841400e+01   6.5567469e-24
   9.4057799e+01   6.5611261e-24
   9.4274697e+01   6.5654891e-24
   9.4492095e+01   6.5698360e-24
   9.4709995e+01   6.5741667e-24
   9.4928397e+01   6.5784814e-24
   9.5147302e+01   6.5827801e-24
   9.5366713e+01   6.5870629e-24
   9.5586629e+01   6.5913297e-24
   9.5807053e+01   6.5955806e-24
   9.6027984e+01   6.5998158e-24
   9.6249426e+01   6.6040352e-24
   9.6471378e+01   6.6082388e-24
   9.6693841e+01   6.6124269e-24
   9.6916818e+01   6.6165993e-24
   9.7140309e+01   6.6207561e-24
   9.7364315e+01   6.6248974e-24
   9.7588838e+01   6.6290233e-24
   9.7813879e+01   6.6331337e-24
   9.8039438e+01   6.6372288e-24
   9.8265518e+01   6.6413086e-24
   9.8492119e+01   6.6453731e-24
   9.8719243e+01   6.6494224e-24
   9.8946890e+01   6.6534566e-24
   9.9175062e+01   6.6574757e-24
   9.9403761e+01   6.6614797e-24
   9.9632987e+01   6.6654688e-24
   9.9862741e+01   6.6694429e-24
   1.0009303e+02   6.6734021e-24
   1.0032384e+02   6.6773465e-24
   1.0055519e+02   6.6812761e-24
   1.0078707e+02   6.6851910e-24
   1.0101948e+02   6.6890912e-24
   1.0125244e+02   6.6929768e-24
   1.0148593e+02   6.6968478e-24
   1.0171995e+02   6.7007043e-24
   1.0195452e+02   6.7045464e-24
   1.0218963e+02   6.7083740e-24
   1.0242528e+02   6.7121873e-24
   1.0266147e+02   6.7159864e-24
   1.0289821e+02   6.7197712e-24
   1.0313549e+02   6.7235418e-24
   1.0337332e+02   6.7272983e-24
   1.0361170e+02   6.7310407e-24
   1.0385063e+02   6.7347691e-24
   1.0409011e+02   6.7384835e-24
   1.0433015e+02   6.7421841e-24
   1.0457073e+02   6.7458708e-24
   1.0481187e+02   6.7495437e-24
   1.0505357e+02   6.7532029e-24
   1.0529582e+02   6.7568483e-24
   1.0553864e+02   6.7604802e-24
   1.0578201e+02   6.7640985e-24
   1.0602594e+02   6.7677033e-24
   1.0627044e+02   6.7712946e-24
   1.0651550e+02   6.7748725e-24
   1.0676113e+02   6.7784371e-24
   1.0700732e+02   6.7819884e-24
   1.0725408e+02   6.7855265e-24
   1.0750141e+02   6.7890514e-24
   1.0774931e+02   6.7925632e-24
   1.0799778e+02   6.7960619e-24
   1.0824682e+02   6.7995476e-24
   1.0849644e+02   6.8030203e-24
   1.0874663e+02   6.8064802e-24
   1.0899740e+02   6.8099273e-24
   1.0924875e+02   6.8133615e-24
   1.0950068e+02   6.8167831e-24
   1.0975319e+02   6.8201919e-24
   1.1000628e+02   6.8235882e-24
   1.1025996e+02   6.8269719e-24
   1.1051422e+02   6.8303431e-24
   1.1076906e+02   6.8337019e-24
   1.1102450e+02   6.8370483e-24
   1.1128052e+02   6.8403824e-24
   1.1153714e+02   6.8437042e-24
   1.1179434e+02   6.8470138e-24
   1.1205214e+02   6.8503113e-24
   1.1231053e+02   6.8535967e-24
   1.1256952e+02   6.8568700e-24
   1.1282911e+02   6.8601313e-24
   1.1308929e+02   6.8633807e-24
   1.1335008e+02   6.8666183e-24
   1.1361146e+02   6.8698440e-24
   1.1387345e+02   6.8730580e-24
   1.1413605e+02   6.8762603e-24
   1.1439924e+02   6.8794509e-24
   1.1466305e+02   6.8826300e-24
   1.1492746e+02   6.8857975e-24
   1.1519249e+02   6.8889536e-24
   1.1545812e+02   6.8920982e-24
   1.1572437e+02   6.8952315e-24
   1.1599123e+02   6.8983535e-24
   1.1625871e+02   6.9014642e-24
   1.1652680e+02   6.9045638e-24
   1.1679551e+02   6.9076522e-24
   1.1706484e+02   6.9107296e-24
   1.1733480e+02   6.9137959e-24
   1.1760537e+02   6.9168513e-24
   1.1787657e+02   6.9198958e-24
   1.1814839e+02   6.9229294e-24
   1.1842085e+02   6.9259522e-24
   1.1869392e+02   6.9289643e-24
   1.1896763e+02   6.9319657e-24
   1.1924197e+02   6.9349565e-24
   1.1951695e+02   6.9379367e-24
   1.1979255e+02   6.9409065e-24
   1.2006880e+02   6.9438657e-24
   1.2034568e+02   6.9468146e-24
   1.2062319e+02   6.9497531e-24
   1.2090135e+02   6.9526813e-24
   1.2118015e+02   6.9555994e-24
   1.2145959e+02   6.9585072e-24
   1.2173968e+02   6.9614049e-24
   1.2202041e+02   6.9642926e-24
   1.2230179e+02   6.9671702e-24
   1.2258382e+02   6.9700379e-24
   1.2286650e+02   6.9728957e-24
   1.2314983e+02   6.9757436e-24
   1.2343382e+02   6.9785818e-24
   1.2371846e+02   6.9814103e-24
   1.2400375e+02   6.9842290e-24
   1.2428971e+02   6.9870382e-24
   1.2457632e+02   6.9898378e-24
   1.2486359e+02   6.9926279e-24
   1.2515153e+02   6.9954085e-24
   1.2544013e+02   6.9981797e-24
   1.2572940e+02   7.0009416e-24
   1.2601933e+02   7.0036942e-24
   1.2630993e+02   7.0064376e-24
   1.2660120e+02   7.0091718e-24
   1.2689314e+02   7.0118969e-24
   1.2718576e+02   7.0146129e-24
   1.2747905e+02   7.0173198e-24
   1.2777302e+02   7.0200179e-24
   1.2806767e+02   7.0227070e-24
   1.2836299e+02   7.0253873e-24
   1.2865900e+02   7.0280588e-24
   1.2895569e+02   7.0307215e-24
   1.2925306e+02   7.0333755e-24
   1.2955112e+02   7.0360210e-24
   1.2984986e+02   7.0386578e-24
   1.3014930e+02   7.0412861e-24
   1.3044942e+02   7.0439060e-24
   1.3075024e+02   7.0465174e-24
   1.3105175e+02   7.0491205e-24
   1.3135396e+02   7.0517152e-24
   1.3165686e+02   7.0543017e-24
   1.3196046e+02   7.0568800e-24
   1.3226476e+02   7.0594502e-24
   1.3256977e+02   7.0620122e-24
   1.3287547e+02   7.0645662e-24
   1.3318189e+02   7.0671122e-24
   1.3348901e+02   7.0696503e-24
   1.3379683e+02   7.0721805e-24
   1.3410537e+02   7.0747029e-24
   1.3441462e+02   7.0772175e-24
   1.3472458e+02   7.0797244e-24
   1.3503525e+02   7.0822236e-24
   1.3534665e+02   7.0847152e-24
   1.3565876e+02   7.0871992e-24
   1.3597159e+02   7.0896757e-24
   1.3628514e+02   7.0921448e-24
   1.3659941e+02   7.0946064e-24
   1.3691441e+02   7.0970607e-24
   1.3723014e+02   7.0995077e-24
   1.3754659e+02   7.1019475e-24
   1.3786377e+02   7.1043800e-24
   1.3818169e+02   7.1068054e-24
   1.3850034e+02   7.1092237e-24
   1.3881972e+02   7.1116350e-24
   1.3913984e+02   7.1140393e-24
   1.3946070e+02   7.1164366e-24
   1.3978229e+02   7.1188271e-24
   1.4010463e+02   7.1212107e-24
   1.4042772e+02   7.1235875e-24
   1.4075154e+02   7.1259576e-24
   1.4107612e+02   7.1283210e-24
   1.4140144e+02   7.1306778e-24
   1.4172751e+02   7.1330281e-24
   1.4205434e+02   7.1353718e-24
   1.4238192e+02   7.1377090e-24
   1.4271025e+02   7.1400398e-24
   1.4303934e+02   7.1423642e-24
   1.4336919e+02   7.1446823e-24
   1.4369980e+02   7.1469941e-24
   1.4403117e+02   7.1492997e-24
   1.4436331e+02   7.1515992e-24
   1.4469621e+02   7.1538925e-24
   1.4502988e+02   7.1561798e-24
   1.4536432e+02   7.1584610e-24
   1.4569954e+02   7.1607363e-24
   1.4603552e+02   7.1630056e-24
   1.4637228e+02   7.1652691e-24
   1.4670981e+02   7.1675268e-24
   1.4704813e+02   7.1697787e-24
   1.4738722e+02   7.1720249e-24
   1.4772710e+02   7.1742654e-24
   1.4806776e+02   7.1765003e-24
   1.4840920e+02   7.1787297e-24
   1.4875144e+02   7.1809535e-24
   1.4909446e+02   7.1831719e-24
   1.4943827e+02   7.1853848e-24
   1.4978288e+02   7.1875924e-24
   1.5012828e+02   7.1897946e-24
   1.5047447e+02   7.1919916e-24
   1.5082147e+02   7.1941834e-24
   1.5116927e+02   7.1963700e-24
   1.5151786e+02   7.1985515e-24
   1.5186726e+02   7.2007279e-24
   1.5221747e+02   7.2028993e-24
   1.5256849e+02   7.2050657e-24
   1.5292031e+02   7.2072272e-24
   1.5327295e+02   7.2093838e-24
   1.5362639e+02   7.2115356e-24
   1.5398066e+02   7.2136826e-24
   1.5433574e+02   7.2158248e-24
   1.5469164e+02   7.2179624e-24
   1.5504836e+02   7.2200954e-24
   1.5540590e+02   7.2222238e-24
   1.5576427e+02   7.2243476e-24
   1.5612346e+02   7.2264670e-24
   1.5648348e+02   7.2285819e-24
   1.5684434e+02   7.2306924e-24
   1.5720602e+02   7.2327986e-24
   1.5756854e+02   7.2349005e-24
   1.5793189e+02   7.2369981e-24
   1.5829608e+02   7.2390916e-24
   1.5866112e+02   7.2411809e-24
   1.5902699e+02   7.2432661e-24
   1.5939371e+02   7.2453472e-24
   1.5976127e+02   7.2474244e-24
   1.6012968e+02   7.2494975e-24
   1.6049894e+02   7.2515668e-24
   1.6086905e+02   7.2536322e-24
   1.6124002e+02   7.2556938e-24
   1.6161184e+02   7.2577516e-24
   1.6198452e+02   7.2598057e-24
   1.6235805e+02   7.2618561e-24
   1.6273245e+02   7.2639029e-24
   1.6310772e+02   7.2659461e-24
   1.6348384e+02   7.2679858e-24
   1.6386084e+02   7.2700220e-24
   1.6423870e+02   7.2720547e-24
   1.6461744e+02   7.2740841e-24
   1.6499705e+02   7.2761101e-24
   1.6537753e+02   7.2781328e-24
   1.6575889e+02   7.2801523e-24
   1.6614114e+02   7.2821686e-24
   1.6652426e+02   7.2841817e-24
   1.6690826e+02   7.2861917e-24
   1.6729316e+02   7.2881986e-24
   1.6767894e+02   7.2902025e-24
   1.6806560e+02   7.2922035e-24
   1.6845316e+02   7.2942015e-24
   1.6884162e+02   7.2961967e-24
   1.6923097e+02   7.2981890e-24
   1.6962122e+02   7.3001785e-24
   1.7001236e+02   7.3021653e-24
   1.7040441e+02   7.3041494e-24
   1.7079737e+02   7.3061308e-24
   1.7119123e+02   7.3081097e-24
   1.7158600e+02   7.3100860e-24
   1.7198168e+02   7.3120598e-24
   1.7237827e+02   7.3140311e-24
   1.7277577e+02   7.3160000e-24
   1.7317419e+02   7.3179666e-24
   1.7357354e+02   7.3199308e-24
   1.7397380e+02   7.3218927e-24
   1.7437498e+02   7.3238524e-24
   1.7477709e+02   7.3258100e-24
   1.7518013e+02   7.3277653e-24
   1.7558410e+02   7.3297186e-24
   1.7598899e+02   7.3316699e-24
   1.7639483e+02   7.3336191e-24
   1.7680159e+02   7.3355664e-24
   1.7720930e+02   7.3375117e-24
   1.7761795e+02   7.3394552e-24
   1.7802753e+02   7.3413969e-24
   1.7843807e+02   7.3433368e-24
   1.7884955e+02   7.3452749e-24
   1.7926198e+02   7.3472114e-24
   1.7967535e+02   7.3491463e-24
   1.8008969e+02   7.3510795e-24
   1.8050498e+02   7.3530112e-24
   1.8092122e+02   7.3549414e-24
   1.8133843e+02   7.3568701e-24
   1.8175659e+02   7.3587974e-24
   1.8217573e+02   7.3607234e-24
   1.8259583e+02   7.3626480e-24
   1.8301689e+02   7.3645713e-24
   1.8343893e+02   7.3664934e-24
   1.8386194e+02   7.3684144e-24
   1.8428593e+02   7.3703341e-24
   1.8471089e+02   7.3722528e-24
   1.8513684e+02   7.3741704e-24
   1.8556377e+02   7.3760871e-24
   1.8599168e+02   7.3780027e-24
   1.8642058e+02   7.3799174e-24
   1.8685046e+02   7.3818313e-24
   1.8728134e+02   7.3837443e-24
   1.8771321e+02   7.3856566e-24
   1.8814608e+02   7.3875681e-24
   1.8857995e+02   7.3894789e-24
   1.8901482e+02   7.3913890e-24
   1.8945068e+02   7.3932986e-24
   1.8988756e+02   7.3952076e-24
   1.9032544e+02   7.3971160e-24
   1.9076433e+02   7.3990240e-24
   1.9120424e+02   7.4009316e-24
   1.9164516e+02   7.4028388e-24
   1.9208709e+02   7.4047456e-24
   1.9253005e+02   7.4066522e-24
   1.9297402e+02   7.4085585e-24
   1.9341902e+02   7.4104646e-24
   1.9386505e+02   7.4123705e-24
   1.9431210e+02   7.4142764e-24
   1.9476019e+02   7.4161821e-24
   1.9520930e+02   7.4180878e-24
   1.9565946e+02   7.4199936e-24
   1.9611065e+02   7.4218994e-24
   1.9656288e+02   7.4238053e-24
   1.9701616e+02   7.4257114e-24
   1.9747048e+02   7.4276176e-24
   1.9792585e+02   7.4295241e-24
   1.9838227e+02   7.4314309e-24
   1.9883974e+02   7.4333380e-24
   1.9929826e+02   7.4352455e-24
   1.9975785e+02   7.4371534e-24
   2.0021849e+02   7.4390618e-24
   2.0068020e+02   7.4409707e-24
   2.0114297e+02   7.4428801e-24
   2.0160680e+02   7.4447901e-24
   2.0207171e+02   7.4467008e-24
   2.0253769e+02   7.4486121e-24
   2.0300474e+02   7.4505242e-24
   2.0347287e+02   7.4524370e-24
   2.0394208e+02   7.4543507e-24
   2.0441237e+02   7.4562652e-24
   2.0488375e+02   7.4581806e-24
   2.0535621e+02   7.4600970e-24
   2.0582977e+02   7.4620143e-24
   2.0630441e+02   7.4639327e-24
   2.0678015e+02   7.4658522e-24
   2.0725699e+02   7.4677729e-24
   2.0773492e+02   7.4696946e-24
   2.0821396e+02   7.4716176e-24
   2.0869411e+02   7.4735419e-24
   2.0917536e+02   7.4754675e-24
   2.0965772e+02   7.4773944e-24
   2.1014119e+02   7.4793227e-24
   2.1062578e+02   7.4812524e-24
   2.1111148e+02   7.4831837e-24
   2.1159831e+02   7.4851164e-24
   2.1208625e+02   7.4870507e-24
   2.1257533e+02   7.4889867e-24
   2.1306553e+02   7.4909243e-24
   2.1355686e+02   7.4928636e-24
   2.1404932e+02   7.4948046e-24
   2.1454292e+02   7.4967475e-24
   2.1503766e+02   7.4986922e-24
   2.1553354e+02   7.5006387e-24
   2.1603056e+02   7.5025872e-24
   2.1652873e+02   7.5045377e-24
   2.1702804e+02   7.5064902e-24
   2.1752851e+02   7.5084447e-24
   2.1803013e+02   7.5104014e-24
   2.1853291e+02   7.5123601e-24
   2.1903685e+02   7.5143211e-24
   2.1954195e+02   7.5162844e-24
   2.2004822e+02   7.5182499e-24
   2.2055565e+02   7.5202177e-24
   2.2106425e+02   7.5221879e-24
   2.2157403e+02   7.5241605e-24
   2.2208498e+02   7.5261356e-24
   2.2259711e+02   7.5281132e-24
   2.2311042e+02   7.5300934e-24
   2.2362491e+02   7.5320761e-24
   2.2414060e+02   7.5340615e-24
   2.2465747e+02   7.5360495e-24
   2.2517553e+02   7.5380403e-24
   2.2569478e+02   7.5400339e-24
   2.2621524e+02   7.5420303e-24
   2.2673689e+02   7.5440296e-24
   2.2725975e+02   7.5460317e-24
   2.2778381e+02   7.5480369e-24
   2.2830908e+02   7.5500450e-24
   2.2883556e+02   7.5520562e-24
   2.2936326e+02   7.5540704e-24
   2.2989217e+02   7.5560878e-24
   2.3042231e+02   7.5581084e-24
   2.3095366e+02   7.5601322e-24
   2.3148624e+02   7.5621593e-24
   2.3202005e+02   7.5641897e-24
   2.3255509e+02   7.5662234e-24
   2.3309137e+02   7.5682606e-24
   2.3362888e+02   7.5703012e-24
   2.3416763e+02   7.5723453e-24
   2.3470762e+02   7.5743929e-24
   2.3524886e+02   7.5764442e-24
   2.3579134e+02   7.5784991e-24
   2.3633508e+02   7.5805576e-24
   2.3688007e+02   7.5826199e-24
   2.3742632e+02   7.5846859e-24
   2.3797382e+02   7.5867558e-24
   2.3852259e+02   7.5888295e-24
   2.3907263e+02   7.5909072e-24
   2.3962393e+02   7.5929888e-24
   2.4017651e+02   7.5950744e-24
   2.4073036e+02   7.5971640e-24
   2.4128548e+02   7.5992577e-24
   2.4184189e+02   7.6013556e-24
   2.4239958e+02   7.6034576e-24
   2.4295855e+02   7.6055639e-24
   2.4351882e+02   7.6076745e-24
   2.4408037e+02   7.6097893e-24
   2.4464322e+02   7.6119086e-24
   2.4520737e+02   7.6140322e-24
   2.4577282e+02   7.6161603e-24
   2.4633958e+02   7.6182930e-24
   2.4690764e+02   7.6204301e-24
   2.4747701e+02   7.6225719e-24
   2.4804769e+02   7.6247183e-24
   2.4861969e+02   7.6268694e-24
   2.4919301e+02   7.6290253e-24
   2.4976765e+02   7.6311859e-24
   2.5034362e+02   7.6333514e-24
   2.5092091e+02   7.6355217e-24
   2.5149954e+02   7.6376970e-24
   2.5207950e+02   7.6398773e-24
   2.5266080e+02   7.6420625e-24
   2.5324343e+02   7.6442529e-24
   2.5382742e+02   7.6464483e-24
   2.5441274e+02   7.6486489e-24
   2.5499942e+02   7.6508547e-24
   2.5558745e+02   7.6530658e-24
   2.5617684e+02   7.6552822e-24
   2.5676758e+02   7.6575039e-24
   2.5735969e+02   7.6597310e-24
   2.5795317e+02   7.6619635e-24
   2.5854801e+02   7.6642016e-24
   2.5914422e+02   7.6664452e-24
   2.5974181e+02   7.6686944e-24
   2.6034078e+02   7.6709492e-24
   2.6094112e+02   7.6732097e-24
   2.6154286e+02   7.6754759e-24
   2.6214598e+02   7.6777479e-24
   2.6275049e+02   7.6800257e-24
   2.6335639e+02   7.6823094e-24
   2.6396369e+02   7.6845990e-24
   2.6457240e+02   7.6868946e-24
   2.6518250e+02   7.6891962e-24
   2.6579401e+02   7.6915039e-24
   2.6640694e+02   7.6938177e-24
   2.6702127e+02   7.6961377e-24
   2.6763703e+02   7.6984638e-24
   2.6825420e+02   7.7007963e-24
   2.6887280e+02   7.7031350e-24
   2.6949282e+02   7.7054801e-24
   2.7011427e+02   7.7078316e-24
   2.7073716e+02   7.7101896e-24
   2.7136148e+02   7.7125540e-24
   2.7198724e+02   7.7149250e-24
   2.7261444e+02   7.7173026e-24
   2.7324310e+02   7.7196869e-24
   2.7387320e+02   7.7220779e-24
   2.7450475e+02   7.7244756e-24
   2.7513776e+02   7.7268801e-24
   2.7577223e+02   7.7292915e-24
   2.7640816e+02   7.7317098e-24
   2.7704556e+02   7.7341350e-24
   2.7768443e+02   7.7365672e-24
   2.7832477e+02   7.7390064e-24
   2.7896659e+02   7.7414528e-24
   2.7960989e+02   7.7439063e-24
   2.8025467e+02   7.7463670e-24
   2.8090094e+02   7.7488349e-24
   2.8154870e+02   7.7513102e-24
   2.8219796e+02   7.7537928e-24
   2.8284871e+02   7.7562828e-24
   2.8350096e+02   7.7587802e-24
   2.8415471e+02   7.7612851e-24
   2.8480998e+02   7.7637976e-24
   2.8546675e+02   7.7663177e-24
   2.8612504e+02   7.7688455e-24
   2.8678485e+02   7.7713809e-24
   2.8744617e+02   7.7739241e-24
   2.8810903e+02   7.7764751e-24
   2.8877341e+02   7.7790339e-24
   2.8943932e+02   7.7816007e-24
   2.9010677e+02   7.7841754e-24
   2.9077576e+02   7.7867581e-24
   2.9144629e+02   7.7893489e-24
   2.9211837e+02   7.7919478e-24
   2.9279200e+02   7.7945549e-24
   2.9346718e+02   7.7971702e-24
   2.9414391e+02   7.7997937e-24
   2.9482221e+02   7.8024256e-24
   2.9550207e+02   7.8050658e-24
   2.9618350e+02   7.8077145e-24
   2.9686651e+02   7.8103716e-24
   2.9755108e+02   7.8130373e-24
   2.9823724e+02   7.8157115e-24
   2.9892498e+02   7.8183944e-24
   2.9961430e+02   7.8210860e-24
   3.0030521e+02   7.8237863e-24
   3.0099772e+02   7.8264954e-24
   3.0169182e+02   7.8292133e-24
   3.0238752e+02   7.8319401e-24
   3.0308483e+02   7.8346759e-24
   3.0378375e+02   7.8374207e-24
   3.0448428e+02   7.8401746e-24
   3.0518642e+02   7.8429375e-24
   3.0589018e+02   7.8457096e-24
   3.0659557e+02   7.8484910e-24
   3.0730258e+02   7.8512816e-24
   3.0801122e+02   7.8540815e-24
   3.0872150e+02   7.8568908e-24
   3.0943341e+02   7.8597096e-24
   3.1014697e+02   7.8625378e-24
   3.1086217e+02   7.8653756e-24
   3.1157902e+02   7.8682230e-24
   3.1229752e+02   7.8710800e-24
   3.1301768e+02   7.8739467e-24
   3.1373950e+02   7.8768232e-24
   3.1446299e+02   7.8797095e-24
   3.1518814e+02   7.8826057e-24
   3.1591497e+02   7.8855117e-24
   3.1664347e+02   7.8884278e-24
   3.1737365e+02   7.8913539e-24
   3.1810552e+02   7.8942901e-24
   3.1883907e+02   7.8972365e-24
   3.1957432e+02   7.9001930e-24
   3.2031126e+02   7.9031598e-24
   3.2104990e+02   7.9061369e-24
   3.2179024e+02   7.9091244e-24
   3.2253229e+02   7.9121223e-24
   3.2327606e+02   7.9151307e-24
   3.2402153e+02   7.9181496e-24
   3.2476873e+02   7.9211791e-24
   3.2551765e+02   7.9242193e-24
   3.2626829e+02   7.9272702e-24
   3.2702067e+02   7.9303318e-24
   3.2777478e+02   7.9334043e-24
   3.2853063e+02   7.9364876e-24
   3.2928823e+02   7.9395819e-24
   3.3004757e+02   7.9426871e-24
   3.3080866e+02   7.9458034e-24
   3.3157151e+02   7.9489308e-24
   3.3233612e+02   7.9520694e-24
   3.3310249e+02   7.9552192e-24
   3.3387062e+02   7.9583803e-24
   3.3464053e+02   7.9615527e-24
   3.3541221e+02   7.9647365e-24
   3.3618568e+02   7.9679317e-24
   3.3696092e+02   7.9711385e-24
   3.3773796e+02   7.9743568e-24
   3.3851679e+02   7.9775868e-24
   3.3929741e+02   7.9808284e-24
   3.4007983e+02   7.9840818e-24
   3.4086406e+02   7.9873470e-24
   3.4165009e+02   7.9906241e-24
   3.4243794e+02   7.9939131e-24
   3.4322760e+02   7.9972141e-24
   3.4401909e+02   8.0005271e-24
   3.4481240e+02   8.0038522e-24
   3.4560754e+02   8.0071894e-24
   3.4640451e+02   8.0105389e-24
   3.4720333e+02   8.0139007e-24
   3.4800398e+02   8.0172748e-24
   3.4880648e+02   8.0206613e-24
   3.4961083e+02   8.0240603e-24
   3.5041703e+02   8.0274718e-24
   3.5122510e+02   8.0308958e-24
   3.5203503e+02   8.0343326e-24
   3.5284682e+02   8.0377820e-24
   3.5366049e+02   8.0412442e-24
   3.5447603e+02   8.0447192e-24
   3.5529346e+02   8.0482071e-24
   3.5611277e+02   8.0517079e-24
   3.5693397e+02   8.0552217e-24
   3.5775706e+02   8.0587487e-24
   3.5858205e+02   8.0622887e-24
   3.5940894e+02   8.0658420e-24
   3.6023774e+02   8.0694085e-24
   3.6106845e+02   8.0729883e-24
   3.6190108e+02   8.0765815e-24
   3.6273563e+02   8.0801881e-24
   3.6357210e+02   8.0838083e-24
   3.6441050e+02   8.0874420e-24
   3.6525083e+02   8.0910894e-24
   3.6609310e+02   8.0947504e-24
   3.6693731e+02   8.0984252e-24
   3.6778347e+02   8.1021139e-24
   3.6863159e+02   8.1058164e-24
   3.6948165e+02   8.1095329e-24
   3.7033368e+02   8.1132633e-24
   3.7118767e+02   8.1170079e-24
   3.7204364e+02   8.1207666e-24
   3.7290157e+02   8.1245395e-24
   3.7376148e+02   8.1283266e-24
   3.7462338e+02   8.1321281e-24
   3.7548727e+02   8.1359440e-24
   3.7635314e+02   8.1397744e-24
   3.7722102e+02   8.1436193e-24
   3.7809089e+02   8.1474788e-24
   3.7896277e+02   8.1513529e-24
   3.7983666e+02   8.1552418e-24
   3.8071257e+02   8.1591454e-24
   3.8159049e+02   8.1630639e-24
   3.8247044e+02   8.1669974e-24
   3.8335242e+02   8.1709458e-24
   3.8423644e+02   8.1749093e-24
   3.8512249e+02   8.1788879e-24
   3.8601059e+02   8.1828816e-24
   3.8690073e+02   8.1868907e-24
   3.8779292e+02   8.1909150e-24
   3.8868718e+02   8.1949548e-24
   3.8958349e+02   8.1990100e-24
   3.9048188e+02   8.2030807e-24
   3.9138233e+02   8.2071670e-24
   3.9228486e+02   8.2112689e-24
   3.9318947e+02   8.2153866e-24
   3.9409617e+02   8.2195201e-24
   3.9500496e+02   8.2236694e-24
   3.9591584e+02   8.2278347e-24
   3.9682883e+02   8.2320160e-24
   3.9774392e+02   8.2362133e-24
   3.9866112e+02   8.2404268e-24
   3.9958044e+02   8.2446565e-24
   4.0050187e+02   8.2489025e-24
   4.0142543e+02   8.2531648e-24
   4.0235112e+02   8.2574435e-24
   4.0327895e+02   8.2617387e-24
   4.0420891e+02   8.2660505e-24
   4.0514102e+02   8.2703789e-24
   4.0607528e+02   8.2747240e-24
   4.0701169e+02   8.2790859e-24
   4.0795026e+02   8.2834646e-24
   4.0889100e+02   8.2878602e-24
   4.0983390e+02   8.2922728e-24
   4.1077898e+02   8.2967025e-24
   4.1172624e+02   8.3011493e-24
   4.1267569e+02   8.3056133e-24
   4.1362732e+02   8.3100946e-24
   4.1458115e+02   8.3145932e-24
   4.1553718e+02   8.3191093e-24
   4.1649541e+02   8.3236429e-24
   4.1745585e+02   8.3281940e-24
   4.1841851e+02   8.3327628e-24
   4.1938338e+02   8.3373493e-24
   4.2035048e+02   8.3419537e-24
   4.2131982e+02   8.3465759e-24
   4.2229138e+02   8.3512161e-24
   4.2326519e+02   8.3558743e-24
   4.2424124e+02   8.3605506e-24
   4.2521955e+02   8.3652452e-24
   4.2620010e+02   8.3699580e-24
   4.2718293e+02   8.3746892e-24
   4.2816801e+02   8.3794388e-24
   4.2915537e+02   8.3842070e-24
   4.3014501e+02   8.3889938e-24
   4.3113692e+02   8.3937993e-24
   4.3213113e+02   8.3986236e-24
   4.3312763e+02   8.4034667e-24
   4.3412642e+02   8.4083289e-24
   4.3512752e+02   8.4132101e-24
   4.3613093e+02   8.4181105e-24
   4.3713665e+02   8.4230302e-24
   4.3814469e+02   8.4279692e-24
   4.3915506e+02   8.4329278e-24
   4.4016775e+02   8.4379059e-24
   4.4118278e+02   8.4429038e-24
   4.4220015e+02   8.4479215e-24
   4.4321987e+02   8.4529592e-24
   4.4424194e+02   8.4580171e-24
   4.4526636e+02   8.4630952e-24
   4.4629315e+02   8.4681937e-24
   4.4732231e+02   8.4733128e-24
   4.4835383e+02   8.4784528e-24
   4.4938774e+02   8.4836138e-24
   4.5042403e+02   8.4887960e-24
   4.5146271e+02   8.4939998e-24
   4.5250379e+02   8.4992255e-24
   4.5354727e+02   8.5044733e-24
   4.5459315e+02   8.5097437e-24
   4.5564145e+02   8.5150373e-24
   4.5669216e+02   8.5203546e-24
   4.5774529e+02   8.5256962e-24
   4.5880086e+02   8.5310631e-24
   4.5985886e+02   8.5364564e-24
   4.6091930e+02   8.5418773e-24
   4.6198218e+02   8.5473277e-24
   4.6304751e+02   8.5528098e-24
   4.6411530e+02   8.5583266e-24
   4.6518556e+02   8.5638823e-24
   4.6625828e+02   8.5694824e-24
   4.6733347e+02   8.5751352e-24
   4.6841115e+02   8.5808526e-24
   4.6949131e+02   8.5866525e-24
   4.7057396e+02   8.5925636e-24
   4.7165911e+02   8.5986332e-24
   4.7274676e+02   8.6049447e-24
   4.7383691e+02   8.6116565e-24
   4.7492958e+02   8.6190999e-24
   4.7602478e+02   8.6280710e-24
   4.7712249e+02   8.6409049e-24
   4.7822274e+02   8.6671772e-24
   4.7932553e+02   8.7870869e-24
   4.8043085e+02   4.1384425e-23
   4.8153873e+02   8.7742712e-24
   4.8264916e+02   8.6859501e-24
   4.8376216e+02   8.6736343e-24
   4.8487772e+02   8.6730698e-24
   4.8599585e+02   8.6759656e-24
   4.8711656e+02   8.6802443e-24
   4.8823985e+02   8.6851891e-24
   4.8936574e+02   8.6904996e-24
   4.9049422e+02   8.6960321e-24
   4.9162530e+02   8.7017110e-24
   4.9275899e+02   8.7074934e-24
   4.9389530e+02   8.7133535e-24
   4.9503423e+02   8.7192753e-24
   4.9617578e+02   8.7252481e-24
   4.9731996e+02   8.7312647e-24
   4.9846679e+02   8.7373204e-24
   4.9961626e+02   8.7434114e-24
   5.0076837e+02   8.7495355e-24
   5.0192315e+02   8.7556906e-24
   5.0308059e+02   8.7618754e-24
   5.0424070e+02   8.7680888e-24
   5.0540348e+02   8.7743302e-24
   5.0656894e+02   8.7805988e-24
   5.0773710e+02   8.7868943e-24
   5.0890794e+02   8.7932163e-24
   5.1008149e+02   8.7995644e-24
   5.1125774e+02   8.8059386e-24
   5.1243670e+02   8.8123387e-24
   5.1361839e+02   8.8187645e-24
   5.1480279e+02   8.8252159e-24
   5.1598993e+02   8.8316930e-24
   5.1717981e+02   8.8381957e-24
   5.1837243e+02   8.8447240e-24
   5.1956780e+02   8.8512779e-24
   5.2076593e+02   8.8578574e-24
   5.2196682e+02   8.8644625e-24
   5.2317048e+02   8.8710932e-24
   5.2437691e+02   8.8777497e-24
   5.2558613e+02   8.8844319e-24
   5.2679814e+02   8.8911399e-24
   5.2801294e+02   8.8978738e-24
   5.2923054e+02   8.9046336e-24
   5.3045095e+02   8.9114193e-24
   5.3167417e+02   8.9182311e-24
   5.3290022e+02   8.9250691e-24
   5.3412909e+02   8.9319332e-24
   5.3536079e+02   8.9388236e-24
   5.3659534e+02   8.9457403e-24
   5.3783273e+02   8.9526834e-24
   5.3907298e+02   8.9596530e-24
   5.4031609e+02   8.9666492e-24
   5.4156206e+02   8.9736721e-24
   5.4281090e+02   8.9807216e-24
   5.4406263e+02   8.9877980e-24
   5.4531724e+02   8.9949013e-24
   5.4657475e+02   9.0020316e-24
   5.4783515e+02   9.0091889e-24
   5.4909847e+02   9.0163734e-24
   5.5036469e+02   9.0235852e-24
   5.5163384e+02   9.0308242e-24
   5.5290591e+02   9.0380907e-24
   5.5418091e+02   9.0453846e-24
   5.5545886e+02   9.0527062e-24
   5.5673975e+02   9.0600554e-24
   5.5802360e+02   9.0674324e-24
   5.5931040e+02   9.0748372e-24
   5.6060018e+02   9.0822700e-24
   5.6189293e+02   9.0897308e-24
   5.6318866e+02   9.0972197e-24
   5.6448737e+02   9.1047368e-24
   5.6578909e+02   9.1122822e-24
   5.6709380e+02   9.1198560e-24
   5.6840152e+02   9.1274583e-24
   5.6971226e+02   9.1350892e-24
   5.7102602e+02   9.1427487e-24
   5.7234281e+02   9.1504370e-24
   5.7366264e+02   9.1581541e-24
   5.7498551e+02   9.1659002e-24
   5.7631143e+02   9.1736753e-24
   5.7764041e+02   9.1814796e-24
   5.7897245e+02   9.1893130e-24
   5.8030757e+02   9.1971758e-24
   5.8164576e+02   9.2050679e-24
   5.8298704e+02   9.2129896e-24
   5.8433141e+02   9.2209408e-24
   5.8567889e+02   9.2289217e-24
   5.8702947e+02   9.2369325e-24
   5.8838316e+02   9.2449730e-24
   5.8973998e+02   9.2530436e-24
   5.9109992e+02   9.2611442e-24
   5.9246300e+02   9.2692750e-24
   5.9382923e+02   9.2774360e-24
   5.9519860e+02   9.2856273e-24
   5.9657113e+02   9.2938491e-24
   5.9794683e+02   9.3021015e-24
   5.9932570e+02   9.3103845e-24
   6.0070775e+02   9.3186982e-24
   6.0209299e+02   9.3270427e-24
   6.0348142e+02   9.3354181e-24
   6.0487305e+02   9.3438246e-24
   6.0626789e+02   9.3522622e-24
   6.0766595e+02   9.3607310e-24
   6.0906723e+02   9.3692311e-24
   6.1047175e+02   9.3777626e-24
   6.1187950e+02   9.3863256e-24
   6.1329050e+02   9.3949202e-24
   6.1470475e+02   9.4035465e-24
   6.1612226e+02   9.4122046e-24
   6.1754305e+02   9.4208946e-24
   6.1896711e+02   9.4296166e-24
   6.2039445e+02   9.4383706e-24
   6.2182508e+02   9.4471569e-24
   6.2325902e+02   9.4559754e-24
   6.2469626e+02   9.4648263e-24
   6.2613681e+02   9.4737098e-24
   6.2758069e+02   9.4826257e-24
   6.2902789e+02   9.4915744e-24
   6.3047844e+02   9.5005559e-24
   6.3193232e+02   9.5095702e-24
   6.3338957e+02   9.5186175e-24
   6.3485017e+02   9.5276979e-24
   6.3631414e+02   9.5368114e-24
   6.3778148e+02   9.5459583e-24
   6.3925221e+02   9.5551385e-24
   6.4072633e+02   9.5643522e-24
   6.4220385e+02   9.5735995e-24
   6.4368478e+02   9.5828805e-24
   6.4516912e+02   9.5921952e-24
   6.4665688e+02   9.6015439e-24
   6.4814808e+02   9.6109265e-24
   6.4964271e+02   9.6203432e-24
   6.5114080e+02   9.6297941e-24
   6.5264233e+02   9.6392792e-24
   6.5414733e+02   9.6487988e-24
   6.5565580e+02   9.6583529e-24
   6.5716775e+02   9.6679415e-24
   6.5868318e+02   9.6775649e-24
   6.6020211e+02   9.6872231e-24
   6.6172454e+02   9.6969161e-24
   6.6325048e+02   9.7066442e-24
   6.6477994e+02   9.7164074e-24
   6.6631293e+02   9.7262057e-24
   6.6784945e+02   9.7360394e-24
   6.6938952e+02   9.7459086e-24
   6.7093314e+02   9.7558132e-24
   6.7248031e+02   9.7657535e-24
   6.7403106e+02   9.7757295e-24
   6.7558538e+02   9.7857413e-24
   6.7714328e+02   9.7957891e-24
   6.7870478e+02   9.8058729e-24
   6.8026988e+02   9.8159928e-24
   6.8183859e+02   9.8261490e-24
   6.8341091e+02   9.8363416e-24
   6.8498686e+02   9.8465706e-24
   6.8656645e+02   9.8568362e-24
   6.8814967e+02   9.8671385e-24
   6.8973655e+02   9.8774775e-24
   6.9132709e+02   9.8878534e-24
   6.9292130e+02   9.8982663e-24
   6.9451918e+02   9.9087163e-24
   6.9612074e+02   9.9192035e-24
   6.9772600e+02   9.9297280e-24
   6.9933497e+02   9.9402900e-24
   7.0094764e+02   9.9508894e-24
   7.0256403e+02   9.9615265e-24
   7.0418415e+02   9.9722013e-24
   7.0580800e+02   9.9829139e-24
   7.0743560e+02   9.9936645e-24
   7.0906695e+02   1.0004453e-23
   7.1070206e+02   1.0015280e-23
   7.1234095e+02   1.0026145e-23
   7.1398361e+02   1.0037048e-23
   7.1563006e+02   1.0047990e-23
   7.1728031e+02   1.0058971e-23
   7.1893437e+02   1.0069990e-23
   7.2059223e+02   1.0081048e-23
   7.2225393e+02   1.0092145e-23
   7.2391945e+02   1.0103281e-23
   7.2558881e+02   1.0114456e-23
   7.2726203e+02   1.0125670e-23
   7.2893910e+02   1.0136924e-23
   7.3062004e+02   1.0148217e-23
   7.3230485e+02   1.0159550e-23
   7.3399355e+02   1.0170922e-23
   7.3568615e+02   1.0182335e-23
   7.3738265e+02   1.0193787e-23
   7.3908306e+02   1.0205279e-23
   7.4078739e+02   1.0216811e-23
   7.4249565e+02   1.0228384e-23
   7.4420785e+02   1.0239996e-23
   7.4592400e+02   1.0251650e-23
   7.4764410e+02   1.0263344e-23
   7.4936818e+02   1.0275078e-23
   7.5109623e+02   1.0286853e-23
   7.5282826e+02   1.0298669e-23
   7.5456429e+02   1.0310527e-23
   7.5630432e+02   1.0322425e-23
   7.5804836e+02   1.0334365e-23
   7.5979643e+02   1.0346345e-23
   7.6154852e+02   1.0358368e-23
   7.6330466e+02   1.0370432e-23
   7.6506485e+02   1.0382537e-23
   7.6682909e+02   1.0394685e-23
   7.6859741e+02   1.0406874e-23
   7.7036980e+02   1.0419105e-23
   7.7214628e+02   1.0431379e-23
   7.7392685e+02   1.0443694e-23
   7.7571153e+02   1.0456052e-23
   7.7750033e+02   1.0468453e-23
   7.7929325e+02   1.0480896e-23
   7.8109031e+02   1.0493382e-23
   7.8289151e+02   1.0505910e-23
   7.8469686e+02   1.0518482e-23
   7.8650638e+02   1.0531096e-23
   7.8832007e+02   1.0543754e-23
   7.9013794e+02   1.0556455e-23
   7.9196000e+02   1.0569199e-23
   7.9378627e+02   1.0581987e-23
   7.9561675e+02   1.0594819e-23
   7.9745144e+02   1.0607694e-23
   7.9929037e+02   1.0620613e-23
   8.0113354e+02   1.0633576e-23
   8.0298096e+02   1.0646583e-23
   8.0483264e+02   1.0659634e-23
   8.0668859e+02   1.0672730e-23
   8.0854882e+02   1.0685870e-23
   8.1041334e+02   1.0699054e-23
   8.1228216e+02   1.0712283e-23
   8.1415529e+02   1.0725557e-23
   8.1603274e+02   1.0738876e-23
   8.1791452e+02   1.0752240e-23
   8.1980064e+02   1.0765649e-23
   8.2169110e+02   1.0779103e-23
   8.2358593e+02   1.0792602e-23
   8.2548512e+02   1.0806147e-23
   8.2738870e+02   1.0819738e-23
   8.2929666e+02   1.0833374e-23
   8.3120903e+02   1.0847057e-23
   8.3312580e+02   1.0860785e-23
   8.3504700e+02   1.0874559e-23
   8.3697262e+02   1.0888379e-23
   8.3890269e+02   1.0902246e-23
   8.4083720e+02   1.0916159e-23
   8.4277618e+02   1.0930118e-23
   8.4471963e+02   1.0944125e-23
   8.4666756e+02   1.0958178e-23
   8.4861998e+02   1.0972277e-23
   8.5057690e+02   1.0986424e-23
   8.5253834e+02   1.1000618e-23
   8.5450430e+02   1.1014860e-23
   8.5647479e+02   1.1029148e-23
   8.5844983e+02   1.1043485e-23
   8.6042942e+02   1.1057868e-23
   8.6241358e+02   1.1072300e-23
   8.6440231e+02   1.1086779e-23
   8.6639563e+02   1.1101307e-23
   8.6839354e+02   1.1115882e-23
   8.7039607e+02   1.1130506e-23
   8.7240321e+02   1.1145178e-23
   8.7441498e+02   1.1159898e-23
   8.7643138e+02   1.1174667e-23
   8.7845244e+02   1.1189485e-23
   8.8047816e+02   1.1204352e-23
   8.8250855e+02   1.1219267e-23
   8.8454362e+02   1.1234232e-23
   8.8658338e+02   1.1249246e-23
   8.8862785e+02   1.1264309e-23
   8.9067703e+02   1.1279422e-23
   8.9273094e+02   1.1294584e-23
   8.9478959e+02   1.1309796e-23
   8.9685298e+02   1.1325057e-23
   8.9892113e+02   1.1340369e-23
   9.0099405e+02   1.1355731e-23
   9.0307175e+02   1.1371143e-23
   9.0515424e+02   1.1386605e-23
   9.0724153e+02   1.1402117e-23
   9.0933364e+02   1.1417681e-23
   9.1143057e+02   1.1433295e-23
   9.1353233e+02   1.1448960e-23
   9.1563894e+02   1.1464675e-23
   9.1775041e+02   1.1480442e-23
   9.1986675e+02   1.1496260e-23
   9.2198797e+02   1.1512130e-23
   9.2411408e+02   1.1528051e-23
   9.2624510e+02   1.1544024e-23
   9.2838103e+02   1.1560048e-23
   9.3052188e+02   1.1576125e-23
   9.3266767e+02   1.1592254e-23
   9.3481841e+02   1.1608435e-23
   9.3697411e+02   1.1624669e-23
   9.3913478e+02   1.1640957e-23
   9.4130043e+02   1.1657298e-23
   9.4347108e+02   1.1673693e-23
   9.4564673e+02   1.1690144e-23
   9.4782740e+02   1.1706652e-23
   9.5001309e+02   1.1723224e-23
   9.5220383e+02   1.1739869e-23
   9.5439962e+02   1.1756621e-23
   9.5660047e+02   1.1773619e-23
   9.5880640e+02   1.1792155e-23
   9.6101742e+02   1.1954224e-23
   9.6323353e+02   1.1824983e-23
   9.6545475e+02   1.1840861e-23
   9.6768110e+02   1.1857622e-23
   9.6991258e+02   1.1874574e-23
   9.7214920e+02   1.1891621e-23
   9.7439099e+02   1.1908739e-23
   9.7663794e+02   1.1925920e-23
   9.7889008e+02   1.1943159e-23
   9.8114740e+02   1.1960456e-23
   9.8340994e+02   1.1977809e-23
   9.8567769e+02   1.1995218e-23
   9.8795067e+02   1.2012683e-23
   9.9022889e+02   1.2030203e-23
   9.9251237e+02   1.2047780e-23
   9.9480111e+02   1.2065412e-23
   9.9709513e+02   1.2083100e-23
   9.9939443e+02   1.2100844e-23
   1.0016990e+03   1.2118644e-23
   1.0040090e+03   1.2136500e-23
   1.0063242e+03   1.2154412e-23
   1.0086448e+03   1.2172381e-23
   1.0109708e+03   1.2190406e-23
   1.0133021e+03   1.2208488e-23
   1.0156387e+03   1.2226627e-23
   1.0179808e+03   1.2244822e-23
   1.0203283e+03   1.2263075e-23
   1.0226812e+03   1.2281385e-23
   1.0250395e+03   1.2299752e-23
   1.0274032e+03   1.2318176e-23
   1.0297724e+03   1.2336658e-23
   1.0321471e+03   1.2355198e-23
   1.0345272e+03   1.2373795e-23
   1.0369129e+03   1.2392450e-23
   1.0393040e+03   1.2411164e-23
   1.0417006e+03   1.2429935e-23
   1.0441028e+03   1.2448765e-23
   1.0465105e+03   1.2467654e-23
   1.0489238e+03   1.2486601e-23
   1.0513426e+03   1.2505606e-23
   1.0537670e+03   1.2524671e-23
   1.0561970e+03   1.2543795e-23
   1.0586326e+03   1.2562978e-23
   1.0610738e+03   1.2582220e-23
   1.0635207e+03   1.2601521e-23
   1.0659731e+03   1.2620882e-23
   1.0684313e+03   1.2640303e-23
   1.0708951e+03   1.2659784e-23
   1.0733646e+03   1.2679324e-23
   1.0758398e+03   1.2698925e-23
   1.0783207e+03   1.2718586e-23
   1.0808073e+03   1.2738307e-23
   1.0832996e+03   1.2758089e-23
   1.0857977e+03   1.2777931e-23
   1.0883016e+03   1.2797835e-23
   1.0908112e+03   1.2817799e-23
   1.0933266e+03   1.2837824e-23
   1.0958479e+03   1.2857911e-23
   1.0983749e+03   1.2878059e-23
   1.1009078e+03   1.2898268e-23
   1.1034465e+03   1.2918539e-23
   1.1059910e+03   1.2938872e-23
   1.1085414e+03   1.2959267e-23
   1.1110977e+03   1.2979723e-23
   1.1136599e+03   1.3000242e-23
   1.1162281e+03   1.3020824e-23
   1.1188021e+03   1.3041468e-23
   1.1213820e+03   1.3062174e-23
   1.1239680e+03   1.3082943e-23
   1.1265598e+03   1.3103775e-23
   1.1291577e+03   1.3124671e-23
   1.1317615e+03   1.3145629e-23
   1.1343714e+03   1.3166651e-23
   1.1369873e+03   1.3187736e-23
   1.1396092e+03   1.3208885e-23
   1.1422371e+03   1.3230097e-23
   1.1448711e+03   1.3251374e-23
   1.1475112e+03   1.3272714e-23
   1.1501574e+03   1.3294119e-23
   1.1528096e+03   1.3315588e-23
   1.1554680e+03   1.3337122e-23
   1.1581325e+03   1.3358720e-23
   1.1608032e+03   1.3380383e-23
   1.1634800e+03   1.3402111e-23
   1.1661630e+03   1.3423904e-23
   1.1688522e+03   1.3445762e-23
   1.1715476e+03   1.3467685e-23
   1.1742492e+03   1.3489675e-23
   1.1769570e+03   1.3511729e-23
   1.1796711e+03   1.3533850e-23
   1.1823914e+03   1.3556036e-23
   1.1851180e+03   1.3578289e-23
   1.1878509e+03   1.3600608e-23
   1.1905901e+03   1.3622993e-23
   1.1933356e+03   1.3645445e-23
   1.1960875e+03   1.3667963e-23
   1.1988456e+03   1.3690548e-23
   1.2016102e+03   1.3713200e-23
   1.2043811e+03   1.3735920e-23
   1.2071584e+03   1.3758707e-23
   1.2099421e+03   1.3781561e-23
   1.2127323e+03   1.3804482e-23
   1.2155288e+03   1.3827472e-23
   1.2183319e+03   1.3850529e-23
   1.2211413e+03   1.3873654e-23
   1.2239573e+03   1.3896848e-23
   1.2267798e+03   1.3920110e-23
   1.2296087e+03   1.3943440e-23
   1.2324442e+03   1.3966839e-23
   1.2352862e+03   1.3990307e-23
   1.2381348e+03   1.4013843e-23
   1.2409900e+03   1.4037449e-23
   1.2438517e+03   1.4061124e-23
   1.2467200e+03   1.4084868e-23
   1.2495950e+03   1.4108682e-23
   1.2524766e+03   1.4132566e-23
   1.2553648e+03   1.4156520e-23
   1.2582597e+03   1.4180543e-23
   1.2611612e+03   1.4204637e-23
   1.2640695e+03   1.4228801e-23
   1.2669844e+03   1.4253035e-23
   1.2699061e+03   1.4277340e-23
   1.2728345e+03   1.4301716e-23
   1.2757697e+03   1.4326163e-23
   1.2787116e+03   1.4350681e-23
   1.2816603e+03   1.4375270e-23
   1.2846158e+03   1.4399931e-23
   1.2875782e+03   1.4424663e-23
   1.2905473e+03   1.4449467e-23
   1.2935233e+03   1.4474343e-23
   1.2965062e+03   1.4499290e-23
   1.2994960e+03   1.4524310e-23
   1.3024926e+03   1.4549403e-23
   1.3054962e+03   1.4574568e-23
   1.3085067e+03   1.4599805e-23
   1.3115241e+03   1.4625115e-23
   1.3145485e+03   1.4650499e-23
   1.3175798e+03   1.4675955e-23
   1.3206182e+03   1.4701485e-23
   1.3236635e+03   1.4727088e-23
   1.3267159e+03   1.4752765e-23
   1.3297753e+03   1.4778516e-23
   1.3328418e+03   1.4804340e-23
   1.3359154e+03   1.4830239e-23
   1.3389960e+03   1.4856212e-23
   1.3420837e+03   1.4882259e-23
   1.3451786e+03   1.4908381e-23
   1.3482806e+03   1.4934578e-23
   1.3513897e+03   1.4960850e-23
   1.3545060e+03   1.4987196e-23
   1.3576295e+03   1.5013618e-23
   1.3607602e+03   1.5040116e-23
   1.3638982e+03   1.5066689e-23
   1.3670433e+03   1.5093337e-23
   1.3701957e+03   1.5120062e-23
   1.3733554e+03   1.5146862e-23
   1.3765224e+03   1.5173739e-23
   1.3796966e+03   1.5200693e-23
   1.3828782e+03   1.5227722e-23
   1.3860672e+03   1.5254829e-23
   1.3892634e+03   1.5282012e-23
   1.3924671e+03   1.5309273e-23
   1.3956781e+03   1.5336611e-23
   1.3988966e+03   1.5364026e-23
   1.4021224e+03   1.5391519e-23
   1.4053558e+03   1.5419089e-23
   1.4085965e+03   1.5446738e-23
   1.4118448e+03   1.5474464e-23
   1.4151005e+03   1.5502269e-23
   1.4183637e+03   1.5530153e-23
   1.4216345e+03   1.5558115e-23
   1.4249128e+03   1.5586157e-23
   1.4281986e+03   1.5614279e-23
   1.4314921e+03   1.5642484e-23
   1.4347931e+03   1.5670782e-23
   1.4381017e+03   1.5699257e-23
   1.4414180e+03   1.5748990e-23
   1.4447419e+03   1.5756165e-23
   1.4480735e+03   1.5784681e-23
   1.4514128e+03   1.5813341e-23
   1.4547598e+03   1.5842092e-23
   1.4581144e+03   1.5870926e-23
   1.4614769e+03   1.5899842e-23
   1.4648470e+03   1.5928840e-23
   1.4682250e+03   1.5957919e-23
   1.4716107e+03   1.5987079e-23
   1.4750043e+03   1.6016320e-23
   1.4784056e+03   1.6045643e-23
   1.4818149e+03   1.6075048e-23
   1.4852319e+03   1.6104535e-23
   1.4886569e+03   1.6134104e-23
   1.4920897e+03   1.6163755e-23
   1.4955305e+03   1.6193488e-23
   1.4989792e+03   1.6223304e-23
   1.5024359e+03   1.6253203e-23
   1.5059005e+03   1.6283184e-23
   1.5093731e+03   1.6313249e-23
   1.5128538e+03   1.6343397e-23
   1.5163424e+03   1.6373628e-23
   1.5198391e+03   1.6403943e-23
   1.5233439e+03   1.6434342e-23
   1.5268567e+03   1.6464825e-23
   1.5303776e+03   1.6495392e-23
   1.5339067e+03   1.6526043e-23
   1.5374439e+03   1.6556779e-23
   1.5409893e+03   1.6587599e-23
   1.5445428e+03   1.6618504e-23
   1.5481045e+03   1.6649495e-23
   1.5516745e+03   1.6680571e-23
   1.5552526e+03   1.6711732e-23
   1.5588391e+03   1.6742978e-23
   1.5624338e+03   1.6774311e-23
   1.5660367e+03   1.6805729e-23
   1.5696480e+03   1.6837234e-23
   1.5732677e+03   1.6868825e-23
   1.5768956e+03   1.6900503e-23
   1.5805320e+03   1.6932267e-23
   1.5841767e+03   1.6964118e-23
   1.5878298e+03   1.6996056e-23
   1.5914913e+03   1.7028082e-23
   1.5951613e+03   1.7060195e-23
   1.5988398e+03   1.7092395e-23
   1.6025267e+03   1.7124684e-23
   1.6062222e+03   1.7157060e-23
   1.6099261e+03   1.7189525e-23
   1.6136386e+03   1.7222078e-23
   1.6173597e+03   1.7254720e-23
   1.6210893e+03   1.7287450e-23
   1.6248276e+03   1.7320270e-23
   1.6285744e+03   1.7353178e-23
   1.6323300e+03   1.7386176e-23
   1.6360941e+03   1.7419264e-23
   1.6398670e+03   1.7452441e-23
   1.6436485e+03   1.7485708e-23
   1.6474388e+03   1.7519066e-23
   1.6512378e+03   1.7552513e-23
   1.6550456e+03   1.7586051e-23
   1.6588621e+03   1.7619680e-23
   1.6626874e+03   1.7653400e-23
   1.6665216e+03   1.7687210e-23
   1.6703646e+03   1.7721113e-23
   1.6742165e+03   1.7755106e-23
   1.6780773e+03   1.7789191e-23
   1.6819469e+03   1.7823368e-23
   1.6858255e+03   1.7857637e-23
   1.6897130e+03   1.7891999e-23
   1.6936095e+03   1.7926453e-23
   1.6975150e+03   1.7960999e-23
   1.7014295e+03   1.7995638e-23
   1.7053530e+03   1.8030371e-23
   1.7092855e+03   1.8065196e-23
   1.7132272e+03   1.8100115e-23
   1.7171779e+03   1.8135128e-23
   1.7211377e+03   1.8170235e-23
   1.7251067e+03   1.8205435e-23
   1.7290848e+03   1.8240730e-23
   1.7330721e+03   1.8276119e-23
   1.7370685e+03   1.8311603e-23
   1.7410742e+03   1.8347182e-23
   1.7450892e+03   1.8382856e-23
   1.7491133e+03   1.8418625e-23
   1.7531468e+03   1.8454490e-23
   1.7571896e+03   1.8490450e-23
   1.7612417e+03   1.8526506e-23
   1.7653031e+03   1.8562658e-23
   1.7693739e+03   1.8598907e-23
   1.7734541e+03   1.8635252e-23
   1.7775437e+03   1.8671693e-23
   1.7816427e+03   1.8708232e-23
   1.7857512e+03   1.8744867e-23
   1.7898692e+03   1.8781600e-23
   1.7939966e+03   1.8818431e-23
   1.7981336e+03   1.8855359e-23
   1.8022801e+03   1.8892385e-23
   1.8064362e+03   1.8929510e-23
   1.8106018e+03   1.8966732e-23
   1.8147771e+03   1.9004053e-23
   1.8189620e+03   1.9041473e-23
   1.8231565e+03   1.9078992e-23
   1.8273607e+03   1.9116610e-23
   1.8315746e+03   1.9154328e-23
   1.8357983e+03   1.9192145e-23
   1.8400316e+03   1.9230062e-23
   1.8442748e+03   1.9268079e-23
   1.8485277e+03   1.9306197e-23
   1.8527904e+03   1.9344415e-23
   1.8570629e+03   1.9382733e-23
   1.8613453e+03   1.9421152e-23
   1.8656376e+03   1.9459673e-23
   1.8699398e+03   1.9498295e-23
   1.8742519e+03   1.9537018e-23
   1.8785739e+03   1.9575844e-23
   1.8829059e+03   1.9614771e-23
   1.8872479e+03   1.9653800e-23
   1.8915999e+03   1.9692932e-23
   1.8959620e+03   1.9732167e-23
   1.9003341e+03   1.9771504e-23
   1.9047163e+03   1.9810945e-23
   1.9091086e+03   1.9850490e-23
   1.9135110e+03   1.9890141e-23
   1.9179235e+03   1.9929915e-23
   1.9223463e+03   1.9970340e-23
   1.9267792e+03   2.0009714e-23
   1.9312224e+03   2.0049768e-23
   1.9356758e+03   2.0089934e-23
   1.9401395e+03   2.0130206e-23
   1.9446135e+03   2.0170584e-23
   1.9490978e+03   2.0211067e-23
   1.9535924e+03   2.0251656e-23
   1.9580974e+03   2.0292351e-23
   1.9626128e+03   2.0333151e-23
   1.9671386e+03   2.0374058e-23
   1.9716748e+03   2.0415072e-23
   1.9762215e+03   2.0456192e-23
   1.9807787e+03   2.0497419e-23
   1.9853464e+03   2.0538753e-23
   1.9899246e+03   2.0580194e-23
   1.9945134e+03   2.0621743e-23
   1.9991128e+03   2.0663400e-23
   2.0037227e+03   2.0705165e-23
   2.0083433e+03   2.0747038e-23
   2.0129746e+03   2.0789020e-23
   2.0176165e+03   2.0831110e-23
   2.0222692e+03   2.0873310e-23
   2.0269325e+03   2.0915618e-23
   2.0316067e+03   2.0958037e-23
   2.0362916e+03   2.1000564e-23
   2.0409873e+03   2.1043202e-23
   2.0456938e+03   2.1085950e-23
   2.0504112e+03   2.1128808e-23
   2.0551394e+03   2.1171777e-23
   2.0598786e+03   2.1214857e-23
   2.0646287e+03   2.1258047e-23
   2.0693898e+03   2.1301350e-23
   2.0741618e+03   2.1344763e-23
   2.0789448e+03   2.1388289e-23
   2.0837389e+03   2.1431926e-23
   2.0885440e+03   2.1475676e-23
   2.0933602e+03   2.1519539e-23
   2.0981875e+03   2.1563514e-23
   2.1030259e+03   2.1607602e-23
   2.1078755e+03   2.1651804e-23
   2.1127363e+03   2.1696119e-23
   2.1176083e+03   2.1740547e-23
   2.1224915e+03   2.1785090e-23
   2.1273860e+03   2.1829747e-23
   2.1322918e+03   2.1874518e-23
   2.1372088e+03   2.1919405e-23
   2.1421373e+03   2.1964406e-23
   2.1470771e+03   2.2009522e-23
   2.1520282e+03   2.2054754e-23
   2.1569908e+03   2.2100102e-23
   2.1619649e+03   2.2145565e-23
   2.1669504e+03   2.2191145e-23
   2.1719474e+03   2.2236841e-23
   2.1769559e+03   2.2282654e-23
   2.1819760e+03   2.2328584e-23
   2.1870076e+03   2.2374631e-23
   2.1920509e+03   2.2420796e-23
   2.1971058e+03   2.2467078e-23
   2.2021723e+03   2.2513478e-23
   2.2072505e+03   2.2559997e-23
   2.2123405e+03   2.2606634e-23
   2.2174421e+03   2.2653390e-23
   2.2225556e+03   2.2700265e-23
   2.2276808e+03   2.2747259e-23
   2.2328179e+03   2.2794372e-23
   2.2379668e+03   2.2841606e-23
   2.2431275e+03   2.2888959e-23
   2.2483002e+03   2.2936433e-23
   2.2534848e+03   2.2984027e-23
   2.2586814e+03   2.3031742e-23
   2.2638899e+03   2.3079578e-23
   2.2691104e+03   2.3127535e-23
   2.2743430e+03   2.3175614e-23
   2.2795877e+03   2.3223815e-23
   2.2848444e+03   2.3272138e-23
   2.2901133e+03   2.3320583e-23
   2.2953943e+03   2.3369151e-23
   2.3006875e+03   2.3417842e-23
   2.3059929e+03   2.3466656e-23
   2.3113105e+03   2.3515594e-23
   2.3166404e+03   2.3564655e-23
   2.3219826e+03   2.3613840e-23
   2.3273371e+03   2.3663150e-23
   2.3327040e+03   2.3712584e-23
   2.3380832e+03   2.3762142e-23
   2.3434749e+03   2.3811826e-23
   2.3488789e+03   2.3861635e-23
   2.3542955e+03   2.3911570e-23
   2.3597245e+03   2.3961630e-23
   2.3651660e+03   2.4011817e-23
   2.3706201e+03   2.4062130e-23
   2.3760868e+03   2.4112570e-23
   2.3815661e+03   2.4163137e-23
   2.3870580e+03   2.4213831e-23
   2.3925626e+03   2.4264653e-23
   2.3980798e+03   2.4315610e-23
   2.4036098e+03   2.4366727e-23
   2.4091526e+03   2.4417886e-23
   2.4147081e+03   2.4469218e-23
   2.4202764e+03   2.4520681e-23
   2.4258576e+03   2.4572273e-23
   2.4314516e+03   2.4623995e-23
   2.4370586e+03   2.4675846e-23
   2.4426785e+03   2.4727827e-23
   2.4483113e+03   2.4779939e-23
   2.4539571e+03   2.4832181e-23
   2.4596160e+03   2.4884555e-23
   2.4652879e+03   2.4937059e-23
   2.4709728e+03   2.4989694e-23
   2.4766709e+03   2.5042462e-23
   2.4823821e+03   2.5095361e-23
   2.4881065e+03   2.5148393e-23
   2.4938441e+03   2.5201557e-23
   2.4995949e+03   2.5254854e-23
   2.5053590e+03   2.5308284e-23
   2.5111364e+03   2.5361848e-23
   2.5169271e+03   2.5415545e-23
   2.5227312e+03   2.5469377e-23
   2.5285486e+03   2.5523343e-23
   2.5343794e+03   2.5577443e-23
   2.5402237e+03   2.5631678e-23
   2.5460815e+03   2.5686048e-23
   2.5519528e+03   2.5740554e-23
   2.5578376e+03   2.5795196e-23
   2.5637360e+03   2.5849974e-23
   2.5696480e+03   2.5904888e-23
   2.5755736e+03   2.5959938e-23
   2.5815129e+03   2.6015126e-23
   2.5874659e+03   2.6070451e-23
   2.5934326e+03   2.6125913e-23
   2.5994131e+03   2.6181514e-23
   2.6054074e+03   2.6237252e-23
   2.6114155e+03   2.6293129e-23
   2.6174374e+03   2.6349145e-23
   2.6234732e+03   2.6405299e-23
   2.6295230e+03   2.6461593e-23
   2.6355867e+03   2.6518027e-23
   2.6416644e+03   2.6574601e-23
   2.6477561e+03   2.6631315e-23
   2.6538618e+03   2.6688169e-23
   2.6599816e+03   2.6745165e-23
   2.6661156e+03   2.6802301e-23
   2.6722637e+03   2.6859579e-23
   2.6784259e+03   2.6916999e-23
   2.6846024e+03   2.6974561e-23
   2.6907931e+03   2.7032266e-23
   2.6969981e+03   2.7090113e-23
   2.7032174e+03   2.7148103e-23
   2.7094510e+03   2.7206237e-23
   2.7156991e+03   2.7264514e-23
   2.7219615e+03   2.7322935e-23
   2.7282383e+03   2.7381501e-23
   2.7345297e+03   2.7440211e-23
   2.7408355e+03   2.7499066e-23
   2.7471559e+03   2.7558067e-23
   2.7534909e+03   2.7617212e-23
   2.7598405e+03   2.7676504e-23
   2.7662047e+03   2.7735942e-23
   2.7725836e+03   2.7795527e-23
   2.7789772e+03   2.7855258e-23
   2.7853855e+03   2.7915137e-23
   2.7918086e+03   2.7975163e-23
   2.7982465e+03   2.8035337e-23
   2.8046993e+03   2.8095659e-23
   2.8111670e+03   2.8156129e-23
   2.8176496e+03   2.8216748e-23
   2.8241471e+03   2.8277516e-23
   2.8306596e+03   2.8338434e-23
   2.8371871e+03   2.8399502e-23
   2.8437297e+03   2.8460719e-23
   2.8502873e+03   2.8522087e-23
   2.8568601e+03   2.8583606e-23
   2.8634481e+03   2.8645276e-23
   2.8700512e+03   2.8707097e-23
   2.8766696e+03   2.8769072e-23
   2.8833032e+03   2.8831257e-23
   2.8899521e+03   2.8893473e-23
   2.8966164e+03   2.8955903e-23
   2.9032960e+03   2.9018486e-23
   2.9099910e+03   2.9081223e-23
   2.9167015e+03   2.9144113e-23
   2.9234274e+03   2.9207157e-23
   2.9301688e+03   2.9270356e-23
   2.9369258e+03   2.9333710e-23
   2.9436984e+03   2.9397219e-23
   2.9504866e+03   2.9460883e-23
   2.9572904e+03   2.9524703e-23
   2.9641100e+03   2.9588679e-23
   2.9709452e+03   2.9652812e-23
   2.9777963e+03   2.9717101e-23
   2.9846631e+03   2.9781548e-23
   2.9915457e+03   2.9846152e-23
   2.9984443e+03   2.9910914e-23
   3.0053587e+03   2.9975834e-23
   3.0122891e+03   3.0040913e-23
   3.0192354e+03   3.0106150e-23
   3.0261978e+03   3.0171547e-23
   3.0331763e+03   3.0237103e-23
   3.0401708e+03   3.0302820e-23
   3.0471814e+03   3.0368696e-23
   3.0542083e+03   3.0434733e-23
   3.0612513e+03   3.0500932e-23
   3.0683106e+03   3.0567291e-23
   3.0753861e+03   3.0633813e-23
   3.0824780e+03   3.0700496e-23
   3.0895862e+03   3.0767342e-23
   3.0967108e+03   3.0834351e-23
   3.1038518e+03   3.0901522e-23
   3.1110093e+03   3.0968857e-23
   3.1181833e+03   3.1036357e-23
   3.1253739e+03   3.1104020e-23
   3.1325810e+03   3.1171848e-23
   3.1398048e+03   3.1239841e-23
   3.1470452e+03   3.1307999e-23
   3.1543023e+03   3.1376323e-23
   3.1615762e+03   3.1444812e-23
   3.1688668e+03   3.1513469e-23
   3.1761742e+03   3.1582292e-23
   3.1834985e+03   3.1651282e-23
   3.1908397e+03   3.1720440e-23
   3.1981978e+03   3.1789765e-23
   3.2055728e+03   3.1859259e-23
   3.2129649e+03   3.1928922e-23
   3.2203740e+03   3.1998753e-23
   3.2278002e+03   3.2068754e-23
   3.2352436e+03   3.2138924e-23
   3.2427041e+03   3.2209265e-23
   3.2501818e+03   3.2279776e-23
   3.2576767e+03   3.2350458e-23
   3.2651889e+03   3.2421311e-23
   3.2727185e+03   3.2492336e-23
   3.2802654e+03   3.2563533e-23
   3.2878297e+03   3.2634903e-23
   3.2954115e+03   3.2706445e-23
   3.3030107e+03   3.2778160e-23
   3.3106275e+03   3.2850049e-23
   3.3182618e+03   3.2922111e-23
   3.3259138e+03   3.2994348e-23
   3.3335833e+03   3.3066760e-23
   3.3412706e+03   3.3139347e-23
   3.3489756e+03   3.3212109e-23
   3.3566984e+03   3.3285048e-23
   3.3644389e+03   3.3358171e-23
   3.3721974e+03   3.3431452e-23
   3.3799737e+03   3.3504920e-23
   3.3877679e+03   3.3578565e-23
   3.3955801e+03   3.3652388e-23
   3.4034104e+03   3.3726390e-23
   3.4112587e+03   3.3800570e-23
   3.4191251e+03   3.3874928e-23
   3.4270096e+03   3.3949467e-23
   3.4349123e+03   3.4024185e-23
   3.4428332e+03   3.4099083e-23
   3.4507724e+03   3.4174162e-23
   3.4587299e+03   3.4249422e-23
   3.4667058e+03   3.4324863e-23
   3.4747000e+03   3.4400486e-23
   3.4827127e+03   3.4476291e-23
   3.4907439e+03   3.4552279e-23
   3.4987936e+03   3.4628450e-23
   3.5068618e+03   3.4704804e-23
   3.5149487e+03   3.4781342e-23
   3.5230542e+03   3.4858064e-23
   3.5311784e+03   3.4934971e-23
   3.5393213e+03   3.5012063e-23
   3.5474830e+03   3.5089341e-23
   3.5556635e+03   3.5166804e-23
   3.5638629e+03   3.5244453e-23
   3.5720812e+03   3.5322290e-23
   3.5803184e+03   3.5400313e-23
   3.5885747e+03   3.5478524e-23
   3.5968500e+03   3.5556923e-23
   3.6051443e+03   3.5635510e-23
   3.6134578e+03   3.5714286e-23
   3.6217905e+03   3.5793251e-23
   3.6301424e+03   3.5872406e-23
   3.6385135e+03   3.5951750e-23
   3.6469039e+03   3.6031286e-23
   3.6553137e+03   3.6111012e-23
   3.6637429e+03   3.6190929e-23
   3.6721915e+03   3.6271038e-23
   3.6806596e+03   3.6351340e-23
   3.6891472e+03   3.6431834e-23
   3.6976544e+03   3.6512521e-23
   3.7061813e+03   3.6593401e-23
   3.7147277e+03   3.6674476e-23
   3.7232939e+03   3.6755744e-23
   3.7318799e+03   3.6837208e-23
   3.7404856e+03   3.6918866e-23
   3.7491112e+03   3.7000720e-23
   3.7577567e+03   3.7082771e-23
   3.7664221e+03   3.7165017e-23
   3.7751075e+03   3.7247461e-23
   3.7838129e+03   3.7330102e-23
   3.7925384e+03   3.7412941e-23
   3.8012841e+03   3.7495978e-23
   3.8100498e+03   3.7579214e-23
   3.8188359e+03   3.7662649e-23
   3.8276421e+03   3.7746283e-23
   3.8364687e+03   3.7830118e-23
   3.8453156e+03   3.7914156e-23
   3.8541829e+03   3.7998389e-23
   3.8630707e+03   3.8082826e-23
   3.8719790e+03   3.8167465e-23
   3.8809078e+03   3.8252306e-23
   3.8898572e+03   3.8337350e-23
   3.8988272e+03   3.8422597e-23
   3.9078180e+03   3.8508048e-23
   3.9168294e+03   3.8593703e-23
   3.9258617e+03   3.8679563e-23
   3.9349147e+03   3.8765627e-23
   3.9439887e+03   3.8851897e-23
   3.9530835e+03   3.8938373e-23
   3.9621994e+03   3.9025055e-23
   3.9713362e+03   3.9111944e-23
   3.9804942e+03   3.9199041e-23
   3.9896732e+03   3.9286345e-23
   3.9988734e+03   3.9373857e-23
   4.0080949e+03   3.9461578e-23
   4.0173376e+03   3.9549508e-23
   4.0266016e+03   3.9637648e-23
   4.0358870e+03   3.9725998e-23
   4.0451937e+03   3.9814558e-23
   4.0545220e+03   3.9903330e-23
   4.0638718e+03   3.9992313e-23
   4.0732431e+03   4.0081508e-23
   4.0826360e+03   4.0170915e-23
   4.0920506e+03   4.0260536e-23
   4.1014869e+03   4.0350370e-23
   4.1109450e+03   4.0440417e-23
   4.1204248e+03   4.0530679e-23
   4.1299266e+03   4.0621156e-23
   4.1394502e+03   4.0711848e-23
   4.1489958e+03   4.0802756e-23
   4.1585634e+03   4.0893881e-23
   4.1681531e+03   4.0985222e-23
   4.1777649e+03   4.1076780e-23
   4.1873988e+03   4.1168556e-23
   4.1970550e+03   4.1260551e-23
   4.2067335e+03   4.1352764e-23
   4.2164342e+03   4.1445196e-23
   4.2261574e+03   4.1537848e-23
   4.2359029e+03   4.1630720e-23
   4.2456709e+03   4.1723813e-23
   4.2554615e+03   4.1817127e-23
   4.2652746e+03   4.1910663e-23
   4.2751104e+03   4.2004421e-23
   4.2849688e+03   4.2098402e-23
   4.2948500e+03   4.2192606e-23
   4.3047539e+03   4.2287033e-23
   4.3146807e+03   4.2381685e-23
   4.3246304e+03   4.2476569e-23
   4.3346030e+03   4.2571663e-23
   4.3445987e+03   4.2666990e-23
   4.3546173e+03   4.2762544e-23
   4.3646591e+03   4.2858324e-23
   4.3747241e+03   4.2954331e-23
   4.3848122e+03   4.3050567e-23
   4.3949236e+03   4.3147030e-23
   4.4050583e+03   4.3243722e-23
   4.4152164e+03   4.3340644e-23
   4.4253980e+03   4.3437795e-23
   4.4356030e+03   4.3535177e-23
   4.4458315e+03   4.3632789e-23
   4.4560836e+03   4.3730633e-23
   4.4663594e+03   4.3828708e-23
   4.4766588e+03   4.3927016e-23
   4.4869821e+03   4.4025557e-23
   4.4973291e+03   4.4124332e-23
   4.5076999e+03   4.4223340e-23
   4.5180947e+03   4.4322583e-23
   4.5285135e+03   4.4422061e-23
   4.5389563e+03   4.4521774e-23
   4.5494231e+03   4.4621723e-23
   4.5599142e+03   4.4721909e-23
   4.5704294e+03   4.4822332e-23
   4.5809688e+03   4.4922993e-23
   4.5915325e+03   4.5023892e-23
   4.6021207e+03   4.5125030e-23
   4.6127332e+03   4.5226407e-23
   4.6233702e+03   4.5328024e-23
   4.6340317e+03   4.5429881e-23
   4.6447178e+03   4.5531979e-23
   4.6554286e+03   4.5634319e-23
   4.6661640e+03   4.5736900e-23
   4.6769242e+03   4.5839724e-23
   4.6877093e+03   4.5942791e-23
   4.6985192e+03   4.6046102e-23
   4.7093540e+03   4.6149657e-23
   4.7202138e+03   4.6253457e-23
   4.7310986e+03   4.6357502e-23
   4.7420086e+03   4.6461792e-23
   4.7529437e+03   4.6566330e-23
   4.7639040e+03   4.6671114e-23
   4.7748896e+03   4.6776145e-23
   4.7859005e+03   4.6881425e-23
   4.7969369e+03   4.6986953e-23
   4.8079986e+03   4.7092731e-23
   4.8190859e+03   4.7198758e-23
   4.8301988e+03   4.7305035e-23
   4.8413372e+03   4.7411563e-23
   4.8525014e+03   4.7518343e-23
   4.8636913e+03   4.7625375e-23
   4.8749070e+03   4.7732659e-23
   4.8861486e+03   4.7840196e-23
   4.8974161e+03   4.7947987e-23
   4.9087096e+03   4.8056033e-23
   4.9200291e+03   4.8164333e-23
   4.9313747e+03   4.8272889e-23
   4.9427465e+03   4.8381700e-23
   4.9541445e+03   4.8490769e-23
   4.9655688e+03   4.8600094e-23
   4.9770194e+03   4.8709677e-23
   4.9884965e+03   4.8819519e-23
   5.0000000e+03   4.8929619e-23
