   5.0000000e+00   2.7087060e-40
   5.0115300e+00   2.5728555e-40
   5.0230867e+00   2.4443446e-40
   5.0346699e+00   2.3228556e-40
   5.0462799e+00   2.2081249e-40
   5.0579167e+00   2.0998234e-40
   5.0695803e+00   1.9962292e-40
   5.0812708e+00   1.8900620e-40
   5.0929882e+00   1.7849357e-40
   5.1047327e+00   1.6953047e-40
   5.1165042e+00   1.6131255e-40
   5.1283029e+00   1.5348422e-40
   5.1401288e+00   1.4601869e-40
   5.1519820e+00   1.3890931e-40
   5.1638625e+00   1.3214623e-40
   5.1757704e+00   1.2571687e-40
   5.1877058e+00   1.1960708e-40
   5.1996687e+00   1.1380220e-40
   5.2116592e+00   1.0828756e-40
   5.2236773e+00   1.0304885e-40
   5.2357231e+00   9.8072239e-41
   5.2477968e+00   9.3344464e-41
   5.2598982e+00   8.8852844e-41
   5.2720276e+00   8.4585298e-41
   5.2841849e+00   8.0530341e-41
   5.2963703e+00   7.6677064e-41
   5.3085838e+00   7.3015116e-41
   5.3208254e+00   6.9534679e-41
   5.3330953e+00   6.6226449e-41
   5.3453934e+00   6.3081606e-41
   5.3577199e+00   6.0091790e-41
   5.3700749e+00   5.7249085e-41
   5.3824583e+00   5.4545987e-41
   5.3948703e+00   5.1975390e-41
   5.4073109e+00   4.9530559e-41
   5.4197802e+00   4.7205113e-41
   5.4322783e+00   4.4993006e-41
   5.4448051e+00   4.2888511e-41
   5.4573609e+00   4.0886199e-41
   5.4699456e+00   3.8980924e-41
   5.4825594e+00   3.7167810e-41
   5.4952022e+00   3.5442236e-41
   5.5078742e+00   3.3799819e-41
   5.5205754e+00   3.2236404e-41
   5.5333058e+00   3.0748052e-41
   5.5460657e+00   2.9331029e-41
   5.5588550e+00   2.7981791e-41
   5.5716737e+00   2.6696978e-41
   5.5845220e+00   2.5473403e-41
   5.5974000e+00   2.4308042e-41
   5.6103076e+00   2.3198027e-41
   5.6232451e+00   2.2140634e-41
   5.6362123e+00   2.1133280e-41
   5.6492094e+00   2.0173514e-41
   5.6622366e+00   1.9259008e-41
   5.6752937e+00   1.8387553e-41
   5.6883810e+00   1.7557051e-41
   5.7014985e+00   1.6765510e-41
   5.7146461e+00   1.6011039e-41
   5.7278242e+00   1.5291842e-41
   5.7410326e+00   1.4606213e-41
   5.7542714e+00   1.3952531e-41
   5.7675408e+00   1.3329257e-41
   5.7808408e+00   1.2734928e-41
   5.7941715e+00   1.2168155e-41
   5.8075329e+00   1.1627616e-41
   5.8209251e+00   1.1112056e-41
   5.8343482e+00   1.0620283e-41
   5.8478023e+00   1.0151162e-41
   5.8612873e+00   9.7036142e-42
   5.8748035e+00   9.2766158e-42
   5.8883508e+00   8.8691917e-42
   5.9019294e+00   8.4804149e-42
   5.9155393e+00   8.1094040e-42
   5.9291806e+00   7.7553205e-42
   5.9428533e+00   7.4173669e-42
   5.9565576e+00   7.0947846e-42
   5.9702935e+00   6.7868516e-42
   5.9840610e+00   6.4928813e-42
   5.9978603e+00   6.2122202e-42
   6.0116914e+00   5.9442461e-42
   6.0255544e+00   5.6883674e-42
   6.0394494e+00   5.4440205e-42
   6.0533764e+00   5.2106692e-42
   6.0673355e+00   4.9878028e-42
   6.0813269e+00   4.7749354e-42
   6.0953505e+00   4.5716040e-42
   6.1094064e+00   4.3773680e-42
   6.1234947e+00   4.1918075e-42
   6.1376155e+00   4.0145230e-42
   6.1517689e+00   3.8451336e-42
   6.1659550e+00   3.6832766e-42
   6.1801737e+00   3.5286066e-42
   6.1944252e+00   3.3807945e-42
   6.2087096e+00   3.2395265e-42
   6.2230269e+00   3.1045039e-42
   6.2373773e+00   2.9754419e-42
   6.2517607e+00   2.8520691e-42
   6.2661773e+00   2.7341268e-42
   6.2806272e+00   2.6213685e-42
   6.2951104e+00   2.5135592e-42
   6.3096269e+00   2.4104748e-42
   6.3241770e+00   2.3119018e-42
   6.3387606e+00   2.2176365e-42
   6.3533778e+00   2.1274848e-42
   6.3680288e+00   2.0412614e-42
   6.3827135e+00   1.9587898e-42
   6.3974321e+00   1.8799015e-42
   6.4121846e+00   1.8044360e-42
   6.4269711e+00   1.7322400e-42
   6.4417918e+00   1.6631674e-42
   6.4566466e+00   1.5970787e-42
   6.4715357e+00   1.5338410e-42
   6.4864591e+00   1.4733272e-42
   6.5014169e+00   1.4154164e-42
   6.5164092e+00   1.3599928e-42
   6.5314361e+00   1.3069464e-42
   6.5464977e+00   1.2561718e-42
   6.5615939e+00   1.2075685e-42
   6.5767250e+00   1.1610407e-42
   6.5918910e+00   1.1164970e-42
   6.6070920e+00   1.0738498e-42
   6.6223280e+00   1.0330159e-42
   6.6375991e+00   9.9391560e-43
   6.6529055e+00   9.5647289e-43
   6.6682471e+00   9.2061520e-43
   6.6836241e+00   8.8627321e-43
   6.6990366e+00   8.5338073e-43
   6.7144846e+00   8.2187458e-43
   6.7299683e+00   7.9169439e-43
   6.7454877e+00   7.6278251e-43
   6.7610428e+00   7.3508388e-43
   6.7766338e+00   7.0854591e-43
   6.7922608e+00   6.8311836e-43
   6.8079238e+00   6.5875325e-43
   6.8236229e+00   6.3540472e-43
   6.8393582e+00   6.1302897e-43
   6.8551299e+00   5.9158418e-43
   6.8709378e+00   5.7103035e-43
   6.8867823e+00   5.5132928e-43
   6.9026632e+00   5.3244449e-43
   6.9185808e+00   5.1434109e-43
   6.9345351e+00   4.9698576e-43
   6.9505262e+00   4.8034664e-43
   6.9665542e+00   4.6439331e-43
   6.9826191e+00   4.4909668e-43
   6.9987211e+00   4.3442896e-43
   7.0148602e+00   4.2036358e-43
   7.0310365e+00   4.0687516e-43
   7.0472502e+00   3.9393943e-43
   7.0635012e+00   3.8153320e-43
   7.0797897e+00   3.6963430e-43
   7.0961157e+00   3.5822157e-43
   7.1124794e+00   3.4727475e-43
   7.1288808e+00   3.3677449e-43
   7.1453201e+00   3.2670231e-43
   7.1617972e+00   3.1704052e-43
   7.1783124e+00   3.0777225e-43
   7.1948656e+00   2.9888135e-43
   7.2114571e+00   2.9035241e-43
   7.2280867e+00   2.8217068e-43
   7.2447548e+00   2.7432209e-43
   7.2614612e+00   2.6679320e-43
   7.2782062e+00   2.5957114e-43
   7.2949898e+00   2.5264365e-43
   7.3118121e+00   2.4599902e-43
   7.3286732e+00   2.3962604e-43
   7.3455732e+00   2.3351404e-43
   7.3625121e+00   2.2765282e-43
   7.3794901e+00   2.2203265e-43
   7.3965073e+00   2.1664426e-43
   7.4135637e+00   2.1147878e-43
   7.4306594e+00   2.0652777e-43
   7.4477946e+00   2.0178320e-43
   7.4649693e+00   1.9723741e-43
   7.4821835e+00   1.9288311e-43
   7.4994375e+00   1.8871335e-43
   7.5167313e+00   1.8472154e-43
   7.5340649e+00   1.8090141e-43
   7.5514385e+00   1.7724703e-43
   7.5688522e+00   1.7375273e-43
   7.5863060e+00   1.7041320e-43
   7.6038001e+00   1.6722337e-43
   7.6213345e+00   1.6417848e-43
   7.6389094e+00   1.6127402e-43
   7.6565248e+00   1.5850579e-43
   7.6741808e+00   1.5586981e-43
   7.6918775e+00   1.5336237e-43
   7.7096150e+00   1.5098002e-43
   7.7273934e+00   1.4871955e-43
   7.7452129e+00   1.4657801e-43
   7.7630734e+00   1.4455267e-43
   7.7809751e+00   1.4264107e-43
   7.7989181e+00   1.4084097e-43
   7.8169025e+00   1.3915040e-43
   7.8349283e+00   1.3756761e-43
   7.8529957e+00   1.3609113e-43
   7.8711048e+00   1.3471971e-43
   7.8892556e+00   1.3345240e-43
   7.9074483e+00   1.3228849e-43
   7.9256829e+00   1.3122757e-43
   7.9439596e+00   1.3026950e-43
   7.9622784e+00   1.2941445e-43
   7.9806395e+00   1.2866292e-43
   7.9990429e+00   1.2801574e-43
   8.0174888e+00   1.2747410e-43
   8.0359772e+00   1.2703959e-43
   8.0545082e+00   1.2671418e-43
   8.0730819e+00   1.2650033e-43
   8.0916985e+00   1.2640096e-43
   8.1103581e+00   1.2641952e-43
   8.1290606e+00   1.2656007e-43
   8.1478063e+00   1.2682729e-43
   8.1665952e+00   1.2722658e-43
   8.1854274e+00   1.2776414e-43
   8.2043031e+00   1.2844705e-43
   8.2232223e+00   1.2928338e-43
   8.2421851e+00   1.3028234e-43
   8.2611916e+00   1.3145440e-43
   8.2802420e+00   1.3281146e-43
   8.2993363e+00   1.3436710e-43
   8.3184746e+00   1.3613675e-43
   8.3376571e+00   1.3813806e-43
   8.3568838e+00   1.4039115e-43
   8.3761548e+00   1.4291910e-43
   8.3954703e+00   1.4574837e-43
   8.4148303e+00   1.4890943e-43
   8.4342350e+00   1.5243748e-43
   8.4536844e+00   1.5637327e-43
   8.4731786e+00   1.6076423e-43
   8.4927179e+00   1.6566575e-43
   8.5123021e+00   1.7114282e-43
   8.5319316e+00   1.7727212e-43
   8.5516063e+00   1.8414454e-43
   8.5713263e+00   1.9186851e-43
   8.5910919e+00   2.0057422e-43
   8.6109030e+00   2.1041904e-43
   8.6307598e+00   2.2159470e-43
   8.6506624e+00   2.3433668e-43
   8.6706109e+00   2.4893665e-43
   8.6906054e+00   2.6576036e-43
   8.7106460e+00   2.8527002e-43
   8.7307328e+00   3.0805794e-43
   8.7508660e+00   3.3489305e-43
   8.7710455e+00   3.6678848e-43
   8.7912716e+00   4.0510167e-43
   8.8115444e+00   4.5168604e-43
   8.8318638e+00   5.0912702e-43
   8.8522302e+00   5.8112120e-43
   8.8726435e+00   6.7310698e-43
   8.8931039e+00   7.9335812e-43
   8.9136114e+00   9.5497451e-43
   8.9341663e+00   1.1797247e-42
   8.9547686e+00   1.5060119e-42
   8.9754183e+00   2.0069378e-42
   8.9961157e+00   2.8363065e-42
   9.0168608e+00   4.3657659e-42
   9.0376538e+00   7.6985991e-42
   9.0584947e+00   1.7463307e-41
   9.0793836e+00   7.5106162e-41
   9.1003208e+00   8.0894388e-39
   9.1213062e+00   5.1123453e-41
   9.1423400e+00   1.3707883e-41
   9.1634223e+00   6.2464233e-42
   9.1845532e+00   3.6212992e-42
   9.2057328e+00   2.4939448e-42
   9.2269613e+00   2.1608919e-42
   9.2482388e+00   3.5583548e-42
   9.2695653e+00   1.5361874e-39
   9.2909410e+00   3.0723733e-42
   9.3123660e+00   1.1011452e-42
   9.3338403e+00   6.7671022e-43
   9.3553642e+00   4.9275401e-43
   9.3769378e+00   3.8668307e-43
   9.3985611e+00   3.1618591e-43
   9.4202342e+00   2.6543348e-43
   9.4419574e+00   2.2703111e-43
   9.4637306e+00   1.9697612e-43
   9.4855540e+00   1.7287059e-43
   9.5074278e+00   1.5317049e-43
   9.5293520e+00   1.3682741e-43
   9.5513267e+00   1.2310039e-43
   9.5733522e+00   1.1144920e-43
   9.5954284e+00   1.0146993e-43
   9.6175555e+00   9.2854459e-44
   9.6397337e+00   8.5363633e-44
   9.6619630e+00   7.8809151e-44
   9.6842435e+00   7.3040854e-44
   9.7065755e+00   6.7937669e-44
   9.7289589e+00   6.3401025e-44
   9.7513940e+00   5.9349962e-44
   9.7738808e+00   5.5717460e-44
   9.7964194e+00   5.2447635e-44
   9.8190100e+00   4.9493584e-44
   9.8416527e+00   4.6815703e-44
   9.8643477e+00   4.4380366e-44
   9.8870949e+00   4.2158873e-44
   9.9098946e+00   4.0126611e-44
   9.9327469e+00   3.8262374e-44
   9.9556519e+00   3.6547821e-44
   9.9786097e+00   3.4967020e-44
   1.0001620e+01   3.3506169e-44
   1.0024684e+01   3.2153609e-44
   1.0047801e+01   3.0897368e-44
   1.0070972e+01   2.9728498e-44
   1.0094195e+01   2.8639037e-44
   1.0117473e+01   2.7621813e-44
   1.0140804e+01   2.6670191e-44
   1.0164188e+01   2.5778288e-44
   1.0187627e+01   2.4940864e-44
   1.0211120e+01   2.4153255e-44
   1.0234667e+01   2.3411404e-44
   1.0258268e+01   2.2711562e-44
   1.0281924e+01   2.2050327e-44
   1.0305634e+01   2.1424637e-44
   1.0329399e+01   2.0831804e-44
   1.0353218e+01   2.0269349e-44
   1.0377093e+01   1.9734997e-44
   1.0401023e+01   1.9226681e-44
   1.0425007e+01   1.8742559e-44
   1.0449048e+01   1.8280948e-44
   1.0473143e+01   1.7840282e-44
   1.0497294e+01   1.7419131e-44
   1.0521501e+01   1.7016201e-44
   1.0545764e+01   1.6630320e-44
   1.0570082e+01   1.6260384e-44
   1.0594457e+01   1.5905379e-44
   1.0618888e+01   1.5564381e-44
   1.0643375e+01   1.5236550e-44
   1.0667919e+01   1.4921093e-44
   1.0692519e+01   1.4617278e-44
   1.0717176e+01   1.4324431e-44
   1.0741890e+01   1.4041938e-44
   1.0766661e+01   1.3769219e-44
   1.0791489e+01   1.3505735e-44
   1.0816374e+01   1.3250987e-44
   1.0841317e+01   1.3004518e-44
   1.0866317e+01   1.2765896e-44
   1.0891375e+01   1.2534717e-44
   1.0916491e+01   1.2310606e-44
   1.0941664e+01   1.2093219e-44
   1.0966896e+01   1.1882226e-44
   1.0992185e+01   1.1677322e-44
   1.1017533e+01   1.1478221e-44
   1.1042940e+01   1.1284657e-44
   1.1068405e+01   1.1096380e-44
   1.1093929e+01   1.0913151e-44
   1.1119512e+01   1.0734752e-44
   1.1145153e+01   1.0560974e-44
   1.1170854e+01   1.0391623e-44
   1.1196614e+01   1.0226513e-44
   1.1222434e+01   1.0065472e-44
   1.1248313e+01   9.9083361e-45
   1.1274251e+01   9.7549515e-45
   1.1300250e+01   9.6051718e-45
   1.1326308e+01   9.4588597e-45
   1.1352427e+01   9.3158856e-45
   1.1378606e+01   9.1761258e-45
   1.1404845e+01   9.0394632e-45
   1.1431144e+01   8.9057879e-45
   1.1457505e+01   8.7749948e-45
   1.1483926e+01   8.6469843e-45
   1.1510408e+01   8.5216614e-45
   1.1536951e+01   8.3989368e-45
   1.1563555e+01   8.2787247e-45
   1.1590221e+01   8.1609438e-45
   1.1616948e+01   8.0455162e-45
   1.1643737e+01   7.9323685e-45
   1.1670587e+01   7.8214301e-45
   1.1697500e+01   7.7126334e-45
   1.1724474e+01   7.6059145e-45
   1.1751511e+01   7.5012120e-45
   1.1778610e+01   7.3984671e-45
   1.1805772e+01   7.2976236e-45
   1.1832996e+01   7.1986278e-45
   1.1860283e+01   7.1014283e-45
   1.1887633e+01   7.0059755e-45
   1.1915046e+01   6.9122222e-45
   1.1942522e+01   6.8201229e-45
   1.1970061e+01   6.7296340e-45
   1.1997664e+01   6.6407134e-45
   1.2025331e+01   6.5533210e-45
   1.2053062e+01   6.4674180e-45
   1.2080856e+01   6.3829671e-45
   1.2108715e+01   6.2999322e-45
   1.2136637e+01   6.2182788e-45
   1.2164625e+01   6.1379736e-45
   1.2192676e+01   6.0589843e-45
   1.2220793e+01   5.9812800e-45
   1.2248974e+01   5.9048306e-45
   1.2277220e+01   5.8296072e-45
   1.2305532e+01   5.7555819e-45
   1.2333908e+01   5.6827275e-45
   1.2362350e+01   5.6110181e-45
   1.2390858e+01   5.5404283e-45
   1.2419431e+01   5.4709335e-45
   1.2448071e+01   5.4025102e-45
   1.2476776e+01   5.3351352e-45
   1.2505548e+01   5.2687865e-45
   1.2534386e+01   5.2034424e-45
   1.2563290e+01   5.1390819e-45
   1.2592261e+01   5.0756848e-45
   1.2621299e+01   5.0132314e-45
   1.2650404e+01   4.9517025e-45
   1.2679576e+01   4.8910796e-45
   1.2708815e+01   4.8313446e-45
   1.2738121e+01   4.7724800e-45
   1.2767496e+01   4.7144687e-45
   1.2796938e+01   4.6572941e-45
   1.2826447e+01   4.6009401e-45
   1.2856025e+01   4.5453911e-45
   1.2885671e+01   4.4906316e-45
   1.2915386e+01   4.4366469e-45
   1.2945169e+01   4.3834224e-45
   1.2975020e+01   4.3309441e-45
   1.3004941e+01   4.2791982e-45
   1.3034930e+01   4.2281714e-45
   1.3064989e+01   4.1778504e-45
   1.3095117e+01   4.1282226e-45
   1.3125314e+01   4.0792757e-45
   1.3155582e+01   4.0309973e-45
   1.3185918e+01   3.9833759e-45
   1.3216325e+01   3.9363997e-45
   1.3246802e+01   3.8900576e-45
   1.3277349e+01   3.8443385e-45
   1.3307967e+01   3.7992318e-45
   1.3338655e+01   3.7547268e-45
   1.3369414e+01   3.7108135e-45
   1.3400244e+01   3.6674817e-45
   1.3431145e+01   3.6247217e-45
   1.3462118e+01   3.5825239e-45
   1.3493162e+01   3.5408790e-45
   1.3524277e+01   3.4997779e-45
   1.3555464e+01   3.4592116e-45
   1.3586723e+01   3.4191713e-45
   1.3618054e+01   3.3796486e-45
   1.3649457e+01   3.3406350e-45
   1.3680933e+01   3.3021225e-45
   1.3712481e+01   3.2641029e-45
   1.3744103e+01   3.2265684e-45
   1.3775797e+01   3.1895114e-45
   1.3807564e+01   3.1529243e-45
   1.3839404e+01   3.1167999e-45
   1.3871318e+01   3.0811308e-45
   1.3903305e+01   3.0459101e-45
   1.3935366e+01   3.0111308e-45
   1.3967501e+01   2.9767861e-45
   1.3999710e+01   2.9428695e-45
   1.4031994e+01   2.9093744e-45
   1.4064352e+01   2.8762944e-45
   1.4096784e+01   2.8436234e-45
   1.4129292e+01   2.8113551e-45
   1.4161874e+01   2.7794836e-45
   1.4194531e+01   2.7480030e-45
   1.4227264e+01   2.7169076e-45
   1.4260072e+01   2.6861916e-45
   1.4292956e+01   2.6558495e-45
   1.4325916e+01   2.6258759e-45
   1.4358951e+01   2.5962654e-45
   1.4392063e+01   2.5670128e-45
   1.4425251e+01   2.5381129e-45
   1.4458516e+01   2.5095608e-45
   1.4491858e+01   2.4813513e-45
   1.4525276e+01   2.4534798e-45
   1.4558771e+01   2.4259414e-45
   1.4592344e+01   2.3987314e-45
   1.4625994e+01   2.3718452e-45
   1.4659722e+01   2.3452783e-45
   1.4693527e+01   2.3190263e-45
   1.4727410e+01   2.2930848e-45
   1.4761372e+01   2.2674496e-45
   1.4795412e+01   2.2421163e-45
   1.4829530e+01   2.2170810e-45
   1.4863727e+01   2.1923394e-45
   1.4898003e+01   2.1678878e-45
   1.4932358e+01   2.1437220e-45
   1.4966792e+01   2.1198384e-45
   1.5001306e+01   2.0962330e-45
   1.5035899e+01   2.0729022e-45
   1.5070572e+01   2.0498423e-45
   1.5105324e+01   2.0270497e-45
   1.5140157e+01   2.0045209e-45
   1.5175071e+01   1.9822524e-45
   1.5210065e+01   1.9602408e-45
   1.5245139e+01   1.9384828e-45
   1.5280295e+01   1.9169749e-45
   1.5315531e+01   1.8957140e-45
   1.5350849e+01   1.8746969e-45
   1.5386248e+01   1.8539204e-45
   1.5421729e+01   1.8333814e-45
   1.5457291e+01   1.8130770e-45
   1.5492936e+01   1.7930039e-45
   1.5528663e+01   1.7731594e-45
   1.5564472e+01   1.7535406e-45
   1.5600364e+01   1.7341445e-45
   1.5636338e+01   1.7149683e-45
   1.5672396e+01   1.6960093e-45
   1.5708537e+01   1.6772648e-45
   1.5744761e+01   1.6587321e-45
   1.5781068e+01   1.6404085e-45
   1.5817459e+01   1.6222914e-45
   1.5853935e+01   1.6043783e-45
   1.5890494e+01   1.5866666e-45
   1.5927137e+01   1.5691539e-45
   1.5963866e+01   1.5518377e-45
   1.6000678e+01   1.5347156e-45
   1.6037576e+01   1.5177852e-45
   1.6074559e+01   1.5010442e-45
   1.6111627e+01   1.4844903e-45
   1.6148780e+01   1.4681212e-45
   1.6186020e+01   1.4519347e-45
   1.6223345e+01   1.4359285e-45
   1.6260756e+01   1.4201005e-45
   1.6298253e+01   1.4044486e-45
   1.6335837e+01   1.3889706e-45
   1.6373508e+01   1.3736644e-45
   1.6411265e+01   1.3585281e-45
   1.6449110e+01   1.3435595e-45
   1.6487041e+01   1.3287568e-45
   1.6525061e+01   1.3141178e-45
   1.6563168e+01   1.2996408e-45
   1.6601362e+01   1.2853237e-45
   1.6639645e+01   1.2711647e-45
   1.6678016e+01   1.2571620e-45
   1.6716476e+01   1.2433136e-45
   1.6755024e+01   1.2296179e-45
   1.6793662e+01   1.2160730e-45
   1.6832388e+01   1.2026771e-45
   1.6871203e+01   1.1894286e-45
   1.6910109e+01   1.1763257e-45
   1.6949103e+01   1.1633667e-45
   1.6988188e+01   1.1505500e-45
   1.7027363e+01   1.1378739e-45
   1.7066628e+01   1.1253369e-45
   1.7105984e+01   1.1129372e-45
   1.7145431e+01   1.1006734e-45
   1.7184968e+01   1.0885438e-45
   1.7224597e+01   1.0765470e-45
   1.7264317e+01   1.0646814e-45
   1.7304128e+01   1.0529455e-45
   1.7344032e+01   1.0413379e-45
   1.7384027e+01   1.0298571e-45
   1.7424115e+01   1.0185017e-45
   1.7464295e+01   1.0072702e-45
   1.7504568e+01   9.9616119e-46
   1.7544934e+01   9.8517339e-46
   1.7585392e+01   9.7430538e-46
   1.7625945e+01   9.6355581e-46
   1.7666590e+01   9.5292336e-46
   1.7707329e+01   9.4240671e-46
   1.7748163e+01   9.3200457e-46
   1.7789090e+01   9.2171565e-46
   1.7830112e+01   9.1153869e-46
   1.7871228e+01   9.0147245e-46
   1.7912439e+01   8.9151568e-46
   1.7953746e+01   8.8166717e-46
   1.7995147e+01   8.7192572e-46
   1.8036644e+01   8.6229014e-46
   1.8078237e+01   8.5275926e-46
   1.8119925e+01   8.4333192e-46
   1.8161710e+01   8.3400697e-46
   1.8203591e+01   8.2478329e-46
   1.8245569e+01   8.1565976e-46
   1.8287643e+01   8.0663527e-46
   1.8329814e+01   7.9770874e-46
   1.8372083e+01   7.8887909e-46
   1.8414449e+01   7.8014525e-46
   1.8456913e+01   7.7150619e-46
   1.8499475e+01   7.6296085e-46
   1.8542135e+01   7.5450821e-46
   1.8584893e+01   7.4614727e-46
   1.8627750e+01   7.3787701e-46
   1.8670706e+01   7.2969646e-46
   1.8713761e+01   7.2160463e-46
   1.8756915e+01   7.1360056e-46
   1.8800168e+01   7.0568330e-46
   1.8843522e+01   6.9785189e-46
   1.8886975e+01   6.9010542e-46
   1.8930528e+01   6.8244295e-46
   1.8974182e+01   6.7486359e-46
   1.9017937e+01   6.6736642e-46
   1.9061792e+01   6.5995057e-46
   1.9105749e+01   6.5261515e-46
   1.9149807e+01   6.4535929e-46
   1.9193967e+01   6.3818215e-46
   1.9238228e+01   6.3108286e-46
   1.9282592e+01   6.2406059e-46
   1.9327057e+01   6.1711451e-46
   1.9371626e+01   6.1024380e-46
   1.9416297e+01   6.0344766e-46
   1.9461071e+01   5.9672528e-46
   1.9505948e+01   5.9007587e-46
   1.9550929e+01   5.8349865e-46
   1.9596014e+01   5.7699285e-46
   1.9641202e+01   5.7055770e-46
   1.9686495e+01   5.6419244e-46
   1.9731892e+01   5.5789633e-46
   1.9777394e+01   5.5166864e-46
   1.9823001e+01   5.4550862e-46
   1.9868713e+01   5.3941556e-46
   1.9914530e+01   5.3338875e-46
   1.9960454e+01   5.2742747e-46
   2.0006482e+01   5.2153103e-46
   2.0052618e+01   5.1569874e-46
   2.0098859e+01   5.0992992e-46
   2.0145207e+01   5.0422390e-46
   2.0191662e+01   4.9858000e-46
   2.0238224e+01   4.9299756e-46
   2.0284894e+01   4.8747594e-46
   2.0331671e+01   4.8201449e-46
   2.0378556e+01   4.7661257e-46
   2.0425549e+01   4.7126954e-46
   2.0472650e+01   4.6598480e-46
   2.0519861e+01   4.6075771e-46
   2.0567180e+01   4.5558767e-46
   2.0614608e+01   4.5047408e-46
   2.0662145e+01   4.4541633e-46
   2.0709792e+01   4.4041385e-46
   2.0757549e+01   4.3546603e-46
   2.0805416e+01   4.3057232e-46
   2.0853394e+01   4.2573213e-46
   2.0901482e+01   4.2094490e-46
   2.0949681e+01   4.1621008e-46
   2.0997991e+01   4.1152710e-46
   2.1046412e+01   4.0689543e-46
   2.1094945e+01   4.0231452e-46
   2.1143591e+01   3.9778384e-46
   2.1192348e+01   3.9330286e-46
   2.1241218e+01   3.8887106e-46
   2.1290200e+01   3.8448792e-46
   2.1339295e+01   3.8015292e-46
   2.1388504e+01   3.7586557e-46
   2.1437826e+01   3.7162536e-46
   2.1487262e+01   3.6743179e-46
   2.1536812e+01   3.6328437e-46
   2.1586476e+01   3.5918263e-46
   2.1636254e+01   3.5512608e-46
   2.1686148e+01   3.5111424e-46
   2.1736156e+01   3.4714665e-46
   2.1786280e+01   3.4322285e-46
   2.1836519e+01   3.3934236e-46
   2.1886874e+01   3.3550475e-46
   2.1937346e+01   3.3170955e-46
   2.1987933e+01   3.2795634e-46
   2.2038638e+01   3.2424465e-46
   2.2089459e+01   3.2057407e-46
   2.2140397e+01   3.1694415e-46
   2.2191453e+01   3.1335448e-46
   2.2242627e+01   3.0980463e-46
   2.2293919e+01   3.0629418e-46
   2.2345328e+01   3.0282272e-46
   2.2396857e+01   2.9938985e-46
   2.2448504e+01   2.9599516e-46
   2.2500271e+01   2.9263825e-46
   2.2552157e+01   2.8931872e-46
   2.2604162e+01   2.8603619e-46
   2.2656287e+01   2.8279026e-46
   2.2708533e+01   2.7958055e-46
   2.2760899e+01   2.7640670e-46
   2.2813386e+01   2.7326831e-46
   2.2865994e+01   2.7016501e-46
   2.2918723e+01   2.6709645e-46
   2.2971574e+01   2.6406226e-46
   2.3024546e+01   2.6106208e-46
   2.3077641e+01   2.5809555e-46
   2.3130858e+01   2.5516232e-46
   2.3184198e+01   2.5226205e-46
   2.3237661e+01   2.4939438e-46
   2.3291247e+01   2.4655899e-46
   2.3344957e+01   2.4375552e-46
   2.3398791e+01   2.4098365e-46
   2.3452748e+01   2.3824304e-46
   2.3506831e+01   2.3553338e-46
   2.3561038e+01   2.3285433e-46
   2.3615370e+01   2.3020557e-46
   2.3669827e+01   2.2758680e-46
   2.3724410e+01   2.2499769e-46
   2.3779118e+01   2.2243793e-46
   2.3833953e+01   2.1990723e-46
   2.3888914e+01   2.1740526e-46
   2.3944002e+01   2.1493175e-46
   2.3999217e+01   2.1248638e-46
   2.4054560e+01   2.1006886e-46
   2.4110030e+01   2.0767890e-46
   2.4165628e+01   2.0531621e-46
   2.4221354e+01   2.0298052e-46
   2.4277208e+01   2.0067152e-46
   2.4333192e+01   1.9838895e-46
   2.4389304e+01   1.9613254e-46
   2.4445546e+01   1.9390199e-46
   2.4501918e+01   1.9169705e-46
   2.4558420e+01   1.8951745e-46
   2.4615051e+01   1.8736292e-46
   2.4671814e+01   1.8523320e-46
   2.4728707e+01   1.8312802e-46
   2.4785732e+01   1.8104714e-46
   2.4842888e+01   1.7899030e-46
   2.4900176e+01   1.7695724e-46
   2.4957596e+01   1.7494771e-46
   2.5015148e+01   1.7296148e-46
   2.5072833e+01   1.7099829e-46
   2.5130652e+01   1.6905790e-46
   2.5188603e+01   1.6714008e-46
   2.5246688e+01   1.6524459e-46
   2.5304907e+01   1.6337119e-46
   2.5363261e+01   1.6151966e-46
   2.5421748e+01   1.5968975e-46
   2.5480371e+01   1.5788125e-46
   2.5539129e+01   1.5609394e-46
   2.5598023e+01   1.5432758e-46
   2.5657052e+01   1.5258195e-46
   2.5716217e+01   1.5085685e-46
   2.5775519e+01   1.4915206e-46
   2.5834957e+01   1.4746735e-46
   2.5894533e+01   1.4580252e-46
   2.5954246e+01   1.4415737e-46
   2.6014097e+01   1.4253168e-46
   2.6074085e+01   1.4092524e-46
   2.6134212e+01   1.3933787e-46
   2.6194478e+01   1.3776935e-46
   2.6254883e+01   1.3621948e-46
   2.6315427e+01   1.3468808e-46
   2.6376110e+01   1.3317494e-46
   2.6436934e+01   1.3167988e-46
   2.6497898e+01   1.3020270e-46
   2.6559002e+01   1.2874321e-46
   2.6620247e+01   1.2730123e-46
   2.6681634e+01   1.2587657e-46
   2.6743162e+01   1.2446905e-46
   2.6804832e+01   1.2307849e-46
   2.6866644e+01   1.2170472e-46
   2.6928599e+01   1.2034754e-46
   2.6990696e+01   1.1900679e-46
   2.7052937e+01   1.1768229e-46
   2.7115321e+01   1.1637387e-46
   2.7177849e+01   1.1508136e-46
   2.7240522e+01   1.1380460e-46
   2.7303338e+01   1.1254341e-46
   2.7366300e+01   1.1129763e-46
   2.7429407e+01   1.1006710e-46
   2.7492659e+01   1.0885165e-46
   2.7556058e+01   1.0765112e-46
   2.7619602e+01   1.0646537e-46
   2.7683293e+01   1.0529422e-46
   2.7747131e+01   1.0413753e-46
   2.7811116e+01   1.0299514e-46
   2.7875249e+01   1.0186689e-46
   2.7939529e+01   1.0075265e-46
   2.8003958e+01   9.9652253e-47
   2.8068536e+01   9.8565558e-47
   2.8133262e+01   9.7492420e-47
   2.8198137e+01   9.6432692e-47
   2.8263162e+01   9.5386233e-47
   2.8328338e+01   9.4352900e-47
   2.8393663e+01   9.3332554e-47
   2.8459139e+01   9.2325055e-47
   2.8524766e+01   9.1330267e-47
   2.8590544e+01   9.0348053e-47
   2.8656474e+01   8.9378280e-47
   2.8722556e+01   8.8420813e-47
   2.8788791e+01   8.7475521e-47
   2.8855178e+01   8.6542274e-47
   2.8921718e+01   8.5620942e-47
   2.8988412e+01   8.4711398e-47
   2.9055259e+01   8.3813515e-47
   2.9122261e+01   8.2927169e-47
   2.9189417e+01   8.2052234e-47
   2.9256728e+01   8.1188588e-47
   2.9324194e+01   8.0336111e-47
   2.9391816e+01   7.9494681e-47
   2.9459594e+01   7.8664180e-47
   2.9527528e+01   7.7844489e-47
   2.9595619e+01   7.7035493e-47
   2.9663866e+01   7.6237076e-47
   2.9732272e+01   7.5449124e-47
   2.9800834e+01   7.4671524e-47
   2.9869555e+01   7.3904163e-47
   2.9938435e+01   7.3146932e-47
   3.0007473e+01   7.2399720e-47
   3.0076670e+01   7.1662418e-47
   3.0146028e+01   7.0934921e-47
   3.0215544e+01   7.0217120e-47
   3.0285222e+01   6.9508912e-47
   3.0355060e+01   6.8810191e-47
   3.0425059e+01   6.8120855e-47
   3.0495219e+01   6.7440801e-47
   3.0565541e+01   6.6769929e-47
   3.0636026e+01   6.6108139e-47
   3.0706673e+01   6.5455331e-47
   3.0777482e+01   6.4811408e-47
   3.0848456e+01   6.4176273e-47
   3.0919592e+01   6.3549829e-47
   3.0990893e+01   6.2931983e-47
   3.1062358e+01   6.2322638e-47
   3.1133988e+01   6.1721704e-47
   3.1205784e+01   6.1129087e-47
   3.1277744e+01   6.0544696e-47
   3.1349871e+01   5.9968441e-47
   3.1422164e+01   5.9400233e-47
   3.1494624e+01   5.8839983e-47
   3.1567251e+01   5.8287604e-47
   3.1640045e+01   5.7743009e-47
   3.1713007e+01   5.7206112e-47
   3.1786138e+01   5.6676829e-47
   3.1859437e+01   5.6155075e-47
   3.1932905e+01   5.5640767e-47
   3.2006542e+01   5.5133824e-47
   3.2080350e+01   5.4634163e-47
   3.2154327e+01   5.4141704e-47
   3.2228475e+01   5.3656366e-47
   3.2302794e+01   5.3178072e-47
   3.2377285e+01   5.2706743e-47
   3.2451947e+01   5.2242302e-47
   3.2526782e+01   5.1784671e-47
   3.2601789e+01   5.1333775e-47
   3.2676969e+01   5.0889539e-47
   3.2752322e+01   5.0451890e-47
   3.2827849e+01   5.0020752e-47
   3.2903550e+01   4.9596054e-47
   3.2979426e+01   4.9177723e-47
   3.3055477e+01   4.8765688e-47
   3.3131703e+01   4.8359879e-47
   3.3208105e+01   4.7960226e-47
   3.3284683e+01   4.7566659e-47
   3.3361438e+01   4.7179111e-47
   3.3438370e+01   4.6797513e-47
   3.3515479e+01   4.6421799e-47
   3.3592766e+01   4.6051902e-47
   3.3670231e+01   4.5687756e-47
   3.3747875e+01   4.5329297e-47
   3.3825698e+01   4.4976460e-47
   3.3903700e+01   4.4629182e-47
   3.3981882e+01   4.4287400e-47
   3.4060245e+01   4.3951050e-47
   3.4138788e+01   4.3620073e-47
   3.4217512e+01   4.3294405e-47
   3.4296418e+01   4.2973988e-47
   3.4375506e+01   4.2658761e-47
   3.4454776e+01   4.2348665e-47
   3.4534229e+01   4.2043641e-47
   3.4613865e+01   4.1743632e-47
   3.4693685e+01   4.1448580e-47
   3.4773689e+01   4.1158427e-47
   3.4853877e+01   4.0873119e-47
   3.4934251e+01   4.0592599e-47
   3.5014809e+01   4.0316812e-47
   3.5095554e+01   4.0045704e-47
   3.5176484e+01   3.9779221e-47
   3.5257602e+01   3.9517309e-47
   3.5338906e+01   3.9259916e-47
   3.5420398e+01   3.9006989e-47
   3.5502077e+01   3.8758476e-47
   3.5583945e+01   3.8514326e-47
   3.5666002e+01   3.8274490e-47
   3.5748248e+01   3.8038915e-47
   3.5830684e+01   3.7807553e-47
   3.5913310e+01   3.7580355e-47
   3.5996126e+01   3.7357272e-47
   3.6079134e+01   3.7138256e-47
   3.6162332e+01   3.6923259e-47
   3.6245723e+01   3.6712234e-47
   3.6329306e+01   3.6505135e-47
   3.6413082e+01   3.6301914e-47
   3.6497050e+01   3.6102528e-47
   3.6581213e+01   3.5906930e-47
   3.6665569e+01   3.5715075e-47
   3.6750120e+01   3.5526921e-47
   3.6834867e+01   3.5342421e-47
   3.6919808e+01   3.5161534e-47
   3.7004945e+01   3.4984216e-47
   3.7090279e+01   3.4810425e-47
   3.7175810e+01   3.4640119e-47
   3.7261537e+01   3.4473257e-47
   3.7347463e+01   3.4309796e-47
   3.7433586e+01   3.4149697e-47
   3.7519908e+01   3.3992919e-47
   3.7606429e+01   3.3839422e-47
   3.7693150e+01   3.3689167e-47
   3.7780071e+01   3.3542114e-47
   3.7867192e+01   3.3398226e-47
   3.7954514e+01   3.3257464e-47
   3.8042037e+01   3.3119790e-47
   3.8129763e+01   3.2985166e-47
   3.8217690e+01   3.2853556e-47
   3.8305821e+01   3.2724923e-47
   3.8394154e+01   3.2599230e-47
   3.8482691e+01   3.2476442e-47
   3.8571433e+01   3.2356524e-47
   3.8660379e+01   3.2239439e-47
   3.8749530e+01   3.2125154e-47
   3.8838886e+01   3.2013633e-47
   3.8928449e+01   3.1904844e-47
   3.9018219e+01   3.1798751e-47
   3.9108195e+01   3.1695323e-47
   3.9198379e+01   3.1594525e-47
   3.9288770e+01   3.1496325e-47
   3.9379371e+01   3.1400692e-47
   3.9470180e+01   3.1307592e-47
   3.9561198e+01   3.1216994e-47
   3.9652427e+01   3.1128868e-47
   3.9743865e+01   3.1043182e-47
   3.9835515e+01   3.0959905e-47
   3.9927376e+01   3.0879008e-47
   4.0019449e+01   3.0800459e-47
   4.0111734e+01   3.0724230e-47
   4.0204232e+01   3.0650292e-47
   4.0296943e+01   3.0578614e-47
   4.0389868e+01   3.0509169e-47
   4.0483008e+01   3.0441928e-47
   4.0576362e+01   3.0376863e-47
   4.0669931e+01   3.0313946e-47
   4.0763716e+01   3.0253149e-47
   4.0857718e+01   3.0194446e-47
   4.0951936e+01   3.0137809e-47
   4.1046372e+01   3.0083212e-47
   4.1141025e+01   3.0030628e-47
   4.1235896e+01   2.9980032e-47
   4.1330987e+01   2.9931397e-47
   4.1426296e+01   2.9884698e-47
   4.1521826e+01   2.9839909e-47
   4.1617575e+01   2.9797006e-47
   4.1713546e+01   2.9755965e-47
   4.1809737e+01   2.9716759e-47
   4.1906151e+01   2.9679366e-47
   4.2002787e+01   2.9643762e-47
   4.2099646e+01   2.9609922e-47
   4.2196728e+01   2.9577823e-47
   4.2294034e+01   2.9547442e-47
   4.2391564e+01   2.9518757e-47
   4.2489319e+01   2.9491744e-47
   4.2587300e+01   2.9466381e-47
   4.2685507e+01   2.9442646e-47
   4.2783940e+01   2.9420517e-47
   4.2882600e+01   2.9399972e-47
   4.2981488e+01   2.9380990e-47
   4.3080603e+01   2.9363550e-47
   4.3179947e+01   2.9347630e-47
   4.3279521e+01   2.9333209e-47
   4.3379324e+01   2.9320268e-47
   4.3479357e+01   2.9308786e-47
   4.3579620e+01   2.9298742e-47
   4.3680115e+01   2.9290117e-47
   4.3780842e+01   2.9282892e-47
   4.3881801e+01   2.9277046e-47
   4.3982993e+01   2.9272560e-47
   4.4084418e+01   2.9269416e-47
   4.4186077e+01   2.9267594e-47
   4.4287970e+01   2.9267076e-47
   4.4390099e+01   2.9267844e-47
   4.4492463e+01   2.9269879e-47
   4.4595062e+01   2.9273163e-47
   4.4697899e+01   2.9277679e-47
   4.4800973e+01   2.9283409e-47
   4.4904284e+01   2.9290335e-47
   4.5007834e+01   2.9298440e-47
   4.5111622e+01   2.9307707e-47
   4.5215650e+01   2.9318119e-47
   4.5319918e+01   2.9329660e-47
   4.5424426e+01   2.9342313e-47
   4.5529175e+01   2.9356062e-47
   4.5634165e+01   2.9370890e-47
   4.5739398e+01   2.9386782e-47
   4.5844873e+01   2.9403722e-47
   4.5950592e+01   2.9421694e-47
   4.6056554e+01   2.9440683e-47
   4.6162761e+01   2.9460674e-47
   4.6269213e+01   2.9481651e-47
   4.6375910e+01   2.9503600e-47
   4.6482853e+01   2.9526506e-47
   4.6590043e+01   2.9550354e-47
   4.6697480e+01   2.9575130e-47
   4.6805165e+01   2.9600819e-47
   4.6913098e+01   2.9627408e-47
   4.7021280e+01   2.9654883e-47
   4.7129711e+01   2.9683229e-47
   4.7238393e+01   2.9712434e-47
   4.7347325e+01   2.9742483e-47
   4.7456508e+01   2.9773364e-47
   4.7565943e+01   2.9805063e-47
   4.7675631e+01   2.9837567e-47
   4.7785571e+01   2.9870863e-47
   4.7895765e+01   2.9904939e-47
   4.8006213e+01   2.9939782e-47
   4.8116916e+01   2.9975380e-47
   4.8227874e+01   3.0011719e-47
   4.8339087e+01   3.0048789e-47
   4.8450558e+01   3.0086577e-47
   4.8562285e+01   3.0125071e-47
   4.8674270e+01   3.0164260e-47
   4.8786513e+01   3.0204131e-47
   4.8899015e+01   3.0244674e-47
   4.9011777e+01   3.0285877e-47
   4.9124798e+01   3.0327728e-47
   4.9238081e+01   3.0370218e-47
   4.9351624e+01   3.0413334e-47
   4.9465429e+01   3.0457066e-47
   4.9579497e+01   3.0501403e-47
   4.9693828e+01   3.0546334e-47
   4.9808422e+01   3.0591850e-47
   4.9923280e+01   3.0637940e-47
   5.0038404e+01   3.0684593e-47
   5.0153793e+01   3.0731800e-47
   5.0269448e+01   3.0779550e-47
   5.0385370e+01   3.0827834e-47
   5.0501559e+01   3.0876642e-47
   5.0618016e+01   3.0925964e-47
   5.0734741e+01   3.0975790e-47
   5.0851736e+01   3.1026112e-47
   5.0969000e+01   3.1076920e-47
   5.1086535e+01   3.1128205e-47
   5.1204341e+01   3.1179957e-47
   5.1322419e+01   3.1232169e-47
   5.1440769e+01   3.1284830e-47
   5.1559392e+01   3.1337932e-47
   5.1678288e+01   3.1391467e-47
   5.1797458e+01   3.1445425e-47
   5.1916904e+01   3.1499799e-47
   5.2036625e+01   3.1554580e-47
   5.2156621e+01   3.1609760e-47
   5.2276895e+01   3.1665330e-47
   5.2397446e+01   3.1721283e-47
   5.2518275e+01   3.1777611e-47
   5.2639382e+01   3.1834305e-47
   5.2760769e+01   3.1891359e-47
   5.2882436e+01   3.1948763e-47
   5.3004383e+01   3.2006512e-47
   5.3126612e+01   3.2064596e-47
   5.3249122e+01   3.2123010e-47
   5.3371915e+01   3.2181745e-47
   5.3494991e+01   3.2240794e-47
   5.3618351e+01   3.2300150e-47
   5.3741995e+01   3.2359807e-47
   5.3865925e+01   3.2419756e-47
   5.3990140e+01   3.2479992e-47
   5.4114642e+01   3.2540507e-47
   5.4239430e+01   3.2601295e-47
   5.4364507e+01   3.2662349e-47
   5.4489872e+01   3.2723663e-47
   5.4615526e+01   3.2785230e-47
   5.4741470e+01   3.2847043e-47
   5.4867704e+01   3.2909097e-47
   5.4994229e+01   3.2971385e-47
   5.5121046e+01   3.3033902e-47
   5.5248156e+01   3.3096640e-47
   5.5375559e+01   3.3159594e-47
   5.5503255e+01   3.3222758e-47
   5.5631246e+01   3.3286126e-47
   5.5759532e+01   3.3349693e-47
   5.5888114e+01   3.3413453e-47
   5.6016992e+01   3.3477399e-47
   5.6146168e+01   3.3541527e-47
   5.6275642e+01   3.3605832e-47
   5.6405414e+01   3.3670306e-47
   5.6535485e+01   3.3734947e-47
   5.6665856e+01   3.3799747e-47
   5.6796528e+01   3.3864702e-47
   5.6927501e+01   3.3929807e-47
   5.7058777e+01   3.3995056e-47
   5.7190355e+01   3.4060445e-47
   5.7322236e+01   3.4125968e-47
   5.7454421e+01   3.4191622e-47
   5.7586912e+01   3.4257400e-47
   5.7719708e+01   3.4323298e-47
   5.7852810e+01   3.4389312e-47
   5.7986219e+01   3.4455437e-47
   5.8119935e+01   3.4521668e-47
   5.8253960e+01   3.4588001e-47
   5.8388294e+01   3.4654431e-47
   5.8522938e+01   3.4720955e-47
   5.8657893e+01   3.4787566e-47
   5.8793158e+01   3.4854263e-47
   5.8928736e+01   3.4921039e-47
   5.9064626e+01   3.4987891e-47
   5.9200829e+01   3.5054815e-47
   5.9337347e+01   3.5121807e-47
   5.9474179e+01   3.5188863e-47
   5.9611327e+01   3.5255978e-47
   5.9748791e+01   3.5323150e-47
   5.9886572e+01   3.5390373e-47
   6.0024671e+01   3.5457645e-47
   6.0163089e+01   3.5524962e-47
   6.0301825e+01   3.5592319e-47
   6.0440882e+01   3.5659714e-47
   6.0580259e+01   3.5727143e-47
   6.0719957e+01   3.5794602e-47
   6.0859978e+01   3.5862088e-47
   6.1000322e+01   3.5929596e-47
   6.1140989e+01   3.5997125e-47
   6.1281980e+01   3.6064671e-47
   6.1423297e+01   3.6132230e-47
   6.1564940e+01   3.6199798e-47
   6.1706909e+01   3.6267374e-47
   6.1849206e+01   3.6334953e-47
   6.1991830e+01   3.6402534e-47
   6.2134784e+01   3.6470111e-47
   6.2278067e+01   3.6537683e-47
   6.2421681e+01   3.6605247e-47
   6.2565626e+01   3.6672799e-47
   6.2709903e+01   3.6740337e-47
   6.2854512e+01   3.6807858e-47
   6.2999455e+01   3.6875360e-47
   6.3144732e+01   3.6942838e-47
   6.3290345e+01   3.7010291e-47
   6.3436293e+01   3.7077716e-47
   6.3582577e+01   3.7145111e-47
   6.3729199e+01   3.7212472e-47
   6.3876159e+01   3.7279797e-47
   6.4023458e+01   3.7347084e-47
   6.4171097e+01   3.7414330e-47
   6.4319076e+01   3.7481533e-47
   6.4467396e+01   3.7548690e-47
   6.4616058e+01   3.7615799e-47
   6.4765063e+01   3.7682857e-47
   6.4914412e+01   3.7749863e-47
   6.5064105e+01   3.7816814e-47
   6.5214144e+01   3.7883708e-47
   6.5364528e+01   3.7950542e-47
   6.5515259e+01   3.8017315e-47
   6.5666338e+01   3.8084024e-47
   6.5817765e+01   3.8150667e-47
   6.5969541e+01   3.8217242e-47
   6.6121667e+01   3.8283748e-47
   6.6274144e+01   3.8350182e-47
   6.6426973e+01   3.8416542e-47
   6.6580154e+01   3.8482826e-47
   6.6733688e+01   3.8549033e-47
   6.6887577e+01   3.8615160e-47
   6.7041820e+01   3.8681206e-47
   6.7196419e+01   3.8747169e-47
   6.7351374e+01   3.8813047e-47
   6.7506687e+01   3.8878838e-47
   6.7662358e+01   3.8944541e-47
   6.7818388e+01   3.9010154e-47
   6.7974778e+01   3.9075675e-47
   6.8131528e+01   3.9141103e-47
   6.8288640e+01   3.9206437e-47
   6.8446114e+01   3.9271673e-47
   6.8603951e+01   3.9336812e-47
   6.8762153e+01   3.9401851e-47
   6.8920719e+01   3.9466790e-47
   6.9079650e+01   3.9531625e-47
   6.9238949e+01   3.9596357e-47
   6.9398614e+01   3.9660984e-47
   6.9558648e+01   3.9725504e-47
   6.9719051e+01   3.9789916e-47
   6.9879823e+01   3.9854219e-47
   7.0040967e+01   3.9918410e-47
   7.0202482e+01   3.9982491e-47
   7.0364369e+01   4.0046457e-47
   7.0526630e+01   4.0110310e-47
   7.0689265e+01   4.0174047e-47
   7.0852275e+01   4.0237667e-47
   7.1015661e+01   4.0301169e-47
   7.1179423e+01   4.0364551e-47
   7.1343564e+01   4.0427814e-47
   7.1508083e+01   4.0490955e-47
   7.1672981e+01   4.0553974e-47
   7.1838259e+01   4.0616870e-47
   7.2003919e+01   4.0679641e-47
   7.2169960e+01   4.0742287e-47
   7.2336385e+01   4.0804806e-47
   7.2503193e+01   4.0867197e-47
   7.2670386e+01   4.0929461e-47
   7.2837964e+01   4.0991595e-47
   7.3005929e+01   4.1053599e-47
   7.3174282e+01   4.1115472e-47
   7.3343022e+01   4.1177213e-47
   7.3512152e+01   4.1238821e-47
   7.3681671e+01   4.1300295e-47
   7.3851582e+01   4.1361635e-47
   7.4021884e+01   4.1422840e-47
   7.4192579e+01   4.1483910e-47
   7.4363668e+01   4.1544842e-47
   7.4535151e+01   4.1605637e-47
   7.4707029e+01   4.1666294e-47
   7.4879304e+01   4.1726812e-47
   7.5051977e+01   4.1787190e-47
   7.5225047e+01   4.1847429e-47
   7.5398517e+01   4.1907526e-47
   7.5572386e+01   4.1967482e-47
   7.5746657e+01   4.2027296e-47
   7.5921329e+01   4.2086968e-47
   7.6096404e+01   4.2146496e-47
   7.6271883e+01   4.2205881e-47
   7.6447767e+01   4.2265121e-47
   7.6624056e+01   4.2324217e-47
   7.6800751e+01   4.2383167e-47
   7.6977855e+01   4.2441971e-47
   7.7155366e+01   4.2500629e-47
   7.7333287e+01   4.2559140e-47
   7.7511618e+01   4.2617504e-47
   7.7690361e+01   4.2675721e-47
   7.7869515e+01   4.2733789e-47
   7.8049083e+01   4.2791709e-47
   7.8229065e+01   4.2849479e-47
   7.8409461e+01   4.2907101e-47
   7.8590274e+01   4.2964573e-47
   7.8771504e+01   4.3021895e-47
   7.8953152e+01   4.3079067e-47
   7.9135218e+01   4.3136088e-47
   7.9317705e+01   4.3192958e-47
   7.9500612e+01   4.3249677e-47
   7.9683941e+01   4.3306245e-47
   7.9867693e+01   4.3362660e-47
   8.0051868e+01   4.3418924e-47
   8.0236468e+01   4.3475035e-47
   8.0421494e+01   4.3530994e-47
   8.0606947e+01   4.3586799e-47
   8.0792827e+01   4.3642452e-47
   8.0979136e+01   4.3697952e-47
   8.1165874e+01   4.3753299e-47
   8.1353044e+01   4.3808491e-47
   8.1540644e+01   4.3863530e-47
   8.1728678e+01   4.3918416e-47
   8.1917145e+01   4.3973147e-47
   8.2106046e+01   4.4027724e-47
   8.2295383e+01   4.4082147e-47
   8.2485157e+01   4.4136415e-47
   8.2675369e+01   4.4190529e-47
   8.2866019e+01   4.4244489e-47
   8.3057108e+01   4.4298294e-47
   8.3248639e+01   4.4351944e-47
   8.3440611e+01   4.4405439e-47
   8.3633025e+01   4.4458779e-47
   8.3825884e+01   4.4511965e-47
   8.4019187e+01   4.4564996e-47
   8.4212936e+01   4.4617871e-47
   8.4407131e+01   4.4670592e-47
   8.4601775e+01   4.4723158e-47
   8.4796867e+01   4.4775569e-47
   8.4992409e+01   4.4827825e-47
   8.5188403e+01   4.4879926e-47
   8.5384848e+01   4.4931873e-47
   8.5581746e+01   4.4983664e-47
   8.5779098e+01   4.5035301e-47
   8.5976905e+01   4.5086783e-47
   8.6175169e+01   4.5138110e-47
   8.6373889e+01   4.5189283e-47
   8.6573068e+01   4.5240301e-47
   8.6772706e+01   4.5291165e-47
   8.6972805e+01   4.5341875e-47
   8.7173365e+01   4.5392430e-47
   8.7374387e+01   4.5442832e-47
   8.7575873e+01   4.5493079e-47
   8.7777824e+01   4.5543173e-47
   8.7980240e+01   4.5593113e-47
   8.8183123e+01   4.5642899e-47
   8.8386474e+01   4.5692532e-47
   8.8590294e+01   4.5742012e-47
   8.8794584e+01   4.5791338e-47
   8.8999345e+01   4.5840512e-47
   8.9204578e+01   4.5889533e-47
   8.9410285e+01   4.5938401e-47
   8.9616465e+01   4.5987118e-47
   8.9823122e+01   4.6035682e-47
   9.0030254e+01   4.6084094e-47
   9.0237865e+01   4.6132354e-47
   9.0445954e+01   4.6180463e-47
   9.0654523e+01   4.6228420e-47
   9.0863573e+01   4.6276227e-47
   9.1073105e+01   4.6323882e-47
   9.1283120e+01   4.6371387e-47
   9.1493620e+01   4.6418742e-47
   9.1704605e+01   4.6465947e-47
   9.1916077e+01   4.6513002e-47
   9.2128036e+01   4.6559907e-47
   9.2340484e+01   4.6606663e-47
   9.2553422e+01   4.6653270e-47
   9.2766850e+01   4.6699728e-47
   9.2980771e+01   4.6746037e-47
   9.3195186e+01   4.6792199e-47
   9.3410095e+01   4.6838213e-47
   9.3625499e+01   4.6884079e-47
   9.3841400e+01   4.6929798e-47
   9.4057799e+01   4.6975369e-47
   9.4274697e+01   4.7020795e-47
   9.4492095e+01   4.7066074e-47
   9.4709995e+01   4.7111206e-47
   9.4928397e+01   4.7156194e-47
   9.5147302e+01   4.7201036e-47
   9.5366713e+01   4.7245733e-47
   9.5586629e+01   4.7290285e-47
   9.5807053e+01   4.7334693e-47
   9.6027984e+01   4.7378957e-47
   9.6249426e+01   4.7423077e-47
   9.6471378e+01   4.7467054e-47
   9.6693841e+01   4.7510889e-47
   9.6916818e+01   4.7554581e-47
   9.7140309e+01   4.7598130e-47
   9.7364315e+01   4.7641538e-47
   9.7588838e+01   4.7684805e-47
   9.7813879e+01   4.7727930e-47
   9.8039438e+01   4.7770915e-47
   9.8265518e+01   4.7813760e-47
   9.8492119e+01   4.7856465e-47
   9.8719243e+01   4.7899030e-47
   9.8946890e+01   4.7941456e-47
   9.9175062e+01   4.7983744e-47
   9.9403761e+01   4.8025894e-47
   9.9632987e+01   4.8067906e-47
   9.9862741e+01   4.8109780e-47
   1.0009303e+02   4.8151517e-47
   1.0032384e+02   4.8193118e-47
   1.0055519e+02   4.8234583e-47
   1.0078707e+02   4.8275912e-47
   1.0101948e+02   4.8317106e-47
   1.0125244e+02   4.8358165e-47
   1.0148593e+02   4.8399089e-47
   1.0171995e+02   4.8439880e-47
   1.0195452e+02   4.8480537e-47
   1.0218963e+02   4.8521061e-47
   1.0242528e+02   4.8561452e-47
   1.0266147e+02   4.8601711e-47
   1.0289821e+02   4.8641838e-47
   1.0313549e+02   4.8681835e-47
   1.0337332e+02   4.8721700e-47
   1.0361170e+02   4.8761435e-47
   1.0385063e+02   4.8801040e-47
   1.0409011e+02   4.8840516e-47
   1.0433015e+02   4.8879862e-47
   1.0457073e+02   4.8919080e-47
   1.0481187e+02   4.8958171e-47
   1.0505357e+02   4.8997133e-47
   1.0529582e+02   4.9035969e-47
   1.0553864e+02   4.9074678e-47
   1.0578201e+02   4.9113261e-47
   1.0602594e+02   4.9151718e-47
   1.0627044e+02   4.9190050e-47
   1.0651550e+02   4.9228258e-47
   1.0676113e+02   4.9266341e-47
   1.0700732e+02   4.9304301e-47
   1.0725408e+02   4.9342137e-47
   1.0750141e+02   4.9379851e-47
   1.0774931e+02   4.9417442e-47
   1.0799778e+02   4.9454912e-47
   1.0824682e+02   4.9492261e-47
   1.0849644e+02   4.9529489e-47
   1.0874663e+02   4.9566597e-47
   1.0899740e+02   4.9603585e-47
   1.0924875e+02   4.9640454e-47
   1.0950068e+02   4.9677204e-47
   1.0975319e+02   4.9713837e-47
   1.1000628e+02   4.9750351e-47
   1.1025996e+02   4.9786749e-47
   1.1051422e+02   4.9823030e-47
   1.1076906e+02   4.9859194e-47
   1.1102450e+02   4.9895243e-47
   1.1128052e+02   4.9931178e-47
   1.1153714e+02   4.9966997e-47
   1.1179434e+02   5.0002703e-47
   1.1205214e+02   5.0038295e-47
   1.1231053e+02   5.0073774e-47
   1.1256952e+02   5.0109141e-47
   1.1282911e+02   5.0144396e-47
   1.1308929e+02   5.0179539e-47
   1.1335008e+02   5.0214572e-47
   1.1361146e+02   5.0249494e-47
   1.1387345e+02   5.0284306e-47
   1.1413605e+02   5.0319009e-47
   1.1439924e+02   5.0353604e-47
   1.1466305e+02   5.0388090e-47
   1.1492746e+02   5.0422469e-47
   1.1519249e+02   5.0456740e-47
   1.1545812e+02   5.0490905e-47
   1.1572437e+02   5.0524964e-47
   1.1599123e+02   5.0558918e-47
   1.1625871e+02   5.0592766e-47
   1.1652680e+02   5.0626510e-47
   1.1679551e+02   5.0660151e-47
   1.1706484e+02   5.0693687e-47
   1.1733480e+02   5.0727122e-47
   1.1760537e+02   5.0760454e-47
   1.1787657e+02   5.0793684e-47
   1.1814839e+02   5.0826813e-47
   1.1842085e+02   5.0859841e-47
   1.1869392e+02   5.0892770e-47
   1.1896763e+02   5.0925599e-47
   1.1924197e+02   5.0958329e-47
   1.1951695e+02   5.0990961e-47
   1.1979255e+02   5.1023494e-47
   1.2006880e+02   5.1055931e-47
   1.2034568e+02   5.1088271e-47
   1.2062319e+02   5.1120514e-47
   1.2090135e+02   5.1152662e-47
   1.2118015e+02   5.1184715e-47
   1.2145959e+02   5.1216674e-47
   1.2173968e+02   5.1248538e-47
   1.2202041e+02   5.1280309e-47
   1.2230179e+02   5.1311988e-47
   1.2258382e+02   5.1343574e-47
   1.2286650e+02   5.1375068e-47
   1.2314983e+02   5.1406471e-47
   1.2343382e+02   5.1437783e-47
   1.2371846e+02   5.1469006e-47
   1.2400375e+02   5.1500139e-47
   1.2428971e+02   5.1531183e-47
   1.2457632e+02   5.1562139e-47
   1.2486359e+02   5.1593007e-47
   1.2515153e+02   5.1623787e-47
   1.2544013e+02   5.1654481e-47
   1.2572940e+02   5.1685089e-47
   1.2601933e+02   5.1715611e-47
   1.2630993e+02   5.1746049e-47
   1.2660120e+02   5.1776402e-47
   1.2689314e+02   5.1806671e-47
   1.2718576e+02   5.1836857e-47
   1.2747905e+02   5.1866960e-47
   1.2777302e+02   5.1896980e-47
   1.2806767e+02   5.1926920e-47
   1.2836299e+02   5.1956778e-47
   1.2865900e+02   5.1986556e-47
   1.2895569e+02   5.2016254e-47
   1.2925306e+02   5.2045872e-47
   1.2955112e+02   5.2075412e-47
   1.2984986e+02   5.2104874e-47
   1.3014930e+02   5.2134258e-47
   1.3044942e+02   5.2163565e-47
   1.3075024e+02   5.2192795e-47
   1.3105175e+02   5.2221950e-47
   1.3135396e+02   5.2251029e-47
   1.3165686e+02   5.2280033e-47
   1.3196046e+02   5.2308964e-47
   1.3226476e+02   5.2337820e-47
   1.3256977e+02   5.2366604e-47
   1.3287547e+02   5.2395315e-47
   1.3318189e+02   5.2423954e-47
   1.3348901e+02   5.2452521e-47
   1.3379683e+02   5.2481018e-47
   1.3410537e+02   5.2509445e-47
   1.3441462e+02   5.2537802e-47
   1.3472458e+02   5.2566089e-47
   1.3503525e+02   5.2594309e-47
   1.3534665e+02   5.2622460e-47
   1.3565876e+02   5.2650544e-47
   1.3597159e+02   5.2678561e-47
   1.3628514e+02   5.2706512e-47
   1.3659941e+02   5.2734398e-47
   1.3691441e+02   5.2762218e-47
   1.3723014e+02   5.2789973e-47
   1.3754659e+02   5.2817665e-47
   1.3786377e+02   5.2845294e-47
   1.3818169e+02   5.2872859e-47
   1.3850034e+02   5.2900362e-47
   1.3881972e+02   5.2927804e-47
   1.3913984e+02   5.2955184e-47
   1.3946070e+02   5.2982504e-47
   1.3978229e+02   5.3009764e-47
   1.4010463e+02   5.3036965e-47
   1.4042772e+02   5.3064107e-47
   1.4075154e+02   5.3091191e-47
   1.4107612e+02   5.3118216e-47
   1.4140144e+02   5.3145185e-47
   1.4172751e+02   5.3172098e-47
   1.4205434e+02   5.3198954e-47
   1.4238192e+02   5.3225755e-47
   1.4271025e+02   5.3252501e-47
   1.4303934e+02   5.3279193e-47
   1.4336919e+02   5.3305831e-47
   1.4369980e+02   5.3332416e-47
   1.4403117e+02   5.3358949e-47
   1.4436331e+02   5.3385430e-47
   1.4469621e+02   5.3411859e-47
   1.4502988e+02   5.3438238e-47
   1.4536432e+02   5.3464566e-47
   1.4569954e+02   5.3490845e-47
   1.4603552e+02   5.3517074e-47
   1.4637228e+02   5.3543255e-47
   1.4670981e+02   5.3569388e-47
   1.4704813e+02   5.3595474e-47
   1.4738722e+02   5.3621513e-47
   1.4772710e+02   5.3647505e-47
   1.4806776e+02   5.3673452e-47
   1.4840920e+02   5.3699354e-47
   1.4875144e+02   5.3725212e-47
   1.4909446e+02   5.3751025e-47
   1.4943827e+02   5.3776795e-47
   1.4978288e+02   5.3802523e-47
   1.5012828e+02   5.3828208e-47
   1.5047447e+02   5.3853851e-47
   1.5082147e+02   5.3879454e-47
   1.5116927e+02   5.3905016e-47
   1.5151786e+02   5.3930537e-47
   1.5186726e+02   5.3956020e-47
   1.5221747e+02   5.3981464e-47
   1.5256849e+02   5.4006869e-47
   1.5292031e+02   5.4032237e-47
   1.5327295e+02   5.4057568e-47
   1.5362639e+02   5.4082863e-47
   1.5398066e+02   5.4108121e-47
   1.5433574e+02   5.4133344e-47
   1.5469164e+02   5.4158533e-47
   1.5504836e+02   5.4183687e-47
   1.5540590e+02   5.4208807e-47
   1.5576427e+02   5.4233895e-47
   1.5612346e+02   5.4258950e-47
   1.5648348e+02   5.4283973e-47
   1.5684434e+02   5.4308964e-47
   1.5720602e+02   5.4333925e-47
   1.5756854e+02   5.4358856e-47
   1.5793189e+02   5.4383757e-47
   1.5829608e+02   5.4408629e-47
   1.5866112e+02   5.4433473e-47
   1.5902699e+02   5.4458289e-47
   1.5939371e+02   5.4483077e-47
   1.5976127e+02   5.4507839e-47
   1.6012968e+02   5.4532574e-47
   1.6049894e+02   5.4557284e-47
   1.6086905e+02   5.4581969e-47
   1.6124002e+02   5.4606629e-47
   1.6161184e+02   5.4631266e-47
   1.6198452e+02   5.4655879e-47
   1.6235805e+02   5.4680469e-47
   1.6273245e+02   5.4705037e-47
   1.6310772e+02   5.4729584e-47
   1.6348384e+02   5.4754110e-47
   1.6386084e+02   5.4778615e-47
   1.6423870e+02   5.4803100e-47
   1.6461744e+02   5.4827567e-47
   1.6499705e+02   5.4852014e-47
   1.6537753e+02   5.4876443e-47
   1.6575889e+02   5.4900855e-47
   1.6614114e+02   5.4925250e-47
   1.6652426e+02   5.4949628e-47
   1.6690826e+02   5.4973991e-47
   1.6729316e+02   5.4998338e-47
   1.6767894e+02   5.5022670e-47
   1.6806560e+02   5.5046989e-47
   1.6845316e+02   5.5071294e-47
   1.6884162e+02   5.5095586e-47
   1.6923097e+02   5.5119865e-47
   1.6962122e+02   5.5144133e-47
   1.7001236e+02   5.5168390e-47
   1.7040441e+02   5.5192636e-47
   1.7079737e+02   5.5216872e-47
   1.7119123e+02   5.5241098e-47
   1.7158600e+02   5.5265315e-47
   1.7198168e+02   5.5289525e-47
   1.7237827e+02   5.5313726e-47
   1.7277577e+02   5.5337920e-47
   1.7317419e+02   5.5362108e-47
   1.7357354e+02   5.5386290e-47
   1.7397380e+02   5.5410466e-47
   1.7437498e+02   5.5434637e-47
   1.7477709e+02   5.5458804e-47
   1.7518013e+02   5.5482968e-47
   1.7558410e+02   5.5507128e-47
   1.7598899e+02   5.5531286e-47
   1.7639483e+02   5.5555442e-47
   1.7680159e+02   5.5579596e-47
   1.7720930e+02   5.5603750e-47
   1.7761795e+02   5.5627904e-47
   1.7802753e+02   5.5652058e-47
   1.7843807e+02   5.5676212e-47
   1.7884955e+02   5.5700369e-47
   1.7926198e+02   5.5724527e-47
   1.7967535e+02   5.5748689e-47
   1.8008969e+02   5.5772853e-47
   1.8050498e+02   5.5797022e-47
   1.8092122e+02   5.5821195e-47
   1.8133843e+02   5.5845373e-47
   1.8175659e+02   5.5869556e-47
   1.8217573e+02   5.5893746e-47
   1.8259583e+02   5.5917943e-47
   1.8301689e+02   5.5942147e-47
   1.8343893e+02   5.5966359e-47
   1.8386194e+02   5.5990580e-47
   1.8428593e+02   5.6014810e-47
   1.8471089e+02   5.6039050e-47
   1.8513684e+02   5.6063300e-47
   1.8556377e+02   5.6087561e-47
   1.8599168e+02   5.6111833e-47
   1.8642058e+02   5.6136118e-47
   1.8685046e+02   5.6160415e-47
   1.8728134e+02   5.6184726e-47
   1.8771321e+02   5.6209050e-47
   1.8814608e+02   5.6233389e-47
   1.8857995e+02   5.6257743e-47
   1.8901482e+02   5.6282113e-47
   1.8945068e+02   5.6306499e-47
   1.8988756e+02   5.6330902e-47
   1.9032544e+02   5.6355323e-47
   1.9076433e+02   5.6379761e-47
   1.9120424e+02   5.6404218e-47
   1.9164516e+02   5.6428695e-47
   1.9208709e+02   5.6453191e-47
   1.9253005e+02   5.6477708e-47
   1.9297402e+02   5.6502246e-47
   1.9341902e+02   5.6526805e-47
   1.9386505e+02   5.6551387e-47
   1.9431210e+02   5.6575991e-47
   1.9476019e+02   5.6600619e-47
   1.9520930e+02   5.6625271e-47
   1.9565946e+02   5.6649948e-47
   1.9611065e+02   5.6674650e-47
   1.9656288e+02   5.6699378e-47
   1.9701616e+02   5.6724132e-47
   1.9747048e+02   5.6748914e-47
   1.9792585e+02   5.6773723e-47
   1.9838227e+02   5.6798560e-47
   1.9883974e+02   5.6823427e-47
   1.9929826e+02   5.6848322e-47
   1.9975785e+02   5.6873248e-47
   2.0021849e+02   5.6898205e-47
   2.0068020e+02   5.6923193e-47
   2.0114297e+02   5.6948213e-47
   2.0160680e+02   5.6973266e-47
   2.0207171e+02   5.6998352e-47
   2.0253769e+02   5.7023471e-47
   2.0300474e+02   5.7048625e-47
   2.0347287e+02   5.7073814e-47
   2.0394208e+02   5.7099039e-47
   2.0441237e+02   5.7124300e-47
   2.0488375e+02   5.7149598e-47
   2.0535621e+02   5.7174933e-47
   2.0582977e+02   5.7200306e-47
   2.0630441e+02   5.7225719e-47
   2.0678015e+02   5.7251170e-47
   2.0725699e+02   5.7276662e-47
   2.0773492e+02   5.7302194e-47
   2.0821396e+02   5.7327767e-47
   2.0869411e+02   5.7353382e-47
   2.0917536e+02   5.7379040e-47
   2.0965772e+02   5.7404741e-47
   2.1014119e+02   5.7430486e-47
   2.1062578e+02   5.7456275e-47
   2.1111148e+02   5.7482109e-47
   2.1159831e+02   5.7507988e-47
   2.1208625e+02   5.7533914e-47
   2.1257533e+02   5.7559887e-47
   2.1306553e+02   5.7585908e-47
   2.1355686e+02   5.7611976e-47
   2.1404932e+02   5.7638094e-47
   2.1454292e+02   5.7664260e-47
   2.1503766e+02   5.7690477e-47
   2.1553354e+02   5.7716745e-47
   2.1603056e+02   5.7743064e-47
   2.1652873e+02   5.7769435e-47
   2.1702804e+02   5.7795859e-47
   2.1752851e+02   5.7822336e-47
   2.1803013e+02   5.7848867e-47
   2.1853291e+02   5.7875452e-47
   2.1903685e+02   5.7902093e-47
   2.1954195e+02   5.7928790e-47
   2.2004822e+02   5.7955543e-47
   2.2055565e+02   5.7982354e-47
   2.2106425e+02   5.8009222e-47
   2.2157403e+02   5.8036149e-47
   2.2208498e+02   5.8063135e-47
   2.2259711e+02   5.8090180e-47
   2.2311042e+02   5.8117287e-47
   2.2362491e+02   5.8144454e-47
   2.2414060e+02   5.8171683e-47
   2.2465747e+02   5.8198975e-47
   2.2517553e+02   5.8226330e-47
   2.2569478e+02   5.8253748e-47
   2.2621524e+02   5.8281231e-47
   2.2673689e+02   5.8308780e-47
   2.2725975e+02   5.8336394e-47
   2.2778381e+02   5.8364074e-47
   2.2830908e+02   5.8391821e-47
   2.2883556e+02   5.8419637e-47
   2.2936326e+02   5.8447521e-47
   2.2989217e+02   5.8475474e-47
   2.3042231e+02   5.8503496e-47
   2.3095366e+02   5.8531590e-47
   2.3148624e+02   5.8559754e-47
   2.3202005e+02   5.8587991e-47
   2.3255509e+02   5.8616300e-47
   2.3309137e+02   5.8644682e-47
   2.3362888e+02   5.8673138e-47
   2.3416763e+02   5.8701669e-47
   2.3470762e+02   5.8730275e-47
   2.3524886e+02   5.8758957e-47
   2.3579134e+02   5.8787715e-47
   2.3633508e+02   5.8816552e-47
   2.3688007e+02   5.8845466e-47
   2.3742632e+02   5.8874459e-47
   2.3797382e+02   5.8903531e-47
   2.3852259e+02   5.8932684e-47
   2.3907263e+02   5.8961917e-47
   2.3962393e+02   5.8991232e-47
   2.4017651e+02   5.9020630e-47
   2.4073036e+02   5.9050110e-47
   2.4128548e+02   5.9079674e-47
   2.4184189e+02   5.9109323e-47
   2.4239958e+02   5.9139056e-47
   2.4295855e+02   5.9168876e-47
   2.4351882e+02   5.9198782e-47
   2.4408037e+02   5.9228775e-47
   2.4464322e+02   5.9258856e-47
   2.4520737e+02   5.9289026e-47
   2.4577282e+02   5.9319286e-47
   2.4633958e+02   5.9349635e-47
   2.4690764e+02   5.9380076e-47
   2.4747701e+02   5.9410608e-47
   2.4804769e+02   5.9441232e-47
   2.4861969e+02   5.9471950e-47
   2.4919301e+02   5.9502761e-47
   2.4976765e+02   5.9533667e-47
   2.5034362e+02   5.9564669e-47
   2.5092091e+02   5.9595766e-47
   2.5149954e+02   5.9626960e-47
   2.5207950e+02   5.9658252e-47
   2.5266080e+02   5.9689641e-47
   2.5324343e+02   5.9721130e-47
   2.5382742e+02   5.9752719e-47
   2.5441274e+02   5.9784408e-47
   2.5499942e+02   5.9816199e-47
   2.5558745e+02   5.9848091e-47
   2.5617684e+02   5.9880086e-47
   2.5676758e+02   5.9912185e-47
   2.5735969e+02   5.9944388e-47
   2.5795317e+02   5.9976697e-47
   2.5854801e+02   6.0009111e-47
   2.5914422e+02   6.0041631e-47
   2.5974181e+02   6.0074259e-47
   2.6034078e+02   6.0106996e-47
   2.6094112e+02   6.0139841e-47
   2.6154286e+02   6.0172796e-47
   2.6214598e+02   6.0205861e-47
   2.6275049e+02   6.0239038e-47
   2.6335639e+02   6.0272327e-47
   2.6396369e+02   6.0305728e-47
   2.6457240e+02   6.0339243e-47
   2.6518250e+02   6.0372873e-47
   2.6579401e+02   6.0406618e-47
   2.6640694e+02   6.0440479e-47
   2.6702127e+02   6.0474457e-47
   2.6763703e+02   6.0508552e-47
   2.6825420e+02   6.0542766e-47
   2.6887280e+02   6.0577099e-47
   2.6949282e+02   6.0611552e-47
   2.7011427e+02   6.0646126e-47
   2.7073716e+02   6.0680822e-47
   2.7136148e+02   6.0715640e-47
   2.7198724e+02   6.0750581e-47
   2.7261444e+02   6.0785647e-47
   2.7324310e+02   6.0820838e-47
   2.7387320e+02   6.0856154e-47
   2.7450475e+02   6.0891597e-47
   2.7513776e+02   6.0927167e-47
   2.7577223e+02   6.0962866e-47
   2.7640816e+02   6.0998693e-47
   2.7704556e+02   6.1034651e-47
   2.7768443e+02   6.1070740e-47
   2.7832477e+02   6.1106960e-47
   2.7896659e+02   6.1143312e-47
   2.7960989e+02   6.1179798e-47
   2.8025467e+02   6.1216418e-47
   2.8090094e+02   6.1253174e-47
   2.8154870e+02   6.1290065e-47
   2.8219796e+02   6.1327093e-47
   2.8284871e+02   6.1364258e-47
   2.8350096e+02   6.1401562e-47
   2.8415471e+02   6.1439005e-47
   2.8480998e+02   6.1476589e-47
   2.8546675e+02   6.1514314e-47
   2.8612504e+02   6.1552180e-47
   2.8678485e+02   6.1590190e-47
   2.8744617e+02   6.1628343e-47
   2.8810903e+02   6.1666641e-47
   2.8877341e+02   6.1705085e-47
   2.8943932e+02   6.1743674e-47
   2.9010677e+02   6.1782412e-47
   2.9077576e+02   6.1821297e-47
   2.9144629e+02   6.1860332e-47
   2.9211837e+02   6.1899516e-47
   2.9279200e+02   6.1938852e-47
   2.9346718e+02   6.1978339e-47
   2.9414391e+02   6.2017979e-47
   2.9482221e+02   6.2057773e-47
   2.9550207e+02   6.2097722e-47
   2.9618350e+02   6.2137826e-47
   2.9686651e+02   6.2178086e-47
   2.9755108e+02   6.2218504e-47
   2.9823724e+02   6.2259080e-47
   2.9892498e+02   6.2299815e-47
   2.9961430e+02   6.2340711e-47
   3.0030521e+02   6.2381768e-47
   3.0099772e+02   6.2422986e-47
   3.0169182e+02   6.2464368e-47
   3.0238752e+02   6.2505914e-47
   3.0308483e+02   6.2547625e-47
   3.0378375e+02   6.2589501e-47
   3.0448428e+02   6.2631545e-47
   3.0518642e+02   6.2673756e-47
   3.0589018e+02   6.2716136e-47
   3.0659557e+02   6.2758686e-47
   3.0730258e+02   6.2801407e-47
   3.0801122e+02   6.2844300e-47
   3.0872150e+02   6.2887365e-47
   3.0943341e+02   6.2930604e-47
   3.1014697e+02   6.2974017e-47
   3.1086217e+02   6.3017607e-47
   3.1157902e+02   6.3061373e-47
   3.1229752e+02   6.3105316e-47
   3.1301768e+02   6.3149439e-47
   3.1373950e+02   6.3193741e-47
   3.1446299e+02   6.3238224e-47
   3.1518814e+02   6.3282888e-47
   3.1591497e+02   6.3327736e-47
   3.1664347e+02   6.3372767e-47
   3.1737365e+02   6.3417983e-47
   3.1810552e+02   6.3463385e-47
   3.1883907e+02   6.3508974e-47
   3.1957432e+02   6.3554750e-47
   3.2031126e+02   6.3600716e-47
   3.2104990e+02   6.3646872e-47
   3.2179024e+02   6.3693218e-47
   3.2253229e+02   6.3739757e-47
   3.2327606e+02   6.3786489e-47
   3.2402153e+02   6.3833416e-47
   3.2476873e+02   6.3880537e-47
   3.2551765e+02   6.3927855e-47
   3.2626829e+02   6.3975371e-47
   3.2702067e+02   6.4023085e-47
   3.2777478e+02   6.4070999e-47
   3.2853063e+02   6.4119113e-47
   3.2928823e+02   6.4167430e-47
   3.3004757e+02   6.4215949e-47
   3.3080866e+02   6.4264672e-47
   3.3157151e+02   6.4313600e-47
   3.3233612e+02   6.4362735e-47
   3.3310249e+02   6.4412077e-47
   3.3387062e+02   6.4461627e-47
   3.3464053e+02   6.4511387e-47
   3.3541221e+02   6.4561358e-47
   3.3618568e+02   6.4611540e-47
   3.3696092e+02   6.4661936e-47
   3.3773796e+02   6.4712545e-47
   3.3851679e+02   6.4763370e-47
   3.3929741e+02   6.4814412e-47
   3.4007983e+02   6.4865670e-47
   3.4086406e+02   6.4917148e-47
   3.4165009e+02   6.4968845e-47
   3.4243794e+02   6.5020764e-47
   3.4322760e+02   6.5072905e-47
   3.4401909e+02   6.5125269e-47
   3.4481240e+02   6.5177858e-47
   3.4560754e+02   6.5230672e-47
   3.4640451e+02   6.5283713e-47
   3.4720333e+02   6.5336983e-47
   3.4800398e+02   6.5390482e-47
   3.4880648e+02   6.5444211e-47
   3.4961083e+02   6.5498173e-47
   3.5041703e+02   6.5552367e-47
   3.5122510e+02   6.5606795e-47
   3.5203503e+02   6.5661459e-47
   3.5284682e+02   6.5716360e-47
   3.5366049e+02   6.5771498e-47
   3.5447603e+02   6.5826876e-47
   3.5529346e+02   6.5882494e-47
   3.5611277e+02   6.5938353e-47
   3.5693397e+02   6.5994455e-47
   3.5775706e+02   6.6050802e-47
   3.5858205e+02   6.6107394e-47
   3.5940894e+02   6.6164232e-47
   3.6023774e+02   6.6221319e-47
   3.6106845e+02   6.6278655e-47
   3.6190108e+02   6.6336241e-47
   3.6273563e+02   6.6394079e-47
   3.6357210e+02   6.6452170e-47
   3.6441050e+02   6.6510515e-47
   3.6525083e+02   6.6569117e-47
   3.6609310e+02   6.6627975e-47
   3.6693731e+02   6.6687091e-47
   3.6778347e+02   6.6746468e-47
   3.6863159e+02   6.6806105e-47
   3.6948165e+02   6.6866004e-47
   3.7033368e+02   6.6926167e-47
   3.7118767e+02   6.6986596e-47
   3.7204364e+02   6.7047290e-47
   3.7290157e+02   6.7108252e-47
   3.7376148e+02   6.7169484e-47
   3.7462338e+02   6.7230985e-47
   3.7548727e+02   6.7292759e-47
   3.7635314e+02   6.7354806e-47
   3.7722102e+02   6.7417127e-47
   3.7809089e+02   6.7479724e-47
   3.7896277e+02   6.7542599e-47
   3.7983666e+02   6.7605752e-47
   3.8071257e+02   6.7669186e-47
   3.8159049e+02   6.7732901e-47
   3.8247044e+02   6.7796899e-47
   3.8335242e+02   6.7861182e-47
   3.8423644e+02   6.7925750e-47
   3.8512249e+02   6.7990606e-47
   3.8601059e+02   6.8055751e-47
   3.8690073e+02   6.8121186e-47
   3.8779292e+02   6.8186912e-47
   3.8868718e+02   6.8252932e-47
   3.8958349e+02   6.8319246e-47
   3.9048188e+02   6.8385856e-47
   3.9138233e+02   6.8452764e-47
   3.9228486e+02   6.8519972e-47
   3.9318947e+02   6.8587479e-47
   3.9409617e+02   6.8655289e-47
   3.9500496e+02   6.8723402e-47
   3.9591584e+02   6.8791821e-47
   3.9682883e+02   6.8860546e-47
   3.9774392e+02   6.8929580e-47
   3.9866112e+02   6.8998923e-47
   3.9958044e+02   6.9068577e-47
   4.0050187e+02   6.9138545e-47
   4.0142543e+02   6.9208826e-47
   4.0235112e+02   6.9279424e-47
   4.0327895e+02   6.9350339e-47
   4.0420891e+02   6.9421574e-47
   4.0514102e+02   6.9493129e-47
   4.0607528e+02   6.9565007e-47
   4.0701169e+02   6.9637209e-47
   4.0795026e+02   6.9709736e-47
   4.0889100e+02   6.9782590e-47
   4.0983390e+02   6.9855774e-47
   4.1077898e+02   6.9929288e-47
   4.1172624e+02   7.0003134e-47
   4.1267569e+02   7.0077314e-47
   4.1362732e+02   7.0151830e-47
   4.1458115e+02   7.0226683e-47
   4.1553718e+02   7.0301875e-47
   4.1649541e+02   7.0377408e-47
   4.1745585e+02   7.0453283e-47
   4.1841851e+02   7.0529502e-47
   4.1938338e+02   7.0606068e-47
   4.2035048e+02   7.0682981e-47
   4.2131982e+02   7.0760244e-47
   4.2229138e+02   7.0837857e-47
   4.2326519e+02   7.0915824e-47
   4.2424124e+02   7.0994147e-47
   4.2521955e+02   7.1072825e-47
   4.2620010e+02   7.1151863e-47
   4.2718293e+02   7.1231261e-47
   4.2816801e+02   7.1311022e-47
   4.2915537e+02   7.1391147e-47
   4.3014501e+02   7.1471639e-47
   4.3113692e+02   7.1552499e-47
   4.3213113e+02   7.1633730e-47
   4.3312763e+02   7.1715333e-47
   4.3412642e+02   7.1797311e-47
   4.3512752e+02   7.1879666e-47
   4.3613093e+02   7.1962400e-47
   4.3713665e+02   7.2045516e-47
   4.3814469e+02   7.2129015e-47
   4.3915506e+02   7.2212900e-47
   4.4016775e+02   7.2297174e-47
   4.4118278e+02   7.2381840e-47
   4.4220015e+02   7.2466899e-47
   4.4321987e+02   7.2552355e-47
   4.4424194e+02   7.2638211e-47
   4.4526636e+02   7.2724470e-47
   4.4629315e+02   7.2811136e-47
   4.4732231e+02   7.2898211e-47
   4.4835383e+02   7.2985701e-47
   4.4938774e+02   7.3073609e-47
   4.5042403e+02   7.3161940e-47
   4.5146271e+02   7.3250699e-47
   4.5250379e+02   7.3339893e-47
   4.5354727e+02   7.3429528e-47
   4.5459315e+02   7.3519611e-47
   4.5564145e+02   7.3610152e-47
   4.5669216e+02   7.3701162e-47
   4.5774529e+02   7.3792654e-47
   4.5880086e+02   7.3884642e-47
   4.5985886e+02   7.3977146e-47
   4.6091930e+02   7.4070191e-47
   4.6198218e+02   7.4163806e-47
   4.6304751e+02   7.4258032e-47
   4.6411530e+02   7.4352922e-47
   4.6518556e+02   7.4448546e-47
   4.6625828e+02   7.4545004e-47
   4.6733347e+02   7.4642436e-47
   4.6841115e+02   7.4741049e-47
   4.6949131e+02   7.4841154e-47
   4.7057396e+02   7.4943246e-47
   4.7165911e+02   7.5048143e-47
   4.7274676e+02   7.5157286e-47
   4.7383691e+02   7.5273410e-47
   4.7492958e+02   7.5402246e-47
   4.7602478e+02   7.5557561e-47
   4.7712249e+02   7.5779787e-47
   4.7822274e+02   7.6235117e-47
   4.7932553e+02   7.8328669e-47
   4.8043085e+02   1.7137870e-45
   4.8153873e+02   7.8104867e-47
   4.8264916e+02   7.6563404e-47
   4.8376216e+02   7.6350260e-47
   4.8487772e+02   7.6341129e-47
   4.8599585e+02   7.6392039e-47
   4.8711656e+02   7.6466981e-47
   4.8823985e+02   7.6553538e-47
   4.8936574e+02   7.6646510e-47
   4.9049422e+02   7.6743408e-47
   4.9162530e+02   7.6842925e-47
   4.9275899e+02   7.6944317e-47
   4.9389530e+02   7.7047141e-47
   4.9503423e+02   7.7151117e-47
   4.9617578e+02   7.7256063e-47
   4.9731996e+02   7.7361856e-47
   4.9846679e+02   7.7468412e-47
   4.9961626e+02   7.7575670e-47
   5.0076837e+02   7.7683588e-47
   5.0192315e+02   7.7792135e-47
   5.0308059e+02   7.7901287e-47
   5.0424070e+02   7.8011028e-47
   5.0540348e+02   7.8121345e-47
   5.0656894e+02   7.8232228e-47
   5.0773710e+02   7.8343671e-47
   5.0890794e+02   7.8455669e-47
   5.1008149e+02   7.8568217e-47
   5.1125774e+02   7.8681314e-47
   5.1243670e+02   7.8794957e-47
   5.1361839e+02   7.8909146e-47
   5.1480279e+02   7.9023880e-47
   5.1598993e+02   7.9139159e-47
   5.1717981e+02   7.9254985e-47
   5.1837243e+02   7.9371357e-47
   5.1956780e+02   7.9488277e-47
   5.2076593e+02   7.9605747e-47
   5.2196682e+02   7.9723767e-47
   5.2317048e+02   7.9842339e-47
   5.2437691e+02   7.9961465e-47
   5.2558613e+02   8.0081147e-47
   5.2679814e+02   8.0201387e-47
   5.2801294e+02   8.0322187e-47
   5.2923054e+02   8.0443549e-47
   5.3045095e+02   8.0565475e-47
   5.3167417e+02   8.0687968e-47
   5.3290022e+02   8.0811029e-47
   5.3412909e+02   8.0934662e-47
   5.3536079e+02   8.1058869e-47
   5.3659534e+02   8.1183651e-47
   5.3783273e+02   8.1309013e-47
   5.3907298e+02   8.1434955e-47
   5.4031609e+02   8.1561481e-47
   5.4156206e+02   8.1688593e-47
   5.4281090e+02   8.1816295e-47
   5.4406263e+02   8.1944587e-47
   5.4531724e+02   8.2073474e-47
   5.4657475e+02   8.2202958e-47
   5.4783515e+02   8.2333041e-47
   5.4909847e+02   8.2463726e-47
   5.5036469e+02   8.2595017e-47
   5.5163384e+02   8.2726915e-47
   5.5290591e+02   8.2859424e-47
   5.5418091e+02   8.2992546e-47
   5.5545886e+02   8.3126284e-47
   5.5673975e+02   8.3260641e-47
   5.5802360e+02   8.3395620e-47
   5.5931040e+02   8.3531224e-47
   5.6060018e+02   8.3667456e-47
   5.6189293e+02   8.3804318e-47
   5.6318866e+02   8.3941813e-47
   5.6448737e+02   8.4079945e-47
   5.6578909e+02   8.4218716e-47
   5.6709380e+02   8.4358129e-47
   5.6840152e+02   8.4498187e-47
   5.6971226e+02   8.4638894e-47
   5.7102602e+02   8.4780252e-47
   5.7234281e+02   8.4922264e-47
   5.7366264e+02   8.5064933e-47
   5.7498551e+02   8.5208263e-47
   5.7631143e+02   8.5352257e-47
   5.7764041e+02   8.5496916e-47
   5.7897245e+02   8.5642246e-47
   5.8030757e+02   8.5788248e-47
   5.8164576e+02   8.5934926e-47
   5.8298704e+02   8.6082283e-47
   5.8433141e+02   8.6230322e-47
   5.8567889e+02   8.6379046e-47
   5.8702947e+02   8.6528459e-47
   5.8838316e+02   8.6678564e-47
   5.8973998e+02   8.6829364e-47
   5.9109992e+02   8.6980862e-47
   5.9246300e+02   8.7133061e-47
   5.9382923e+02   8.7285965e-47
   5.9519860e+02   8.7439577e-47
   5.9657113e+02   8.7593900e-47
   5.9794683e+02   8.7748938e-47
   5.9932570e+02   8.7904694e-47
   6.0070775e+02   8.8061171e-47
   6.0209299e+02   8.8218372e-47
   6.0348142e+02   8.8376302e-47
   6.0487305e+02   8.8534963e-47
   6.0626789e+02   8.8694359e-47
   6.0766595e+02   8.8854493e-47
   6.0906723e+02   8.9015369e-47
   6.1047175e+02   8.9176989e-47
   6.1187950e+02   8.9339359e-47
   6.1329050e+02   8.9502480e-47
   6.1470475e+02   8.9666357e-47
   6.1612226e+02   8.9830993e-47
   6.1754305e+02   8.9996392e-47
   6.1896711e+02   9.0162557e-47
   6.2039445e+02   9.0329491e-47
   6.2182508e+02   9.0497199e-47
   6.2325902e+02   9.0665683e-47
   6.2469626e+02   9.0834949e-47
   6.2613681e+02   9.1004998e-47
   6.2758069e+02   9.1175835e-47
   6.2902789e+02   9.1347463e-47
   6.3047844e+02   9.1519887e-47
   6.3193232e+02   9.1693110e-47
   6.3338957e+02   9.1867135e-47
   6.3485017e+02   9.2041966e-47
   6.3631414e+02   9.2217607e-47
   6.3778148e+02   9.2394062e-47
   6.3925221e+02   9.2571335e-47
   6.4072633e+02   9.2749429e-47
   6.4220385e+02   9.2928348e-47
   6.4368478e+02   9.3108097e-47
   6.4516912e+02   9.3288678e-47
   6.4665688e+02   9.3470096e-47
   6.4814808e+02   9.3652354e-47
   6.4964271e+02   9.3835458e-47
   6.5114080e+02   9.4019409e-47
   6.5264233e+02   9.4204213e-47
   6.5414733e+02   9.4389873e-47
   6.5565580e+02   9.4576394e-47
   6.5716775e+02   9.4763779e-47
   6.5868318e+02   9.4952033e-47
   6.6020211e+02   9.5141159e-47
   6.6172454e+02   9.5331161e-47
   6.6325048e+02   9.5522044e-47
   6.6477994e+02   9.5713811e-47
   6.6631293e+02   9.5906467e-47
   6.6784945e+02   9.6100016e-47
   6.6938952e+02   9.6294462e-47
   6.7093314e+02   9.6489809e-47
   6.7248031e+02   9.6686062e-47
   6.7403106e+02   9.6883224e-47
   6.7558538e+02   9.7081300e-47
   6.7714328e+02   9.7280293e-47
   6.7870478e+02   9.7480209e-47
   6.8026988e+02   9.7681052e-47
   6.8183859e+02   9.7882825e-47
   6.8341091e+02   9.8085534e-47
   6.8498686e+02   9.8289182e-47
   6.8656645e+02   9.8493774e-47
   6.8814967e+02   9.8699314e-47
   6.8973655e+02   9.8905807e-47
   6.9132709e+02   9.9113257e-47
   6.9292130e+02   9.9321668e-47
   6.9451918e+02   9.9531045e-47
   6.9612074e+02   9.9741393e-47
   6.9772600e+02   9.9952716e-47
   6.9933497e+02   1.0016502e-46
   7.0094764e+02   1.0037830e-46
   7.0256403e+02   1.0059258e-46
   7.0418415e+02   1.0080785e-46
   7.0580800e+02   1.0102411e-46
   7.0743560e+02   1.0124138e-46
   7.0906695e+02   1.0145966e-46
   7.1070206e+02   1.0167894e-46
   7.1234095e+02   1.0189924e-46
   7.1398361e+02   1.0212057e-46
   7.1563006e+02   1.0234292e-46
   7.1728031e+02   1.0256630e-46
   7.1893437e+02   1.0279072e-46
   7.2059223e+02   1.0301617e-46
   7.2225393e+02   1.0324267e-46
   7.2391945e+02   1.0347022e-46
   7.2558881e+02   1.0369883e-46
   7.2726203e+02   1.0392849e-46
   7.2893910e+02   1.0415922e-46
   7.3062004e+02   1.0439102e-46
   7.3230485e+02   1.0462390e-46
   7.3399355e+02   1.0485785e-46
   7.3568615e+02   1.0509289e-46
   7.3738265e+02   1.0532901e-46
   7.3908306e+02   1.0556623e-46
   7.4078739e+02   1.0580455e-46
   7.4249565e+02   1.0604398e-46
   7.4420785e+02   1.0628451e-46
   7.4592400e+02   1.0652616e-46
   7.4764410e+02   1.0676893e-46
   7.4936818e+02   1.0701283e-46
   7.5109623e+02   1.0725785e-46
   7.5282826e+02   1.0750401e-46
   7.5456429e+02   1.0775131e-46
   7.5630432e+02   1.0799976e-46
   7.5804836e+02   1.0824936e-46
   7.5979643e+02   1.0850012e-46
   7.6154852e+02   1.0875203e-46
   7.6330466e+02   1.0900512e-46
   7.6506485e+02   1.0925938e-46
   7.6682909e+02   1.0951482e-46
   7.6859741e+02   1.0977144e-46
   7.7036980e+02   1.1002925e-46
   7.7214628e+02   1.1028825e-46
   7.7392685e+02   1.1054846e-46
   7.7571153e+02   1.1080987e-46
   7.7750033e+02   1.1107249e-46
   7.7929325e+02   1.1133633e-46
   7.8109031e+02   1.1160139e-46
   7.8289151e+02   1.1186768e-46
   7.8469686e+02   1.1213521e-46
   7.8650638e+02   1.1240397e-46
   7.8832007e+02   1.1267398e-46
   7.9013794e+02   1.1294524e-46
   7.9196000e+02   1.1321776e-46
   7.9378627e+02   1.1349154e-46
   7.9561675e+02   1.1376659e-46
   7.9745144e+02   1.1404292e-46
   7.9929037e+02   1.1432052e-46
   8.0113354e+02   1.1459942e-46
   8.0298096e+02   1.1487960e-46
   8.0483264e+02   1.1516108e-46
   8.0668859e+02   1.1544387e-46
   8.0854882e+02   1.1572797e-46
   8.1041334e+02   1.1601338e-46
   8.1228216e+02   1.1630012e-46
   8.1415529e+02   1.1658818e-46
   8.1603274e+02   1.1687758e-46
   8.1791452e+02   1.1716832e-46
   8.1980064e+02   1.1746041e-46
   8.2169110e+02   1.1775385e-46
   8.2358593e+02   1.1804865e-46
   8.2548512e+02   1.1834482e-46
   8.2738870e+02   1.1864236e-46
   8.2929666e+02   1.1894127e-46
   8.3120903e+02   1.1924158e-46
   8.3312580e+02   1.1954327e-46
   8.3504700e+02   1.1984636e-46
   8.3697262e+02   1.2015086e-46
   8.3890269e+02   1.2045676e-46
   8.4083720e+02   1.2076409e-46
   8.4277618e+02   1.2107284e-46
   8.4471963e+02   1.2138302e-46
   8.4666756e+02   1.2169463e-46
   8.4861998e+02   1.2200769e-46
   8.5057690e+02   1.2232220e-46
   8.5253834e+02   1.2263817e-46
   8.5450430e+02   1.2295560e-46
   8.5647479e+02   1.2327450e-46
   8.5844983e+02   1.2359488e-46
   8.6042942e+02   1.2391674e-46
   8.6241358e+02   1.2424010e-46
   8.6440231e+02   1.2456495e-46
   8.6639563e+02   1.2489130e-46
   8.6839354e+02   1.2521917e-46
   8.7039607e+02   1.2554856e-46
   8.7240321e+02   1.2587948e-46
   8.7441498e+02   1.2621192e-46
   8.7643138e+02   1.2654591e-46
   8.7845244e+02   1.2688144e-46
   8.8047816e+02   1.2721853e-46
   8.8250855e+02   1.2755718e-46
   8.8454362e+02   1.2789740e-46
   8.8658338e+02   1.2823920e-46
   8.8862785e+02   1.2858257e-46
   8.9067703e+02   1.2892754e-46
   8.9273094e+02   1.2927411e-46
   8.9478959e+02   1.2962228e-46
   8.9685298e+02   1.2997207e-46
   8.9892113e+02   1.3032348e-46
   9.0099405e+02   1.3067651e-46
   9.0307175e+02   1.3103118e-46
   9.0515424e+02   1.3138749e-46
   9.0724153e+02   1.3174546e-46
   9.0933364e+02   1.3210508e-46
   9.1143057e+02   1.3246637e-46
   9.1353233e+02   1.3282933e-46
   9.1563894e+02   1.3319398e-46
   9.1775041e+02   1.3356031e-46
   9.1986675e+02   1.3392834e-46
   9.2198797e+02   1.3429808e-46
   9.2411408e+02   1.3466954e-46
   9.2624510e+02   1.3504272e-46
   9.2838103e+02   1.3541763e-46
   9.3052188e+02   1.3579428e-46
   9.3266767e+02   1.3617269e-46
   9.3481841e+02   1.3655285e-46
   9.3697411e+02   1.3693479e-46
   9.3913478e+02   1.3731852e-46
   9.4130043e+02   1.3770405e-46
   9.4347108e+02   1.3809141e-46
   9.4564673e+02   1.3848063e-46
   9.4782740e+02   1.3887177e-46
   9.5001309e+02   1.3926495e-46
   9.5220383e+02   1.3966044e-46
   9.5439962e+02   1.4005901e-46
   9.5660047e+02   1.4046397e-46
   9.5880640e+02   1.4090580e-46
   9.6101742e+02   1.4475938e-46
   9.6323353e+02   1.4169120e-46
   9.6545475e+02   1.4207204e-46
   9.6768110e+02   1.4247437e-46
   9.6991258e+02   1.4288181e-46
   9.7214920e+02   1.4329212e-46
   9.7439099e+02   1.4370473e-46
   9.7663794e+02   1.4411944e-46
   9.7889008e+02   1.4453616e-46
   9.8114740e+02   1.4495488e-46
   9.8340994e+02   1.4537557e-46
   9.8567769e+02   1.4579823e-46
   9.8795067e+02   1.4622287e-46
   9.9022889e+02   1.4664948e-46
   9.9251237e+02   1.4707808e-46
   9.9480111e+02   1.4750866e-46
   9.9709513e+02   1.4794125e-46
   9.9939443e+02   1.4837584e-46
   1.0016990e+03   1.4881245e-46
   1.0040090e+03   1.4925108e-46
   1.0063242e+03   1.4969174e-46
   1.0086448e+03   1.5013445e-46
   1.0109708e+03   1.5057920e-46
   1.0133021e+03   1.5102602e-46
   1.0156387e+03   1.5147490e-46
   1.0179808e+03   1.5192586e-46
   1.0203283e+03   1.5237891e-46
   1.0226812e+03   1.5283406e-46
   1.0250395e+03   1.5329132e-46
   1.0274032e+03   1.5375069e-46
   1.0297724e+03   1.5421219e-46
   1.0321471e+03   1.5467582e-46
   1.0345272e+03   1.5514160e-46
   1.0369129e+03   1.5560954e-46
   1.0393040e+03   1.5607965e-46
   1.0417006e+03   1.5655193e-46
   1.0441028e+03   1.5702639e-46
   1.0465105e+03   1.5750305e-46
   1.0489238e+03   1.5798192e-46
   1.0513426e+03   1.5846301e-46
   1.0537670e+03   1.5894632e-46
   1.0561970e+03   1.5943187e-46
   1.0586326e+03   1.5991967e-46
   1.0610738e+03   1.6040972e-46
   1.0635207e+03   1.6090204e-46
   1.0659731e+03   1.6139664e-46
   1.0684313e+03   1.6189353e-46
   1.0708951e+03   1.6239272e-46
   1.0733646e+03   1.6289422e-46
   1.0758398e+03   1.6339804e-46
   1.0783207e+03   1.6390419e-46
   1.0808073e+03   1.6441269e-46
   1.0832996e+03   1.6492353e-46
   1.0857977e+03   1.6543675e-46
   1.0883016e+03   1.6595233e-46
   1.0908112e+03   1.6647031e-46
   1.0933266e+03   1.6699067e-46
   1.0958479e+03   1.6751345e-46
   1.0983749e+03   1.6803865e-46
   1.1009078e+03   1.6856628e-46
   1.1034465e+03   1.6909635e-46
   1.1059910e+03   1.6962887e-46
   1.1085414e+03   1.7016385e-46
   1.1110977e+03   1.7070131e-46
   1.1136599e+03   1.7124126e-46
   1.1162281e+03   1.7178371e-46
   1.1188021e+03   1.7232866e-46
   1.1213820e+03   1.7287614e-46
   1.1239680e+03   1.7342615e-46
   1.1265598e+03   1.7397871e-46
   1.1291577e+03   1.7453382e-46
   1.1317615e+03   1.7509150e-46
   1.1343714e+03   1.7565176e-46
   1.1369873e+03   1.7621462e-46
   1.1396092e+03   1.7678008e-46
   1.1422371e+03   1.7734815e-46
   1.1448711e+03   1.7791885e-46
   1.1475112e+03   1.7849219e-46
   1.1501574e+03   1.7906819e-46
   1.1528096e+03   1.7964685e-46
   1.1554680e+03   1.8022819e-46
   1.1581325e+03   1.8081221e-46
   1.1608032e+03   1.8139894e-46
   1.1634800e+03   1.8198839e-46
   1.1661630e+03   1.8258056e-46
   1.1688522e+03   1.8317547e-46
   1.1715476e+03   1.8377313e-46
   1.1742492e+03   1.8437355e-46
   1.1769570e+03   1.8497676e-46
   1.1796711e+03   1.8558275e-46
   1.1823914e+03   1.8619155e-46
   1.1851180e+03   1.8680317e-46
   1.1878509e+03   1.8741761e-46
   1.1905901e+03   1.8803490e-46
   1.1933356e+03   1.8865504e-46
   1.1960875e+03   1.8927805e-46
   1.1988456e+03   1.8990394e-46
   1.2016102e+03   1.9053273e-46
   1.2043811e+03   1.9116442e-46
   1.2071584e+03   1.9179904e-46
   1.2099421e+03   1.9243659e-46
   1.2127323e+03   1.9307710e-46
   1.2155288e+03   1.9372056e-46
   1.2183319e+03   1.9436700e-46
   1.2211413e+03   1.9501643e-46
   1.2239573e+03   1.9566887e-46
   1.2267798e+03   1.9632432e-46
   1.2296087e+03   1.9698281e-46
   1.2324442e+03   1.9764434e-46
   1.2352862e+03   1.9830893e-46
   1.2381348e+03   1.9897659e-46
   1.2409900e+03   1.9964735e-46
   1.2438517e+03   2.0032120e-46
   1.2467200e+03   2.0099817e-46
   1.2495950e+03   2.0167827e-46
   1.2524766e+03   2.0236152e-46
   1.2553648e+03   2.0304793e-46
   1.2582597e+03   2.0373751e-46
   1.2611612e+03   2.0443028e-46
   1.2640695e+03   2.0512626e-46
   1.2669844e+03   2.0582545e-46
   1.2699061e+03   2.0652788e-46
   1.2728345e+03   2.0723356e-46
   1.2757697e+03   2.0794250e-46
   1.2787116e+03   2.0865472e-46
   1.2816603e+03   2.0937023e-46
   1.2846158e+03   2.1008905e-46
   1.2875782e+03   2.1081120e-46
   1.2905473e+03   2.1153668e-46
   1.2935233e+03   2.1226552e-46
   1.2965062e+03   2.1299773e-46
   1.2994960e+03   2.1373333e-46
   1.3024926e+03   2.1447233e-46
   1.3054962e+03   2.1521474e-46
   1.3085067e+03   2.1596059e-46
   1.3115241e+03   2.1670989e-46
   1.3145485e+03   2.1746265e-46
   1.3175798e+03   2.1821890e-46
   1.3206182e+03   2.1897864e-46
   1.3236635e+03   2.1974189e-46
   1.3267159e+03   2.2050868e-46
   1.3297753e+03   2.2127900e-46
   1.3328418e+03   2.2205290e-46
   1.3359154e+03   2.2283037e-46
   1.3389960e+03   2.2361143e-46
   1.3420837e+03   2.2439611e-46
   1.3451786e+03   2.2518441e-46
   1.3482806e+03   2.2597636e-46
   1.3513897e+03   2.2677197e-46
   1.3545060e+03   2.2757126e-46
   1.3576295e+03   2.2837425e-46
   1.3607602e+03   2.2918095e-46
   1.3638982e+03   2.2999137e-46
   1.3670433e+03   2.3080555e-46
   1.3701957e+03   2.3162349e-46
   1.3733554e+03   2.3244521e-46
   1.3765224e+03   2.3327074e-46
   1.3796966e+03   2.3410007e-46
   1.3828782e+03   2.3493325e-46
   1.3860672e+03   2.3577027e-46
   1.3892634e+03   2.3661117e-46
   1.3924671e+03   2.3745595e-46
   1.3956781e+03   2.3830464e-46
   1.3988966e+03   2.3915726e-46
   1.4021224e+03   2.4001382e-46
   1.4053558e+03   2.4087433e-46
   1.4085965e+03   2.4173883e-46
   1.4118448e+03   2.4260733e-46
   1.4151005e+03   2.4347985e-46
   1.4183637e+03   2.4435641e-46
   1.4216345e+03   2.4523703e-46
   1.4249128e+03   2.4612174e-46
   1.4281986e+03   2.4701059e-46
   1.4314921e+03   2.4790367e-46
   1.4347931e+03   2.4880128e-46
   1.4381017e+03   2.4970612e-46
   1.4414180e+03   2.5128177e-46
   1.4447419e+03   2.5151954e-46
   1.4480735e+03   2.5243069e-46
   1.4514128e+03   2.5334809e-46
   1.4547598e+03   2.5427007e-46
   1.4581144e+03   2.5519640e-46
   1.4614769e+03   2.5612706e-46
   1.4648470e+03   2.5706203e-46
   1.4682250e+03   2.5800134e-46
   1.4716107e+03   2.5894500e-46
   1.4750043e+03   2.5989302e-46
   1.4784056e+03   2.6084542e-46
   1.4818149e+03   2.6180224e-46
   1.4852319e+03   2.6276347e-46
   1.4886569e+03   2.6372915e-46
   1.4920897e+03   2.6469929e-46
   1.4955305e+03   2.6567392e-46
   1.4989792e+03   2.6665305e-46
   1.5024359e+03   2.6763671e-46
   1.5059005e+03   2.6862492e-46
   1.5093731e+03   2.6961769e-46
   1.5128538e+03   2.7061506e-46
   1.5163424e+03   2.7161703e-46
   1.5198391e+03   2.7262363e-46
   1.5233439e+03   2.7363489e-46
   1.5268567e+03   2.7465083e-46
   1.5303776e+03   2.7567145e-46
   1.5339067e+03   2.7669680e-46
   1.5374439e+03   2.7772688e-46
   1.5409893e+03   2.7876173e-46
   1.5445428e+03   2.7980136e-46
   1.5481045e+03   2.8084579e-46
   1.5516745e+03   2.8189506e-46
   1.5552526e+03   2.8294917e-46
   1.5588391e+03   2.8400815e-46
   1.5624338e+03   2.8507203e-46
   1.5660367e+03   2.8614083e-46
   1.5696480e+03   2.8721456e-46
   1.5732677e+03   2.8829326e-46
   1.5768956e+03   2.8937694e-46
   1.5805320e+03   2.9046564e-46
   1.5841767e+03   2.9155936e-46
   1.5878298e+03   2.9265814e-46
   1.5914913e+03   2.9376200e-46
   1.5951613e+03   2.9487096e-46
   1.5988398e+03   2.9598504e-46
   1.6025267e+03   2.9710427e-46
   1.6062222e+03   2.9822868e-46
   1.6099261e+03   2.9935828e-46
   1.6136386e+03   3.0049311e-46
   1.6173597e+03   3.0163317e-46
   1.6210893e+03   3.0277851e-46
   1.6248276e+03   3.0392914e-46
   1.6285744e+03   3.0508509e-46
   1.6323300e+03   3.0624638e-46
   1.6360941e+03   3.0741303e-46
   1.6398670e+03   3.0858508e-46
   1.6436485e+03   3.0976255e-46
   1.6474388e+03   3.1094545e-46
   1.6512378e+03   3.1213383e-46
   1.6550456e+03   3.1332769e-46
   1.6588621e+03   3.1452707e-46
   1.6626874e+03   3.1573200e-46
   1.6665216e+03   3.1694249e-46
   1.6703646e+03   3.1815858e-46
   1.6742165e+03   3.1938028e-46
   1.6780773e+03   3.2060764e-46
   1.6819469e+03   3.2184066e-46
   1.6858255e+03   3.2307938e-46
   1.6897130e+03   3.2432383e-46
   1.6936095e+03   3.2557403e-46
   1.6975150e+03   3.2683000e-46
   1.7014295e+03   3.2809178e-46
   1.7053530e+03   3.2935939e-46
   1.7092855e+03   3.3063286e-46
   1.7132272e+03   3.3191221e-46
   1.7171779e+03   3.3319747e-46
   1.7211377e+03   3.3448867e-46
   1.7251067e+03   3.3578584e-46
   1.7290848e+03   3.3708901e-46
   1.7330721e+03   3.3839819e-46
   1.7370685e+03   3.3971343e-46
   1.7410742e+03   3.4103474e-46
   1.7450892e+03   3.4236216e-46
   1.7491133e+03   3.4369571e-46
   1.7531468e+03   3.4503542e-46
   1.7571896e+03   3.4638133e-46
   1.7612417e+03   3.4773345e-46
   1.7653031e+03   3.4909182e-46
   1.7693739e+03   3.5045647e-46
   1.7734541e+03   3.5182742e-46
   1.7775437e+03   3.5320471e-46
   1.7816427e+03   3.5458836e-46
   1.7857512e+03   3.5597841e-46
   1.7898692e+03   3.5737488e-46
   1.7939966e+03   3.5877780e-46
   1.7981336e+03   3.6018720e-46
   1.8022801e+03   3.6160312e-46
   1.8064362e+03   3.6302558e-46
   1.8106018e+03   3.6445461e-46
   1.8147771e+03   3.6589024e-46
   1.8189620e+03   3.6733251e-46
   1.8231565e+03   3.6878144e-46
   1.8273607e+03   3.7023707e-46
   1.8315746e+03   3.7169942e-46
   1.8357983e+03   3.7316853e-46
   1.8400316e+03   3.7464442e-46
   1.8442748e+03   3.7612714e-46
   1.8485277e+03   3.7761670e-46
   1.8527904e+03   3.7911315e-46
   1.8570629e+03   3.8061651e-46
   1.8613453e+03   3.8212682e-46
   1.8656376e+03   3.8364411e-46
   1.8699398e+03   3.8516841e-46
   1.8742519e+03   3.8669975e-46
   1.8785739e+03   3.8823816e-46
   1.8829059e+03   3.8978369e-46
   1.8872479e+03   3.9133635e-46
   1.8915999e+03   3.9289619e-46
   1.8959620e+03   3.9446324e-46
   1.9003341e+03   3.9603754e-46
   1.9047163e+03   3.9761912e-46
   1.9091086e+03   3.9920802e-46
   1.9135110e+03   4.0080437e-46
   1.9179235e+03   4.0240888e-46
   1.9223463e+03   4.0404263e-46
   1.9267792e+03   4.0563768e-46
   1.9312224e+03   4.0726319e-46
   1.9356758e+03   4.0889653e-46
   1.9401395e+03   4.1053746e-46
   1.9446135e+03   4.1218599e-46
   1.9490978e+03   4.1384215e-46
   1.9535924e+03   4.1550596e-46
   1.9580974e+03   4.1717746e-46
   1.9626128e+03   4.1885668e-46
   1.9671386e+03   4.2054366e-46
   1.9716748e+03   4.2223844e-46
   1.9762215e+03   4.2394104e-46
   1.9807787e+03   4.2565151e-46
   1.9853464e+03   4.2736988e-46
   1.9899246e+03   4.2909620e-46
   1.9945134e+03   4.3083048e-46
   1.9991128e+03   4.3257278e-46
   2.0037227e+03   4.3432313e-46
   2.0083433e+03   4.3608157e-46
   2.0129746e+03   4.3784812e-46
   2.0176165e+03   4.3962284e-46
   2.0222692e+03   4.4140576e-46
   2.0269325e+03   4.4319692e-46
   2.0316067e+03   4.4499635e-46
   2.0362916e+03   4.4680409e-46
   2.0409873e+03   4.4862018e-46
   2.0456938e+03   4.5044467e-46
   2.0504112e+03   4.5227758e-46
   2.0551394e+03   4.5411896e-46
   2.0598786e+03   4.5596884e-46
   2.0646287e+03   4.5782728e-46
   2.0693898e+03   4.5969429e-46
   2.0741618e+03   4.6156993e-46
   2.0789448e+03   4.6345424e-46
   2.0837389e+03   4.6534725e-46
   2.0885440e+03   4.6724901e-46
   2.0933602e+03   4.6915955e-46
   2.0981875e+03   4.7107892e-46
   2.1030259e+03   4.7300715e-46
   2.1078755e+03   4.7494429e-46
   2.1127363e+03   4.7689038e-46
   2.1176083e+03   4.7884546e-46
   2.1224915e+03   4.8080958e-46
   2.1273860e+03   4.8278276e-46
   2.1322918e+03   4.8476506e-46
   2.1372088e+03   4.8675652e-46
   2.1421373e+03   4.8875717e-46
   2.1470771e+03   4.9076707e-46
   2.1520282e+03   4.9278625e-46
   2.1569908e+03   4.9481476e-46
   2.1619649e+03   4.9685264e-46
   2.1669504e+03   4.9889994e-46
   2.1719474e+03   5.0095669e-46
   2.1769559e+03   5.0302294e-46
   2.1819760e+03   5.0509874e-46
   2.1870076e+03   5.0718412e-46
   2.1920509e+03   5.0927914e-46
   2.1971058e+03   5.1138384e-46
   2.2021723e+03   5.1349826e-46
   2.2072505e+03   5.1562244e-46
   2.2123405e+03   5.1775644e-46
   2.2174421e+03   5.1990030e-46
   2.2225556e+03   5.2205405e-46
   2.2276808e+03   5.2421776e-46
   2.2328179e+03   5.2639146e-46
   2.2379668e+03   5.2857520e-46
   2.2431275e+03   5.3076903e-46
   2.2483002e+03   5.3297300e-46
   2.2534848e+03   5.3518714e-46
   2.2586814e+03   5.3741151e-46
   2.2638899e+03   5.3964616e-46
   2.2691104e+03   5.4189112e-46
   2.2743430e+03   5.4414646e-46
   2.2795877e+03   5.4641222e-46
   2.2848444e+03   5.4868844e-46
   2.2901133e+03   5.5097517e-46
   2.2953943e+03   5.5327247e-46
   2.3006875e+03   5.5558038e-46
   2.3059929e+03   5.5789895e-46
   2.3113105e+03   5.6022823e-46
   2.3166404e+03   5.6256827e-46
   2.3219826e+03   5.6491912e-46
   2.3273371e+03   5.6728082e-46
   2.3327040e+03   5.6965344e-46
   2.3380832e+03   5.7203701e-46
   2.3434749e+03   5.7443159e-46
   2.3488789e+03   5.7683724e-46
   2.3542955e+03   5.7925399e-46
   2.3597245e+03   5.8168191e-46
   2.3651660e+03   5.8412104e-46
   2.3706201e+03   5.8657145e-46
   2.3760868e+03   5.8903317e-46
   2.3815661e+03   5.9150626e-46
   2.3870580e+03   5.9399078e-46
   2.3925626e+03   5.9648682e-46
   2.3980798e+03   5.9899471e-46
   2.4036098e+03   6.0151574e-46
   2.4091526e+03   6.0404421e-46
   2.4147081e+03   6.0658655e-46
   2.4202764e+03   6.0914069e-46
   2.4258576e+03   6.1170664e-46
   2.4314516e+03   6.1428445e-46
   2.4370586e+03   6.1687417e-46
   2.4426785e+03   6.1947585e-46
   2.4483113e+03   6.2208955e-46
   2.4539571e+03   6.2471532e-46
   2.4596160e+03   6.2735321e-46
   2.4652879e+03   6.3000330e-46
   2.4709728e+03   6.3266562e-46
   2.4766709e+03   6.3534024e-46
   2.4823821e+03   6.3802721e-46
   2.4881065e+03   6.4072659e-46
   2.4938441e+03   6.4343844e-46
   2.4995949e+03   6.4616282e-46
   2.5053590e+03   6.4889978e-46
   2.5111364e+03   6.5164938e-46
   2.5169271e+03   6.5441168e-46
   2.5227312e+03   6.5718674e-46
   2.5285486e+03   6.5997461e-46
   2.5343794e+03   6.6277536e-46
   2.5402237e+03   6.6558905e-46
   2.5460815e+03   6.6841573e-46
   2.5519528e+03   6.7125547e-46
   2.5578376e+03   6.7410832e-46
   2.5637360e+03   6.7697436e-46
   2.5696480e+03   6.7985362e-46
   2.5755736e+03   6.8274619e-46
   2.5815129e+03   6.8565211e-46
   2.5874659e+03   6.8857146e-46
   2.5934326e+03   6.9150429e-46
   2.5994131e+03   6.9445067e-46
   2.6054074e+03   6.9741065e-46
   2.6114155e+03   7.0038431e-46
   2.6174374e+03   7.0337170e-46
   2.6234732e+03   7.0637288e-46
   2.6295230e+03   7.0938793e-46
   2.6355867e+03   7.1241690e-46
   2.6416644e+03   7.1545986e-46
   2.6477561e+03   7.1851688e-46
   2.6538618e+03   7.2158802e-46
   2.6599816e+03   7.2467334e-46
   2.6661156e+03   7.2777290e-46
   2.6722637e+03   7.3088679e-46
   2.6784259e+03   7.3401505e-46
   2.6846024e+03   7.3715777e-46
   2.6907931e+03   7.4031500e-46
   2.6969981e+03   7.4348681e-46
   2.7032174e+03   7.4667326e-46
   2.7094510e+03   7.4987444e-46
   2.7156991e+03   7.5309040e-46
   2.7219615e+03   7.5632121e-46
   2.7282383e+03   7.5956695e-46
   2.7345297e+03   7.6282767e-46
   2.7408355e+03   7.6610345e-46
   2.7471559e+03   7.6939437e-46
   2.7534909e+03   7.7270048e-46
   2.7598405e+03   7.7602186e-46
   2.7662047e+03   7.7935858e-46
   2.7725836e+03   7.8271071e-46
   2.7789772e+03   7.8607832e-46
   2.7853855e+03   7.8946149e-46
   2.7918086e+03   7.9286028e-46
   2.7982465e+03   7.9627476e-46
   2.8046993e+03   7.9970502e-46
   2.8111670e+03   8.0315112e-46
   2.8176496e+03   8.0661313e-46
   2.8241471e+03   8.1009113e-46
   2.8306596e+03   8.1358520e-46
   2.8371871e+03   8.1709540e-46
   2.8437297e+03   8.2062181e-46
   2.8502873e+03   8.2416451e-46
   2.8568601e+03   8.2772357e-46
   2.8634481e+03   8.3129908e-46
   2.8700512e+03   8.3489110e-46
   2.8766696e+03   8.3849978e-46
   2.8833032e+03   8.4212853e-46
   2.8899521e+03   8.4576700e-46
   2.8966164e+03   8.4942579e-46
   2.9032960e+03   8.5310150e-46
   2.9099910e+03   8.5679420e-46
   2.9167015e+03   8.6050395e-46
   2.9234274e+03   8.6423084e-46
   2.9301688e+03   8.6797494e-46
   2.9369258e+03   8.7173632e-46
   2.9436984e+03   8.7551508e-46
   2.9504866e+03   8.7931130e-46
   2.9572904e+03   8.8312504e-46
   2.9641100e+03   8.8695639e-46
   2.9709452e+03   8.9080544e-46
   2.9777963e+03   8.9467227e-46
   2.9846631e+03   8.9855695e-46
   2.9915457e+03   9.0245958e-46
   2.9984443e+03   9.0638022e-46
   3.0053587e+03   9.1031898e-46
   3.0122891e+03   9.1427592e-46
   3.0192354e+03   9.1825114e-46
   3.0261978e+03   9.2224471e-46
   3.0331763e+03   9.2625673e-46
   3.0401708e+03   9.3028728e-46
   3.0471814e+03   9.3433644e-46
   3.0542083e+03   9.3840430e-46
   3.0612513e+03   9.4249095e-46
   3.0683106e+03   9.4659646e-46
   3.0753861e+03   9.5072094e-46
   3.0824780e+03   9.5486447e-46
   3.0895862e+03   9.5902713e-46
   3.0967108e+03   9.6320902e-46
   3.1038518e+03   9.6741021e-46
   3.1110093e+03   9.7163081e-46
   3.1181833e+03   9.7587090e-46
   3.1253739e+03   9.8013058e-46
   3.1325810e+03   9.8440992e-46
   3.1398048e+03   9.8870903e-46
   3.1470452e+03   9.9302799e-46
   3.1543023e+03   9.9736689e-46
   3.1615762e+03   1.0017258e-45
   3.1688668e+03   1.0061049e-45
   3.1761742e+03   1.0105042e-45
   3.1834985e+03   1.0149238e-45
   3.1908397e+03   1.0193638e-45
   3.1981978e+03   1.0238244e-45
   3.2055728e+03   1.0283055e-45
   3.2129649e+03   1.0328073e-45
   3.2203740e+03   1.0373299e-45
   3.2278002e+03   1.0418734e-45
   3.2352436e+03   1.0464379e-45
   3.2427041e+03   1.0510234e-45
   3.2501818e+03   1.0556302e-45
   3.2576767e+03   1.0602582e-45
   3.2651889e+03   1.0649076e-45
   3.2727185e+03   1.0695784e-45
   3.2802654e+03   1.0742708e-45
   3.2878297e+03   1.0789849e-45
   3.2954115e+03   1.0837208e-45
   3.3030107e+03   1.0884785e-45
   3.3106275e+03   1.0932582e-45
   3.3182618e+03   1.0980600e-45
   3.3259138e+03   1.1028839e-45
   3.3335833e+03   1.1077301e-45
   3.3412706e+03   1.1125988e-45
   3.3489756e+03   1.1174898e-45
   3.3566984e+03   1.1224036e-45
   3.3644389e+03   1.1273405e-45
   3.3721974e+03   1.1322991e-45
   3.3799737e+03   1.1372811e-45
   3.3877679e+03   1.1422862e-45
   3.3955801e+03   1.1473144e-45
   3.4034104e+03   1.1523658e-45
   3.4112587e+03   1.1574405e-45
   3.4191251e+03   1.1625386e-45
   3.4270096e+03   1.1676604e-45
   3.4349123e+03   1.1728057e-45
   3.4428332e+03   1.1779748e-45
   3.4507724e+03   1.1831678e-45
   3.4587299e+03   1.1883848e-45
   3.4667058e+03   1.1936259e-45
   3.4747000e+03   1.1988911e-45
   3.4827127e+03   1.2041807e-45
   3.4907439e+03   1.2094947e-45
   3.4987936e+03   1.2148333e-45
   3.5068618e+03   1.2201965e-45
   3.5149487e+03   1.2255844e-45
   3.5230542e+03   1.2309973e-45
   3.5311784e+03   1.2364351e-45
   3.5393213e+03   1.2418981e-45
   3.5474830e+03   1.2473863e-45
   3.5556635e+03   1.2528998e-45
   3.5638629e+03   1.2584388e-45
   3.5720812e+03   1.2640033e-45
   3.5803184e+03   1.2695936e-45
   3.5885747e+03   1.2752097e-45
   3.5968500e+03   1.2808517e-45
   3.6051443e+03   1.2865198e-45
   3.6134578e+03   1.2922140e-45
   3.6217905e+03   1.2979345e-45
   3.6301424e+03   1.3036815e-45
   3.6385135e+03   1.3094550e-45
   3.6469039e+03   1.3152551e-45
   3.6553137e+03   1.3210821e-45
   3.6637429e+03   1.3269359e-45
   3.6721915e+03   1.3328168e-45
   3.6806596e+03   1.3387248e-45
   3.6891472e+03   1.3446601e-45
   3.6976544e+03   1.3506229e-45
   3.7061813e+03   1.3566131e-45
   3.7147277e+03   1.3626310e-45
   3.7232939e+03   1.3686767e-45
   3.7318799e+03   1.3747504e-45
   3.7404856e+03   1.3808521e-45
   3.7491112e+03   1.3869819e-45
   3.7577567e+03   1.3931401e-45
   3.7664221e+03   1.3993267e-45
   3.7751075e+03   1.4055418e-45
   3.7838129e+03   1.4117857e-45
   3.7925384e+03   1.4180584e-45
   3.8012841e+03   1.4243600e-45
   3.8100498e+03   1.4306908e-45
   3.8188359e+03   1.4370508e-45
   3.8276421e+03   1.4434402e-45
   3.8364687e+03   1.4498591e-45
   3.8453156e+03   1.4563078e-45
   3.8541829e+03   1.4627859e-45
   3.8630707e+03   1.4692941e-45
   3.8719790e+03   1.4758323e-45
   3.8809078e+03   1.4824008e-45
   3.8898572e+03   1.4889995e-45
   3.8988272e+03   1.4956288e-45
   3.9078180e+03   1.5022887e-45
   3.9168294e+03   1.5089793e-45
   3.9258617e+03   1.5157008e-45
   3.9349147e+03   1.5224534e-45
   3.9439887e+03   1.5292371e-45
   3.9530835e+03   1.5360521e-45
   3.9621994e+03   1.5428987e-45
   3.9713362e+03   1.5497768e-45
   3.9804942e+03   1.5566867e-45
   3.9896732e+03   1.5636286e-45
   3.9988734e+03   1.5706024e-45
   4.0080949e+03   1.5776085e-45
   4.0173376e+03   1.5846469e-45
   4.0266016e+03   1.5917179e-45
   4.0358870e+03   1.5988214e-45
   4.0451937e+03   1.6059578e-45
   4.0545220e+03   1.6131272e-45
   4.0638718e+03   1.6203296e-45
   4.0732431e+03   1.6275653e-45
   4.0826360e+03   1.6348344e-45
   4.0920506e+03   1.6421371e-45
   4.1014869e+03   1.6494735e-45
   4.1109450e+03   1.6568438e-45
   4.1204248e+03   1.6642481e-45
   4.1299266e+03   1.6716866e-45
   4.1394502e+03   1.6791595e-45
   4.1489958e+03   1.6866668e-45
   4.1585634e+03   1.6942089e-45
   4.1681531e+03   1.7017857e-45
   4.1777649e+03   1.7093976e-45
   4.1873988e+03   1.7170445e-45
   4.1970550e+03   1.7247269e-45
   4.2067335e+03   1.7324446e-45
   4.2164342e+03   1.7401980e-45
   4.2261574e+03   1.7479873e-45
   4.2359029e+03   1.7558125e-45
   4.2456709e+03   1.7636738e-45
   4.2554615e+03   1.7715714e-45
   4.2652746e+03   1.7795055e-45
   4.2751104e+03   1.7874762e-45
   4.2849688e+03   1.7954838e-45
   4.2948500e+03   1.8035283e-45
   4.3047539e+03   1.8116099e-45
   4.3146807e+03   1.8197289e-45
   4.3246304e+03   1.8278860e-45
   4.3346030e+03   1.8360795e-45
   4.3445987e+03   1.8443115e-45
   4.3546173e+03   1.8525814e-45
   4.3646591e+03   1.8608896e-45
   4.3747241e+03   1.8692361e-45
   4.3848122e+03   1.8776212e-45
   4.3949236e+03   1.8860450e-45
   4.4050583e+03   1.8945077e-45
   4.4152164e+03   1.9030095e-45
   4.4253980e+03   1.9115505e-45
   4.4356030e+03   1.9201310e-45
   4.4458315e+03   1.9287511e-45
   4.4560836e+03   1.9374110e-45
   4.4663594e+03   1.9461108e-45
   4.4766588e+03   1.9548509e-45
   4.4869821e+03   1.9636313e-45
   4.4973291e+03   1.9724523e-45
   4.5076999e+03   1.9813140e-45
   4.5180947e+03   1.9902166e-45
   4.5285135e+03   1.9991603e-45
   4.5389563e+03   2.0081453e-45
   4.5494231e+03   2.0171718e-45
   4.5599142e+03   2.0262400e-45
   4.5704294e+03   2.0353501e-45
   4.5809688e+03   2.0445022e-45
   4.5915325e+03   2.0536966e-45
   4.6021207e+03   2.0629334e-45
   4.6127332e+03   2.0722129e-45
   4.6233702e+03   2.0815353e-45
   4.6340317e+03   2.0909007e-45
   4.6447178e+03   2.1003093e-45
   4.6554286e+03   2.1097614e-45
   4.6661640e+03   2.1192571e-45
   4.6769242e+03   2.1287967e-45
   4.6877093e+03   2.1383803e-45
   4.6985192e+03   2.1480082e-45
   4.7093540e+03   2.1576805e-45
   4.7202138e+03   2.1673975e-45
   4.7310986e+03   2.1771594e-45
   4.7420086e+03   2.1869664e-45
   4.7529437e+03   2.1968186e-45
   4.7639040e+03   2.2067163e-45
   4.7748896e+03   2.2166597e-45
   4.7859005e+03   2.2266491e-45
   4.7969369e+03   2.2366846e-45
   4.8079986e+03   2.2467664e-45
   4.8190859e+03   2.2568947e-45
   4.8301988e+03   2.2670699e-45
   4.8413372e+03   2.2772920e-45
   4.8525014e+03   2.2875613e-45
   4.8636913e+03   2.2978780e-45
   4.8749070e+03   2.3082424e-45
   4.8861486e+03   2.3186546e-45
   4.8974161e+03   2.3291150e-45
   4.9087096e+03   2.3396236e-45
   4.9200291e+03   2.3501807e-45
   4.9313747e+03   2.3607866e-45
   4.9427465e+03   2.3714415e-45
   4.9541445e+03   2.3821455e-45
   4.9655688e+03   2.3928990e-45
   4.9770194e+03   2.4037022e-45
   4.9884965e+03   2.4145552e-45
   5.0000000e+03   2.4254583e-45
