   5.0000000e+00   1.6458680e-20
   5.0115300e+00   1.6040665e-20
   5.0230867e+00   1.5634951e-20
   5.0346699e+00   1.5241477e-20
   5.0462799e+00   1.4860330e-20
   5.0579167e+00   1.4491345e-20
   5.0695803e+00   1.4129385e-20
   5.0812708e+00   1.3748551e-20
   5.0929882e+00   1.3360758e-20
   5.1047327e+00   1.3021007e-20
   5.1165042e+00   1.2701517e-20
   5.1283029e+00   1.2389514e-20
   5.1401288e+00   1.2084469e-20
   5.1519820e+00   1.1786639e-20
   5.1638625e+00   1.1496158e-20
   5.1757704e+00   1.1213034e-20
   5.1877058e+00   1.0937194e-20
   5.1996687e+00   1.0668514e-20
   5.2116592e+00   1.0406844e-20
   5.2236773e+00   1.0152023e-20
   5.2357231e+00   9.9038789e-21
   5.2477968e+00   9.6622413e-21
   5.2598982e+00   9.4269377e-21
   5.2720276e+00   9.1977974e-21
   5.2841849e+00   8.9746526e-21
   5.2963703e+00   8.7573387e-21
   5.3085838e+00   8.5456951e-21
   5.3208254e+00   8.3395648e-21
   5.3330953e+00   8.1387951e-21
   5.3453934e+00   7.9432372e-21
   5.3577199e+00   7.7527465e-21
   5.3700749e+00   7.5671824e-21
   5.3824583e+00   7.3864085e-21
   5.3948703e+00   7.2102922e-21
   5.4073109e+00   7.0387046e-21
   5.4197802e+00   6.8715208e-21
   5.4322783e+00   6.7086194e-21
   5.4448051e+00   6.5498827e-21
   5.4573609e+00   6.3951964e-21
   5.4699456e+00   6.2444494e-21
   5.4825594e+00   6.0975340e-21
   5.4952022e+00   5.9543459e-21
   5.5078742e+00   5.8147835e-21
   5.5205754e+00   5.6787483e-21
   5.5333058e+00   5.5461448e-21
   5.5460657e+00   5.4168802e-21
   5.5588550e+00   5.2908644e-21
   5.5716737e+00   5.1680100e-21
   5.5845220e+00   5.0482321e-21
   5.5974000e+00   4.9314484e-21
   5.6103076e+00   4.8175787e-21
   5.6232451e+00   4.7065454e-21
   5.6362123e+00   4.5982731e-21
   5.6492094e+00   4.4926884e-21
   5.6622366e+00   4.3897203e-21
   5.6752937e+00   4.2892995e-21
   5.6883810e+00   4.1913591e-21
   5.7014985e+00   4.0958337e-21
   5.7146461e+00   4.0026600e-21
   5.7278242e+00   3.9117765e-21
   5.7410326e+00   3.8231234e-21
   5.7542714e+00   3.7366426e-21
   5.7675408e+00   3.6522776e-21
   5.7808408e+00   3.5699736e-21
   5.7941715e+00   3.4896773e-21
   5.8075329e+00   3.4113369e-21
   5.8209251e+00   3.3349019e-21
   5.8343482e+00   3.2603235e-21
   5.8478023e+00   3.1875541e-21
   5.8612873e+00   3.1165474e-21
   5.8748035e+00   3.0472584e-21
   5.8883508e+00   2.9796434e-21
   5.9019294e+00   2.9136599e-21
   5.9155393e+00   2.8492666e-21
   5.9291806e+00   2.7864232e-21
   5.9428533e+00   2.7250906e-21
   5.9565576e+00   2.6652309e-21
   5.9702935e+00   2.6068069e-21
   5.9840610e+00   2.5497829e-21
   5.9978603e+00   2.4941237e-21
   6.0116914e+00   2.4397952e-21
   6.0255544e+00   2.3867645e-21
   6.0394494e+00   2.3349992e-21
   6.0533764e+00   2.2844681e-21
   6.0673355e+00   2.2351405e-21
   6.0813269e+00   2.1869867e-21
   6.0953505e+00   2.1399780e-21
   6.1094064e+00   2.0940861e-21
   6.1234947e+00   2.0492837e-21
   6.1376155e+00   2.0055442e-21
   6.1517689e+00   1.9628416e-21
   6.1659550e+00   1.9211506e-21
   6.1801737e+00   1.8804468e-21
   6.1944252e+00   1.8407060e-21
   6.2087096e+00   1.8019052e-21
   6.2230269e+00   1.7640215e-21
   6.2373773e+00   1.7270329e-21
   6.2517607e+00   1.6909178e-21
   6.2661773e+00   1.6556554e-21
   6.2806272e+00   1.6212252e-21
   6.2951104e+00   1.5876073e-21
   6.3096269e+00   1.5547824e-21
   6.3241770e+00   1.5227317e-21
   6.3387606e+00   1.4914367e-21
   6.3533778e+00   1.4608796e-21
   6.3680288e+00   1.4310430e-21
   6.3827135e+00   1.4019098e-21
   6.3974321e+00   1.3734636e-21
   6.4121846e+00   1.3456881e-21
   6.4269711e+00   1.3185677e-21
   6.4417918e+00   1.2920872e-21
   6.4566466e+00   1.2662314e-21
   6.4715357e+00   1.2409860e-21
   6.4864591e+00   1.2163367e-21
   6.5014169e+00   1.1922698e-21
   6.5164092e+00   1.1687717e-21
   6.5314361e+00   1.1458294e-21
   6.5464977e+00   1.1234300e-21
   6.5615939e+00   1.1015611e-21
   6.5767250e+00   1.0802106e-21
   6.5918910e+00   1.0593664e-21
   6.6070920e+00   1.0390172e-21
   6.6223280e+00   1.0191516e-21
   6.6375991e+00   9.9975861e-22
   6.6529055e+00   9.8082755e-22
   6.6682471e+00   9.6234795e-22
   6.6836241e+00   9.4430962e-22
   6.6990366e+00   9.2670261e-22
   6.7144846e+00   9.0951722e-22
   6.7299683e+00   8.9274399e-22
   6.7454877e+00   8.7637371e-22
   6.7610428e+00   8.6039736e-22
   6.7766338e+00   8.4480617e-22
   6.7922608e+00   8.2959157e-22
   6.8079238e+00   8.1474521e-22
   6.8236229e+00   8.0025893e-22
   6.8393582e+00   7.8612479e-22
   6.8551299e+00   7.7233502e-22
   6.8709378e+00   7.5888206e-22
   6.8867823e+00   7.4575851e-22
   6.9026632e+00   7.3295717e-22
   6.9185808e+00   7.2047102e-22
   6.9345351e+00   7.0829318e-22
   6.9505262e+00   6.9641697e-22
   6.9665542e+00   6.8483586e-22
   6.9826191e+00   6.7354347e-22
   6.9987211e+00   6.6253359e-22
   7.0148602e+00   6.5180016e-22
   7.0310365e+00   6.4133726e-22
   7.0472502e+00   6.3113911e-22
   7.0635012e+00   6.2120010e-22
   7.0797897e+00   6.1151473e-22
   7.0961157e+00   6.0207765e-22
   7.1124794e+00   5.9288364e-22
   7.1288808e+00   5.8392761e-22
   7.1453201e+00   5.7520459e-22
   7.1617972e+00   5.6670977e-22
   7.1783124e+00   5.5843842e-22
   7.1948656e+00   5.5038595e-22
   7.2114571e+00   5.4254791e-22
   7.2280867e+00   5.3491993e-22
   7.2447548e+00   5.2749778e-22
   7.2614612e+00   5.2027734e-22
   7.2782062e+00   5.1325461e-22
   7.2949898e+00   5.0642570e-22
   7.3118121e+00   4.9978682e-22
   7.3286732e+00   4.9333429e-22
   7.3455732e+00   4.8706455e-22
   7.3625121e+00   4.8097416e-22
   7.3794901e+00   4.7505976e-22
   7.3965073e+00   4.6931811e-22
   7.4135637e+00   4.6374609e-22
   7.4306594e+00   4.5834067e-22
   7.4477946e+00   4.5309893e-22
   7.4649693e+00   4.4801808e-22
   7.4821835e+00   4.4309541e-22
   7.4994375e+00   4.3832834e-22
   7.5167313e+00   4.3371438e-22
   7.5340649e+00   4.2925118e-22
   7.5514385e+00   4.2493648e-22
   7.5688522e+00   4.2076815e-22
   7.5863060e+00   4.1674416e-22
   7.6038001e+00   4.1286263e-22
   7.6213345e+00   4.0912176e-22
   7.6389094e+00   4.0551992e-22
   7.6565248e+00   4.0205557e-22
   7.6741808e+00   3.9872734e-22
   7.6918775e+00   3.9553395e-22
   7.7096150e+00   3.9247430e-22
   7.7273934e+00   3.8954742e-22
   7.7452129e+00   3.8675251e-22
   7.7630734e+00   3.8408889e-22
   7.7809751e+00   3.8155607e-22
   7.7989181e+00   3.7915374e-22
   7.8169025e+00   3.7688175e-22
   7.8349283e+00   3.7474017e-22
   7.8529957e+00   3.7272924e-22
   7.8711048e+00   3.7084942e-22
   7.8892556e+00   3.6910139e-22
   7.9074483e+00   3.6748610e-22
   7.9256829e+00   3.6600471e-22
   7.9439596e+00   3.6465869e-22
   7.9622784e+00   3.6344976e-22
   7.9806395e+00   3.6237997e-22
   7.9990429e+00   3.6145171e-22
   8.0174888e+00   3.6066773e-22
   8.0359772e+00   3.6003115e-22
   8.0545082e+00   3.5954552e-22
   8.0730819e+00   3.5921484e-22
   8.0916985e+00   3.5904363e-22
   8.1103581e+00   3.5903692e-22
   8.1290606e+00   3.5920034e-22
   8.1478063e+00   3.5954019e-22
   8.1665952e+00   3.6006347e-22
   8.1854274e+00   3.6077795e-22
   8.2043031e+00   3.6169229e-22
   8.2232223e+00   3.6281611e-22
   8.2421851e+00   3.6416009e-22
   8.2611916e+00   3.6573613e-22
   8.2802420e+00   3.6755744e-22
   8.2993363e+00   3.6963874e-22
   8.3184746e+00   3.7199642e-22
   8.3376571e+00   3.7464880e-22
   8.3568838e+00   3.7761633e-22
   8.3761548e+00   3.8092191e-22
   8.3954703e+00   3.8459125e-22
   8.4148303e+00   3.8865324e-22
   8.4342350e+00   3.9314045e-22
   8.4536844e+00   3.9808971e-22
   8.4731786e+00   4.0354278e-22
   8.4927179e+00   4.0954715e-22
   8.5123021e+00   4.1615706e-22
   8.5319316e+00   4.2343469e-22
   8.5516063e+00   4.3145157e-22
   8.5713263e+00   4.4029049e-22
   8.5910919e+00   4.5004765e-22
   8.6109030e+00   4.6083548e-22
   8.6307598e+00   4.7278621e-22
   8.6506624e+00   4.8605632e-22
   8.6706109e+00   5.0083216e-22
   8.6906054e+00   5.1733825e-22
   8.7106460e+00   5.3584605e-22
   8.7307328e+00   5.5668801e-22
   8.7508660e+00   5.8027531e-22
   8.7710455e+00   6.0712256e-22
   8.7912716e+00   6.3788252e-22
   8.8115444e+00   6.7339567e-22
   8.8318638e+00   7.1476299e-22
   8.8522302e+00   7.6345522e-22
   8.8726435e+00   8.2148243e-22
   8.8931039e+00   8.9166607e-22
   8.9136114e+00   9.7809447e-22
   8.9341663e+00   1.0869237e-21
   8.9547686e+00   1.2278740e-21
   8.9754183e+00   1.4172456e-21
   8.9961157e+00   1.6846182e-21
   9.0168608e+00   2.0898283e-21
   9.0376538e+00   2.7749235e-21
   9.0584947e+00   4.1791020e-21
   9.0793836e+00   8.6664718e-21
   9.1003208e+00   8.9941316e-20
   9.1213062e+00   7.1501745e-21
   9.1423400e+00   3.7026221e-21
   9.1634223e+00   2.4995874e-21
   9.1845532e+00   1.9033651e-21
   9.2057328e+00   1.5796931e-21
   9.2269613e+00   1.4704977e-21
   9.2482388e+00   1.8867466e-21
   9.2695653e+00   3.9194245e-20
   9.2909410e+00   1.7532267e-21
   9.3123660e+00   1.0500297e-21
   9.3338403e+00   8.2347691e-22
   9.3553642e+00   7.0295438e-22
   9.3769378e+00   6.2294534e-22
   9.3985611e+00   5.6351648e-22
   9.4202342e+00   5.1651294e-22
   9.4419574e+00   4.7788135e-22
   9.4637306e+00   4.4531229e-22
   9.4855540e+00   4.1735486e-22
   9.5074278e+00   3.9303010e-22
   9.5293520e+00   3.7164146e-22
   9.5513267e+00   3.5267304e-22
   9.5733522e+00   3.3573070e-22
   9.5954284e+00   3.2050580e-22
   9.6175555e+00   3.0675191e-22
   9.6397337e+00   2.9426903e-22
   9.6619630e+00   2.8289263e-22
   9.6842435e+00   2.7248580e-22
   9.7065755e+00   2.6293345e-22
   9.7289589e+00   2.5413802e-22
   9.7513940e+00   2.4601616e-22
   9.7738808e+00   2.3849619e-22
   9.7964194e+00   2.3151608e-22
   9.8190100e+00   2.2502185e-22
   9.8416527e+00   2.1896629e-22
   9.8643477e+00   2.1330797e-22
   9.8870949e+00   2.0801029e-22
   9.9098946e+00   2.0304089e-22
   9.9327469e+00   1.9837098e-22
   9.9556519e+00   1.9397492e-22
   9.9786097e+00   1.8982976e-22
   1.0001620e+01   1.8591517e-22
   1.0024684e+01   1.8221401e-22
   1.0047801e+01   1.7870606e-22
   1.0070972e+01   1.7537738e-22
   1.0094195e+01   1.7221526e-22
   1.0117473e+01   1.6920784e-22
   1.0140804e+01   1.6634356e-22
   1.0164188e+01   1.6361197e-22
   1.0187627e+01   1.6100353e-22
   1.0211120e+01   1.5850962e-22
   1.0234667e+01   1.5612272e-22
   1.0258268e+01   1.5383564e-22
   1.0281924e+01   1.5164166e-22
   1.0305634e+01   1.4953466e-22
   1.0329399e+01   1.4750923e-22
   1.0353218e+01   1.4556026e-22
   1.0377093e+01   1.4368296e-22
   1.0401023e+01   1.4187287e-22
   1.0425007e+01   1.4012602e-22
   1.0449048e+01   1.3843874e-22
   1.0473143e+01   1.3680749e-22
   1.0497294e+01   1.3522901e-22
   1.0521501e+01   1.3370034e-22
   1.0545764e+01   1.3221876e-22
   1.0570082e+01   1.3078165e-22
   1.0594457e+01   1.2938657e-22
   1.0618888e+01   1.2803129e-22
   1.0643375e+01   1.2671376e-22
   1.0667919e+01   1.2543201e-22
   1.0692519e+01   1.2418420e-22
   1.0717176e+01   1.2296861e-22
   1.0741890e+01   1.2178370e-22
   1.0766661e+01   1.2062796e-22
   1.0791489e+01   1.1949997e-22
   1.0816374e+01   1.1839841e-22
   1.0841317e+01   1.1732209e-22
   1.0866317e+01   1.1626985e-22
   1.0891375e+01   1.1524058e-22
   1.0916491e+01   1.1423326e-22
   1.0941664e+01   1.1324696e-22
   1.0966896e+01   1.1228076e-22
   1.0992185e+01   1.1133381e-22
   1.1017533e+01   1.1040531e-22
   1.1042940e+01   1.0949452e-22
   1.1068405e+01   1.0860071e-22
   1.1093929e+01   1.0772320e-22
   1.1119512e+01   1.0686138e-22
   1.1145153e+01   1.0601463e-22
   1.1170854e+01   1.0518240e-22
   1.1196614e+01   1.0436414e-22
   1.1222434e+01   1.0355934e-22
   1.1248313e+01   1.0276752e-22
   1.1274251e+01   1.0198824e-22
   1.1300250e+01   1.0122104e-22
   1.1326308e+01   1.0046553e-22
   1.1352427e+01   9.9721313e-23
   1.1378606e+01   9.8988021e-23
   1.1404845e+01   9.8265299e-23
   1.1431144e+01   9.7552815e-23
   1.1457505e+01   9.6850251e-23
   1.1483926e+01   9.6157302e-23
   1.1510408e+01   9.5473680e-23
   1.1536951e+01   9.4799110e-23
   1.1563555e+01   9.4133331e-23
   1.1590221e+01   9.3476092e-23
   1.1616948e+01   9.2827153e-23
   1.1643737e+01   9.2186288e-23
   1.1670587e+01   9.1553278e-23
   1.1697500e+01   9.0927914e-23
   1.1724474e+01   9.0309997e-23
   1.1751511e+01   8.9699338e-23
   1.1778610e+01   8.9095752e-23
   1.1805772e+01   8.8499064e-23
   1.1832996e+01   8.7909108e-23
   1.1860283e+01   8.7325721e-23
   1.1887633e+01   8.6748749e-23
   1.1915046e+01   8.6178044e-23
   1.1942522e+01   8.5613463e-23
   1.1970061e+01   8.5054870e-23
   1.1997664e+01   8.4502131e-23
   1.2025331e+01   8.3955121e-23
   1.2053062e+01   8.3413717e-23
   1.2080856e+01   8.2877801e-23
   1.2108715e+01   8.2347260e-23
   1.2136637e+01   8.1821985e-23
   1.2164625e+01   8.1301870e-23
   1.2192676e+01   8.0786813e-23
   1.2220793e+01   8.0276715e-23
   1.2248974e+01   7.9771482e-23
   1.2277220e+01   7.9271022e-23
   1.2305532e+01   7.8775245e-23
   1.2333908e+01   7.8284065e-23
   1.2362350e+01   7.7797400e-23
   1.2390858e+01   7.7315168e-23
   1.2419431e+01   7.6837292e-23
   1.2448071e+01   7.6363695e-23
   1.2476776e+01   7.5894304e-23
   1.2505548e+01   7.5429048e-23
   1.2534386e+01   7.4967856e-23
   1.2563290e+01   7.4510663e-23
   1.2592261e+01   7.4057402e-23
   1.2621299e+01   7.3608011e-23
   1.2650404e+01   7.3162426e-23
   1.2679576e+01   7.2720590e-23
   1.2708815e+01   7.2282441e-23
   1.2738121e+01   7.1847925e-23
   1.2767496e+01   7.1416985e-23
   1.2796938e+01   7.0989568e-23
   1.2826447e+01   7.0565621e-23
   1.2856025e+01   7.0145092e-23
   1.2885671e+01   6.9727932e-23
   1.2915386e+01   6.9314092e-23
   1.2945169e+01   6.8903525e-23
   1.2975020e+01   6.8496183e-23
   1.3004941e+01   6.8092022e-23
   1.3034930e+01   6.7690998e-23
   1.3064989e+01   6.7293067e-23
   1.3095117e+01   6.6898187e-23
   1.3125314e+01   6.6506317e-23
   1.3155582e+01   6.6117416e-23
   1.3185918e+01   6.5731446e-23
   1.3216325e+01   6.5348367e-23
   1.3246802e+01   6.4968142e-23
   1.3277349e+01   6.4590734e-23
   1.3307967e+01   6.4216107e-23
   1.3338655e+01   6.3844225e-23
   1.3369414e+01   6.3475055e-23
   1.3400244e+01   6.3108561e-23
   1.3431145e+01   6.2744712e-23
   1.3462118e+01   6.2383474e-23
   1.3493162e+01   6.2024816e-23
   1.3524277e+01   6.1668706e-23
   1.3555464e+01   6.1315114e-23
   1.3586723e+01   6.0964010e-23
   1.3618054e+01   6.0615364e-23
   1.3649457e+01   6.0269148e-23
   1.3680933e+01   5.9925334e-23
   1.3712481e+01   5.9583894e-23
   1.3744103e+01   5.9244801e-23
   1.3775797e+01   5.8908027e-23
   1.3807564e+01   5.8573547e-23
   1.3839404e+01   5.8241336e-23
   1.3871318e+01   5.7911368e-23
   1.3903305e+01   5.7583618e-23
   1.3935366e+01   5.7258062e-23
   1.3967501e+01   5.6934676e-23
   1.3999710e+01   5.6613438e-23
   1.4031994e+01   5.6294323e-23
   1.4064352e+01   5.5977309e-23
   1.4096784e+01   5.5662374e-23
   1.4129292e+01   5.5349497e-23
   1.4161874e+01   5.5038656e-23
   1.4194531e+01   5.4729829e-23
   1.4227264e+01   5.4422997e-23
   1.4260072e+01   5.4118139e-23
   1.4292956e+01   5.3815235e-23
   1.4325916e+01   5.3514265e-23
   1.4358951e+01   5.3215210e-23
   1.4392063e+01   5.2918051e-23
   1.4425251e+01   5.2622770e-23
   1.4458516e+01   5.2329347e-23
   1.4491858e+01   5.2037766e-23
   1.4525276e+01   5.1748008e-23
   1.4558771e+01   5.1460056e-23
   1.4592344e+01   5.1173893e-23
   1.4625994e+01   5.0889501e-23
   1.4659722e+01   5.0606864e-23
   1.4693527e+01   5.0325966e-23
   1.4727410e+01   5.0046791e-23
   1.4761372e+01   4.9769323e-23
   1.4795412e+01   4.9493546e-23
   1.4829530e+01   4.9219444e-23
   1.4863727e+01   4.8947004e-23
   1.4898003e+01   4.8676209e-23
   1.4932358e+01   4.8407046e-23
   1.4966792e+01   4.8139499e-23
   1.5001306e+01   4.7873555e-23
   1.5035899e+01   4.7609199e-23
   1.5070572e+01   4.7346418e-23
   1.5105324e+01   4.7085198e-23
   1.5140157e+01   4.6825526e-23
   1.5175071e+01   4.6567389e-23
   1.5210065e+01   4.6310773e-23
   1.5245139e+01   4.6055665e-23
   1.5280295e+01   4.5802054e-23
   1.5315531e+01   4.5549927e-23
   1.5350849e+01   4.5299271e-23
   1.5386248e+01   4.5050074e-23
   1.5421729e+01   4.4802325e-23
   1.5457291e+01   4.4556011e-23
   1.5492936e+01   4.4311122e-23
   1.5528663e+01   4.4067645e-23
   1.5564472e+01   4.3825569e-23
   1.5600364e+01   4.3584884e-23
   1.5636338e+01   4.3345577e-23
   1.5672396e+01   4.3107640e-23
   1.5708537e+01   4.2871060e-23
   1.5744761e+01   4.2635827e-23
   1.5781068e+01   4.2401931e-23
   1.5817459e+01   4.2169362e-23
   1.5853935e+01   4.1938110e-23
   1.5890494e+01   4.1708164e-23
   1.5927137e+01   4.1479514e-23
   1.5963866e+01   4.1252152e-23
   1.6000678e+01   4.1026066e-23
   1.6037576e+01   4.0801249e-23
   1.6074559e+01   4.0577690e-23
   1.6111627e+01   4.0355381e-23
   1.6148780e+01   4.0134311e-23
   1.6186020e+01   3.9914473e-23
   1.6223345e+01   3.9695857e-23
   1.6260756e+01   3.9478454e-23
   1.6298253e+01   3.9262256e-23
   1.6335837e+01   3.9047254e-23
   1.6373508e+01   3.8833440e-23
   1.6411265e+01   3.8620805e-23
   1.6449110e+01   3.8409341e-23
   1.6487041e+01   3.8199040e-23
   1.6525061e+01   3.7989894e-23
   1.6563168e+01   3.7781895e-23
   1.6601362e+01   3.7575034e-23
   1.6639645e+01   3.7369305e-23
   1.6678016e+01   3.7164699e-23
   1.6716476e+01   3.6961209e-23
   1.6755024e+01   3.6758827e-23
   1.6793662e+01   3.6557546e-23
   1.6832388e+01   3.6357358e-23
   1.6871203e+01   3.6158257e-23
   1.6910109e+01   3.5960234e-23
   1.6949103e+01   3.5763284e-23
   1.6988188e+01   3.5567398e-23
   1.7027363e+01   3.5372570e-23
   1.7066628e+01   3.5178792e-23
   1.7105984e+01   3.4986059e-23
   1.7145431e+01   3.4794363e-23
   1.7184968e+01   3.4603698e-23
   1.7224597e+01   3.4414057e-23
   1.7264317e+01   3.4225434e-23
   1.7304128e+01   3.4037821e-23
   1.7344032e+01   3.3851213e-23
   1.7384027e+01   3.3665604e-23
   1.7424115e+01   3.3480987e-23
   1.7464295e+01   3.3297355e-23
   1.7504568e+01   3.3114703e-23
   1.7544934e+01   3.2933025e-23
   1.7585392e+01   3.2752315e-23
   1.7625945e+01   3.2572566e-23
   1.7666590e+01   3.2393773e-23
   1.7707329e+01   3.2215930e-23
   1.7748163e+01   3.2039031e-23
   1.7789090e+01   3.1863071e-23
   1.7830112e+01   3.1688043e-23
   1.7871228e+01   3.1513943e-23
   1.7912439e+01   3.1340764e-23
   1.7953746e+01   3.1168501e-23
   1.7995147e+01   3.0997149e-23
   1.8036644e+01   3.0826702e-23
   1.8078237e+01   3.0657155e-23
   1.8119925e+01   3.0488503e-23
   1.8161710e+01   3.0320740e-23
   1.8203591e+01   3.0153861e-23
   1.8245569e+01   2.9987861e-23
   1.8287643e+01   2.9822735e-23
   1.8329814e+01   2.9658478e-23
   1.8372083e+01   2.9495084e-23
   1.8414449e+01   2.9332550e-23
   1.8456913e+01   2.9170869e-23
   1.8499475e+01   2.9010038e-23
   1.8542135e+01   2.8850050e-23
   1.8584893e+01   2.8690903e-23
   1.8627750e+01   2.8532589e-23
   1.8670706e+01   2.8375106e-23
   1.8713761e+01   2.8218448e-23
   1.8756915e+01   2.8062611e-23
   1.8800168e+01   2.7907590e-23
   1.8843522e+01   2.7753380e-23
   1.8886975e+01   2.7599978e-23
   1.8930528e+01   2.7447378e-23
   1.8974182e+01   2.7295576e-23
   1.9017937e+01   2.7144569e-23
   1.9061792e+01   2.6994350e-23
   1.9105749e+01   2.6844917e-23
   1.9149807e+01   2.6696264e-23
   1.9193967e+01   2.6548388e-23
   1.9238228e+01   2.6401285e-23
   1.9282592e+01   2.6254950e-23
   1.9327057e+01   2.6109378e-23
   1.9371626e+01   2.5964567e-23
   1.9416297e+01   2.5820512e-23
   1.9461071e+01   2.5677209e-23
   1.9505948e+01   2.5534653e-23
   1.9550929e+01   2.5392842e-23
   1.9596014e+01   2.5251770e-23
   1.9641202e+01   2.5111435e-23
   1.9686495e+01   2.4971832e-23
   1.9731892e+01   2.4832957e-23
   1.9777394e+01   2.4694807e-23
   1.9823001e+01   2.4557377e-23
   1.9868713e+01   2.4420665e-23
   1.9914530e+01   2.4284666e-23
   1.9960454e+01   2.4149377e-23
   2.0006482e+01   2.4014794e-23
   2.0052618e+01   2.3880913e-23
   2.0098859e+01   2.3747731e-23
   2.0145207e+01   2.3615244e-23
   2.0191662e+01   2.3483449e-23
   2.0238224e+01   2.3352342e-23
   2.0284894e+01   2.3221920e-23
   2.0331671e+01   2.3092179e-23
   2.0378556e+01   2.2963115e-23
   2.0425549e+01   2.2834727e-23
   2.0472650e+01   2.2707009e-23
   2.0519861e+01   2.2579959e-23
   2.0567180e+01   2.2453573e-23
   2.0614608e+01   2.2327848e-23
   2.0662145e+01   2.2202781e-23
   2.0709792e+01   2.2078369e-23
   2.0757549e+01   2.1954608e-23
   2.0805416e+01   2.1831495e-23
   2.0853394e+01   2.1709027e-23
   2.0901482e+01   2.1587200e-23
   2.0949681e+01   2.1466013e-23
   2.0997991e+01   2.1345461e-23
   2.1046412e+01   2.1225541e-23
   2.1094945e+01   2.1106252e-23
   2.1143591e+01   2.0987588e-23
   2.1192348e+01   2.0869548e-23
   2.1241218e+01   2.0752128e-23
   2.1290200e+01   2.0635326e-23
   2.1339295e+01   2.0519138e-23
   2.1388504e+01   2.0403562e-23
   2.1437826e+01   2.0288595e-23
   2.1487262e+01   2.0174234e-23
   2.1536812e+01   2.0060476e-23
   2.1586476e+01   1.9947317e-23
   2.1636254e+01   1.9834757e-23
   2.1686148e+01   1.9722791e-23
   2.1736156e+01   1.9611417e-23
   2.1786280e+01   1.9500632e-23
   2.1836519e+01   1.9390433e-23
   2.1886874e+01   1.9280818e-23
   2.1937346e+01   1.9171784e-23
   2.1987933e+01   1.9063329e-23
   2.2038638e+01   1.8955449e-23
   2.2089459e+01   1.8848143e-23
   2.2140397e+01   1.8741407e-23
   2.2191453e+01   1.8635239e-23
   2.2242627e+01   1.8529636e-23
   2.2293919e+01   1.8424597e-23
   2.2345328e+01   1.8320117e-23
   2.2396857e+01   1.8216196e-23
   2.2448504e+01   1.8112830e-23
   2.2500271e+01   1.8010017e-23
   2.2552157e+01   1.7907754e-23
   2.2604162e+01   1.7806040e-23
   2.2656287e+01   1.7704871e-23
   2.2708533e+01   1.7604245e-23
   2.2760899e+01   1.7504161e-23
   2.2813386e+01   1.7404615e-23
   2.2865994e+01   1.7305605e-23
   2.2918723e+01   1.7207129e-23
   2.2971574e+01   1.7109185e-23
   2.3024546e+01   1.7011770e-23
   2.3077641e+01   1.6914883e-23
   2.3130858e+01   1.6818520e-23
   2.3184198e+01   1.6722680e-23
   2.3237661e+01   1.6627360e-23
   2.3291247e+01   1.6532559e-23
   2.3344957e+01   1.6438274e-23
   2.3398791e+01   1.6344502e-23
   2.3452748e+01   1.6251243e-23
   2.3506831e+01   1.6158493e-23
   2.3561038e+01   1.6066251e-23
   2.3615370e+01   1.5974514e-23
   2.3669827e+01   1.5883281e-23
   2.3724410e+01   1.5792549e-23
   2.3779118e+01   1.5702317e-23
   2.3833953e+01   1.5612582e-23
   2.3888914e+01   1.5523342e-23
   2.3944002e+01   1.5434596e-23
   2.3999217e+01   1.5346341e-23
   2.4054560e+01   1.5258575e-23
   2.4110030e+01   1.5171297e-23
   2.4165628e+01   1.5084505e-23
   2.4221354e+01   1.4998196e-23
   2.4277208e+01   1.4912369e-23
   2.4333192e+01   1.4827022e-23
   2.4389304e+01   1.4742153e-23
   2.4445546e+01   1.4657760e-23
   2.4501918e+01   1.4573841e-23
   2.4558420e+01   1.4490396e-23
   2.4615051e+01   1.4407420e-23
   2.4671814e+01   1.4324914e-23
   2.4728707e+01   1.4242875e-23
   2.4785732e+01   1.4161302e-23
   2.4842888e+01   1.4080192e-23
   2.4900176e+01   1.3999544e-23
   2.4957596e+01   1.3919356e-23
   2.5015148e+01   1.3839627e-23
   2.5072833e+01   1.3760355e-23
   2.5130652e+01   1.3681538e-23
   2.5188603e+01   1.3603175e-23
   2.5246688e+01   1.3525264e-23
   2.5304907e+01   1.3447803e-23
   2.5363261e+01   1.3370790e-23
   2.5421748e+01   1.3294225e-23
   2.5480371e+01   1.3218105e-23
   2.5539129e+01   1.3142430e-23
   2.5598023e+01   1.3067196e-23
   2.5657052e+01   1.2992404e-23
   2.5716217e+01   1.2918051e-23
   2.5775519e+01   1.2844136e-23
   2.5834957e+01   1.2770657e-23
   2.5894533e+01   1.2697613e-23
   2.5954246e+01   1.2625002e-23
   2.6014097e+01   1.2552823e-23
   2.6074085e+01   1.2481075e-23
   2.6134212e+01   1.2409756e-23
   2.6194478e+01   1.2338864e-23
   2.6254883e+01   1.2268399e-23
   2.6315427e+01   1.2198358e-23
   2.6376110e+01   1.2128741e-23
   2.6436934e+01   1.2059545e-23
   2.6497898e+01   1.1990771e-23
   2.6559002e+01   1.1922416e-23
   2.6620247e+01   1.1854479e-23
   2.6681634e+01   1.1786958e-23
   2.6743162e+01   1.1719853e-23
   2.6804832e+01   1.1653163e-23
   2.6866644e+01   1.1586884e-23
   2.6928599e+01   1.1521018e-23
   2.6990696e+01   1.1455562e-23
   2.7052937e+01   1.1390515e-23
   2.7115321e+01   1.1325875e-23
   2.7177849e+01   1.1261643e-23
   2.7240522e+01   1.1197815e-23
   2.7303338e+01   1.1134392e-23
   2.7366300e+01   1.1071372e-23
   2.7429407e+01   1.1008753e-23
   2.7492659e+01   1.0946536e-23
   2.7556058e+01   1.0884717e-23
   2.7619602e+01   1.0823298e-23
   2.7683293e+01   1.0762275e-23
   2.7747131e+01   1.0701648e-23
   2.7811116e+01   1.0641417e-23
   2.7875249e+01   1.0581579e-23
   2.7939529e+01   1.0522134e-23
   2.8003958e+01   1.0463081e-23
   2.8068536e+01   1.0404418e-23
   2.8133262e+01   1.0346145e-23
   2.8198137e+01   1.0288261e-23
   2.8263162e+01   1.0230763e-23
   2.8328338e+01   1.0173653e-23
   2.8393663e+01   1.0116928e-23
   2.8459139e+01   1.0060587e-23
   2.8524766e+01   1.0004630e-23
   2.8590544e+01   9.9490548e-24
   2.8656474e+01   9.8938614e-24
   2.8722556e+01   9.8390485e-24
   2.8788791e+01   9.7846150e-24
   2.8855178e+01   9.7305601e-24
   2.8921718e+01   9.6768828e-24
   2.8988412e+01   9.6235821e-24
   2.9055259e+01   9.5706572e-24
   2.9122261e+01   9.5181071e-24
   2.9189417e+01   9.4659309e-24
   2.9256728e+01   9.4141276e-24
   2.9324194e+01   9.3626965e-24
   2.9391816e+01   9.3116365e-24
   2.9459594e+01   9.2609468e-24
   2.9527528e+01   9.2106266e-24
   2.9595619e+01   9.1606749e-24
   2.9663866e+01   9.1110909e-24
   2.9732272e+01   9.0618737e-24
   2.9800834e+01   9.0130225e-24
   2.9869555e+01   8.9645364e-24
   2.9938435e+01   8.9164147e-24
   3.0007473e+01   8.8686564e-24
   3.0076670e+01   8.8212607e-24
   3.0146028e+01   8.7742269e-24
   3.0215544e+01   8.7275541e-24
   3.0285222e+01   8.6812414e-24
   3.0355060e+01   8.6352881e-24
   3.0425059e+01   8.5896935e-24
   3.0495219e+01   8.5444566e-24
   3.0565541e+01   8.4995766e-24
   3.0636026e+01   8.4550529e-24
   3.0706673e+01   8.4108846e-24
   3.0777482e+01   8.3670710e-24
   3.0848456e+01   8.3236112e-24
   3.0919592e+01   8.2805044e-24
   3.0990893e+01   8.2377500e-24
   3.1062358e+01   8.1953471e-24
   3.1133988e+01   8.1532950e-24
   3.1205784e+01   8.1115929e-24
   3.1277744e+01   8.0702401e-24
   3.1349871e+01   8.0292357e-24
   3.1422164e+01   7.9885790e-24
   3.1494624e+01   7.9482693e-24
   3.1567251e+01   7.9083059e-24
   3.1640045e+01   7.8686878e-24
   3.1713007e+01   7.8294144e-24
   3.1786138e+01   7.7904850e-24
   3.1859437e+01   7.7518987e-24
   3.1932905e+01   7.7136549e-24
   3.2006542e+01   7.6757527e-24
   3.2080350e+01   7.6381914e-24
   3.2154327e+01   7.6009702e-24
   3.2228475e+01   7.5640884e-24
   3.2302794e+01   7.5275452e-24
   3.2377285e+01   7.4913398e-24
   3.2451947e+01   7.4554715e-24
   3.2526782e+01   7.4199395e-24
   3.2601789e+01   7.3847430e-24
   3.2676969e+01   7.3498812e-24
   3.2752322e+01   7.3153534e-24
   3.2827849e+01   7.2811588e-24
   3.2903550e+01   7.2472965e-24
   3.2979426e+01   7.2137658e-24
   3.3055477e+01   7.1805659e-24
   3.3131703e+01   7.1476959e-24
   3.3208105e+01   7.1151551e-24
   3.3284683e+01   7.0829426e-24
   3.3361438e+01   7.0510576e-24
   3.3438370e+01   7.0194994e-24
   3.3515479e+01   6.9882669e-24
   3.3592766e+01   6.9573595e-24
   3.3670231e+01   6.9267762e-24
   3.3747875e+01   6.8965161e-24
   3.3825698e+01   6.8665785e-24
   3.3903700e+01   6.8369625e-24
   3.3981882e+01   6.8076671e-24
   3.4060245e+01   6.7786914e-24
   3.4138788e+01   6.7500346e-24
   3.4217512e+01   6.7216958e-24
   3.4296418e+01   6.6936740e-24
   3.4375506e+01   6.6659682e-24
   3.4454776e+01   6.6385777e-24
   3.4534229e+01   6.6115013e-24
   3.4613865e+01   6.5847381e-24
   3.4693685e+01   6.5582873e-24
   3.4773689e+01   6.5321476e-24
   3.4853877e+01   6.5063183e-24
   3.4934251e+01   6.4807982e-24
   3.5014809e+01   6.4555864e-24
   3.5095554e+01   6.4306818e-24
   3.5176484e+01   6.4060833e-24
   3.5257602e+01   6.3817900e-24
   3.5338906e+01   6.3578007e-24
   3.5420398e+01   6.3341143e-24
   3.5502077e+01   6.3107298e-24
   3.5583945e+01   6.2876460e-24
   3.5666002e+01   6.2648618e-24
   3.5748248e+01   6.2423761e-24
   3.5830684e+01   6.2201878e-24
   3.5913310e+01   6.1982955e-24
   3.5996126e+01   6.1766983e-24
   3.6079134e+01   6.1553948e-24
   3.6162332e+01   6.1343839e-24
   3.6245723e+01   6.1136643e-24
   3.6329306e+01   6.0932348e-24
   3.6413082e+01   6.0730942e-24
   3.6497050e+01   6.0532411e-24
   3.6581213e+01   6.0336743e-24
   3.6665569e+01   6.0143925e-24
   3.6750120e+01   5.9953944e-24
   3.6834867e+01   5.9766786e-24
   3.6919808e+01   5.9582438e-24
   3.7004945e+01   5.9400886e-24
   3.7090279e+01   5.9222117e-24
   3.7175810e+01   5.9046116e-24
   3.7261537e+01   5.8872870e-24
   3.7347463e+01   5.8702365e-24
   3.7433586e+01   5.8534585e-24
   3.7519908e+01   5.8369516e-24
   3.7606429e+01   5.8207145e-24
   3.7693150e+01   5.8047455e-24
   3.7780071e+01   5.7890433e-24
   3.7867192e+01   5.7736062e-24
   3.7954514e+01   5.7584328e-24
   3.8042037e+01   5.7435214e-24
   3.8129763e+01   5.7288707e-24
   3.8217690e+01   5.7144789e-24
   3.8305821e+01   5.7003446e-24
   3.8394154e+01   5.6864660e-24
   3.8482691e+01   5.6728417e-24
   3.8571433e+01   5.6594699e-24
   3.8660379e+01   5.6463491e-24
   3.8749530e+01   5.6334775e-24
   3.8838886e+01   5.6208535e-24
   3.8928449e+01   5.6084755e-24
   3.9018219e+01   5.5963418e-24
   3.9108195e+01   5.5844506e-24
   3.9198379e+01   5.5728002e-24
   3.9288770e+01   5.5613889e-24
   3.9379371e+01   5.5502150e-24
   3.9470180e+01   5.5392768e-24
   3.9561198e+01   5.5285724e-24
   3.9652427e+01   5.5181001e-24
   3.9743865e+01   5.5078581e-24
   3.9835515e+01   5.4978446e-24
   3.9927376e+01   5.4880579e-24
   4.0019449e+01   5.4784961e-24
   4.0111734e+01   5.4691574e-24
   4.0204232e+01   5.4600401e-24
   4.0296943e+01   5.4511421e-24
   4.0389868e+01   5.4424618e-24
   4.0483008e+01   5.4339972e-24
   4.0576362e+01   5.4257466e-24
   4.0669931e+01   5.4177080e-24
   4.0763716e+01   5.4098796e-24
   4.0857718e+01   5.4022595e-24
   4.0951936e+01   5.3948458e-24
   4.1046372e+01   5.3876367e-24
   4.1141025e+01   5.3806303e-24
   4.1235896e+01   5.3738246e-24
   4.1330987e+01   5.3672178e-24
   4.1426296e+01   5.3608080e-24
   4.1521826e+01   5.3545932e-24
   4.1617575e+01   5.3485717e-24
   4.1713546e+01   5.3427413e-24
   4.1809737e+01   5.3371004e-24
   4.1906151e+01   5.3316469e-24
   4.2002787e+01   5.3263789e-24
   4.2099646e+01   5.3212945e-24
   4.2196728e+01   5.3163918e-24
   4.2294034e+01   5.3116690e-24
   4.2391564e+01   5.3071240e-24
   4.2489319e+01   5.3027550e-24
   4.2587300e+01   5.2985601e-24
   4.2685507e+01   5.2945373e-24
   4.2783940e+01   5.2906847e-24
   4.2882600e+01   5.2870006e-24
   4.2981488e+01   5.2834828e-24
   4.3080603e+01   5.2801297e-24
   4.3179947e+01   5.2769391e-24
   4.3279521e+01   5.2739094e-24
   4.3379324e+01   5.2710385e-24
   4.3479357e+01   5.2683247e-24
   4.3579620e+01   5.2657659e-24
   4.3680115e+01   5.2633605e-24
   4.3780842e+01   5.2611064e-24
   4.3881801e+01   5.2590019e-24
   4.3982993e+01   5.2570450e-24
   4.4084418e+01   5.2552340e-24
   4.4186077e+01   5.2535670e-24
   4.4287970e+01   5.2520422e-24
   4.4390099e+01   5.2506577e-24
   4.4492463e+01   5.2494118e-24
   4.4595062e+01   5.2483025e-24
   4.4697899e+01   5.2473282e-24
   4.4800973e+01   5.2464871e-24
   4.4904284e+01   5.2457773e-24
   4.5007834e+01   5.2451970e-24
   4.5111622e+01   5.2447446e-24
   4.5215650e+01   5.2444183e-24
   4.5319918e+01   5.2442163e-24
   4.5424426e+01   5.2441368e-24
   4.5529175e+01   5.2441783e-24
   4.5634165e+01   5.2443388e-24
   4.5739398e+01   5.2446169e-24
   4.5844873e+01   5.2450107e-24
   4.5950592e+01   5.2455185e-24
   4.6056554e+01   5.2461388e-24
   4.6162761e+01   5.2468699e-24
   4.6269213e+01   5.2477100e-24
   4.6375910e+01   5.2486576e-24
   4.6482853e+01   5.2497111e-24
   4.6590043e+01   5.2508689e-24
   4.6697480e+01   5.2521292e-24
   4.6805165e+01   5.2534907e-24
   4.6913098e+01   5.2549516e-24
   4.7021280e+01   5.2565105e-24
   4.7129711e+01   5.2581657e-24
   4.7238393e+01   5.2599158e-24
   4.7347325e+01   5.2617592e-24
   4.7456508e+01   5.2636945e-24
   4.7565943e+01   5.2657200e-24
   4.7675631e+01   5.2678344e-24
   4.7785571e+01   5.2700362e-24
   4.7895765e+01   5.2723239e-24
   4.8006213e+01   5.2746961e-24
   4.8116916e+01   5.2771513e-24
   4.8227874e+01   5.2796881e-24
   4.8339087e+01   5.2823052e-24
   4.8450558e+01   5.2850011e-24
   4.8562285e+01   5.2877745e-24
   4.8674270e+01   5.2906240e-24
   4.8786513e+01   5.2935482e-24
   4.8899015e+01   5.2965459e-24
   4.9011777e+01   5.2996156e-24
   4.9124798e+01   5.3027562e-24
   4.9238081e+01   5.3059662e-24
   4.9351624e+01   5.3092445e-24
   4.9465429e+01   5.3125897e-24
   4.9579497e+01   5.3160007e-24
   4.9693828e+01   5.3194761e-24
   4.9808422e+01   5.3230147e-24
   4.9923280e+01   5.3266153e-24
   5.0038404e+01   5.3302768e-24
   5.0153793e+01   5.3339979e-24
   5.0269448e+01   5.3377775e-24
   5.0385370e+01   5.3416144e-24
   5.0501559e+01   5.3455074e-24
   5.0618016e+01   5.3494555e-24
   5.0734741e+01   5.3534575e-24
   5.0851736e+01   5.3575124e-24
   5.0969000e+01   5.3616189e-24
   5.1086535e+01   5.3657761e-24
   5.1204341e+01   5.3699828e-24
   5.1322419e+01   5.3742381e-24
   5.1440769e+01   5.3785408e-24
   5.1559392e+01   5.3828900e-24
   5.1678288e+01   5.3872847e-24
   5.1797458e+01   5.3917237e-24
   5.1916904e+01   5.3962063e-24
   5.2036625e+01   5.4007312e-24
   5.2156621e+01   5.4052977e-24
   5.2276895e+01   5.4099048e-24
   5.2397446e+01   5.4145514e-24
   5.2518275e+01   5.4192368e-24
   5.2639382e+01   5.4239599e-24
   5.2760769e+01   5.4287198e-24
   5.2882436e+01   5.4335158e-24
   5.3004383e+01   5.4383468e-24
   5.3126612e+01   5.4432121e-24
   5.3249122e+01   5.4481107e-24
   5.3371915e+01   5.4530419e-24
   5.3494991e+01   5.4580047e-24
   5.3618351e+01   5.4629985e-24
   5.3741995e+01   5.4680222e-24
   5.3865925e+01   5.4730753e-24
   5.3990140e+01   5.4781568e-24
   5.4114642e+01   5.4832660e-24
   5.4239430e+01   5.4884021e-24
   5.4364507e+01   5.4935644e-24
   5.4489872e+01   5.4987521e-24
   5.4615526e+01   5.5039645e-24
   5.4741470e+01   5.5092009e-24
   5.4867704e+01   5.5144605e-24
   5.4994229e+01   5.5197426e-24
   5.5121046e+01   5.5250466e-24
   5.5248156e+01   5.5303718e-24
   5.5375559e+01   5.5357175e-24
   5.5503255e+01   5.5410830e-24
   5.5631246e+01   5.5464677e-24
   5.5759532e+01   5.5518710e-24
   5.5888114e+01   5.5572921e-24
   5.6016992e+01   5.5627305e-24
   5.6146168e+01   5.5681856e-24
   5.6275642e+01   5.5736567e-24
   5.6405414e+01   5.5791433e-24
   5.6535485e+01   5.5846447e-24
   5.6665856e+01   5.5901605e-24
   5.6796528e+01   5.5956899e-24
   5.6927501e+01   5.6012325e-24
   5.7058777e+01   5.6067877e-24
   5.7190355e+01   5.6123550e-24
   5.7322236e+01   5.6179338e-24
   5.7454421e+01   5.6235236e-24
   5.7586912e+01   5.6291239e-24
   5.7719708e+01   5.6347341e-24
   5.7852810e+01   5.6403538e-24
   5.7986219e+01   5.6459825e-24
   5.8119935e+01   5.6516196e-24
   5.8253960e+01   5.6572648e-24
   5.8388294e+01   5.6629175e-24
   5.8522938e+01   5.6685772e-24
   5.8657893e+01   5.6742436e-24
   5.8793158e+01   5.6799161e-24
   5.8928736e+01   5.6855943e-24
   5.9064626e+01   5.6912778e-24
   5.9200829e+01   5.6969662e-24
   5.9337347e+01   5.7026590e-24
   5.9474179e+01   5.7083558e-24
   5.9611327e+01   5.7140563e-24
   5.9748791e+01   5.7197600e-24
   5.9886572e+01   5.7254665e-24
   6.0024671e+01   5.7311754e-24
   6.0163089e+01   5.7368864e-24
   6.0301825e+01   5.7425990e-24
   6.0440882e+01   5.7483130e-24
   6.0580259e+01   5.7540280e-24
   6.0719957e+01   5.7597435e-24
   6.0859978e+01   5.7654593e-24
   6.1000322e+01   5.7711751e-24
   6.1140989e+01   5.7768904e-24
   6.1281980e+01   5.7826049e-24
   6.1423297e+01   5.7883184e-24
   6.1564940e+01   5.7940304e-24
   6.1706909e+01   5.7997408e-24
   6.1849206e+01   5.8054491e-24
   6.1991830e+01   5.8111552e-24
   6.2134784e+01   5.8168586e-24
   6.2278067e+01   5.8225591e-24
   6.2421681e+01   5.8282564e-24
   6.2565626e+01   5.8339502e-24
   6.2709903e+01   5.8396403e-24
   6.2854512e+01   5.8453264e-24
   6.2999455e+01   5.8510081e-24
   6.3144732e+01   5.8566854e-24
   6.3290345e+01   5.8623578e-24
   6.3436293e+01   5.8680252e-24
   6.3582577e+01   5.8736873e-24
   6.3729199e+01   5.8793438e-24
   6.3876159e+01   5.8849946e-24
   6.4023458e+01   5.8906393e-24
   6.4171097e+01   5.8962779e-24
   6.4319076e+01   5.9019099e-24
   6.4467396e+01   5.9075353e-24
   6.4616058e+01   5.9131538e-24
   6.4765063e+01   5.9187652e-24
   6.4914412e+01   5.9243693e-24
   6.5064105e+01   5.9299658e-24
   6.5214144e+01   5.9355547e-24
   6.5364528e+01   5.9411356e-24
   6.5515259e+01   5.9467085e-24
   6.5666338e+01   5.9522730e-24
   6.5817765e+01   5.9578292e-24
   6.5969541e+01   5.9633766e-24
   6.6121667e+01   5.9689153e-24
   6.6274144e+01   5.9744449e-24
   6.6426973e+01   5.9799654e-24
   6.6580154e+01   5.9854766e-24
   6.6733688e+01   5.9909783e-24
   6.6887577e+01   5.9964704e-24
   6.7041820e+01   6.0019526e-24
   6.7196419e+01   6.0074250e-24
   6.7351374e+01   6.0128872e-24
   6.7506687e+01   6.0183392e-24
   6.7662358e+01   6.0237808e-24
   6.7818388e+01   6.0292119e-24
   6.7974778e+01   6.0346324e-24
   6.8131528e+01   6.0400421e-24
   6.8288640e+01   6.0454409e-24
   6.8446114e+01   6.0508286e-24
   6.8603951e+01   6.0562052e-24
   6.8762153e+01   6.0615705e-24
   6.8920719e+01   6.0669245e-24
   6.9079650e+01   6.0722669e-24
   6.9238949e+01   6.0775977e-24
   6.9398614e+01   6.0829168e-24
   6.9558648e+01   6.0882241e-24
   6.9719051e+01   6.0935194e-24
   6.9879823e+01   6.0988027e-24
   7.0040967e+01   6.1040738e-24
   7.0202482e+01   6.1093328e-24
   7.0364369e+01   6.1145794e-24
   7.0526630e+01   6.1198136e-24
   7.0689265e+01   6.1250353e-24
   7.0852275e+01   6.1302444e-24
   7.1015661e+01   6.1354409e-24
   7.1179423e+01   6.1406246e-24
   7.1343564e+01   6.1457955e-24
   7.1508083e+01   6.1509535e-24
   7.1672981e+01   6.1560985e-24
   7.1838259e+01   6.1612304e-24
   7.2003919e+01   6.1663493e-24
   7.2169960e+01   6.1714549e-24
   7.2336385e+01   6.1765473e-24
   7.2503193e+01   6.1816264e-24
   7.2670386e+01   6.1866921e-24
   7.2837964e+01   6.1917444e-24
   7.3005929e+01   6.1967831e-24
   7.3174282e+01   6.2018083e-24
   7.3343022e+01   6.2068199e-24
   7.3512152e+01   6.2118179e-24
   7.3681671e+01   6.2168021e-24
   7.3851582e+01   6.2217726e-24
   7.4021884e+01   6.2267293e-24
   7.4192579e+01   6.2316721e-24
   7.4363668e+01   6.2366011e-24
   7.4535151e+01   6.2415161e-24
   7.4707029e+01   6.2464171e-24
   7.4879304e+01   6.2513041e-24
   7.5051977e+01   6.2561771e-24
   7.5225047e+01   6.2610360e-24
   7.5398517e+01   6.2658807e-24
   7.5572386e+01   6.2707113e-24
   7.5746657e+01   6.2755278e-24
   7.5921329e+01   6.2803300e-24
   7.6096404e+01   6.2851180e-24
   7.6271883e+01   6.2898917e-24
   7.6447767e+01   6.2946511e-24
   7.6624056e+01   6.2993962e-24
   7.6800751e+01   6.3041270e-24
   7.6977855e+01   6.3088434e-24
   7.7155366e+01   6.3135455e-24
   7.7333287e+01   6.3182331e-24
   7.7511618e+01   6.3229064e-24
   7.7690361e+01   6.3275652e-24
   7.7869515e+01   6.3322096e-24
   7.8049083e+01   6.3368395e-24
   7.8229065e+01   6.3414549e-24
   7.8409461e+01   6.3460559e-24
   7.8590274e+01   6.3506424e-24
   7.8771504e+01   6.3552144e-24
   7.8953152e+01   6.3597719e-24
   7.9135218e+01   6.3643149e-24
   7.9317705e+01   6.3688434e-24
   7.9500612e+01   6.3733573e-24
   7.9683941e+01   6.3778568e-24
   7.9867693e+01   6.3823417e-24
   8.0051868e+01   6.3868121e-24
   8.0236468e+01   6.3912680e-24
   8.0421494e+01   6.3957093e-24
   8.0606947e+01   6.4001361e-24
   8.0792827e+01   6.4045484e-24
   8.0979136e+01   6.4089462e-24
   8.1165874e+01   6.4133295e-24
   8.1353044e+01   6.4176983e-24
   8.1540644e+01   6.4220526e-24
   8.1728678e+01   6.4263924e-24
   8.1917145e+01   6.4307177e-24
   8.2106046e+01   6.4350286e-24
   8.2295383e+01   6.4393249e-24
   8.2485157e+01   6.4436069e-24
   8.2675369e+01   6.4478744e-24
   8.2866019e+01   6.4521274e-24
   8.3057108e+01   6.4563661e-24
   8.3248639e+01   6.4605903e-24
   8.3440611e+01   6.4648002e-24
   8.3633025e+01   6.4689957e-24
   8.3825884e+01   6.4731768e-24
   8.4019187e+01   6.4773436e-24
   8.4212936e+01   6.4814961e-24
   8.4407131e+01   6.4856343e-24
   8.4601775e+01   6.4897582e-24
   8.4796867e+01   6.4938678e-24
   8.4992409e+01   6.4979632e-24
   8.5188403e+01   6.5020443e-24
   8.5384848e+01   6.5061113e-24
   8.5581746e+01   6.5101640e-24
   8.5779098e+01   6.5142027e-24
   8.5976905e+01   6.5182271e-24
   8.6175169e+01   6.5222375e-24
   8.6373889e+01   6.5262338e-24
   8.6573068e+01   6.5302160e-24
   8.6772706e+01   6.5341842e-24
   8.6972805e+01   6.5381384e-24
   8.7173365e+01   6.5420786e-24
   8.7374387e+01   6.5460048e-24
   8.7575873e+01   6.5499171e-24
   8.7777824e+01   6.5538155e-24
   8.7980240e+01   6.5577000e-24
   8.8183123e+01   6.5615707e-24
   8.8386474e+01   6.5654275e-24
   8.8590294e+01   6.5692706e-24
   8.8794584e+01   6.5730999e-24
   8.8999345e+01   6.5769155e-24
   8.9204578e+01   6.5807174e-24
   8.9410285e+01   6.5845056e-24
   8.9616465e+01   6.5882803e-24
   8.9823122e+01   6.5920413e-24
   9.0030254e+01   6.5957887e-24
   9.0237865e+01   6.5995226e-24
   9.0445954e+01   6.6032430e-24
   9.0654523e+01   6.6069500e-24
   9.0863573e+01   6.6106435e-24
   9.1073105e+01   6.6143236e-24
   9.1283120e+01   6.6179904e-24
   9.1493620e+01   6.6216438e-24
   9.1704605e+01   6.6252839e-24
   9.1916077e+01   6.6289108e-24
   9.2128036e+01   6.6325245e-24
   9.2340484e+01   6.6361250e-24
   9.2553422e+01   6.6397123e-24
   9.2766850e+01   6.6432866e-24
   9.2980771e+01   6.6468477e-24
   9.3195186e+01   6.6503959e-24
   9.3410095e+01   6.6539310e-24
   9.3625499e+01   6.6574532e-24
   9.3841400e+01   6.6609625e-24
   9.4057799e+01   6.6644589e-24
   9.4274697e+01   6.6679425e-24
   9.4492095e+01   6.6714132e-24
   9.4709995e+01   6.6748712e-24
   9.4928397e+01   6.6783165e-24
   9.5147302e+01   6.6817491e-24
   9.5366713e+01   6.6851691e-24
   9.5586629e+01   6.6885765e-24
   9.5807053e+01   6.6919713e-24
   9.6027984e+01   6.6953536e-24
   9.6249426e+01   6.6987234e-24
   9.6471378e+01   6.7020808e-24
   9.6693841e+01   6.7054259e-24
   9.6916818e+01   6.7087585e-24
   9.7140309e+01   6.7120789e-24
   9.7364315e+01   6.7153870e-24
   9.7588838e+01   6.7186828e-24
   9.7813879e+01   6.7219665e-24
   9.8039438e+01   6.7252381e-24
   9.8265518e+01   6.7284976e-24
   9.8492119e+01   6.7317450e-24
   9.8719243e+01   6.7349804e-24
   9.8946890e+01   6.7382038e-24
   9.9175062e+01   6.7414154e-24
   9.9403761e+01   6.7446150e-24
   9.9632987e+01   6.7478028e-24
   9.9862741e+01   6.7509789e-24
   1.0009303e+02   6.7541432e-24
   1.0032384e+02   6.7572958e-24
   1.0055519e+02   6.7604367e-24
   1.0078707e+02   6.7635660e-24
   1.0101948e+02   6.7666838e-24
   1.0125244e+02   6.7697901e-24
   1.0148593e+02   6.7728848e-24
   1.0171995e+02   6.7759682e-24
   1.0195452e+02   6.7790401e-24
   1.0218963e+02   6.7821008e-24
   1.0242528e+02   6.7851501e-24
   1.0266147e+02   6.7881882e-24
   1.0289821e+02   6.7912151e-24
   1.0313549e+02   6.7942308e-24
   1.0337332e+02   6.7972354e-24
   1.0361170e+02   6.8002289e-24
   1.0385063e+02   6.8032115e-24
   1.0409011e+02   6.8061830e-24
   1.0433015e+02   6.8091437e-24
   1.0457073e+02   6.8120934e-24
   1.0481187e+02   6.8150323e-24
   1.0505357e+02   6.8179605e-24
   1.0529582e+02   6.8208778e-24
   1.0553864e+02   6.8237845e-24
   1.0578201e+02   6.8266806e-24
   1.0602594e+02   6.8295660e-24
   1.0627044e+02   6.8324409e-24
   1.0651550e+02   6.8353053e-24
   1.0676113e+02   6.8381592e-24
   1.0700732e+02   6.8410027e-24
   1.0725408e+02   6.8438358e-24
   1.0750141e+02   6.8466586e-24
   1.0774931e+02   6.8494712e-24
   1.0799778e+02   6.8522735e-24
   1.0824682e+02   6.8550656e-24
   1.0849644e+02   6.8578476e-24
   1.0874663e+02   6.8606195e-24
   1.0899740e+02   6.8633814e-24
   1.0924875e+02   6.8661332e-24
   1.0950068e+02   6.8688752e-24
   1.0975319e+02   6.8716072e-24
   1.1000628e+02   6.8743294e-24
   1.1025996e+02   6.8770417e-24
   1.1051422e+02   6.8797444e-24
   1.1076906e+02   6.8824373e-24
   1.1102450e+02   6.8851205e-24
   1.1128052e+02   6.8877942e-24
   1.1153714e+02   6.8904582e-24
   1.1179434e+02   6.8931128e-24
   1.1205214e+02   6.8957578e-24
   1.1231053e+02   6.8983935e-24
   1.1256952e+02   6.9010197e-24
   1.1282911e+02   6.9036367e-24
   1.1308929e+02   6.9062443e-24
   1.1335008e+02   6.9088427e-24
   1.1361146e+02   6.9114320e-24
   1.1387345e+02   6.9140121e-24
   1.1413605e+02   6.9165830e-24
   1.1439924e+02   6.9191450e-24
   1.1466305e+02   6.9216979e-24
   1.1492746e+02   6.9242419e-24
   1.1519249e+02   6.9267770e-24
   1.1545812e+02   6.9293032e-24
   1.1572437e+02   6.9318206e-24
   1.1599123e+02   6.9343293e-24
   1.1625871e+02   6.9368292e-24
   1.1652680e+02   6.9393205e-24
   1.1679551e+02   6.9418031e-24
   1.1706484e+02   6.9442772e-24
   1.1733480e+02   6.9467427e-24
   1.1760537e+02   6.9491998e-24
   1.1787657e+02   6.9516484e-24
   1.1814839e+02   6.9540886e-24
   1.1842085e+02   6.9565205e-24
   1.1869392e+02   6.9589441e-24
   1.1896763e+02   6.9613595e-24
   1.1924197e+02   6.9637666e-24
   1.1951695e+02   6.9661656e-24
   1.1979255e+02   6.9685565e-24
   1.2006880e+02   6.9709394e-24
   1.2034568e+02   6.9733142e-24
   1.2062319e+02   6.9756811e-24
   1.2090135e+02   6.9780400e-24
   1.2118015e+02   6.9803911e-24
   1.2145959e+02   6.9827344e-24
   1.2173968e+02   6.9850698e-24
   1.2202041e+02   6.9873976e-24
   1.2230179e+02   6.9897177e-24
   1.2258382e+02   6.9920301e-24
   1.2286650e+02   6.9943349e-24
   1.2314983e+02   6.9966322e-24
   1.2343382e+02   6.9989220e-24
   1.2371846e+02   7.0012043e-24
   1.2400375e+02   7.0034793e-24
   1.2428971e+02   7.0057469e-24
   1.2457632e+02   7.0080071e-24
   1.2486359e+02   7.0102601e-24
   1.2515153e+02   7.0125059e-24
   1.2544013e+02   7.0147445e-24
   1.2572940e+02   7.0169760e-24
   1.2601933e+02   7.0192004e-24
   1.2630993e+02   7.0214177e-24
   1.2660120e+02   7.0236281e-24
   1.2689314e+02   7.0258315e-24
   1.2718576e+02   7.0280281e-24
   1.2747905e+02   7.0302178e-24
   1.2777302e+02   7.0324006e-24
   1.2806767e+02   7.0345768e-24
   1.2836299e+02   7.0367462e-24
   1.2865900e+02   7.0389089e-24
   1.2895569e+02   7.0410650e-24
   1.2925306e+02   7.0432146e-24
   1.2955112e+02   7.0453576e-24
   1.2984986e+02   7.0474941e-24
   1.3014930e+02   7.0496242e-24
   1.3044942e+02   7.0517478e-24
   1.3075024e+02   7.0538652e-24
   1.3105175e+02   7.0559762e-24
   1.3135396e+02   7.0580810e-24
   1.3165686e+02   7.0601795e-24
   1.3196046e+02   7.0622719e-24
   1.3226476e+02   7.0643582e-24
   1.3256977e+02   7.0664384e-24
   1.3287547e+02   7.0685126e-24
   1.3318189e+02   7.0705807e-24
   1.3348901e+02   7.0726430e-24
   1.3379683e+02   7.0746993e-24
   1.3410537e+02   7.0767498e-24
   1.3441462e+02   7.0787944e-24
   1.3472458e+02   7.0808333e-24
   1.3503525e+02   7.0828665e-24
   1.3534665e+02   7.0848940e-24
   1.3565876e+02   7.0869159e-24
   1.3597159e+02   7.0889322e-24
   1.3628514e+02   7.0909430e-24
   1.3659941e+02   7.0929482e-24
   1.3691441e+02   7.0949481e-24
   1.3723014e+02   7.0969425e-24
   1.3754659e+02   7.0989315e-24
   1.3786377e+02   7.1009152e-24
   1.3818169e+02   7.1028937e-24
   1.3850034e+02   7.1048669e-24
   1.3881972e+02   7.1068349e-24
   1.3913984e+02   7.1087978e-24
   1.3946070e+02   7.1107556e-24
   1.3978229e+02   7.1127083e-24
   1.4010463e+02   7.1146560e-24
   1.4042772e+02   7.1165988e-24
   1.4075154e+02   7.1185366e-24
   1.4107612e+02   7.1204696e-24
   1.4140144e+02   7.1223977e-24
   1.4172751e+02   7.1243211e-24
   1.4205434e+02   7.1262396e-24
   1.4238192e+02   7.1281535e-24
   1.4271025e+02   7.1300627e-24
   1.4303934e+02   7.1319673e-24
   1.4336919e+02   7.1338674e-24
   1.4369980e+02   7.1357628e-24
   1.4403117e+02   7.1376538e-24
   1.4436331e+02   7.1395404e-24
   1.4469621e+02   7.1414226e-24
   1.4502988e+02   7.1433004e-24
   1.4536432e+02   7.1451739e-24
   1.4569954e+02   7.1470431e-24
   1.4603552e+02   7.1489081e-24
   1.4637228e+02   7.1507689e-24
   1.4670981e+02   7.1526255e-24
   1.4704813e+02   7.1544781e-24
   1.4738722e+02   7.1563266e-24
   1.4772710e+02   7.1581711e-24
   1.4806776e+02   7.1600116e-24
   1.4840920e+02   7.1618482e-24
   1.4875144e+02   7.1636809e-24
   1.4909446e+02   7.1655097e-24
   1.4943827e+02   7.1673348e-24
   1.4978288e+02   7.1691561e-24
   1.5012828e+02   7.1709737e-24
   1.5047447e+02   7.1727876e-24
   1.5082147e+02   7.1745978e-24
   1.5116927e+02   7.1764045e-24
   1.5151786e+02   7.1782077e-24
   1.5186726e+02   7.1800073e-24
   1.5221747e+02   7.1818035e-24
   1.5256849e+02   7.1835962e-24
   1.5292031e+02   7.1853856e-24
   1.5327295e+02   7.1871716e-24
   1.5362639e+02   7.1889543e-24
   1.5398066e+02   7.1907338e-24
   1.5433574e+02   7.1925101e-24
   1.5469164e+02   7.1942832e-24
   1.5504836e+02   7.1960532e-24
   1.5540590e+02   7.1978201e-24
   1.5576427e+02   7.1995839e-24
   1.5612346e+02   7.2013448e-24
   1.5648348e+02   7.2031027e-24
   1.5684434e+02   7.2048576e-24
   1.5720602e+02   7.2066097e-24
   1.5756854e+02   7.2083590e-24
   1.5793189e+02   7.2101055e-24
   1.5829608e+02   7.2118492e-24
   1.5866112e+02   7.2135902e-24
   1.5902699e+02   7.2153285e-24
   1.5939371e+02   7.2170642e-24
   1.5976127e+02   7.2187973e-24
   1.6012968e+02   7.2205279e-24
   1.6049894e+02   7.2222559e-24
   1.6086905e+02   7.2239816e-24
   1.6124002e+02   7.2257047e-24
   1.6161184e+02   7.2274255e-24
   1.6198452e+02   7.2291440e-24
   1.6235805e+02   7.2308602e-24
   1.6273245e+02   7.2325741e-24
   1.6310772e+02   7.2342857e-24
   1.6348384e+02   7.2359953e-24
   1.6386084e+02   7.2377026e-24
   1.6423870e+02   7.2394079e-24
   1.6461744e+02   7.2411111e-24
   1.6499705e+02   7.2428124e-24
   1.6537753e+02   7.2445116e-24
   1.6575889e+02   7.2462089e-24
   1.6614114e+02   7.2479044e-24
   1.6652426e+02   7.2495979e-24
   1.6690826e+02   7.2512897e-24
   1.6729316e+02   7.2529797e-24
   1.6767894e+02   7.2546680e-24
   1.6806560e+02   7.2563546e-24
   1.6845316e+02   7.2580395e-24
   1.6884162e+02   7.2597228e-24
   1.6923097e+02   7.2614046e-24
   1.6962122e+02   7.2630849e-24
   1.7001236e+02   7.2647636e-24
   1.7040441e+02   7.2664409e-24
   1.7079737e+02   7.2681168e-24
   1.7119123e+02   7.2697914e-24
   1.7158600e+02   7.2714646e-24
   1.7198168e+02   7.2731366e-24
   1.7237827e+02   7.2748073e-24
   1.7277577e+02   7.2764768e-24
   1.7317419e+02   7.2781451e-24
   1.7357354e+02   7.2798124e-24
   1.7397380e+02   7.2814785e-24
   1.7437498e+02   7.2831436e-24
   1.7477709e+02   7.2848077e-24
   1.7518013e+02   7.2864708e-24
   1.7558410e+02   7.2881331e-24
   1.7598899e+02   7.2897944e-24
   1.7639483e+02   7.2914549e-24
   1.7680159e+02   7.2931146e-24
   1.7720930e+02   7.2947735e-24
   1.7761795e+02   7.2964318e-24
   1.7802753e+02   7.2980893e-24
   1.7843807e+02   7.2997462e-24
   1.7884955e+02   7.3014025e-24
   1.7926198e+02   7.3030583e-24
   1.7967535e+02   7.3047135e-24
   1.8008969e+02   7.3063682e-24
   1.8050498e+02   7.3080225e-24
   1.8092122e+02   7.3096764e-24
   1.8133843e+02   7.3113300e-24
   1.8175659e+02   7.3129832e-24
   1.8217573e+02   7.3146362e-24
   1.8259583e+02   7.3162889e-24
   1.8301689e+02   7.3179414e-24
   1.8343893e+02   7.3195937e-24
   1.8386194e+02   7.3212459e-24
   1.8428593e+02   7.3228981e-24
   1.8471089e+02   7.3245502e-24
   1.8513684e+02   7.3262023e-24
   1.8556377e+02   7.3278544e-24
   1.8599168e+02   7.3295066e-24
   1.8642058e+02   7.3311590e-24
   1.8685046e+02   7.3328115e-24
   1.8728134e+02   7.3344642e-24
   1.8771321e+02   7.3361171e-24
   1.8814608e+02   7.3377703e-24
   1.8857995e+02   7.3394238e-24
   1.8901482e+02   7.3410777e-24
   1.8945068e+02   7.3427320e-24
   1.8988756e+02   7.3443867e-24
   1.9032544e+02   7.3460419e-24
   1.9076433e+02   7.3476976e-24
   1.9120424e+02   7.3493539e-24
   1.9164516e+02   7.3510108e-24
   1.9208709e+02   7.3526683e-24
   1.9253005e+02   7.3543264e-24
   1.9297402e+02   7.3559853e-24
   1.9341902e+02   7.3576450e-24
   1.9386505e+02   7.3593054e-24
   1.9431210e+02   7.3609667e-24
   1.9476019e+02   7.3626288e-24
   1.9520930e+02   7.3642919e-24
   1.9565946e+02   7.3659559e-24
   1.9611065e+02   7.3676209e-24
   1.9656288e+02   7.3692869e-24
   1.9701616e+02   7.3709541e-24
   1.9747048e+02   7.3726223e-24
   1.9792585e+02   7.3742917e-24
   1.9838227e+02   7.3759622e-24
   1.9883974e+02   7.3776341e-24
   1.9929826e+02   7.3793071e-24
   1.9975785e+02   7.3809815e-24
   2.0021849e+02   7.3826573e-24
   2.0068020e+02   7.3843344e-24
   2.0114297e+02   7.3860130e-24
   2.0160680e+02   7.3876930e-24
   2.0207171e+02   7.3893746e-24
   2.0253769e+02   7.3910577e-24
   2.0300474e+02   7.3927424e-24
   2.0347287e+02   7.3944287e-24
   2.0394208e+02   7.3961167e-24
   2.0441237e+02   7.3978064e-24
   2.0488375e+02   7.3994978e-24
   2.0535621e+02   7.4011911e-24
   2.0582977e+02   7.4028862e-24
   2.0630441e+02   7.4045831e-24
   2.0678015e+02   7.4062820e-24
   2.0725699e+02   7.4079828e-24
   2.0773492e+02   7.4096856e-24
   2.0821396e+02   7.4113905e-24
   2.0869411e+02   7.4130974e-24
   2.0917536e+02   7.4148064e-24
   2.0965772e+02   7.4165176e-24
   2.1014119e+02   7.4182309e-24
   2.1062578e+02   7.4199466e-24
   2.1111148e+02   7.4216644e-24
   2.1159831e+02   7.4233846e-24
   2.1208625e+02   7.4251072e-24
   2.1257533e+02   7.4268321e-24
   2.1306553e+02   7.4285595e-24
   2.1355686e+02   7.4302893e-24
   2.1404932e+02   7.4320217e-24
   2.1454292e+02   7.4337566e-24
   2.1503766e+02   7.4354941e-24
   2.1553354e+02   7.4372343e-24
   2.1603056e+02   7.4389771e-24
   2.1652873e+02   7.4407226e-24
   2.1702804e+02   7.4424709e-24
   2.1752851e+02   7.4442220e-24
   2.1803013e+02   7.4459760e-24
   2.1853291e+02   7.4477328e-24
   2.1903685e+02   7.4494925e-24
   2.1954195e+02   7.4512552e-24
   2.2004822e+02   7.4530209e-24
   2.2055565e+02   7.4547897e-24
   2.2106425e+02   7.4565615e-24
   2.2157403e+02   7.4583365e-24
   2.2208498e+02   7.4601146e-24
   2.2259711e+02   7.4618959e-24
   2.2311042e+02   7.4636805e-24
   2.2362491e+02   7.4654683e-24
   2.2414060e+02   7.4672595e-24
   2.2465747e+02   7.4690541e-24
   2.2517553e+02   7.4708521e-24
   2.2569478e+02   7.4726535e-24
   2.2621524e+02   7.4744584e-24
   2.2673689e+02   7.4762669e-24
   2.2725975e+02   7.4780789e-24
   2.2778381e+02   7.4798945e-24
   2.2830908e+02   7.4817138e-24
   2.2883556e+02   7.4835368e-24
   2.2936326e+02   7.4853636e-24
   2.2989217e+02   7.4871941e-24
   2.3042231e+02   7.4890285e-24
   2.3095366e+02   7.4908667e-24
   2.3148624e+02   7.4927088e-24
   2.3202005e+02   7.4945549e-24
   2.3255509e+02   7.4964050e-24
   2.3309137e+02   7.4982591e-24
   2.3362888e+02   7.5001173e-24
   2.3416763e+02   7.5019796e-24
   2.3470762e+02   7.5038460e-24
   2.3524886e+02   7.5057167e-24
   2.3579134e+02   7.5075916e-24
   2.3633508e+02   7.5094708e-24
   2.3688007e+02   7.5113543e-24
   2.3742632e+02   7.5132421e-24
   2.3797382e+02   7.5151344e-24
   2.3852259e+02   7.5170312e-24
   2.3907263e+02   7.5189324e-24
   2.3962393e+02   7.5208382e-24
   2.4017651e+02   7.5227485e-24
   2.4073036e+02   7.5246635e-24
   2.4128548e+02   7.5265832e-24
   2.4184189e+02   7.5285075e-24
   2.4239958e+02   7.5304366e-24
   2.4295855e+02   7.5323705e-24
   2.4351882e+02   7.5343092e-24
   2.4408037e+02   7.5362529e-24
   2.4464322e+02   7.5382014e-24
   2.4520737e+02   7.5401549e-24
   2.4577282e+02   7.5421134e-24
   2.4633958e+02   7.5440769e-24
   2.4690764e+02   7.5460456e-24
   2.4747701e+02   7.5480194e-24
   2.4804769e+02   7.5499983e-24
   2.4861969e+02   7.5519825e-24
   2.4919301e+02   7.5539720e-24
   2.4976765e+02   7.5559667e-24
   2.5034362e+02   7.5579669e-24
   2.5092091e+02   7.5599724e-24
   2.5149954e+02   7.5619833e-24
   2.5207950e+02   7.5639998e-24
   2.5266080e+02   7.5660217e-24
   2.5324343e+02   7.5680493e-24
   2.5382742e+02   7.5700824e-24
   2.5441274e+02   7.5721212e-24
   2.5499942e+02   7.5741657e-24
   2.5558745e+02   7.5762160e-24
   2.5617684e+02   7.5782721e-24
   2.5676758e+02   7.5803340e-24
   2.5735969e+02   7.5824017e-24
   2.5795317e+02   7.5844754e-24
   2.5854801e+02   7.5865551e-24
   2.5914422e+02   7.5886408e-24
   2.5974181e+02   7.5907325e-24
   2.6034078e+02   7.5928303e-24
   2.6094112e+02   7.5949343e-24
   2.6154286e+02   7.5970445e-24
   2.6214598e+02   7.5991609e-24
   2.6275049e+02   7.6012836e-24
   2.6335639e+02   7.6034127e-24
   2.6396369e+02   7.6055480e-24
   2.6457240e+02   7.6076899e-24
   2.6518250e+02   7.6098381e-24
   2.6579401e+02   7.6119929e-24
   2.6640694e+02   7.6141543e-24
   2.6702127e+02   7.6163222e-24
   2.6763703e+02   7.6184968e-24
   2.6825420e+02   7.6206781e-24
   2.6887280e+02   7.6228661e-24
   2.6949282e+02   7.6250608e-24
   2.7011427e+02   7.6272625e-24
   2.7073716e+02   7.6294709e-24
   2.7136148e+02   7.6316864e-24
   2.7198724e+02   7.6339087e-24
   2.7261444e+02   7.6361381e-24
   2.7324310e+02   7.6383746e-24
   2.7387320e+02   7.6406181e-24
   2.7450475e+02   7.6428688e-24
   2.7513776e+02   7.6451267e-24
   2.7577223e+02   7.6473918e-24
   2.7640816e+02   7.6496643e-24
   2.7704556e+02   7.6519440e-24
   2.7768443e+02   7.6542312e-24
   2.7832477e+02   7.6565257e-24
   2.7896659e+02   7.6588278e-24
   2.7960989e+02   7.6611374e-24
   2.8025467e+02   7.6634546e-24
   2.8090094e+02   7.6657793e-24
   2.8154870e+02   7.6681118e-24
   2.8219796e+02   7.6704519e-24
   2.8284871e+02   7.6727999e-24
   2.8350096e+02   7.6751556e-24
   2.8415471e+02   7.6775192e-24
   2.8480998e+02   7.6798907e-24
   2.8546675e+02   7.6822701e-24
   2.8612504e+02   7.6846576e-24
   2.8678485e+02   7.6870531e-24
   2.8744617e+02   7.6894567e-24
   2.8810903e+02   7.6918684e-24
   2.8877341e+02   7.6942884e-24
   2.8943932e+02   7.6967166e-24
   2.9010677e+02   7.6991531e-24
   2.9077576e+02   7.7015979e-24
   2.9144629e+02   7.7040511e-24
   2.9211837e+02   7.7065127e-24
   2.9279200e+02   7.7089829e-24
   2.9346718e+02   7.7114616e-24
   2.9414391e+02   7.7139488e-24
   2.9482221e+02   7.7164447e-24
   2.9550207e+02   7.7189493e-24
   2.9618350e+02   7.7214626e-24
   2.9686651e+02   7.7239847e-24
   2.9755108e+02   7.7265157e-24
   2.9823724e+02   7.7290555e-24
   2.9892498e+02   7.7316043e-24
   2.9961430e+02   7.7341620e-24
   3.0030521e+02   7.7367288e-24
   3.0099772e+02   7.7393046e-24
   3.0169182e+02   7.7418896e-24
   3.0238752e+02   7.7444838e-24
   3.0308483e+02   7.7470872e-24
   3.0378375e+02   7.7496999e-24
   3.0448428e+02   7.7523220e-24
   3.0518642e+02   7.7549534e-24
   3.0589018e+02   7.7575943e-24
   3.0659557e+02   7.7602447e-24
   3.0730258e+02   7.7629046e-24
   3.0801122e+02   7.7655741e-24
   3.0872150e+02   7.7682532e-24
   3.0943341e+02   7.7709420e-24
   3.1014697e+02   7.7736406e-24
   3.1086217e+02   7.7763490e-24
   3.1157902e+02   7.7790673e-24
   3.1229752e+02   7.7817954e-24
   3.1301768e+02   7.7845335e-24
   3.1373950e+02   7.7872816e-24
   3.1446299e+02   7.7900398e-24
   3.1518814e+02   7.7928081e-24
   3.1591497e+02   7.7955865e-24
   3.1664347e+02   7.7983752e-24
   3.1737365e+02   7.8011741e-24
   3.1810552e+02   7.8039834e-24
   3.1883907e+02   7.8068030e-24
   3.1957432e+02   7.8096331e-24
   3.2031126e+02   7.8124737e-24
   3.2104990e+02   7.8153248e-24
   3.2179024e+02   7.8181864e-24
   3.2253229e+02   7.8210588e-24
   3.2327606e+02   7.8239418e-24
   3.2402153e+02   7.8268356e-24
   3.2476873e+02   7.8297402e-24
   3.2551765e+02   7.8326556e-24
   3.2626829e+02   7.8355820e-24
   3.2702067e+02   7.8385193e-24
   3.2777478e+02   7.8414676e-24
   3.2853063e+02   7.8444271e-24
   3.2928823e+02   7.8473976e-24
   3.3004757e+02   7.8503794e-24
   3.3080866e+02   7.8533724e-24
   3.3157151e+02   7.8563767e-24
   3.3233612e+02   7.8593923e-24
   3.3310249e+02   7.8624194e-24
   3.3387062e+02   7.8654579e-24
   3.3464053e+02   7.8685079e-24
   3.3541221e+02   7.8715696e-24
   3.3618568e+02   7.8746428e-24
   3.3696092e+02   7.8777277e-24
   3.3773796e+02   7.8808244e-24
   3.3851679e+02   7.8839329e-24
   3.3929741e+02   7.8870532e-24
   3.4007983e+02   7.8901855e-24
   3.4086406e+02   7.8933297e-24
   3.4165009e+02   7.8964859e-24
   3.4243794e+02   7.8996542e-24
   3.4322760e+02   7.9028347e-24
   3.4401909e+02   7.9060274e-24
   3.4481240e+02   7.9092323e-24
   3.4560754e+02   7.9124495e-24
   3.4640451e+02   7.9156791e-24
   3.4720333e+02   7.9189211e-24
   3.4800398e+02   7.9221756e-24
   3.4880648e+02   7.9254427e-24
   3.4961083e+02   7.9287223e-24
   3.5041703e+02   7.9320147e-24
   3.5122510e+02   7.9353197e-24
   3.5203503e+02   7.9386375e-24
   3.5284682e+02   7.9419681e-24
   3.5366049e+02   7.9453117e-24
   3.5447603e+02   7.9486682e-24
   3.5529346e+02   7.9520377e-24
   3.5611277e+02   7.9554202e-24
   3.5693397e+02   7.9588159e-24
   3.5775706e+02   7.9622248e-24
   3.5858205e+02   7.9656470e-24
   3.5940894e+02   7.9690824e-24
   3.6023774e+02   7.9725313e-24
   3.6106845e+02   7.9759935e-24
   3.6190108e+02   7.9794693e-24
   3.6273563e+02   7.9829585e-24
   3.6357210e+02   7.9864614e-24
   3.6441050e+02   7.9899780e-24
   3.6525083e+02   7.9935083e-24
   3.6609310e+02   7.9970524e-24
   3.6693731e+02   8.0006104e-24
   3.6778347e+02   8.0041822e-24
   3.6863159e+02   8.0077681e-24
   3.6948165e+02   8.0113680e-24
   3.7033368e+02   8.0149819e-24
   3.7118767e+02   8.0186101e-24
   3.7204364e+02   8.0222525e-24
   3.7290157e+02   8.0259091e-24
   3.7376148e+02   8.0295801e-24
   3.7462338e+02   8.0332655e-24
   3.7548727e+02   8.0369654e-24
   3.7635314e+02   8.0406798e-24
   3.7722102e+02   8.0444088e-24
   3.7809089e+02   8.0481525e-24
   3.7896277e+02   8.0519109e-24
   3.7983666e+02   8.0556841e-24
   3.8071257e+02   8.0594722e-24
   3.8159049e+02   8.0632751e-24
   3.8247044e+02   8.0670931e-24
   3.8335242e+02   8.0709261e-24
   3.8423644e+02   8.0747742e-24
   3.8512249e+02   8.0786374e-24
   3.8601059e+02   8.0825159e-24
   3.8690073e+02   8.0864097e-24
   3.8779292e+02   8.0903189e-24
   3.8868718e+02   8.0942435e-24
   3.8958349e+02   8.0981836e-24
   3.9048188e+02   8.1021393e-24
   3.9138233e+02   8.1061106e-24
   3.9228486e+02   8.1100975e-24
   3.9318947e+02   8.1141003e-24
   3.9409617e+02   8.1181189e-24
   3.9500496e+02   8.1221533e-24
   3.9591584e+02   8.1262037e-24
   3.9682883e+02   8.1302702e-24
   3.9774392e+02   8.1343527e-24
   3.9866112e+02   8.1384514e-24
   3.9958044e+02   8.1425664e-24
   4.0050187e+02   8.1466976e-24
   4.0142543e+02   8.1508452e-24
   4.0235112e+02   8.1550092e-24
   4.0327895e+02   8.1591897e-24
   4.0420891e+02   8.1633868e-24
   4.0514102e+02   8.1676005e-24
   4.0607528e+02   8.1718309e-24
   4.0701169e+02   8.1760781e-24
   4.0795026e+02   8.1803422e-24
   4.0889100e+02   8.1846231e-24
   4.0983390e+02   8.1889211e-24
   4.1077898e+02   8.1932361e-24
   4.1172624e+02   8.1975682e-24
   4.1267569e+02   8.2019175e-24
   4.1362732e+02   8.2062841e-24
   4.1458115e+02   8.2106681e-24
   4.1553718e+02   8.2150694e-24
   4.1649541e+02   8.2194883e-24
   4.1745585e+02   8.2239247e-24
   4.1841851e+02   8.2283787e-24
   4.1938338e+02   8.2328504e-24
   4.2035048e+02   8.2373400e-24
   4.2131982e+02   8.2418474e-24
   4.2229138e+02   8.2463727e-24
   4.2326519e+02   8.2509160e-24
   4.2424124e+02   8.2554774e-24
   4.2521955e+02   8.2600570e-24
   4.2620010e+02   8.2646549e-24
   4.2718293e+02   8.2692711e-24
   4.2816801e+02   8.2739056e-24
   4.2915537e+02   8.2785587e-24
   4.3014501e+02   8.2832304e-24
   4.3113692e+02   8.2879207e-24
   4.3213113e+02   8.2926298e-24
   4.3312763e+02   8.2973577e-24
   4.3412642e+02   8.3021045e-24
   4.3512752e+02   8.3068704e-24
   4.3613093e+02   8.3116554e-24
   4.3713665e+02   8.3164596e-24
   4.3814469e+02   8.3212832e-24
   4.3915506e+02   8.3261261e-24
   4.4016775e+02   8.3309887e-24
   4.4118278e+02   8.3358709e-24
   4.4220015e+02   8.3407728e-24
   4.4321987e+02   8.3456947e-24
   4.4424194e+02   8.3506367e-24
   4.4526636e+02   8.3555989e-24
   4.4629315e+02   8.3605814e-24
   4.4732231e+02   8.3655845e-24
   4.4835383e+02   8.3706084e-24
   4.4938774e+02   8.3756532e-24
   4.5042403e+02   8.3807192e-24
   4.5146271e+02   8.3858067e-24
   4.5250379e+02   8.3909159e-24
   4.5354727e+02   8.3960474e-24
   4.5459315e+02   8.4012013e-24
   4.5564145e+02   8.4063784e-24
   4.5669216e+02   8.4115790e-24
   4.5774529e+02   8.4168041e-24
   4.5880086e+02   8.4220543e-24
   4.5985886e+02   8.4273309e-24
   4.6091930e+02   8.4326351e-24
   4.6198218e+02   8.4379688e-24
   4.6304751e+02   8.4433343e-24
   4.6411530e+02   8.4487345e-24
   4.6518556e+02   8.4541737e-24
   4.6625828e+02   8.4596577e-24
   4.6733347e+02   8.4651945e-24
   4.6841115e+02   8.4707964e-24
   4.6949131e+02   8.4764815e-24
   4.7057396e+02   8.4822788e-24
   4.7165911e+02   8.4882363e-24
   4.7274676e+02   8.4944385e-24
   4.7383691e+02   8.5010457e-24
   4.7492958e+02   8.5083938e-24
   4.7602478e+02   8.5172889e-24
   4.7712249e+02   8.5300967e-24
   4.7822274e+02   8.5565164e-24
   4.7932553e+02   8.6777646e-24
   4.8043085e+02   4.1361310e-23
   4.8153873e+02   8.6644036e-24
   4.8264916e+02   8.5747563e-24
   4.8376216e+02   8.5620850e-24
   4.8487772e+02   8.5613169e-24
   4.8599585e+02   8.5640538e-24
   4.8711656e+02   8.5681911e-24
   4.8823985e+02   8.5730028e-24
   4.8936574e+02   8.5781845e-24
   4.9049422e+02   8.5835907e-24
   4.9162530e+02   8.5891447e-24
   4.9275899e+02   8.5948031e-24
   4.9389530e+02   8.6005399e-24
   4.9503423e+02   8.6063386e-24
   4.9617578e+02   8.6121885e-24
   4.9731996e+02   8.6180824e-24
   4.9846679e+02   8.6240153e-24
   4.9961626e+02   8.6299837e-24
   5.0076837e+02   8.6359850e-24
   5.0192315e+02   8.6420172e-24
   5.0308059e+02   8.6480791e-24
   5.0424070e+02   8.6541696e-24
   5.0540348e+02   8.6602878e-24
   5.0656894e+02   8.6664331e-24
   5.0773710e+02   8.6726051e-24
   5.0890794e+02   8.6788035e-24
   5.1008149e+02   8.6850280e-24
   5.1125774e+02   8.6912782e-24
   5.1243670e+02   8.6975542e-24
   5.1361839e+02   8.7038558e-24
   5.1480279e+02   8.7101829e-24
   5.1598993e+02   8.7165354e-24
   5.1717981e+02   8.7229133e-24
   5.1837243e+02   8.7293166e-24
   5.1956780e+02   8.7357454e-24
   5.2076593e+02   8.7421995e-24
   5.2196682e+02   8.7486791e-24
   5.2317048e+02   8.7551841e-24
   5.2437691e+02   8.7617147e-24
   5.2558613e+02   8.7682708e-24
   5.2679814e+02   8.7748525e-24
   5.2801294e+02   8.7814598e-24
   5.2923054e+02   8.7880928e-24
   5.3045095e+02   8.7947517e-24
   5.3167417e+02   8.8014363e-24
   5.3290022e+02   8.8081469e-24
   5.3412909e+02   8.8148834e-24
   5.3536079e+02   8.8216460e-24
   5.3659534e+02   8.8284347e-24
   5.3783273e+02   8.8352496e-24
   5.3907298e+02   8.8420908e-24
   5.4031609e+02   8.8489583e-24
   5.4156206e+02   8.8558522e-24
   5.4281090e+02   8.8627727e-24
   5.4406263e+02   8.8697197e-24
   5.4531724e+02   8.8766934e-24
   5.4657475e+02   8.8836938e-24
   5.4783515e+02   8.8907211e-24
   5.4909847e+02   8.8977752e-24
   5.5036469e+02   8.9048564e-24
   5.5163384e+02   8.9119646e-24
   5.5290591e+02   8.9191001e-24
   5.5418091e+02   8.9262627e-24
   5.5545886e+02   8.9334527e-24
   5.5673975e+02   8.9406702e-24
   5.5802360e+02   8.9479151e-24
   5.5931040e+02   8.9551876e-24
   5.6060018e+02   8.9624879e-24
   5.6189293e+02   8.9698159e-24
   5.6318866e+02   8.9771717e-24
   5.6448737e+02   8.9845555e-24
   5.6578909e+02   8.9919673e-24
   5.6709380e+02   8.9994073e-24
   5.6840152e+02   9.0068755e-24
   5.6971226e+02   9.0143720e-24
   5.7102602e+02   9.0218968e-24
   5.7234281e+02   9.0294502e-24
   5.7366264e+02   9.0370321e-24
   5.7498551e+02   9.0446427e-24
   5.7631143e+02   9.0522821e-24
   5.7764041e+02   9.0599503e-24
   5.7897245e+02   9.0676474e-24
   5.8030757e+02   9.0753736e-24
   5.8164576e+02   9.0831288e-24
   5.8298704e+02   9.0909133e-24
   5.8433141e+02   9.0987271e-24
   5.8567889e+02   9.1065703e-24
   5.8702947e+02   9.1144430e-24
   5.8838316e+02   9.1223452e-24
   5.8973998e+02   9.1302771e-24
   5.9109992e+02   9.1382388e-24
   5.9246300e+02   9.1462304e-24
   5.9382923e+02   9.1542519e-24
   5.9519860e+02   9.1623034e-24
   5.9657113e+02   9.1703851e-24
   5.9794683e+02   9.1784970e-24
   5.9932570e+02   9.1866392e-24
   6.0070775e+02   9.1948119e-24
   6.0209299e+02   9.2030150e-24
   6.0348142e+02   9.2112488e-24
   6.0487305e+02   9.2195133e-24
   6.0626789e+02   9.2278085e-24
   6.0766595e+02   9.2361347e-24
   6.0906723e+02   9.2444918e-24
   6.1047175e+02   9.2528800e-24
   6.1187950e+02   9.2612994e-24
   6.1329050e+02   9.2697501e-24
   6.1470475e+02   9.2782322e-24
   6.1612226e+02   9.2867457e-24
   6.1754305e+02   9.2952907e-24
   6.1896711e+02   9.3038675e-24
   6.2039445e+02   9.3124759e-24
   6.2182508e+02   9.3211163e-24
   6.2325902e+02   9.3297885e-24
   6.2469626e+02   9.3384928e-24
   6.2613681e+02   9.3472293e-24
   6.2758069e+02   9.3559980e-24
   6.2902789e+02   9.3647990e-24
   6.3047844e+02   9.3736325e-24
   6.3193232e+02   9.3824985e-24
   6.3338957e+02   9.3913971e-24
   6.3485017e+02   9.4003284e-24
   6.3631414e+02   9.4092926e-24
   6.3778148e+02   9.4182897e-24
   6.3925221e+02   9.4273198e-24
   6.4072633e+02   9.4363830e-24
   6.4220385e+02   9.4454794e-24
   6.4368478e+02   9.4546092e-24
   6.4516912e+02   9.4637724e-24
   6.4665688e+02   9.4729690e-24
   6.4814808e+02   9.4821993e-24
   6.4964271e+02   9.4914634e-24
   6.5114080e+02   9.5007612e-24
   6.5264233e+02   9.5100929e-24
   6.5414733e+02   9.5194587e-24
   6.5565580e+02   9.5288586e-24
   6.5716775e+02   9.5382927e-24
   6.5868318e+02   9.5477610e-24
   6.6020211e+02   9.5572639e-24
   6.6172454e+02   9.5668012e-24
   6.6325048e+02   9.5763731e-24
   6.6477994e+02   9.5859798e-24
   6.6631293e+02   9.5956213e-24
   6.6784945e+02   9.6052977e-24
   6.6938952e+02   9.6150091e-24
   6.7093314e+02   9.6247557e-24
   6.7248031e+02   9.6345375e-24
   6.7403106e+02   9.6443546e-24
   6.7558538e+02   9.6542071e-24
   6.7714328e+02   9.6640952e-24
   6.7870478e+02   9.6740189e-24
   6.8026988e+02   9.6839783e-24
   6.8183859e+02   9.6939736e-24
   6.8341091e+02   9.7040048e-24
   6.8498686e+02   9.7140721e-24
   6.8656645e+02   9.7241755e-24
   6.8814967e+02   9.7343152e-24
   6.8973655e+02   9.7444912e-24
   6.9132709e+02   9.7547037e-24
   6.9292130e+02   9.7649527e-24
   6.9451918e+02   9.7752385e-24
   6.9612074e+02   9.7855610e-24
   6.9772600e+02   9.7959203e-24
   6.9933497e+02   9.8063167e-24
   7.0094764e+02   9.8167501e-24
   7.0256403e+02   9.8272208e-24
   7.0418415e+02   9.8377287e-24
   7.0580800e+02   9.8482740e-24
   7.0743560e+02   9.8588569e-24
   7.0906695e+02   9.8694773e-24
   7.1070206e+02   9.8801355e-24
   7.1234095e+02   9.8908315e-24
   7.1398361e+02   9.9015654e-24
   7.1563006e+02   9.9123373e-24
   7.1728031e+02   9.9231474e-24
   7.1893437e+02   9.9339958e-24
   7.2059223e+02   9.9448824e-24
   7.2225393e+02   9.9558076e-24
   7.2391945e+02   9.9667713e-24
   7.2558881e+02   9.9777737e-24
   7.2726203e+02   9.9888149e-24
   7.2893910e+02   9.9998950e-24
   7.3062004e+02   1.0011014e-23
   7.3230485e+02   1.0022172e-23
   7.3399355e+02   1.0033370e-23
   7.3568615e+02   1.0044606e-23
   7.3738265e+02   1.0055882e-23
   7.3908306e+02   1.0067198e-23
   7.4078739e+02   1.0078553e-23
   7.4249565e+02   1.0089948e-23
   7.4420785e+02   1.0101383e-23
   7.4592400e+02   1.0112858e-23
   7.4764410e+02   1.0124373e-23
   7.4936818e+02   1.0135928e-23
   7.5109623e+02   1.0147524e-23
   7.5282826e+02   1.0159160e-23
   7.5456429e+02   1.0170836e-23
   7.5630432e+02   1.0182553e-23
   7.5804836e+02   1.0194311e-23
   7.5979643e+02   1.0206109e-23
   7.6154852e+02   1.0217949e-23
   7.6330466e+02   1.0229829e-23
   7.6506485e+02   1.0241751e-23
   7.6682909e+02   1.0253714e-23
   7.6859741e+02   1.0265719e-23
   7.7036980e+02   1.0277765e-23
   7.7214628e+02   1.0289852e-23
   7.7392685e+02   1.0301981e-23
   7.7571153e+02   1.0314153e-23
   7.7750033e+02   1.0326366e-23
   7.7929325e+02   1.0338621e-23
   7.8109031e+02   1.0350918e-23
   7.8289151e+02   1.0363258e-23
   7.8469686e+02   1.0375640e-23
   7.8650638e+02   1.0388064e-23
   7.8832007e+02   1.0400532e-23
   7.9013794e+02   1.0413041e-23
   7.9196000e+02   1.0425594e-23
   7.9378627e+02   1.0438190e-23
   7.9561675e+02   1.0450829e-23
   7.9745144e+02   1.0463511e-23
   7.9929037e+02   1.0476236e-23
   8.0113354e+02   1.0489005e-23
   8.0298096e+02   1.0501817e-23
   8.0483264e+02   1.0514673e-23
   8.0668859e+02   1.0527572e-23
   8.0854882e+02   1.0540516e-23
   8.1041334e+02   1.0553503e-23
   8.1228216e+02   1.0566535e-23
   8.1415529e+02   1.0579611e-23
   8.1603274e+02   1.0592731e-23
   8.1791452e+02   1.0605896e-23
   8.1980064e+02   1.0619105e-23
   8.2169110e+02   1.0632359e-23
   8.2358593e+02   1.0645657e-23
   8.2548512e+02   1.0659001e-23
   8.2738870e+02   1.0672389e-23
   8.2929666e+02   1.0685823e-23
   8.3120903e+02   1.0699302e-23
   8.3312580e+02   1.0712826e-23
   8.3504700e+02   1.0726396e-23
   8.3697262e+02   1.0740011e-23
   8.3890269e+02   1.0753673e-23
   8.4083720e+02   1.0767379e-23
   8.4277618e+02   1.0781132e-23
   8.4471963e+02   1.0794931e-23
   8.4666756e+02   1.0808777e-23
   8.4861998e+02   1.0822668e-23
   8.5057690e+02   1.0836606e-23
   8.5253834e+02   1.0850590e-23
   8.5450430e+02   1.0864622e-23
   8.5647479e+02   1.0878699e-23
   8.5844983e+02   1.0892824e-23
   8.6042942e+02   1.0906996e-23
   8.6241358e+02   1.0921215e-23
   8.6440231e+02   1.0935481e-23
   8.6639563e+02   1.0949795e-23
   8.6839354e+02   1.0964156e-23
   8.7039607e+02   1.0978564e-23
   8.7240321e+02   1.0993021e-23
   8.7441498e+02   1.1007525e-23
   8.7643138e+02   1.1022077e-23
   8.7845244e+02   1.1036677e-23
   8.8047816e+02   1.1051326e-23
   8.8250855e+02   1.1066023e-23
   8.8454362e+02   1.1080768e-23
   8.8658338e+02   1.1095562e-23
   8.8862785e+02   1.1110405e-23
   8.9067703e+02   1.1125296e-23
   8.9273094e+02   1.1140236e-23
   8.9478959e+02   1.1155226e-23
   8.9685298e+02   1.1170264e-23
   8.9892113e+02   1.1185352e-23
   9.0099405e+02   1.1200489e-23
   9.0307175e+02   1.1215676e-23
   9.0515424e+02   1.1230913e-23
   9.0724153e+02   1.1246199e-23
   9.0933364e+02   1.1261535e-23
   9.1143057e+02   1.1276922e-23
   9.1353233e+02   1.1292358e-23
   9.1563894e+02   1.1307845e-23
   9.1775041e+02   1.1323382e-23
   9.1986675e+02   1.1338970e-23
   9.2198797e+02   1.1354609e-23
   9.2411408e+02   1.1370298e-23
   9.2624510e+02   1.1386039e-23
   9.2838103e+02   1.1401831e-23
   9.3052188e+02   1.1417674e-23
   9.3266767e+02   1.1433569e-23
   9.3481841e+02   1.1449515e-23
   9.3697411e+02   1.1465514e-23
   9.3913478e+02   1.1481565e-23
   9.4130043e+02   1.1497669e-23
   9.4347108e+02   1.1513826e-23
   9.4564673e+02   1.1530039e-23
   9.4782740e+02   1.1546309e-23
   9.5001309e+02   1.1562641e-23
   9.5220383e+02   1.1579047e-23
   9.5439962e+02   1.1595559e-23
   9.5660047e+02   1.1612319e-23
   9.5880640e+02   1.1630638e-23
   9.6101742e+02   1.1794455e-23
   9.6323353e+02   1.1662967e-23
   9.6545475e+02   1.1678586e-23
   9.6768110e+02   1.1695099e-23
   9.6991258e+02   1.1711804e-23
   9.7214920e+02   1.1728604e-23
   9.7439099e+02   1.1745474e-23
   9.7663794e+02   1.1762407e-23
   9.7889008e+02   1.1779397e-23
   9.8114740e+02   1.1796444e-23
   9.8340994e+02   1.1813547e-23
   9.8567769e+02   1.1830705e-23
   9.8795067e+02   1.1847919e-23
   9.9022889e+02   1.1865187e-23
   9.9251237e+02   1.1882510e-23
   9.9480111e+02   1.1899888e-23
   9.9709513e+02   1.1917322e-23
   9.9939443e+02   1.1934811e-23
   1.0016990e+03   1.1952355e-23
   1.0040090e+03   1.1969954e-23
   1.0063242e+03   1.1987609e-23
   1.0086448e+03   1.2005320e-23
   1.0109708e+03   1.2023086e-23
   1.0133021e+03   1.2040909e-23
   1.0156387e+03   1.2058787e-23
   1.0179808e+03   1.2076721e-23
   1.0203283e+03   1.2094712e-23
   1.0226812e+03   1.2112759e-23
   1.0250395e+03   1.2130863e-23
   1.0274032e+03   1.2149023e-23
   1.0297724e+03   1.2167240e-23
   1.0321471e+03   1.2185514e-23
   1.0345272e+03   1.2203845e-23
   1.0369129e+03   1.2222233e-23
   1.0393040e+03   1.2240679e-23
   1.0417006e+03   1.2259182e-23
   1.0441028e+03   1.2277742e-23
   1.0465105e+03   1.2296360e-23
   1.0489238e+03   1.2315036e-23
   1.0513426e+03   1.2333770e-23
   1.0537670e+03   1.2352562e-23
   1.0561970e+03   1.2371413e-23
   1.0586326e+03   1.2390322e-23
   1.0610738e+03   1.2409289e-23
   1.0635207e+03   1.2428315e-23
   1.0659731e+03   1.2447399e-23
   1.0684313e+03   1.2466543e-23
   1.0708951e+03   1.2485745e-23
   1.0733646e+03   1.2505007e-23
   1.0758398e+03   1.2524328e-23
   1.0783207e+03   1.2543709e-23
   1.0808073e+03   1.2563149e-23
   1.0832996e+03   1.2582649e-23
   1.0857977e+03   1.2602208e-23
   1.0883016e+03   1.2621828e-23
   1.0908112e+03   1.2641508e-23
   1.0933266e+03   1.2661248e-23
   1.0958479e+03   1.2681048e-23
   1.0983749e+03   1.2700910e-23
   1.1009078e+03   1.2720831e-23
   1.1034465e+03   1.2740814e-23
   1.1059910e+03   1.2760857e-23
   1.1085414e+03   1.2780962e-23
   1.1110977e+03   1.2801128e-23
   1.1136599e+03   1.2821355e-23
   1.1162281e+03   1.2841644e-23
   1.1188021e+03   1.2861994e-23
   1.1213820e+03   1.2882406e-23
   1.1239680e+03   1.2902880e-23
   1.1265598e+03   1.2923417e-23
   1.1291577e+03   1.2944015e-23
   1.1317615e+03   1.2964676e-23
   1.1343714e+03   1.2985399e-23
   1.1369873e+03   1.3006185e-23
   1.1396092e+03   1.3027034e-23
   1.1422371e+03   1.3047945e-23
   1.1448711e+03   1.3068920e-23
   1.1475112e+03   1.3089958e-23
   1.1501574e+03   1.3111059e-23
   1.1528096e+03   1.3132224e-23
   1.1554680e+03   1.3153452e-23
   1.1581325e+03   1.3174744e-23
   1.1608032e+03   1.3196100e-23
   1.1634800e+03   1.3217520e-23
   1.1661630e+03   1.3239004e-23
   1.1688522e+03   1.3260553e-23
   1.1715476e+03   1.3282166e-23
   1.1742492e+03   1.3303844e-23
   1.1769570e+03   1.3325586e-23
   1.1796711e+03   1.3347393e-23
   1.1823914e+03   1.3369266e-23
   1.1851180e+03   1.3391204e-23
   1.1878509e+03   1.3413207e-23
   1.1905901e+03   1.3435275e-23
   1.1933356e+03   1.3457409e-23
   1.1960875e+03   1.3479609e-23
   1.1988456e+03   1.3501875e-23
   1.2016102e+03   1.3524207e-23
   1.2043811e+03   1.3546606e-23
   1.2071584e+03   1.3569070e-23
   1.2099421e+03   1.3591601e-23
   1.2127323e+03   1.3614199e-23
   1.2155288e+03   1.3636864e-23
   1.2183319e+03   1.3659595e-23
   1.2211413e+03   1.3682394e-23
   1.2239573e+03   1.3705260e-23
   1.2267798e+03   1.3728194e-23
   1.2296087e+03   1.3751195e-23
   1.2324442e+03   1.3774263e-23
   1.2352862e+03   1.3797400e-23
   1.2381348e+03   1.3820604e-23
   1.2409900e+03   1.3843877e-23
   1.2438517e+03   1.3867218e-23
   1.2467200e+03   1.3890628e-23
   1.2495950e+03   1.3914106e-23
   1.2524766e+03   1.3937653e-23
   1.2553648e+03   1.3961269e-23
   1.2582597e+03   1.3984953e-23
   1.2611612e+03   1.4008708e-23
   1.2640695e+03   1.4032531e-23
   1.2669844e+03   1.4056424e-23
   1.2699061e+03   1.4080387e-23
   1.2728345e+03   1.4104419e-23
   1.2757697e+03   1.4128522e-23
   1.2787116e+03   1.4152694e-23
   1.2816603e+03   1.4176937e-23
   1.2846158e+03   1.4201251e-23
   1.2875782e+03   1.4225635e-23
   1.2905473e+03   1.4250089e-23
   1.2935233e+03   1.4274615e-23
   1.2965062e+03   1.4299212e-23
   1.2994960e+03   1.4323879e-23
   1.3024926e+03   1.4348619e-23
   1.3054962e+03   1.4373430e-23
   1.3085067e+03   1.4398312e-23
   1.3115241e+03   1.4423266e-23
   1.3145485e+03   1.4448293e-23
   1.3175798e+03   1.4473391e-23
   1.3206182e+03   1.4498562e-23
   1.3236635e+03   1.4523805e-23
   1.3267159e+03   1.4549121e-23
   1.3297753e+03   1.4574510e-23
   1.3328418e+03   1.4599971e-23
   1.3359154e+03   1.4625506e-23
   1.3389960e+03   1.4651114e-23
   1.3420837e+03   1.4676796e-23
   1.3451786e+03   1.4702551e-23
   1.3482806e+03   1.4728379e-23
   1.3513897e+03   1.4754282e-23
   1.3545060e+03   1.4780259e-23
   1.3576295e+03   1.4806310e-23
   1.3607602e+03   1.4832435e-23
   1.3638982e+03   1.4858635e-23
   1.3670433e+03   1.4884909e-23
   1.3701957e+03   1.4911259e-23
   1.3733554e+03   1.4937683e-23
   1.3765224e+03   1.4964183e-23
   1.3796966e+03   1.4990758e-23
   1.3828782e+03   1.5017409e-23
   1.3860672e+03   1.5044135e-23
   1.3892634e+03   1.5070937e-23
   1.3924671e+03   1.5097815e-23
   1.3956781e+03   1.5124769e-23
   1.3988966e+03   1.5151800e-23
   1.4021224e+03   1.5178907e-23
   1.4053558e+03   1.5206091e-23
   1.4085965e+03   1.5233352e-23
   1.4118448e+03   1.5260690e-23
   1.4151005e+03   1.5288105e-23
   1.4183637e+03   1.5315598e-23
   1.4216345e+03   1.5343169e-23
   1.4249128e+03   1.5370817e-23
   1.4281986e+03   1.5398546e-23
   1.4314921e+03   1.5426356e-23
   1.4347931e+03   1.5454257e-23
   1.4381017e+03   1.5482336e-23
   1.4414180e+03   1.5531969e-23
   1.4447419e+03   1.5538447e-23
   1.4480735e+03   1.5566561e-23
   1.4514128e+03   1.5594819e-23
   1.4547598e+03   1.5623167e-23
   1.4581144e+03   1.5651597e-23
   1.4614769e+03   1.5680109e-23
   1.4648470e+03   1.5708700e-23
   1.4682250e+03   1.5737372e-23
   1.4716107e+03   1.5766124e-23
   1.4750043e+03   1.5794956e-23
   1.4784056e+03   1.5823869e-23
   1.4818149e+03   1.5852862e-23
   1.4852319e+03   1.5881936e-23
   1.4886569e+03   1.5911091e-23
   1.4920897e+03   1.5940327e-23
   1.4955305e+03   1.5969644e-23
   1.4989792e+03   1.5999043e-23
   1.5024359e+03   1.6028523e-23
   1.5059005e+03   1.6058086e-23
   1.5093731e+03   1.6087730e-23
   1.5128538e+03   1.6117456e-23
   1.5163424e+03   1.6147265e-23
   1.5198391e+03   1.6177156e-23
   1.5233439e+03   1.6207129e-23
   1.5268567e+03   1.6237186e-23
   1.5303776e+03   1.6267325e-23
   1.5339067e+03   1.6297548e-23
   1.5374439e+03   1.6327854e-23
   1.5409893e+03   1.6358244e-23
   1.5445428e+03   1.6388717e-23
   1.5481045e+03   1.6419274e-23
   1.5516745e+03   1.6449916e-23
   1.5552526e+03   1.6480641e-23
   1.5588391e+03   1.6511451e-23
   1.5624338e+03   1.6542346e-23
   1.5660367e+03   1.6573326e-23
   1.5696480e+03   1.6604390e-23
   1.5732677e+03   1.6635540e-23
   1.5768956e+03   1.6666775e-23
   1.5805320e+03   1.6698095e-23
   1.5841767e+03   1.6729502e-23
   1.5878298e+03   1.6760994e-23
   1.5914913e+03   1.6792572e-23
   1.5951613e+03   1.6824236e-23
   1.5988398e+03   1.6855987e-23
   1.6025267e+03   1.6887825e-23
   1.6062222e+03   1.6919749e-23
   1.6099261e+03   1.6951761e-23
   1.6136386e+03   1.6983859e-23
   1.6173597e+03   1.7016045e-23
   1.6210893e+03   1.7048319e-23
   1.6248276e+03   1.7080680e-23
   1.6285744e+03   1.7113130e-23
   1.6323300e+03   1.7145667e-23
   1.6360941e+03   1.7178293e-23
   1.6398670e+03   1.7211007e-23
   1.6436485e+03   1.7243810e-23
   1.6474388e+03   1.7276701e-23
   1.6512378e+03   1.7309682e-23
   1.6550456e+03   1.7342752e-23
   1.6588621e+03   1.7375912e-23
   1.6626874e+03   1.7409161e-23
   1.6665216e+03   1.7442500e-23
   1.6703646e+03   1.7475929e-23
   1.6742165e+03   1.7509449e-23
   1.6780773e+03   1.7543058e-23
   1.6819469e+03   1.7576759e-23
   1.6858255e+03   1.7610550e-23
   1.6897130e+03   1.7644432e-23
   1.6936095e+03   1.7678405e-23
   1.6975150e+03   1.7712470e-23
   1.7014295e+03   1.7746626e-23
   1.7053530e+03   1.7780874e-23
   1.7092855e+03   1.7815214e-23
   1.7132272e+03   1.7849646e-23
   1.7171779e+03   1.7884171e-23
   1.7211377e+03   1.7918788e-23
   1.7251067e+03   1.7953498e-23
   1.7290848e+03   1.7988301e-23
   1.7330721e+03   1.8023197e-23
   1.7370685e+03   1.8058186e-23
   1.7410742e+03   1.8093269e-23
   1.7450892e+03   1.8128445e-23
   1.7491133e+03   1.8163716e-23
   1.7531468e+03   1.8199081e-23
   1.7571896e+03   1.8234540e-23
   1.7612417e+03   1.8270093e-23
   1.7653031e+03   1.8305742e-23
   1.7693739e+03   1.8341485e-23
   1.7734541e+03   1.8377323e-23
   1.7775437e+03   1.8413257e-23
   1.7816427e+03   1.8449287e-23
   1.7857512e+03   1.8485412e-23
   1.7898692e+03   1.8521633e-23
   1.7939966e+03   1.8557950e-23
   1.7981336e+03   1.8594364e-23
   1.8022801e+03   1.8630875e-23
   1.8064362e+03   1.8667482e-23
   1.8106018e+03   1.8704186e-23
   1.8147771e+03   1.8740987e-23
   1.8189620e+03   1.8777886e-23
   1.8231565e+03   1.8814882e-23
   1.8273607e+03   1.8851977e-23
   1.8315746e+03   1.8889169e-23
   1.8357983e+03   1.8926459e-23
   1.8400316e+03   1.8963848e-23
   1.8442748e+03   1.9001336e-23
   1.8485277e+03   1.9038923e-23
   1.8527904e+03   1.9076608e-23
   1.8570629e+03   1.9114393e-23
   1.8613453e+03   1.9152278e-23
   1.8656376e+03   1.9190262e-23
   1.8699398e+03   1.9228346e-23
   1.8742519e+03   1.9266530e-23
   1.8785739e+03   1.9304815e-23
   1.8829059e+03   1.9343201e-23
   1.8872479e+03   1.9381687e-23
   1.8915999e+03   1.9420274e-23
   1.8959620e+03   1.9458962e-23
   1.9003341e+03   1.9497752e-23
   1.9047163e+03   1.9536644e-23
   1.9091086e+03   1.9575639e-23
   1.9135110e+03   1.9614738e-23
   1.9179235e+03   1.9653959e-23
   1.9223463e+03   1.9693838e-23
   1.9267792e+03   1.9732647e-23
   1.9312224e+03   1.9772143e-23
   1.9356758e+03   1.9811750e-23
   1.9401395e+03   1.9851462e-23
   1.9446135e+03   1.9891278e-23
   1.9490978e+03   1.9931198e-23
   1.9535924e+03   1.9971222e-23
   1.9580974e+03   2.0011350e-23
   1.9626128e+03   2.0051583e-23
   1.9671386e+03   2.0091921e-23
   1.9716748e+03   2.0132364e-23
   1.9762215e+03   2.0172912e-23
   1.9807787e+03   2.0213565e-23
   1.9853464e+03   2.0254324e-23
   1.9899246e+03   2.0295189e-23
   1.9945134e+03   2.0336160e-23
   1.9991128e+03   2.0377238e-23
   2.0037227e+03   2.0418421e-23
   2.0083433e+03   2.0459712e-23
   2.0129746e+03   2.0501110e-23
   2.0176165e+03   2.0542615e-23
   2.0222692e+03   2.0584227e-23
   2.0269325e+03   2.0625948e-23
   2.0316067e+03   2.0667776e-23
   2.0362916e+03   2.0709712e-23
   2.0409873e+03   2.0751757e-23
   2.0456938e+03   2.0793910e-23
   2.0504112e+03   2.0836172e-23
   2.0551394e+03   2.0878544e-23
   2.0598786e+03   2.0921024e-23
   2.0646287e+03   2.0963615e-23
   2.0693898e+03   2.1006315e-23
   2.0741618e+03   2.1049125e-23
   2.0789448e+03   2.1092045e-23
   2.0837389e+03   2.1135076e-23
   2.0885440e+03   2.1178217e-23
   2.0933602e+03   2.1221470e-23
   2.0981875e+03   2.1264834e-23
   2.1030259e+03   2.1308309e-23
   2.1078755e+03   2.1351896e-23
   2.1127363e+03   2.1395595e-23
   2.1176083e+03   2.1439406e-23
   2.1224915e+03   2.1483329e-23
   2.1273860e+03   2.1527366e-23
   2.1322918e+03   2.1571515e-23
   2.1372088e+03   2.1615777e-23
   2.1421373e+03   2.1660152e-23
   2.1470771e+03   2.1704642e-23
   2.1520282e+03   2.1749245e-23
   2.1569908e+03   2.1793962e-23
   2.1619649e+03   2.1838794e-23
   2.1669504e+03   2.1883740e-23
   2.1719474e+03   2.1928801e-23
   2.1769559e+03   2.1973977e-23
   2.1819760e+03   2.2019269e-23
   2.1870076e+03   2.2064676e-23
   2.1920509e+03   2.2110199e-23
   2.1971058e+03   2.2155838e-23
   2.2021723e+03   2.2201594e-23
   2.2072505e+03   2.2247466e-23
   2.2123405e+03   2.2293455e-23
   2.2174421e+03   2.2339561e-23
   2.2225556e+03   2.2385784e-23
   2.2276808e+03   2.2432125e-23
   2.2328179e+03   2.2478584e-23
   2.2379668e+03   2.2525161e-23
   2.2431275e+03   2.2571856e-23
   2.2483002e+03   2.2618670e-23
   2.2534848e+03   2.2665603e-23
   2.2586814e+03   2.2712655e-23
   2.2638899e+03   2.2759827e-23
   2.2691104e+03   2.2807118e-23
   2.2743430e+03   2.2854529e-23
   2.2795877e+03   2.2902060e-23
   2.2848444e+03   2.2949712e-23
   2.2901133e+03   2.2997484e-23
   2.2953943e+03   2.3045377e-23
   2.3006875e+03   2.3093392e-23
   2.3059929e+03   2.3141528e-23
   2.3113105e+03   2.3189785e-23
   2.3166404e+03   2.3238165e-23
   2.3219826e+03   2.3286667e-23
   2.3273371e+03   2.3335291e-23
   2.3327040e+03   2.3384038e-23
   2.3380832e+03   2.3432909e-23
   2.3434749e+03   2.3481902e-23
   2.3488789e+03   2.3531019e-23
   2.3542955e+03   2.3580260e-23
   2.3597245e+03   2.3629626e-23
   2.3651660e+03   2.3679115e-23
   2.3706201e+03   2.3728729e-23
   2.3760868e+03   2.3778469e-23
   2.3815661e+03   2.3828333e-23
   2.3870580e+03   2.3878323e-23
   2.3925626e+03   2.3928440e-23
   2.3980798e+03   2.3978689e-23
   2.4036098e+03   2.4029097e-23
   2.4091526e+03   2.4079545e-23
   2.4147081e+03   2.4130164e-23
   2.4202764e+03   2.4180912e-23
   2.4258576e+03   2.4231787e-23
   2.4314516e+03   2.4282791e-23
   2.4370586e+03   2.4333922e-23
   2.4426785e+03   2.4385181e-23
   2.4483113e+03   2.4436569e-23
   2.4539571e+03   2.4488086e-23
   2.4596160e+03   2.4539732e-23
   2.4652879e+03   2.4591507e-23
   2.4709728e+03   2.4643412e-23
   2.4766709e+03   2.4695447e-23
   2.4823821e+03   2.4747611e-23
   2.4881065e+03   2.4799907e-23
   2.4938441e+03   2.4852333e-23
   2.4995949e+03   2.4904890e-23
   2.5053590e+03   2.4957578e-23
   2.5111364e+03   2.5010398e-23
   2.5169271e+03   2.5063350e-23
   2.5227312e+03   2.5116434e-23
   2.5285486e+03   2.5169650e-23
   2.5343794e+03   2.5222999e-23
   2.5402237e+03   2.5276481e-23
   2.5460815e+03   2.5330097e-23
   2.5519528e+03   2.5383846e-23
   2.5578376e+03   2.5437729e-23
   2.5637360e+03   2.5491746e-23
   2.5696480e+03   2.5545898e-23
   2.5755736e+03   2.5600184e-23
   2.5815129e+03   2.5654606e-23
   2.5874659e+03   2.5709162e-23
   2.5934326e+03   2.5763855e-23
   2.5994131e+03   2.5818683e-23
   2.6054074e+03   2.5873648e-23
   2.6114155e+03   2.5928749e-23
   2.6174374e+03   2.5983987e-23
   2.6234732e+03   2.6039362e-23
   2.6295230e+03   2.6094875e-23
   2.6355867e+03   2.6150525e-23
   2.6416644e+03   2.6206314e-23
   2.6477561e+03   2.6262240e-23
   2.6538618e+03   2.6318306e-23
   2.6599816e+03   2.6374510e-23
   2.6661156e+03   2.6430853e-23
   2.6722637e+03   2.6487336e-23
   2.6784259e+03   2.6543959e-23
   2.6846024e+03   2.6600722e-23
   2.6907931e+03   2.6657626e-23
   2.6969981e+03   2.6714670e-23
   2.7032174e+03   2.6771855e-23
   2.7094510e+03   2.6829182e-23
   2.7156991e+03   2.6886650e-23
   2.7219615e+03   2.6944261e-23
   2.7282383e+03   2.7002013e-23
   2.7345297e+03   2.7059909e-23
   2.7408355e+03   2.7117947e-23
   2.7471559e+03   2.7176128e-23
   2.7534909e+03   2.7234453e-23
   2.7598405e+03   2.7292922e-23
   2.7662047e+03   2.7351535e-23
   2.7725836e+03   2.7410293e-23
   2.7789772e+03   2.7469195e-23
   2.7853855e+03   2.7528243e-23
   2.7918086e+03   2.7587436e-23
   2.7982465e+03   2.7646774e-23
   2.8046993e+03   2.7706259e-23
   2.8111670e+03   2.7765890e-23
   2.8176496e+03   2.7825668e-23
   2.8241471e+03   2.7885593e-23
   2.8306596e+03   2.7945666e-23
   2.8371871e+03   2.8005886e-23
   2.8437297e+03   2.8066254e-23
   2.8502873e+03   2.8126770e-23
   2.8568601e+03   2.8187435e-23
   2.8634481e+03   2.8248249e-23
   2.8700512e+03   2.8309213e-23
   2.8766696e+03   2.8370327e-23
   2.8833032e+03   2.8431651e-23
   2.8899521e+03   2.8493002e-23
   2.8966164e+03   2.8554565e-23
   2.9032960e+03   2.8616280e-23
   2.9099910e+03   2.8678146e-23
   2.9167015e+03   2.8740164e-23
   2.9234274e+03   2.8802333e-23
   2.9301688e+03   2.8864655e-23
   2.9369258e+03   2.8927130e-23
   2.9436984e+03   2.8989757e-23
   2.9504866e+03   2.9052538e-23
   2.9572904e+03   2.9115473e-23
   2.9641100e+03   2.9178561e-23
   2.9709452e+03   2.9241804e-23
   2.9777963e+03   2.9305201e-23
   2.9846631e+03   2.9368754e-23
   2.9915457e+03   2.9432461e-23
   2.9984443e+03   2.9496324e-23
   3.0053587e+03   2.9560344e-23
   3.0122891e+03   2.9624519e-23
   3.0192354e+03   2.9688852e-23
   3.0261978e+03   2.9753341e-23
   3.0331763e+03   2.9817988e-23
   3.0401708e+03   2.9882793e-23
   3.0471814e+03   2.9947755e-23
   3.0542083e+03   3.0012876e-23
   3.0612513e+03   3.0078156e-23
   3.0683106e+03   3.0143595e-23
   3.0753861e+03   3.0209193e-23
   3.0824780e+03   3.0274951e-23
   3.0895862e+03   3.0340870e-23
   3.0967108e+03   3.0406949e-23
   3.1038518e+03   3.0473188e-23
   3.1110093e+03   3.0539589e-23
   3.1181833e+03   3.0606152e-23
   3.1253739e+03   3.0672877e-23
   3.1325810e+03   3.0739764e-23
   3.1398048e+03   3.0806813e-23
   3.1470452e+03   3.0874026e-23
   3.1543023e+03   3.0941402e-23
   3.1615762e+03   3.1008941e-23
   3.1688668e+03   3.1076645e-23
   3.1761742e+03   3.1144513e-23
   3.1834985e+03   3.1212546e-23
   3.1908397e+03   3.1280745e-23
   3.1981978e+03   3.1349108e-23
   3.2055728e+03   3.1417638e-23
   3.2129649e+03   3.1486334e-23
   3.2203740e+03   3.1555197e-23
   3.2278002e+03   3.1624226e-23
   3.2352436e+03   3.1693424e-23
   3.2427041e+03   3.1762788e-23
   3.2501818e+03   3.1832321e-23
   3.2576767e+03   3.1902023e-23
   3.2651889e+03   3.1971893e-23
   3.2727185e+03   3.2041933e-23
   3.2802654e+03   3.2112142e-23
   3.2878297e+03   3.2182521e-23
   3.2954115e+03   3.2253071e-23
   3.3030107e+03   3.2323791e-23
   3.3106275e+03   3.2394683e-23
   3.3182618e+03   3.2465746e-23
   3.3259138e+03   3.2536981e-23
   3.3335833e+03   3.2608388e-23
   3.3412706e+03   3.2679968e-23
   3.3489756e+03   3.2751721e-23
   3.3566984e+03   3.2823648e-23
   3.3644389e+03   3.2895757e-23
   3.3721974e+03   3.2968021e-23
   3.3799737e+03   3.3040470e-23
   3.3877679e+03   3.3113094e-23
   3.3955801e+03   3.3185893e-23
   3.4034104e+03   3.3258867e-23
   3.4112587e+03   3.3332018e-23
   3.4191251e+03   3.3405346e-23
   3.4270096e+03   3.3478850e-23
   3.4349123e+03   3.3552532e-23
   3.4428332e+03   3.3626391e-23
   3.4507724e+03   3.3700429e-23
   3.4587299e+03   3.3774645e-23
   3.4667058e+03   3.3849039e-23
   3.4747000e+03   3.3923613e-23
   3.4827127e+03   3.3998367e-23
   3.4907439e+03   3.4073301e-23
   3.4987936e+03   3.4148415e-23
   3.5068618e+03   3.4223710e-23
   3.5149487e+03   3.4299187e-23
   3.5230542e+03   3.4374845e-23
   3.5311784e+03   3.4450685e-23
   3.5393213e+03   3.4526708e-23
   3.5474830e+03   3.4602913e-23
   3.5556635e+03   3.4679302e-23
   3.5638629e+03   3.4755874e-23
   3.5720812e+03   3.4832631e-23
   3.5803184e+03   3.4909572e-23
   3.5885747e+03   3.4986698e-23
   3.5968500e+03   3.5064010e-23
   3.6051443e+03   3.5141507e-23
   3.6134578e+03   3.5219190e-23
   3.6217905e+03   3.5297060e-23
   3.6301424e+03   3.5375117e-23
   3.6385135e+03   3.5453361e-23
   3.6469039e+03   3.5531793e-23
   3.6553137e+03   3.5610414e-23
   3.6637429e+03   3.5689223e-23
   3.6721915e+03   3.5768221e-23
   3.6806596e+03   3.5847408e-23
   3.6891472e+03   3.5926786e-23
   3.6976544e+03   3.6006354e-23
   3.7061813e+03   3.6086112e-23
   3.7147277e+03   3.6166062e-23
   3.7232939e+03   3.6246204e-23
   3.7318799e+03   3.6326537e-23
   3.7404856e+03   3.6407063e-23
   3.7491112e+03   3.6487782e-23
   3.7577567e+03   3.6568695e-23
   3.7664221e+03   3.6649801e-23
   3.7751075e+03   3.6731101e-23
   3.7838129e+03   3.6812596e-23
   3.7925384e+03   3.6894286e-23
   3.8012841e+03   3.6976171e-23
   3.8100498e+03   3.7058252e-23
   3.8188359e+03   3.7140530e-23
   3.8276421e+03   3.7223005e-23
   3.8364687e+03   3.7305677e-23
   3.8453156e+03   3.7388549e-23
   3.8541829e+03   3.7471614e-23
   3.8630707e+03   3.7554880e-23
   3.8719790e+03   3.7638345e-23
   3.8809078e+03   3.7722010e-23
   3.8898572e+03   3.7805875e-23
   3.8988272e+03   3.7889940e-23
   3.9078180e+03   3.7974205e-23
   3.9168294e+03   3.8058672e-23
   3.9258617e+03   3.8143341e-23
   3.9349147e+03   3.8228212e-23
   3.9439887e+03   3.8313286e-23
   3.9530835e+03   3.8398562e-23
   3.9621994e+03   3.8484042e-23
   3.9713362e+03   3.8569726e-23
   3.9804942e+03   3.8655615e-23
   3.9896732e+03   3.8741708e-23
   3.9988734e+03   3.8828007e-23
   4.0080949e+03   3.8914511e-23
   4.0173376e+03   3.9001222e-23
   4.0266016e+03   3.9088139e-23
   4.0358870e+03   3.9175264e-23
   4.0451937e+03   3.9262596e-23
   4.0545220e+03   3.9350137e-23
   4.0638718e+03   3.9437886e-23
   4.0732431e+03   3.9525844e-23
   4.0826360e+03   3.9614011e-23
   4.0920506e+03   3.9702389e-23
   4.1014869e+03   3.9790977e-23
   4.1109450e+03   3.9879776e-23
   4.1204248e+03   3.9968786e-23
   4.1299266e+03   4.0058008e-23
   4.1394502e+03   4.0147443e-23
   4.1489958e+03   4.0237090e-23
   4.1585634e+03   4.0326951e-23
   4.1681531e+03   4.0417025e-23
   4.1777649e+03   4.0507314e-23
   4.1873988e+03   4.0597817e-23
   4.1970550e+03   4.0688536e-23
   4.2067335e+03   4.0779470e-23
   4.2164342e+03   4.0870621e-23
   4.2261574e+03   4.0961988e-23
   4.2359029e+03   4.1053572e-23
   4.2456709e+03   4.1145374e-23
   4.2554615e+03   4.1237394e-23
   4.2652746e+03   4.1329633e-23
   4.2751104e+03   4.1422091e-23
   4.2849688e+03   4.1514768e-23
   4.2948500e+03   4.1607665e-23
   4.3047539e+03   4.1700784e-23
   4.3146807e+03   4.1794123e-23
   4.3246304e+03   4.1887691e-23
   4.3346030e+03   4.1981466e-23
   4.3445987e+03   4.2075472e-23
   4.3546173e+03   4.2169700e-23
   4.3646591e+03   4.2264152e-23
   4.3747241e+03   4.2358828e-23
   4.3848122e+03   4.2453729e-23
   4.3949236e+03   4.2548855e-23
   4.4050583e+03   4.2644206e-23
   4.4152164e+03   4.2739784e-23
   4.4253980e+03   4.2835588e-23
   4.4356030e+03   4.2931619e-23
   4.4458315e+03   4.3027878e-23
   4.4560836e+03   4.3124365e-23
   4.4663594e+03   4.3221080e-23
   4.4766588e+03   4.3318025e-23
   4.4869821e+03   4.3415200e-23
   4.4973291e+03   4.3512604e-23
   4.5076999e+03   4.3610240e-23
   4.5180947e+03   4.3708106e-23
   4.5285135e+03   4.3806205e-23
   4.5389563e+03   4.3904535e-23
   4.5494231e+03   4.4003099e-23
   4.5599142e+03   4.4101895e-23
   4.5704294e+03   4.4200926e-23
   4.5809688e+03   4.4300191e-23
   4.5915325e+03   4.4399691e-23
   4.6021207e+03   4.4499426e-23
   4.6127332e+03   4.4599397e-23
   4.6233702e+03   4.4699605e-23
   4.6340317e+03   4.4800050e-23
   4.6447178e+03   4.4900732e-23
   4.6554286e+03   4.5001653e-23
   4.6661640e+03   4.5102812e-23
   4.6769242e+03   4.5204210e-23
   4.6877093e+03   4.5305848e-23
   4.6985192e+03   4.5407726e-23
   4.7093540e+03   4.5509845e-23
   4.7202138e+03   4.5612206e-23
   4.7310986e+03   4.5714808e-23
   4.7420086e+03   4.5817652e-23
   4.7529437e+03   4.5920740e-23
   4.7639040e+03   4.6024071e-23
   4.7748896e+03   4.6127646e-23
   4.7859005e+03   4.6231466e-23
   4.7969369e+03   4.6335531e-23
   4.8079986e+03   4.6439842e-23
   4.8190859e+03   4.6544398e-23
   4.8301988e+03   4.6649202e-23
   4.8413372e+03   4.6754253e-23
   4.8525014e+03   4.6859552e-23
   4.8636913e+03   4.6965100e-23
   4.8749070e+03   4.7070897e-23
   4.8861486e+03   4.7176943e-23
   4.8974161e+03   4.7283239e-23
   4.9087096e+03   4.7389787e-23
   4.9200291e+03   4.7496585e-23
   4.9313747e+03   4.7603636e-23
   4.9427465e+03   4.7710938e-23
   4.9541445e+03   4.7818494e-23
   4.9655688e+03   4.7926304e-23
   4.9770194e+03   4.8034367e-23
   4.9884965e+03   4.8142686e-23
   5.0000000e+03   4.8251260e-23
