   5.0000000e+00   2.7091554e-40
   5.0115300e+00   2.5733008e-40
   5.0230867e+00   2.4447857e-40
   5.0346699e+00   2.3232928e-40
   5.0462799e+00   2.2085580e-40
   5.0579167e+00   2.1002525e-40
   5.0695803e+00   1.9966544e-40
   5.0812708e+00   1.8904832e-40
   5.0929882e+00   1.7853530e-40
   5.1047327e+00   1.6957182e-40
   5.1165042e+00   1.6135352e-40
   5.1283029e+00   1.5352481e-40
   5.1401288e+00   1.4605891e-40
   5.1519820e+00   1.3894915e-40
   5.1638625e+00   1.3218571e-40
   5.1757704e+00   1.2575598e-40
   5.1877058e+00   1.1964584e-40
   5.1996687e+00   1.1384059e-40
   5.2116592e+00   1.0832560e-40
   5.2236773e+00   1.0308654e-40
   5.2357231e+00   9.8109583e-41
   5.2477968e+00   9.3381463e-41
   5.2598982e+00   8.8889502e-41
   5.2720276e+00   8.4621619e-41
   5.2841849e+00   8.0566327e-41
   5.2963703e+00   7.6712718e-41
   5.3085838e+00   7.3050441e-41
   5.3208254e+00   6.9569679e-41
   5.3330953e+00   6.6261126e-41
   5.3453934e+00   6.3115962e-41
   5.3577199e+00   6.0125830e-41
   5.3700749e+00   5.7282811e-41
   5.3824583e+00   5.4579402e-41
   5.3948703e+00   5.2008497e-41
   5.4073109e+00   4.9563361e-41
   5.4197802e+00   4.7237612e-41
   5.4322783e+00   4.5025205e-41
   5.4448051e+00   4.2920414e-41
   5.4573609e+00   4.0917807e-41
   5.4699456e+00   3.9012241e-41
   5.4825594e+00   3.7198838e-41
   5.4952022e+00   3.5472977e-41
   5.5078742e+00   3.3830276e-41
   5.5205754e+00   3.2266580e-41
   5.5333058e+00   3.0777950e-41
   5.5460657e+00   2.9360651e-41
   5.5588550e+00   2.8011140e-41
   5.5716737e+00   2.6726056e-41
   5.5845220e+00   2.5502213e-41
   5.5974000e+00   2.4336587e-41
   5.6103076e+00   2.3226307e-41
   5.6232451e+00   2.2168654e-41
   5.6362123e+00   2.1161042e-41
   5.6492094e+00   2.0201020e-41
   5.6622366e+00   1.9286260e-41
   5.6752937e+00   1.8414553e-41
   5.6883810e+00   1.7583802e-41
   5.7014985e+00   1.6792014e-41
   5.7146461e+00   1.6037298e-41
   5.7278242e+00   1.5317859e-41
   5.7410326e+00   1.4631990e-41
   5.7542714e+00   1.3978070e-41
   5.7675408e+00   1.3354560e-41
   5.7808408e+00   1.2759998e-41
   5.7941715e+00   1.2192993e-41
   5.8075329e+00   1.1652225e-41
   5.8209251e+00   1.1136438e-41
   5.8343482e+00   1.0644439e-41
   5.8478023e+00   1.0175095e-41
   5.8612873e+00   9.7273267e-42
   5.8748035e+00   9.3001095e-42
   5.8883508e+00   8.8924684e-42
   5.9019294e+00   8.5034767e-42
   5.9155393e+00   8.1322528e-42
   5.9291806e+00   7.7779583e-42
   5.9428533e+00   7.4397957e-42
   5.9565576e+00   7.1170062e-42
   5.9702935e+00   6.8088681e-42
   5.9840610e+00   6.5146945e-42
   5.9978603e+00   6.2338319e-42
   6.0116914e+00   5.9656582e-42
   6.0255544e+00   5.7095817e-42
   6.0394494e+00   5.4650389e-42
   6.0533764e+00   5.2314934e-42
   6.0673355e+00   5.0084347e-42
   6.0813269e+00   4.7953767e-42
   6.0953505e+00   4.5918565e-42
   6.1094064e+00   4.3974333e-42
   6.1234947e+00   4.2116875e-42
   6.1376155e+00   4.0342193e-42
   6.1517689e+00   3.8646479e-42
   6.1659550e+00   3.7026107e-42
   6.1801737e+00   3.5477621e-42
   6.1944252e+00   3.3997729e-42
   6.2087096e+00   3.2583296e-42
   6.2230269e+00   3.1231332e-42
   6.2373773e+00   2.9938990e-42
   6.2517607e+00   2.8703556e-42
   6.2661773e+00   2.7522444e-42
   6.2806272e+00   2.6393186e-42
   6.2951104e+00   2.5313434e-42
   6.3096269e+00   2.4280947e-42
   6.3241770e+00   2.3293588e-42
   6.3387606e+00   2.2349322e-42
   6.3533778e+00   2.1446205e-42
   6.3680288e+00   2.0582387e-42
   6.3827135e+00   1.9756102e-42
   6.3974321e+00   1.8965664e-42
   6.4121846e+00   1.8209468e-42
   6.4269711e+00   1.7485982e-42
   6.4417918e+00   1.6793743e-42
   6.4566466e+00   1.6131358e-42
   6.4715357e+00   1.5497496e-42
   6.4864591e+00   1.4890887e-42
   6.5014169e+00   1.4310321e-42
   6.5164092e+00   1.3754642e-42
   6.5314361e+00   1.3222746e-42
   6.5464977e+00   1.2713582e-42
   6.5615939e+00   1.2226145e-42
   6.5767250e+00   1.1759476e-42
   6.5918910e+00   1.1312659e-42
   6.6070920e+00   1.0884822e-42
   6.6223280e+00   1.0475129e-42
   6.6375991e+00   1.0082785e-42
   6.6529055e+00   9.7070292e-43
   6.6682471e+00   9.3471357e-43
   6.6836241e+00   9.0024114e-43
   6.6990366e+00   8.6721943e-43
   6.7144846e+00   8.3558523e-43
   6.7299683e+00   8.0527817e-43
   6.7454877e+00   7.7624060e-43
   6.7610428e+00   7.4841743e-43
   6.7766338e+00   7.2175606e-43
   6.7922608e+00   6.9620625e-43
   6.8079238e+00   6.7172000e-43
   6.8236229e+00   6.4825146e-43
   6.8393582e+00   6.2575680e-43
   6.8551299e+00   6.0419419e-43
   6.8709378e+00   5.8352363e-43
   6.8867823e+00   5.6370692e-43
   6.9026632e+00   5.4470753e-43
   6.9185808e+00   5.2649060e-43
   6.9345351e+00   5.0902278e-43
   6.9505262e+00   4.9227221e-43
   6.9665542e+00   4.7620846e-43
   6.9826191e+00   4.6080242e-43
   6.9987211e+00   4.4602630e-43
   7.0148602e+00   4.3185352e-43
   7.0310365e+00   4.1825869e-43
   7.0472502e+00   4.0521752e-43
   7.0635012e+00   3.9270683e-43
   7.0797897e+00   3.8070444e-43
   7.0961157e+00   3.6918917e-43
   7.1124794e+00   3.5814075e-43
   7.1288808e+00   3.4753983e-43
   7.1453201e+00   3.3736791e-43
   7.1617972e+00   3.2760731e-43
   7.1783124e+00   3.1824113e-43
   7.1948656e+00   3.0925323e-43
   7.2114571e+00   3.0062818e-43
   7.2280867e+00   2.9235123e-43
   7.2447548e+00   2.8440830e-43
   7.2614612e+00   2.7678592e-43
   7.2782062e+00   2.6947125e-43
   7.2949898e+00   2.6245200e-43
   7.3118121e+00   2.5571645e-43
   7.3286732e+00   2.4925340e-43
   7.3455732e+00   2.4305215e-43
   7.3625121e+00   2.3710251e-43
   7.3794901e+00   2.3139473e-43
   7.3965073e+00   2.2591953e-43
   7.4135637e+00   2.2066805e-43
   7.4306594e+00   2.1563184e-43
   7.4477946e+00   2.1080285e-43
   7.4649693e+00   2.0617342e-43
   7.4821835e+00   2.0173624e-43
   7.4994375e+00   1.9748437e-43
   7.5167313e+00   1.9341120e-43
   7.5340649e+00   1.8951048e-43
   7.5514385e+00   1.8577623e-43
   7.5688522e+00   1.8220281e-43
   7.5863060e+00   1.7878489e-43
   7.6038001e+00   1.7551739e-43
   7.6213345e+00   1.7239554e-43
   7.6389094e+00   1.6941484e-43
   7.6565248e+00   1.6657107e-43
   7.6741808e+00   1.6386024e-43
   7.6918775e+00   1.6127865e-43
   7.7096150e+00   1.5882283e-43
   7.7273934e+00   1.5648957e-43
   7.7452129e+00   1.5427590e-43
   7.7630734e+00   1.5217911e-43
   7.7809751e+00   1.5019671e-43
   7.7989181e+00   1.4832646e-43
   7.8169025e+00   1.4656639e-43
   7.8349283e+00   1.4491475e-43
   7.8529957e+00   1.4337004e-43
   7.8711048e+00   1.4193104e-43
   7.8892556e+00   1.4059676e-43
   7.9074483e+00   1.3936650e-43
   7.9256829e+00   1.3823983e-43
   7.9439596e+00   1.3721663e-43
   7.9622784e+00   1.3629705e-43
   7.9806395e+00   1.3548159e-43
   7.9990429e+00   1.3477106e-43
   8.0174888e+00   1.3416666e-43
   8.0359772e+00   1.3366996e-43
   8.0545082e+00   1.3328295e-43
   8.0730819e+00   1.3300806e-43
   8.0916985e+00   1.3284821e-43
   8.1103581e+00   1.3280685e-43
   8.1290606e+00   1.3288803e-43
   8.1478063e+00   1.3309643e-43
   8.1665952e+00   1.3343745e-43
   8.1854274e+00   1.3391727e-43
   8.2043031e+00   1.3454297e-43
   8.2232223e+00   1.3532263e-43
   8.2421851e+00   1.3626544e-43
   8.2611916e+00   1.3738186e-43
   8.2802420e+00   1.3868380e-43
   8.2993363e+00   1.4018482e-43
   8.3184746e+00   1.4190037e-43
   8.3376571e+00   1.4384806e-43
   8.3568838e+00   1.4604804e-43
   8.3761548e+00   1.4852336e-43
   8.3954703e+00   1.5130050e-43
   8.4148303e+00   1.5440990e-43
   8.4342350e+00   1.5788677e-43
   8.4536844e+00   1.6177185e-43
   8.4731786e+00   1.6611257e-43
   8.4927179e+00   1.7096431e-43
   8.5123021e+00   1.7639207e-43
   8.5319316e+00   1.8247251e-43
   8.5516063e+00   1.8929651e-43
   8.5713263e+00   1.9697252e-43
   8.5910919e+00   2.0563071e-43
   8.6109030e+00   2.1542845e-43
   8.6307598e+00   2.2655747e-43
   8.6506624e+00   2.3925323e-43
   8.6706109e+00   2.5380742e-43
   8.6906054e+00   2.7058576e-43
   8.7106460e+00   2.9005047e-43
   8.7307328e+00   3.1279387e-43
   8.7508660e+00   3.3958485e-43
   8.7710455e+00   3.7143657e-43
   8.7912716e+00   4.0970646e-43
   8.8115444e+00   4.5624791e-43
   8.8318638e+00   5.1364638e-43
   8.8522302e+00   5.8559844e-43
   8.8726435e+00   6.7754249e-43
   8.8931039e+00   7.9775229e-43
   8.9136114e+00   9.5932771e-43
   8.9341663e+00   1.1840373e-42
   8.9547686e+00   1.5102843e-42
   8.9754183e+00   2.0111704e-42
   8.9961157e+00   2.8404997e-42
   9.0168608e+00   4.3699199e-42
   9.0376538e+00   7.7027144e-42
   9.0584947e+00   1.7467384e-41
   9.0793836e+00   7.5110201e-41
   9.1003208e+00   8.0894428e-39
   9.1213062e+00   5.1127416e-41
   9.1423400e+00   1.3711809e-41
   9.1634223e+00   6.2503135e-42
   9.1845532e+00   3.6251531e-42
   9.2057328e+00   2.4977627e-42
   9.2269613e+00   2.1646742e-42
   9.2482388e+00   3.5621018e-42
   9.2695653e+00   1.5361911e-39
   9.2909410e+00   3.0760506e-42
   9.3123660e+00   1.1047882e-42
   9.3338403e+00   6.8031921e-43
   9.3553642e+00   4.9632929e-43
   9.3769378e+00   3.9022496e-43
   9.3985611e+00   3.1969471e-43
   9.4202342e+00   2.6890950e-43
   9.4419574e+00   2.3047466e-43
   9.4637306e+00   2.0038749e-43
   9.4855540e+00   1.7625009e-43
   9.5074278e+00   1.5651840e-43
   9.5293520e+00   1.4014403e-43
   9.5513267e+00   1.2638601e-43
   9.5733522e+00   1.1470410e-43
   9.5954284e+00   1.0469441e-43
   9.6175555e+00   9.6048785e-44
   9.6397337e+00   8.8528089e-44
   9.6619630e+00   8.1944014e-44
   9.6842435e+00   7.6146396e-44
   9.7065755e+00   7.1014163e-44
   9.7289589e+00   6.6448740e-44
   9.7513940e+00   6.2369163e-44
   9.7738808e+00   5.8708412e-44
   9.7964194e+00   5.5410599e-44
   9.8190100e+00   5.2428818e-44
   9.8416527e+00   4.9723464e-44
   9.8643477e+00   4.7260910e-44
   9.8870949e+00   4.5012451e-44
   9.9098946e+00   4.2953471e-44
   9.9327469e+00   4.1062766e-44
   9.9556519e+00   3.9321988e-44
   9.9786097e+00   3.7715205e-44
   1.0001620e+01   3.6228614e-44
   1.0024684e+01   3.4850550e-44
   1.0047801e+01   3.3569043e-44
   1.0070972e+01   3.2375140e-44
   1.0094195e+01   3.1260879e-44
   1.0117473e+01   3.0219084e-44
   1.0140804e+01   2.9243117e-44
   1.0164188e+01   2.8327096e-44
   1.0187627e+01   2.7465777e-44
   1.0211120e+01   2.6654494e-44
   1.0234667e+01   2.5889190e-44
   1.0258268e+01   2.5166110e-44
   1.0281924e+01   2.4481853e-44
   1.0305634e+01   2.3833355e-44
   1.0329399e+01   2.3217924e-44
   1.0353218e+01   2.2633081e-44
   1.0377093e+01   2.2076549e-44
   1.0401023e+01   2.1546258e-44
   1.0425007e+01   2.1040364e-44
   1.0449048e+01   2.0557183e-44
   1.0473143e+01   2.0095148e-44
   1.0497294e+01   1.9652824e-44
   1.0521501e+01   1.9228919e-44
   1.0545764e+01   1.8822257e-44
   1.0570082e+01   1.8431732e-44
   1.0594457e+01   1.8056329e-44
   1.0618888e+01   1.7695122e-44
   1.0643375e+01   1.7347270e-44
   1.0667919e+01   1.7011977e-44
   1.0692519e+01   1.6688510e-44
   1.0717176e+01   1.6376193e-44
   1.0741890e+01   1.6074411e-44
   1.0766661e+01   1.5782582e-44
   1.0791489e+01   1.5500165e-44
   1.0816374e+01   1.5226659e-44
   1.0841317e+01   1.4961607e-44
   1.0866317e+01   1.4704573e-44
   1.0891375e+01   1.4455153e-44
   1.0916491e+01   1.4212971e-44
   1.0941664e+01   1.3977680e-44
   1.0966896e+01   1.3748949e-44
   1.0992185e+01   1.3526472e-44
   1.1017533e+01   1.3309961e-44
   1.1042940e+01   1.3099148e-44
   1.1068405e+01   1.2893782e-44
   1.1093929e+01   1.2693624e-44
   1.1119512e+01   1.2498451e-44
   1.1145153e+01   1.2308056e-44
   1.1170854e+01   1.2122242e-44
   1.1196614e+01   1.1940821e-44
   1.1222434e+01   1.1763621e-44
   1.1248313e+01   1.1590476e-44
   1.1274251e+01   1.1421231e-44
   1.1300250e+01   1.1255738e-44
   1.1326308e+01   1.1093859e-44
   1.1352427e+01   1.0935462e-44
   1.1378606e+01   1.0780422e-44
   1.1404845e+01   1.0628622e-44
   1.1431144e+01   1.0479949e-44
   1.1457505e+01   1.0334298e-44
   1.1483926e+01   1.0191568e-44
   1.1510408e+01   1.0051661e-44
   1.1536951e+01   9.9144887e-45
   1.1563555e+01   9.7799630e-45
   1.1590221e+01   9.6480012e-45
   1.1616948e+01   9.5185246e-45
   1.1643737e+01   9.3914583e-45
   1.1670587e+01   9.2667306e-45
   1.1697500e+01   9.1442728e-45
   1.1724474e+01   9.0240197e-45
   1.1751511e+01   8.9059087e-45
   1.1778610e+01   8.7898799e-45
   1.1805772e+01   8.6758759e-45
   1.1832996e+01   8.5638420e-45
   1.1860283e+01   8.4537255e-45
   1.1887633e+01   8.3454759e-45
   1.1915046e+01   8.2390445e-45
   1.1942522e+01   8.1343851e-45
   1.1970061e+01   8.0314529e-45
   1.1997664e+01   7.9302047e-45
   1.2025331e+01   7.8305992e-45
   1.2053062e+01   7.7325967e-45
   1.2080856e+01   7.6361588e-45
   1.2108715e+01   7.5412483e-45
   1.2136637e+01   7.4478299e-45
   1.2164625e+01   7.3558690e-45
   1.2192676e+01   7.2653325e-45
   1.2220793e+01   7.1761883e-45
   1.2248974e+01   7.0884054e-45
   1.2277220e+01   7.0019541e-45
   1.2305532e+01   6.9168052e-45
   1.2333908e+01   6.8329308e-45
   1.2362350e+01   6.7503039e-45
   1.2390858e+01   6.6688981e-45
   1.2419431e+01   6.5886881e-45
   1.2448071e+01   6.5096492e-45
   1.2476776e+01   6.4317575e-45
   1.2505548e+01   6.3549899e-45
   1.2534386e+01   6.2793239e-45
   1.2563290e+01   6.2047377e-45
   1.2592261e+01   6.1312100e-45
   1.2621299e+01   6.0587203e-45
   1.2650404e+01   5.9872487e-45
   1.2679576e+01   5.9167755e-45
   1.2708815e+01   5.8472820e-45
   1.2738121e+01   5.7787498e-45
   1.2767496e+01   5.7111609e-45
   1.2796938e+01   5.6444980e-45
   1.2826447e+01   5.5787441e-45
   1.2856025e+01   5.5138826e-45
   1.2885671e+01   5.4498975e-45
   1.2915386e+01   5.3867731e-45
   1.2945169e+01   5.3244941e-45
   1.2975020e+01   5.2630457e-45
   1.3004941e+01   5.2024132e-45
   1.3034930e+01   5.1425826e-45
   1.3064989e+01   5.0835400e-45
   1.3095117e+01   5.0252719e-45
   1.3125314e+01   4.9677651e-45
   1.3155582e+01   4.9110067e-45
   1.3185918e+01   4.8549843e-45
   1.3216325e+01   4.7996855e-45
   1.3246802e+01   4.7450984e-45
   1.3277349e+01   4.6912112e-45
   1.3307967e+01   4.6380125e-45
   1.3338655e+01   4.5854912e-45
   1.3369414e+01   4.5336361e-45
   1.3400244e+01   4.4824367e-45
   1.3431145e+01   4.4318826e-45
   1.3462118e+01   4.3819633e-45
   1.3493162e+01   4.3326690e-45
   1.3524277e+01   4.2839899e-45
   1.3555464e+01   4.2359162e-45
   1.3586723e+01   4.1884387e-45
   1.3618054e+01   4.1415482e-45
   1.3649457e+01   4.0952356e-45
   1.3680933e+01   4.0494921e-45
   1.3712481e+01   4.0043092e-45
   1.3744103e+01   3.9596782e-45
   1.3775797e+01   3.9155910e-45
   1.3807564e+01   3.8720393e-45
   1.3839404e+01   3.8290153e-45
   1.3871318e+01   3.7865112e-45
   1.3903305e+01   3.7445192e-45
   1.3935366e+01   3.7030320e-45
   1.3967501e+01   3.6620420e-45
   1.3999710e+01   3.6215422e-45
   1.4031994e+01   3.5815254e-45
   1.4064352e+01   3.5419847e-45
   1.4096784e+01   3.5029132e-45
   1.4129292e+01   3.4643044e-45
   1.4161874e+01   3.4261517e-45
   1.4194531e+01   3.3884486e-45
   1.4227264e+01   3.3511887e-45
   1.4260072e+01   3.3143660e-45
   1.4292956e+01   3.2779743e-45
   1.4325916e+01   3.2420077e-45
   1.4358951e+01   3.2064602e-45
   1.4392063e+01   3.1713262e-45
   1.4425251e+01   3.1365999e-45
   1.4458516e+01   3.1022758e-45
   1.4491858e+01   3.0683485e-45
   1.4525276e+01   3.0348126e-45
   1.4558771e+01   3.0016627e-45
   1.4592344e+01   2.9688939e-45
   1.4625994e+01   2.9365009e-45
   1.4659722e+01   2.9044787e-45
   1.4693527e+01   2.8728225e-45
   1.4727410e+01   2.8415273e-45
   1.4761372e+01   2.8105886e-45
   1.4795412e+01   2.7800015e-45
   1.4829530e+01   2.7497616e-45
   1.4863727e+01   2.7198642e-45
   1.4898003e+01   2.6903049e-45
   1.4932358e+01   2.6610795e-45
   1.4966792e+01   2.6321835e-45
   1.5001306e+01   2.6036128e-45
   1.5035899e+01   2.5753632e-45
   1.5070572e+01   2.5474306e-45
   1.5105324e+01   2.5198110e-45
   1.5140157e+01   2.4925004e-45
   1.5175071e+01   2.4654950e-45
   1.5210065e+01   2.4387909e-45
   1.5245139e+01   2.4123843e-45
   1.5280295e+01   2.3862715e-45
   1.5315531e+01   2.3604489e-45
   1.5350849e+01   2.3349128e-45
   1.5386248e+01   2.3096598e-45
   1.5421729e+01   2.2846862e-45
   1.5457291e+01   2.2599888e-45
   1.5492936e+01   2.2355641e-45
   1.5528663e+01   2.2114087e-45
   1.5564472e+01   2.1875194e-45
   1.5600364e+01   2.1638930e-45
   1.5636338e+01   2.1405262e-45
   1.5672396e+01   2.1174160e-45
   1.5708537e+01   2.0945592e-45
   1.5744761e+01   2.0719528e-45
   1.5781068e+01   2.0495939e-45
   1.5817459e+01   2.0274793e-45
   1.5853935e+01   2.0056063e-45
   1.5890494e+01   1.9839719e-45
   1.5927137e+01   1.9625733e-45
   1.5963866e+01   1.9414078e-45
   1.6000678e+01   1.9204725e-45
   1.6037576e+01   1.8997649e-45
   1.6074559e+01   1.8792821e-45
   1.6111627e+01   1.8590215e-45
   1.6148780e+01   1.8389807e-45
   1.6186020e+01   1.8191569e-45
   1.6223345e+01   1.7995477e-45
   1.6260756e+01   1.7801506e-45
   1.6298253e+01   1.7609632e-45
   1.6335837e+01   1.7419829e-45
   1.6373508e+01   1.7232074e-45
   1.6411265e+01   1.7046344e-45
   1.6449110e+01   1.6862616e-45
   1.6487041e+01   1.6680866e-45
   1.6525061e+01   1.6501071e-45
   1.6563168e+01   1.6323210e-45
   1.6601362e+01   1.6147261e-45
   1.6639645e+01   1.5973201e-45
   1.6678016e+01   1.5801009e-45
   1.6716476e+01   1.5630665e-45
   1.6755024e+01   1.5462146e-45
   1.6793662e+01   1.5295433e-45
   1.6832388e+01   1.5130506e-45
   1.6871203e+01   1.4967344e-45
   1.6910109e+01   1.4805927e-45
   1.6949103e+01   1.4646236e-45
   1.6988188e+01   1.4488251e-45
   1.7027363e+01   1.4331954e-45
   1.7066628e+01   1.4177326e-45
   1.7105984e+01   1.4024348e-45
   1.7145431e+01   1.3873001e-45
   1.7184968e+01   1.3723269e-45
   1.7224597e+01   1.3575132e-45
   1.7264317e+01   1.3428573e-45
   1.7304128e+01   1.3283575e-45
   1.7344032e+01   1.3140120e-45
   1.7384027e+01   1.2998192e-45
   1.7424115e+01   1.2857774e-45
   1.7464295e+01   1.2718848e-45
   1.7504568e+01   1.2581400e-45
   1.7544934e+01   1.2445412e-45
   1.7585392e+01   1.2310869e-45
   1.7625945e+01   1.2177755e-45
   1.7666590e+01   1.2046054e-45
   1.7707329e+01   1.1915751e-45
   1.7748163e+01   1.1786831e-45
   1.7789090e+01   1.1659278e-45
   1.7830112e+01   1.1533079e-45
   1.7871228e+01   1.1408217e-45
   1.7912439e+01   1.1284679e-45
   1.7953746e+01   1.1162451e-45
   1.7995147e+01   1.1041518e-45
   1.8036644e+01   1.0921866e-45
   1.8078237e+01   1.0803482e-45
   1.8119925e+01   1.0686352e-45
   1.8161710e+01   1.0570462e-45
   1.8203591e+01   1.0455799e-45
   1.8245569e+01   1.0342350e-45
   1.8287643e+01   1.0230102e-45
   1.8329814e+01   1.0119042e-45
   1.8372083e+01   1.0009157e-45
   1.8414449e+01   9.9004354e-46
   1.8456913e+01   9.7928639e-46
   1.8499475e+01   9.6864306e-46
   1.8542135e+01   9.5811232e-46
   1.8584893e+01   9.4769298e-46
   1.8627750e+01   9.3738386e-46
   1.8670706e+01   9.2718378e-46
   1.8713761e+01   9.1709160e-46
   1.8756915e+01   9.0710615e-46
   1.8800168e+01   8.9722632e-46
   1.8843522e+01   8.8745098e-46
   1.8886975e+01   8.7777903e-46
   1.8930528e+01   8.6820938e-46
   1.8974182e+01   8.5874094e-46
   1.9017937e+01   8.4937265e-46
   1.9061792e+01   8.4010345e-46
   1.9105749e+01   8.3093229e-46
   1.9149807e+01   8.2185815e-46
   1.9193967e+01   8.1288001e-46
   1.9238228e+01   8.0399684e-46
   1.9282592e+01   7.9520766e-46
   1.9327057e+01   7.8651148e-46
   1.9371626e+01   7.7790733e-46
   1.9416297e+01   7.6939423e-46
   1.9461071e+01   7.6097123e-46
   1.9505948e+01   7.5263739e-46
   1.9550929e+01   7.4439178e-46
   1.9596014e+01   7.3623347e-46
   1.9641202e+01   7.2816155e-46
   1.9686495e+01   7.2017511e-46
   1.9731892e+01   7.1227328e-46
   1.9777394e+01   7.0445515e-46
   1.9823001e+01   6.9671986e-46
   1.9868713e+01   6.8906655e-46
   1.9914530e+01   6.8149435e-46
   1.9960454e+01   6.7400244e-46
   2.0006482e+01   6.6658996e-46
   2.0052618e+01   6.5925609e-46
   2.0098859e+01   6.5200002e-46
   2.0145207e+01   6.4482094e-46
   2.0191662e+01   6.3771804e-46
   2.0238224e+01   6.3069054e-46
   2.0284894e+01   6.2373766e-46
   2.0331671e+01   6.1685861e-46
   2.0378556e+01   6.1005263e-46
   2.0425549e+01   6.0331898e-46
   2.0472650e+01   5.9665688e-46
   2.0519861e+01   5.9006561e-46
   2.0567180e+01   5.8354444e-46
   2.0614608e+01   5.7709263e-46
   2.0662145e+01   5.7070946e-46
   2.0709792e+01   5.6439424e-46
   2.0757549e+01   5.5814625e-46
   2.0805416e+01   5.5196480e-46
   2.0853394e+01   5.4584921e-46
   2.0901482e+01   5.3979879e-46
   2.0949681e+01   5.3381287e-46
   2.0997991e+01   5.2789078e-46
   2.1046412e+01   5.2203187e-46
   2.1094945e+01   5.1623548e-46
   2.1143591e+01   5.1050097e-46
   2.1192348e+01   5.0482770e-46
   2.1241218e+01   4.9921504e-46
   2.1290200e+01   4.9366237e-46
   2.1339295e+01   4.8816907e-46
   2.1388504e+01   4.8273452e-46
   2.1437826e+01   4.7735812e-46
   2.1487262e+01   4.7203927e-46
   2.1536812e+01   4.6677739e-46
   2.1586476e+01   4.6157187e-46
   2.1636254e+01   4.5642216e-46
   2.1686148e+01   4.5132766e-46
   2.1736156e+01   4.4628781e-46
   2.1786280e+01   4.4130205e-46
   2.1836519e+01   4.3636983e-46
   2.1886874e+01   4.3149060e-46
   2.1937346e+01   4.2666380e-46
   2.1987933e+01   4.2188890e-46
   2.2038638e+01   4.1716537e-46
   2.2089459e+01   4.1249268e-46
   2.2140397e+01   4.0787031e-46
   2.2191453e+01   4.0329774e-46
   2.2242627e+01   3.9877446e-46
   2.2293919e+01   3.9429997e-46
   2.2345328e+01   3.8987376e-46
   2.2396857e+01   3.8549534e-46
   2.2448504e+01   3.8116421e-46
   2.2500271e+01   3.7687990e-46
   2.2552157e+01   3.7264192e-46
   2.2604162e+01   3.6844979e-46
   2.2656287e+01   3.6430306e-46
   2.2708533e+01   3.6020124e-46
   2.2760899e+01   3.5614388e-46
   2.2813386e+01   3.5213053e-46
   2.2865994e+01   3.4816073e-46
   2.2918723e+01   3.4423404e-46
   2.2971574e+01   3.4035001e-46
   2.3024546e+01   3.3650821e-46
   2.3077641e+01   3.3270820e-46
   2.3130858e+01   3.2894956e-46
   2.3184198e+01   3.2523186e-46
   2.3237661e+01   3.2155468e-46
   2.3291247e+01   3.1791761e-46
   2.3344957e+01   3.1432023e-46
   2.3398791e+01   3.1076214e-46
   2.3452748e+01   3.0724294e-46
   2.3506831e+01   3.0376222e-46
   2.3561038e+01   3.0031960e-46
   2.3615370e+01   2.9691468e-46
   2.3669827e+01   2.9354707e-46
   2.3724410e+01   2.9021640e-46
   2.3779118e+01   2.8692228e-46
   2.3833953e+01   2.8366433e-46
   2.3888914e+01   2.8044220e-46
   2.3944002e+01   2.7725551e-46
   2.3999217e+01   2.7410389e-46
   2.4054560e+01   2.7098700e-46
   2.4110030e+01   2.6790446e-46
   2.4165628e+01   2.6485593e-46
   2.4221354e+01   2.6184107e-46
   2.4277208e+01   2.5885952e-46
   2.4333192e+01   2.5591094e-46
   2.4389304e+01   2.5299500e-46
   2.4445546e+01   2.5011135e-46
   2.4501918e+01   2.4725968e-46
   2.4558420e+01   2.4443965e-46
   2.4615051e+01   2.4165093e-46
   2.4671814e+01   2.3889320e-46
   2.4728707e+01   2.3616616e-46
   2.4785732e+01   2.3346947e-46
   2.4842888e+01   2.3080283e-46
   2.4900176e+01   2.2816593e-46
   2.4957596e+01   2.2555847e-46
   2.5015148e+01   2.2298014e-46
   2.5072833e+01   2.2043064e-46
   2.5130652e+01   2.1790968e-46
   2.5188603e+01   2.1541697e-46
   2.5246688e+01   2.1295220e-46
   2.5304907e+01   2.1051510e-46
   2.5363261e+01   2.0810539e-46
   2.5421748e+01   2.0572277e-46
   2.5480371e+01   2.0336697e-46
   2.5539129e+01   2.0103772e-46
   2.5598023e+01   1.9873474e-46
   2.5657052e+01   1.9645776e-46
   2.5716217e+01   1.9420651e-46
   2.5775519e+01   1.9198073e-46
   2.5834957e+01   1.8978016e-46
   2.5894533e+01   1.8760453e-46
   2.5954246e+01   1.8545359e-46
   2.6014097e+01   1.8332709e-46
   2.6074085e+01   1.8122477e-46
   2.6134212e+01   1.7914638e-46
   2.6194478e+01   1.7709168e-46
   2.6254883e+01   1.7506042e-46
   2.6315427e+01   1.7305236e-46
   2.6376110e+01   1.7106726e-46
   2.6436934e+01   1.6910489e-46
   2.6497898e+01   1.6716500e-46
   2.6559002e+01   1.6524737e-46
   2.6620247e+01   1.6335176e-46
   2.6681634e+01   1.6147796e-46
   2.6743162e+01   1.5962572e-46
   2.6804832e+01   1.5779484e-46
   2.6866644e+01   1.5598508e-46
   2.6928599e+01   1.5419624e-46
   2.6990696e+01   1.5242809e-46
   2.7052937e+01   1.5068042e-46
   2.7115321e+01   1.4895301e-46
   2.7177849e+01   1.4724567e-46
   2.7240522e+01   1.4555817e-46
   2.7303338e+01   1.4389032e-46
   2.7366300e+01   1.4224190e-46
   2.7429407e+01   1.4061273e-46
   2.7492659e+01   1.3900259e-46
   2.7556058e+01   1.3741129e-46
   2.7619602e+01   1.3583864e-46
   2.7683293e+01   1.3428444e-46
   2.7747131e+01   1.3274850e-46
   2.7811116e+01   1.3123062e-46
   2.7875249e+01   1.2973063e-46
   2.7939529e+01   1.2824834e-46
   2.8003958e+01   1.2678355e-46
   2.8068536e+01   1.2533610e-46
   2.8133262e+01   1.2390579e-46
   2.8198137e+01   1.2249245e-46
   2.8263162e+01   1.2109590e-46
   2.8328338e+01   1.1971597e-46
   2.8393663e+01   1.1835249e-46
   2.8459139e+01   1.1700528e-46
   2.8524766e+01   1.1567416e-46
   2.8590544e+01   1.1435899e-46
   2.8656474e+01   1.1305958e-46
   2.8722556e+01   1.1177577e-46
   2.8788791e+01   1.1050740e-46
   2.8855178e+01   1.0925431e-46
   2.8921718e+01   1.0801633e-46
   2.8988412e+01   1.0679332e-46
   2.9055259e+01   1.0558510e-46
   2.9122261e+01   1.0439154e-46
   2.9189417e+01   1.0321246e-46
   2.9256728e+01   1.0204773e-46
   2.9324194e+01   1.0089719e-46
   2.9391816e+01   9.9760686e-47
   2.9459594e+01   9.8638078e-47
   2.9527528e+01   9.7529218e-47
   2.9595619e+01   9.6433961e-47
   2.9663866e+01   9.5352164e-47
   2.9732272e+01   9.4283684e-47
   2.9800834e+01   9.3228381e-47
   2.9869555e+01   9.2186117e-47
   2.9938435e+01   9.1156753e-47
   3.0007473e+01   9.0140154e-47
   3.0076670e+01   8.9136185e-47
   3.0146028e+01   8.8144712e-47
   3.0215544e+01   8.7165603e-47
   3.0285222e+01   8.6198727e-47
   3.0355060e+01   8.5243955e-47
   3.0425059e+01   8.4301159e-47
   3.0495219e+01   8.3370211e-47
   3.0565541e+01   8.2450986e-47
   3.0636026e+01   8.1543359e-47
   3.0706673e+01   8.0647207e-47
   3.0777482e+01   7.9762409e-47
   3.0848456e+01   7.8888844e-47
   3.0919592e+01   7.8026392e-47
   3.0990893e+01   7.7174935e-47
   3.1062358e+01   7.6334355e-47
   3.1133988e+01   7.5504538e-47
   3.1205784e+01   7.4685367e-47
   3.1277744e+01   7.3876730e-47
   3.1349871e+01   7.3078514e-47
   3.1422164e+01   7.2290607e-47
   3.1494624e+01   7.1512900e-47
   3.1567251e+01   7.0745284e-47
   3.1640045e+01   6.9987649e-47
   3.1713007e+01   6.9239890e-47
   3.1786138e+01   6.8501900e-47
   3.1859437e+01   6.7773575e-47
   3.1932905e+01   6.7054810e-47
   3.2006542e+01   6.6345504e-47
   3.2080350e+01   6.5645554e-47
   3.2154327e+01   6.4954860e-47
   3.2228475e+01   6.4273322e-47
   3.2302794e+01   6.3600842e-47
   3.2377285e+01   6.2937321e-47
   3.2451947e+01   6.2282664e-47
   3.2526782e+01   6.1636773e-47
   3.2601789e+01   6.0999556e-47
   3.2676969e+01   6.0370918e-47
   3.2752322e+01   5.9750765e-47
   3.2827849e+01   5.9139007e-47
   3.2903550e+01   5.8535552e-47
   3.2979426e+01   5.7940310e-47
   3.3055477e+01   5.7353192e-47
   3.3131703e+01   5.6774109e-47
   3.3208105e+01   5.6202975e-47
   3.3284683e+01   5.5639702e-47
   3.3361438e+01   5.5084206e-47
   3.3438370e+01   5.4536401e-47
   3.3515479e+01   5.3996204e-47
   3.3592766e+01   5.3463531e-47
   3.3670231e+01   5.2938300e-47
   3.3747875e+01   5.2420430e-47
   3.3825698e+01   5.1909840e-47
   3.3903700e+01   5.1406451e-47
   3.3981882e+01   5.0910183e-47
   3.4060245e+01   5.0420958e-47
   3.4138788e+01   4.9938699e-47
   3.4217512e+01   4.9463330e-47
   3.4296418e+01   4.8994775e-47
   3.4375506e+01   4.8532957e-47
   3.4454776e+01   4.8077804e-47
   3.4534229e+01   4.7629242e-47
   3.4613865e+01   4.7187198e-47
   3.4693685e+01   4.6751599e-47
   3.4773689e+01   4.6322375e-47
   3.4853877e+01   4.5899455e-47
   3.4934251e+01   4.5482769e-47
   3.5014809e+01   4.5072247e-47
   3.5095554e+01   4.4667822e-47
   3.5176484e+01   4.4269426e-47
   3.5257602e+01   4.3876991e-47
   3.5338906e+01   4.3490451e-47
   3.5420398e+01   4.3109740e-47
   3.5502077e+01   4.2734793e-47
   3.5583945e+01   4.2365546e-47
   3.5666002e+01   4.2001935e-47
   3.5748248e+01   4.1643897e-47
   3.5830684e+01   4.1291369e-47
   3.5913310e+01   4.0944290e-47
   3.5996126e+01   4.0602598e-47
   3.6079134e+01   4.0266233e-47
   3.6162332e+01   3.9935135e-47
   3.6245723e+01   3.9609244e-47
   3.6329306e+01   3.9288501e-47
   3.6413082e+01   3.8972850e-47
   3.6497050e+01   3.8662230e-47
   3.6581213e+01   3.8356587e-47
   3.6665569e+01   3.8055864e-47
   3.6750120e+01   3.7760004e-47
   3.6834867e+01   3.7468952e-47
   3.6919808e+01   3.7182654e-47
   3.7004945e+01   3.6901056e-47
   3.7090279e+01   3.6624104e-47
   3.7175810e+01   3.6351745e-47
   3.7261537e+01   3.6083926e-47
   3.7347463e+01   3.5820595e-47
   3.7433586e+01   3.5561702e-47
   3.7519908e+01   3.5307195e-47
   3.7606429e+01   3.5057024e-47
   3.7693150e+01   3.4811138e-47
   3.7780071e+01   3.4569489e-47
   3.7867192e+01   3.4332028e-47
   3.7954514e+01   3.4098707e-47
   3.8042037e+01   3.3869476e-47
   3.8129763e+01   3.3644290e-47
   3.8217690e+01   3.3423102e-47
   3.8305821e+01   3.3205864e-47
   3.8394154e+01   3.2992531e-47
   3.8482691e+01   3.2783058e-47
   3.8571433e+01   3.2577399e-47
   3.8660379e+01   3.2375511e-47
   3.8749530e+01   3.2177348e-47
   3.8838886e+01   3.1982868e-47
   3.8928449e+01   3.1792027e-47
   3.9018219e+01   3.1604782e-47
   3.9108195e+01   3.1421092e-47
   3.9198379e+01   3.1240914e-47
   3.9288770e+01   3.1064208e-47
   3.9379371e+01   3.0890931e-47
   3.9470180e+01   3.0721044e-47
   3.9561198e+01   3.0554506e-47
   3.9652427e+01   3.0391278e-47
   3.9743865e+01   3.0231320e-47
   3.9835515e+01   3.0074594e-47
   3.9927376e+01   2.9921061e-47
   4.0019449e+01   2.9770683e-47
   4.0111734e+01   2.9623422e-47
   4.0204232e+01   2.9479240e-47
   4.0296943e+01   2.9338102e-47
   4.0389868e+01   2.9199970e-47
   4.0483008e+01   2.9064809e-47
   4.0576362e+01   2.8932581e-47
   4.0669931e+01   2.8803253e-47
   4.0763716e+01   2.8676789e-47
   4.0857718e+01   2.8553155e-47
   4.0951936e+01   2.8432315e-47
   4.1046372e+01   2.8314236e-47
   4.1141025e+01   2.8198885e-47
   4.1235896e+01   2.8086228e-47
   4.1330987e+01   2.7976233e-47
   4.1426296e+01   2.7868866e-47
   4.1521826e+01   2.7764096e-47
   4.1617575e+01   2.7661890e-47
   4.1713546e+01   2.7562218e-47
   4.1809737e+01   2.7465047e-47
   4.1906151e+01   2.7370347e-47
   4.2002787e+01   2.7278088e-47
   4.2099646e+01   2.7188239e-47
   4.2196728e+01   2.7100770e-47
   4.2294034e+01   2.7015652e-47
   4.2391564e+01   2.6932855e-47
   4.2489319e+01   2.6852350e-47
   4.2587300e+01   2.6774109e-47
   4.2685507e+01   2.6698103e-47
   4.2783940e+01   2.6624305e-47
   4.2882600e+01   2.6552686e-47
   4.2981488e+01   2.6483218e-47
   4.3080603e+01   2.6415875e-47
   4.3179947e+01   2.6350630e-47
   4.3279521e+01   2.6287456e-47
   4.3379324e+01   2.6226327e-47
   4.3479357e+01   2.6167217e-47
   4.3579620e+01   2.6110099e-47
   4.3680115e+01   2.6054948e-47
   4.3780842e+01   2.6001740e-47
   4.3881801e+01   2.5950449e-47
   4.3982993e+01   2.5901050e-47
   4.4084418e+01   2.5853519e-47
   4.4186077e+01   2.5807831e-47
   4.4287970e+01   2.5763964e-47
   4.4390099e+01   2.5721892e-47
   4.4492463e+01   2.5681594e-47
   4.4595062e+01   2.5643044e-47
   4.4697899e+01   2.5606221e-47
   4.4800973e+01   2.5571102e-47
   4.4904284e+01   2.5537664e-47
   4.5007834e+01   2.5505886e-47
   4.5111622e+01   2.5475745e-47
   4.5215650e+01   2.5447219e-47
   4.5319918e+01   2.5420287e-47
   4.5424426e+01   2.5394928e-47
   4.5529175e+01   2.5371120e-47
   4.5634165e+01   2.5348843e-47
   4.5739398e+01   2.5328077e-47
   4.5844873e+01   2.5308801e-47
   4.5950592e+01   2.5290994e-47
   4.6056554e+01   2.5274637e-47
   4.6162761e+01   2.5259710e-47
   4.6269213e+01   2.5246193e-47
   4.6375910e+01   2.5234068e-47
   4.6482853e+01   2.5223316e-47
   4.6590043e+01   2.5213916e-47
   4.6697480e+01   2.5205851e-47
   4.6805165e+01   2.5199103e-47
   4.6913098e+01   2.5193652e-47
   4.7021280e+01   2.5189481e-47
   4.7129711e+01   2.5186572e-47
   4.7238393e+01   2.5184908e-47
   4.7347325e+01   2.5184470e-47
   4.7456508e+01   2.5185242e-47
   4.7565943e+01   2.5187206e-47
   4.7675631e+01   2.5190345e-47
   4.7785571e+01   2.5194644e-47
   4.7895765e+01   2.5200085e-47
   4.8006213e+01   2.5206651e-47
   4.8116916e+01   2.5214327e-47
   4.8227874e+01   2.5223097e-47
   4.8339087e+01   2.5232945e-47
   4.8450558e+01   2.5243855e-47
   4.8562285e+01   2.5255812e-47
   4.8674270e+01   2.5268799e-47
   4.8786513e+01   2.5282804e-47
   4.8899015e+01   2.5297809e-47
   4.9011777e+01   2.5313801e-47
   4.9124798e+01   2.5330764e-47
   4.9238081e+01   2.5348685e-47
   4.9351624e+01   2.5367549e-47
   4.9465429e+01   2.5387342e-47
   4.9579497e+01   2.5408049e-47
   4.9693828e+01   2.5429658e-47
   4.9808422e+01   2.5452153e-47
   4.9923280e+01   2.5475523e-47
   5.0038404e+01   2.5499752e-47
   5.0153793e+01   2.5524829e-47
   5.0269448e+01   2.5550740e-47
   5.0385370e+01   2.5577471e-47
   5.0501559e+01   2.5605011e-47
   5.0618016e+01   2.5633347e-47
   5.0734741e+01   2.5662465e-47
   5.0851736e+01   2.5692354e-47
   5.0969000e+01   2.5723002e-47
   5.1086535e+01   2.5754396e-47
   5.1204341e+01   2.5786524e-47
   5.1322419e+01   2.5819375e-47
   5.1440769e+01   2.5852936e-47
   5.1559392e+01   2.5887197e-47
   5.1678288e+01   2.5922146e-47
   5.1797458e+01   2.5957772e-47
   5.1916904e+01   2.5994062e-47
   5.2036625e+01   2.6031008e-47
   5.2156621e+01   2.6068596e-47
   5.2276895e+01   2.6106817e-47
   5.2397446e+01   2.6145661e-47
   5.2518275e+01   2.6185115e-47
   5.2639382e+01   2.6225171e-47
   5.2760769e+01   2.6265817e-47
   5.2882436e+01   2.6307044e-47
   5.3004383e+01   2.6348842e-47
   5.3126612e+01   2.6391200e-47
   5.3249122e+01   2.6434108e-47
   5.3371915e+01   2.6477558e-47
   5.3494991e+01   2.6521539e-47
   5.3618351e+01   2.6566042e-47
   5.3741995e+01   2.6611057e-47
   5.3865925e+01   2.6656575e-47
   5.3990140e+01   2.6702588e-47
   5.4114642e+01   2.6749085e-47
   5.4239430e+01   2.6796058e-47
   5.4364507e+01   2.6843499e-47
   5.4489872e+01   2.6891398e-47
   5.4615526e+01   2.6939747e-47
   5.4741470e+01   2.6988537e-47
   5.4867704e+01   2.7037759e-47
   5.4994229e+01   2.7087406e-47
   5.5121046e+01   2.7137470e-47
   5.5248156e+01   2.7187941e-47
   5.5375559e+01   2.7238812e-47
   5.5503255e+01   2.7290076e-47
   5.5631246e+01   2.7341723e-47
   5.5759532e+01   2.7393747e-47
   5.5888114e+01   2.7446140e-47
   5.6016992e+01   2.7498893e-47
   5.6146168e+01   2.7552001e-47
   5.6275642e+01   2.7605455e-47
   5.6405414e+01   2.7659247e-47
   5.6535485e+01   2.7713372e-47
   5.6665856e+01   2.7767821e-47
   5.6796528e+01   2.7822587e-47
   5.6927501e+01   2.7877664e-47
   5.7058777e+01   2.7933045e-47
   5.7190355e+01   2.7988723e-47
   5.7322236e+01   2.8044691e-47
   5.7454421e+01   2.8100942e-47
   5.7586912e+01   2.8157471e-47
   5.7719708e+01   2.8214270e-47
   5.7852810e+01   2.8271333e-47
   5.7986219e+01   2.8328654e-47
   5.8119935e+01   2.8386226e-47
   5.8253960e+01   2.8444044e-47
   5.8388294e+01   2.8502102e-47
   5.8522938e+01   2.8560392e-47
   5.8657893e+01   2.8618910e-47
   5.8793158e+01   2.8677650e-47
   5.8928736e+01   2.8736605e-47
   5.9064626e+01   2.8795771e-47
   5.9200829e+01   2.8855141e-47
   5.9337347e+01   2.8914709e-47
   5.9474179e+01   2.8974472e-47
   5.9611327e+01   2.9034422e-47
   5.9748791e+01   2.9094554e-47
   5.9886572e+01   2.9154864e-47
   6.0024671e+01   2.9215346e-47
   6.0163089e+01   2.9275994e-47
   6.0301825e+01   2.9336805e-47
   6.0440882e+01   2.9397772e-47
   6.0580259e+01   2.9458891e-47
   6.0719957e+01   2.9520157e-47
   6.0859978e+01   2.9581564e-47
   6.1000322e+01   2.9643110e-47
   6.1140989e+01   2.9704787e-47
   6.1281980e+01   2.9766593e-47
   6.1423297e+01   2.9828521e-47
   6.1564940e+01   2.9890569e-47
   6.1706909e+01   2.9952731e-47
   6.1849206e+01   3.0015003e-47
   6.1991830e+01   3.0077380e-47
   6.2134784e+01   3.0139858e-47
   6.2278067e+01   3.0202433e-47
   6.2421681e+01   3.0265102e-47
   6.2565626e+01   3.0327858e-47
   6.2709903e+01   3.0390700e-47
   6.2854512e+01   3.0453621e-47
   6.2999455e+01   3.0516620e-47
   6.3144732e+01   3.0579691e-47
   6.3290345e+01   3.0642831e-47
   6.3436293e+01   3.0706036e-47
   6.3582577e+01   3.0769302e-47
   6.3729199e+01   3.0832625e-47
   6.3876159e+01   3.0896002e-47
   6.4023458e+01   3.0959430e-47
   6.4171097e+01   3.1022904e-47
   6.4319076e+01   3.1086422e-47
   6.4467396e+01   3.1149979e-47
   6.4616058e+01   3.1213572e-47
   6.4765063e+01   3.1277198e-47
   6.4914412e+01   3.1340854e-47
   6.5064105e+01   3.1404537e-47
   6.5214144e+01   3.1468242e-47
   6.5364528e+01   3.1531967e-47
   6.5515259e+01   3.1595709e-47
   6.5666338e+01   3.1659465e-47
   6.5817765e+01   3.1723231e-47
   6.5969541e+01   3.1787005e-47
   6.6121667e+01   3.1850783e-47
   6.6274144e+01   3.1914564e-47
   6.6426973e+01   3.1978343e-47
   6.6580154e+01   3.2042118e-47
   6.6733688e+01   3.2105886e-47
   6.6887577e+01   3.2169645e-47
   6.7041820e+01   3.2233391e-47
   6.7196419e+01   3.2297123e-47
   6.7351374e+01   3.2360837e-47
   6.7506687e+01   3.2424531e-47
   6.7662358e+01   3.2488202e-47
   6.7818388e+01   3.2551848e-47
   6.7974778e+01   3.2615466e-47
   6.8131528e+01   3.2679054e-47
   6.8288640e+01   3.2742609e-47
   6.8446114e+01   3.2806129e-47
   6.8603951e+01   3.2869612e-47
   6.8762153e+01   3.2933056e-47
   6.8920719e+01   3.2996457e-47
   6.9079650e+01   3.3059815e-47
   6.9238949e+01   3.3123126e-47
   6.9398614e+01   3.3186388e-47
   6.9558648e+01   3.3249600e-47
   6.9719051e+01   3.3312759e-47
   6.9879823e+01   3.3375864e-47
   7.0040967e+01   3.3438912e-47
   7.0202482e+01   3.3501901e-47
   7.0364369e+01   3.3564829e-47
   7.0526630e+01   3.3627694e-47
   7.0689265e+01   3.3690495e-47
   7.0852275e+01   3.3753229e-47
   7.1015661e+01   3.3815895e-47
   7.1179423e+01   3.3878491e-47
   7.1343564e+01   3.3941015e-47
   7.1508083e+01   3.4003466e-47
   7.1672981e+01   3.4065841e-47
   7.1838259e+01   3.4128139e-47
   7.2003919e+01   3.4190358e-47
   7.2169960e+01   3.4252496e-47
   7.2336385e+01   3.4314553e-47
   7.2503193e+01   3.4376526e-47
   7.2670386e+01   3.4438414e-47
   7.2837964e+01   3.4500216e-47
   7.3005929e+01   3.4561929e-47
   7.3174282e+01   3.4623552e-47
   7.3343022e+01   3.4685085e-47
   7.3512152e+01   3.4746525e-47
   7.3681671e+01   3.4807870e-47
   7.3851582e+01   3.4869121e-47
   7.4021884e+01   3.4930275e-47
   7.4192579e+01   3.4991331e-47
   7.4363668e+01   3.5052288e-47
   7.4535151e+01   3.5113144e-47
   7.4707029e+01   3.5173899e-47
   7.4879304e+01   3.5234550e-47
   7.5051977e+01   3.5295098e-47
   7.5225047e+01   3.5355539e-47
   7.5398517e+01   3.5415875e-47
   7.5572386e+01   3.5476102e-47
   7.5746657e+01   3.5536221e-47
   7.5921329e+01   3.5596230e-47
   7.6096404e+01   3.5656128e-47
   7.6271883e+01   3.5715914e-47
   7.6447767e+01   3.5775587e-47
   7.6624056e+01   3.5835145e-47
   7.6800751e+01   3.5894589e-47
   7.6977855e+01   3.5953917e-47
   7.7155366e+01   3.6013128e-47
   7.7333287e+01   3.6072220e-47
   7.7511618e+01   3.6131195e-47
   7.7690361e+01   3.6190049e-47
   7.7869515e+01   3.6248783e-47
   7.8049083e+01   3.6307395e-47
   7.8229065e+01   3.6365886e-47
   7.8409461e+01   3.6424253e-47
   7.8590274e+01   3.6482497e-47
   7.8771504e+01   3.6540615e-47
   7.8953152e+01   3.6598609e-47
   7.9135218e+01   3.6656477e-47
   7.9317705e+01   3.6714217e-47
   7.9500612e+01   3.6771830e-47
   7.9683941e+01   3.6829315e-47
   7.9867693e+01   3.6886672e-47
   8.0051868e+01   3.6943898e-47
   8.0236468e+01   3.7000995e-47
   8.0421494e+01   3.7057961e-47
   8.0606947e+01   3.7114795e-47
   8.0792827e+01   3.7171498e-47
   8.0979136e+01   3.7228068e-47
   8.1165874e+01   3.7284505e-47
   8.1353044e+01   3.7340808e-47
   8.1540644e+01   3.7396977e-47
   8.1728678e+01   3.7453012e-47
   8.1917145e+01   3.7508911e-47
   8.2106046e+01   3.7564675e-47
   8.2295383e+01   3.7620303e-47
   8.2485157e+01   3.7675794e-47
   8.2675369e+01   3.7731148e-47
   8.2866019e+01   3.7786365e-47
   8.3057108e+01   3.7841444e-47
   8.3248639e+01   3.7896385e-47
   8.3440611e+01   3.7951187e-47
   8.3633025e+01   3.8005851e-47
   8.3825884e+01   3.8060375e-47
   8.4019187e+01   3.8114759e-47
   8.4212936e+01   3.8169004e-47
   8.4407131e+01   3.8223108e-47
   8.4601775e+01   3.8277072e-47
   8.4796867e+01   3.8330895e-47
   8.4992409e+01   3.8384577e-47
   8.5188403e+01   3.8438117e-47
   8.5384848e+01   3.8491516e-47
   8.5581746e+01   3.8544772e-47
   8.5779098e+01   3.8597887e-47
   8.5976905e+01   3.8650859e-47
   8.6175169e+01   3.8703689e-47
   8.6373889e+01   3.8756376e-47
   8.6573068e+01   3.8808920e-47
   8.6772706e+01   3.8861321e-47
   8.6972805e+01   3.8913578e-47
   8.7173365e+01   3.8965693e-47
   8.7374387e+01   3.9017663e-47
   8.7575873e+01   3.9069490e-47
   8.7777824e+01   3.9121173e-47
   8.7980240e+01   3.9172712e-47
   8.8183123e+01   3.9224107e-47
   8.8386474e+01   3.9275358e-47
   8.8590294e+01   3.9326465e-47
   8.8794584e+01   3.9377427e-47
   8.8999345e+01   3.9428246e-47
   8.9204578e+01   3.9478919e-47
   8.9410285e+01   3.9529449e-47
   8.9616465e+01   3.9579833e-47
   8.9823122e+01   3.9630074e-47
   9.0030254e+01   3.9680169e-47
   9.0237865e+01   3.9730120e-47
   9.0445954e+01   3.9779927e-47
   9.0654523e+01   3.9829589e-47
   9.0863573e+01   3.9879107e-47
   9.1073105e+01   3.9928480e-47
   9.1283120e+01   3.9977709e-47
   9.1493620e+01   4.0026793e-47
   9.1704605e+01   4.0075733e-47
   9.1916077e+01   4.0124529e-47
   9.2128036e+01   4.0173180e-47
   9.2340484e+01   4.0221688e-47
   9.2553422e+01   4.0270051e-47
   9.2766850e+01   4.0318270e-47
   9.2980771e+01   4.0366345e-47
   9.3195186e+01   4.0414277e-47
   9.3410095e+01   4.0462065e-47
   9.3625499e+01   4.0509709e-47
   9.3841400e+01   4.0557210e-47
   9.4057799e+01   4.0604568e-47
   9.4274697e+01   4.0651783e-47
   9.4492095e+01   4.0698854e-47
   9.4709995e+01   4.0745783e-47
   9.4928397e+01   4.0792569e-47
   9.5147302e+01   4.0839212e-47
   9.5366713e+01   4.0885713e-47
   9.5586629e+01   4.0932072e-47
   9.5807053e+01   4.0978289e-47
   9.6027984e+01   4.1024364e-47
   9.6249426e+01   4.1070298e-47
   9.6471378e+01   4.1116090e-47
   9.6693841e+01   4.1161741e-47
   9.6916818e+01   4.1207251e-47
   9.7140309e+01   4.1252620e-47
   9.7364315e+01   4.1297849e-47
   9.7588838e+01   4.1342937e-47
   9.7813879e+01   4.1387886e-47
   9.8039438e+01   4.1432694e-47
   9.8265518e+01   4.1477363e-47
   9.8492119e+01   4.1521893e-47
   9.8719243e+01   4.1566283e-47
   9.8946890e+01   4.1610535e-47
   9.9175062e+01   4.1654649e-47
   9.9403761e+01   4.1698624e-47
   9.9632987e+01   4.1742461e-47
   9.9862741e+01   4.1786160e-47
   1.0009303e+02   4.1829722e-47
   1.0032384e+02   4.1873147e-47
   1.0055519e+02   4.1916435e-47
   1.0078707e+02   4.1959587e-47
   1.0101948e+02   4.2002602e-47
   1.0125244e+02   4.2045482e-47
   1.0148593e+02   4.2088226e-47
   1.0171995e+02   4.2130834e-47
   1.0195452e+02   4.2173308e-47
   1.0218963e+02   4.2215647e-47
   1.0242528e+02   4.2257852e-47
   1.0266147e+02   4.2299923e-47
   1.0289821e+02   4.2341861e-47
   1.0313549e+02   4.2383665e-47
   1.0337332e+02   4.2425336e-47
   1.0361170e+02   4.2466875e-47
   1.0385063e+02   4.2508281e-47
   1.0409011e+02   4.2549556e-47
   1.0433015e+02   4.2590699e-47
   1.0457073e+02   4.2631711e-47
   1.0481187e+02   4.2672593e-47
   1.0505357e+02   4.2713344e-47
   1.0529582e+02   4.2753965e-47
   1.0553864e+02   4.2794456e-47
   1.0578201e+02   4.2834819e-47
   1.0602594e+02   4.2875052e-47
   1.0627044e+02   4.2915157e-47
   1.0651550e+02   4.2955134e-47
   1.0676113e+02   4.2994983e-47
   1.0700732e+02   4.3034706e-47
   1.0725408e+02   4.3074301e-47
   1.0750141e+02   4.3113770e-47
   1.0774931e+02   4.3153113e-47
   1.0799778e+02   4.3192330e-47
   1.0824682e+02   4.3231422e-47
   1.0849644e+02   4.3270389e-47
   1.0874663e+02   4.3309232e-47
   1.0899740e+02   4.3347951e-47
   1.0924875e+02   4.3386546e-47
   1.0950068e+02   4.3425019e-47
   1.0975319e+02   4.3463368e-47
   1.1000628e+02   4.3501596e-47
   1.1025996e+02   4.3539701e-47
   1.1051422e+02   4.3577686e-47
   1.1076906e+02   4.3615549e-47
   1.1102450e+02   4.3653292e-47
   1.1128052e+02   4.3690915e-47
   1.1153714e+02   4.3728419e-47
   1.1179434e+02   4.3765803e-47
   1.1205214e+02   4.3803068e-47
   1.1231053e+02   4.3840216e-47
   1.1256952e+02   4.3877245e-47
   1.1282911e+02   4.3914158e-47
   1.1308929e+02   4.3950953e-47
   1.1335008e+02   4.3987633e-47
   1.1361146e+02   4.4024196e-47
   1.1387345e+02   4.4060644e-47
   1.1413605e+02   4.4096976e-47
   1.1439924e+02   4.4133195e-47
   1.1466305e+02   4.4169299e-47
   1.1492746e+02   4.4205290e-47
   1.1519249e+02   4.4241167e-47
   1.1545812e+02   4.4276932e-47
   1.1572437e+02   4.4312585e-47
   1.1599123e+02   4.4348127e-47
   1.1625871e+02   4.4383557e-47
   1.1652680e+02   4.4418876e-47
   1.1679551e+02   4.4454086e-47
   1.1706484e+02   4.4489185e-47
   1.1733480e+02   4.4524175e-47
   1.1760537e+02   4.4559057e-47
   1.1787657e+02   4.4593830e-47
   1.1814839e+02   4.4628496e-47
   1.1842085e+02   4.4663055e-47
   1.1869392e+02   4.4697506e-47
   1.1896763e+02   4.4731852e-47
   1.1924197e+02   4.4766091e-47
   1.1951695e+02   4.4800226e-47
   1.1979255e+02   4.4834256e-47
   1.2006880e+02   4.4868181e-47
   1.2034568e+02   4.4902003e-47
   1.2062319e+02   4.4935721e-47
   1.2090135e+02   4.4969337e-47
   1.2118015e+02   4.5002851e-47
   1.2145959e+02   4.5036263e-47
   1.2173968e+02   4.5069573e-47
   1.2202041e+02   4.5102783e-47
   1.2230179e+02   4.5135893e-47
   1.2258382e+02   4.5168903e-47
   1.2286650e+02   4.5201814e-47
   1.2314983e+02   4.5234627e-47
   1.2343382e+02   4.5267341e-47
   1.2371846e+02   4.5299958e-47
   1.2400375e+02   4.5332477e-47
   1.2428971e+02   4.5364900e-47
   1.2457632e+02   4.5397227e-47
   1.2486359e+02   4.5429459e-47
   1.2515153e+02   4.5461595e-47
   1.2544013e+02   4.5493637e-47
   1.2572940e+02   4.5525586e-47
   1.2601933e+02   4.5557440e-47
   1.2630993e+02   4.5589202e-47
   1.2660120e+02   4.5620872e-47
   1.2689314e+02   4.5652449e-47
   1.2718576e+02   4.5683935e-47
   1.2747905e+02   4.5715331e-47
   1.2777302e+02   4.5746636e-47
   1.2806767e+02   4.5777852e-47
   1.2836299e+02   4.5808978e-47
   1.2865900e+02   4.5840016e-47
   1.2895569e+02   4.5870965e-47
   1.2925306e+02   4.5901827e-47
   1.2955112e+02   4.5932602e-47
   1.2984986e+02   4.5963291e-47
   1.3014930e+02   4.5993893e-47
   1.3044942e+02   4.6024410e-47
   1.3075024e+02   4.6054842e-47
   1.3105175e+02   4.6085190e-47
   1.3135396e+02   4.6115454e-47
   1.3165686e+02   4.6145634e-47
   1.3196046e+02   4.6175732e-47
   1.3226476e+02   4.6205747e-47
   1.3256977e+02   4.6235681e-47
   1.3287547e+02   4.6265534e-47
   1.3318189e+02   4.6295306e-47
   1.3348901e+02   4.6324998e-47
   1.3379683e+02   4.6354610e-47
   1.3410537e+02   4.6384144e-47
   1.3441462e+02   4.6413599e-47
   1.3472458e+02   4.6442976e-47
   1.3503525e+02   4.6472275e-47
   1.3534665e+02   4.6501498e-47
   1.3565876e+02   4.6530645e-47
   1.3597159e+02   4.6559716e-47
   1.3628514e+02   4.6588712e-47
   1.3659941e+02   4.6617633e-47
   1.3691441e+02   4.6646480e-47
   1.3723014e+02   4.6675253e-47
   1.3754659e+02   4.6703953e-47
   1.3786377e+02   4.6732581e-47
   1.3818169e+02   4.6761137e-47
   1.3850034e+02   4.6789622e-47
   1.3881972e+02   4.6818036e-47
   1.3913984e+02   4.6846379e-47
   1.3946070e+02   4.6874653e-47
   1.3978229e+02   4.6902858e-47
   1.4010463e+02   4.6930994e-47
   1.4042772e+02   4.6959062e-47
   1.4075154e+02   4.6987062e-47
   1.4107612e+02   4.7014996e-47
   1.4140144e+02   4.7042863e-47
   1.4172751e+02   4.7070664e-47
   1.4205434e+02   4.7098399e-47
   1.4238192e+02   4.7126070e-47
   1.4271025e+02   4.7153677e-47
   1.4303934e+02   4.7181220e-47
   1.4336919e+02   4.7208700e-47
   1.4369980e+02   4.7236117e-47
   1.4403117e+02   4.7263472e-47
   1.4436331e+02   4.7290766e-47
   1.4469621e+02   4.7317999e-47
   1.4502988e+02   4.7345171e-47
   1.4536432e+02   4.7372284e-47
   1.4569954e+02   4.7399337e-47
   1.4603552e+02   4.7426332e-47
   1.4637228e+02   4.7453268e-47
   1.4670981e+02   4.7480147e-47
   1.4704813e+02   4.7506968e-47
   1.4738722e+02   4.7533734e-47
   1.4772710e+02   4.7560443e-47
   1.4806776e+02   4.7587096e-47
   1.4840920e+02   4.7613695e-47
   1.4875144e+02   4.7640240e-47
   1.4909446e+02   4.7666731e-47
   1.4943827e+02   4.7693168e-47
   1.4978288e+02   4.7719553e-47
   1.5012828e+02   4.7745886e-47
   1.5047447e+02   4.7772167e-47
   1.5082147e+02   4.7798397e-47
   1.5116927e+02   4.7824577e-47
   1.5151786e+02   4.7850707e-47
   1.5186726e+02   4.7876788e-47
   1.5221747e+02   4.7902820e-47
   1.5256849e+02   4.7928803e-47
   1.5292031e+02   4.7954739e-47
   1.5327295e+02   4.7980628e-47
   1.5362639e+02   4.8006470e-47
   1.5398066e+02   4.8032266e-47
   1.5433574e+02   4.8058017e-47
   1.5469164e+02   4.8083723e-47
   1.5504836e+02   4.8109384e-47
   1.5540590e+02   4.8135002e-47
   1.5576427e+02   4.8160576e-47
   1.5612346e+02   4.8186108e-47
   1.5648348e+02   4.8211598e-47
   1.5684434e+02   4.8237046e-47
   1.5720602e+02   4.8262453e-47
   1.5756854e+02   4.8287819e-47
   1.5793189e+02   4.8313146e-47
   1.5829608e+02   4.8338433e-47
   1.5866112e+02   4.8363682e-47
   1.5902699e+02   4.8388892e-47
   1.5939371e+02   4.8414065e-47
   1.5976127e+02   4.8439200e-47
   1.6012968e+02   4.8464299e-47
   1.6049894e+02   4.8489362e-47
   1.6086905e+02   4.8514389e-47
   1.6124002e+02   4.8539382e-47
   1.6161184e+02   4.8564340e-47
   1.6198452e+02   4.8589264e-47
   1.6235805e+02   4.8614155e-47
   1.6273245e+02   4.8639014e-47
   1.6310772e+02   4.8663840e-47
   1.6348384e+02   4.8688635e-47
   1.6386084e+02   4.8713399e-47
   1.6423870e+02   4.8738132e-47
   1.6461744e+02   4.8762835e-47
   1.6499705e+02   4.8787509e-47
   1.6537753e+02   4.8812155e-47
   1.6575889e+02   4.8836772e-47
   1.6614114e+02   4.8861361e-47
   1.6652426e+02   4.8885924e-47
   1.6690826e+02   4.8910459e-47
   1.6729316e+02   4.8934969e-47
   1.6767894e+02   4.8959453e-47
   1.6806560e+02   4.8983913e-47
   1.6845316e+02   4.9008348e-47
   1.6884162e+02   4.9032759e-47
   1.6923097e+02   4.9057148e-47
   1.6962122e+02   4.9081513e-47
   1.7001236e+02   4.9105857e-47
   1.7040441e+02   4.9130179e-47
   1.7079737e+02   4.9154480e-47
   1.7119123e+02   4.9178760e-47
   1.7158600e+02   4.9203021e-47
   1.7198168e+02   4.9227263e-47
   1.7237827e+02   4.9251486e-47
   1.7277577e+02   4.9275690e-47
   1.7317419e+02   4.9299877e-47
   1.7357354e+02   4.9324047e-47
   1.7397380e+02   4.9348201e-47
   1.7437498e+02   4.9372339e-47
   1.7477709e+02   4.9396461e-47
   1.7518013e+02   4.9420568e-47
   1.7558410e+02   4.9444662e-47
   1.7598899e+02   4.9468741e-47
   1.7639483e+02   4.9492808e-47
   1.7680159e+02   4.9516862e-47
   1.7720930e+02   4.9540904e-47
   1.7761795e+02   4.9564934e-47
   1.7802753e+02   4.9588954e-47
   1.7843807e+02   4.9612964e-47
   1.7884955e+02   4.9636963e-47
   1.7926198e+02   4.9660954e-47
   1.7967535e+02   4.9684936e-47
   1.8008969e+02   4.9708910e-47
   1.8050498e+02   4.9732877e-47
   1.8092122e+02   4.9756836e-47
   1.8133843e+02   4.9780789e-47
   1.8175659e+02   4.9804737e-47
   1.8217573e+02   4.9828679e-47
   1.8259583e+02   4.9852617e-47
   1.8301689e+02   4.9876551e-47
   1.8343893e+02   4.9900481e-47
   1.8386194e+02   4.9924408e-47
   1.8428593e+02   4.9948333e-47
   1.8471089e+02   4.9972256e-47
   1.8513684e+02   4.9996178e-47
   1.8556377e+02   5.0020099e-47
   1.8599168e+02   5.0044020e-47
   1.8642058e+02   5.0067942e-47
   1.8685046e+02   5.0091864e-47
   1.8728134e+02   5.0115789e-47
   1.8771321e+02   5.0139715e-47
   1.8814608e+02   5.0163644e-47
   1.8857995e+02   5.0187577e-47
   1.8901482e+02   5.0211513e-47
   1.8945068e+02   5.0235454e-47
   1.8988756e+02   5.0259400e-47
   1.9032544e+02   5.0283352e-47
   1.9076433e+02   5.0307310e-47
   1.9120424e+02   5.0331275e-47
   1.9164516e+02   5.0355247e-47
   1.9208709e+02   5.0379226e-47
   1.9253005e+02   5.0403215e-47
   1.9297402e+02   5.0427212e-47
   1.9341902e+02   5.0451219e-47
   1.9386505e+02   5.0475237e-47
   1.9431210e+02   5.0499265e-47
   1.9476019e+02   5.0523305e-47
   1.9520930e+02   5.0547356e-47
   1.9565946e+02   5.0571420e-47
   1.9611065e+02   5.0595497e-47
   1.9656288e+02   5.0619588e-47
   1.9701616e+02   5.0643693e-47
   1.9747048e+02   5.0667813e-47
   1.9792585e+02   5.0691949e-47
   1.9838227e+02   5.0716100e-47
   1.9883974e+02   5.0740269e-47
   1.9929826e+02   5.0764454e-47
   1.9975785e+02   5.0788657e-47
   2.0021849e+02   5.0812879e-47
   2.0068020e+02   5.0837119e-47
   2.0114297e+02   5.0861379e-47
   2.0160680e+02   5.0885659e-47
   2.0207171e+02   5.0909960e-47
   2.0253769e+02   5.0934282e-47
   2.0300474e+02   5.0958626e-47
   2.0347287e+02   5.0982992e-47
   2.0394208e+02   5.1007382e-47
   2.0441237e+02   5.1031795e-47
   2.0488375e+02   5.1056232e-47
   2.0535621e+02   5.1080695e-47
   2.0582977e+02   5.1105182e-47
   2.0630441e+02   5.1129696e-47
   2.0678015e+02   5.1154236e-47
   2.0725699e+02   5.1178804e-47
   2.0773492e+02   5.1203399e-47
   2.0821396e+02   5.1228023e-47
   2.0869411e+02   5.1252675e-47
   2.0917536e+02   5.1277358e-47
   2.0965772e+02   5.1302070e-47
   2.1014119e+02   5.1326814e-47
   2.1062578e+02   5.1351588e-47
   2.1111148e+02   5.1376395e-47
   2.1159831e+02   5.1401234e-47
   2.1208625e+02   5.1426107e-47
   2.1257533e+02   5.1451013e-47
   2.1306553e+02   5.1475954e-47
   2.1355686e+02   5.1500929e-47
   2.1404932e+02   5.1525941e-47
   2.1454292e+02   5.1550988e-47
   2.1503766e+02   5.1576073e-47
   2.1553354e+02   5.1601194e-47
   2.1603056e+02   5.1626354e-47
   2.1652873e+02   5.1651553e-47
   2.1702804e+02   5.1676791e-47
   2.1752851e+02   5.1702068e-47
   2.1803013e+02   5.1727386e-47
   2.1853291e+02   5.1752746e-47
   2.1903685e+02   5.1778147e-47
   2.1954195e+02   5.1803590e-47
   2.2004822e+02   5.1829076e-47
   2.2055565e+02   5.1854606e-47
   2.2106425e+02   5.1880180e-47
   2.2157403e+02   5.1905799e-47
   2.2208498e+02   5.1931463e-47
   2.2259711e+02   5.1957174e-47
   2.2311042e+02   5.1982931e-47
   2.2362491e+02   5.2008735e-47
   2.2414060e+02   5.2034588e-47
   2.2465747e+02   5.2060488e-47
   2.2517553e+02   5.2086438e-47
   2.2569478e+02   5.2112438e-47
   2.2621524e+02   5.2138488e-47
   2.2673689e+02   5.2164590e-47
   2.2725975e+02   5.2190743e-47
   2.2778381e+02   5.2216948e-47
   2.2830908e+02   5.2243207e-47
   2.2883556e+02   5.2269518e-47
   2.2936326e+02   5.2295885e-47
   2.2989217e+02   5.2322306e-47
   2.3042231e+02   5.2348782e-47
   2.3095366e+02   5.2375315e-47
   2.3148624e+02   5.2401905e-47
   2.3202005e+02   5.2428552e-47
   2.3255509e+02   5.2455257e-47
   2.3309137e+02   5.2482020e-47
   2.3362888e+02   5.2508844e-47
   2.3416763e+02   5.2535727e-47
   2.3470762e+02   5.2562671e-47
   2.3524886e+02   5.2589676e-47
   2.3579134e+02   5.2616743e-47
   2.3633508e+02   5.2643873e-47
   2.3688007e+02   5.2671066e-47
   2.3742632e+02   5.2698323e-47
   2.3797382e+02   5.2725645e-47
   2.3852259e+02   5.2753032e-47
   2.3907263e+02   5.2780484e-47
   2.3962393e+02   5.2808004e-47
   2.4017651e+02   5.2835590e-47
   2.4073036e+02   5.2863245e-47
   2.4128548e+02   5.2890968e-47
   2.4184189e+02   5.2918760e-47
   2.4239958e+02   5.2946622e-47
   2.4295855e+02   5.2974555e-47
   2.4351882e+02   5.3002559e-47
   2.4408037e+02   5.3030635e-47
   2.4464322e+02   5.3058784e-47
   2.4520737e+02   5.3087005e-47
   2.4577282e+02   5.3115301e-47
   2.4633958e+02   5.3143672e-47
   2.4690764e+02   5.3172117e-47
   2.4747701e+02   5.3200639e-47
   2.4804769e+02   5.3229237e-47
   2.4861969e+02   5.3257913e-47
   2.4919301e+02   5.3286667e-47
   2.4976765e+02   5.3315499e-47
   2.5034362e+02   5.3344411e-47
   2.5092091e+02   5.3373403e-47
   2.5149954e+02   5.3402476e-47
   2.5207950e+02   5.3431630e-47
   2.5266080e+02   5.3460866e-47
   2.5324343e+02   5.3490186e-47
   2.5382742e+02   5.3519589e-47
   2.5441274e+02   5.3549076e-47
   2.5499942e+02   5.3578648e-47
   2.5558745e+02   5.3608306e-47
   2.5617684e+02   5.3638051e-47
   2.5676758e+02   5.3667882e-47
   2.5735969e+02   5.3697801e-47
   2.5795317e+02   5.3727809e-47
   2.5854801e+02   5.3757907e-47
   2.5914422e+02   5.3788094e-47
   2.5974181e+02   5.3818372e-47
   2.6034078e+02   5.3848741e-47
   2.6094112e+02   5.3879202e-47
   2.6154286e+02   5.3909756e-47
   2.6214598e+02   5.3940404e-47
   2.6275049e+02   5.3971147e-47
   2.6335639e+02   5.4001984e-47
   2.6396369e+02   5.4032917e-47
   2.6457240e+02   5.4063946e-47
   2.6518250e+02   5.4095073e-47
   2.6579401e+02   5.4126298e-47
   2.6640694e+02   5.4157621e-47
   2.6702127e+02   5.4189044e-47
   2.6763703e+02   5.4220568e-47
   2.6825420e+02   5.4252192e-47
   2.6887280e+02   5.4283918e-47
   2.6949282e+02   5.4315746e-47
   2.7011427e+02   5.4347677e-47
   2.7073716e+02   5.4379713e-47
   2.7136148e+02   5.4411853e-47
   2.7198724e+02   5.4444099e-47
   2.7261444e+02   5.4476451e-47
   2.7324310e+02   5.4508910e-47
   2.7387320e+02   5.4541477e-47
   2.7450475e+02   5.4574152e-47
   2.7513776e+02   5.4606936e-47
   2.7577223e+02   5.4639831e-47
   2.7640816e+02   5.4672837e-47
   2.7704556e+02   5.4705954e-47
   2.7768443e+02   5.4739183e-47
   2.7832477e+02   5.4772526e-47
   2.7896659e+02   5.4805983e-47
   2.7960989e+02   5.4839554e-47
   2.8025467e+02   5.4873242e-47
   2.8090094e+02   5.4907045e-47
   2.8154870e+02   5.4940965e-47
   2.8219796e+02   5.4975004e-47
   2.8284871e+02   5.5009161e-47
   2.8350096e+02   5.5043438e-47
   2.8415471e+02   5.5077835e-47
   2.8480998e+02   5.5112353e-47
   2.8546675e+02   5.5146993e-47
   2.8612504e+02   5.5181756e-47
   2.8678485e+02   5.5216643e-47
   2.8744617e+02   5.5251654e-47
   2.8810903e+02   5.5286790e-47
   2.8877341e+02   5.5322052e-47
   2.8943932e+02   5.5357441e-47
   2.9010677e+02   5.5392957e-47
   2.9077576e+02   5.5428602e-47
   2.9144629e+02   5.5464377e-47
   2.9211837e+02   5.5500282e-47
   2.9279200e+02   5.5536317e-47
   2.9346718e+02   5.5572485e-47
   2.9414391e+02   5.5608785e-47
   2.9482221e+02   5.5645218e-47
   2.9550207e+02   5.5681786e-47
   2.9618350e+02   5.5718490e-47
   2.9686651e+02   5.5755329e-47
   2.9755108e+02   5.5792305e-47
   2.9823724e+02   5.5829419e-47
   2.9892498e+02   5.5866672e-47
   2.9961430e+02   5.5904064e-47
   3.0030521e+02   5.5941597e-47
   3.0099772e+02   5.5979271e-47
   3.0169182e+02   5.6017087e-47
   3.0238752e+02   5.6055046e-47
   3.0308483e+02   5.6093149e-47
   3.0378375e+02   5.6131397e-47
   3.0448428e+02   5.6169790e-47
   3.0518642e+02   5.6208330e-47
   3.0589018e+02   5.6247017e-47
   3.0659557e+02   5.6285853e-47
   3.0730258e+02   5.6324838e-47
   3.0801122e+02   5.6363973e-47
   3.0872150e+02   5.6403259e-47
   3.0943341e+02   5.6442696e-47
   3.1014697e+02   5.6482287e-47
   3.1086217e+02   5.6522032e-47
   3.1157902e+02   5.6561931e-47
   3.1229752e+02   5.6601986e-47
   3.1301768e+02   5.6642197e-47
   3.1373950e+02   5.6682565e-47
   3.1446299e+02   5.6723092e-47
   3.1518814e+02   5.6763779e-47
   3.1591497e+02   5.6804625e-47
   3.1664347e+02   5.6845633e-47
   3.1737365e+02   5.6886803e-47
   3.1810552e+02   5.6928136e-47
   3.1883907e+02   5.6969633e-47
   3.1957432e+02   5.7011294e-47
   3.2031126e+02   5.7053122e-47
   3.2104990e+02   5.7095117e-47
   3.2179024e+02   5.7137279e-47
   3.2253229e+02   5.7179610e-47
   3.2327606e+02   5.7222111e-47
   3.2402153e+02   5.7264783e-47
   3.2476873e+02   5.7307627e-47
   3.2551765e+02   5.7350643e-47
   3.2626829e+02   5.7393832e-47
   3.2702067e+02   5.7437197e-47
   3.2777478e+02   5.7480737e-47
   3.2853063e+02   5.7524454e-47
   3.2928823e+02   5.7568348e-47
   3.3004757e+02   5.7612421e-47
   3.3080866e+02   5.7656674e-47
   3.3157151e+02   5.7701107e-47
   3.3233612e+02   5.7745722e-47
   3.3310249e+02   5.7790520e-47
   3.3387062e+02   5.7835501e-47
   3.3464053e+02   5.7880668e-47
   3.3541221e+02   5.7926020e-47
   3.3618568e+02   5.7971558e-47
   3.3696092e+02   5.8017285e-47
   3.3773796e+02   5.8063200e-47
   3.3851679e+02   5.8109305e-47
   3.3929741e+02   5.8155602e-47
   3.4007983e+02   5.8202090e-47
   3.4086406e+02   5.8248771e-47
   3.4165009e+02   5.8295647e-47
   3.4243794e+02   5.8342717e-47
   3.4322760e+02   5.8389984e-47
   3.4401909e+02   5.8437449e-47
   3.4481240e+02   5.8485111e-47
   3.4560754e+02   5.8532973e-47
   3.4640451e+02   5.8581036e-47
   3.4720333e+02   5.8629300e-47
   3.4800398e+02   5.8677767e-47
   3.4880648e+02   5.8726438e-47
   3.4961083e+02   5.8775314e-47
   3.5041703e+02   5.8824396e-47
   3.5122510e+02   5.8873685e-47
   3.5203503e+02   5.8923183e-47
   3.5284682e+02   5.8972889e-47
   3.5366049e+02   5.9022807e-47
   3.5447603e+02   5.9072936e-47
   3.5529346e+02   5.9123277e-47
   3.5611277e+02   5.9173833e-47
   3.5693397e+02   5.9224603e-47
   3.5775706e+02   5.9275590e-47
   3.5858205e+02   5.9326794e-47
   3.5940894e+02   5.9378217e-47
   3.6023774e+02   5.9429859e-47
   3.6106845e+02   5.9481723e-47
   3.6190108e+02   5.9533808e-47
   3.6273563e+02   5.9586116e-47
   3.6357210e+02   5.9638649e-47
   3.6441050e+02   5.9691407e-47
   3.6525083e+02   5.9744392e-47
   3.6609310e+02   5.9797604e-47
   3.6693731e+02   5.9851046e-47
   3.6778347e+02   5.9904718e-47
   3.6863159e+02   5.9958622e-47
   3.6948165e+02   6.0012758e-47
   3.7033368e+02   6.0067129e-47
   3.7118767e+02   6.0121734e-47
   3.7204364e+02   6.0176576e-47
   3.7290157e+02   6.0231656e-47
   3.7376148e+02   6.0286974e-47
   3.7462338e+02   6.0342532e-47
   3.7548727e+02   6.0398332e-47
   3.7635314e+02   6.0454374e-47
   3.7722102e+02   6.0510661e-47
   3.7809089e+02   6.0567192e-47
   3.7896277e+02   6.0623970e-47
   3.7983666e+02   6.0680995e-47
   3.8071257e+02   6.0738269e-47
   3.8159049e+02   6.0795794e-47
   3.8247044e+02   6.0853570e-47
   3.8335242e+02   6.0911598e-47
   3.8423644e+02   6.0969881e-47
   3.8512249e+02   6.1028420e-47
   3.8601059e+02   6.1087215e-47
   3.8690073e+02   6.1146268e-47
   3.8779292e+02   6.1205580e-47
   3.8868718e+02   6.1265153e-47
   3.8958349e+02   6.1324988e-47
   3.9048188e+02   6.1385087e-47
   3.9138233e+02   6.1445450e-47
   3.9228486e+02   6.1506080e-47
   3.9318947e+02   6.1566976e-47
   3.9409617e+02   6.1628142e-47
   3.9500496e+02   6.1689578e-47
   3.9591584e+02   6.1751285e-47
   3.9682883e+02   6.1813265e-47
   3.9774392e+02   6.1875520e-47
   3.9866112e+02   6.1938050e-47
   3.9958044e+02   6.2000858e-47
   4.0050187e+02   6.2063944e-47
   4.0142543e+02   6.2127310e-47
   4.0235112e+02   6.2190958e-47
   4.0327895e+02   6.2254888e-47
   4.0420891e+02   6.2319102e-47
   4.0514102e+02   6.2383603e-47
   4.0607528e+02   6.2448390e-47
   4.0701169e+02   6.2513467e-47
   4.0795026e+02   6.2578833e-47
   4.0889100e+02   6.2644491e-47
   4.0983390e+02   6.2710442e-47
   4.1077898e+02   6.2776688e-47
   4.1172624e+02   6.2843229e-47
   4.1267569e+02   6.2910069e-47
   4.1362732e+02   6.2977207e-47
   4.1458115e+02   6.3044647e-47
   4.1553718e+02   6.3112388e-47
   4.1649541e+02   6.3180434e-47
   4.1745585e+02   6.3248785e-47
   4.1841851e+02   6.3317442e-47
   4.1938338e+02   6.3386409e-47
   4.2035048e+02   6.3455685e-47
   4.2131982e+02   6.3525274e-47
   4.2229138e+02   6.3595175e-47
   4.2326519e+02   6.3665392e-47
   4.2424124e+02   6.3735926e-47
   4.2521955e+02   6.3806778e-47
   4.2620010e+02   6.3877951e-47
   4.2718293e+02   6.3949445e-47
   4.2816801e+02   6.4021263e-47
   4.2915537e+02   6.4093407e-47
   4.3014501e+02   6.4165877e-47
   4.3113692e+02   6.4238677e-47
   4.3213113e+02   6.4311808e-47
   4.3312763e+02   6.4385272e-47
   4.3412642e+02   6.4459071e-47
   4.3512752e+02   6.4533206e-47
   4.3613093e+02   6.4607680e-47
   4.3713665e+02   6.4682496e-47
   4.3814469e+02   6.4757654e-47
   4.3915506e+02   6.4833158e-47
   4.4016775e+02   6.4909010e-47
   4.4118278e+02   6.4985211e-47
   4.4220015e+02   6.5061766e-47
   4.4321987e+02   6.5138676e-47
   4.4424194e+02   6.5215944e-47
   4.4526636e+02   6.5293573e-47
   4.4629315e+02   6.5371567e-47
   4.4732231e+02   6.5449928e-47
   4.4835383e+02   6.5528661e-47
   4.4938774e+02   6.5607770e-47
   4.5042403e+02   6.5687259e-47
   4.5146271e+02   6.5767134e-47
   4.5250379e+02   6.5847400e-47
   4.5354727e+02   6.5928063e-47
   4.5459315e+02   6.6009132e-47
   4.5564145e+02   6.6090615e-47
   4.5669216e+02   6.6172522e-47
   4.5774529e+02   6.6254867e-47
   4.5880086e+02   6.6337664e-47
   4.5985886e+02   6.6420933e-47
   4.6091930e+02   6.6504698e-47
   4.6198218e+02   6.6588988e-47
   4.6304751e+02   6.6673844e-47
   4.6411530e+02   6.6759318e-47
   4.6518556e+02   6.6845482e-47
   4.6625828e+02   6.6932433e-47
   4.6733347e+02   6.7020313e-47
   4.6841115e+02   6.7109327e-47
   4.6949131e+02   6.7199788e-47
   4.7057396e+02   6.7292188e-47
   4.7165911e+02   6.7387347e-47
   4.7274676e+02   6.7486705e-47
   4.7383691e+02   6.7592997e-47
   4.7492958e+02   6.7711954e-47
   4.7602478e+02   6.7857341e-47
   4.7712249e+02   6.8069593e-47
   4.7822274e+02   6.8514900e-47
   4.7932553e+02   7.0598381e-47
   4.8043085e+02   1.7060466e-45
   4.8153873e+02   7.0354293e-47
   4.8264916e+02   6.8802613e-47
   4.8376216e+02   6.8579203e-47
   4.8487772e+02   6.8559757e-47
   4.8599585e+02   6.8600303e-47
   4.8711656e+02   6.8664830e-47
   4.8823985e+02   6.8740923e-47
   4.8936574e+02   6.8823381e-47
   4.9049422e+02   6.8909715e-47
   4.9162530e+02   6.8998616e-47
   4.9275899e+02   6.9089342e-47
   4.9389530e+02   6.9181449e-47
   4.9503423e+02   6.9274657e-47
   4.9617578e+02   6.9368783e-47
   4.9731996e+02   6.9463705e-47
   4.9846679e+02   6.9559337e-47
   4.9961626e+02   6.9655619e-47
   5.0076837e+02   6.9752509e-47
   5.0192315e+02   6.9849975e-47
   5.0308059e+02   6.9947994e-47
   5.0424070e+02   7.0046548e-47
   5.0540348e+02   7.0145624e-47
   5.0656894e+02   7.0245214e-47
   5.0773710e+02   7.0345309e-47
   5.0890794e+02   7.0445905e-47
   5.1008149e+02   7.0546997e-47
   5.1125774e+02   7.0648583e-47
   5.1243670e+02   7.0750661e-47
   5.1361839e+02   7.0853229e-47
   5.1480279e+02   7.0956288e-47
   5.1598993e+02   7.1059836e-47
   5.1717981e+02   7.1163874e-47
   5.1837243e+02   7.1268403e-47
   5.1956780e+02   7.1373424e-47
   5.2076593e+02   7.1478937e-47
   5.2196682e+02   7.1584944e-47
   5.2317048e+02   7.1691446e-47
   5.2437691e+02   7.1798445e-47
   5.2558613e+02   7.1905942e-47
   5.2679814e+02   7.2013939e-47
   5.2801294e+02   7.2122438e-47
   5.2923054e+02   7.2231441e-47
   5.3045095e+02   7.2340949e-47
   5.3167417e+02   7.2450965e-47
   5.3290022e+02   7.2561490e-47
   5.3412909e+02   7.2672528e-47
   5.3536079e+02   7.2784079e-47
   5.3659534e+02   7.2896147e-47
   5.3783273e+02   7.3008733e-47
   5.3907298e+02   7.3121839e-47
   5.4031609e+02   7.3235469e-47
   5.4156206e+02   7.3349624e-47
   5.4281090e+02   7.3464306e-47
   5.4406263e+02   7.3579518e-47
   5.4531724e+02   7.3695262e-47
   5.4657475e+02   7.3811541e-47
   5.4783515e+02   7.3928358e-47
   5.4909847e+02   7.4045713e-47
   5.5036469e+02   7.4163611e-47
   5.5163384e+02   7.4282053e-47
   5.5290591e+02   7.4401042e-47
   5.5418091e+02   7.4520581e-47
   5.5545886e+02   7.4640672e-47
   5.5673975e+02   7.4761317e-47
   5.5802360e+02   7.4882519e-47
   5.5931040e+02   7.5004281e-47
   5.6060018e+02   7.5126605e-47
   5.6189293e+02   7.5249495e-47
   5.6318866e+02   7.5372951e-47
   5.6448737e+02   7.5496978e-47
   5.6578909e+02   7.5621578e-47
   5.6709380e+02   7.5746753e-47
   5.6840152e+02   7.5872506e-47
   5.6971226e+02   7.5998840e-47
   5.7102602e+02   7.6125758e-47
   5.7234281e+02   7.6253261e-47
   5.7366264e+02   7.6381354e-47
   5.7498551e+02   7.6510038e-47
   5.7631143e+02   7.6639317e-47
   5.7764041e+02   7.6769194e-47
   5.7897245e+02   7.6899670e-47
   5.8030757e+02   7.7030749e-47
   5.8164576e+02   7.7162433e-47
   5.8298704e+02   7.7294727e-47
   5.8433141e+02   7.7427631e-47
   5.8567889e+02   7.7561150e-47
   5.8702947e+02   7.7695285e-47
   5.8838316e+02   7.7830041e-47
   5.8973998e+02   7.7965419e-47
   5.9109992e+02   7.8101423e-47
   5.9246300e+02   7.8238056e-47
   5.9382923e+02   7.8375320e-47
   5.9519860e+02   7.8513219e-47
   5.9657113e+02   7.8651756e-47
   5.9794683e+02   7.8790932e-47
   5.9932570e+02   7.8930753e-47
   6.0070775e+02   7.9071219e-47
   6.0209299e+02   7.9212335e-47
   6.0348142e+02   7.9354104e-47
   6.0487305e+02   7.9496528e-47
   6.0626789e+02   7.9639611e-47
   6.0766595e+02   7.9783356e-47
   6.0906723e+02   7.9927765e-47
   6.1047175e+02   8.0072842e-47
   6.1187950e+02   8.0218590e-47
   6.1329050e+02   8.0365013e-47
   6.1470475e+02   8.0512112e-47
   6.1612226e+02   8.0659892e-47
   6.1754305e+02   8.0808356e-47
   6.1896711e+02   8.0957506e-47
   6.2039445e+02   8.1107346e-47
   6.2182508e+02   8.1257880e-47
   6.2325902e+02   8.1409110e-47
   6.2469626e+02   8.1561040e-47
   6.2613681e+02   8.1713673e-47
   6.2758069e+02   8.1867012e-47
   6.2902789e+02   8.2021060e-47
   6.3047844e+02   8.2175821e-47
   6.3193232e+02   8.2331299e-47
   6.3338957e+02   8.2487496e-47
   6.3485017e+02   8.2644416e-47
   6.3631414e+02   8.2802062e-47
   6.3778148e+02   8.2960438e-47
   6.3925221e+02   8.3119546e-47
   6.4072633e+02   8.3279392e-47
   6.4220385e+02   8.3439977e-47
   6.4368478e+02   8.3601305e-47
   6.4516912e+02   8.3763380e-47
   6.4665688e+02   8.3926205e-47
   6.4814808e+02   8.4089784e-47
   6.4964271e+02   8.4254121e-47
   6.5114080e+02   8.4419218e-47
   6.5264233e+02   8.4585079e-47
   6.5414733e+02   8.4751708e-47
   6.5565580e+02   8.4919109e-47
   6.5716775e+02   8.5087285e-47
   6.5868318e+02   8.5256239e-47
   6.6020211e+02   8.5425976e-47
   6.6172454e+02   8.5596498e-47
   6.6325048e+02   8.5767810e-47
   6.6477994e+02   8.5939916e-47
   6.6631293e+02   8.6112818e-47
   6.6784945e+02   8.6286521e-47
   6.6938952e+02   8.6461028e-47
   6.7093314e+02   8.6636344e-47
   6.7248031e+02   8.6812471e-47
   6.7403106e+02   8.6989414e-47
   6.7558538e+02   8.7167176e-47
   6.7714328e+02   8.7345762e-47
   6.7870478e+02   8.7525174e-47
   6.8026988e+02   8.7705418e-47
   6.8183859e+02   8.7886496e-47
   6.8341091e+02   8.8068413e-47
   6.8498686e+02   8.8251173e-47
   6.8656645e+02   8.8434779e-47
   6.8814967e+02   8.8619235e-47
   6.8973655e+02   8.8804546e-47
   6.9132709e+02   8.8990715e-47
   6.9292130e+02   8.9177746e-47
   6.9451918e+02   8.9365644e-47
   6.9612074e+02   8.9554412e-47
   6.9772600e+02   8.9744054e-47
   6.9933497e+02   8.9934575e-47
   7.0094764e+02   9.0125978e-47
   7.0256403e+02   9.0318268e-47
   7.0418415e+02   9.0511449e-47
   7.0580800e+02   9.0705525e-47
   7.0743560e+02   9.0900499e-47
   7.0906695e+02   9.1096377e-47
   7.1070206e+02   9.1293162e-47
   7.1234095e+02   9.1490859e-47
   7.1398361e+02   9.1689472e-47
   7.1563006e+02   9.1889005e-47
   7.1728031e+02   9.2089462e-47
   7.1893437e+02   9.2290848e-47
   7.2059223e+02   9.2493166e-47
   7.2225393e+02   9.2696422e-47
   7.2391945e+02   9.2900620e-47
   7.2558881e+02   9.3105764e-47
   7.2726203e+02   9.3311858e-47
   7.2893910e+02   9.3518907e-47
   7.3062004e+02   9.3726915e-47
   7.3230485e+02   9.3935887e-47
   7.3399355e+02   9.4145827e-47
   7.3568615e+02   9.4356739e-47
   7.3738265e+02   9.4568629e-47
   7.3908306e+02   9.4781500e-47
   7.4078739e+02   9.4995358e-47
   7.4249565e+02   9.5210207e-47
   7.4420785e+02   9.5426051e-47
   7.4592400e+02   9.5642894e-47
   7.4764410e+02   9.5860743e-47
   7.4936818e+02   9.6079601e-47
   7.5109623e+02   9.6299473e-47
   7.5282826e+02   9.6520364e-47
   7.5456429e+02   9.6742278e-47
   7.5630432e+02   9.6965220e-47
   7.5804836e+02   9.7189195e-47
   7.5979643e+02   9.7414208e-47
   7.6154852e+02   9.7640263e-47
   7.6330466e+02   9.7867366e-47
   7.6506485e+02   9.8095521e-47
   7.6682909e+02   9.8324733e-47
   7.6859741e+02   9.8555007e-47
   7.7036980e+02   9.8786348e-47
   7.7214628e+02   9.9018760e-47
   7.7392685e+02   9.9252250e-47
   7.7571153e+02   9.9486821e-47
   7.7750033e+02   9.9722480e-47
   7.7929325e+02   9.9959230e-47
   7.8109031e+02   1.0019708e-46
   7.8289151e+02   1.0043603e-46
   7.8469686e+02   1.0067608e-46
   7.8650638e+02   1.0091725e-46
   7.8832007e+02   1.0115954e-46
   7.9013794e+02   1.0140294e-46
   7.9196000e+02   1.0164748e-46
   7.9378627e+02   1.0189315e-46
   7.9561675e+02   1.0213996e-46
   7.9745144e+02   1.0238791e-46
   7.9929037e+02   1.0263701e-46
   8.0113354e+02   1.0288726e-46
   8.0298096e+02   1.0313867e-46
   8.0483264e+02   1.0339125e-46
   8.0668859e+02   1.0364500e-46
   8.0854882e+02   1.0389992e-46
   8.1041334e+02   1.0415603e-46
   8.1228216e+02   1.0441332e-46
   8.1415529e+02   1.0467180e-46
   8.1603274e+02   1.0493148e-46
   8.1791452e+02   1.0519236e-46
   8.1980064e+02   1.0545446e-46
   8.2169110e+02   1.0571776e-46
   8.2358593e+02   1.0598229e-46
   8.2548512e+02   1.0624804e-46
   8.2738870e+02   1.0651503e-46
   8.2929666e+02   1.0678325e-46
   8.3120903e+02   1.0705271e-46
   8.3312580e+02   1.0732342e-46
   8.3504700e+02   1.0759538e-46
   8.3697262e+02   1.0786861e-46
   8.3890269e+02   1.0814310e-46
   8.4083720e+02   1.0841886e-46
   8.4277618e+02   1.0869590e-46
   8.4471963e+02   1.0897423e-46
   8.4666756e+02   1.0925384e-46
   8.4861998e+02   1.0953475e-46
   8.5057690e+02   1.0981696e-46
   8.5253834e+02   1.1010048e-46
   8.5450430e+02   1.1038531e-46
   8.5647479e+02   1.1067146e-46
   8.5844983e+02   1.1095893e-46
   8.6042942e+02   1.1124774e-46
   8.6241358e+02   1.1153788e-46
   8.6440231e+02   1.1182937e-46
   8.6639563e+02   1.1212221e-46
   8.6839354e+02   1.1241641e-46
   8.7039607e+02   1.1271197e-46
   8.7240321e+02   1.1300889e-46
   8.7441498e+02   1.1330720e-46
   8.7643138e+02   1.1360688e-46
   8.7845244e+02   1.1390796e-46
   8.8047816e+02   1.1421043e-46
   8.8250855e+02   1.1451429e-46
   8.8454362e+02   1.1481957e-46
   8.8658338e+02   1.1512626e-46
   8.8862785e+02   1.1543438e-46
   8.9067703e+02   1.1574391e-46
   8.9273094e+02   1.1605489e-46
   8.9478959e+02   1.1636730e-46
   8.9685298e+02   1.1668116e-46
   8.9892113e+02   1.1699648e-46
   9.0099405e+02   1.1731325e-46
   9.0307175e+02   1.1763150e-46
   9.0515424e+02   1.1795122e-46
   9.0724153e+02   1.1827241e-46
   9.0933364e+02   1.1859510e-46
   9.1143057e+02   1.1891929e-46
   9.1353233e+02   1.1924497e-46
   9.1563894e+02   1.1957217e-46
   9.1775041e+02   1.1990088e-46
   9.1986675e+02   1.2023111e-46
   9.2198797e+02   1.2056288e-46
   9.2411408e+02   1.2089619e-46
   9.2624510e+02   1.2123104e-46
   9.2838103e+02   1.2156745e-46
   9.3052188e+02   1.2190542e-46
   9.3266767e+02   1.2224496e-46
   9.3481841e+02   1.2258609e-46
   9.3697411e+02   1.2292881e-46
   9.3913478e+02   1.2327313e-46
   9.4130043e+02   1.2361908e-46
   9.4347108e+02   1.2396667e-46
   9.4564673e+02   1.2431594e-46
   9.4782740e+02   1.2466694e-46
   9.5001309e+02   1.2501980e-46
   9.5220383e+02   1.2537477e-46
   9.5439962e+02   1.2573264e-46
   9.5660047e+02   1.2609672e-46
   9.5880640e+02   1.2649747e-46
   9.6101742e+02   1.3030979e-46
   9.6323353e+02   1.2720016e-46
   9.6545475e+02   1.2753935e-46
   9.6768110e+02   1.2789983e-46
   9.6991258e+02   1.2826524e-46
   9.7214920e+02   1.2863332e-46
   9.7439099e+02   1.2900351e-46
   9.7663794e+02   1.2937559e-46
   9.7889008e+02   1.2974950e-46
   9.8114740e+02   1.3012520e-46
   9.8340994e+02   1.3050267e-46
   9.8567769e+02   1.3088192e-46
   9.8795067e+02   1.3126294e-46
   9.9022889e+02   1.3164573e-46
   9.9251237e+02   1.3203031e-46
   9.9480111e+02   1.3241667e-46
   9.9709513e+02   1.3280483e-46
   9.9939443e+02   1.3319478e-46
   1.0016990e+03   1.3358655e-46
   1.0040090e+03   1.3398013e-46
   1.0063242e+03   1.3437554e-46
   1.0086448e+03   1.3477277e-46
   1.0109708e+03   1.3517185e-46
   1.0133021e+03   1.3557278e-46
   1.0156387e+03   1.3597556e-46
   1.0179808e+03   1.3638021e-46
   1.0203283e+03   1.3678673e-46
   1.0226812e+03   1.3719513e-46
   1.0250395e+03   1.3760543e-46
   1.0274032e+03   1.3801762e-46
   1.0297724e+03   1.3843172e-46
   1.0321471e+03   1.3884775e-46
   1.0345272e+03   1.3926569e-46
   1.0369129e+03   1.3968557e-46
   1.0393040e+03   1.4010740e-46
   1.0417006e+03   1.4053118e-46
   1.0441028e+03   1.4095692e-46
   1.0465105e+03   1.4138463e-46
   1.0489238e+03   1.4181432e-46
   1.0513426e+03   1.4224600e-46
   1.0537670e+03   1.4267967e-46
   1.0561970e+03   1.4311536e-46
   1.0586326e+03   1.4355306e-46
   1.0610738e+03   1.4399279e-46
   1.0635207e+03   1.4443455e-46
   1.0659731e+03   1.4487836e-46
   1.0684313e+03   1.4532422e-46
   1.0708951e+03   1.4577214e-46
   1.0733646e+03   1.4622214e-46
   1.0758398e+03   1.4667422e-46
   1.0783207e+03   1.4712840e-46
   1.0808073e+03   1.4758467e-46
   1.0832996e+03   1.4804306e-46
   1.0857977e+03   1.4850357e-46
   1.0883016e+03   1.4896621e-46
   1.0908112e+03   1.4943099e-46
   1.0933266e+03   1.4989792e-46
   1.0958479e+03   1.5036702e-46
   1.0983749e+03   1.5083828e-46
   1.1009078e+03   1.5131172e-46
   1.1034465e+03   1.5178736e-46
   1.1059910e+03   1.5226520e-46
   1.1085414e+03   1.5274525e-46
   1.1110977e+03   1.5322752e-46
   1.1136599e+03   1.5371202e-46
   1.1162281e+03   1.5419876e-46
   1.1188021e+03   1.5468776e-46
   1.1213820e+03   1.5517902e-46
   1.1239680e+03   1.5567255e-46
   1.1265598e+03   1.5616836e-46
   1.1291577e+03   1.5666647e-46
   1.1317615e+03   1.5716689e-46
   1.1343714e+03   1.5766962e-46
   1.1369873e+03   1.5817468e-46
   1.1396092e+03   1.5868207e-46
   1.1422371e+03   1.5919181e-46
   1.1448711e+03   1.5970391e-46
   1.1475112e+03   1.6021838e-46
   1.1501574e+03   1.6073523e-46
   1.1528096e+03   1.6125447e-46
   1.1554680e+03   1.6177612e-46
   1.1581325e+03   1.6230017e-46
   1.1608032e+03   1.6282665e-46
   1.1634800e+03   1.6335557e-46
   1.1661630e+03   1.6388694e-46
   1.1688522e+03   1.6442076e-46
   1.1715476e+03   1.6495705e-46
   1.1742492e+03   1.6549583e-46
   1.1769570e+03   1.6603710e-46
   1.1796711e+03   1.6658087e-46
   1.1823914e+03   1.6712715e-46
   1.1851180e+03   1.6767597e-46
   1.1878509e+03   1.6822732e-46
   1.1905901e+03   1.6878123e-46
   1.1933356e+03   1.6933769e-46
   1.1960875e+03   1.6989673e-46
   1.1988456e+03   1.7045836e-46
   1.2016102e+03   1.7102259e-46
   1.2043811e+03   1.7158942e-46
   1.2071584e+03   1.7215888e-46
   1.2099421e+03   1.7273097e-46
   1.2127323e+03   1.7330571e-46
   1.2155288e+03   1.7388311e-46
   1.2183319e+03   1.7446318e-46
   1.2211413e+03   1.7504593e-46
   1.2239573e+03   1.7563138e-46
   1.2267798e+03   1.7621953e-46
   1.2296087e+03   1.7681041e-46
   1.2324442e+03   1.7740402e-46
   1.2352862e+03   1.7800037e-46
   1.2381348e+03   1.7859949e-46
   1.2409900e+03   1.7920137e-46
   1.2438517e+03   1.7980604e-46
   1.2467200e+03   1.8041351e-46
   1.2495950e+03   1.8102378e-46
   1.2524766e+03   1.8163688e-46
   1.2553648e+03   1.8225282e-46
   1.2582597e+03   1.8287160e-46
   1.2611612e+03   1.8349324e-46
   1.2640695e+03   1.8411776e-46
   1.2669844e+03   1.8474517e-46
   1.2699061e+03   1.8537548e-46
   1.2728345e+03   1.8600871e-46
   1.2757697e+03   1.8664487e-46
   1.2787116e+03   1.8728396e-46
   1.2816603e+03   1.8792602e-46
   1.2846158e+03   1.8857104e-46
   1.2875782e+03   1.8921905e-46
   1.2905473e+03   1.8987005e-46
   1.2935233e+03   1.9052406e-46
   1.2965062e+03   1.9118110e-46
   1.2994960e+03   1.9184118e-46
   1.3024926e+03   1.9250431e-46
   1.3054962e+03   1.9317051e-46
   1.3085067e+03   1.9383978e-46
   1.3115241e+03   1.9451216e-46
   1.3145485e+03   1.9518764e-46
   1.3175798e+03   1.9586624e-46
   1.3206182e+03   1.9654799e-46
   1.3236635e+03   1.9723289e-46
   1.3267159e+03   1.9792095e-46
   1.3297753e+03   1.9861220e-46
   1.3328418e+03   1.9930664e-46
   1.3359154e+03   2.0000430e-46
   1.3389960e+03   2.0070518e-46
   1.3420837e+03   2.0140930e-46
   1.3451786e+03   2.0211668e-46
   1.3482806e+03   2.0282732e-46
   1.3513897e+03   2.0354126e-46
   1.3545060e+03   2.0425850e-46
   1.3576295e+03   2.0497905e-46
   1.3607602e+03   2.0570294e-46
   1.3638982e+03   2.0643017e-46
   1.3670433e+03   2.0716076e-46
   1.3701957e+03   2.0789474e-46
   1.3733554e+03   2.0863211e-46
   1.3765224e+03   2.0937288e-46
   1.3796966e+03   2.1011709e-46
   1.3828782e+03   2.1086473e-46
   1.3860672e+03   2.1161583e-46
   1.3892634e+03   2.1237041e-46
   1.3924671e+03   2.1312847e-46
   1.3956781e+03   2.1389004e-46
   1.3988966e+03   2.1465513e-46
   1.4021224e+03   2.1542376e-46
   1.4053558e+03   2.1619595e-46
   1.4085965e+03   2.1697171e-46
   1.4118448e+03   2.1775105e-46
   1.4151005e+03   2.1853401e-46
   1.4183637e+03   2.1932059e-46
   1.4216345e+03   2.2011082e-46
   1.4249128e+03   2.2090472e-46
   1.4281986e+03   2.2170234e-46
   1.4314921e+03   2.2250376e-46
   1.4347931e+03   2.2330930e-46
   1.4381017e+03   2.2412163e-46
   1.4414180e+03   2.2560436e-46
   1.4447419e+03   2.2574877e-46
   1.4480735e+03   2.2656613e-46
   1.4514128e+03   2.2738932e-46
   1.4547598e+03   2.2821664e-46
   1.4581144e+03   2.2904788e-46
   1.4614769e+03   2.2988300e-46
   1.4648470e+03   2.3072200e-46
   1.4682250e+03   2.3156489e-46
   1.4716107e+03   2.3241168e-46
   1.4750043e+03   2.3326239e-46
   1.4784056e+03   2.3411704e-46
   1.4818149e+03   2.3497564e-46
   1.4852319e+03   2.3583820e-46
   1.4886569e+03   2.3670476e-46
   1.4920897e+03   2.3757532e-46
   1.4955305e+03   2.3844991e-46
   1.4989792e+03   2.3932854e-46
   1.5024359e+03   2.4021124e-46
   1.5059005e+03   2.4109801e-46
   1.5093731e+03   2.4198889e-46
   1.5128538e+03   2.4288388e-46
   1.5163424e+03   2.4378301e-46
   1.5198391e+03   2.4468629e-46
   1.5233439e+03   2.4559376e-46
   1.5268567e+03   2.4650541e-46
   1.5303776e+03   2.4742128e-46
   1.5339067e+03   2.4834139e-46
   1.5374439e+03   2.4926574e-46
   1.5409893e+03   2.5019437e-46
   1.5445428e+03   2.5112730e-46
   1.5481045e+03   2.5206453e-46
   1.5516745e+03   2.5300610e-46
   1.5552526e+03   2.5395202e-46
   1.5588391e+03   2.5490231e-46
   1.5624338e+03   2.5585700e-46
   1.5660367e+03   2.5681609e-46
   1.5696480e+03   2.5777962e-46
   1.5732677e+03   2.5874761e-46
   1.5768956e+03   2.5972007e-46
   1.5805320e+03   2.6069702e-46
   1.5841767e+03   2.6167849e-46
   1.5878298e+03   2.6266449e-46
   1.5914913e+03   2.6365506e-46
   1.5951613e+03   2.6465020e-46
   1.5988398e+03   2.6564994e-46
   1.6025267e+03   2.6665430e-46
   1.6062222e+03   2.6766330e-46
   1.6099261e+03   2.6867697e-46
   1.6136386e+03   2.6969532e-46
   1.6173597e+03   2.7071838e-46
   1.6210893e+03   2.7174617e-46
   1.6248276e+03   2.7277871e-46
   1.6285744e+03   2.7381602e-46
   1.6323300e+03   2.7485812e-46
   1.6360941e+03   2.7590504e-46
   1.6398670e+03   2.7695680e-46
   1.6436485e+03   2.7801342e-46
   1.6474388e+03   2.7907492e-46
   1.6512378e+03   2.8014133e-46
   1.6550456e+03   2.8121267e-46
   1.6588621e+03   2.8228896e-46
   1.6626874e+03   2.8337022e-46
   1.6665216e+03   2.8445648e-46
   1.6703646e+03   2.8554777e-46
   1.6742165e+03   2.8664409e-46
   1.6780773e+03   2.8774548e-46
   1.6819469e+03   2.8885196e-46
   1.6858255e+03   2.8996356e-46
   1.6897130e+03   2.9108029e-46
   1.6936095e+03   2.9220218e-46
   1.6975150e+03   2.9332926e-46
   1.7014295e+03   2.9446154e-46
   1.7053530e+03   2.9559906e-46
   1.7092855e+03   2.9674184e-46
   1.7132272e+03   2.9788989e-46
   1.7171779e+03   2.9904325e-46
   1.7211377e+03   3.0020195e-46
   1.7251067e+03   3.0136599e-46
   1.7290848e+03   3.0253542e-46
   1.7330721e+03   3.0371025e-46
   1.7370685e+03   3.0489051e-46
   1.7410742e+03   3.0607622e-46
   1.7450892e+03   3.0726741e-46
   1.7491133e+03   3.0846411e-46
   1.7531468e+03   3.0966634e-46
   1.7571896e+03   3.1087412e-46
   1.7612417e+03   3.1208748e-46
   1.7653031e+03   3.1330645e-46
   1.7693739e+03   3.1453106e-46
   1.7734541e+03   3.1576132e-46
   1.7775437e+03   3.1699727e-46
   1.7816427e+03   3.1823893e-46
   1.7857512e+03   3.1948632e-46
   1.7898692e+03   3.2073948e-46
   1.7939966e+03   3.2199844e-46
   1.7981336e+03   3.2326320e-46
   1.8022801e+03   3.2453382e-46
   1.8064362e+03   3.2581030e-46
   1.8106018e+03   3.2709268e-46
   1.8147771e+03   3.2838099e-46
   1.8189620e+03   3.2967525e-46
   1.8231565e+03   3.3097550e-46
   1.8273607e+03   3.3228175e-46
   1.8315746e+03   3.3359403e-46
   1.8357983e+03   3.3491238e-46
   1.8400316e+03   3.3623682e-46
   1.8442748e+03   3.3756738e-46
   1.8485277e+03   3.3890409e-46
   1.8527904e+03   3.4024698e-46
   1.8570629e+03   3.4159607e-46
   1.8613453e+03   3.4295139e-46
   1.8656376e+03   3.4431298e-46
   1.8699398e+03   3.4568086e-46
   1.8742519e+03   3.4705505e-46
   1.8785739e+03   3.4843560e-46
   1.8829059e+03   3.4982253e-46
   1.8872479e+03   3.5121587e-46
   1.8915999e+03   3.5261564e-46
   1.8959620e+03   3.5402189e-46
   1.9003341e+03   3.5543464e-46
   1.9047163e+03   3.5685392e-46
   1.9091086e+03   3.5827979e-46
   1.9135110e+03   3.5971234e-46
   1.9179235e+03   3.6115230e-46
   1.9223463e+03   3.6262074e-46
   1.9267792e+03   3.6404971e-46
   1.9312224e+03   3.6550838e-46
   1.9356758e+03   3.6697411e-46
   1.9401395e+03   3.6844665e-46
   1.9446135e+03   3.6992602e-46
   1.9490978e+03   3.7141223e-46
   1.9535924e+03   3.7290531e-46
   1.9580974e+03   3.7440529e-46
   1.9626128e+03   3.7591220e-46
   1.9671386e+03   3.7742608e-46
   1.9716748e+03   3.7894695e-46
   1.9762215e+03   3.8047484e-46
   1.9807787e+03   3.8200980e-46
   1.9853464e+03   3.8355185e-46
   1.9899246e+03   3.8510102e-46
   1.9945134e+03   3.8665735e-46
   1.9991128e+03   3.8822087e-46
   2.0037227e+03   3.8979161e-46
   2.0083433e+03   3.9136961e-46
   2.0129746e+03   3.9295490e-46
   2.0176165e+03   3.9454751e-46
   2.0222692e+03   3.9614748e-46
   2.0269325e+03   3.9775485e-46
   2.0316067e+03   3.9936964e-46
   2.0362916e+03   4.0099189e-46
   2.0409873e+03   4.0262163e-46
   2.0456938e+03   4.0425891e-46
   2.0504112e+03   4.0590374e-46
   2.0551394e+03   4.0755618e-46
   2.0598786e+03   4.0921625e-46
   2.0646287e+03   4.1088399e-46
   2.0693898e+03   4.1255944e-46
   2.0741618e+03   4.1424262e-46
   2.0789448e+03   4.1593358e-46
   2.0837389e+03   4.1763236e-46
   2.0885440e+03   4.1933898e-46
   2.0933602e+03   4.2105348e-46
   2.0981875e+03   4.2277591e-46
   2.1030259e+03   4.2450629e-46
   2.1078755e+03   4.2624467e-46
   2.1127363e+03   4.2799107e-46
   2.1176083e+03   4.2974555e-46
   2.1224915e+03   4.3150813e-46
   2.1273860e+03   4.3327885e-46
   2.1322918e+03   4.3505775e-46
   2.1372088e+03   4.3684487e-46
   2.1421373e+03   4.3864025e-46
   2.1470771e+03   4.4044392e-46
   2.1520282e+03   4.4225592e-46
   2.1569908e+03   4.4407630e-46
   2.1619649e+03   4.4590508e-46
   2.1669504e+03   4.4774231e-46
   2.1719474e+03   4.4958803e-46
   2.1769559e+03   4.5144227e-46
   2.1819760e+03   4.5330508e-46
   2.1870076e+03   4.5517650e-46
   2.1920509e+03   4.5705656e-46
   2.1971058e+03   4.5894530e-46
   2.2021723e+03   4.6084277e-46
   2.2072505e+03   4.6274901e-46
   2.2123405e+03   4.6466405e-46
   2.2174421e+03   4.6658794e-46
   2.2225556e+03   4.6852071e-46
   2.2276808e+03   4.7046241e-46
   2.2328179e+03   4.7241309e-46
   2.2379668e+03   4.7437277e-46
   2.2431275e+03   4.7634151e-46
   2.2483002e+03   4.7831934e-46
   2.2534848e+03   4.8030630e-46
   2.2586814e+03   4.8230245e-46
   2.2638899e+03   4.8430781e-46
   2.2691104e+03   4.8632244e-46
   2.2743430e+03   4.8834638e-46
   2.2795877e+03   4.9037966e-46
   2.2848444e+03   4.9242234e-46
   2.2901133e+03   4.9447445e-46
   2.2953943e+03   4.9653604e-46
   2.3006875e+03   4.9860715e-46
   2.3059929e+03   5.0068784e-46
   2.3113105e+03   5.0277813e-46
   2.3166404e+03   5.0487808e-46
   2.3219826e+03   5.0698772e-46
   2.3273371e+03   5.0910712e-46
   2.3327040e+03   5.1123630e-46
   2.3380832e+03   5.1337532e-46
   2.3434749e+03   5.1552422e-46
   2.3488789e+03   5.1768304e-46
   2.3542955e+03   5.1985184e-46
   2.3597245e+03   5.2203065e-46
   2.3651660e+03   5.2421953e-46
   2.3706201e+03   5.2641852e-46
   2.3760868e+03   5.2862767e-46
   2.3815661e+03   5.3084703e-46
   2.3870580e+03   5.3307664e-46
   2.3925626e+03   5.3531659e-46
   2.3980798e+03   5.3756721e-46
   2.4036098e+03   5.3982979e-46
   2.4091526e+03   5.4209861e-46
   2.4147081e+03   5.4438009e-46
   2.4202764e+03   5.4667218e-46
   2.4258576e+03   5.4897487e-46
   2.4314516e+03   5.5128820e-46
   2.4370586e+03   5.5361222e-46
   2.4426785e+03   5.5594697e-46
   2.4483113e+03   5.5829251e-46
   2.4539571e+03   5.6064888e-46
   2.4596160e+03   5.6301614e-46
   2.4652879e+03   5.6539433e-46
   2.4709728e+03   5.6778350e-46
   2.4766709e+03   5.7018371e-46
   2.4823821e+03   5.7259501e-46
   2.4881065e+03   5.7501744e-46
   2.4938441e+03   5.7745107e-46
   2.4995949e+03   5.7989593e-46
   2.5053590e+03   5.8235208e-46
   2.5111364e+03   5.8481959e-46
   2.5169271e+03   5.8729848e-46
   2.5227312e+03   5.8978883e-46
   2.5285486e+03   5.9229068e-46
   2.5343794e+03   5.9480408e-46
   2.5402237e+03   5.9732910e-46
   2.5460815e+03   5.9986578e-46
   2.5519528e+03   6.0241417e-46
   2.5578376e+03   6.0497433e-46
   2.5637360e+03   6.0754632e-46
   2.5696480e+03   6.1013019e-46
   2.5755736e+03   6.1272599e-46
   2.5815129e+03   6.1533378e-46
   2.5874659e+03   6.1795362e-46
   2.5934326e+03   6.2058555e-46
   2.5994131e+03   6.2322965e-46
   2.6054074e+03   6.2588595e-46
   2.6114155e+03   6.2855453e-46
   2.6174374e+03   6.3123542e-46
   2.6234732e+03   6.3392871e-46
   2.6295230e+03   6.3663443e-46
   2.6355867e+03   6.3935264e-46
   2.6416644e+03   6.4208342e-46
   2.6477561e+03   6.4482680e-46
   2.6538618e+03   6.4758286e-46
   2.6599816e+03   6.5035164e-46
   2.6661156e+03   6.5313321e-46
   2.6722637e+03   6.5592763e-46
   2.6784259e+03   6.5873496e-46
   2.6846024e+03   6.6155525e-46
   2.6907931e+03   6.6438857e-46
   2.6969981e+03   6.6723497e-46
   2.7032174e+03   6.7009452e-46
   2.7094510e+03   6.7296728e-46
   2.7156991e+03   6.7585330e-46
   2.7219615e+03   6.7875266e-46
   2.7282383e+03   6.8166540e-46
   2.7345297e+03   6.8459160e-46
   2.7408355e+03   6.8753131e-46
   2.7471559e+03   6.9048460e-46
   2.7534909e+03   6.9345153e-46
   2.7598405e+03   6.9643216e-46
   2.7662047e+03   6.9942656e-46
   2.7725836e+03   7.0243479e-46
   2.7789772e+03   7.0545691e-46
   2.7853855e+03   7.0849299e-46
   2.7918086e+03   7.1154309e-46
   2.7982465e+03   7.1460728e-46
   2.8046993e+03   7.1768562e-46
   2.8111670e+03   7.2077818e-46
   2.8176496e+03   7.2388502e-46
   2.8241471e+03   7.2700621e-46
   2.8306596e+03   7.3014181e-46
   2.8371871e+03   7.3329190e-46
   2.8437297e+03   7.3645653e-46
   2.8502873e+03   7.3963578e-46
   2.8568601e+03   7.4282972e-46
   2.8634481e+03   7.4603840e-46
   2.8700512e+03   7.4926192e-46
   2.8766696e+03   7.5250040e-46
   2.8833032e+03   7.5575722e-46
   2.8899521e+03   7.5902206e-46
   2.8966164e+03   7.6230549e-46
   2.9032960e+03   7.6560411e-46
   2.9099910e+03   7.6891797e-46
   2.9167015e+03   7.7224714e-46
   2.9234274e+03   7.7559168e-46
   2.9301688e+03   7.7895167e-46
   2.9369258e+03   7.8232718e-46
   2.9436984e+03   7.8571827e-46
   2.9504866e+03   7.8912503e-46
   2.9572904e+03   7.9254752e-46
   2.9641100e+03   7.9598582e-46
   2.9709452e+03   7.9944000e-46
   2.9777963e+03   8.0291013e-46
   2.9846631e+03   8.0639629e-46
   2.9915457e+03   8.0989854e-46
   2.9984443e+03   8.1341697e-46
   3.0053587e+03   8.1695165e-46
   3.0122891e+03   8.2050266e-46
   3.0192354e+03   8.2407006e-46
   3.0261978e+03   8.2765394e-46
   3.0331763e+03   8.3125437e-46
   3.0401708e+03   8.3487142e-46
   3.0471814e+03   8.3850519e-46
   3.0542083e+03   8.4215573e-46
   3.0612513e+03   8.4582313e-46
   3.0683106e+03   8.4950747e-46
   3.0753861e+03   8.5320883e-46
   3.0824780e+03   8.5692728e-46
   3.0895862e+03   8.6066290e-46
   3.0967108e+03   8.6441577e-46
   3.1038518e+03   8.6818597e-46
   3.1110093e+03   8.7197359e-46
   3.1181833e+03   8.7577870e-46
   3.1253739e+03   8.7960138e-46
   3.1325810e+03   8.8344171e-46
   3.1398048e+03   8.8729978e-46
   3.1470452e+03   8.9117567e-46
   3.1543023e+03   8.9506946e-46
   3.1615762e+03   8.9898123e-46
   3.1688668e+03   9.0291106e-46
   3.1761742e+03   9.0685904e-46
   3.1834985e+03   9.1082526e-46
   3.1908397e+03   9.1480979e-46
   3.1981978e+03   9.1881272e-46
   3.2055728e+03   9.2283414e-46
   3.2129649e+03   9.2687413e-46
   3.2203740e+03   9.3093278e-46
   3.2278002e+03   9.3501017e-46
   3.2352436e+03   9.3910639e-46
   3.2427041e+03   9.4322153e-46
   3.2501818e+03   9.4735567e-46
   3.2576767e+03   9.5150890e-46
   3.2651889e+03   9.5568131e-46
   3.2727185e+03   9.5987300e-46
   3.2802654e+03   9.6408404e-46
   3.2878297e+03   9.6831452e-46
   3.2954115e+03   9.7256455e-46
   3.3030107e+03   9.7683420e-46
   3.3106275e+03   9.8112356e-46
   3.3182618e+03   9.8543274e-46
   3.3259138e+03   9.8976182e-46
   3.3335833e+03   9.9411089e-46
   3.3412706e+03   9.9848004e-46
   3.3489756e+03   1.0028694e-45
   3.3566984e+03   1.0072790e-45
   3.3644389e+03   1.0117096e-45
   3.3721974e+03   1.0161594e-45
   3.3799737e+03   1.0206303e-45
   3.3877679e+03   1.0251219e-45
   3.3955801e+03   1.0296343e-45
   3.4034104e+03   1.0341675e-45
   3.4112587e+03   1.0387216e-45
   3.4191251e+03   1.0432968e-45
   3.4270096e+03   1.0478931e-45
   3.4349123e+03   1.0525106e-45
   3.4428332e+03   1.0571495e-45
   3.4507724e+03   1.0618097e-45
   3.4587299e+03   1.0664915e-45
   3.4667058e+03   1.0711949e-45
   3.4747000e+03   1.0759201e-45
   3.4827127e+03   1.0806670e-45
   3.4907439e+03   1.0854359e-45
   3.4987936e+03   1.0902268e-45
   3.5068618e+03   1.0950398e-45
   3.5149487e+03   1.0998750e-45
   3.5230542e+03   1.1047326e-45
   3.5311784e+03   1.1096126e-45
   3.5393213e+03   1.1145151e-45
   3.5474830e+03   1.1194403e-45
   3.5556635e+03   1.1243882e-45
   3.5638629e+03   1.1293590e-45
   3.5720812e+03   1.1343527e-45
   3.5803184e+03   1.1393695e-45
   3.5885747e+03   1.1444095e-45
   3.5968500e+03   1.1494727e-45
   3.6051443e+03   1.1545593e-45
   3.6134578e+03   1.1596694e-45
   3.6217905e+03   1.1648031e-45
   3.6301424e+03   1.1699605e-45
   3.6385135e+03   1.1751417e-45
   3.6469039e+03   1.1803469e-45
   3.6553137e+03   1.1855761e-45
   3.6637429e+03   1.1908294e-45
   3.6721915e+03   1.1961070e-45
   3.6806596e+03   1.2014090e-45
   3.6891472e+03   1.2067354e-45
   3.6976544e+03   1.2120865e-45
   3.7061813e+03   1.2174622e-45
   3.7147277e+03   1.2228628e-45
   3.7232939e+03   1.2282883e-45
   3.7318799e+03   1.2337389e-45
   3.7404856e+03   1.2392146e-45
   3.7491112e+03   1.2447157e-45
   3.7577567e+03   1.2502421e-45
   3.7664221e+03   1.2557940e-45
   3.7751075e+03   1.2613716e-45
   3.7838129e+03   1.2669750e-45
   3.7925384e+03   1.2726042e-45
   3.8012841e+03   1.2782594e-45
   3.8100498e+03   1.2839408e-45
   3.8188359e+03   1.2896483e-45
   3.8276421e+03   1.2953823e-45
   3.8364687e+03   1.3011427e-45
   3.8453156e+03   1.3069299e-45
   3.8541829e+03   1.3127434e-45
   3.8630707e+03   1.3185840e-45
   3.8719790e+03   1.3244515e-45
   3.8809078e+03   1.3303461e-45
   3.8898572e+03   1.3362680e-45
   3.8988272e+03   1.3422172e-45
   3.9078180e+03   1.3481939e-45
   3.9168294e+03   1.3541982e-45
   3.9258617e+03   1.3602302e-45
   3.9349147e+03   1.3662900e-45
   3.9439887e+03   1.3723779e-45
   3.9530835e+03   1.3784938e-45
   3.9621994e+03   1.3846380e-45
   3.9713362e+03   1.3908106e-45
   3.9804942e+03   1.3970117e-45
   3.9896732e+03   1.4032414e-45
   3.9988734e+03   1.4094998e-45
   4.0080949e+03   1.4157872e-45
   4.0173376e+03   1.4221036e-45
   4.0266016e+03   1.4284492e-45
   4.0358870e+03   1.4348241e-45
   4.0451937e+03   1.4412284e-45
   4.0545220e+03   1.4476623e-45
   4.0638718e+03   1.4541259e-45
   4.0732431e+03   1.4606193e-45
   4.0826360e+03   1.4671428e-45
   4.0920506e+03   1.4736963e-45
   4.1014869e+03   1.4802802e-45
   4.1109450e+03   1.4868944e-45
   4.1204248e+03   1.4935391e-45
   4.1299266e+03   1.5002146e-45
   4.1394502e+03   1.5069209e-45
   4.1489958e+03   1.5136581e-45
   4.1585634e+03   1.5204265e-45
   4.1681531e+03   1.5272261e-45
   4.1777649e+03   1.5340571e-45
   4.1873988e+03   1.5409196e-45
   4.1970550e+03   1.5478139e-45
   4.2067335e+03   1.5547399e-45
   4.2164342e+03   1.5616980e-45
   4.2261574e+03   1.5686882e-45
   4.2359029e+03   1.5757107e-45
   4.2456709e+03   1.5827656e-45
   4.2554615e+03   1.5898530e-45
   4.2652746e+03   1.5969732e-45
   4.2751104e+03   1.6041263e-45
   4.2849688e+03   1.6113124e-45
   4.2948500e+03   1.6185317e-45
   4.3047539e+03   1.6257843e-45
   4.3146807e+03   1.6330705e-45
   4.3246304e+03   1.6403908e-45
   4.3346030e+03   1.6477438e-45
   4.3445987e+03   1.6551313e-45
   4.3546173e+03   1.6625530e-45
   4.3646591e+03   1.6700089e-45
   4.3747241e+03   1.6774992e-45
   4.3848122e+03   1.6850241e-45
   4.3949236e+03   1.6925838e-45
   4.4050583e+03   1.7001784e-45
   4.4152164e+03   1.7078080e-45
   4.4253980e+03   1.7154729e-45
   4.4356030e+03   1.7231732e-45
   4.4458315e+03   1.7309090e-45
   4.4560836e+03   1.7386806e-45
   4.4663594e+03   1.7464880e-45
   4.4766588e+03   1.7543315e-45
   4.4869821e+03   1.7622112e-45
   4.4973291e+03   1.7701273e-45
   4.5076999e+03   1.7780799e-45
   4.5180947e+03   1.7860693e-45
   4.5285135e+03   1.7940956e-45
   4.5389563e+03   1.8021589e-45
   4.5494231e+03   1.8102595e-45
   4.5599142e+03   1.8183974e-45
   4.5704294e+03   1.8265730e-45
   4.5809688e+03   1.8347863e-45
   4.5915325e+03   1.8430375e-45
   4.6021207e+03   1.8513268e-45
   4.6127332e+03   1.8596544e-45
   4.6233702e+03   1.8680205e-45
   4.6340317e+03   1.8764252e-45
   4.6447178e+03   1.8848687e-45
   4.6554286e+03   1.8933512e-45
   4.6661640e+03   1.9018728e-45
   4.6769242e+03   1.9104338e-45
   4.6877093e+03   1.9190344e-45
   4.6985192e+03   1.9276746e-45
   4.7093540e+03   1.9363548e-45
   4.7202138e+03   1.9450750e-45
   4.7310986e+03   1.9538355e-45
   4.7420086e+03   1.9626364e-45
   4.7529437e+03   1.9714780e-45
   4.7639040e+03   1.9803604e-45
   4.7748896e+03   1.9892839e-45
   4.7859005e+03   1.9982485e-45
   4.7969369e+03   2.0072545e-45
   4.8079986e+03   2.0163022e-45
   4.8190859e+03   2.0253916e-45
   4.8301988e+03   2.0345229e-45
   4.8413372e+03   2.0436964e-45
   4.8525014e+03   2.0529123e-45
   4.8636913e+03   2.0621708e-45
   4.8749070e+03   2.0714720e-45
   4.8861486e+03   2.0808161e-45
   4.8974161e+03   2.0902034e-45
   4.9087096e+03   2.0996341e-45
   4.9200291e+03   2.1091083e-45
   4.9313747e+03   2.1186262e-45
   4.9427465e+03   2.1281881e-45
   4.9541445e+03   2.1377941e-45
   4.9655688e+03   2.1474445e-45
   4.9770194e+03   2.1571395e-45
   4.9884965e+03   2.1668792e-45
   5.0000000e+03   2.1766639e-45
