   5.0000000e+00   1.6460891e-20
   5.0115300e+00   1.6042912e-20
   5.0230867e+00   1.5637235e-20
   5.0346699e+00   1.5243799e-20
   5.0462799e+00   1.4862689e-20
   5.0579167e+00   1.4493742e-20
   5.0695803e+00   1.4131820e-20
   5.0812708e+00   1.3751030e-20
   5.0929882e+00   1.3363286e-20
   5.1047327e+00   1.3023577e-20
   5.1165042e+00   1.2704128e-20
   5.1283029e+00   1.2392165e-20
   5.1401288e+00   1.2087162e-20
   5.1519820e+00   1.1789375e-20
   5.1638625e+00   1.1498936e-20
   5.1757704e+00   1.1215857e-20
   5.1877058e+00   1.0940061e-20
   5.1996687e+00   1.0671425e-20
   5.2116592e+00   1.0409802e-20
   5.2236773e+00   1.0155026e-20
   5.2357231e+00   9.9069290e-21
   5.2477968e+00   9.6653388e-21
   5.2598982e+00   9.4300830e-21
   5.2720276e+00   9.2009912e-21
   5.2841849e+00   8.9778955e-21
   5.2963703e+00   8.7606313e-21
   5.3085838e+00   8.5490380e-21
   5.3208254e+00   8.3429586e-21
   5.3330953e+00   8.1422403e-21
   5.3453934e+00   7.9467345e-21
   5.3577199e+00   7.7562966e-21
   5.3700749e+00   7.5707858e-21
   5.3824583e+00   7.3900659e-21
   5.3948703e+00   7.2140041e-21
   5.4073109e+00   7.0424718e-21
   5.4197802e+00   6.8753439e-21
   5.4322783e+00   6.7124990e-21
   5.4448051e+00   6.5538195e-21
   5.4573609e+00   6.3991909e-21
   5.4699456e+00   6.2485024e-21
   5.4825594e+00   6.1016462e-21
   5.4952022e+00   5.9585179e-21
   5.5078742e+00   5.8190160e-21
   5.5205754e+00   5.6830420e-21
   5.5333058e+00   5.5505003e-21
   5.5460657e+00   5.4212982e-21
   5.5588550e+00   5.2953457e-21
   5.5716737e+00   5.1725552e-21
   5.5845220e+00   5.0528420e-21
   5.5974000e+00   4.9361236e-21
   5.6103076e+00   4.8223200e-21
   5.6232451e+00   4.7113534e-21
   5.6362123e+00   4.6031486e-21
   5.6492094e+00   4.4976322e-21
   5.6622366e+00   4.3947330e-21
   5.6752937e+00   4.2943819e-21
   5.6883810e+00   4.1965119e-21
   5.7014985e+00   4.1010576e-21
   5.7146461e+00   4.0079559e-21
   5.7278242e+00   3.9171451e-21
   5.7410326e+00   3.8285653e-21
   5.7542714e+00   3.7421587e-21
   5.7675408e+00   3.6578687e-21
   5.7808408e+00   3.5756403e-21
   5.7941715e+00   3.4954205e-21
   5.8075329e+00   3.4171572e-21
   5.8209251e+00   3.3408003e-21
   5.8343482e+00   3.2663006e-21
   5.8478023e+00   3.1936107e-21
   5.8612873e+00   3.1226843e-21
   5.8748035e+00   3.0534764e-21
   5.8883508e+00   2.9859433e-21
   5.9019294e+00   2.9200424e-21
   5.9155393e+00   2.8557325e-21
   5.9291806e+00   2.7929733e-21
   5.9428533e+00   2.7317257e-21
   5.9565576e+00   2.6719517e-21
   5.9702935e+00   2.6136143e-21
   5.9840610e+00   2.5566776e-21
   5.9978603e+00   2.5011064e-21
   6.0116914e+00   2.4468669e-21
   6.0255544e+00   2.3939258e-21
   6.0394494e+00   2.3422509e-21
   6.0533764e+00   2.2918109e-21
   6.0673355e+00   2.2425753e-21
   6.0813269e+00   2.1945142e-21
   6.0953505e+00   2.1475989e-21
   6.1094064e+00   2.1018013e-21
   6.1234947e+00   2.0570938e-21
   6.1376155e+00   2.0134500e-21
   6.1517689e+00   1.9708438e-21
   6.1659550e+00   1.9292500e-21
   6.1801737e+00   1.8886439e-21
   6.1944252e+00   1.8490018e-21
   6.2087096e+00   1.8103001e-21
   6.2230269e+00   1.7725164e-21
   6.2373773e+00   1.7356284e-21
   6.2517607e+00   1.6996146e-21
   6.2661773e+00   1.6644541e-21
   6.2806272e+00   1.6301264e-21
   6.2951104e+00   1.5966118e-21
   6.3096269e+00   1.5638907e-21
   6.3241770e+00   1.5319443e-21
   6.3387606e+00   1.5007543e-21
   6.3533778e+00   1.4703027e-21
   6.3680288e+00   1.4405720e-21
   6.3827135e+00   1.4115454e-21
   6.3974321e+00   1.3832062e-21
   6.4121846e+00   1.3555382e-21
   6.4269711e+00   1.3285258e-21
   6.4417918e+00   1.3021536e-21
   6.4566466e+00   1.2764066e-21
   6.4715357e+00   1.2512703e-21
   6.4864591e+00   1.2267305e-21
   6.5014169e+00   1.2027733e-21
   6.5164092e+00   1.1793853e-21
   6.5314361e+00   1.1565532e-21
   6.5464977e+00   1.1342643e-21
   6.5615939e+00   1.1125061e-21
   6.5767250e+00   1.0912663e-21
   6.5918910e+00   1.0705331e-21
   6.6070920e+00   1.0502948e-21
   6.6223280e+00   1.0305402e-21
   6.6375991e+00   1.0112582e-21
   6.6529055e+00   9.9243799e-22
   6.6682471e+00   9.7406916e-22
   6.6836241e+00   9.5614143e-22
   6.6990366e+00   9.3864482e-22
   6.7144846e+00   9.2156957e-22
   6.7299683e+00   9.0490617e-22
   6.7454877e+00   8.8864535e-22
   6.7610428e+00   8.7277805e-22
   6.7766338e+00   8.5729544e-22
   6.7922608e+00   8.4218888e-22
   6.8079238e+00   8.2744998e-22
   6.8236229e+00   8.1307051e-22
   6.8393582e+00   7.9904247e-22
   6.8551299e+00   7.8535803e-22
   6.8709378e+00   7.7200955e-22
   6.8867823e+00   7.5898959e-22
   6.9026632e+00   7.4629087e-22
   6.9185808e+00   7.3390630e-22
   6.9345351e+00   7.2182894e-22
   6.9505262e+00   7.1005204e-22
   6.9665542e+00   6.9856898e-22
   6.9826191e+00   6.8737334e-22
   6.9987211e+00   6.7645881e-22
   7.0148602e+00   6.6581927e-22
   7.0310365e+00   6.5544873e-22
   7.0472502e+00   6.4534133e-22
   7.0635012e+00   6.3549137e-22
   7.0797897e+00   6.2589330e-22
   7.0961157e+00   6.1654167e-22
   7.1124794e+00   6.0743120e-22
   7.1288808e+00   5.9855672e-22
   7.1453201e+00   5.8991319e-22
   7.1617972e+00   5.8149570e-22
   7.1783124e+00   5.7329946e-22
   7.1948656e+00   5.6531982e-22
   7.2114571e+00   5.5755221e-22
   7.2280867e+00   5.4999223e-22
   7.2447548e+00   5.4263555e-22
   7.2614612e+00   5.3547798e-22
   7.2782062e+00   5.2851544e-22
   7.2949898e+00   5.2174396e-22
   7.3118121e+00   5.1515970e-22
   7.3286732e+00   5.0875890e-22
   7.3455732e+00   5.0253793e-22
   7.3625121e+00   4.9649326e-22
   7.3794901e+00   4.9062148e-22
   7.3965073e+00   4.8491929e-22
   7.4135637e+00   4.7938349e-22
   7.4306594e+00   4.7401099e-22
   7.4477946e+00   4.6879881e-22
   7.4649693e+00   4.6374408e-22
   7.4821835e+00   4.5884405e-22
   7.4994375e+00   4.5409606e-22
   7.5167313e+00   4.4949759e-22
   7.5340649e+00   4.4504621e-22
   7.5514385e+00   4.4073962e-22
   7.5688522e+00   4.3657561e-22
   7.5863060e+00   4.3255214e-22
   7.6038001e+00   4.2866724e-22
   7.6213345e+00   4.2491909e-22
   7.6389094e+00   4.2130599e-22
   7.6565248e+00   4.1782636e-22
   7.6741808e+00   4.1447878e-22
   7.6918775e+00   4.1126194e-22
   7.7096150e+00   4.0817468e-22
   7.7273934e+00   4.0521600e-22
   7.7452129e+00   4.0238504e-22
   7.7630734e+00   3.9968110e-22
   7.7809751e+00   3.9710365e-22
   7.7989181e+00   3.9465231e-22
   7.8169025e+00   3.9232693e-22
   7.8349283e+00   3.9012750e-22
   7.8529957e+00   3.8805425e-22
   7.8711048e+00   3.8610759e-22
   7.8892556e+00   3.8428817e-22
   7.9074483e+00   3.8259688e-22
   7.9256829e+00   3.8103486e-22
   7.9439596e+00   3.7960352e-22
   7.9622784e+00   3.7830455e-22
   7.9806395e+00   3.7713996e-22
   7.9990429e+00   3.7611209e-22
   8.0174888e+00   3.7522364e-22
   8.0359772e+00   3.7447770e-22
   8.0545082e+00   3.7387776e-22
   8.0730819e+00   3.7342778e-22
   8.0916985e+00   3.7313221e-22
   8.1103581e+00   3.7299604e-22
   8.1290606e+00   3.7302486e-22
   8.1478063e+00   3.7322489e-22
   8.1665952e+00   3.7360307e-22
   8.1854274e+00   3.7416714e-22
   8.2043031e+00   3.7492567e-22
   8.2232223e+00   3.7588823e-22
   8.2421851e+00   3.7706543e-22
   8.2611916e+00   3.7846910e-22
   8.2802420e+00   3.8011238e-22
   8.2993363e+00   3.8200992e-22
   8.3184746e+00   3.8417805e-22
   8.3376571e+00   3.8663500e-22
   8.3568838e+00   3.8940115e-22
   8.3761548e+00   3.9249934e-22
   8.3954703e+00   3.9595518e-22
   8.4148303e+00   3.9979751e-22
   8.4342350e+00   4.0405881e-22
   8.4536844e+00   4.0877586e-22
   8.4731786e+00   4.1399032e-22
   8.4927179e+00   4.1974965e-22
   8.5123021e+00   4.2610801e-22
   8.5319316e+00   4.3312750e-22
   8.5516063e+00   4.4087964e-22
   8.5713263e+00   4.4944715e-22
   8.5910919e+00   4.5892620e-22
   8.6109030e+00   4.6942919e-22
   8.6307598e+00   4.8108834e-22
   8.6506624e+00   4.9406012e-22
   8.6706109e+00   5.0853088e-22
   8.6906054e+00   5.2472518e-22
   8.7106460e+00   5.4291449e-22
   8.7307328e+00   5.6343135e-22
   8.7508660e+00   5.8668701e-22
   8.7710455e+00   6.1319617e-22
   8.7912716e+00   6.4361169e-22
   8.8115444e+00   6.7877424e-22
   8.8318638e+00   7.1978492e-22
   8.8522302e+00   7.6811469e-22
   8.8726435e+00   8.2577383e-22
   8.8931039e+00   8.9558405e-22
   8.9136114e+00   9.8163393e-22
   8.9341663e+00   1.0900799e-21
   8.9547686e+00   1.2306424e-21
   8.9754183e+00   1.4196221e-21
   8.9961157e+00   1.6865992e-21
   9.0168608e+00   2.0914105e-21
   9.0376538e+00   2.7761040e-21
   9.0584947e+00   4.1798786e-21
   9.0793836e+00   8.6668428e-21
   9.1003208e+00   8.9941352e-20
   9.1213062e+00   7.1506156e-21
   9.1423400e+00   3.7034659e-21
   9.1634223e+00   2.5008254e-21
   9.1845532e+00   1.9049752e-21
   9.2057328e+00   1.5816145e-21
   9.2269613e+00   1.4725421e-21
   9.2482388e+00   1.8883253e-21
   9.2695653e+00   3.9194321e-20
   9.2909410e+00   1.7548936e-21
   9.3123660e+00   1.0527843e-21
   9.3338403e+00   8.2695335e-22
   9.3553642e+00   7.0698531e-22
   9.3769378e+00   6.2744762e-22
   9.3985611e+00   5.6844279e-22
   9.4202342e+00   5.2183257e-22
   9.4419574e+00   4.8357206e-22
   9.4637306e+00   4.5135642e-22
   9.4855540e+00   4.2373738e-22
   9.5074278e+00   3.9973758e-22
   9.5293520e+00   3.7866147e-22
   9.5513267e+00   3.5999379e-22
   9.5733522e+00   3.4334086e-22
   9.5954284e+00   3.2839438e-22
   9.6175555e+00   3.1490815e-22
   9.6397337e+00   3.0268239e-22
   9.6619630e+00   2.9155276e-22
   9.6842435e+00   2.8138254e-22
   9.7065755e+00   2.7205682e-22
   9.7289589e+00   2.6347822e-22
   9.7513940e+00   2.5556359e-22
   9.7738808e+00   2.4824144e-22
   9.7964194e+00   2.4144996e-22
   9.8190100e+00   2.3513538e-22
   9.8416527e+00   2.2925073e-22
   9.8643477e+00   2.2375478e-22
   9.8870949e+00   2.1861120e-22
   9.9098946e+00   2.1378785e-22
   9.9327469e+00   2.0925619e-22
   9.9556519e+00   2.0499083e-22
   9.9786097e+00   2.0096907e-22
   1.0001620e+01   1.9717080e-22
   1.0024684e+01   1.9357906e-22
   1.0047801e+01   1.9017407e-22
   1.0070972e+01   1.8694208e-22
   1.0094195e+01   1.8387055e-22
   1.0117473e+01   1.8094783e-22
   1.0140804e+01   1.7816260e-22
   1.0164188e+01   1.7550464e-22
   1.0187627e+01   1.7296466e-22
   1.0211120e+01   1.7053425e-22
   1.0234667e+01   1.6820608e-22
   1.0258268e+01   1.6597314e-22
   1.0281924e+01   1.6382894e-22
   1.0305634e+01   1.6176753e-22
   1.0329399e+01   1.5978369e-22
   1.0353218e+01   1.5787248e-22
   1.0377093e+01   1.5602926e-22
   1.0401023e+01   1.5424977e-22
   1.0425007e+01   1.5253017e-22
   1.0449048e+01   1.5086694e-22
   1.0473143e+01   1.4925669e-22
   1.0497294e+01   1.4769630e-22
   1.0521501e+01   1.4618293e-22
   1.0545764e+01   1.4471400e-22
   1.0570082e+01   1.4328701e-22
   1.0594457e+01   1.4189963e-22
   1.0618888e+01   1.4054974e-22
   1.0643375e+01   1.3923541e-22
   1.0667919e+01   1.3795475e-22
   1.0692519e+01   1.3670603e-22
   1.0717176e+01   1.3548763e-22
   1.0741890e+01   1.3429809e-22
   1.0766661e+01   1.3313597e-22
   1.0791489e+01   1.3199994e-22
   1.0816374e+01   1.3088878e-22
   1.0841317e+01   1.2980135e-22
   1.0866317e+01   1.2873655e-22
   1.0891375e+01   1.2769336e-22
   1.0916491e+01   1.2667082e-22
   1.0941664e+01   1.2566805e-22
   1.0966896e+01   1.2468420e-22
   1.0992185e+01   1.2371847e-22
   1.1017533e+01   1.2277011e-22
   1.1042940e+01   1.2183842e-22
   1.1068405e+01   1.2092274e-22
   1.1093929e+01   1.2002244e-22
   1.1119512e+01   1.1913692e-22
   1.1145153e+01   1.1826563e-22
   1.1170854e+01   1.1740804e-22
   1.1196614e+01   1.1656366e-22
   1.1222434e+01   1.1573200e-22
   1.1248313e+01   1.1491263e-22
   1.1274251e+01   1.1410512e-22
   1.1300250e+01   1.1330906e-22
   1.1326308e+01   1.1252408e-22
   1.1352427e+01   1.1174982e-22
   1.1378606e+01   1.1098593e-22
   1.1404845e+01   1.1023209e-22
   1.1431144e+01   1.0948799e-22
   1.1457505e+01   1.0875334e-22
   1.1483926e+01   1.0802784e-22
   1.1510408e+01   1.0731125e-22
   1.1536951e+01   1.0660329e-22
   1.1563555e+01   1.0590374e-22
   1.1590221e+01   1.0521236e-22
   1.1616948e+01   1.0452892e-22
   1.1643737e+01   1.0385322e-22
   1.1670587e+01   1.0318506e-22
   1.1697500e+01   1.0252425e-22
   1.1724474e+01   1.0187059e-22
   1.1751511e+01   1.0122392e-22
   1.1778610e+01   1.0058406e-22
   1.1805772e+01   9.9950859e-23
   1.1832996e+01   9.9324155e-23
   1.1860283e+01   9.8703802e-23
   1.1887633e+01   9.8089656e-23
   1.1915046e+01   9.7481580e-23
   1.1942522e+01   9.6879443e-23
   1.1970061e+01   9.6283118e-23
   1.1997664e+01   9.5692484e-23
   1.2025331e+01   9.5107423e-23
   1.2053062e+01   9.4527822e-23
   1.2080856e+01   9.3953574e-23
   1.2108715e+01   9.3384571e-23
   1.2136637e+01   9.2820715e-23
   1.2164625e+01   9.2261907e-23
   1.2192676e+01   9.1708052e-23
   1.2220793e+01   9.1159061e-23
   1.2248974e+01   9.0614844e-23
   1.2277220e+01   9.0075317e-23
   1.2305532e+01   8.9540398e-23
   1.2333908e+01   8.9010006e-23
   1.2362350e+01   8.8484065e-23
   1.2390858e+01   8.7962500e-23
   1.2419431e+01   8.7445238e-23
   1.2448071e+01   8.6932209e-23
   1.2476776e+01   8.6423345e-23
   1.2505548e+01   8.5918580e-23
   1.2534386e+01   8.5417849e-23
   1.2563290e+01   8.4921090e-23
   1.2592261e+01   8.4428242e-23
   1.2621299e+01   8.3939246e-23
   1.2650404e+01   8.3454046e-23
   1.2679576e+01   8.2972584e-23
   1.2708815e+01   8.2494807e-23
   1.2738121e+01   8.2020661e-23
   1.2767496e+01   8.1550095e-23
   1.2796938e+01   8.1083060e-23
   1.2826447e+01   8.0619505e-23
   1.2856025e+01   8.0159383e-23
   1.2885671e+01   7.9702647e-23
   1.2915386e+01   7.9249253e-23
   1.2945169e+01   7.8799155e-23
   1.2975020e+01   7.8352310e-23
   1.3004941e+01   7.7908676e-23
   1.3034930e+01   7.7468211e-23
   1.3064989e+01   7.7030876e-23
   1.3095117e+01   7.6596630e-23
   1.3125314e+01   7.6165435e-23
   1.3155582e+01   7.5737253e-23
   1.3185918e+01   7.5312048e-23
   1.3216325e+01   7.4889783e-23
   1.3246802e+01   7.4470422e-23
   1.3277349e+01   7.4053932e-23
   1.3307967e+01   7.3640277e-23
   1.3338655e+01   7.3229426e-23
   1.3369414e+01   7.2821345e-23
   1.3400244e+01   7.2416003e-23
   1.3431145e+01   7.2013368e-23
   1.3462118e+01   7.1613409e-23
   1.3493162e+01   7.1216098e-23
   1.3524277e+01   7.0821403e-23
   1.3555464e+01   7.0429297e-23
   1.3586723e+01   7.0039752e-23
   1.3618054e+01   6.9652738e-23
   1.3649457e+01   6.9268230e-23
   1.3680933e+01   6.8886200e-23
   1.3712481e+01   6.8506622e-23
   1.3744103e+01   6.8129471e-23
   1.3775797e+01   6.7754720e-23
   1.3807564e+01   6.7382346e-23
   1.3839404e+01   6.7012324e-23
   1.3871318e+01   6.6644630e-23
   1.3903305e+01   6.6279241e-23
   1.3935366e+01   6.5916132e-23
   1.3967501e+01   6.5555283e-23
   1.3999710e+01   6.5196669e-23
   1.4031994e+01   6.4840270e-23
   1.4064352e+01   6.4486064e-23
   1.4096784e+01   6.4134030e-23
   1.4129292e+01   6.3784146e-23
   1.4161874e+01   6.3436393e-23
   1.4194531e+01   6.3090749e-23
   1.4227264e+01   6.2747197e-23
   1.4260072e+01   6.2405715e-23
   1.4292956e+01   6.2066284e-23
   1.4325916e+01   6.1728887e-23
   1.4358951e+01   6.1393503e-23
   1.4392063e+01   6.1060116e-23
   1.4425251e+01   6.0728707e-23
   1.4458516e+01   6.0399258e-23
   1.4491858e+01   6.0071752e-23
   1.4525276e+01   5.9746171e-23
   1.4558771e+01   5.9422500e-23
   1.4592344e+01   5.9100721e-23
   1.4625994e+01   5.8780817e-23
   1.4659722e+01   5.8462773e-23
   1.4693527e+01   5.8146574e-23
   1.4727410e+01   5.7832202e-23
   1.4761372e+01   5.7519643e-23
   1.4795412e+01   5.7208882e-23
   1.4829530e+01   5.6899903e-23
   1.4863727e+01   5.6592692e-23
   1.4898003e+01   5.6287235e-23
   1.4932358e+01   5.5983516e-23
   1.4966792e+01   5.5681522e-23
   1.5001306e+01   5.5381240e-23
   1.5035899e+01   5.5082654e-23
   1.5070572e+01   5.4785753e-23
   1.5105324e+01   5.4490521e-23
   1.5140157e+01   5.4196947e-23
   1.5175071e+01   5.3905017e-23
   1.5210065e+01   5.3614718e-23
   1.5245139e+01   5.3326039e-23
   1.5280295e+01   5.3038965e-23
   1.5315531e+01   5.2753486e-23
   1.5350849e+01   5.2469588e-23
   1.5386248e+01   5.2187260e-23
   1.5421729e+01   5.1906491e-23
   1.5457291e+01   5.1627268e-23
   1.5492936e+01   5.1349580e-23
   1.5528663e+01   5.1073415e-23
   1.5564472e+01   5.0798763e-23
   1.5600364e+01   5.0525612e-23
   1.5636338e+01   5.0253951e-23
   1.5672396e+01   4.9983770e-23
   1.5708537e+01   4.9715058e-23
   1.5744761e+01   4.9447804e-23
   1.5781068e+01   4.9181998e-23
   1.5817459e+01   4.8917630e-23
   1.5853935e+01   4.8654690e-23
   1.5890494e+01   4.8393167e-23
   1.5927137e+01   4.8133051e-23
   1.5963866e+01   4.7874333e-23
   1.6000678e+01   4.7617004e-23
   1.6037576e+01   4.7361053e-23
   1.6074559e+01   4.7106471e-23
   1.6111627e+01   4.6853249e-23
   1.6148780e+01   4.6601377e-23
   1.6186020e+01   4.6350847e-23
   1.6223345e+01   4.6101650e-23
   1.6260756e+01   4.5853775e-23
   1.6298253e+01   4.5607216e-23
   1.6335837e+01   4.5361962e-23
   1.6373508e+01   4.5118006e-23
   1.6411265e+01   4.4875338e-23
   1.6449110e+01   4.4633951e-23
   1.6487041e+01   4.4393836e-23
   1.6525061e+01   4.4154984e-23
   1.6563168e+01   4.3917389e-23
   1.6601362e+01   4.3681040e-23
   1.6639645e+01   4.3445931e-23
   1.6678016e+01   4.3212054e-23
   1.6716476e+01   4.2979400e-23
   1.6755024e+01   4.2747962e-23
   1.6793662e+01   4.2517733e-23
   1.6832388e+01   4.2288704e-23
   1.6871203e+01   4.2060869e-23
   1.6910109e+01   4.1834219e-23
   1.6949103e+01   4.1608748e-23
   1.6988188e+01   4.1384447e-23
   1.7027363e+01   4.1161311e-23
   1.7066628e+01   4.0939332e-23
   1.7105984e+01   4.0718502e-23
   1.7145431e+01   4.0498814e-23
   1.7184968e+01   4.0280263e-23
   1.7224597e+01   4.0062840e-23
   1.7264317e+01   3.9846540e-23
   1.7304128e+01   3.9631354e-23
   1.7344032e+01   3.9417278e-23
   1.7384027e+01   3.9204303e-23
   1.7424115e+01   3.8992424e-23
   1.7464295e+01   3.8781634e-23
   1.7504568e+01   3.8571926e-23
   1.7544934e+01   3.8363294e-23
   1.7585392e+01   3.8155732e-23
   1.7625945e+01   3.7949234e-23
   1.7666590e+01   3.7743793e-23
   1.7707329e+01   3.7539404e-23
   1.7748163e+01   3.7336059e-23
   1.7789090e+01   3.7133754e-23
   1.7830112e+01   3.6932482e-23
   1.7871228e+01   3.6732237e-23
   1.7912439e+01   3.6533013e-23
   1.7953746e+01   3.6334805e-23
   1.7995147e+01   3.6137606e-23
   1.8036644e+01   3.5941412e-23
   1.8078237e+01   3.5746215e-23
   1.8119925e+01   3.5552012e-23
   1.8161710e+01   3.5358795e-23
   1.8203591e+01   3.5166560e-23
   1.8245569e+01   3.4975301e-23
   1.8287643e+01   3.4785013e-23
   1.8329814e+01   3.4595689e-23
   1.8372083e+01   3.4407326e-23
   1.8414449e+01   3.4219917e-23
   1.8456913e+01   3.4033458e-23
   1.8499475e+01   3.3847942e-23
   1.8542135e+01   3.3663365e-23
   1.8584893e+01   3.3479723e-23
   1.8627750e+01   3.3297008e-23
   1.8670706e+01   3.3115218e-23
   1.8713761e+01   3.2934346e-23
   1.8756915e+01   3.2754387e-23
   1.8800168e+01   3.2575337e-23
   1.8843522e+01   3.2397191e-23
   1.8886975e+01   3.2219944e-23
   1.8930528e+01   3.2043590e-23
   1.8974182e+01   3.1868127e-23
   1.9017937e+01   3.1693547e-23
   1.9061792e+01   3.1519848e-23
   1.9105749e+01   3.1347023e-23
   1.9149807e+01   3.1175069e-23
   1.9193967e+01   3.1003981e-23
   1.9238228e+01   3.0833755e-23
   1.9282592e+01   3.0664385e-23
   1.9327057e+01   3.0495867e-23
   1.9371626e+01   3.0328197e-23
   1.9416297e+01   3.0161371e-23
   1.9461071e+01   2.9995384e-23
   1.9505948e+01   2.9830231e-23
   1.9550929e+01   2.9665909e-23
   1.9596014e+01   2.9502413e-23
   1.9641202e+01   2.9339738e-23
   1.9686495e+01   2.9177881e-23
   1.9731892e+01   2.9016837e-23
   1.9777394e+01   2.8856603e-23
   1.9823001e+01   2.8697173e-23
   1.9868713e+01   2.8538544e-23
   1.9914530e+01   2.8380712e-23
   1.9960454e+01   2.8223673e-23
   2.0006482e+01   2.8067422e-23
   2.0052618e+01   2.7911956e-23
   2.0098859e+01   2.7757271e-23
   2.0145207e+01   2.7603363e-23
   2.0191662e+01   2.7450227e-23
   2.0238224e+01   2.7297861e-23
   2.0284894e+01   2.7146259e-23
   2.0331671e+01   2.6995419e-23
   2.0378556e+01   2.6845337e-23
   2.0425549e+01   2.6696008e-23
   2.0472650e+01   2.6547429e-23
   2.0519861e+01   2.6399596e-23
   2.0567180e+01   2.6252506e-23
   2.0614608e+01   2.6106155e-23
   2.0662145e+01   2.5960539e-23
   2.0709792e+01   2.5815655e-23
   2.0757549e+01   2.5671499e-23
   2.0805416e+01   2.5528067e-23
   2.0853394e+01   2.5385356e-23
   2.0901482e+01   2.5243363e-23
   2.0949681e+01   2.5102083e-23
   2.0997991e+01   2.4961514e-23
   2.1046412e+01   2.4821652e-23
   2.1094945e+01   2.4682494e-23
   2.1143591e+01   2.4544035e-23
   2.1192348e+01   2.4406274e-23
   2.1241218e+01   2.4269206e-23
   2.1290200e+01   2.4132828e-23
   2.1339295e+01   2.3997137e-23
   2.1388504e+01   2.3862129e-23
   2.1437826e+01   2.3727802e-23
   2.1487262e+01   2.3594152e-23
   2.1536812e+01   2.3461175e-23
   2.1586476e+01   2.3328870e-23
   2.1636254e+01   2.3197231e-23
   2.1686148e+01   2.3066257e-23
   2.1736156e+01   2.2935944e-23
   2.1786280e+01   2.2806290e-23
   2.1836519e+01   2.2677290e-23
   2.1886874e+01   2.2548942e-23
   2.1937346e+01   2.2421243e-23
   2.1987933e+01   2.2294190e-23
   2.2038638e+01   2.2167780e-23
   2.2089459e+01   2.2042009e-23
   2.2140397e+01   2.1916876e-23
   2.2191453e+01   2.1792376e-23
   2.2242627e+01   2.1668508e-23
   2.2293919e+01   2.1545267e-23
   2.2345328e+01   2.1422652e-23
   2.2396857e+01   2.1300659e-23
   2.2448504e+01   2.1179286e-23
   2.2500271e+01   2.1058530e-23
   2.2552157e+01   2.0938388e-23
   2.2604162e+01   2.0818856e-23
   2.2656287e+01   2.0699933e-23
   2.2708533e+01   2.0581616e-23
   2.2760899e+01   2.0463902e-23
   2.2813386e+01   2.0346787e-23
   2.2865994e+01   2.0230271e-23
   2.2918723e+01   2.0114349e-23
   2.2971574e+01   1.9999019e-23
   2.3024546e+01   1.9884279e-23
   2.3077641e+01   1.9770126e-23
   2.3130858e+01   1.9656557e-23
   2.3184198e+01   1.9543570e-23
   2.3237661e+01   1.9431162e-23
   2.3291247e+01   1.9319331e-23
   2.3344957e+01   1.9208074e-23
   2.3398791e+01   1.9097389e-23
   2.3452748e+01   1.8987272e-23
   2.3506831e+01   1.8877723e-23
   2.3561038e+01   1.8768737e-23
   2.3615370e+01   1.8660313e-23
   2.3669827e+01   1.8552449e-23
   2.3724410e+01   1.8445142e-23
   2.3779118e+01   1.8338389e-23
   2.3833953e+01   1.8232188e-23
   2.3888914e+01   1.8126537e-23
   2.3944002e+01   1.8021434e-23
   2.3999217e+01   1.7916875e-23
   2.4054560e+01   1.7812860e-23
   2.4110030e+01   1.7709385e-23
   2.4165628e+01   1.7606448e-23
   2.4221354e+01   1.7504048e-23
   2.4277208e+01   1.7402181e-23
   2.4333192e+01   1.7300846e-23
   2.4389304e+01   1.7200040e-23
   2.4445546e+01   1.7099761e-23
   2.4501918e+01   1.7000008e-23
   2.4558420e+01   1.6900777e-23
   2.4615051e+01   1.6802067e-23
   2.4671814e+01   1.6703875e-23
   2.4728707e+01   1.6606200e-23
   2.4785732e+01   1.6509040e-23
   2.4842888e+01   1.6412391e-23
   2.4900176e+01   1.6316253e-23
   2.4957596e+01   1.6220623e-23
   2.5015148e+01   1.6125499e-23
   2.5072833e+01   1.6030880e-23
   2.5130652e+01   1.5936762e-23
   2.5188603e+01   1.5843144e-23
   2.5246688e+01   1.5750025e-23
   2.5304907e+01   1.5657402e-23
   2.5363261e+01   1.5565273e-23
   2.5421748e+01   1.5473637e-23
   2.5480371e+01   1.5382490e-23
   2.5539129e+01   1.5291833e-23
   2.5598023e+01   1.5201662e-23
   2.5657052e+01   1.5111976e-23
   2.5716217e+01   1.5022773e-23
   2.5775519e+01   1.4934050e-23
   2.5834957e+01   1.4845808e-23
   2.5894533e+01   1.4758042e-23
   2.5954246e+01   1.4670752e-23
   2.6014097e+01   1.4583936e-23
   2.6074085e+01   1.4497593e-23
   2.6134212e+01   1.4411719e-23
   2.6194478e+01   1.4326314e-23
   2.6254883e+01   1.4241376e-23
   2.6315427e+01   1.4156904e-23
   2.6376110e+01   1.4072895e-23
   2.6436934e+01   1.3989347e-23
   2.6497898e+01   1.3906260e-23
   2.6559002e+01   1.3823631e-23
   2.6620247e+01   1.3741460e-23
   2.6681634e+01   1.3659743e-23
   2.6743162e+01   1.3578480e-23
   2.6804832e+01   1.3497669e-23
   2.6866644e+01   1.3417309e-23
   2.6928599e+01   1.3337397e-23
   2.6990696e+01   1.3257933e-23
   2.7052937e+01   1.3178915e-23
   2.7115321e+01   1.3100341e-23
   2.7177849e+01   1.3022210e-23
   2.7240522e+01   1.2944520e-23
   2.7303338e+01   1.2867269e-23
   2.7366300e+01   1.2790458e-23
   2.7429407e+01   1.2714083e-23
   2.7492659e+01   1.2638143e-23
   2.7556058e+01   1.2562638e-23
   2.7619602e+01   1.2487565e-23
   2.7683293e+01   1.2412923e-23
   2.7747131e+01   1.2338711e-23
   2.7811116e+01   1.2264927e-23
   2.7875249e+01   1.2191571e-23
   2.7939529e+01   1.2118640e-23
   2.8003958e+01   1.2046134e-23
   2.8068536e+01   1.1974050e-23
   2.8133262e+01   1.1902389e-23
   2.8198137e+01   1.1831148e-23
   2.8263162e+01   1.1760326e-23
   2.8328338e+01   1.1689922e-23
   2.8393663e+01   1.1619934e-23
   2.8459139e+01   1.1550362e-23
   2.8524766e+01   1.1481204e-23
   2.8590544e+01   1.1412459e-23
   2.8656474e+01   1.1344126e-23
   2.8722556e+01   1.1276204e-23
   2.8788791e+01   1.1208691e-23
   2.8855178e+01   1.1141586e-23
   2.8921718e+01   1.1074888e-23
   2.8988412e+01   1.1008596e-23
   2.9055259e+01   1.0942709e-23
   2.9122261e+01   1.0877225e-23
   2.9189417e+01   1.0812144e-23
   2.9256728e+01   1.0747465e-23
   2.9324194e+01   1.0683186e-23
   2.9391816e+01   1.0619306e-23
   2.9459594e+01   1.0555825e-23
   2.9527528e+01   1.0492740e-23
   2.9595619e+01   1.0430053e-23
   2.9663866e+01   1.0367760e-23
   2.9732272e+01   1.0305861e-23
   2.9800834e+01   1.0244356e-23
   2.9869555e+01   1.0183243e-23
   2.9938435e+01   1.0122521e-23
   3.0007473e+01   1.0062190e-23
   3.0076670e+01   1.0002248e-23
   3.0146028e+01   9.9426941e-24
   3.0215544e+01   9.8835279e-24
   3.0285222e+01   9.8247484e-24
   3.0355060e+01   9.7663546e-24
   3.0425059e+01   9.7083455e-24
   3.0495219e+01   9.6507204e-24
   3.0565541e+01   9.5934784e-24
   3.0636026e+01   9.5366186e-24
   3.0706673e+01   9.4801402e-24
   3.0777482e+01   9.4240424e-24
   3.0848456e+01   9.3683242e-24
   3.0919592e+01   9.3129850e-24
   3.0990893e+01   9.2580239e-24
   3.1062358e+01   9.2034401e-24
   3.1133988e+01   9.1492329e-24
   3.1205784e+01   9.0954014e-24
   3.1277744e+01   9.0419450e-24
   3.1349871e+01   8.9888628e-24
   3.1422164e+01   8.9361542e-24
   3.1494624e+01   8.8838184e-24
   3.1567251e+01   8.8318546e-24
   3.1640045e+01   8.7802622e-24
   3.1713007e+01   8.7290405e-24
   3.1786138e+01   8.6781888e-24
   3.1859437e+01   8.6277064e-24
   3.1932905e+01   8.5775926e-24
   3.2006542e+01   8.5278467e-24
   3.2080350e+01   8.4784682e-24
   3.2154327e+01   8.4294563e-24
   3.2228475e+01   8.3808104e-24
   3.2302794e+01   8.3325299e-24
   3.2377285e+01   8.2846141e-24
   3.2451947e+01   8.2370625e-24
   3.2526782e+01   8.1898744e-24
   3.2601789e+01   8.1430492e-24
   3.2676969e+01   8.0965863e-24
   3.2752322e+01   8.0504852e-24
   3.2827849e+01   8.0047452e-24
   3.2903550e+01   7.9593658e-24
   3.2979426e+01   7.9143464e-24
   3.3055477e+01   7.8696864e-24
   3.3131703e+01   7.8253853e-24
   3.3208105e+01   7.7814426e-24
   3.3284683e+01   7.7378576e-24
   3.3361438e+01   7.6946298e-24
   3.3438370e+01   7.6517587e-24
   3.3515479e+01   7.6092438e-24
   3.3592766e+01   7.5670845e-24
   3.3670231e+01   7.5252803e-24
   3.3747875e+01   7.4838306e-24
   3.3825698e+01   7.4427350e-24
   3.3903700e+01   7.4019930e-24
   3.3981882e+01   7.3616039e-24
   3.4060245e+01   7.3215673e-24
   3.4138788e+01   7.2818827e-24
   3.4217512e+01   7.2425495e-24
   3.4296418e+01   7.2035673e-24
   3.4375506e+01   7.1649355e-24
   3.4454776e+01   7.1266537e-24
   3.4534229e+01   7.0887213e-24
   3.4613865e+01   7.0511378e-24
   3.4693685e+01   7.0139027e-24
   3.4773689e+01   6.9770155e-24
   3.4853877e+01   6.9404756e-24
   3.4934251e+01   6.9042826e-24
   3.5014809e+01   6.8684359e-24
   3.5095554e+01   6.8329351e-24
   3.5176484e+01   6.7977795e-24
   3.5257602e+01   6.7629687e-24
   3.5338906e+01   6.7285022e-24
   3.5420398e+01   6.6943793e-24
   3.5502077e+01   6.6605995e-24
   3.5583945e+01   6.6271624e-24
   3.5666002e+01   6.5940673e-24
   3.5748248e+01   6.5613137e-24
   3.5830684e+01   6.5289011e-24
   3.5913310e+01   6.4968288e-24
   3.5996126e+01   6.4650963e-24
   3.6079134e+01   6.4337030e-24
   3.6162332e+01   6.4026482e-24
   3.6245723e+01   6.3719315e-24
   3.6329306e+01   6.3415521e-24
   3.6413082e+01   6.3115095e-24
   3.6497050e+01   6.2818030e-24
   3.6581213e+01   6.2524320e-24
   3.6665569e+01   6.2233958e-24
   3.6750120e+01   6.1946938e-24
   3.6834867e+01   6.1663252e-24
   3.6919808e+01   6.1382895e-24
   3.7004945e+01   6.1105858e-24
   3.7090279e+01   6.0832135e-24
   3.7175810e+01   6.0561718e-24
   3.7261537e+01   6.0294600e-24
   3.7347463e+01   6.0030773e-24
   3.7433586e+01   5.9770230e-24
   3.7519908e+01   5.9512963e-24
   3.7606429e+01   5.9258963e-24
   3.7693150e+01   5.9008223e-24
   3.7780071e+01   5.8760734e-24
   3.7867192e+01   5.8516487e-24
   3.7954514e+01   5.8275474e-24
   3.8042037e+01   5.8037686e-24
   3.8129763e+01   5.7803113e-24
   3.8217690e+01   5.7571747e-24
   3.8305821e+01   5.7343578e-24
   3.8394154e+01   5.7118596e-24
   3.8482691e+01   5.6896792e-24
   3.8571433e+01   5.6678155e-24
   3.8660379e+01   5.6462675e-24
   3.8749530e+01   5.6250342e-24
   3.8838886e+01   5.6041145e-24
   3.8928449e+01   5.5835073e-24
   3.9018219e+01   5.5632115e-24
   3.9108195e+01   5.5432260e-24
   3.9198379e+01   5.5235495e-24
   3.9288770e+01   5.5041811e-24
   3.9379371e+01   5.4851193e-24
   3.9470180e+01   5.4663631e-24
   3.9561198e+01   5.4479112e-24
   3.9652427e+01   5.4297623e-24
   3.9743865e+01   5.4119151e-24
   3.9835515e+01   5.3943684e-24
   3.9927376e+01   5.3771207e-24
   4.0019449e+01   5.3601707e-24
   4.0111734e+01   5.3435171e-24
   4.0204232e+01   5.3271584e-24
   4.0296943e+01   5.3110933e-24
   4.0389868e+01   5.2953202e-24
   4.0483008e+01   5.2798377e-24
   4.0576362e+01   5.2646443e-24
   4.0669931e+01   5.2497384e-24
   4.0763716e+01   5.2351186e-24
   4.0857718e+01   5.2207833e-24
   4.0951936e+01   5.2067308e-24
   4.1046372e+01   5.1929597e-24
   4.1141025e+01   5.1794681e-24
   4.1235896e+01   5.1662545e-24
   4.1330987e+01   5.1533173e-24
   4.1426296e+01   5.1406546e-24
   4.1521826e+01   5.1282648e-24
   4.1617575e+01   5.1161462e-24
   4.1713546e+01   5.1042969e-24
   4.1809737e+01   5.0927153e-24
   4.1906151e+01   5.0813994e-24
   4.2002787e+01   5.0703475e-24
   4.2099646e+01   5.0595577e-24
   4.2196728e+01   5.0490282e-24
   4.2294034e+01   5.0387571e-24
   4.2391564e+01   5.0287424e-24
   4.2489319e+01   5.0189823e-24
   4.2587300e+01   5.0094748e-24
   4.2685507e+01   5.0002180e-24
   4.2783940e+01   4.9912099e-24
   4.2882600e+01   4.9824485e-24
   4.2981488e+01   4.9739319e-24
   4.3080603e+01   4.9656579e-24
   4.3179947e+01   4.9576246e-24
   4.3279521e+01   4.9498299e-24
   4.3379324e+01   4.9422717e-24
   4.3479357e+01   4.9349481e-24
   4.3579620e+01   4.9278568e-24
   4.3680115e+01   4.9209958e-24
   4.3780842e+01   4.9143631e-24
   4.3881801e+01   4.9079563e-24
   4.3982993e+01   4.9017736e-24
   4.4084418e+01   4.8958126e-24
   4.4186077e+01   4.8900713e-24
   4.4287970e+01   4.8845475e-24
   4.4390099e+01   4.8792389e-24
   4.4492463e+01   4.8741436e-24
   4.4595062e+01   4.8692592e-24
   4.4697899e+01   4.8645836e-24
   4.4800973e+01   4.8601146e-24
   4.4904284e+01   4.8558500e-24
   4.5007834e+01   4.8517876e-24
   4.5111622e+01   4.8479252e-24
   4.5215650e+01   4.8442606e-24
   4.5319918e+01   4.8407916e-24
   4.5424426e+01   4.8375159e-24
   4.5529175e+01   4.8344314e-24
   4.5634165e+01   4.8315359e-24
   4.5739398e+01   4.8288271e-24
   4.5844873e+01   4.8263028e-24
   4.5950592e+01   4.8239608e-24
   4.6056554e+01   4.8217989e-24
   4.6162761e+01   4.8198149e-24
   4.6269213e+01   4.8180066e-24
   4.6375910e+01   4.8163718e-24
   4.6482853e+01   4.8149083e-24
   4.6590043e+01   4.8136139e-24
   4.6697480e+01   4.8124864e-24
   4.6805165e+01   4.8115236e-24
   4.6913098e+01   4.8107234e-24
   4.7021280e+01   4.8100836e-24
   4.7129711e+01   4.8096020e-24
   4.7238393e+01   4.8092764e-24
   4.7347325e+01   4.8091048e-24
   4.7456508e+01   4.8090850e-24
   4.7565943e+01   4.8092149e-24
   4.7675631e+01   4.8094923e-24
   4.7785571e+01   4.8099151e-24
   4.7895765e+01   4.8104813e-24
   4.8006213e+01   4.8111887e-24
   4.8116916e+01   4.8120353e-24
   4.8227874e+01   4.8130189e-24
   4.8339087e+01   4.8141377e-24
   4.8450558e+01   4.8153894e-24
   4.8562285e+01   4.8167721e-24
   4.8674270e+01   4.8182837e-24
   4.8786513e+01   4.8199223e-24
   4.8899015e+01   4.8216858e-24
   4.9011777e+01   4.8235724e-24
   4.9124798e+01   4.8255799e-24
   4.9238081e+01   4.8277065e-24
   4.9351624e+01   4.8299502e-24
   4.9465429e+01   4.8323091e-24
   4.9579497e+01   4.8347814e-24
   4.9693828e+01   4.8373650e-24
   4.9808422e+01   4.8400582e-24
   4.9923280e+01   4.8428591e-24
   5.0038404e+01   4.8457658e-24
   5.0153793e+01   4.8487765e-24
   5.0269448e+01   4.8518894e-24
   5.0385370e+01   4.8551027e-24
   5.0501559e+01   4.8584146e-24
   5.0618016e+01   4.8618233e-24
   5.0734741e+01   4.8653272e-24
   5.0851736e+01   4.8689244e-24
   5.0969000e+01   4.8726133e-24
   5.1086535e+01   4.8763921e-24
   5.1204341e+01   4.8802593e-24
   5.1322419e+01   4.8842130e-24
   5.1440769e+01   4.8882518e-24
   5.1559392e+01   4.8923739e-24
   5.1678288e+01   4.8965777e-24
   5.1797458e+01   4.9008617e-24
   5.1916904e+01   4.9052242e-24
   5.2036625e+01   4.9096638e-24
   5.2156621e+01   4.9141788e-24
   5.2276895e+01   4.9187677e-24
   5.2397446e+01   4.9234291e-24
   5.2518275e+01   4.9281615e-24
   5.2639382e+01   4.9329633e-24
   5.2760769e+01   4.9378331e-24
   5.2882436e+01   4.9427695e-24
   5.3004383e+01   4.9477710e-24
   5.3126612e+01   4.9528364e-24
   5.3249122e+01   4.9579640e-24
   5.3371915e+01   4.9631527e-24
   5.3494991e+01   4.9684010e-24
   5.3618351e+01   4.9737076e-24
   5.3741995e+01   4.9790712e-24
   5.3865925e+01   4.9844905e-24
   5.3990140e+01   4.9899642e-24
   5.4114642e+01   4.9954910e-24
   5.4239430e+01   5.0010697e-24
   5.4364507e+01   5.0066990e-24
   5.4489872e+01   5.0123778e-24
   5.4615526e+01   5.0181048e-24
   5.4741470e+01   5.0238788e-24
   5.4867704e+01   5.0296987e-24
   5.4994229e+01   5.0355632e-24
   5.5121046e+01   5.0414714e-24
   5.5248156e+01   5.0474220e-24
   5.5375559e+01   5.0534139e-24
   5.5503255e+01   5.0594461e-24
   5.5631246e+01   5.0655174e-24
   5.5759532e+01   5.0716269e-24
   5.5888114e+01   5.0777734e-24
   5.6016992e+01   5.0839559e-24
   5.6146168e+01   5.0901735e-24
   5.6275642e+01   5.0964250e-24
   5.6405414e+01   5.1027096e-24
   5.6535485e+01   5.1090262e-24
   5.6665856e+01   5.1153740e-24
   5.6796528e+01   5.1217518e-24
   5.6927501e+01   5.1281589e-24
   5.7058777e+01   5.1345943e-24
   5.7190355e+01   5.1410571e-24
   5.7322236e+01   5.1475464e-24
   5.7454421e+01   5.1540613e-24
   5.7586912e+01   5.1606010e-24
   5.7719708e+01   5.1671647e-24
   5.7852810e+01   5.1737514e-24
   5.7986219e+01   5.1803604e-24
   5.8119935e+01   5.1869909e-24
   5.8253960e+01   5.1936420e-24
   5.8388294e+01   5.2003130e-24
   5.8522938e+01   5.2070031e-24
   5.8657893e+01   5.2137116e-24
   5.8793158e+01   5.2204377e-24
   5.8928736e+01   5.2271806e-24
   5.9064626e+01   5.2339397e-24
   5.9200829e+01   5.2407143e-24
   5.9337347e+01   5.2475035e-24
   5.9474179e+01   5.2543068e-24
   5.9611327e+01   5.2611235e-24
   5.9748791e+01   5.2679529e-24
   5.9886572e+01   5.2747943e-24
   6.0024671e+01   5.2816472e-24
   6.0163089e+01   5.2885108e-24
   6.0301825e+01   5.2953845e-24
   6.0440882e+01   5.3022678e-24
   6.0580259e+01   5.3091601e-24
   6.0719957e+01   5.3160607e-24
   6.0859978e+01   5.3229690e-24
   6.1000322e+01   5.3298846e-24
   6.1140989e+01   5.3368067e-24
   6.1281980e+01   5.3437350e-24
   6.1423297e+01   5.3506688e-24
   6.1564940e+01   5.3576076e-24
   6.1706909e+01   5.3645509e-24
   6.1849206e+01   5.3714981e-24
   6.1991830e+01   5.3784489e-24
   6.2134784e+01   5.3854026e-24
   6.2278067e+01   5.3923587e-24
   6.2421681e+01   5.3993169e-24
   6.2565626e+01   5.4062766e-24
   6.2709903e+01   5.4132374e-24
   6.2854512e+01   5.4201988e-24
   6.2999455e+01   5.4271604e-24
   6.3144732e+01   5.4341217e-24
   6.3290345e+01   5.4410823e-24
   6.3436293e+01   5.4480419e-24
   6.3582577e+01   5.4549999e-24
   6.3729199e+01   5.4619559e-24
   6.3876159e+01   5.4689097e-24
   6.4023458e+01   5.4758607e-24
   6.4171097e+01   5.4828086e-24
   6.4319076e+01   5.4897531e-24
   6.4467396e+01   5.4966937e-24
   6.4616058e+01   5.5036301e-24
   6.4765063e+01   5.5105620e-24
   6.4914412e+01   5.5174890e-24
   6.5064105e+01   5.5244107e-24
   6.5214144e+01   5.5313268e-24
   6.5364528e+01   5.5382370e-24
   6.5515259e+01   5.5451411e-24
   6.5666338e+01   5.5520385e-24
   6.5817765e+01   5.5589291e-24
   6.5969541e+01   5.5658126e-24
   6.6121667e+01   5.5726886e-24
   6.6274144e+01   5.5795569e-24
   6.6426973e+01   5.5864171e-24
   6.6580154e+01   5.5932691e-24
   6.6733688e+01   5.6001125e-24
   6.6887577e+01   5.6069470e-24
   6.7041820e+01   5.6137725e-24
   6.7196419e+01   5.6205886e-24
   6.7351374e+01   5.6273951e-24
   6.7506687e+01   5.6341917e-24
   6.7662358e+01   5.6409782e-24
   6.7818388e+01   5.6477544e-24
   6.7974778e+01   5.6545201e-24
   6.8131528e+01   5.6612749e-24
   6.8288640e+01   5.6680188e-24
   6.8446114e+01   5.6747515e-24
   6.8603951e+01   5.6814727e-24
   6.8762153e+01   5.6881823e-24
   6.8920719e+01   5.6948800e-24
   6.9079650e+01   5.7015657e-24
   6.9238949e+01   5.7082392e-24
   6.9398614e+01   5.7149003e-24
   6.9558648e+01   5.7215488e-24
   6.9719051e+01   5.7281845e-24
   6.9879823e+01   5.7348073e-24
   7.0040967e+01   5.7414169e-24
   7.0202482e+01   5.7480133e-24
   7.0364369e+01   5.7545962e-24
   7.0526630e+01   5.7611655e-24
   7.0689265e+01   5.7677211e-24
   7.0852275e+01   5.7742627e-24
   7.1015661e+01   5.7807903e-24
   7.1179423e+01   5.7873036e-24
   7.1343564e+01   5.7938027e-24
   7.1508083e+01   5.8002872e-24
   7.1672981e+01   5.8067571e-24
   7.1838259e+01   5.8132123e-24
   7.2003919e+01   5.8196526e-24
   7.2169960e+01   5.8260779e-24
   7.2336385e+01   5.8324881e-24
   7.2503193e+01   5.8388831e-24
   7.2670386e+01   5.8452628e-24
   7.2837964e+01   5.8516270e-24
   7.3005929e+01   5.8579756e-24
   7.3174282e+01   5.8643086e-24
   7.3343022e+01   5.8706258e-24
   7.3512152e+01   5.8769271e-24
   7.3681671e+01   5.8832125e-24
   7.3851582e+01   5.8894819e-24
   7.4021884e+01   5.8957351e-24
   7.4192579e+01   5.9019721e-24
   7.4363668e+01   5.9081927e-24
   7.4535151e+01   5.9143970e-24
   7.4707029e+01   5.9205849e-24
   7.4879304e+01   5.9267562e-24
   7.5051977e+01   5.9329108e-24
   7.5225047e+01   5.9390488e-24
   7.5398517e+01   5.9451701e-24
   7.5572386e+01   5.9512745e-24
   7.5746657e+01   5.9573620e-24
   7.5921329e+01   5.9634326e-24
   7.6096404e+01   5.9694862e-24
   7.6271883e+01   5.9755227e-24
   7.6447767e+01   5.9815421e-24
   7.6624056e+01   5.9875443e-24
   7.6800751e+01   5.9935293e-24
   7.6977855e+01   5.9994971e-24
   7.7155366e+01   6.0054475e-24
   7.7333287e+01   6.0113806e-24
   7.7511618e+01   6.0172963e-24
   7.7690361e+01   6.0231945e-24
   7.7869515e+01   6.0290753e-24
   7.8049083e+01   6.0349385e-24
   7.8229065e+01   6.0407842e-24
   7.8409461e+01   6.0466123e-24
   7.8590274e+01   6.0524229e-24
   7.8771504e+01   6.0582157e-24
   7.8953152e+01   6.0639909e-24
   7.9135218e+01   6.0697484e-24
   7.9317705e+01   6.0754882e-24
   7.9500612e+01   6.0812103e-24
   7.9683941e+01   6.0869146e-24
   7.9867693e+01   6.0926011e-24
   8.0051868e+01   6.0982698e-24
   8.0236468e+01   6.1039207e-24
   8.0421494e+01   6.1095538e-24
   8.0606947e+01   6.1151691e-24
   8.0792827e+01   6.1207665e-24
   8.0979136e+01   6.1263460e-24
   8.1165874e+01   6.1319077e-24
   8.1353044e+01   6.1374515e-24
   8.1540644e+01   6.1429774e-24
   8.1728678e+01   6.1484854e-24
   8.1917145e+01   6.1539756e-24
   8.2106046e+01   6.1594478e-24
   8.2295383e+01   6.1649022e-24
   8.2485157e+01   6.1703386e-24
   8.2675369e+01   6.1757572e-24
   8.2866019e+01   6.1811579e-24
   8.3057108e+01   6.1865407e-24
   8.3248639e+01   6.1919057e-24
   8.3440611e+01   6.1972527e-24
   8.3633025e+01   6.2025820e-24
   8.3825884e+01   6.2078933e-24
   8.4019187e+01   6.2131868e-24
   8.4212936e+01   6.2184625e-24
   8.4407131e+01   6.2237204e-24
   8.4601775e+01   6.2289605e-24
   8.4796867e+01   6.2341827e-24
   8.4992409e+01   6.2393872e-24
   8.5188403e+01   6.2445740e-24
   8.5384848e+01   6.2497429e-24
   8.5581746e+01   6.2548942e-24
   8.5779098e+01   6.2600278e-24
   8.5976905e+01   6.2651436e-24
   8.6175169e+01   6.2702418e-24
   8.6373889e+01   6.2753224e-24
   8.6573068e+01   6.2803853e-24
   8.6772706e+01   6.2854307e-24
   8.6972805e+01   6.2904584e-24
   8.7173365e+01   6.2954686e-24
   8.7374387e+01   6.3004613e-24
   8.7575873e+01   6.3054365e-24
   8.7777824e+01   6.3103942e-24
   8.7980240e+01   6.3153345e-24
   8.8183123e+01   6.3202573e-24
   8.8386474e+01   6.3251628e-24
   8.8590294e+01   6.3300509e-24
   8.8794584e+01   6.3349217e-24
   8.8999345e+01   6.3397752e-24
   8.9204578e+01   6.3446114e-24
   8.9410285e+01   6.3494304e-24
   8.9616465e+01   6.3542322e-24
   8.9823122e+01   6.3590168e-24
   9.0030254e+01   6.3637844e-24
   9.0237865e+01   6.3685348e-24
   9.0445954e+01   6.3732681e-24
   9.0654523e+01   6.3779844e-24
   9.0863573e+01   6.3826838e-24
   9.1073105e+01   6.3873662e-24
   9.1283120e+01   6.3920317e-24
   9.1493620e+01   6.3966803e-24
   9.1704605e+01   6.4013121e-24
   9.1916077e+01   6.4059271e-24
   9.2128036e+01   6.4105253e-24
   9.2340484e+01   6.4151068e-24
   9.2553422e+01   6.4196717e-24
   9.2766850e+01   6.4242199e-24
   9.2980771e+01   6.4287515e-24
   9.3195186e+01   6.4332666e-24
   9.3410095e+01   6.4377652e-24
   9.3625499e+01   6.4422473e-24
   9.3841400e+01   6.4467130e-24
   9.4057799e+01   6.4511623e-24
   9.4274697e+01   6.4555953e-24
   9.4492095e+01   6.4600120e-24
   9.4709995e+01   6.4644125e-24
   9.4928397e+01   6.4687967e-24
   9.5147302e+01   6.4731649e-24
   9.5366713e+01   6.4775169e-24
   9.5586629e+01   6.4818528e-24
   9.5807053e+01   6.4861728e-24
   9.6027984e+01   6.4904768e-24
   9.6249426e+01   6.4947648e-24
   9.6471378e+01   6.4990370e-24
   9.6693841e+01   6.5032934e-24
   9.6916818e+01   6.5075340e-24
   9.7140309e+01   6.5117589e-24
   9.7364315e+01   6.5159681e-24
   9.7588838e+01   6.5201617e-24
   9.7813879e+01   6.5243397e-24
   9.8039438e+01   6.5285022e-24
   9.8265518e+01   6.5326492e-24
   9.8492119e+01   6.5367808e-24
   9.8719243e+01   6.5408970e-24
   9.8946890e+01   6.5449979e-24
   9.9175062e+01   6.5490835e-24
   9.9403761e+01   6.5531539e-24
   9.9632987e+01   6.5572092e-24
   9.9862741e+01   6.5612493e-24
   1.0009303e+02   6.5652743e-24
   1.0032384e+02   6.5692843e-24
   1.0055519e+02   6.5732794e-24
   1.0078707e+02   6.5772595e-24
   1.0101948e+02   6.5812248e-24
   1.0125244e+02   6.5851753e-24
   1.0148593e+02   6.5891110e-24
   1.0171995e+02   6.5930320e-24
   1.0195452e+02   6.5969384e-24
   1.0218963e+02   6.6008302e-24
   1.0242528e+02   6.6047075e-24
   1.0266147e+02   6.6085702e-24
   1.0289821e+02   6.6124186e-24
   1.0313549e+02   6.6162525e-24
   1.0337332e+02   6.6200722e-24
   1.0361170e+02   6.6238776e-24
   1.0385063e+02   6.6276687e-24
   1.0409011e+02   6.6314457e-24
   1.0433015e+02   6.6352086e-24
   1.0457073e+02   6.6389574e-24
   1.0481187e+02   6.6426923e-24
   1.0505357e+02   6.6464132e-24
   1.0529582e+02   6.6501202e-24
   1.0553864e+02   6.6538134e-24
   1.0578201e+02   6.6574928e-24
   1.0602594e+02   6.6611585e-24
   1.0627044e+02   6.6648105e-24
   1.0651550e+02   6.6684490e-24
   1.0676113e+02   6.6720738e-24
   1.0700732e+02   6.6756852e-24
   1.0725408e+02   6.6792831e-24
   1.0750141e+02   6.6828677e-24
   1.0774931e+02   6.6864389e-24
   1.0799778e+02   6.6899968e-24
   1.0824682e+02   6.6935416e-24
   1.0849644e+02   6.6970731e-24
   1.0874663e+02   6.7005916e-24
   1.0899740e+02   6.7040970e-24
   1.0924875e+02   6.7075894e-24
   1.0950068e+02   6.7110689e-24
   1.0975319e+02   6.7145355e-24
   1.1000628e+02   6.7179893e-24
   1.1025996e+02   6.7214303e-24
   1.1051422e+02   6.7248586e-24
   1.1076906e+02   6.7282742e-24
   1.1102450e+02   6.7316773e-24
   1.1128052e+02   6.7350678e-24
   1.1153714e+02   6.7384458e-24
   1.1179434e+02   6.7418114e-24
   1.1205214e+02   6.7451646e-24
   1.1231053e+02   6.7485055e-24
   1.1256952e+02   6.7518342e-24
   1.1282911e+02   6.7551506e-24
   1.1308929e+02   6.7584549e-24
   1.1335008e+02   6.7617471e-24
   1.1361146e+02   6.7650273e-24
   1.1387345e+02   6.7682955e-24
   1.1413605e+02   6.7715518e-24
   1.1439924e+02   6.7747962e-24
   1.1466305e+02   6.7780288e-24
   1.1492746e+02   6.7812497e-24
   1.1519249e+02   6.7844589e-24
   1.1545812e+02   6.7876564e-24
   1.1572437e+02   6.7908424e-24
   1.1599123e+02   6.7940168e-24
   1.1625871e+02   6.7971798e-24
   1.1652680e+02   6.8003314e-24
   1.1679551e+02   6.8034716e-24
   1.1706484e+02   6.8066005e-24
   1.1733480e+02   6.8097181e-24
   1.1760537e+02   6.8128246e-24
   1.1787657e+02   6.8159200e-24
   1.1814839e+02   6.8190043e-24
   1.1842085e+02   6.8220776e-24
   1.1869392e+02   6.8251399e-24
   1.1896763e+02   6.8281913e-24
   1.1924197e+02   6.8312319e-24
   1.1951695e+02   6.8342616e-24
   1.1979255e+02   6.8372807e-24
   1.2006880e+02   6.8402891e-24
   1.2034568e+02   6.8432868e-24
   1.2062319e+02   6.8462740e-24
   1.2090135e+02   6.8492507e-24
   1.2118015e+02   6.8522169e-24
   1.2145959e+02   6.8551727e-24
   1.2173968e+02   6.8581182e-24
   1.2202041e+02   6.8610534e-24
   1.2230179e+02   6.8639784e-24
   1.2258382e+02   6.8668932e-24
   1.2286650e+02   6.8697979e-24
   1.2314983e+02   6.8726925e-24
   1.2343382e+02   6.8755771e-24
   1.2371846e+02   6.8784518e-24
   1.2400375e+02   6.8813166e-24
   1.2428971e+02   6.8841715e-24
   1.2457632e+02   6.8870166e-24
   1.2486359e+02   6.8898521e-24
   1.2515153e+02   6.8926778e-24
   1.2544013e+02   6.8954939e-24
   1.2572940e+02   6.8983005e-24
   1.2601933e+02   6.9010975e-24
   1.2630993e+02   6.9038852e-24
   1.2660120e+02   6.9066634e-24
   1.2689314e+02   6.9094322e-24
   1.2718576e+02   6.9121918e-24
   1.2747905e+02   6.9149421e-24
   1.2777302e+02   6.9176833e-24
   1.2806767e+02   6.9204153e-24
   1.2836299e+02   6.9231383e-24
   1.2865900e+02   6.9258523e-24
   1.2895569e+02   6.9285573e-24
   1.2925306e+02   6.9312534e-24
   1.2955112e+02   6.9339406e-24
   1.2984986e+02   6.9366190e-24
   1.3014930e+02   6.9392888e-24
   1.3044942e+02   6.9419498e-24
   1.3075024e+02   6.9446021e-24
   1.3105175e+02   6.9472459e-24
   1.3135396e+02   6.9498812e-24
   1.3165686e+02   6.9525080e-24
   1.3196046e+02   6.9551264e-24
   1.3226476e+02   6.9577364e-24
   1.3256977e+02   6.9603381e-24
   1.3287547e+02   6.9629316e-24
   1.3318189e+02   6.9655169e-24
   1.3348901e+02   6.9680940e-24
   1.3379683e+02   6.9706630e-24
   1.3410537e+02   6.9732239e-24
   1.3441462e+02   6.9757769e-24
   1.3472458e+02   6.9783219e-24
   1.3503525e+02   6.9808591e-24
   1.3534665e+02   6.9833884e-24
   1.3565876e+02   6.9859100e-24
   1.3597159e+02   6.9884238e-24
   1.3628514e+02   6.9909299e-24
   1.3659941e+02   6.9934285e-24
   1.3691441e+02   6.9959194e-24
   1.3723014e+02   6.9984029e-24
   1.3754659e+02   7.0008789e-24
   1.3786377e+02   7.0033475e-24
   1.3818169e+02   7.0058087e-24
   1.3850034e+02   7.0082626e-24
   1.3881972e+02   7.0107093e-24
   1.3913984e+02   7.0131488e-24
   1.3946070e+02   7.0155811e-24
   1.3978229e+02   7.0180063e-24
   1.4010463e+02   7.0204245e-24
   1.4042772e+02   7.0228357e-24
   1.4075154e+02   7.0252400e-24
   1.4107612e+02   7.0276374e-24
   1.4140144e+02   7.0300279e-24
   1.4172751e+02   7.0324117e-24
   1.4205434e+02   7.0347887e-24
   1.4238192e+02   7.0371591e-24
   1.4271025e+02   7.0395228e-24
   1.4303934e+02   7.0418799e-24
   1.4336919e+02   7.0442305e-24
   1.4369980e+02   7.0465747e-24
   1.4403117e+02   7.0489124e-24
   1.4436331e+02   7.0512437e-24
   1.4469621e+02   7.0535687e-24
   1.4502988e+02   7.0558875e-24
   1.4536432e+02   7.0582000e-24
   1.4569954e+02   7.0605064e-24
   1.4603552e+02   7.0628066e-24
   1.4637228e+02   7.0651008e-24
   1.4670981e+02   7.0673889e-24
   1.4704813e+02   7.0696711e-24
   1.4738722e+02   7.0719474e-24
   1.4772710e+02   7.0742178e-24
   1.4806776e+02   7.0764823e-24
   1.4840920e+02   7.0787412e-24
   1.4875144e+02   7.0809943e-24
   1.4909446e+02   7.0832417e-24
   1.4943827e+02   7.0854835e-24
   1.4978288e+02   7.0877198e-24
   1.5012828e+02   7.0899505e-24
   1.5047447e+02   7.0921758e-24
   1.5082147e+02   7.0943956e-24
   1.5116927e+02   7.0966101e-24
   1.5151786e+02   7.0988193e-24
   1.5186726e+02   7.1010232e-24
   1.5221747e+02   7.1032219e-24
   1.5256849e+02   7.1054154e-24
   1.5292031e+02   7.1076037e-24
   1.5327295e+02   7.1097871e-24
   1.5362639e+02   7.1119654e-24
   1.5398066e+02   7.1141387e-24
   1.5433574e+02   7.1163071e-24
   1.5469164e+02   7.1184706e-24
   1.5504836e+02   7.1206293e-24
   1.5540590e+02   7.1227832e-24
   1.5576427e+02   7.1249324e-24
   1.5612346e+02   7.1270769e-24
   1.5648348e+02   7.1292168e-24
   1.5684434e+02   7.1313521e-24
   1.5720602e+02   7.1334829e-24
   1.5756854e+02   7.1356092e-24
   1.5793189e+02   7.1377310e-24
   1.5829608e+02   7.1398485e-24
   1.5866112e+02   7.1419616e-24
   1.5902699e+02   7.1440704e-24
   1.5939371e+02   7.1461750e-24
   1.5976127e+02   7.1482754e-24
   1.6012968e+02   7.1503716e-24
   1.6049894e+02   7.1524637e-24
   1.6086905e+02   7.1545518e-24
   1.6124002e+02   7.1566359e-24
   1.6161184e+02   7.1587160e-24
   1.6198452e+02   7.1607922e-24
   1.6235805e+02   7.1628645e-24
   1.6273245e+02   7.1649331e-24
   1.6310772e+02   7.1669978e-24
   1.6348384e+02   7.1690589e-24
   1.6386084e+02   7.1711163e-24
   1.6423870e+02   7.1731700e-24
   1.6461744e+02   7.1752202e-24
   1.6499705e+02   7.1772668e-24
   1.6537753e+02   7.1793100e-24
   1.6575889e+02   7.1813497e-24
   1.6614114e+02   7.1833861e-24
   1.6652426e+02   7.1854191e-24
   1.6690826e+02   7.1874488e-24
   1.6729316e+02   7.1894752e-24
   1.6767894e+02   7.1914985e-24
   1.6806560e+02   7.1935186e-24
   1.6845316e+02   7.1955356e-24
   1.6884162e+02   7.1975495e-24
   1.6923097e+02   7.1995604e-24
   1.6962122e+02   7.2015684e-24
   1.7001236e+02   7.2035734e-24
   1.7040441e+02   7.2055756e-24
   1.7079737e+02   7.2075749e-24
   1.7119123e+02   7.2095715e-24
   1.7158600e+02   7.2115653e-24
   1.7198168e+02   7.2135564e-24
   1.7237827e+02   7.2155449e-24
   1.7277577e+02   7.2175308e-24
   1.7317419e+02   7.2195141e-24
   1.7357354e+02   7.2214950e-24
   1.7397380e+02   7.2234734e-24
   1.7437498e+02   7.2254493e-24
   1.7477709e+02   7.2274229e-24
   1.7518013e+02   7.2293942e-24
   1.7558410e+02   7.2313632e-24
   1.7598899e+02   7.2333300e-24
   1.7639483e+02   7.2352946e-24
   1.7680159e+02   7.2372571e-24
   1.7720930e+02   7.2392175e-24
   1.7761795e+02   7.2411758e-24
   1.7802753e+02   7.2431322e-24
   1.7843807e+02   7.2450866e-24
   1.7884955e+02   7.2470391e-24
   1.7926198e+02   7.2489897e-24
   1.7967535e+02   7.2509385e-24
   1.8008969e+02   7.2528855e-24
   1.8050498e+02   7.2548308e-24
   1.8092122e+02   7.2567745e-24
   1.8133843e+02   7.2587165e-24
   1.8175659e+02   7.2606569e-24
   1.8217573e+02   7.2625957e-24
   1.8259583e+02   7.2645331e-24
   1.8301689e+02   7.2664690e-24
   1.8343893e+02   7.2684035e-24
   1.8386194e+02   7.2703367e-24
   1.8428593e+02   7.2722685e-24
   1.8471089e+02   7.2741991e-24
   1.8513684e+02   7.2761284e-24
   1.8556377e+02   7.2780566e-24
   1.8599168e+02   7.2799836e-24
   1.8642058e+02   7.2819095e-24
   1.8685046e+02   7.2838344e-24
   1.8728134e+02   7.2857583e-24
   1.8771321e+02   7.2876812e-24
   1.8814608e+02   7.2896032e-24
   1.8857995e+02   7.2915243e-24
   1.8901482e+02   7.2934447e-24
   1.8945068e+02   7.2953642e-24
   1.8988756e+02   7.2972830e-24
   1.9032544e+02   7.2992012e-24
   1.9076433e+02   7.3011186e-24
   1.9120424e+02   7.3030355e-24
   1.9164516e+02   7.3049519e-24
   1.9208709e+02   7.3068677e-24
   1.9253005e+02   7.3087831e-24
   1.9297402e+02   7.3106980e-24
   1.9341902e+02   7.3126126e-24
   1.9386505e+02   7.3145269e-24
   1.9431210e+02   7.3164408e-24
   1.9476019e+02   7.3183545e-24
   1.9520930e+02   7.3202681e-24
   1.9565946e+02   7.3221814e-24
   1.9611065e+02   7.3240947e-24
   1.9656288e+02   7.3260079e-24
   1.9701616e+02   7.3279211e-24
   1.9747048e+02   7.3298344e-24
   1.9792585e+02   7.3317477e-24
   1.9838227e+02   7.3336611e-24
   1.9883974e+02   7.3355747e-24
   1.9929826e+02   7.3374884e-24
   1.9975785e+02   7.3394025e-24
   2.0021849e+02   7.3413168e-24
   2.0068020e+02   7.3432315e-24
   2.0114297e+02   7.3451465e-24
   2.0160680e+02   7.3470620e-24
   2.0207171e+02   7.3489780e-24
   2.0253769e+02   7.3508944e-24
   2.0300474e+02   7.3528115e-24
   2.0347287e+02   7.3547291e-24
   2.0394208e+02   7.3566474e-24
   2.0441237e+02   7.3585664e-24
   2.0488375e+02   7.3604862e-24
   2.0535621e+02   7.3624067e-24
   2.0582977e+02   7.3643280e-24
   2.0630441e+02   7.3662502e-24
   2.0678015e+02   7.3681734e-24
   2.0725699e+02   7.3700975e-24
   2.0773492e+02   7.3720226e-24
   2.0821396e+02   7.3739487e-24
   2.0869411e+02   7.3758760e-24
   2.0917536e+02   7.3778044e-24
   2.0965772e+02   7.3797340e-24
   2.1014119e+02   7.3816648e-24
   2.1062578e+02   7.3835969e-24
   2.1111148e+02   7.3855303e-24
   2.1159831e+02   7.3874650e-24
   2.1208625e+02   7.3894012e-24
   2.1257533e+02   7.3913388e-24
   2.1306553e+02   7.3932779e-24
   2.1355686e+02   7.3952186e-24
   2.1404932e+02   7.3971608e-24
   2.1454292e+02   7.3991047e-24
   2.1503766e+02   7.4010503e-24
   2.1553354e+02   7.4029975e-24
   2.1603056e+02   7.4049466e-24
   2.1652873e+02   7.4068974e-24
   2.1702804e+02   7.4088501e-24
   2.1752851e+02   7.4108047e-24
   2.1803013e+02   7.4127612e-24
   2.1853291e+02   7.4147197e-24
   2.1903685e+02   7.4166803e-24
   2.1954195e+02   7.4186429e-24
   2.2004822e+02   7.4206076e-24
   2.2055565e+02   7.4225745e-24
   2.2106425e+02   7.4245437e-24
   2.2157403e+02   7.4265150e-24
   2.2208498e+02   7.4284887e-24
   2.2259711e+02   7.4304647e-24
   2.2311042e+02   7.4324431e-24
   2.2362491e+02   7.4344240e-24
   2.2414060e+02   7.4364073e-24
   2.2465747e+02   7.4383931e-24
   2.2517553e+02   7.4403815e-24
   2.2569478e+02   7.4423725e-24
   2.2621524e+02   7.4443662e-24
   2.2673689e+02   7.4463626e-24
   2.2725975e+02   7.4483617e-24
   2.2778381e+02   7.4503637e-24
   2.2830908e+02   7.4523684e-24
   2.2883556e+02   7.4543761e-24
   2.2936326e+02   7.4563866e-24
   2.2989217e+02   7.4584002e-24
   2.3042231e+02   7.4604167e-24
   2.3095366e+02   7.4624364e-24
   2.3148624e+02   7.4644591e-24
   2.3202005e+02   7.4664850e-24
   2.3255509e+02   7.4685141e-24
   2.3309137e+02   7.4705464e-24
   2.3362888e+02   7.4725820e-24
   2.3416763e+02   7.4746210e-24
   2.3470762e+02   7.4766633e-24
   2.3524886e+02   7.4787091e-24
   2.3579134e+02   7.4807583e-24
   2.3633508e+02   7.4828111e-24
   2.3688007e+02   7.4848674e-24
   2.3742632e+02   7.4869273e-24
   2.3797382e+02   7.4889909e-24
   2.3852259e+02   7.4910582e-24
   2.3907263e+02   7.4931292e-24
   2.3962393e+02   7.4952040e-24
   2.4017651e+02   7.4972827e-24
   2.4073036e+02   7.4993652e-24
   2.4128548e+02   7.5014516e-24
   2.4184189e+02   7.5035421e-24
   2.4239958e+02   7.5056365e-24
   2.4295855e+02   7.5077350e-24
   2.4351882e+02   7.5098377e-24
   2.4408037e+02   7.5119445e-24
   2.4464322e+02   7.5140554e-24
   2.4520737e+02   7.5161707e-24
   2.4577282e+02   7.5182902e-24
   2.4633958e+02   7.5204141e-24
   2.4690764e+02   7.5225424e-24
   2.4747701e+02   7.5246751e-24
   2.4804769e+02   7.5268123e-24
   2.4861969e+02   7.5289540e-24
   2.4919301e+02   7.5311003e-24
   2.4976765e+02   7.5332512e-24
   2.5034362e+02   7.5354067e-24
   2.5092091e+02   7.5375670e-24
   2.5149954e+02   7.5397321e-24
   2.5207950e+02   7.5419019e-24
   2.5266080e+02   7.5440767e-24
   2.5324343e+02   7.5462563e-24
   2.5382742e+02   7.5484408e-24
   2.5441274e+02   7.5506304e-24
   2.5499942e+02   7.5528250e-24
   2.5558745e+02   7.5550247e-24
   2.5617684e+02   7.5572295e-24
   2.5676758e+02   7.5594395e-24
   2.5735969e+02   7.5616548e-24
   2.5795317e+02   7.5638753e-24
   2.5854801e+02   7.5661011e-24
   2.5914422e+02   7.5683323e-24
   2.5974181e+02   7.5705690e-24
   2.6034078e+02   7.5728111e-24
   2.6094112e+02   7.5750587e-24
   2.6154286e+02   7.5773119e-24
   2.6214598e+02   7.5795707e-24
   2.6275049e+02   7.5818351e-24
   2.6335639e+02   7.5841053e-24
   2.6396369e+02   7.5863812e-24
   2.6457240e+02   7.5886629e-24
   2.6518250e+02   7.5909504e-24
   2.6579401e+02   7.5932439e-24
   2.6640694e+02   7.5955433e-24
   2.6702127e+02   7.5978487e-24
   2.6763703e+02   7.6001602e-24
   2.6825420e+02   7.6024777e-24
   2.6887280e+02   7.6048014e-24
   2.6949282e+02   7.6071312e-24
   2.7011427e+02   7.6094673e-24
   2.7073716e+02   7.6118097e-24
   2.7136148e+02   7.6141585e-24
   2.7198724e+02   7.6165136e-24
   2.7261444e+02   7.6188751e-24
   2.7324310e+02   7.6212431e-24
   2.7387320e+02   7.6236177e-24
   2.7450475e+02   7.6259988e-24
   2.7513776e+02   7.6283865e-24
   2.7577223e+02   7.6307810e-24
   2.7640816e+02   7.6331821e-24
   2.7704556e+02   7.6355901e-24
   2.7768443e+02   7.6380048e-24
   2.7832477e+02   7.6404265e-24
   2.7896659e+02   7.6428550e-24
   2.7960989e+02   7.6452906e-24
   2.8025467e+02   7.6477331e-24
   2.8090094e+02   7.6501828e-24
   2.8154870e+02   7.6526395e-24
   2.8219796e+02   7.6551034e-24
   2.8284871e+02   7.6575746e-24
   2.8350096e+02   7.6600530e-24
   2.8415471e+02   7.6625388e-24
   2.8480998e+02   7.6650319e-24
   2.8546675e+02   7.6675325e-24
   2.8612504e+02   7.6700405e-24
   2.8678485e+02   7.6725561e-24
   2.8744617e+02   7.6750792e-24
   2.8810903e+02   7.6776100e-24
   2.8877341e+02   7.6801484e-24
   2.8943932e+02   7.6826946e-24
   2.9010677e+02   7.6852485e-24
   2.9077576e+02   7.6878103e-24
   2.9144629e+02   7.6903800e-24
   2.9211837e+02   7.6929576e-24
   2.9279200e+02   7.6955432e-24
   2.9346718e+02   7.6981368e-24
   2.9414391e+02   7.7007385e-24
   2.9482221e+02   7.7033484e-24
   2.9550207e+02   7.7059664e-24
   2.9618350e+02   7.7085927e-24
   2.9686651e+02   7.7112273e-24
   2.9755108e+02   7.7138702e-24
   2.9823724e+02   7.7165216e-24
   2.9892498e+02   7.7191814e-24
   2.9961430e+02   7.7218497e-24
   3.0030521e+02   7.7245265e-24
   3.0099772e+02   7.7272120e-24
   3.0169182e+02   7.7299061e-24
   3.0238752e+02   7.7326089e-24
   3.0308483e+02   7.7353205e-24
   3.0378375e+02   7.7380410e-24
   3.0448428e+02   7.7407703e-24
   3.0518642e+02   7.7435085e-24
   3.0589018e+02   7.7462557e-24
   3.0659557e+02   7.7490119e-24
   3.0730258e+02   7.7517773e-24
   3.0801122e+02   7.7545517e-24
   3.0872150e+02   7.7573354e-24
   3.0943341e+02   7.7601283e-24
   3.1014697e+02   7.7629305e-24
   3.1086217e+02   7.7657421e-24
   3.1157902e+02   7.7685630e-24
   3.1229752e+02   7.7713935e-24
   3.1301768e+02   7.7742334e-24
   3.1373950e+02   7.7770830e-24
   3.1446299e+02   7.7799421e-24
   3.1518814e+02   7.7828109e-24
   3.1591497e+02   7.7856895e-24
   3.1664347e+02   7.7885779e-24
   3.1737365e+02   7.7914761e-24
   3.1810552e+02   7.7943842e-24
   3.1883907e+02   7.7973022e-24
   3.1957432e+02   7.8002303e-24
   3.2031126e+02   7.8031684e-24
   3.2104990e+02   7.8061167e-24
   3.2179024e+02   7.8090751e-24
   3.2253229e+02   7.8120438e-24
   3.2327606e+02   7.8150227e-24
   3.2402153e+02   7.8180120e-24
   3.2476873e+02   7.8210117e-24
   3.2551765e+02   7.8240219e-24
   3.2626829e+02   7.8270425e-24
   3.2702067e+02   7.8300738e-24
   3.2777478e+02   7.8331156e-24
   3.2853063e+02   7.8361681e-24
   3.2928823e+02   7.8392314e-24
   3.3004757e+02   7.8423055e-24
   3.3080866e+02   7.8453904e-24
   3.3157151e+02   7.8484862e-24
   3.3233612e+02   7.8515930e-24
   3.3310249e+02   7.8547108e-24
   3.3387062e+02   7.8578397e-24
   3.3464053e+02   7.8609797e-24
   3.3541221e+02   7.8641310e-24
   3.3618568e+02   7.8672935e-24
   3.3696092e+02   7.8704672e-24
   3.3773796e+02   7.8736524e-24
   3.3851679e+02   7.8768490e-24
   3.3929741e+02   7.8800570e-24
   3.4007983e+02   7.8832767e-24
   3.4086406e+02   7.8865079e-24
   3.4165009e+02   7.8897507e-24
   3.4243794e+02   7.8930053e-24
   3.4322760e+02   7.8962717e-24
   3.4401909e+02   7.8995499e-24
   3.4481240e+02   7.9028400e-24
   3.4560754e+02   7.9061421e-24
   3.4640451e+02   7.9094561e-24
   3.4720333e+02   7.9127823e-24
   3.4800398e+02   7.9161205e-24
   3.4880648e+02   7.9194710e-24
   3.4961083e+02   7.9228337e-24
   3.5041703e+02   7.9262088e-24
   3.5122510e+02   7.9295962e-24
   3.5203503e+02   7.9329960e-24
   3.5284682e+02   7.9364083e-24
   3.5366049e+02   7.9398332e-24
   3.5447603e+02   7.9432707e-24
   3.5529346e+02   7.9467209e-24
   3.5611277e+02   7.9501838e-24
   3.5693397e+02   7.9536595e-24
   3.5775706e+02   7.9571480e-24
   3.5858205e+02   7.9606495e-24
   3.5940894e+02   7.9641640e-24
   3.6023774e+02   7.9676915e-24
   3.6106845e+02   7.9712321e-24
   3.6190108e+02   7.9747859e-24
   3.6273563e+02   7.9783529e-24
   3.6357210e+02   7.9819331e-24
   3.6441050e+02   7.9855268e-24
   3.6525083e+02   7.9891338e-24
   3.6609310e+02   7.9927544e-24
   3.6693731e+02   7.9963884e-24
   3.6778347e+02   8.0000361e-24
   3.6863159e+02   8.0036974e-24
   3.6948165e+02   8.0073725e-24
   3.7033368e+02   8.0110613e-24
   3.7118767e+02   8.0147640e-24
   3.7204364e+02   8.0184807e-24
   3.7290157e+02   8.0222113e-24
   3.7376148e+02   8.0259559e-24
   3.7462338e+02   8.0297147e-24
   3.7548727e+02   8.0334876e-24
   3.7635314e+02   8.0372748e-24
   3.7722102e+02   8.0410763e-24
   3.7809089e+02   8.0448921e-24
   3.7896277e+02   8.0487224e-24
   3.7983666e+02   8.0525671e-24
   3.8071257e+02   8.0564265e-24
   3.8159049e+02   8.0603004e-24
   3.8247044e+02   8.0641891e-24
   3.8335242e+02   8.0680925e-24
   3.8423644e+02   8.0720107e-24
   3.8512249e+02   8.0759438e-24
   3.8601059e+02   8.0798919e-24
   3.8690073e+02   8.0838550e-24
   3.8779292e+02   8.0878332e-24
   3.8868718e+02   8.0918265e-24
   3.8958349e+02   8.0958350e-24
   3.9048188e+02   8.0998589e-24
   3.9138233e+02   8.1038981e-24
   3.9228486e+02   8.1079527e-24
   3.9318947e+02   8.1120228e-24
   3.9409617e+02   8.1161084e-24
   3.9500496e+02   8.1202097e-24
   3.9591584e+02   8.1243267e-24
   3.9682883e+02   8.1284594e-24
   3.9774392e+02   8.1326080e-24
   3.9866112e+02   8.1367724e-24
   3.9958044e+02   8.1409529e-24
   4.0050187e+02   8.1451493e-24
   4.0142543e+02   8.1493619e-24
   4.0235112e+02   8.1535906e-24
   4.0327895e+02   8.1578356e-24
   4.0420891e+02   8.1620969e-24
   4.0514102e+02   8.1663746e-24
   4.0607528e+02   8.1706687e-24
   4.0701169e+02   8.1749793e-24
   4.0795026e+02   8.1793066e-24
   4.0889100e+02   8.1836505e-24
   4.0983390e+02   8.1880111e-24
   4.1077898e+02   8.1923886e-24
   4.1172624e+02   8.1967829e-24
   4.1267569e+02   8.2011942e-24
   4.1362732e+02   8.2056226e-24
   4.1458115e+02   8.2100680e-24
   4.1553718e+02   8.2145306e-24
   4.1649541e+02   8.2190104e-24
   4.1745585e+02   8.2235076e-24
   4.1841851e+02   8.2280222e-24
   4.1938338e+02   8.2325542e-24
   4.2035048e+02   8.2371038e-24
   4.2131982e+02   8.2416710e-24
   4.2229138e+02   8.2462560e-24
   4.2326519e+02   8.2508587e-24
   4.2424124e+02   8.2554792e-24
   4.2521955e+02   8.2601178e-24
   4.2620010e+02   8.2647743e-24
   4.2718293e+02   8.2694489e-24
   4.2816801e+02   8.2741418e-24
   4.2915537e+02   8.2788529e-24
   4.3014501e+02   8.2835823e-24
   4.3113692e+02   8.2883302e-24
   4.3213113e+02   8.2930966e-24
   4.3312763e+02   8.2978817e-24
   4.3412642e+02   8.3026854e-24
   4.3512752e+02   8.3075080e-24
   4.3613093e+02   8.3123495e-24
   4.3713665e+02   8.3172100e-24
   4.3814469e+02   8.3220896e-24
   4.3915506e+02   8.3269884e-24
   4.4016775e+02   8.3319066e-24
   4.4118278e+02   8.3368442e-24
   4.4220015e+02   8.3418014e-24
   4.4321987e+02   8.3467784e-24
   4.4424194e+02   8.3517751e-24
   4.4526636e+02   8.3567919e-24
   4.4629315e+02   8.3618289e-24
   4.4732231e+02   8.3668862e-24
   4.4835383e+02   8.3719640e-24
   4.4938774e+02   8.3770626e-24
   4.5042403e+02   8.3821822e-24
   4.5146271e+02   8.3873231e-24
   4.5250379e+02   8.3924856e-24
   4.5354727e+02   8.3976700e-24
   4.5459315e+02   8.4028768e-24
   4.5564145e+02   8.4081065e-24
   4.5669216e+02   8.4133596e-24
   4.5774529e+02   8.4186368e-24
   4.5880086e+02   8.4239391e-24
   4.5985886e+02   8.4292675e-24
   4.6091930e+02   8.4346234e-24
   4.6198218e+02   8.4400086e-24
   4.6304751e+02   8.4454253e-24
   4.6411530e+02   8.4508767e-24
   4.6518556e+02   8.4563668e-24
   4.6625828e+02   8.4619014e-24
   4.6733347e+02   8.4674888e-24
   4.6841115e+02   8.4731409e-24
   4.6949131e+02   8.4788762e-24
   4.7057396e+02   8.4847234e-24
   4.7165911e+02   8.4907306e-24
   4.7274676e+02   8.4969823e-24
   4.7383691e+02   8.5036386e-24
   4.7492958e+02   8.5110354e-24
   4.7602478e+02   8.5199785e-24
   4.7712249e+02   8.5328329e-24
   4.7822274e+02   8.5592946e-24
   4.7932553e+02   8.6805536e-24
   4.8043085e+02   4.1361906e-23
   4.8153873e+02   8.6672959e-24
   4.8264916e+02   8.5777286e-24
   4.8376216e+02   8.5651116e-24
   4.8487772e+02   8.5643936e-24
   4.8599585e+02   8.5671791e-24
   4.8711656e+02   8.5713645e-24
   4.8823985e+02   8.5762238e-24
   4.8936574e+02   8.5814529e-24
   4.9049422e+02   8.5869062e-24
   4.9162530e+02   8.5925071e-24
   4.9275899e+02   8.5982123e-24
   4.9389530e+02   8.6039956e-24
   4.9503423e+02   8.6098407e-24
   4.9617578e+02   8.6157368e-24
   4.9731996e+02   8.6216768e-24
   4.9846679e+02   8.6276556e-24
   4.9961626e+02   8.6336697e-24
   5.0076837e+02   8.6397166e-24
   5.0192315e+02   8.6457942e-24
   5.0308059e+02   8.6519014e-24
   5.0424070e+02   8.6580369e-24
   5.0540348e+02   8.6642001e-24
   5.0656894e+02   8.6703903e-24
   5.0773710e+02   8.6766070e-24
   5.0890794e+02   8.6828499e-24
   5.1008149e+02   8.6891187e-24
   5.1125774e+02   8.6954132e-24
   5.1243670e+02   8.7017333e-24
   5.1361839e+02   8.7080788e-24
   5.1480279e+02   8.7144496e-24
   5.1598993e+02   8.7208458e-24
   5.1717981e+02   8.7272673e-24
   5.1837243e+02   8.7337140e-24
   5.1956780e+02   8.7401859e-24
   5.2076593e+02   8.7466832e-24
   5.2196682e+02   8.7532057e-24
   5.2317048e+02   8.7597536e-24
   5.2437691e+02   8.7663268e-24
   5.2558613e+02   8.7729254e-24
   5.2679814e+02   8.7795495e-24
   5.2801294e+02   8.7861992e-24
   5.2923054e+02   8.7928744e-24
   5.3045095e+02   8.7995752e-24
   5.3167417e+02   8.8063018e-24
   5.3290022e+02   8.8130541e-24
   5.3412909e+02   8.8198323e-24
   5.3536079e+02   8.8266364e-24
   5.3659534e+02   8.8334665e-24
   5.3783273e+02   8.8403226e-24
   5.3907298e+02   8.8472049e-24
   5.4031609e+02   8.8541134e-24
   5.4156206e+02   8.8610482e-24
   5.4281090e+02   8.8680094e-24
   5.4406263e+02   8.8749971e-24
   5.4531724e+02   8.8820113e-24
   5.4657475e+02   8.8890521e-24
   5.4783515e+02   8.8961196e-24
   5.4909847e+02   8.9032139e-24
   5.5036469e+02   8.9103351e-24
   5.5163384e+02   8.9174833e-24
   5.5290591e+02   8.9246585e-24
   5.5418091e+02   8.9318609e-24
   5.5545886e+02   8.9390905e-24
   5.5673975e+02   8.9463473e-24
   5.5802360e+02   8.9536316e-24
   5.5931040e+02   8.9609434e-24
   5.6060018e+02   8.9682827e-24
   5.6189293e+02   8.9756497e-24
   5.6318866e+02   8.9830445e-24
   5.6448737e+02   8.9904671e-24
   5.6578909e+02   8.9979176e-24
   5.6709380e+02   9.0053961e-24
   5.6840152e+02   9.0129028e-24
   5.6971226e+02   9.0204376e-24
   5.7102602e+02   9.0280007e-24
   5.7234281e+02   9.0355922e-24
   5.7366264e+02   9.0432122e-24
   5.7498551e+02   9.0508607e-24
   5.7631143e+02   9.0585379e-24
   5.7764041e+02   9.0662439e-24
   5.7897245e+02   9.0739786e-24
   5.8030757e+02   9.0817423e-24
   5.8164576e+02   9.0895350e-24
   5.8298704e+02   9.0973568e-24
   5.8433141e+02   9.1052079e-24
   5.8567889e+02   9.1130882e-24
   5.8702947e+02   9.1209979e-24
   5.8838316e+02   9.1289371e-24
   5.8973998e+02   9.1369059e-24
   5.9109992e+02   9.1449043e-24
   5.9246300e+02   9.1529325e-24
   5.9382923e+02   9.1609906e-24
   5.9519860e+02   9.1690786e-24
   5.9657113e+02   9.1771966e-24
   5.9794683e+02   9.1853448e-24
   5.9932570e+02   9.1935232e-24
   6.0070775e+02   9.2017320e-24
   6.0209299e+02   9.2099712e-24
   6.0348142e+02   9.2182409e-24
   6.0487305e+02   9.2265412e-24
   6.0626789e+02   9.2348722e-24
   6.0766595e+02   9.2432340e-24
   6.0906723e+02   9.2516268e-24
   6.1047175e+02   9.2600505e-24
   6.1187950e+02   9.2685053e-24
   6.1329050e+02   9.2769913e-24
   6.1470475e+02   9.2855086e-24
   6.1612226e+02   9.2940573e-24
   6.1754305e+02   9.3026374e-24
   6.1896711e+02   9.3112491e-24
   6.2039445e+02   9.3198925e-24
   6.2182508e+02   9.3285677e-24
   6.2325902e+02   9.3372748e-24
   6.2469626e+02   9.3460138e-24
   6.2613681e+02   9.3547848e-24
   6.2758069e+02   9.3635880e-24
   6.2902789e+02   9.3724235e-24
   6.3047844e+02   9.3812914e-24
   6.3193232e+02   9.3901916e-24
   6.3338957e+02   9.3991245e-24
   6.3485017e+02   9.4080900e-24
   6.3631414e+02   9.4170882e-24
   6.3778148e+02   9.4261193e-24
   6.3925221e+02   9.4351834e-24
   6.4072633e+02   9.4442805e-24
   6.4220385e+02   9.4534107e-24
   6.4368478e+02   9.4625742e-24
   6.4516912e+02   9.4717710e-24
   6.4665688e+02   9.4810013e-24
   6.4814808e+02   9.4902651e-24
   6.4964271e+02   9.4995626e-24
   6.5114080e+02   9.5088938e-24
   6.5264233e+02   9.5182589e-24
   6.5414733e+02   9.5276579e-24
   6.5565580e+02   9.5370910e-24
   6.5716775e+02   9.5465582e-24
   6.5868318e+02   9.5560596e-24
   6.6020211e+02   9.5655955e-24
   6.6172454e+02   9.5751657e-24
   6.6325048e+02   9.5847705e-24
   6.6477994e+02   9.5944100e-24
   6.6631293e+02   9.6040843e-24
   6.6784945e+02   9.6137934e-24
   6.6938952e+02   9.6235374e-24
   6.7093314e+02   9.6333166e-24
   6.7248031e+02   9.6431309e-24
   6.7403106e+02   9.6529804e-24
   6.7558538e+02   9.6628654e-24
   6.7714328e+02   9.6727858e-24
   6.7870478e+02   9.6827418e-24
   6.8026988e+02   9.6927335e-24
   6.8183859e+02   9.7027609e-24
   6.8341091e+02   9.7128243e-24
   6.8498686e+02   9.7229236e-24
   6.8656645e+02   9.7330591e-24
   6.8814967e+02   9.7432307e-24
   6.8973655e+02   9.7534387e-24
   6.9132709e+02   9.7636830e-24
   6.9292130e+02   9.7739639e-24
   6.9451918e+02   9.7842814e-24
   6.9612074e+02   9.7946356e-24
   6.9772600e+02   9.8050266e-24
   6.9933497e+02   9.8154546e-24
   7.0094764e+02   9.8259196e-24
   7.0256403e+02   9.8364218e-24
   7.0418415e+02   9.8469612e-24
   7.0580800e+02   9.8575380e-24
   7.0743560e+02   9.8681522e-24
   7.0906695e+02   9.8788040e-24
   7.1070206e+02   9.8894934e-24
   7.1234095e+02   9.9002207e-24
   7.1398361e+02   9.9109858e-24
   7.1563006e+02   9.9217889e-24
   7.1728031e+02   9.9326301e-24
   7.1893437e+02   9.9435096e-24
   7.2059223e+02   9.9544273e-24
   7.2225393e+02   9.9653835e-24
   7.2391945e+02   9.9763782e-24
   7.2558881e+02   9.9874115e-24
   7.2726203e+02   9.9984835e-24
   7.2893910e+02   1.0009594e-23
   7.3062004e+02   1.0020744e-23
   7.3230485e+02   1.0031933e-23
   7.3399355e+02   1.0043161e-23
   7.3568615e+02   1.0054429e-23
   7.3738265e+02   1.0065736e-23
   7.3908306e+02   1.0077082e-23
   7.4078739e+02   1.0088468e-23
   7.4249565e+02   1.0099893e-23
   7.4420785e+02   1.0111359e-23
   7.4592400e+02   1.0122864e-23
   7.4764410e+02   1.0134410e-23
   7.4936818e+02   1.0145995e-23
   7.5109623e+02   1.0157621e-23
   7.5282826e+02   1.0169287e-23
   7.5456429e+02   1.0180994e-23
   7.5630432e+02   1.0192741e-23
   7.5804836e+02   1.0204529e-23
   7.5979643e+02   1.0216358e-23
   7.6154852e+02   1.0228228e-23
   7.6330466e+02   1.0240139e-23
   7.6506485e+02   1.0252091e-23
   7.6682909e+02   1.0264084e-23
   7.6859741e+02   1.0276118e-23
   7.7036980e+02   1.0288194e-23
   7.7214628e+02   1.0300312e-23
   7.7392685e+02   1.0312471e-23
   7.7571153e+02   1.0324672e-23
   7.7750033e+02   1.0336916e-23
   7.7929325e+02   1.0349201e-23
   7.8109031e+02   1.0361528e-23
   7.8289151e+02   1.0373898e-23
   7.8469686e+02   1.0386309e-23
   7.8650638e+02   1.0398764e-23
   7.8832007e+02   1.0411261e-23
   7.9013794e+02   1.0423801e-23
   7.9196000e+02   1.0436383e-23
   7.9378627e+02   1.0449009e-23
   7.9561675e+02   1.0461677e-23
   7.9745144e+02   1.0474389e-23
   7.9929037e+02   1.0487144e-23
   8.0113354e+02   1.0499943e-23
   8.0298096e+02   1.0512785e-23
   8.0483264e+02   1.0525670e-23
   8.0668859e+02   1.0538599e-23
   8.0854882e+02   1.0551573e-23
   8.1041334e+02   1.0564590e-23
   8.1228216e+02   1.0577651e-23
   8.1415529e+02   1.0590757e-23
   8.1603274e+02   1.0603906e-23
   8.1791452e+02   1.0617100e-23
   8.1980064e+02   1.0630339e-23
   8.2169110e+02   1.0643623e-23
   8.2358593e+02   1.0656951e-23
   8.2548512e+02   1.0670324e-23
   8.2738870e+02   1.0683742e-23
   8.2929666e+02   1.0697205e-23
   8.3120903e+02   1.0710714e-23
   8.3312580e+02   1.0724267e-23
   8.3504700e+02   1.0737867e-23
   8.3697262e+02   1.0751512e-23
   8.3890269e+02   1.0765202e-23
   8.4083720e+02   1.0778939e-23
   8.4277618e+02   1.0792721e-23
   8.4471963e+02   1.0806550e-23
   8.4666756e+02   1.0820424e-23
   8.4861998e+02   1.0834345e-23
   8.5057690e+02   1.0848313e-23
   8.5253834e+02   1.0862326e-23
   8.5450430e+02   1.0876387e-23
   8.5647479e+02   1.0890494e-23
   8.5844983e+02   1.0904649e-23
   8.6042942e+02   1.0918850e-23
   8.6241358e+02   1.0933098e-23
   8.6440231e+02   1.0947394e-23
   8.6639563e+02   1.0961737e-23
   8.6839354e+02   1.0976127e-23
   8.7039607e+02   1.0990565e-23
   8.7240321e+02   1.1005051e-23
   8.7441498e+02   1.1019585e-23
   8.7643138e+02   1.1034166e-23
   8.7845244e+02   1.1048796e-23
   8.8047816e+02   1.1063474e-23
   8.8250855e+02   1.1078200e-23
   8.8454362e+02   1.1092975e-23
   8.8658338e+02   1.1107798e-23
   8.8862785e+02   1.1122670e-23
   8.9067703e+02   1.1137591e-23
   8.9273094e+02   1.1152561e-23
   8.9478959e+02   1.1167580e-23
   8.9685298e+02   1.1182648e-23
   8.9892113e+02   1.1197765e-23
   9.0099405e+02   1.1212932e-23
   9.0307175e+02   1.1228148e-23
   9.0515424e+02   1.1243414e-23
   9.0724153e+02   1.1258730e-23
   9.0933364e+02   1.1274096e-23
   9.1143057e+02   1.1289512e-23
   9.1353233e+02   1.1304978e-23
   9.1563894e+02   1.1320494e-23
   9.1775041e+02   1.1336061e-23
   9.1986675e+02   1.1351679e-23
   9.2198797e+02   1.1367347e-23
   9.2411408e+02   1.1383066e-23
   9.2624510e+02   1.1398836e-23
   9.2838103e+02   1.1414658e-23
   9.3052188e+02   1.1430530e-23
   9.3266767e+02   1.1446455e-23
   9.3481841e+02   1.1462431e-23
   9.3697411e+02   1.1478459e-23
   9.3913478e+02   1.1494540e-23
   9.4130043e+02   1.1510673e-23
   9.4347108e+02   1.1526861e-23
   9.4564673e+02   1.1543103e-23
   9.4782740e+02   1.1559403e-23
   9.5001309e+02   1.1575765e-23
   9.5220383e+02   1.1592200e-23
   9.5439962e+02   1.1608741e-23
   9.5660047e+02   1.1625532e-23
   9.5880640e+02   1.1643878e-23
   9.6101742e+02   1.1807560e-23
   9.6323353e+02   1.1676268e-23
   9.6545475e+02   1.1691917e-23
   9.6768110e+02   1.1708460e-23
   9.6991258e+02   1.1725195e-23
   9.7214920e+02   1.1742026e-23
   9.7439099e+02   1.1758926e-23
   9.7663794e+02   1.1775888e-23
   9.7889008e+02   1.1792909e-23
   9.8114740e+02   1.1809986e-23
   9.8340994e+02   1.1827119e-23
   9.8567769e+02   1.1844307e-23
   9.8795067e+02   1.1861550e-23
   9.9022889e+02   1.1878849e-23
   9.9251237e+02   1.1896202e-23
   9.9480111e+02   1.1913611e-23
   9.9709513e+02   1.1931074e-23
   9.9939443e+02   1.1948593e-23
   1.0016990e+03   1.1966167e-23
   1.0040090e+03   1.1983797e-23
   1.0063242e+03   1.2001482e-23
   1.0086448e+03   1.2019223e-23
   1.0109708e+03   1.2037020e-23
   1.0133021e+03   1.2054873e-23
   1.0156387e+03   1.2072781e-23
   1.0179808e+03   1.2090746e-23
   1.0203283e+03   1.2108767e-23
   1.0226812e+03   1.2126845e-23
   1.0250395e+03   1.2144979e-23
   1.0274032e+03   1.2163170e-23
   1.0297724e+03   1.2181417e-23
   1.0321471e+03   1.2199722e-23
   1.0345272e+03   1.2218084e-23
   1.0369129e+03   1.2236502e-23
   1.0393040e+03   1.2254979e-23
   1.0417006e+03   1.2273512e-23
   1.0441028e+03   1.2292103e-23
   1.0465105e+03   1.2310752e-23
   1.0489238e+03   1.2329459e-23
   1.0513426e+03   1.2348224e-23
   1.0537670e+03   1.2367047e-23
   1.0561970e+03   1.2385928e-23
   1.0586326e+03   1.2404868e-23
   1.0610738e+03   1.2423866e-23
   1.0635207e+03   1.2442923e-23
   1.0659731e+03   1.2462039e-23
   1.0684313e+03   1.2481213e-23
   1.0708951e+03   1.2500447e-23
   1.0733646e+03   1.2519740e-23
   1.0758398e+03   1.2539092e-23
   1.0783207e+03   1.2558504e-23
   1.0808073e+03   1.2577975e-23
   1.0832996e+03   1.2597506e-23
   1.0857977e+03   1.2617097e-23
   1.0883016e+03   1.2636748e-23
   1.0908112e+03   1.2656460e-23
   1.0933266e+03   1.2676231e-23
   1.0958479e+03   1.2696063e-23
   1.0983749e+03   1.2715956e-23
   1.1009078e+03   1.2735909e-23
   1.1034465e+03   1.2755923e-23
   1.1059910e+03   1.2775998e-23
   1.1085414e+03   1.2796135e-23
   1.1110977e+03   1.2816332e-23
   1.1136599e+03   1.2836591e-23
   1.1162281e+03   1.2856912e-23
   1.1188021e+03   1.2877294e-23
   1.1213820e+03   1.2897738e-23
   1.1239680e+03   1.2918244e-23
   1.1265598e+03   1.2938813e-23
   1.1291577e+03   1.2959443e-23
   1.1317615e+03   1.2980136e-23
   1.1343714e+03   1.3000891e-23
   1.1369873e+03   1.3021709e-23
   1.1396092e+03   1.3042590e-23
   1.1422371e+03   1.3063534e-23
   1.1448711e+03   1.3084541e-23
   1.1475112e+03   1.3105611e-23
   1.1501574e+03   1.3126745e-23
   1.1528096e+03   1.3147942e-23
   1.1554680e+03   1.3169203e-23
   1.1581325e+03   1.3190527e-23
   1.1608032e+03   1.3211916e-23
   1.1634800e+03   1.3233369e-23
   1.1661630e+03   1.3254886e-23
   1.1688522e+03   1.3276467e-23
   1.1715476e+03   1.3298113e-23
   1.1742492e+03   1.3319823e-23
   1.1769570e+03   1.3341599e-23
   1.1796711e+03   1.3363439e-23
   1.1823914e+03   1.3385345e-23
   1.1851180e+03   1.3407315e-23
   1.1878509e+03   1.3429351e-23
   1.1905901e+03   1.3451453e-23
   1.1933356e+03   1.3473621e-23
   1.1960875e+03   1.3495854e-23
   1.1988456e+03   1.3518153e-23
   1.2016102e+03   1.3540518e-23
   1.2043811e+03   1.3562950e-23
   1.2071584e+03   1.3585448e-23
   1.2099421e+03   1.3608013e-23
   1.2127323e+03   1.3630644e-23
   1.2155288e+03   1.3653343e-23
   1.2183319e+03   1.3676108e-23
   1.2211413e+03   1.3698940e-23
   1.2239573e+03   1.3721840e-23
   1.2267798e+03   1.3744808e-23
   1.2296087e+03   1.3767843e-23
   1.2324442e+03   1.3790945e-23
   1.2352862e+03   1.3814116e-23
   1.2381348e+03   1.3837355e-23
   1.2409900e+03   1.3860661e-23
   1.2438517e+03   1.3884037e-23
   1.2467200e+03   1.3907480e-23
   1.2495950e+03   1.3930993e-23
   1.2524766e+03   1.3954574e-23
   1.2553648e+03   1.3978225e-23
   1.2582597e+03   1.4001944e-23
   1.2611612e+03   1.4025733e-23
   1.2640695e+03   1.4049591e-23
   1.2669844e+03   1.4073518e-23
   1.2699061e+03   1.4097516e-23
   1.2728345e+03   1.4121583e-23
   1.2757697e+03   1.4145721e-23
   1.2787116e+03   1.4169928e-23
   1.2816603e+03   1.4194206e-23
   1.2846158e+03   1.4218555e-23
   1.2875782e+03   1.4242974e-23
   1.2905473e+03   1.4267464e-23
   1.2935233e+03   1.4292025e-23
   1.2965062e+03   1.4316657e-23
   1.2994960e+03   1.4341360e-23
   1.3024926e+03   1.4366135e-23
   1.3054962e+03   1.4390981e-23
   1.3085067e+03   1.4415899e-23
   1.3115241e+03   1.4440889e-23
   1.3145485e+03   1.4465951e-23
   1.3175798e+03   1.4491086e-23
   1.3206182e+03   1.4516292e-23
   1.3236635e+03   1.4541571e-23
   1.3267159e+03   1.4566923e-23
   1.3297753e+03   1.4592348e-23
   1.3328418e+03   1.4617846e-23
   1.3359154e+03   1.4643417e-23
   1.3389960e+03   1.4669061e-23
   1.3420837e+03   1.4694779e-23
   1.3451786e+03   1.4720570e-23
   1.3482806e+03   1.4746436e-23
   1.3513897e+03   1.4772375e-23
   1.3545060e+03   1.4798388e-23
   1.3576295e+03   1.4824476e-23
   1.3607602e+03   1.4850638e-23
   1.3638982e+03   1.4876875e-23
   1.3670433e+03   1.4903186e-23
   1.3701957e+03   1.4929573e-23
   1.3733554e+03   1.4956034e-23
   1.3765224e+03   1.4982571e-23
   1.3796966e+03   1.5009183e-23
   1.3828782e+03   1.5035871e-23
   1.3860672e+03   1.5062635e-23
   1.3892634e+03   1.5089474e-23
   1.3924671e+03   1.5116390e-23
   1.3956781e+03   1.5143382e-23
   1.3988966e+03   1.5170450e-23
   1.4021224e+03   1.5197595e-23
   1.4053558e+03   1.5224817e-23
   1.4085965e+03   1.5252116e-23
   1.4118448e+03   1.5279492e-23
   1.4151005e+03   1.5306945e-23
   1.4183637e+03   1.5334476e-23
   1.4216345e+03   1.5362085e-23
   1.4249128e+03   1.5389772e-23
   1.4281986e+03   1.5417539e-23
   1.4314921e+03   1.5445387e-23
   1.4347931e+03   1.5473327e-23
   1.4381017e+03   1.5501445e-23
   1.4414180e+03   1.5551089e-23
   1.4447419e+03   1.5557633e-23
   1.4480735e+03   1.5585785e-23
   1.4514128e+03   1.5614083e-23
   1.4547598e+03   1.5642470e-23
   1.4581144e+03   1.5670939e-23
   1.4614769e+03   1.5699490e-23
   1.4648470e+03   1.5728120e-23
   1.4682250e+03   1.5756832e-23
   1.4716107e+03   1.5785623e-23
   1.4750043e+03   1.5814495e-23
   1.4784056e+03   1.5843447e-23
   1.4818149e+03   1.5872480e-23
   1.4852319e+03   1.5901594e-23
   1.4886569e+03   1.5930788e-23
   1.4920897e+03   1.5960064e-23
   1.4955305e+03   1.5989422e-23
   1.4989792e+03   1.6018861e-23
   1.5024359e+03   1.6048381e-23
   1.5059005e+03   1.6077984e-23
   1.5093731e+03   1.6107668e-23
   1.5128538e+03   1.6137435e-23
   1.5163424e+03   1.6167284e-23
   1.5198391e+03   1.6197216e-23
   1.5233439e+03   1.6227230e-23
   1.5268567e+03   1.6257327e-23
   1.5303776e+03   1.6287508e-23
   1.5339067e+03   1.6317772e-23
   1.5374439e+03   1.6348119e-23
   1.5409893e+03   1.6378550e-23
   1.5445428e+03   1.6409064e-23
   1.5481045e+03   1.6439663e-23
   1.5516745e+03   1.6470346e-23
   1.5552526e+03   1.6501113e-23
   1.5588391e+03   1.6531964e-23
   1.5624338e+03   1.6562901e-23
   1.5660367e+03   1.6593922e-23
   1.5696480e+03   1.6625029e-23
   1.5732677e+03   1.6656220e-23
   1.5768956e+03   1.6687497e-23
   1.5805320e+03   1.6718860e-23
   1.5841767e+03   1.6750308e-23
   1.5878298e+03   1.6781843e-23
   1.5914913e+03   1.6813464e-23
   1.5951613e+03   1.6845171e-23
   1.5988398e+03   1.6876964e-23
   1.6025267e+03   1.6908845e-23
   1.6062222e+03   1.6940812e-23
   1.6099261e+03   1.6972866e-23
   1.6136386e+03   1.7005008e-23
   1.6173597e+03   1.7037237e-23
   1.6210893e+03   1.7069554e-23
   1.6248276e+03   1.7101958e-23
   1.6285744e+03   1.7134451e-23
   1.6323300e+03   1.7167032e-23
   1.6360941e+03   1.7199701e-23
   1.6398670e+03   1.7232459e-23
   1.6436485e+03   1.7265306e-23
   1.6474388e+03   1.7298241e-23
   1.6512378e+03   1.7331266e-23
   1.6550456e+03   1.7364380e-23
   1.6588621e+03   1.7397584e-23
   1.6626874e+03   1.7430878e-23
   1.6665216e+03   1.7464261e-23
   1.6703646e+03   1.7497735e-23
   1.6742165e+03   1.7531299e-23
   1.6780773e+03   1.7564953e-23
   1.6819469e+03   1.7598698e-23
   1.6858255e+03   1.7632534e-23
   1.6897130e+03   1.7666461e-23
   1.6936095e+03   1.7700480e-23
   1.6975150e+03   1.7734590e-23
   1.7014295e+03   1.7768791e-23
   1.7053530e+03   1.7803085e-23
   1.7092855e+03   1.7837470e-23
   1.7132272e+03   1.7871948e-23
   1.7171779e+03   1.7906518e-23
   1.7211377e+03   1.7941181e-23
   1.7251067e+03   1.7975937e-23
   1.7290848e+03   1.8010786e-23
   1.7330721e+03   1.8045728e-23
   1.7370685e+03   1.8080764e-23
   1.7410742e+03   1.8115893e-23
   1.7450892e+03   1.8151116e-23
   1.7491133e+03   1.8186433e-23
   1.7531468e+03   1.8221844e-23
   1.7571896e+03   1.8257350e-23
   1.7612417e+03   1.8292951e-23
   1.7653031e+03   1.8328646e-23
   1.7693739e+03   1.8364437e-23
   1.7734541e+03   1.8400322e-23
   1.7775437e+03   1.8436304e-23
   1.7816427e+03   1.8472380e-23
   1.7857512e+03   1.8508553e-23
   1.7898692e+03   1.8544822e-23
   1.7939966e+03   1.8581187e-23
   1.7981336e+03   1.8617649e-23
   1.8022801e+03   1.8654207e-23
   1.8064362e+03   1.8690862e-23
   1.8106018e+03   1.8727615e-23
   1.8147771e+03   1.8764464e-23
   1.8189620e+03   1.8801412e-23
   1.8231565e+03   1.8838457e-23
   1.8273607e+03   1.8875600e-23
   1.8315746e+03   1.8912841e-23
   1.8357983e+03   1.8950180e-23
   1.8400316e+03   1.8987618e-23
   1.8442748e+03   1.9025155e-23
   1.8485277e+03   1.9062791e-23
   1.8527904e+03   1.9100526e-23
   1.8570629e+03   1.9138360e-23
   1.8613453e+03   1.9176294e-23
   1.8656376e+03   1.9214328e-23
   1.8699398e+03   1.9252462e-23
   1.8742519e+03   1.9290696e-23
   1.8785739e+03   1.9329031e-23
   1.8829059e+03   1.9367467e-23
   1.8872479e+03   1.9406003e-23
   1.8915999e+03   1.9444641e-23
   1.8959620e+03   1.9483380e-23
   1.9003341e+03   1.9522221e-23
   1.9047163e+03   1.9561163e-23
   1.9091086e+03   1.9600209e-23
   1.9135110e+03   1.9639359e-23
   1.9179235e+03   1.9678631e-23
   1.9223463e+03   1.9718560e-23
   1.9267792e+03   1.9757421e-23
   1.9312224e+03   1.9796969e-23
   1.9356758e+03   1.9836628e-23
   1.9401395e+03   1.9876391e-23
   1.9446135e+03   1.9916259e-23
   1.9490978e+03   1.9956231e-23
   1.9535924e+03   1.9996307e-23
   1.9580974e+03   2.0036488e-23
   1.9626128e+03   2.0076773e-23
   1.9671386e+03   2.0117163e-23
   1.9716748e+03   2.0157659e-23
   1.9762215e+03   2.0198260e-23
   1.9807787e+03   2.0238966e-23
   1.9853464e+03   2.0279778e-23
   1.9899246e+03   2.0320696e-23
   1.9945134e+03   2.0361720e-23
   1.9991128e+03   2.0402851e-23
   2.0037227e+03   2.0444088e-23
   2.0083433e+03   2.0485433e-23
   2.0129746e+03   2.0526884e-23
   2.0176165e+03   2.0568443e-23
   2.0222692e+03   2.0610110e-23
   2.0269325e+03   2.0651884e-23
   2.0316067e+03   2.0693766e-23
   2.0362916e+03   2.0735757e-23
   2.0409873e+03   2.0777856e-23
   2.0456938e+03   2.0820064e-23
   2.0504112e+03   2.0862381e-23
   2.0551394e+03   2.0904807e-23
   2.0598786e+03   2.0947343e-23
   2.0646287e+03   2.0989988e-23
   2.0693898e+03   2.1032744e-23
   2.0741618e+03   2.1075609e-23
   2.0789448e+03   2.1118585e-23
   2.0837389e+03   2.1161672e-23
   2.0885440e+03   2.1204869e-23
   2.0933602e+03   2.1248177e-23
   2.0981875e+03   2.1291597e-23
   2.1030259e+03   2.1335129e-23
   2.1078755e+03   2.1378772e-23
   2.1127363e+03   2.1422528e-23
   2.1176083e+03   2.1466395e-23
   2.1224915e+03   2.1510376e-23
   2.1273860e+03   2.1554469e-23
   2.1322918e+03   2.1598675e-23
   2.1372088e+03   2.1642994e-23
   2.1421373e+03   2.1687427e-23
   2.1470771e+03   2.1731974e-23
   2.1520282e+03   2.1776634e-23
   2.1569908e+03   2.1821409e-23
   2.1619649e+03   2.1866299e-23
   2.1669504e+03   2.1911303e-23
   2.1719474e+03   2.1956422e-23
   2.1769559e+03   2.2001657e-23
   2.1819760e+03   2.2047007e-23
   2.1870076e+03   2.2092473e-23
   2.1920509e+03   2.2138054e-23
   2.1971058e+03   2.2183752e-23
   2.2021723e+03   2.2229567e-23
   2.2072505e+03   2.2275498e-23
   2.2123405e+03   2.2321546e-23
   2.2174421e+03   2.2367712e-23
   2.2225556e+03   2.2413995e-23
   2.2276808e+03   2.2460395e-23
   2.2328179e+03   2.2506914e-23
   2.2379668e+03   2.2553551e-23
   2.2431275e+03   2.2600306e-23
   2.2483002e+03   2.2647181e-23
   2.2534848e+03   2.2694174e-23
   2.2586814e+03   2.2741287e-23
   2.2638899e+03   2.2788519e-23
   2.2691104e+03   2.2835871e-23
   2.2743430e+03   2.2883343e-23
   2.2795877e+03   2.2930935e-23
   2.2848444e+03   2.2978648e-23
   2.2901133e+03   2.3026481e-23
   2.2953943e+03   2.3074436e-23
   2.3006875e+03   2.3122512e-23
   2.3059929e+03   2.3170710e-23
   2.3113105e+03   2.3219030e-23
   2.3166404e+03   2.3267472e-23
   2.3219826e+03   2.3316036e-23
   2.3273371e+03   2.3364723e-23
   2.3327040e+03   2.3413533e-23
   2.3380832e+03   2.3462466e-23
   2.3434749e+03   2.3511522e-23
   2.3488789e+03   2.3560702e-23
   2.3542955e+03   2.3610007e-23
   2.3597245e+03   2.3659435e-23
   2.3651660e+03   2.3708988e-23
   2.3706201e+03   2.3758666e-23
   2.3760868e+03   2.3808469e-23
   2.3815661e+03   2.3858398e-23
   2.3870580e+03   2.3908452e-23
   2.3925626e+03   2.3958633e-23
   2.3980798e+03   2.4008947e-23
   2.4036098e+03   2.4059419e-23
   2.4091526e+03   2.4109931e-23
   2.4147081e+03   2.4160616e-23
   2.4202764e+03   2.4211429e-23
   2.4258576e+03   2.4262369e-23
   2.4314516e+03   2.4313438e-23
   2.4370586e+03   2.4364635e-23
   2.4426785e+03   2.4415960e-23
   2.4483113e+03   2.4467414e-23
   2.4539571e+03   2.4518997e-23
   2.4596160e+03   2.4570709e-23
   2.4652879e+03   2.4622550e-23
   2.4709728e+03   2.4674521e-23
   2.4766709e+03   2.4726623e-23
   2.4823821e+03   2.4778854e-23
   2.4881065e+03   2.4831217e-23
   2.4938441e+03   2.4883710e-23
   2.4995949e+03   2.4936334e-23
   2.5053590e+03   2.4989090e-23
   2.5111364e+03   2.5041977e-23
   2.5169271e+03   2.5094997e-23
   2.5227312e+03   2.5148149e-23
   2.5285486e+03   2.5201433e-23
   2.5343794e+03   2.5254851e-23
   2.5402237e+03   2.5308401e-23
   2.5460815e+03   2.5362085e-23
   2.5519528e+03   2.5415903e-23
   2.5578376e+03   2.5469855e-23
   2.5637360e+03   2.5523941e-23
   2.5696480e+03   2.5578162e-23
   2.5755736e+03   2.5632518e-23
   2.5815129e+03   2.5687009e-23
   2.5874659e+03   2.5741636e-23
   2.5934326e+03   2.5796398e-23
   2.5994131e+03   2.5851297e-23
   2.6054074e+03   2.5906332e-23
   2.6114155e+03   2.5961503e-23
   2.6174374e+03   2.6016812e-23
   2.6234732e+03   2.6072258e-23
   2.6295230e+03   2.6127841e-23
   2.6355867e+03   2.6183563e-23
   2.6416644e+03   2.6239422e-23
   2.6477561e+03   2.6295421e-23
   2.6538618e+03   2.6351558e-23
   2.6599816e+03   2.6407834e-23
   2.6661156e+03   2.6464249e-23
   2.6722637e+03   2.6520804e-23
   2.6784259e+03   2.6577499e-23
   2.6846024e+03   2.6634335e-23
   2.6907931e+03   2.6691311e-23
   2.6969981e+03   2.6748428e-23
   2.7032174e+03   2.6805686e-23
   2.7094510e+03   2.6863086e-23
   2.7156991e+03   2.6920628e-23
   2.7219615e+03   2.6978312e-23
   2.7282383e+03   2.7036138e-23
   2.7345297e+03   2.7094108e-23
   2.7408355e+03   2.7152220e-23
   2.7471559e+03   2.7210476e-23
   2.7534909e+03   2.7268875e-23
   2.7598405e+03   2.7327418e-23
   2.7662047e+03   2.7386106e-23
   2.7725836e+03   2.7444939e-23
   2.7789772e+03   2.7503916e-23
   2.7853855e+03   2.7563039e-23
   2.7918086e+03   2.7622308e-23
   2.7982465e+03   2.7681722e-23
   2.8046993e+03   2.7741283e-23
   2.8111670e+03   2.7800990e-23
   2.8176496e+03   2.7860844e-23
   2.8241471e+03   2.7920845e-23
   2.8306596e+03   2.7980994e-23
   2.8371871e+03   2.8041291e-23
   2.8437297e+03   2.8101736e-23
   2.8502873e+03   2.8162330e-23
   2.8568601e+03   2.8223072e-23
   2.8634481e+03   2.8283964e-23
   2.8700512e+03   2.8345005e-23
   2.8766696e+03   2.8406197e-23
   2.8833032e+03   2.8467599e-23
   2.8899521e+03   2.8529029e-23
   2.8966164e+03   2.8590670e-23
   2.9032960e+03   2.8652464e-23
   2.9099910e+03   2.8714409e-23
   2.9167015e+03   2.8776505e-23
   2.9234274e+03   2.8838754e-23
   2.9301688e+03   2.8901155e-23
   2.9369258e+03   2.8963710e-23
   2.9436984e+03   2.9026417e-23
   2.9504866e+03   2.9089278e-23
   2.9572904e+03   2.9152292e-23
   2.9641100e+03   2.9215461e-23
   2.9709452e+03   2.9278784e-23
   2.9777963e+03   2.9342262e-23
   2.9846631e+03   2.9405896e-23
   2.9915457e+03   2.9469685e-23
   2.9984443e+03   2.9533629e-23
   3.0053587e+03   2.9597730e-23
   3.0122891e+03   2.9661987e-23
   3.0192354e+03   2.9726402e-23
   3.0261978e+03   2.9790973e-23
   3.0331763e+03   2.9855702e-23
   3.0401708e+03   2.9920589e-23
   3.0471814e+03   2.9985635e-23
   3.0542083e+03   3.0050839e-23
   3.0612513e+03   3.0116201e-23
   3.0683106e+03   3.0181724e-23
   3.0753861e+03   3.0247405e-23
   3.0824780e+03   3.0313247e-23
   3.0895862e+03   3.0379250e-23
   3.0967108e+03   3.0445413e-23
   3.1038518e+03   3.0511737e-23
   3.1110093e+03   3.0578222e-23
   3.1181833e+03   3.0644870e-23
   3.1253739e+03   3.0711679e-23
   3.1325810e+03   3.0778651e-23
   3.1398048e+03   3.0845786e-23
   3.1470452e+03   3.0913084e-23
   3.1543023e+03   3.0980546e-23
   3.1615762e+03   3.1048171e-23
   3.1688668e+03   3.1115961e-23
   3.1761742e+03   3.1183916e-23
   3.1834985e+03   3.1252035e-23
   3.1908397e+03   3.1320320e-23
   3.1981978e+03   3.1388771e-23
   3.2055728e+03   3.1457388e-23
   3.2129649e+03   3.1526171e-23
   3.2203740e+03   3.1595122e-23
   3.2278002e+03   3.1664239e-23
   3.2352436e+03   3.1733524e-23
   3.2427041e+03   3.1802977e-23
   3.2501818e+03   3.1872599e-23
   3.2576767e+03   3.1942389e-23
   3.2651889e+03   3.2012348e-23
   3.2727185e+03   3.2082477e-23
   3.2802654e+03   3.2152775e-23
   3.2878297e+03   3.2223244e-23
   3.2954115e+03   3.2293883e-23
   3.3030107e+03   3.2364693e-23
   3.3106275e+03   3.2435675e-23
   3.3182618e+03   3.2506828e-23
   3.3259138e+03   3.2578154e-23
   3.3335833e+03   3.2649652e-23
   3.3412706e+03   3.2721323e-23
   3.3489756e+03   3.2793167e-23
   3.3566984e+03   3.2865185e-23
   3.3644389e+03   3.2937386e-23
   3.3721974e+03   3.3009742e-23
   3.3799737e+03   3.3082283e-23
   3.3877679e+03   3.3154999e-23
   3.3955801e+03   3.3227891e-23
   3.4034104e+03   3.3300958e-23
   3.4112587e+03   3.3374202e-23
   3.4191251e+03   3.3447623e-23
   3.4270096e+03   3.3521221e-23
   3.4349123e+03   3.3594996e-23
   3.4428332e+03   3.3668949e-23
   3.4507724e+03   3.3743081e-23
   3.4587299e+03   3.3817391e-23
   3.4667058e+03   3.3891880e-23
   3.4747000e+03   3.3966549e-23
   3.4827127e+03   3.4041398e-23
   3.4907439e+03   3.4116427e-23
   3.4987936e+03   3.4191636e-23
   3.5068618e+03   3.4267027e-23
   3.5149487e+03   3.4342599e-23
   3.5230542e+03   3.4418354e-23
   3.5311784e+03   3.4494290e-23
   3.5393213e+03   3.4570409e-23
   3.5474830e+03   3.4646712e-23
   3.5556635e+03   3.4723197e-23
   3.5638629e+03   3.4799867e-23
   3.5720812e+03   3.4876721e-23
   3.5803184e+03   3.4953760e-23
   3.5885747e+03   3.5030984e-23
   3.5968500e+03   3.5108394e-23
   3.6051443e+03   3.5185989e-23
   3.6134578e+03   3.5263771e-23
   3.6217905e+03   3.5341740e-23
   3.6301424e+03   3.5419896e-23
   3.6385135e+03   3.5498240e-23
   3.6469039e+03   3.5576772e-23
   3.6553137e+03   3.5655492e-23
   3.6637429e+03   3.5734401e-23
   3.6721915e+03   3.5813499e-23
   3.6806596e+03   3.5892787e-23
   3.6891472e+03   3.5972266e-23
   3.6976544e+03   3.6051935e-23
   3.7061813e+03   3.6131795e-23
   3.7147277e+03   3.6211846e-23
   3.7232939e+03   3.6292089e-23
   3.7318799e+03   3.6372525e-23
   3.7404856e+03   3.6453153e-23
   3.7491112e+03   3.6533974e-23
   3.7577567e+03   3.6614989e-23
   3.7664221e+03   3.6696198e-23
   3.7751075e+03   3.6777602e-23
   3.7838129e+03   3.6859200e-23
   3.7925384e+03   3.6940994e-23
   3.8012841e+03   3.7022983e-23
   3.8100498e+03   3.7105169e-23
   3.8188359e+03   3.7187551e-23
   3.8276421e+03   3.7270130e-23
   3.8364687e+03   3.7352907e-23
   3.8453156e+03   3.7435885e-23
   3.8541829e+03   3.7519055e-23
   3.8630707e+03   3.7602427e-23
   3.8719790e+03   3.7685998e-23
   3.8809078e+03   3.7769769e-23
   3.8898572e+03   3.7853740e-23
   3.8988272e+03   3.7937912e-23
   3.9078180e+03   3.8022284e-23
   3.9168294e+03   3.8106858e-23
   3.9258617e+03   3.8191635e-23
   3.9349147e+03   3.8276613e-23
   3.9439887e+03   3.8361795e-23
   3.9530835e+03   3.8447180e-23
   3.9621994e+03   3.8532768e-23
   3.9713362e+03   3.8618561e-23
   3.9804942e+03   3.8704558e-23
   3.9896732e+03   3.8790761e-23
   3.9988734e+03   3.8877169e-23
   4.0080949e+03   3.8963783e-23
   4.0173376e+03   3.9050604e-23
   4.0266016e+03   3.9137632e-23
   4.0358870e+03   3.9224867e-23
   4.0451937e+03   3.9312310e-23
   4.0545220e+03   3.9399962e-23
   4.0638718e+03   3.9487822e-23
   4.0732431e+03   3.9575892e-23
   4.0826360e+03   3.9664171e-23
   4.0920506e+03   3.9752661e-23
   4.1014869e+03   3.9841361e-23
   4.1109450e+03   3.9930273e-23
   4.1204248e+03   4.0019396e-23
   4.1299266e+03   4.0108731e-23
   4.1394502e+03   4.0198279e-23
   4.1489958e+03   4.0288040e-23
   4.1585634e+03   4.0378015e-23
   4.1681531e+03   4.0468204e-23
   4.1777649e+03   4.0558607e-23
   4.1873988e+03   4.0649225e-23
   4.1970550e+03   4.0740059e-23
   4.2067335e+03   4.0831109e-23
   4.2164342e+03   4.0922375e-23
   4.2261574e+03   4.1013858e-23
   4.2359029e+03   4.1105558e-23
   4.2456709e+03   4.1197477e-23
   4.2554615e+03   4.1289613e-23
   4.2652746e+03   4.1381969e-23
   4.2751104e+03   4.1474544e-23
   4.2849688e+03   4.1567339e-23
   4.2948500e+03   4.1660355e-23
   4.3047539e+03   4.1753591e-23
   4.3146807e+03   4.1847048e-23
   4.3246304e+03   4.1940735e-23
   4.3346030e+03   4.2034630e-23
   4.3445987e+03   4.2128754e-23
   4.3546173e+03   4.2223102e-23
   4.3646591e+03   4.2317674e-23
   4.3747241e+03   4.2412470e-23
   4.3848122e+03   4.2507491e-23
   4.3949236e+03   4.2602738e-23
   4.4050583e+03   4.2698210e-23
   4.4152164e+03   4.2793909e-23
   4.4253980e+03   4.2889834e-23
   4.4356030e+03   4.2985987e-23
   4.4458315e+03   4.3082368e-23
   4.4560836e+03   4.3178977e-23
   4.4663594e+03   4.3275816e-23
   4.4766588e+03   4.3372883e-23
   4.4869821e+03   4.3470181e-23
   4.4973291e+03   4.3567709e-23
   4.5076999e+03   4.3665469e-23
   4.5180947e+03   4.3763459e-23
   4.5285135e+03   4.3861682e-23
   4.5389563e+03   4.3960137e-23
   4.5494231e+03   4.4058826e-23
   4.5599142e+03   4.4157748e-23
   4.5704294e+03   4.4256904e-23
   4.5809688e+03   4.4356295e-23
   4.5915325e+03   4.4455921e-23
   4.6021207e+03   4.4555783e-23
   4.6127332e+03   4.4655881e-23
   4.6233702e+03   4.4756216e-23
   4.6340317e+03   4.4856788e-23
   4.6447178e+03   4.4957598e-23
   4.6554286e+03   4.5058646e-23
   4.6661640e+03   4.5159934e-23
   4.6769242e+03   4.5261460e-23
   4.6877093e+03   4.5363227e-23
   4.6985192e+03   4.5465235e-23
   4.7093540e+03   4.5567483e-23
   4.7202138e+03   4.5669973e-23
   4.7310986e+03   4.5772705e-23
   4.7420086e+03   4.5875680e-23
   4.7529437e+03   4.5978899e-23
   4.7639040e+03   4.6082361e-23
   4.7748896e+03   4.6186067e-23
   4.7859005e+03   4.6290019e-23
   4.7969369e+03   4.6394216e-23
   4.8079986e+03   4.6498659e-23
   4.8190859e+03   4.6603348e-23
   4.8301988e+03   4.6708285e-23
   4.8413372e+03   4.6813469e-23
   4.8525014e+03   4.6918901e-23
   4.8636913e+03   4.7024583e-23
   4.8749070e+03   4.7130514e-23
   4.8861486e+03   4.7236694e-23
   4.8974161e+03   4.7343126e-23
   4.9087096e+03   4.7449808e-23
   4.9200291e+03   4.7556742e-23
   4.9313747e+03   4.7663928e-23
   4.9427465e+03   4.7771367e-23
   4.9541445e+03   4.7879059e-23
   4.9655688e+03   4.7987005e-23
   4.9770194e+03   4.8095206e-23
   4.9884965e+03   4.8203662e-23
   5.0000000e+03   4.8312373e-23
