   5.0000000e+00   2.7089715e-40
   5.0115300e+00   2.5731185e-40
   5.0230867e+00   2.4446052e-40
   5.0346699e+00   2.3231138e-40
   5.0462799e+00   2.2083807e-40
   5.0579167e+00   2.1000768e-40
   5.0695803e+00   1.9964803e-40
   5.0812708e+00   1.8903108e-40
   5.0929882e+00   1.7851822e-40
   5.1047327e+00   1.6955489e-40
   5.1165042e+00   1.6133675e-40
   5.1283029e+00   1.5350819e-40
   5.1401288e+00   1.4604245e-40
   5.1519820e+00   1.3893284e-40
   5.1638625e+00   1.3216955e-40
   5.1757704e+00   1.2573997e-40
   5.1877058e+00   1.1962997e-40
   5.1996687e+00   1.1382488e-40
   5.2116592e+00   1.0831003e-40
   5.2236773e+00   1.0307111e-40
   5.2357231e+00   9.8094295e-41
   5.2477968e+00   9.3366316e-41
   5.2598982e+00   8.8874495e-41
   5.2720276e+00   8.4606750e-41
   5.2841849e+00   8.0551595e-41
   5.2963703e+00   7.6698121e-41
   5.3085838e+00   7.3035979e-41
   5.3208254e+00   6.9555350e-41
   5.3330953e+00   6.6246929e-41
   5.3453934e+00   6.3101897e-41
   5.3577199e+00   6.0111894e-41
   5.3700749e+00   5.7269003e-41
   5.3824583e+00   5.4565722e-41
   5.3948703e+00   5.1994943e-41
   5.4073109e+00   4.9549931e-41
   5.4197802e+00   4.7224306e-41
   5.4322783e+00   4.5012022e-41
   5.4448051e+00   4.2907352e-41
   5.4573609e+00   4.0904866e-41
   5.4699456e+00   3.8999419e-41
   5.4825594e+00   3.7186134e-41
   5.4952022e+00   3.5460391e-41
   5.5078742e+00   3.3817806e-41
   5.5205754e+00   3.2254225e-41
   5.5333058e+00   3.0765709e-41
   5.5460657e+00   2.9348522e-41
   5.5588550e+00   2.7999123e-41
   5.5716737e+00   2.6714150e-41
   5.5845220e+00   2.5490417e-41
   5.5974000e+00   2.4324899e-41
   5.6103076e+00   2.3214727e-41
   5.6232451e+00   2.2157180e-41
   5.6362123e+00   2.1149674e-41
   5.6492094e+00   2.0189757e-41
   5.6622366e+00   1.9275101e-41
   5.6752937e+00   1.8403497e-41
   5.6883810e+00   1.7572848e-41
   5.7014985e+00   1.6781161e-41
   5.7146461e+00   1.6026545e-41
   5.7278242e+00   1.5307205e-41
   5.7410326e+00   1.4621434e-41
   5.7542714e+00   1.3967612e-41
   5.7675408e+00   1.3344199e-41
   5.7808408e+00   1.2749732e-41
   5.7941715e+00   1.2182822e-41
   5.8075329e+00   1.1642147e-41
   5.8209251e+00   1.1126453e-41
   5.8343482e+00   1.0634547e-41
   5.8478023e+00   1.0165294e-41
   5.8612873e+00   9.7176158e-42
   5.8748035e+00   9.2904881e-42
   5.8883508e+00   8.8829358e-42
   5.9019294e+00   8.4940320e-42
   5.9155393e+00   8.1228953e-42
   5.9291806e+00   7.7686871e-42
   5.9428533e+00   7.4306100e-42
   5.9565576e+00   7.1079053e-42
   5.9702935e+00   6.7998511e-42
   5.9840610e+00   6.5057607e-42
   5.9978603e+00   6.2249805e-42
   6.0116914e+00   5.9568885e-42
   6.0255544e+00   5.7008929e-42
   6.0394494e+00   5.4564303e-42
   6.0533764e+00   5.2229642e-42
   6.0673355e+00   4.9999843e-42
   6.0813269e+00   4.7870042e-42
   6.0953505e+00   4.5835612e-42
   6.1094064e+00   4.3892147e-42
   6.1234947e+00   4.2035447e-42
   6.1376155e+00   4.0261516e-42
   6.1517689e+00   3.8566547e-42
   6.1659550e+00   3.6946913e-42
   6.1801737e+00   3.5399157e-42
   6.1944252e+00   3.3919990e-42
   6.2087096e+00   3.2506274e-42
   6.2230269e+00   3.1155022e-42
   6.2373773e+00   2.9863384e-42
   6.2517607e+00   2.8628648e-42
   6.2661773e+00   2.7448227e-42
   6.2806272e+00   2.6319655e-42
   6.2951104e+00   2.5240582e-42
   6.3096269e+00   2.4208767e-42
   6.3241770e+00   2.3222075e-42
   6.3387606e+00   2.2278469e-42
   6.3533778e+00   2.1376007e-42
   6.3680288e+00   2.0512837e-42
   6.3827135e+00   1.9687193e-42
   6.3974321e+00   1.8897392e-42
   6.4121846e+00   1.8141827e-42
   6.4269711e+00   1.7418965e-42
   6.4417918e+00   1.6727346e-42
   6.4566466e+00   1.6065574e-42
   6.4715357e+00   1.5432319e-42
   6.4864591e+00   1.4826312e-42
   6.5014169e+00   1.4246342e-42
   6.5164092e+00   1.3691254e-42
   6.5314361e+00   1.3159944e-42
   6.5464977e+00   1.2651361e-42
   6.5615939e+00   1.2164498e-42
   6.5767250e+00   1.1698398e-42
   6.5918910e+00   1.1252146e-42
   6.6070920e+00   1.0824868e-42
   6.6223280e+00   1.0415729e-42
   6.6375991e+00   1.0023934e-42
   6.6529055e+00   9.6487217e-43
   6.6682471e+00   9.2893670e-43
   6.6836241e+00   8.9451765e-43
   6.6990366e+00   8.6154884e-43
   6.7144846e+00   8.2996704e-43
   6.7299683e+00   7.9971191e-43
   6.7454877e+00   7.7072577e-43
   6.7610428e+00   7.4295357e-43
   6.7766338e+00   7.1634271e-43
   6.7922608e+00   6.9084294e-43
   6.8079238e+00   6.6640627e-43
   6.8236229e+00   6.4298684e-43
   6.8393582e+00   6.2054086e-43
   6.8551299e+00   5.9902647e-43
   6.8709378e+00   5.7840368e-43
   6.8867823e+00   5.5863430e-43
   6.9026632e+00   5.3968182e-43
   6.9185808e+00   5.2151135e-43
   6.9345351e+00   5.0408957e-43
   6.9505262e+00   4.8738462e-43
   6.9665542e+00   4.7136607e-43
   6.9826191e+00   4.5600481e-43
   6.9987211e+00   4.4127306e-43
   7.0148602e+00   4.2714424e-43
   7.0310365e+00   4.1359296e-43
   7.0472502e+00   4.0059495e-43
   7.0635012e+00   3.8812702e-43
   7.0797897e+00   3.7616700e-43
   7.0961157e+00   3.6469369e-43
   7.1124794e+00   3.5368686e-43
   7.1288808e+00   3.4312714e-43
   7.1453201e+00   3.3299605e-43
   7.1617972e+00   3.2327590e-43
   7.1783124e+00   3.1394979e-43
   7.1948656e+00   3.0500160e-43
   7.2114571e+00   2.9641589e-43
   7.2280867e+00   2.8817792e-43
   7.2447548e+00   2.8027361e-43
   7.2614612e+00   2.7268950e-43
   7.2782062e+00   2.6541274e-43
   7.2949898e+00   2.5843105e-43
   7.3118121e+00   2.5173272e-43
   7.3286732e+00   2.4530654e-43
   7.3455732e+00   2.3914183e-43
   7.3625121e+00   2.3322838e-43
   7.3794901e+00   2.2755647e-43
   7.3965073e+00   2.2211681e-43
   7.4135637e+00   2.1690053e-43
   7.4306594e+00   2.1189920e-43
   7.4477946e+00   2.0710477e-43
   7.4649693e+00   2.0250958e-43
   7.4821835e+00   1.9810633e-43
   7.4994375e+00   1.9388807e-43
   7.5167313e+00   1.8984822e-43
   7.5340649e+00   1.8598049e-43
   7.5514385e+00   1.8227893e-43
   7.5688522e+00   1.7873791e-43
   7.5863060e+00   1.7535208e-43
   7.6038001e+00   1.7211638e-43
   7.6213345e+00   1.6902603e-43
   7.6389094e+00   1.6607655e-43
   7.6565248e+00   1.6326371e-43
   7.6741808e+00   1.6058352e-43
   7.6918775e+00   1.5803229e-43
   7.7096150e+00   1.5560655e-43
   7.7273934e+00   1.5330309e-43
   7.7452129e+00   1.5111896e-43
   7.7630734e+00   1.4905142e-43
   7.7809751e+00   1.4709800e-43
   7.7989181e+00   1.4525648e-43
   7.8169025e+00   1.4352486e-43
   7.8349283e+00   1.4190142e-43
   7.8529957e+00   1.4038464e-43
   7.8711048e+00   1.3897331e-43
   7.8892556e+00   1.3766645e-43
   7.9074483e+00   1.3646336e-43
   7.9256829e+00   1.3536361e-43
   7.9439596e+00   1.3436708e-43
   7.9622784e+00   1.3347393e-43
   7.9806395e+00   1.3268464e-43
   7.9990429e+00   1.3200005e-43
   8.0174888e+00   1.3142135e-43
   8.0359772e+00   1.3095012e-43
   8.0545082e+00   1.3058833e-43
   8.0730819e+00   1.3033844e-43
   8.0916985e+00   1.3020335e-43
   8.1103581e+00   1.3018653e-43
   8.1290606e+00   1.3029202e-43
   8.1478063e+00   1.3052451e-43
   8.1665952e+00   1.3088939e-43
   8.1854274e+00   1.3139285e-43
   8.2043031e+00   1.3204198e-43
   8.2232223e+00   1.3284485e-43
   8.2421851e+00   1.3381065e-43
   8.2611916e+00   1.3494986e-43
   8.2802420e+00   1.3627437e-43
   8.2993363e+00   1.3779776e-43
   8.3184746e+00   1.3953547e-43
   8.3376571e+00   1.4150512e-43
   8.3568838e+00   1.4372685e-43
   8.3761548e+00   1.4622372e-43
   8.3954703e+00   1.4902221e-43
   8.4148303e+00   1.5215277e-43
   8.4342350e+00   1.5565060e-43
   8.4536844e+00   1.5955645e-43
   8.4731786e+00   1.6391775e-43
   8.4927179e+00   1.6878987e-43
   8.5123021e+00   1.7423783e-43
   8.5319316e+00   1.8033828e-43
   8.5516063e+00   1.8718211e-43
   8.5713263e+00   1.9487777e-43
   8.5910919e+00   2.0355542e-43
   8.6109030e+00   2.1337245e-43
   8.6307598e+00   2.2452057e-43
   8.6506624e+00   2.3723526e-43
   8.6706109e+00   2.5180820e-43
   8.6906054e+00   2.6860513e-43
   8.7106460e+00   2.8808825e-43
   8.7307328e+00   3.1084988e-43
   8.7508660e+00   3.3765894e-43
   8.7710455e+00   3.6952856e-43
   8.7912716e+00   4.0781619e-43
   8.8115444e+00   4.5437522e-43
   8.8318638e+00   5.1179110e-43
   8.8522302e+00   5.8376041e-43
   8.8726435e+00   6.7572156e-43
   8.8931039e+00   7.9594829e-43
   8.9136114e+00   9.5754050e-43
   8.9341663e+00   1.1822667e-42
   8.9547686e+00   1.5085302e-42
   8.9754183e+00   2.0094326e-42
   8.9961157e+00   2.8387780e-42
   9.0168608e+00   4.3682143e-42
   9.0376538e+00   7.7010247e-42
   9.0584947e+00   1.7465710e-41
   9.0793836e+00   7.5108542e-41
   9.1003208e+00   8.0894412e-39
   9.1213062e+00   5.1125789e-41
   9.1423400e+00   1.3710197e-41
   9.1634223e+00   6.2487160e-42
   9.1845532e+00   3.6235705e-42
   9.2057328e+00   2.4961948e-42
   9.2269613e+00   2.1631209e-42
   9.2482388e+00   3.5605629e-42
   9.2695653e+00   1.5361896e-39
   9.2909410e+00   3.0745403e-42
   9.3123660e+00   1.1032919e-42
   9.3338403e+00   6.7883689e-43
   9.3553642e+00   4.9486079e-43
   9.3769378e+00   3.8877013e-43
   9.3985611e+00   3.1825344e-43
   9.4202342e+00   2.6748167e-43
   9.4419574e+00   2.2906013e-43
   9.4637306e+00   1.9898614e-43
   9.4855540e+00   1.7486181e-43
   9.5074278e+00   1.5514306e-43
   9.5293520e+00   1.3878151e-43
   9.5513267e+00   1.2503620e-43
   9.5733522e+00   1.1336688e-43
   9.5954284e+00   1.0336965e-43
   9.6175555e+00   9.4736381e-44
   9.6397337e+00   8.7227926e-44
   9.6619630e+00   8.0655978e-44
   9.6842435e+00   7.4870376e-44
   9.7065755e+00   6.9750048e-44
   9.7289589e+00   6.5196418e-44
   9.7513940e+00   6.1128527e-44
   9.7738808e+00   5.7479353e-44
   9.7964194e+00   5.4193010e-44
   9.8190100e+00   5.1222594e-44
   9.8416527e+00   4.8528500e-44
   9.8643477e+00   4.6077100e-44
   9.8870949e+00   4.3839693e-44
   9.9098946e+00   4.1791664e-44
   9.9327469e+00   3.9911807e-44
   9.9556519e+00   3.8181778e-44
   9.9786097e+00   3.6585644e-44
   1.0001620e+01   3.5109603e-44
   1.0024684e+01   3.3741993e-44
   1.0047801e+01   3.2470842e-44
   1.0070972e+01   3.1287200e-44
   1.0094195e+01   3.0183104e-44
   1.0117473e+01   2.9151381e-44
   1.0140804e+01   2.8185393e-44
   1.0164188e+01   2.7279259e-44
   1.0187627e+01   2.6427734e-44
   1.0211120e+01   2.5626156e-44
   1.0234667e+01   2.4870466e-44
   1.0258268e+01   2.4156912e-44
   1.0281924e+01   2.3482093e-44
   1.0305634e+01   2.2842945e-44
   1.0329399e+01   2.2236778e-44
   1.0353218e+01   2.1661113e-44
   1.0377093e+01   2.1113674e-44
   1.0401023e+01   2.0592392e-44
   1.0425007e+01   2.0095424e-44
   1.0449048e+01   1.9621086e-44
   1.0473143e+01   1.9167812e-44
   1.0497294e+01   1.8734169e-44
   1.0521501e+01   1.8318864e-44
   1.0545764e+01   1.7920722e-44
   1.0570082e+01   1.7538639e-44
   1.0594457e+01   1.7171599e-44
   1.0618888e+01   1.6818678e-44
   1.0643375e+01   1.6479035e-44
   1.0667919e+01   1.6151876e-44
   1.0692519e+01   1.5836467e-44
   1.0717176e+01   1.5532133e-44
   1.0741890e+01   1.5238261e-44
   1.0766661e+01   1.4954268e-44
   1.0791489e+01   1.4679614e-44
   1.0816374e+01   1.4413801e-44
   1.0841317e+01   1.4156369e-44
   1.0866317e+01   1.3906886e-44
   1.0891375e+01   1.3664946e-44
   1.0916491e+01   1.3430175e-44
   1.0941664e+01   1.3202226e-44
   1.0966896e+01   1.2980770e-44
   1.0992185e+01   1.2765499e-44
   1.1017533e+01   1.2556128e-44
   1.1042940e+01   1.2352390e-44
   1.1068405e+01   1.2154032e-44
   1.1093929e+01   1.1960818e-44
   1.1119512e+01   1.1772524e-44
   1.1145153e+01   1.1588945e-44
   1.1170854e+01   1.1409883e-44
   1.1196614e+01   1.1235153e-44
   1.1222434e+01   1.1064580e-44
   1.1248313e+01   1.0898002e-44
   1.1274251e+01   1.0735262e-44
   1.1300250e+01   1.0576215e-44
   1.1326308e+01   1.0420721e-44
   1.1352427e+01   1.0268651e-44
   1.1378606e+01   1.0119879e-44
   1.1404845e+01   9.9742884e-45
   1.1431144e+01   9.8317679e-45
   1.1457505e+01   9.6922121e-45
   1.1483926e+01   9.5555201e-45
   1.1510408e+01   9.4215966e-45
   1.1536951e+01   9.2903513e-45
   1.1563555e+01   9.1616979e-45
   1.1590221e+01   9.0355540e-45
   1.1616948e+01   8.9118413e-45
   1.1643737e+01   8.7904855e-45
   1.1670587e+01   8.6714153e-45
   1.1697500e+01   8.5545626e-45
   1.1724474e+01   8.4398626e-45
   1.1751511e+01   8.3272532e-45
   1.1778610e+01   8.2166750e-45
   1.1805772e+01   8.1080710e-45
   1.1832996e+01   8.0013870e-45
   1.1860283e+01   7.8965708e-45
   1.1887633e+01   7.7935723e-45
   1.1915046e+01   7.6923434e-45
   1.1942522e+01   7.5928381e-45
   1.1970061e+01   7.4950122e-45
   1.1997664e+01   7.3988230e-45
   1.2025331e+01   7.3042295e-45
   1.2053062e+01   7.2111925e-45
   1.2080856e+01   7.1196740e-45
   1.2108715e+01   7.0296373e-45
   1.2136637e+01   6.9410474e-45
   1.2164625e+01   6.8538702e-45
   1.2192676e+01   6.7680730e-45
   1.2220793e+01   6.6836241e-45
   1.2248974e+01   6.6004930e-45
   1.2277220e+01   6.5186502e-45
   1.2305532e+01   6.4380671e-45
   1.2333908e+01   6.3587161e-45
   1.2362350e+01   6.2805705e-45
   1.2390858e+01   6.2036045e-45
   1.2419431e+01   6.1277930e-45
   1.2448071e+01   6.0531118e-45
   1.2476776e+01   5.9795373e-45
   1.2505548e+01   5.9070468e-45
   1.2534386e+01   5.8356182e-45
   1.2563290e+01   5.7652300e-45
   1.2592261e+01   5.6958613e-45
   1.2621299e+01   5.6274920e-45
   1.2650404e+01   5.5601025e-45
   1.2679576e+01   5.4936735e-45
   1.2708815e+01   5.4281866e-45
   1.2738121e+01   5.3636237e-45
   1.2767496e+01   5.2999673e-45
   1.2796938e+01   5.2372003e-45
   1.2826447e+01   5.1753061e-45
   1.2856025e+01   5.1142685e-45
   1.2885671e+01   5.0540717e-45
   1.2915386e+01   4.9947003e-45
   1.2945169e+01   4.9361396e-45
   1.2975020e+01   4.8783747e-45
   1.3004941e+01   4.8213917e-45
   1.3034930e+01   4.7651765e-45
   1.3064989e+01   4.7097157e-45
   1.3095117e+01   4.6549961e-45
   1.3125314e+01   4.6010048e-45
   1.3155582e+01   4.5477293e-45
   1.3185918e+01   4.4951573e-45
   1.3216325e+01   4.4432768e-45
   1.3246802e+01   4.3920762e-45
   1.3277349e+01   4.3415440e-45
   1.3307967e+01   4.2916691e-45
   1.3338655e+01   4.2424406e-45
   1.3369414e+01   4.1938478e-45
   1.3400244e+01   4.1458803e-45
   1.3431145e+01   4.0985279e-45
   1.3462118e+01   4.0517807e-45
   1.3493162e+01   4.0056289e-45
   1.3524277e+01   3.9600629e-45
   1.3555464e+01   3.9150735e-45
   1.3586723e+01   3.8706516e-45
   1.3618054e+01   3.8267881e-45
   1.3649457e+01   3.7834744e-45
   1.3680933e+01   3.7407019e-45
   1.3712481e+01   3.6984622e-45
   1.3744103e+01   3.6567472e-45
   1.3775797e+01   3.6155487e-45
   1.3807564e+01   3.5748589e-45
   1.3839404e+01   3.5346700e-45
   1.3871318e+01   3.4949746e-45
   1.3903305e+01   3.4557653e-45
   1.3935366e+01   3.4170347e-45
   1.3967501e+01   3.3787757e-45
   1.3999710e+01   3.3409814e-45
   1.4031994e+01   3.3036449e-45
   1.4064352e+01   3.2667595e-45
   1.4096784e+01   3.2303187e-45
   1.4129292e+01   3.1943160e-45
   1.4161874e+01   3.1587450e-45
   1.4194531e+01   3.1235995e-45
   1.4227264e+01   3.0888736e-45
   1.4260072e+01   3.0545611e-45
   1.4292956e+01   3.0206562e-45
   1.4325916e+01   2.9871532e-45
   1.4358951e+01   2.9540464e-45
   1.4392063e+01   2.9213302e-45
   1.4425251e+01   2.8889993e-45
   1.4458516e+01   2.8570482e-45
   1.4491858e+01   2.8254717e-45
   1.4525276e+01   2.7942647e-45
   1.4558771e+01   2.7634221e-45
   1.4592344e+01   2.7329388e-45
   1.4625994e+01   2.7028101e-45
   1.4659722e+01   2.6730312e-45
   1.4693527e+01   2.6435972e-45
   1.4727410e+01   2.6145036e-45
   1.4761372e+01   2.5857458e-45
   1.4795412e+01   2.5573193e-45
   1.4829530e+01   2.5292198e-45
   1.4863727e+01   2.5014428e-45
   1.4898003e+01   2.4739842e-45
   1.4932358e+01   2.4468398e-45
   1.4966792e+01   2.4200054e-45
   1.5001306e+01   2.3934770e-45
   1.5035899e+01   2.3672506e-45
   1.5070572e+01   2.3413223e-45
   1.5105324e+01   2.3156883e-45
   1.5140157e+01   2.2903448e-45
   1.5175071e+01   2.2652881e-45
   1.5210065e+01   2.2405144e-45
   1.5245139e+01   2.2160202e-45
   1.5280295e+01   2.1918020e-45
   1.5315531e+01   2.1678562e-45
   1.5350849e+01   2.1441794e-45
   1.5386248e+01   2.1207682e-45
   1.5421729e+01   2.0976193e-45
   1.5457291e+01   2.0747295e-45
   1.5492936e+01   2.0520955e-45
   1.5528663e+01   2.0297140e-45
   1.5564472e+01   2.0075821e-45
   1.5600364e+01   1.9856966e-45
   1.5636338e+01   1.9640545e-45
   1.5672396e+01   1.9426527e-45
   1.5708537e+01   1.9214884e-45
   1.5744761e+01   1.9005587e-45
   1.5781068e+01   1.8798607e-45
   1.5817459e+01   1.8593915e-45
   1.5853935e+01   1.8391485e-45
   1.5890494e+01   1.8191289e-45
   1.5927137e+01   1.7993299e-45
   1.5963866e+01   1.7797490e-45
   1.6000678e+01   1.7603836e-45
   1.6037576e+01   1.7412310e-45
   1.6074559e+01   1.7222888e-45
   1.6111627e+01   1.7035543e-45
   1.6148780e+01   1.6850253e-45
   1.6186020e+01   1.6666991e-45
   1.6223345e+01   1.6485736e-45
   1.6260756e+01   1.6306462e-45
   1.6298253e+01   1.6129146e-45
   1.6335837e+01   1.5953766e-45
   1.6373508e+01   1.5780299e-45
   1.6411265e+01   1.5608723e-45
   1.6449110e+01   1.5439015e-45
   1.6487041e+01   1.5271154e-45
   1.6525061e+01   1.5105119e-45
   1.6563168e+01   1.4940888e-45
   1.6601362e+01   1.4778440e-45
   1.6639645e+01   1.4617756e-45
   1.6678016e+01   1.4458814e-45
   1.6716476e+01   1.4301595e-45
   1.6755024e+01   1.4146079e-45
   1.6793662e+01   1.3992247e-45
   1.6832388e+01   1.3840079e-45
   1.6871203e+01   1.3689557e-45
   1.6910109e+01   1.3540661e-45
   1.6949103e+01   1.3393373e-45
   1.6988188e+01   1.3247676e-45
   1.7027363e+01   1.3103550e-45
   1.7066628e+01   1.2960979e-45
   1.7105984e+01   1.2819945e-45
   1.7145431e+01   1.2680430e-45
   1.7184968e+01   1.2542418e-45
   1.7224597e+01   1.2405891e-45
   1.7264317e+01   1.2270833e-45
   1.7304128e+01   1.2137228e-45
   1.7344032e+01   1.2005060e-45
   1.7384027e+01   1.1874312e-45
   1.7424115e+01   1.1744968e-45
   1.7464295e+01   1.1617013e-45
   1.7504568e+01   1.1490432e-45
   1.7544934e+01   1.1365210e-45
   1.7585392e+01   1.1241331e-45
   1.7625945e+01   1.1118780e-45
   1.7666590e+01   1.0997543e-45
   1.7707329e+01   1.0877606e-45
   1.7748163e+01   1.0758954e-45
   1.7789090e+01   1.0641573e-45
   1.7830112e+01   1.0525449e-45
   1.7871228e+01   1.0410568e-45
   1.7912439e+01   1.0296917e-45
   1.7953746e+01   1.0184483e-45
   1.7995147e+01   1.0073251e-45
   1.8036644e+01   9.9632093e-46
   1.8078237e+01   9.8543446e-46
   1.8119925e+01   9.7466440e-46
   1.8161710e+01   9.6400949e-46
   1.8203591e+01   9.5346849e-46
   1.8245569e+01   9.4304016e-46
   1.8287643e+01   9.3272328e-46
   1.8329814e+01   9.2251663e-46
   1.8372083e+01   9.1241905e-46
   1.8414449e+01   9.0242933e-46
   1.8456913e+01   8.9254634e-46
   1.8499475e+01   8.8276890e-46
   1.8542135e+01   8.7309589e-46
   1.8584893e+01   8.6352619e-46
   1.8627750e+01   8.5405869e-46
   1.8670706e+01   8.4469229e-46
   1.8713761e+01   8.3542590e-46
   1.8756915e+01   8.2625846e-46
   1.8800168e+01   8.1718890e-46
   1.8843522e+01   8.0821619e-46
   1.8886975e+01   7.9933928e-46
   1.8930528e+01   7.9055716e-46
   1.8974182e+01   7.8186881e-46
   1.9017937e+01   7.7327324e-46
   1.9061792e+01   7.6476945e-46
   1.9105749e+01   7.5635647e-46
   1.9149807e+01   7.4803334e-46
   1.9193967e+01   7.3979910e-46
   1.9238228e+01   7.3165281e-46
   1.9282592e+01   7.2359353e-46
   1.9327057e+01   7.1562035e-46
   1.9371626e+01   7.0773235e-46
   1.9416297e+01   6.9992863e-46
   1.9461071e+01   6.9220829e-46
   1.9505948e+01   6.8457047e-46
   1.9550929e+01   6.7701428e-46
   1.9596014e+01   6.6953886e-46
   1.9641202e+01   6.6214337e-46
   1.9686495e+01   6.5482696e-46
   1.9731892e+01   6.4758879e-46
   1.9777394e+01   6.4042805e-46
   1.9823001e+01   6.3334391e-46
   1.9868713e+01   6.2633558e-46
   1.9914530e+01   6.1940226e-46
   1.9960454e+01   6.1254315e-46
   2.0006482e+01   6.0575748e-46
   2.0052618e+01   5.9904449e-46
   2.0098859e+01   5.9240339e-46
   2.0145207e+01   5.8583345e-46
   2.0191662e+01   5.7933392e-46
   2.0238224e+01   5.7290406e-46
   2.0284894e+01   5.6654313e-46
   2.0331671e+01   5.6025043e-46
   2.0378556e+01   5.5402523e-46
   2.0425549e+01   5.4786683e-46
   2.0472650e+01   5.4177454e-46
   2.0519861e+01   5.3574765e-46
   2.0567180e+01   5.2978550e-46
   2.0614608e+01   5.2388739e-46
   2.0662145e+01   5.1805268e-46
   2.0709792e+01   5.1228068e-46
   2.0757549e+01   5.0657076e-46
   2.0805416e+01   5.0092227e-46
   2.0853394e+01   4.9533455e-46
   2.0901482e+01   4.8980699e-46
   2.0949681e+01   4.8433895e-46
   2.0997991e+01   4.7892982e-46
   2.1046412e+01   4.7357898e-46
   2.1094945e+01   4.6828583e-46
   2.1143591e+01   4.6304977e-46
   2.1192348e+01   4.5787020e-46
   2.1241218e+01   4.5274653e-46
   2.1290200e+01   4.4767820e-46
   2.1339295e+01   4.4266461e-46
   2.1388504e+01   4.3770521e-46
   2.1437826e+01   4.3279944e-46
   2.1487262e+01   4.2794672e-46
   2.1536812e+01   4.2314652e-46
   2.1586476e+01   4.1839830e-46
   2.1636254e+01   4.1370150e-46
   2.1686148e+01   4.0905560e-46
   2.1736156e+01   4.0446008e-46
   2.1786280e+01   3.9991440e-46
   2.1836519e+01   3.9541805e-46
   2.1886874e+01   3.9097053e-46
   2.1937346e+01   3.8657133e-46
   2.1987933e+01   3.8221994e-46
   2.2038638e+01   3.7791587e-46
   2.2089459e+01   3.7365863e-46
   2.2140397e+01   3.6944774e-46
   2.2191453e+01   3.6528272e-46
   2.2242627e+01   3.6116309e-46
   2.2293919e+01   3.5708839e-46
   2.2345328e+01   3.5305814e-46
   2.2396857e+01   3.4907189e-46
   2.2448504e+01   3.4512919e-46
   2.2500271e+01   3.4122958e-46
   2.2552157e+01   3.3737262e-46
   2.2604162e+01   3.3355787e-46
   2.2656287e+01   3.2978489e-46
   2.2708533e+01   3.2605326e-46
   2.2760899e+01   3.2236253e-46
   2.2813386e+01   3.1871229e-46
   2.2865994e+01   3.1510213e-46
   2.2918723e+01   3.1153163e-46
   2.2971574e+01   3.0800037e-46
   2.3024546e+01   3.0450795e-46
   2.3077641e+01   3.0105398e-46
   2.3130858e+01   2.9763805e-46
   2.3184198e+01   2.9425978e-46
   2.3237661e+01   2.9091877e-46
   2.3291247e+01   2.8761463e-46
   2.3344957e+01   2.8434699e-46
   2.3398791e+01   2.8111547e-46
   2.3452748e+01   2.7791970e-46
   2.3506831e+01   2.7475931e-46
   2.3561038e+01   2.7163393e-46
   2.3615370e+01   2.6854320e-46
   2.3669827e+01   2.6548676e-46
   2.3724410e+01   2.6246426e-46
   2.3779118e+01   2.5947535e-46
   2.3833953e+01   2.5651969e-46
   2.3888914e+01   2.5359691e-46
   2.3944002e+01   2.5070670e-46
   2.3999217e+01   2.4784871e-46
   2.4054560e+01   2.4502261e-46
   2.4110030e+01   2.4222806e-46
   2.4165628e+01   2.3946475e-46
   2.4221354e+01   2.3673235e-46
   2.4277208e+01   2.3403054e-46
   2.4333192e+01   2.3135901e-46
   2.4389304e+01   2.2871743e-46
   2.4445546e+01   2.2610551e-46
   2.4501918e+01   2.2352293e-46
   2.4558420e+01   2.2096940e-46
   2.4615051e+01   2.1844460e-46
   2.4671814e+01   2.1594826e-46
   2.4728707e+01   2.1348006e-46
   2.4785732e+01   2.1103971e-46
   2.4842888e+01   2.0862694e-46
   2.4900176e+01   2.0624146e-46
   2.4957596e+01   2.0388298e-46
   2.5015148e+01   2.0155122e-46
   2.5072833e+01   1.9924590e-46
   2.5130652e+01   1.9696676e-46
   2.5188603e+01   1.9471352e-46
   2.5246688e+01   1.9248592e-46
   2.5304907e+01   1.9028368e-46
   2.5363261e+01   1.8810654e-46
   2.5421748e+01   1.8595425e-46
   2.5480371e+01   1.8382655e-46
   2.5539129e+01   1.8172318e-46
   2.5598023e+01   1.7964389e-46
   2.5657052e+01   1.7758843e-46
   2.5716217e+01   1.7555655e-46
   2.5775519e+01   1.7354800e-46
   2.5834957e+01   1.7156256e-46
   2.5894533e+01   1.6959997e-46
   2.5954246e+01   1.6765999e-46
   2.6014097e+01   1.6574241e-46
   2.6074085e+01   1.6384697e-46
   2.6134212e+01   1.6197345e-46
   2.6194478e+01   1.6012162e-46
   2.6254883e+01   1.5829126e-46
   2.6315427e+01   1.5648215e-46
   2.6376110e+01   1.5469406e-46
   2.6436934e+01   1.5292677e-46
   2.6497898e+01   1.5118006e-46
   2.6559002e+01   1.4945373e-46
   2.6620247e+01   1.4774757e-46
   2.6681634e+01   1.4606135e-46
   2.6743162e+01   1.4439487e-46
   2.6804832e+01   1.4274793e-46
   2.6866644e+01   1.4112033e-46
   2.6928599e+01   1.3951185e-46
   2.6990696e+01   1.3792231e-46
   2.7052937e+01   1.3635150e-46
   2.7115321e+01   1.3479923e-46
   2.7177849e+01   1.3326530e-46
   2.7240522e+01   1.3174953e-46
   2.7303338e+01   1.3025171e-46
   2.7366300e+01   1.2877168e-46
   2.7429407e+01   1.2730923e-46
   2.7492659e+01   1.2586419e-46
   2.7556058e+01   1.2443637e-46
   2.7619602e+01   1.2302559e-46
   2.7683293e+01   1.2163167e-46
   2.7747131e+01   1.2025445e-46
   2.7811116e+01   1.1889373e-46
   2.7875249e+01   1.1754936e-46
   2.7939529e+01   1.1622115e-46
   2.8003958e+01   1.1490893e-46
   2.8068536e+01   1.1361255e-46
   2.8133262e+01   1.1233183e-46
   2.8198137e+01   1.1106661e-46
   2.8263162e+01   1.0981673e-46
   2.8328338e+01   1.0858201e-46
   2.8393663e+01   1.0736232e-46
   2.8459139e+01   1.0615747e-46
   2.8524766e+01   1.0496733e-46
   2.8590544e+01   1.0379174e-46
   2.8656474e+01   1.0263053e-46
   2.8722556e+01   1.0148356e-46
   2.8788791e+01   1.0035068e-46
   2.8855178e+01   9.9231746e-47
   2.8921718e+01   9.8126601e-47
   2.8988412e+01   9.7035102e-47
   2.9055259e+01   9.5957107e-47
   2.9122261e+01   9.4892471e-47
   2.9189417e+01   9.3841054e-47
   2.9256728e+01   9.2802715e-47
   2.9324194e+01   9.1777315e-47
   2.9391816e+01   9.0764718e-47
   2.9459594e+01   8.9764787e-47
   2.9527528e+01   8.8777389e-47
   2.9595619e+01   8.7802389e-47
   2.9663866e+01   8.6839656e-47
   2.9732272e+01   8.5889060e-47
   2.9800834e+01   8.4950472e-47
   2.9869555e+01   8.4023763e-47
   2.9938435e+01   8.3108808e-47
   3.0007473e+01   8.2205480e-47
   3.0076670e+01   8.1313656e-47
   3.0146028e+01   8.0433214e-47
   3.0215544e+01   7.9564030e-47
   3.0285222e+01   7.8705986e-47
   3.0355060e+01   7.7858963e-47
   3.0425059e+01   7.7022841e-47
   3.0495219e+01   7.6197505e-47
   3.0565541e+01   7.5382839e-47
   3.0636026e+01   7.4578729e-47
   3.0706673e+01   7.3785061e-47
   3.0777482e+01   7.3001724e-47
   3.0848456e+01   7.2228606e-47
   3.0919592e+01   7.1465597e-47
   3.0990893e+01   7.0712590e-47
   3.1062358e+01   6.9969476e-47
   3.1133988e+01   6.9236149e-47
   3.1205784e+01   6.8512503e-47
   3.1277744e+01   6.7798434e-47
   3.1349871e+01   6.7093838e-47
   3.1422164e+01   6.6398614e-47
   3.1494624e+01   6.5712660e-47
   3.1567251e+01   6.5035876e-47
   3.1640045e+01   6.4368162e-47
   3.1713007e+01   6.3709421e-47
   3.1786138e+01   6.3059555e-47
   3.1859437e+01   6.2418468e-47
   3.1932905e+01   6.1786064e-47
   3.2006542e+01   6.1162250e-47
   3.2080350e+01   6.0546932e-47
   3.2154327e+01   5.9940017e-47
   3.2228475e+01   5.9341414e-47
   3.2302794e+01   5.8751033e-47
   3.2377285e+01   5.8168783e-47
   3.2451947e+01   5.7594577e-47
   3.2526782e+01   5.7028326e-47
   3.2601789e+01   5.6469943e-47
   3.2676969e+01   5.5919343e-47
   3.2752322e+01   5.5376439e-47
   3.2827849e+01   5.4841148e-47
   3.2903550e+01   5.4313387e-47
   3.2979426e+01   5.3793072e-47
   3.3055477e+01   5.3280121e-47
   3.3131703e+01   5.2774455e-47
   3.3208105e+01   5.2275992e-47
   3.3284683e+01   5.1784654e-47
   3.3361438e+01   5.1300361e-47
   3.3438370e+01   5.0823036e-47
   3.3515479e+01   5.0352603e-47
   3.3592766e+01   4.9888984e-47
   3.3670231e+01   4.9432105e-47
   3.3747875e+01   4.8981891e-47
   3.3825698e+01   4.8538268e-47
   3.3903700e+01   4.8101162e-47
   3.3981882e+01   4.7670503e-47
   3.4060245e+01   4.7246217e-47
   3.4138788e+01   4.6828234e-47
   3.4217512e+01   4.6416484e-47
   3.4296418e+01   4.6010897e-47
   3.4375506e+01   4.5611405e-47
   3.4454776e+01   4.5217939e-47
   3.4534229e+01   4.4830432e-47
   3.4613865e+01   4.4448817e-47
   3.4693685e+01   4.4073029e-47
   3.4773689e+01   4.3703002e-47
   3.4853877e+01   4.3338671e-47
   3.4934251e+01   4.2979972e-47
   3.5014809e+01   4.2626843e-47
   3.5095554e+01   4.2279219e-47
   3.5176484e+01   4.1937040e-47
   3.5257602e+01   4.1600243e-47
   3.5338906e+01   4.1268768e-47
   3.5420398e+01   4.0942555e-47
   3.5502077e+01   4.0621544e-47
   3.5583945e+01   4.0305675e-47
   3.5666002e+01   3.9994892e-47
   3.5748248e+01   3.9689135e-47
   3.5830684e+01   3.9388349e-47
   3.5913310e+01   3.9092475e-47
   3.5996126e+01   3.8801458e-47
   3.6079134e+01   3.8515243e-47
   3.6162332e+01   3.8233775e-47
   3.6245723e+01   3.7957000e-47
   3.6329306e+01   3.7684863e-47
   3.6413082e+01   3.7417311e-47
   3.6497050e+01   3.7154293e-47
   3.6581213e+01   3.6895755e-47
   3.6665569e+01   3.6641646e-47
   3.6750120e+01   3.6391915e-47
   3.6834867e+01   3.6146512e-47
   3.6919808e+01   3.5905386e-47
   3.7004945e+01   3.5668488e-47
   3.7090279e+01   3.5435769e-47
   3.7175810e+01   3.5207181e-47
   3.7261537e+01   3.4982675e-47
   3.7347463e+01   3.4762204e-47
   3.7433586e+01   3.4545722e-47
   3.7519908e+01   3.4333180e-47
   3.7606429e+01   3.4124535e-47
   3.7693150e+01   3.3919739e-47
   3.7780071e+01   3.3718747e-47
   3.7867192e+01   3.3521517e-47
   3.7954514e+01   3.3328002e-47
   3.8042037e+01   3.3138159e-47
   3.8129763e+01   3.2951945e-47
   3.8217690e+01   3.2769318e-47
   3.8305821e+01   3.2590234e-47
   3.8394154e+01   3.2414652e-47
   3.8482691e+01   3.2242531e-47
   3.8571433e+01   3.2073829e-47
   3.8660379e+01   3.1908505e-47
   3.8749530e+01   3.1746520e-47
   3.8838886e+01   3.1587834e-47
   3.8928449e+01   3.1432407e-47
   3.9018219e+01   3.1280200e-47
   3.9108195e+01   3.1131175e-47
   3.9198379e+01   3.0985294e-47
   3.9288770e+01   3.0842518e-47
   3.9379371e+01   3.0702810e-47
   3.9470180e+01   3.0566134e-47
   3.9561198e+01   3.0432453e-47
   3.9652427e+01   3.0301730e-47
   3.9743865e+01   3.0173930e-47
   3.9835515e+01   3.0049018e-47
   3.9927376e+01   2.9926957e-47
   4.0019449e+01   2.9807713e-47
   4.0111734e+01   2.9691253e-47
   4.0204232e+01   2.9577542e-47
   4.0296943e+01   2.9466545e-47
   4.0389868e+01   2.9358231e-47
   4.0483008e+01   2.9252566e-47
   4.0576362e+01   2.9149517e-47
   4.0669931e+01   2.9049053e-47
   4.0763716e+01   2.8951141e-47
   4.0857718e+01   2.8855749e-47
   4.0951936e+01   2.8762847e-47
   4.1046372e+01   2.8672403e-47
   4.1141025e+01   2.8584387e-47
   4.1235896e+01   2.8498768e-47
   4.1330987e+01   2.8415517e-47
   4.1426296e+01   2.8334604e-47
   4.1521826e+01   2.8256000e-47
   4.1617575e+01   2.8179675e-47
   4.1713546e+01   2.8105601e-47
   4.1809737e+01   2.8033749e-47
   4.1906151e+01   2.7964091e-47
   4.2002787e+01   2.7896600e-47
   4.2099646e+01   2.7831248e-47
   4.2196728e+01   2.7768007e-47
   4.2294034e+01   2.7706852e-47
   4.2391564e+01   2.7647754e-47
   4.2489319e+01   2.7590688e-47
   4.2587300e+01   2.7535628e-47
   4.2685507e+01   2.7482547e-47
   4.2783940e+01   2.7431421e-47
   4.2882600e+01   2.7382223e-47
   4.2981488e+01   2.7334930e-47
   4.3080603e+01   2.7289515e-47
   4.3179947e+01   2.7245956e-47
   4.3279521e+01   2.7204227e-47
   4.3379324e+01   2.7164304e-47
   4.3479357e+01   2.7126165e-47
   4.3579620e+01   2.7089785e-47
   4.3680115e+01   2.7055141e-47
   4.3780842e+01   2.7022210e-47
   4.3881801e+01   2.6990970e-47
   4.3982993e+01   2.6961398e-47
   4.4084418e+01   2.6933472e-47
   4.4186077e+01   2.6907170e-47
   4.4287970e+01   2.6882470e-47
   4.4390099e+01   2.6859351e-47
   4.4492463e+01   2.6837792e-47
   4.4595062e+01   2.6817770e-47
   4.4697899e+01   2.6799267e-47
   4.4800973e+01   2.6782260e-47
   4.4904284e+01   2.6766730e-47
   4.5007834e+01   2.6752656e-47
   4.5111622e+01   2.6740019e-47
   4.5215650e+01   2.6728799e-47
   4.5319918e+01   2.6718976e-47
   4.5424426e+01   2.6710531e-47
   4.5529175e+01   2.6703445e-47
   4.5634165e+01   2.6697700e-47
   4.5739398e+01   2.6693275e-47
   4.5844873e+01   2.6690154e-47
   4.5950592e+01   2.6688317e-47
   4.6056554e+01   2.6687747e-47
   4.6162761e+01   2.6688426e-47
   4.6269213e+01   2.6690336e-47
   4.6375910e+01   2.6693459e-47
   4.6482853e+01   2.6697779e-47
   4.6590043e+01   2.6703278e-47
   4.6697480e+01   2.6709940e-47
   4.6805165e+01   2.6717747e-47
   4.6913098e+01   2.6726684e-47
   4.7021280e+01   2.6736733e-47
   4.7129711e+01   2.6747878e-47
   4.7238393e+01   2.6760105e-47
   4.7347325e+01   2.6773396e-47
   4.7456508e+01   2.6787736e-47
   4.7565943e+01   2.6803110e-47
   4.7675631e+01   2.6819502e-47
   4.7785571e+01   2.6836897e-47
   4.7895765e+01   2.6855281e-47
   4.8006213e+01   2.6874638e-47
   4.8116916e+01   2.6894954e-47
   4.8227874e+01   2.6916214e-47
   4.8339087e+01   2.6938405e-47
   4.8450558e+01   2.6961511e-47
   4.8562285e+01   2.6985520e-47
   4.8674270e+01   2.7010416e-47
   4.8786513e+01   2.7036187e-47
   4.8899015e+01   2.7062819e-47
   4.9011777e+01   2.7090298e-47
   4.9124798e+01   2.7118612e-47
   4.9238081e+01   2.7147747e-47
   4.9351624e+01   2.7177690e-47
   4.9465429e+01   2.7208428e-47
   4.9579497e+01   2.7239950e-47
   4.9693828e+01   2.7272242e-47
   4.9808422e+01   2.7305292e-47
   4.9923280e+01   2.7339088e-47
   5.0038404e+01   2.7373618e-47
   5.0153793e+01   2.7408870e-47
   5.0269448e+01   2.7444831e-47
   5.0385370e+01   2.7481491e-47
   5.0501559e+01   2.7518838e-47
   5.0618016e+01   2.7556860e-47
   5.0734741e+01   2.7595547e-47
   5.0851736e+01   2.7634886e-47
   5.0969000e+01   2.7674868e-47
   5.1086535e+01   2.7715480e-47
   5.1204341e+01   2.7756713e-47
   5.1322419e+01   2.7798556e-47
   5.1440769e+01   2.7840998e-47
   5.1559392e+01   2.7884029e-47
   5.1678288e+01   2.7927638e-47
   5.1797458e+01   2.7971816e-47
   5.1916904e+01   2.8016552e-47
   5.2036625e+01   2.8061836e-47
   5.2156621e+01   2.8107659e-47
   5.2276895e+01   2.8154011e-47
   5.2397446e+01   2.8200883e-47
   5.2518275e+01   2.8248264e-47
   5.2639382e+01   2.8296146e-47
   5.2760769e+01   2.8344519e-47
   5.2882436e+01   2.8393374e-47
   5.3004383e+01   2.8442702e-47
   5.3126612e+01   2.8492495e-47
   5.3249122e+01   2.8542743e-47
   5.3371915e+01   2.8593437e-47
   5.3494991e+01   2.8644570e-47
   5.3618351e+01   2.8696132e-47
   5.3741995e+01   2.8748115e-47
   5.3865925e+01   2.8800511e-47
   5.3990140e+01   2.8853312e-47
   5.4114642e+01   2.8906509e-47
   5.4239430e+01   2.8960094e-47
   5.4364507e+01   2.9014060e-47
   5.4489872e+01   2.9068399e-47
   5.4615526e+01   2.9123103e-47
   5.4741470e+01   2.9178164e-47
   5.4867704e+01   2.9233575e-47
   5.4994229e+01   2.9289328e-47
   5.5121046e+01   2.9345416e-47
   5.5248156e+01   2.9401832e-47
   5.5375559e+01   2.9458568e-47
   5.5503255e+01   2.9515618e-47
   5.5631246e+01   2.9572974e-47
   5.5759532e+01   2.9630629e-47
   5.5888114e+01   2.9688577e-47
   5.6016992e+01   2.9746811e-47
   5.6146168e+01   2.9805324e-47
   5.6275642e+01   2.9864110e-47
   5.6405414e+01   2.9923162e-47
   5.6535485e+01   2.9982473e-47
   5.6665856e+01   3.0042037e-47
   5.6796528e+01   3.0101849e-47
   5.6927501e+01   3.0161901e-47
   5.7058777e+01   3.0222188e-47
   5.7190355e+01   3.0282703e-47
   5.7322236e+01   3.0343442e-47
   5.7454421e+01   3.0404396e-47
   5.7586912e+01   3.0465562e-47
   5.7719708e+01   3.0526933e-47
   5.7852810e+01   3.0588503e-47
   5.7986219e+01   3.0650267e-47
   5.8119935e+01   3.0712220e-47
   5.8253960e+01   3.0774355e-47
   5.8388294e+01   3.0836668e-47
   5.8522938e+01   3.0899152e-47
   5.8657893e+01   3.0961804e-47
   5.8793158e+01   3.1024618e-47
   5.8928736e+01   3.1087588e-47
   5.9064626e+01   3.1150709e-47
   5.9200829e+01   3.1213977e-47
   5.9337347e+01   3.1277386e-47
   5.9474179e+01   3.1340933e-47
   5.9611327e+01   3.1404611e-47
   5.9748791e+01   3.1468416e-47
   5.9886572e+01   3.1532343e-47
   6.0024671e+01   3.1596389e-47
   6.0163089e+01   3.1660548e-47
   6.0301825e+01   3.1724815e-47
   6.0440882e+01   3.1789187e-47
   6.0580259e+01   3.1853659e-47
   6.0719957e+01   3.1918226e-47
   6.0859978e+01   3.1982885e-47
   6.1000322e+01   3.2047631e-47
   6.1140989e+01   3.2112460e-47
   6.1281980e+01   3.2177368e-47
   6.1423297e+01   3.2242350e-47
   6.1564940e+01   3.2307404e-47
   6.1706909e+01   3.2372524e-47
   6.1849206e+01   3.2437708e-47
   6.1991830e+01   3.2502951e-47
   6.2134784e+01   3.2568249e-47
   6.2278067e+01   3.2633599e-47
   6.2421681e+01   3.2698997e-47
   6.2565626e+01   3.2764439e-47
   6.2709903e+01   3.2829922e-47
   6.2854512e+01   3.2895443e-47
   6.2999455e+01   3.2960997e-47
   6.3144732e+01   3.3026582e-47
   6.3290345e+01   3.3092194e-47
   6.3436293e+01   3.3157829e-47
   6.3582577e+01   3.3223485e-47
   6.3729199e+01   3.3289158e-47
   6.3876159e+01   3.3354845e-47
   6.4023458e+01   3.3420543e-47
   6.4171097e+01   3.3486249e-47
   6.4319076e+01   3.3551959e-47
   6.4467396e+01   3.3617670e-47
   6.4616058e+01   3.3683381e-47
   6.4765063e+01   3.3749087e-47
   6.4914412e+01   3.3814786e-47
   6.5064105e+01   3.3880475e-47
   6.5214144e+01   3.3946151e-47
   6.5364528e+01   3.4011812e-47
   6.5515259e+01   3.4077454e-47
   6.5666338e+01   3.4143076e-47
   6.5817765e+01   3.4208673e-47
   6.5969541e+01   3.4274245e-47
   6.6121667e+01   3.4339788e-47
   6.6274144e+01   3.4405299e-47
   6.6426973e+01   3.4470776e-47
   6.6580154e+01   3.4536218e-47
   6.6733688e+01   3.4601620e-47
   6.6887577e+01   3.4666982e-47
   6.7041820e+01   3.4732300e-47
   6.7196419e+01   3.4797572e-47
   6.7351374e+01   3.4862797e-47
   6.7506687e+01   3.4927971e-47
   6.7662358e+01   3.4993093e-47
   6.7818388e+01   3.5058160e-47
   6.7974778e+01   3.5123171e-47
   6.8131528e+01   3.5188122e-47
   6.8288640e+01   3.5253013e-47
   6.8446114e+01   3.5317841e-47
   6.8603951e+01   3.5382604e-47
   6.8762153e+01   3.5447300e-47
   6.8920719e+01   3.5511928e-47
   6.9079650e+01   3.5576485e-47
   6.9238949e+01   3.5640969e-47
   6.9398614e+01   3.5705378e-47
   6.9558648e+01   3.5769712e-47
   6.9719051e+01   3.5833967e-47
   6.9879823e+01   3.5898143e-47
   7.0040967e+01   3.5962237e-47
   7.0202482e+01   3.6026248e-47
   7.0364369e+01   3.6090174e-47
   7.0526630e+01   3.6154014e-47
   7.0689265e+01   3.6217766e-47
   7.0852275e+01   3.6281428e-47
   7.1015661e+01   3.6344998e-47
   7.1179423e+01   3.6408476e-47
   7.1343564e+01   3.6471860e-47
   7.1508083e+01   3.6535148e-47
   7.1672981e+01   3.6598339e-47
   7.1838259e+01   3.6661431e-47
   7.2003919e+01   3.6724424e-47
   7.2169960e+01   3.6787315e-47
   7.2336385e+01   3.6850103e-47
   7.2503193e+01   3.6912787e-47
   7.2670386e+01   3.6975366e-47
   7.2837964e+01   3.7037839e-47
   7.3005929e+01   3.7100204e-47
   7.3174282e+01   3.7162459e-47
   7.3343022e+01   3.7224605e-47
   7.3512152e+01   3.7286639e-47
   7.3681671e+01   3.7348560e-47
   7.3851582e+01   3.7410368e-47
   7.4021884e+01   3.7472061e-47
   7.4192579e+01   3.7533638e-47
   7.4363668e+01   3.7595099e-47
   7.4535151e+01   3.7656441e-47
   7.4707029e+01   3.7717664e-47
   7.4879304e+01   3.7778767e-47
   7.5051977e+01   3.7839750e-47
   7.5225047e+01   3.7900610e-47
   7.5398517e+01   3.7961348e-47
   7.5572386e+01   3.8021961e-47
   7.5746657e+01   3.8082450e-47
   7.5921329e+01   3.8142814e-47
   7.6096404e+01   3.8203051e-47
   7.6271883e+01   3.8263161e-47
   7.6447767e+01   3.8323143e-47
   7.6624056e+01   3.8382996e-47
   7.6800751e+01   3.8442719e-47
   7.6977855e+01   3.8502312e-47
   7.7155366e+01   3.8561774e-47
   7.7333287e+01   3.8621104e-47
   7.7511618e+01   3.8680301e-47
   7.7690361e+01   3.8739365e-47
   7.7869515e+01   3.8798295e-47
   7.8049083e+01   3.8857090e-47
   7.8229065e+01   3.8915750e-47
   7.8409461e+01   3.8974275e-47
   7.8590274e+01   3.9032663e-47
   7.8771504e+01   3.9090913e-47
   7.8953152e+01   3.9149026e-47
   7.9135218e+01   3.9207001e-47
   7.9317705e+01   3.9264837e-47
   7.9500612e+01   3.9322534e-47
   7.9683941e+01   3.9380091e-47
   7.9867693e+01   3.9437508e-47
   8.0051868e+01   3.9494784e-47
   8.0236468e+01   3.9551919e-47
   8.0421494e+01   3.9608912e-47
   8.0606947e+01   3.9665763e-47
   8.0792827e+01   3.9722471e-47
   8.0979136e+01   3.9779037e-47
   8.1165874e+01   3.9835459e-47
   8.1353044e+01   3.9891737e-47
   8.1540644e+01   3.9947872e-47
   8.1728678e+01   4.0003861e-47
   8.1917145e+01   4.0059706e-47
   8.2106046e+01   4.0115406e-47
   8.2295383e+01   4.0170961e-47
   8.2485157e+01   4.0226369e-47
   8.2675369e+01   4.0281632e-47
   8.2866019e+01   4.0336748e-47
   8.3057108e+01   4.0391718e-47
   8.3248639e+01   4.0446541e-47
   8.3440611e+01   4.0501217e-47
   8.3633025e+01   4.0555745e-47
   8.3825884e+01   4.0610126e-47
   8.4019187e+01   4.0664360e-47
   8.4212936e+01   4.0718445e-47
   8.4407131e+01   4.0772382e-47
   8.4601775e+01   4.0826171e-47
   8.4796867e+01   4.0879812e-47
   8.4992409e+01   4.0933304e-47
   8.5188403e+01   4.0986647e-47
   8.5384848e+01   4.1039842e-47
   8.5581746e+01   4.1092887e-47
   8.5779098e+01   4.1145783e-47
   8.5976905e+01   4.1198531e-47
   8.6175169e+01   4.1251128e-47
   8.6373889e+01   4.1303577e-47
   8.6573068e+01   4.1355876e-47
   8.6772706e+01   4.1408026e-47
   8.6972805e+01   4.1460026e-47
   8.7173365e+01   4.1511877e-47
   8.7374387e+01   4.1563578e-47
   8.7575873e+01   4.1615129e-47
   8.7777824e+01   4.1666531e-47
   8.7980240e+01   4.1717783e-47
   8.8183123e+01   4.1768886e-47
   8.8386474e+01   4.1819839e-47
   8.8590294e+01   4.1870642e-47
   8.8794584e+01   4.1921296e-47
   8.8999345e+01   4.1971800e-47
   8.9204578e+01   4.2022155e-47
   8.9410285e+01   4.2072361e-47
   8.9616465e+01   4.2122417e-47
   8.9823122e+01   4.2172324e-47
   9.0030254e+01   4.2222082e-47
   9.0237865e+01   4.2271690e-47
   9.0445954e+01   4.2321150e-47
   9.0654523e+01   4.2370461e-47
   9.0863573e+01   4.2419623e-47
   9.1073105e+01   4.2468636e-47
   9.1283120e+01   4.2517501e-47
   9.1493620e+01   4.2566218e-47
   9.1704605e+01   4.2614786e-47
   9.1916077e+01   4.2663206e-47
   9.2128036e+01   4.2711478e-47
   9.2340484e+01   4.2759602e-47
   9.2553422e+01   4.2807579e-47
   9.2766850e+01   4.2855408e-47
   9.2980771e+01   4.2903091e-47
   9.3195186e+01   4.2950625e-47
   9.3410095e+01   4.2998013e-47
   9.3625499e+01   4.3045255e-47
   9.3841400e+01   4.3092350e-47
   9.4057799e+01   4.3139298e-47
   9.4274697e+01   4.3186101e-47
   9.4492095e+01   4.3232758e-47
   9.4709995e+01   4.3279269e-47
   9.4928397e+01   4.3325635e-47
   9.5147302e+01   4.3371855e-47
   9.5366713e+01   4.3417931e-47
   9.5586629e+01   4.3463862e-47
   9.5807053e+01   4.3509649e-47
   9.6027984e+01   4.3555292e-47
   9.6249426e+01   4.3600790e-47
   9.6471378e+01   4.3646146e-47
   9.6693841e+01   4.3691358e-47
   9.6916818e+01   4.3736427e-47
   9.7140309e+01   4.3781353e-47
   9.7364315e+01   4.3826137e-47
   9.7588838e+01   4.3870779e-47
   9.7813879e+01   4.3915279e-47
   9.8039438e+01   4.3959637e-47
   9.8265518e+01   4.4003855e-47
   9.8492119e+01   4.4047931e-47
   9.8719243e+01   4.4091867e-47
   9.8946890e+01   4.4135662e-47
   9.9175062e+01   4.4179318e-47
   9.9403761e+01   4.4222834e-47
   9.9632987e+01   4.4266211e-47
   9.9862741e+01   4.4309449e-47
   1.0009303e+02   4.4352549e-47
   1.0032384e+02   4.4395510e-47
   1.0055519e+02   4.4438334e-47
   1.0078707e+02   4.4481020e-47
   1.0101948e+02   4.4523569e-47
   1.0125244e+02   4.4565981e-47
   1.0148593e+02   4.4608257e-47
   1.0171995e+02   4.4650397e-47
   1.0195452e+02   4.4692401e-47
   1.0218963e+02   4.4734270e-47
   1.0242528e+02   4.4776004e-47
   1.0266147e+02   4.4817604e-47
   1.0289821e+02   4.4859070e-47
   1.0313549e+02   4.4900402e-47
   1.0337332e+02   4.4941600e-47
   1.0361170e+02   4.4982666e-47
   1.0385063e+02   4.5023600e-47
   1.0409011e+02   4.5064401e-47
   1.0433015e+02   4.5105071e-47
   1.0457073e+02   4.5145609e-47
   1.0481187e+02   4.5186017e-47
   1.0505357e+02   4.5226294e-47
   1.0529582e+02   4.5266441e-47
   1.0553864e+02   4.5306459e-47
   1.0578201e+02   4.5346348e-47
   1.0602594e+02   4.5386108e-47
   1.0627044e+02   4.5425740e-47
   1.0651550e+02   4.5465243e-47
   1.0676113e+02   4.5504620e-47
   1.0700732e+02   4.5543870e-47
   1.0725408e+02   4.5582993e-47
   1.0750141e+02   4.5621990e-47
   1.0774931e+02   4.5660861e-47
   1.0799778e+02   4.5699608e-47
   1.0824682e+02   4.5738229e-47
   1.0849644e+02   4.5776727e-47
   1.0874663e+02   4.5815101e-47
   1.0899740e+02   4.5853351e-47
   1.0924875e+02   4.5891479e-47
   1.0950068e+02   4.5929484e-47
   1.0975319e+02   4.5967367e-47
   1.1000628e+02   4.6005129e-47
   1.1025996e+02   4.6042770e-47
   1.1051422e+02   4.6080290e-47
   1.1076906e+02   4.6117691e-47
   1.1102450e+02   4.6154972e-47
   1.1128052e+02   4.6192134e-47
   1.1153714e+02   4.6229177e-47
   1.1179434e+02   4.6266102e-47
   1.1205214e+02   4.6302910e-47
   1.1231053e+02   4.6339601e-47
   1.1256952e+02   4.6376174e-47
   1.1282911e+02   4.6412632e-47
   1.1308929e+02   4.6448974e-47
   1.1335008e+02   4.6485201e-47
   1.1361146e+02   4.6521314e-47
   1.1387345e+02   4.6557312e-47
   1.1413605e+02   4.6593197e-47
   1.1439924e+02   4.6628968e-47
   1.1466305e+02   4.6664627e-47
   1.1492746e+02   4.6700174e-47
   1.1519249e+02   4.6735609e-47
   1.1545812e+02   4.6770933e-47
   1.1572437e+02   4.6806146e-47
   1.1599123e+02   4.6841249e-47
   1.1625871e+02   4.6876243e-47
   1.1652680e+02   4.6911128e-47
   1.1679551e+02   4.6945904e-47
   1.1706484e+02   4.6980572e-47
   1.1733480e+02   4.7015132e-47
   1.1760537e+02   4.7049586e-47
   1.1787657e+02   4.7083932e-47
   1.1814839e+02   4.7118173e-47
   1.1842085e+02   4.7152309e-47
   1.1869392e+02   4.7186339e-47
   1.1896763e+02   4.7220266e-47
   1.1924197e+02   4.7254088e-47
   1.1951695e+02   4.7287807e-47
   1.1979255e+02   4.7321423e-47
   1.2006880e+02   4.7354937e-47
   1.2034568e+02   4.7388349e-47
   1.2062319e+02   4.7421659e-47
   1.2090135e+02   4.7454869e-47
   1.2118015e+02   4.7487979e-47
   1.2145959e+02   4.7520990e-47
   1.2173968e+02   4.7553901e-47
   1.2202041e+02   4.7586713e-47
   1.2230179e+02   4.7619428e-47
   1.2258382e+02   4.7652045e-47
   1.2286650e+02   4.7684564e-47
   1.2314983e+02   4.7716988e-47
   1.2343382e+02   4.7749316e-47
   1.2371846e+02   4.7781548e-47
   1.2400375e+02   4.7813685e-47
   1.2428971e+02   4.7845728e-47
   1.2457632e+02   4.7877678e-47
   1.2486359e+02   4.7909534e-47
   1.2515153e+02   4.7941298e-47
   1.2544013e+02   4.7972969e-47
   1.2572940e+02   4.8004549e-47
   1.2601933e+02   4.8036038e-47
   1.2630993e+02   4.8067436e-47
   1.2660120e+02   4.8098745e-47
   1.2689314e+02   4.8129964e-47
   1.2718576e+02   4.8161094e-47
   1.2747905e+02   4.8192136e-47
   1.2777302e+02   4.8223090e-47
   1.2806767e+02   4.8253957e-47
   1.2836299e+02   4.8284737e-47
   1.2865900e+02   4.8315431e-47
   1.2895569e+02   4.8346040e-47
   1.2925306e+02   4.8376564e-47
   1.2955112e+02   4.8407003e-47
   1.2984986e+02   4.8437358e-47
   1.3014930e+02   4.8467630e-47
   1.3044942e+02   4.8497819e-47
   1.3075024e+02   4.8527926e-47
   1.3105175e+02   4.8557951e-47
   1.3135396e+02   4.8587896e-47
   1.3165686e+02   4.8617759e-47
   1.3196046e+02   4.8647543e-47
   1.3226476e+02   4.8677247e-47
   1.3256977e+02   4.8706872e-47
   1.3287547e+02   4.8736419e-47
   1.3318189e+02   4.8765888e-47
   1.3348901e+02   4.8795279e-47
   1.3379683e+02   4.8824594e-47
   1.3410537e+02   4.8853833e-47
   1.3441462e+02   4.8882996e-47
   1.3472458e+02   4.8912085e-47
   1.3503525e+02   4.8941098e-47
   1.3534665e+02   4.8970038e-47
   1.3565876e+02   4.8998905e-47
   1.3597159e+02   4.9027699e-47
   1.3628514e+02   4.9056420e-47
   1.3659941e+02   4.9085070e-47
   1.3691441e+02   4.9113649e-47
   1.3723014e+02   4.9142157e-47
   1.3754659e+02   4.9170595e-47
   1.3786377e+02   4.9198964e-47
   1.3818169e+02   4.9227263e-47
   1.3850034e+02   4.9255495e-47
   1.3881972e+02   4.9283659e-47
   1.3913984e+02   4.9311755e-47
   1.3946070e+02   4.9339785e-47
   1.3978229e+02   4.9367749e-47
   1.4010463e+02   4.9395647e-47
   1.4042772e+02   4.9423481e-47
   1.4075154e+02   4.9451249e-47
   1.4107612e+02   4.9478955e-47
   1.4140144e+02   4.9506596e-47
   1.4172751e+02   4.9534175e-47
   1.4205434e+02   4.9561692e-47
   1.4238192e+02   4.9589148e-47
   1.4271025e+02   4.9616542e-47
   1.4303934e+02   4.9643876e-47
   1.4336919e+02   4.9671150e-47
   1.4369980e+02   4.9698365e-47
   1.4403117e+02   4.9725520e-47
   1.4436331e+02   4.9752618e-47
   1.4469621e+02   4.9779658e-47
   1.4502988e+02   4.9806641e-47
   1.4536432e+02   4.9833567e-47
   1.4569954e+02   4.9860438e-47
   1.4603552e+02   4.9887252e-47
   1.4637228e+02   4.9914013e-47
   1.4670981e+02   4.9940718e-47
   1.4704813e+02   4.9967371e-47
   1.4738722e+02   4.9993970e-47
   1.4772710e+02   5.0020516e-47
   1.4806776e+02   5.0047010e-47
   1.4840920e+02   5.0073453e-47
   1.4875144e+02   5.0099845e-47
   1.4909446e+02   5.0126187e-47
   1.4943827e+02   5.0152479e-47
   1.4978288e+02   5.0178721e-47
   1.5012828e+02   5.0204915e-47
   1.5047447e+02   5.0231061e-47
   1.5082147e+02   5.0257160e-47
   1.5116927e+02   5.0283211e-47
   1.5151786e+02   5.0309216e-47
   1.5186726e+02   5.0335175e-47
   1.5221747e+02   5.0361089e-47
   1.5256849e+02   5.0386959e-47
   1.5292031e+02   5.0412784e-47
   1.5327295e+02   5.0438565e-47
   1.5362639e+02   5.0464304e-47
   1.5398066e+02   5.0490000e-47
   1.5433574e+02   5.0515654e-47
   1.5469164e+02   5.0541267e-47
   1.5504836e+02   5.0566839e-47
   1.5540590e+02   5.0592371e-47
   1.5576427e+02   5.0617864e-47
   1.5612346e+02   5.0643317e-47
   1.5648348e+02   5.0668732e-47
   1.5684434e+02   5.0694109e-47
   1.5720602e+02   5.0719448e-47
   1.5756854e+02   5.0744751e-47
   1.5793189e+02   5.0770018e-47
   1.5829608e+02   5.0795249e-47
   1.5866112e+02   5.0820444e-47
   1.5902699e+02   5.0845606e-47
   1.5939371e+02   5.0870733e-47
   1.5976127e+02   5.0895827e-47
   1.6012968e+02   5.0920888e-47
   1.6049894e+02   5.0945917e-47
   1.6086905e+02   5.0970914e-47
   1.6124002e+02   5.0995880e-47
   1.6161184e+02   5.1020815e-47
   1.6198452e+02   5.1045720e-47
   1.6235805e+02   5.1070596e-47
   1.6273245e+02   5.1095443e-47
   1.6310772e+02   5.1120262e-47
   1.6348384e+02   5.1145053e-47
   1.6386084e+02   5.1169817e-47
   1.6423870e+02   5.1194554e-47
   1.6461744e+02   5.1219265e-47
   1.6499705e+02   5.1243951e-47
   1.6537753e+02   5.1268612e-47
   1.6575889e+02   5.1293248e-47
   1.6614114e+02   5.1317861e-47
   1.6652426e+02   5.1342450e-47
   1.6690826e+02   5.1367017e-47
   1.6729316e+02   5.1391562e-47
   1.6767894e+02   5.1416085e-47
   1.6806560e+02   5.1440588e-47
   1.6845316e+02   5.1465069e-47
   1.6884162e+02   5.1489532e-47
   1.6923097e+02   5.1513975e-47
   1.6962122e+02   5.1538399e-47
   1.7001236e+02   5.1562805e-47
   1.7040441e+02   5.1587194e-47
   1.7079737e+02   5.1611566e-47
   1.7119123e+02   5.1635921e-47
   1.7158600e+02   5.1660260e-47
   1.7198168e+02   5.1684585e-47
   1.7237827e+02   5.1708894e-47
   1.7277577e+02   5.1733190e-47
   1.7317419e+02   5.1757472e-47
   1.7357354e+02   5.1781741e-47
   1.7397380e+02   5.1805997e-47
   1.7437498e+02   5.1830242e-47
   1.7477709e+02   5.1854476e-47
   1.7518013e+02   5.1878699e-47
   1.7558410e+02   5.1902912e-47
   1.7598899e+02   5.1927115e-47
   1.7639483e+02   5.1951309e-47
   1.7680159e+02   5.1975495e-47
   1.7720930e+02   5.1999673e-47
   1.7761795e+02   5.2023844e-47
   1.7802753e+02   5.2048008e-47
   1.7843807e+02   5.2072166e-47
   1.7884955e+02   5.2096319e-47
   1.7926198e+02   5.2120466e-47
   1.7967535e+02   5.2144610e-47
   1.8008969e+02   5.2168749e-47
   1.8050498e+02   5.2192885e-47
   1.8092122e+02   5.2217019e-47
   1.8133843e+02   5.2241150e-47
   1.8175659e+02   5.2265280e-47
   1.8217573e+02   5.2289409e-47
   1.8259583e+02   5.2313538e-47
   1.8301689e+02   5.2337667e-47
   1.8343893e+02   5.2361797e-47
   1.8386194e+02   5.2385928e-47
   1.8428593e+02   5.2410061e-47
   1.8471089e+02   5.2434197e-47
   1.8513684e+02   5.2458336e-47
   1.8556377e+02   5.2482478e-47
   1.8599168e+02   5.2506625e-47
   1.8642058e+02   5.2530777e-47
   1.8685046e+02   5.2554934e-47
   1.8728134e+02   5.2579097e-47
   1.8771321e+02   5.2603267e-47
   1.8814608e+02   5.2627444e-47
   1.8857995e+02   5.2651628e-47
   1.8901482e+02   5.2675822e-47
   1.8945068e+02   5.2700024e-47
   1.8988756e+02   5.2724235e-47
   1.9032544e+02   5.2748457e-47
   1.9076433e+02   5.2772689e-47
   1.9120424e+02   5.2796933e-47
   1.9164516e+02   5.2821188e-47
   1.9208709e+02   5.2845456e-47
   1.9253005e+02   5.2869737e-47
   1.9297402e+02   5.2894032e-47
   1.9341902e+02   5.2918340e-47
   1.9386505e+02   5.2942664e-47
   1.9431210e+02   5.2967003e-47
   1.9476019e+02   5.2991358e-47
   1.9520930e+02   5.3015729e-47
   1.9565946e+02   5.3040118e-47
   1.9611065e+02   5.3064525e-47
   1.9656288e+02   5.3088949e-47
   1.9701616e+02   5.3113393e-47
   1.9747048e+02   5.3137856e-47
   1.9792585e+02   5.3162339e-47
   1.9838227e+02   5.3186844e-47
   1.9883974e+02   5.3211369e-47
   1.9929826e+02   5.3235916e-47
   1.9975785e+02   5.3260486e-47
   2.0021849e+02   5.3285079e-47
   2.0068020e+02   5.3309695e-47
   2.0114297e+02   5.3334336e-47
   2.0160680e+02   5.3359002e-47
   2.0207171e+02   5.3383693e-47
   2.0253769e+02   5.3408410e-47
   2.0300474e+02   5.3433154e-47
   2.0347287e+02   5.3457925e-47
   2.0394208e+02   5.3482725e-47
   2.0441237e+02   5.3507552e-47
   2.0488375e+02   5.3532409e-47
   2.0535621e+02   5.3557295e-47
   2.0582977e+02   5.3582212e-47
   2.0630441e+02   5.3607160e-47
   2.0678015e+02   5.3632139e-47
   2.0725699e+02   5.3657150e-47
   2.0773492e+02   5.3682194e-47
   2.0821396e+02   5.3707272e-47
   2.0869411e+02   5.3732383e-47
   2.0917536e+02   5.3757529e-47
   2.0965772e+02   5.3782710e-47
   2.1014119e+02   5.3807927e-47
   2.1062578e+02   5.3833181e-47
   2.1111148e+02   5.3858471e-47
   2.1159831e+02   5.3883799e-47
   2.1208625e+02   5.3909165e-47
   2.1257533e+02   5.3934570e-47
   2.1306553e+02   5.3960015e-47
   2.1355686e+02   5.3985499e-47
   2.1404932e+02   5.4011025e-47
   2.1454292e+02   5.4036592e-47
   2.1503766e+02   5.4062200e-47
   2.1553354e+02   5.4087852e-47
   2.1603056e+02   5.4113546e-47
   2.1652873e+02   5.4139285e-47
   2.1702804e+02   5.4165067e-47
   2.1752851e+02   5.4190895e-47
   2.1803013e+02   5.4216769e-47
   2.1853291e+02   5.4242689e-47
   2.1903685e+02   5.4268656e-47
   2.1954195e+02   5.4294670e-47
   2.2004822e+02   5.4320733e-47
   2.2055565e+02   5.4346845e-47
   2.2106425e+02   5.4373006e-47
   2.2157403e+02   5.4399218e-47
   2.2208498e+02   5.4425480e-47
   2.2259711e+02   5.4451793e-47
   2.2311042e+02   5.4478159e-47
   2.2362491e+02   5.4504577e-47
   2.2414060e+02   5.4531049e-47
   2.2465747e+02   5.4557574e-47
   2.2517553e+02   5.4584155e-47
   2.2569478e+02   5.4610790e-47
   2.2621524e+02   5.4637482e-47
   2.2673689e+02   5.4664230e-47
   2.2725975e+02   5.4691035e-47
   2.2778381e+02   5.4717898e-47
   2.2830908e+02   5.4744819e-47
   2.2883556e+02   5.4771800e-47
   2.2936326e+02   5.4798841e-47
   2.2989217e+02   5.4825941e-47
   2.3042231e+02   5.4853104e-47
   2.3095366e+02   5.4880327e-47
   2.3148624e+02   5.4907614e-47
   2.3202005e+02   5.4934963e-47
   2.3255509e+02   5.4962376e-47
   2.3309137e+02   5.4989854e-47
   2.3362888e+02   5.5017397e-47
   2.3416763e+02   5.5045005e-47
   2.3470762e+02   5.5072680e-47
   2.3524886e+02   5.5100422e-47
   2.3579134e+02   5.5128232e-47
   2.3633508e+02   5.5156110e-47
   2.3688007e+02   5.5184057e-47
   2.3742632e+02   5.5212074e-47
   2.3797382e+02   5.5240161e-47
   2.3852259e+02   5.5268320e-47
   2.3907263e+02   5.5296550e-47
   2.3962393e+02   5.5324853e-47
   2.4017651e+02   5.5353229e-47
   2.4073036e+02   5.5381679e-47
   2.4128548e+02   5.5410203e-47
   2.4184189e+02   5.5438803e-47
   2.4239958e+02   5.5467479e-47
   2.4295855e+02   5.5496231e-47
   2.4351882e+02   5.5525060e-47
   2.4408037e+02   5.5553967e-47
   2.4464322e+02   5.5582953e-47
   2.4520737e+02   5.5612019e-47
   2.4577282e+02   5.5641164e-47
   2.4633958e+02   5.5670390e-47
   2.4690764e+02   5.5699698e-47
   2.4747701e+02   5.5729088e-47
   2.4804769e+02   5.5758561e-47
   2.4861969e+02   5.5788117e-47
   2.4919301e+02   5.5817757e-47
   2.4976765e+02   5.5847483e-47
   2.5034362e+02   5.5877294e-47
   2.5092091e+02   5.5907192e-47
   2.5149954e+02   5.5937177e-47
   2.5207950e+02   5.5967249e-47
   2.5266080e+02   5.5997410e-47
   2.5324343e+02   5.6027661e-47
   2.5382742e+02   5.6058001e-47
   2.5441274e+02   5.6088433e-47
   2.5499942e+02   5.6118955e-47
   2.5558745e+02   5.6149570e-47
   2.5617684e+02   5.6180278e-47
   2.5676758e+02   5.6211079e-47
   2.5735969e+02   5.6241975e-47
   2.5795317e+02   5.6272966e-47
   2.5854801e+02   5.6304053e-47
   2.5914422e+02   5.6335236e-47
   2.5974181e+02   5.6366517e-47
   2.6034078e+02   5.6397895e-47
   2.6094112e+02   5.6429373e-47
   2.6154286e+02   5.6460950e-47
   2.6214598e+02   5.6492627e-47
   2.6275049e+02   5.6524406e-47
   2.6335639e+02   5.6556286e-47
   2.6396369e+02   5.6588269e-47
   2.6457240e+02   5.6620355e-47
   2.6518250e+02   5.6652545e-47
   2.6579401e+02   5.6684840e-47
   2.6640694e+02   5.6717241e-47
   2.6702127e+02   5.6749748e-47
   2.6763703e+02   5.6782363e-47
   2.6825420e+02   5.6815085e-47
   2.6887280e+02   5.6847916e-47
   2.6949282e+02   5.6880856e-47
   2.7011427e+02   5.6913907e-47
   2.7073716e+02   5.6947068e-47
   2.7136148e+02   5.6980342e-47
   2.7198724e+02   5.7013728e-47
   2.7261444e+02   5.7047227e-47
   2.7324310e+02   5.7080841e-47
   2.7387320e+02   5.7114569e-47
   2.7450475e+02   5.7148414e-47
   2.7513776e+02   5.7182374e-47
   2.7577223e+02   5.7216453e-47
   2.7640816e+02   5.7250649e-47
   2.7704556e+02   5.7284964e-47
   2.7768443e+02   5.7319399e-47
   2.7832477e+02   5.7353955e-47
   2.7896659e+02   5.7388632e-47
   2.7960989e+02   5.7423431e-47
   2.8025467e+02   5.7458353e-47
   2.8090094e+02   5.7493399e-47
   2.8154870e+02   5.7528570e-47
   2.8219796e+02   5.7563866e-47
   2.8284871e+02   5.7599288e-47
   2.8350096e+02   5.7634838e-47
   2.8415471e+02   5.7670515e-47
   2.8480998e+02   5.7706321e-47
   2.8546675e+02   5.7742257e-47
   2.8612504e+02   5.7778324e-47
   2.8678485e+02   5.7814521e-47
   2.8744617e+02   5.7850851e-47
   2.8810903e+02   5.7887314e-47
   2.8877341e+02   5.7923910e-47
   2.8943932e+02   5.7960642e-47
   2.9010677e+02   5.7997508e-47
   2.9077576e+02   5.8034512e-47
   2.9144629e+02   5.8071652e-47
   2.9211837e+02   5.8108931e-47
   2.9279200e+02   5.8146348e-47
   2.9346718e+02   5.8183906e-47
   2.9414391e+02   5.8221604e-47
   2.9482221e+02   5.8259444e-47
   2.9550207e+02   5.8297427e-47
   2.9618350e+02   5.8335552e-47
   2.9686651e+02   5.8373822e-47
   2.9755108e+02   5.8412237e-47
   2.9823724e+02   5.8450799e-47
   2.9892498e+02   5.8489507e-47
   2.9961430e+02   5.8528363e-47
   3.0030521e+02   5.8567367e-47
   3.0099772e+02   5.8606522e-47
   3.0169182e+02   5.8645826e-47
   3.0238752e+02   5.8685283e-47
   3.0308483e+02   5.8724891e-47
   3.0378375e+02   5.8764653e-47
   3.0448428e+02   5.8804569e-47
   3.0518642e+02   5.8844640e-47
   3.0589018e+02   5.8884867e-47
   3.0659557e+02   5.8925252e-47
   3.0730258e+02   5.8965794e-47
   3.0801122e+02   5.9006494e-47
   3.0872150e+02   5.9047355e-47
   3.0943341e+02   5.9088376e-47
   3.1014697e+02   5.9129559e-47
   3.1086217e+02   5.9170905e-47
   3.1157902e+02   5.9212414e-47
   3.1229752e+02   5.9254087e-47
   3.1301768e+02   5.9295926e-47
   3.1373950e+02   5.9337932e-47
   3.1446299e+02   5.9380105e-47
   3.1518814e+02   5.9422446e-47
   3.1591497e+02   5.9464956e-47
   3.1664347e+02   5.9507637e-47
   3.1737365e+02   5.9550489e-47
   3.1810552e+02   5.9593513e-47
   3.1883907e+02   5.9636710e-47
   3.1957432e+02   5.9680082e-47
   3.2031126e+02   5.9723629e-47
   3.2104990e+02   5.9767352e-47
   3.2179024e+02   5.9811252e-47
   3.2253229e+02   5.9855331e-47
   3.2327606e+02   5.9899589e-47
   3.2402153e+02   5.9944026e-47
   3.2476873e+02   5.9988646e-47
   3.2551765e+02   6.0033447e-47
   3.2626829e+02   6.0078432e-47
   3.2702067e+02   6.0123601e-47
   3.2777478e+02   6.0168955e-47
   3.2853063e+02   6.0214496e-47
   3.2928823e+02   6.0260224e-47
   3.3004757e+02   6.0306141e-47
   3.3080866e+02   6.0352247e-47
   3.3157151e+02   6.0398543e-47
   3.3233612e+02   6.0445031e-47
   3.3310249e+02   6.0491712e-47
   3.3387062e+02   6.0538587e-47
   3.3464053e+02   6.0585656e-47
   3.3541221e+02   6.0632921e-47
   3.3618568e+02   6.0680383e-47
   3.3696092e+02   6.0728043e-47
   3.3773796e+02   6.0775903e-47
   3.3851679e+02   6.0823962e-47
   3.3929741e+02   6.0872222e-47
   3.4007983e+02   6.0920685e-47
   3.4086406e+02   6.0969352e-47
   3.4165009e+02   6.1018222e-47
   3.4243794e+02   6.1067299e-47
   3.4322760e+02   6.1116582e-47
   3.4401909e+02   6.1166073e-47
   3.4481240e+02   6.1215774e-47
   3.4560754e+02   6.1265684e-47
   3.4640451e+02   6.1315805e-47
   3.4720333e+02   6.1366139e-47
   3.4800398e+02   6.1416687e-47
   3.4880648e+02   6.1467449e-47
   3.4961083e+02   6.1518427e-47
   3.5041703e+02   6.1569621e-47
   3.5122510e+02   6.1621034e-47
   3.5203503e+02   6.1672666e-47
   3.5284682e+02   6.1724519e-47
   3.5366049e+02   6.1776593e-47
   3.5447603e+02   6.1828890e-47
   3.5529346e+02   6.1881411e-47
   3.5611277e+02   6.1934157e-47
   3.5693397e+02   6.1987130e-47
   3.5775706e+02   6.2040330e-47
   3.5858205e+02   6.2093758e-47
   3.5940894e+02   6.2147417e-47
   3.6023774e+02   6.2201306e-47
   3.6106845e+02   6.2255428e-47
   3.6190108e+02   6.2309784e-47
   3.6273563e+02   6.2364374e-47
   3.6357210e+02   6.2419200e-47
   3.6441050e+02   6.2474264e-47
   3.6525083e+02   6.2529566e-47
   3.6609310e+02   6.2585107e-47
   3.6693731e+02   6.2640890e-47
   3.6778347e+02   6.2696915e-47
   3.6863159e+02   6.2753183e-47
   3.6948165e+02   6.2809696e-47
   3.7033368e+02   6.2866455e-47
   3.7118767e+02   6.2923461e-47
   3.7204364e+02   6.2980716e-47
   3.7290157e+02   6.3038220e-47
   3.7376148e+02   6.3095976e-47
   3.7462338e+02   6.3153984e-47
   3.7548727e+02   6.3212246e-47
   3.7635314e+02   6.3270763e-47
   3.7722102e+02   6.3329536e-47
   3.7809089e+02   6.3388567e-47
   3.7896277e+02   6.3447856e-47
   3.7983666e+02   6.3507406e-47
   3.8071257e+02   6.3567218e-47
   3.8159049e+02   6.3627293e-47
   3.8247044e+02   6.3687631e-47
   3.8335242e+02   6.3748236e-47
   3.8423644e+02   6.3809107e-47
   3.8512249e+02   6.3870247e-47
   3.8601059e+02   6.3931657e-47
   3.8690073e+02   6.3993338e-47
   3.8779292e+02   6.4055291e-47
   3.8868718e+02   6.4117518e-47
   3.8958349e+02   6.4180020e-47
   3.9048188e+02   6.4242799e-47
   3.9138233e+02   6.4305856e-47
   3.9228486e+02   6.4369193e-47
   3.9318947e+02   6.4432811e-47
   3.9409617e+02   6.4496710e-47
   3.9500496e+02   6.4560894e-47
   3.9591584e+02   6.4625363e-47
   3.9682883e+02   6.4690118e-47
   3.9774392e+02   6.4755162e-47
   3.9866112e+02   6.4820495e-47
   3.9958044e+02   6.4886119e-47
   4.0050187e+02   6.4952036e-47
   4.0142543e+02   6.5018246e-47
   4.0235112e+02   6.5084752e-47
   4.0327895e+02   6.5151555e-47
   4.0420891e+02   6.5218657e-47
   4.0514102e+02   6.5286058e-47
   4.0607528e+02   6.5353761e-47
   4.0701169e+02   6.5421767e-47
   4.0795026e+02   6.5490078e-47
   4.0889100e+02   6.5558695e-47
   4.0983390e+02   6.5627619e-47
   4.1077898e+02   6.5696853e-47
   4.1172624e+02   6.5766397e-47
   4.1267569e+02   6.5836254e-47
   4.1362732e+02   6.5906425e-47
   4.1458115e+02   6.5976911e-47
   4.1553718e+02   6.6047715e-47
   4.1649541e+02   6.6118837e-47
   4.1745585e+02   6.6190280e-47
   4.1841851e+02   6.6262045e-47
   4.1938338e+02   6.6334134e-47
   4.2035048e+02   6.6406548e-47
   4.2131982e+02   6.6479289e-47
   4.2229138e+02   6.6552359e-47
   4.2326519e+02   6.6625760e-47
   4.2424124e+02   6.6699493e-47
   4.2521955e+02   6.6773561e-47
   4.2620010e+02   6.6847964e-47
   4.2718293e+02   6.6922704e-47
   4.2816801e+02   6.6997785e-47
   4.2915537e+02   6.7073206e-47
   4.3014501e+02   6.7148971e-47
   4.3113692e+02   6.7225081e-47
   4.3213113e+02   6.7301538e-47
   4.3312763e+02   6.7378344e-47
   4.3412642e+02   6.7455502e-47
   4.3512752e+02   6.7533012e-47
   4.3613093e+02   6.7610878e-47
   4.3713665e+02   6.7689101e-47
   4.3814469e+02   6.7767683e-47
   4.3915506e+02   6.7846628e-47
   4.4016775e+02   6.7925937e-47
   4.4118278e+02   6.8005613e-47
   4.4220015e+02   6.8085659e-47
   4.4321987e+02   6.8166077e-47
   4.4424194e+02   6.8246870e-47
   4.4526636e+02   6.8328041e-47
   4.4629315e+02   6.8409593e-47
   4.4732231e+02   6.8491531e-47
   4.4835383e+02   6.8573858e-47
   4.4938774e+02   6.8656577e-47
   4.5042403e+02   6.8739695e-47
   4.5146271e+02   6.8823215e-47
   4.5250379e+02   6.8907144e-47
   4.5354727e+02   6.8991489e-47
   4.5459315e+02   6.9076256e-47
   4.5564145e+02   6.9161456e-47
   4.5669216e+02   6.9247098e-47
   4.5774529e+02   6.9333195e-47
   4.5880086e+02   6.9419763e-47
   4.5985886e+02   6.9506820e-47
   4.6091930e+02   6.9594391e-47
   4.6198218e+02   6.9682507e-47
   4.6304751e+02   6.9771206e-47
   4.6411530e+02   6.9860542e-47
   4.6518556e+02   6.9950586e-47
   4.6625828e+02   7.0041437e-47
   4.6733347e+02   7.0133234e-47
   4.6841115e+02   7.0226185e-47
   4.6949131e+02   7.0320601e-47
   4.7057396e+02   7.0416976e-47
   4.7165911e+02   7.0516128e-47
   4.7274676e+02   7.0619499e-47
   4.7383691e+02   7.0729822e-47
   4.7492958e+02   7.0852830e-47
   4.7602478e+02   7.1002288e-47
   4.7712249e+02   7.1218630e-47
   4.7822274e+02   7.1668046e-47
   4.7932553e+02   7.3755656e-47
   4.8043085e+02   1.7092080e-45
   4.8153873e+02   7.3519885e-47
   4.8264916e+02   7.1972394e-47
   4.8376216e+02   7.1753193e-47
   4.8487772e+02   7.1737975e-47
   4.8599585e+02   7.1782769e-47
   4.8711656e+02   7.1851566e-47
   4.8823985e+02   7.1931948e-47
   4.8936574e+02   7.2018715e-47
   4.9049422e+02   7.2109380e-47
   4.9162530e+02   7.2202632e-47
   4.9275899e+02   7.2297730e-47
   4.9389530e+02   7.2394229e-47
   4.9503423e+02   7.2491851e-47
   4.9617578e+02   7.2590411e-47
   4.9731996e+02   7.2689788e-47
   4.9846679e+02   7.2789897e-47
   4.9961626e+02   7.2890677e-47
   5.0076837e+02   7.2992086e-47
   5.0192315e+02   7.3094093e-47
   5.0308059e+02   7.3196674e-47
   5.0424070e+02   7.3299812e-47
   5.0540348e+02   7.3403495e-47
   5.0656894e+02   7.3507712e-47
   5.0773710e+02   7.3612457e-47
   5.0890794e+02   7.3717724e-47
   5.1008149e+02   7.3823510e-47
   5.1125774e+02   7.3929812e-47
   5.1243670e+02   7.4036628e-47
   5.1361839e+02   7.4143958e-47
   5.1480279e+02   7.4251799e-47
   5.1598993e+02   7.4360154e-47
   5.1717981e+02   7.4469021e-47
   5.1837243e+02   7.4578402e-47
   5.1956780e+02   7.4688297e-47
   5.2076593e+02   7.4798708e-47
   5.2196682e+02   7.4909636e-47
   5.2317048e+02   7.5021082e-47
   5.2437691e+02   7.5133049e-47
   5.2558613e+02   7.5245537e-47
   5.2679814e+02   7.5358549e-47
   5.2801294e+02   7.5472086e-47
   5.2923054e+02   7.5586151e-47
   5.3045095e+02   7.5700746e-47
   5.3167417e+02   7.5815872e-47
   5.3290022e+02   7.5931532e-47
   5.3412909e+02   7.6047728e-47
   5.3536079e+02   7.6164462e-47
   5.3659534e+02   7.6281737e-47
   5.3783273e+02   7.6399555e-47
   5.3907298e+02   7.6517919e-47
   5.4031609e+02   7.6636830e-47
   5.4156206e+02   7.6756291e-47
   5.4281090e+02   7.6876304e-47
   5.4406263e+02   7.6996873e-47
   5.4531724e+02   7.7117999e-47
   5.4657475e+02   7.7239685e-47
   5.4783515e+02   7.7361934e-47
   5.4909847e+02   7.7484748e-47
   5.5036469e+02   7.7608130e-47
   5.5163384e+02   7.7732082e-47
   5.5290591e+02   7.7856607e-47
   5.5418091e+02   7.7981707e-47
   5.5545886e+02   7.8107386e-47
   5.5673975e+02   7.8233645e-47
   5.5802360e+02   7.8360488e-47
   5.5931040e+02   7.8487917e-47
   5.6060018e+02   7.8615936e-47
   5.6189293e+02   7.8744545e-47
   5.6318866e+02   7.8873750e-47
   5.6448737e+02   7.9003551e-47
   5.6578909e+02   7.9133952e-47
   5.6709380e+02   7.9264956e-47
   5.6840152e+02   7.9396566e-47
   5.6971226e+02   7.9528784e-47
   5.7102602e+02   7.9661613e-47
   5.7234281e+02   7.9795056e-47
   5.7366264e+02   7.9929116e-47
   5.7498551e+02   8.0063796e-47
   5.7631143e+02   8.0199098e-47
   5.7764041e+02   8.0335026e-47
   5.7897245e+02   8.0471582e-47
   5.8030757e+02   8.0608770e-47
   5.8164576e+02   8.0746591e-47
   5.8298704e+02   8.0885051e-47
   5.8433141e+02   8.1024150e-47
   5.8567889e+02   8.1163893e-47
   5.8702947e+02   8.1304282e-47
   5.8838316e+02   8.1445320e-47
   5.8973998e+02   8.1587010e-47
   5.9109992e+02   8.1729356e-47
   5.9246300e+02   8.1872360e-47
   5.9382923e+02   8.2016025e-47
   5.9519860e+02   8.2160355e-47
   5.9657113e+02   8.2305353e-47
   5.9794683e+02   8.2451021e-47
   5.9932570e+02   8.2597363e-47
   6.0070775e+02   8.2744382e-47
   6.0209299e+02   8.2892081e-47
   6.0348142e+02   8.3040464e-47
   6.0487305e+02   8.3189533e-47
   6.0626789e+02   8.3339292e-47
   6.0766595e+02   8.3489744e-47
   6.0906723e+02   8.3640892e-47
   6.1047175e+02   8.3792739e-47
   6.1187950e+02   8.3945289e-47
   6.1329050e+02   8.4098545e-47
   6.1470475e+02   8.4252510e-47
   6.1612226e+02   8.4407188e-47
   6.1754305e+02   8.4562582e-47
   6.1896711e+02   8.4718694e-47
   6.2039445e+02   8.4875530e-47
   6.2182508e+02   8.5033091e-47
   6.2325902e+02   8.5191382e-47
   6.2469626e+02   8.5350405e-47
   6.2613681e+02   8.5510164e-47
   6.2758069e+02   8.5670663e-47
   6.2902789e+02   8.5831905e-47
   6.3047844e+02   8.5993893e-47
   6.3193232e+02   8.6156632e-47
   6.3338957e+02   8.6320123e-47
   6.3485017e+02   8.6484372e-47
   6.3631414e+02   8.6649381e-47
   6.3778148e+02   8.6815154e-47
   6.3925221e+02   8.6981695e-47
   6.4072633e+02   8.7149007e-47
   6.4220385e+02   8.7317093e-47
   6.4368478e+02   8.7485958e-47
   6.4516912e+02   8.7655604e-47
   6.4665688e+02   8.7826037e-47
   6.4814808e+02   8.7997258e-47
   6.4964271e+02   8.8169272e-47
   6.5114080e+02   8.8342083e-47
   6.5264233e+02   8.8515695e-47
   6.5414733e+02   8.8690110e-47
   6.5565580e+02   8.8865333e-47
   6.5716775e+02   8.9041368e-47
   6.5868318e+02   8.9218217e-47
   6.6020211e+02   8.9395886e-47
   6.6172454e+02   8.9574378e-47
   6.6325048e+02   8.9753697e-47
   6.6477994e+02   8.9933846e-47
   6.6631293e+02   9.0114829e-47
   6.6784945e+02   9.0296651e-47
   6.6938952e+02   9.0479315e-47
   6.7093314e+02   9.0662825e-47
   6.7248031e+02   9.0847185e-47
   6.7403106e+02   9.1032400e-47
   6.7558538e+02   9.1218472e-47
   6.7714328e+02   9.1405406e-47
   6.7870478e+02   9.1593206e-47
   6.8026988e+02   9.1781876e-47
   6.8183859e+02   9.1971420e-47
   6.8341091e+02   9.2161842e-47
   6.8498686e+02   9.2353146e-47
   6.8656645e+02   9.2545337e-47
   6.8814967e+02   9.2738417e-47
   6.8973655e+02   9.2932393e-47
   6.9132709e+02   9.3127267e-47
   6.9292130e+02   9.3323044e-47
   6.9451918e+02   9.3519727e-47
   6.9612074e+02   9.3717323e-47
   6.9772600e+02   9.3915833e-47
   6.9933497e+02   9.4115263e-47
   7.0094764e+02   9.4315618e-47
   7.0256403e+02   9.4516900e-47
   7.0418415e+02   9.4719115e-47
   7.0580800e+02   9.4922267e-47
   7.0743560e+02   9.5126360e-47
   7.0906695e+02   9.5331399e-47
   7.1070206e+02   9.5537388e-47
   7.1234095e+02   9.5744331e-47
   7.1398361e+02   9.5952233e-47
   7.1563006e+02   9.6161099e-47
   7.1728031e+02   9.6370932e-47
   7.1893437e+02   9.6581737e-47
   7.2059223e+02   9.6793519e-47
   7.2225393e+02   9.7006283e-47
   7.2391945e+02   9.7220032e-47
   7.2558881e+02   9.7434772e-47
   7.2726203e+02   9.7650506e-47
   7.2893910e+02   9.7867240e-47
   7.3062004e+02   9.8084979e-47
   7.3230485e+02   9.8303726e-47
   7.3399355e+02   9.8523487e-47
   7.3568615e+02   9.8744267e-47
   7.3738265e+02   9.8966069e-47
   7.3908306e+02   9.9188899e-47
   7.4078739e+02   9.9412761e-47
   7.4249565e+02   9.9637661e-47
   7.4420785e+02   9.9863603e-47
   7.4592400e+02   1.0009059e-46
   7.4764410e+02   1.0031863e-46
   7.4936818e+02   1.0054773e-46
   7.5109623e+02   1.0077789e-46
   7.5282826e+02   1.0100911e-46
   7.5456429e+02   1.0124141e-46
   7.5630432e+02   1.0147478e-46
   7.5804836e+02   1.0170924e-46
   7.5979643e+02   1.0194478e-46
   7.6154852e+02   1.0218141e-46
   7.6330466e+02   1.0241914e-46
   7.6506485e+02   1.0265797e-46
   7.6682909e+02   1.0289791e-46
   7.6859741e+02   1.0313896e-46
   7.7036980e+02   1.0338112e-46
   7.7214628e+02   1.0362441e-46
   7.7392685e+02   1.0386882e-46
   7.7571153e+02   1.0411437e-46
   7.7750033e+02   1.0436106e-46
   7.7929325e+02   1.0460889e-46
   7.8109031e+02   1.0485786e-46
   7.8289151e+02   1.0510799e-46
   7.8469686e+02   1.0535928e-46
   7.8650638e+02   1.0561173e-46
   7.8832007e+02   1.0586536e-46
   7.9013794e+02   1.0612016e-46
   7.9196000e+02   1.0637614e-46
   7.9378627e+02   1.0663330e-46
   7.9561675e+02   1.0689166e-46
   7.9745144e+02   1.0715121e-46
   7.9929037e+02   1.0741197e-46
   8.0113354e+02   1.0767393e-46
   8.0298096e+02   1.0793711e-46
   8.0483264e+02   1.0820151e-46
   8.0668859e+02   1.0846713e-46
   8.0854882e+02   1.0873398e-46
   8.1041334e+02   1.0900207e-46
   8.1228216e+02   1.0927140e-46
   8.1415529e+02   1.0954198e-46
   8.1603274e+02   1.0981382e-46
   8.1791452e+02   1.1008691e-46
   8.1980064e+02   1.1036127e-46
   8.2169110e+02   1.1063690e-46
   8.2358593e+02   1.1091380e-46
   8.2548512e+02   1.1119199e-46
   8.2738870e+02   1.1147147e-46
   8.2929666e+02   1.1175224e-46
   8.3120903e+02   1.1203431e-46
   8.3312580e+02   1.1231769e-46
   8.3504700e+02   1.1260239e-46
   8.3697262e+02   1.1288840e-46
   8.3890269e+02   1.1317574e-46
   8.4083720e+02   1.1346440e-46
   8.4277618e+02   1.1375441e-46
   8.4471963e+02   1.1404576e-46
   8.4666756e+02   1.1433846e-46
   8.4861998e+02   1.1463251e-46
   8.5057690e+02   1.1492793e-46
   8.5253834e+02   1.1522472e-46
   8.5450430e+02   1.1552288e-46
   8.5647479e+02   1.1582242e-46
   8.5844983e+02   1.1612335e-46
   8.6042942e+02   1.1642567e-46
   8.6241358e+02   1.1672939e-46
   8.6440231e+02   1.1703453e-46
   8.6639563e+02   1.1734107e-46
   8.6839354e+02   1.1764903e-46
   8.7039607e+02   1.1795842e-46
   8.7240321e+02   1.1826925e-46
   8.7441498e+02   1.1858151e-46
   8.7643138e+02   1.1889522e-46
   8.7845244e+02   1.1921039e-46
   8.8047816e+02   1.1952701e-46
   8.8250855e+02   1.1984510e-46
   8.8454362e+02   1.2016467e-46
   8.8658338e+02   1.2048571e-46
   8.8862785e+02   1.2080824e-46
   8.9067703e+02   1.2113227e-46
   8.9273094e+02   1.2145779e-46
   8.9478959e+02   1.2178483e-46
   8.9685298e+02   1.2211338e-46
   8.9892113e+02   1.2244345e-46
   9.0099405e+02   1.2277505e-46
   9.0307175e+02   1.2310819e-46
   9.0515424e+02   1.2344287e-46
   9.0724153e+02   1.2377910e-46
   9.0933364e+02   1.2411689e-46
   9.1143057e+02   1.2445624e-46
   9.1353233e+02   1.2479717e-46
   9.1563894e+02   1.2513968e-46
   9.1775041e+02   1.2548377e-46
   9.1986675e+02   1.2582946e-46
   9.2198797e+02   1.2617675e-46
   9.2411408e+02   1.2652566e-46
   9.2624510e+02   1.2687618e-46
   9.2838103e+02   1.2722833e-46
   9.3052188e+02   1.2758212e-46
   9.3266767e+02   1.2793755e-46
   9.3481841e+02   1.2829464e-46
   9.3697411e+02   1.2865339e-46
   9.3913478e+02   1.2901382e-46
   9.4130043e+02   1.2937596e-46
   9.4347108e+02   1.2973981e-46
   9.4564673e+02   1.3010541e-46
   9.4782740e+02   1.3047283e-46
   9.5001309e+02   1.3084217e-46
   9.5220383e+02   1.3121370e-46
   9.5439962e+02   1.3158821e-46
   9.5660047e+02   1.3196901e-46
   9.5880640e+02   1.3238655e-46
   9.6101742e+02   1.3621574e-46
   9.6323353e+02   1.3312306e-46
   9.6545475e+02   1.3347928e-46
   9.6768110e+02   1.3385687e-46
   9.6991258e+02   1.3423947e-46
   9.7214920e+02   1.3462481e-46
   9.7439099e+02   1.3501234e-46
   9.7663794e+02   1.3540185e-46
   9.7889008e+02   1.3579326e-46
   9.8114740e+02   1.3618655e-46
   9.8340994e+02   1.3658169e-46
   9.8567769e+02   1.3697869e-46
   9.8795067e+02   1.3737754e-46
   9.9022889e+02   1.3777825e-46
   9.9251237e+02   1.3818082e-46
   9.9480111e+02   1.3858527e-46
   9.9709513e+02   1.3899159e-46
   9.9939443e+02   1.3939979e-46
   1.0016990e+03   1.3980989e-46
   1.0040090e+03   1.4022189e-46
   1.0063242e+03   1.4063580e-46
   1.0086448e+03   1.4105162e-46
   1.0109708e+03   1.4146937e-46
   1.0133021e+03   1.4188906e-46
   1.0156387e+03   1.4231069e-46
   1.0179808e+03   1.4273427e-46
   1.0203283e+03   1.4315982e-46
   1.0226812e+03   1.4358733e-46
   1.0250395e+03   1.4401683e-46
   1.0274032e+03   1.4444831e-46
   1.0297724e+03   1.4488179e-46
   1.0321471e+03   1.4531728e-46
   1.0345272e+03   1.4575478e-46
   1.0369129e+03   1.4619431e-46
   1.0393040e+03   1.4663587e-46
   1.0417006e+03   1.4707948e-46
   1.0441028e+03   1.4752514e-46
   1.0465105e+03   1.4797286e-46
   1.0489238e+03   1.4842266e-46
   1.0513426e+03   1.4887453e-46
   1.0537670e+03   1.4932850e-46
   1.0561970e+03   1.4978457e-46
   1.0586326e+03   1.5024275e-46
   1.0610738e+03   1.5070306e-46
   1.0635207e+03   1.5116549e-46
   1.0659731e+03   1.5163006e-46
   1.0684313e+03   1.5209678e-46
   1.0708951e+03   1.5256567e-46
   1.0733646e+03   1.5303672e-46
   1.0758398e+03   1.5350995e-46
   1.0783207e+03   1.5398538e-46
   1.0808073e+03   1.5446300e-46
   1.0832996e+03   1.5494284e-46
   1.0857977e+03   1.5542489e-46
   1.0883016e+03   1.5590918e-46
   1.0908112e+03   1.5639570e-46
   1.0933266e+03   1.5688448e-46
   1.0958479e+03   1.5737552e-46
   1.0983749e+03   1.5786883e-46
   1.1009078e+03   1.5836443e-46
   1.1034465e+03   1.5886232e-46
   1.1059910e+03   1.5936251e-46
   1.1085414e+03   1.5986502e-46
   1.1110977e+03   1.6036985e-46
   1.1136599e+03   1.6087702e-46
   1.1162281e+03   1.6138654e-46
   1.1188021e+03   1.6189841e-46
   1.1213820e+03   1.6241265e-46
   1.1239680e+03   1.6292927e-46
   1.1265598e+03   1.6344828e-46
   1.1291577e+03   1.6396970e-46
   1.1317615e+03   1.6449352e-46
   1.1343714e+03   1.6501977e-46
   1.1369873e+03   1.6554846e-46
   1.1396092e+03   1.6607959e-46
   1.1422371e+03   1.6661318e-46
   1.1448711e+03   1.6714924e-46
   1.1475112e+03   1.6768777e-46
   1.1501574e+03   1.6822880e-46
   1.1528096e+03   1.6877233e-46
   1.1554680e+03   1.6931838e-46
   1.1581325e+03   1.6986695e-46
   1.1608032e+03   1.7041807e-46
   1.1634800e+03   1.7097173e-46
   1.1661630e+03   1.7152795e-46
   1.1688522e+03   1.7208675e-46
   1.1715476e+03   1.7264813e-46
   1.1742492e+03   1.7321210e-46
   1.1769570e+03   1.7377869e-46
   1.1796711e+03   1.7434790e-46
   1.1823914e+03   1.7491974e-46
   1.1851180e+03   1.7549423e-46
   1.1878509e+03   1.7607138e-46
   1.1905901e+03   1.7665119e-46
   1.1933356e+03   1.7723369e-46
   1.1960875e+03   1.7781888e-46
   1.1988456e+03   1.7840678e-46
   1.2016102e+03   1.7899740e-46
   1.2043811e+03   1.7959075e-46
   1.2071584e+03   1.8018684e-46
   1.2099421e+03   1.8078570e-46
   1.2127323e+03   1.8138732e-46
   1.2155288e+03   1.8199173e-46
   1.2183319e+03   1.8259893e-46
   1.2211413e+03   1.8320894e-46
   1.2239573e+03   1.8382177e-46
   1.2267798e+03   1.8443744e-46
   1.2296087e+03   1.8505595e-46
   1.2324442e+03   1.8567733e-46
   1.2352862e+03   1.8630158e-46
   1.2381348e+03   1.8692871e-46
   1.2409900e+03   1.8755875e-46
   1.2438517e+03   1.8819170e-46
   1.2467200e+03   1.8882758e-46
   1.2495950e+03   1.8946641e-46
   1.2524766e+03   1.9010818e-46
   1.2553648e+03   1.9075292e-46
   1.2582597e+03   1.9140065e-46
   1.2611612e+03   1.9205137e-46
   1.2640695e+03   1.9270510e-46
   1.2669844e+03   1.9336186e-46
   1.2699061e+03   1.9402165e-46
   1.2728345e+03   1.9468449e-46
   1.2757697e+03   1.9535040e-46
   1.2787116e+03   1.9601939e-46
   1.2816603e+03   1.9669148e-46
   1.2846158e+03   1.9736667e-46
   1.2875782e+03   1.9804498e-46
   1.2905473e+03   1.9872643e-46
   1.2935233e+03   1.9941104e-46
   1.2965062e+03   2.0009880e-46
   1.2994960e+03   2.0078975e-46
   1.3024926e+03   2.0148390e-46
   1.3054962e+03   2.0218125e-46
   1.3085067e+03   2.0288183e-46
   1.3115241e+03   2.0358565e-46
   1.3145485e+03   2.0429273e-46
   1.3175798e+03   2.0500307e-46
   1.3206182e+03   2.0571670e-46
   1.3236635e+03   2.0643363e-46
   1.3267159e+03   2.0715387e-46
   1.3297753e+03   2.0787745e-46
   1.3328418e+03   2.0860437e-46
   1.3359154e+03   2.0933465e-46
   1.3389960e+03   2.1006831e-46
   1.3420837e+03   2.1080536e-46
   1.3451786e+03   2.1154582e-46
   1.3482806e+03   2.1228971e-46
   1.3513897e+03   2.1303703e-46
   1.3545060e+03   2.1378781e-46
   1.3576295e+03   2.1454206e-46
   1.3607602e+03   2.1529980e-46
   1.3638982e+03   2.1606104e-46
   1.3670433e+03   2.1682581e-46
   1.3701957e+03   2.1759410e-46
   1.3733554e+03   2.1836596e-46
   1.3765224e+03   2.1914138e-46
   1.3796966e+03   2.1992038e-46
   1.3828782e+03   2.2070299e-46
   1.3860672e+03   2.2148922e-46
   1.3892634e+03   2.2227908e-46
   1.3924671e+03   2.2307259e-46
   1.3956781e+03   2.2386978e-46
   1.3988966e+03   2.2467065e-46
   1.4021224e+03   2.2547522e-46
   1.4053558e+03   2.2628352e-46
   1.4085965e+03   2.2709555e-46
   1.4118448e+03   2.2791134e-46
   1.4151005e+03   2.2873091e-46
   1.4183637e+03   2.2955427e-46
   1.4216345e+03   2.3038145e-46
   1.4249128e+03   2.3121247e-46
   1.4281986e+03   2.3204739e-46
   1.4314921e+03   2.3288628e-46
   1.4347931e+03   2.3372946e-46
   1.4381017e+03   2.3457960e-46
   1.4414180e+03   2.3610031e-46
   1.4447419e+03   2.3628289e-46
   1.4480735e+03   2.3713859e-46
   1.4514128e+03   2.3800029e-46
   1.4547598e+03   2.3886631e-46
   1.4581144e+03   2.3973642e-46
   1.4614769e+03   2.4061059e-46
   1.4648470e+03   2.4148883e-46
   1.4682250e+03   2.4237113e-46
   1.4716107e+03   2.4325752e-46
   1.4750043e+03   2.4414801e-46
   1.4784056e+03   2.4504262e-46
   1.4818149e+03   2.4594137e-46
   1.4852319e+03   2.4684427e-46
   1.4886569e+03   2.4775134e-46
   1.4920897e+03   2.4866261e-46
   1.4955305e+03   2.4957810e-46
   1.4989792e+03   2.5049781e-46
   1.5024359e+03   2.5142178e-46
   1.5059005e+03   2.5235002e-46
   1.5093731e+03   2.5328255e-46
   1.5128538e+03   2.5421939e-46
   1.5163424e+03   2.5516056e-46
   1.5198391e+03   2.5610608e-46
   1.5233439e+03   2.5705597e-46
   1.5268567e+03   2.5801026e-46
   1.5303776e+03   2.5896895e-46
   1.5339067e+03   2.5993207e-46
   1.5374439e+03   2.6089965e-46
   1.5409893e+03   2.6187170e-46
   1.5445428e+03   2.6284824e-46
   1.5481045e+03   2.6382930e-46
   1.5516745e+03   2.6481489e-46
   1.5552526e+03   2.6580504e-46
   1.5588391e+03   2.6679976e-46
   1.5624338e+03   2.6779908e-46
   1.5660367e+03   2.6880302e-46
   1.5696480e+03   2.6981161e-46
   1.5732677e+03   2.7082485e-46
   1.5768956e+03   2.7184277e-46
   1.5805320e+03   2.7286540e-46
   1.5841767e+03   2.7389276e-46
   1.5878298e+03   2.7492487e-46
   1.5914913e+03   2.7596174e-46
   1.5951613e+03   2.7700341e-46
   1.5988398e+03   2.7804989e-46
   1.6025267e+03   2.7910121e-46
   1.6062222e+03   2.8015739e-46
   1.6099261e+03   2.8121845e-46
   1.6136386e+03   2.8228441e-46
   1.6173597e+03   2.8335530e-46
   1.6210893e+03   2.8443114e-46
   1.6248276e+03   2.8551195e-46
   1.6285744e+03   2.8659776e-46
   1.6323300e+03   2.8768859e-46
   1.6360941e+03   2.8878445e-46
   1.6398670e+03   2.8988538e-46
   1.6436485e+03   2.9099140e-46
   1.6474388e+03   2.9210253e-46
   1.6512378e+03   2.9321880e-46
   1.6550456e+03   2.9434022e-46
   1.6588621e+03   2.9546683e-46
   1.6626874e+03   2.9659864e-46
   1.6665216e+03   2.9773569e-46
   1.6703646e+03   2.9887799e-46
   1.6742165e+03   3.0002557e-46
   1.6780773e+03   3.0117845e-46
   1.6819469e+03   3.0233666e-46
   1.6858255e+03   3.0350022e-46
   1.6897130e+03   3.0466916e-46
   1.6936095e+03   3.0584350e-46
   1.6975150e+03   3.0702327e-46
   1.7014295e+03   3.0820849e-46
   1.7053530e+03   3.0939918e-46
   1.7092855e+03   3.1059538e-46
   1.7132272e+03   3.1179711e-46
   1.7171779e+03   3.1300439e-46
   1.7211377e+03   3.1421725e-46
   1.7251067e+03   3.1543572e-46
   1.7290848e+03   3.1665981e-46
   1.7330721e+03   3.1788956e-46
   1.7370685e+03   3.1912500e-46
   1.7410742e+03   3.2036614e-46
   1.7450892e+03   3.2161302e-46
   1.7491133e+03   3.2286566e-46
   1.7531468e+03   3.2412409e-46
   1.7571896e+03   3.2538833e-46
   1.7612417e+03   3.2665842e-46
   1.7653031e+03   3.2793438e-46
   1.7693739e+03   3.2921623e-46
   1.7734541e+03   3.3050400e-46
   1.7775437e+03   3.3179773e-46
   1.7816427e+03   3.3309743e-46
   1.7857512e+03   3.3440314e-46
   1.7898692e+03   3.3571488e-46
   1.7939966e+03   3.3703268e-46
   1.7981336e+03   3.3835657e-46
   1.8022801e+03   3.3968658e-46
   1.8064362e+03   3.4102274e-46
   1.8106018e+03   3.4236507e-46
   1.8147771e+03   3.4371360e-46
   1.8189620e+03   3.4506836e-46
   1.8231565e+03   3.4642939e-46
   1.8273607e+03   3.4779670e-46
   1.8315746e+03   3.4917033e-46
   1.8357983e+03   3.5055030e-46
   1.8400316e+03   3.5193666e-46
   1.8442748e+03   3.5332942e-46
   1.8485277e+03   3.5472861e-46
   1.8527904e+03   3.5613427e-46
   1.8570629e+03   3.5754642e-46
   1.8613453e+03   3.5896510e-46
   1.8656376e+03   3.6039033e-46
   1.8699398e+03   3.6182215e-46
   1.8742519e+03   3.6326059e-46
   1.8785739e+03   3.6470567e-46
   1.8829059e+03   3.6615743e-46
   1.8872479e+03   3.6761589e-46
   1.8915999e+03   3.6908110e-46
   1.8959620e+03   3.7055308e-46
   1.9003341e+03   3.7203187e-46
   1.9047163e+03   3.7351749e-46
   1.9091086e+03   3.7501001e-46
   1.9135110e+03   3.7650951e-46
   1.9179235e+03   3.7801674e-46
   1.9223463e+03   3.7955275e-46
   1.9267792e+03   3.8104961e-46
   1.9312224e+03   3.8257649e-46
   1.9356758e+03   3.8411072e-46
   1.9401395e+03   3.8565211e-46
   1.9446135e+03   3.8720062e-46
   1.9490978e+03   3.8875630e-46
   1.9535924e+03   3.9031918e-46
   1.9580974e+03   3.9188927e-46
   1.9626128e+03   3.9346662e-46
   1.9671386e+03   3.9505125e-46
   1.9716748e+03   3.9664321e-46
   1.9762215e+03   3.9824252e-46
   1.9807787e+03   3.9984923e-46
   1.9853464e+03   4.0146335e-46
   1.9899246e+03   4.0308493e-46
   1.9945134e+03   4.0471401e-46
   1.9991128e+03   4.0635061e-46
   2.0037227e+03   4.0799477e-46
   2.0083433e+03   4.0964653e-46
   2.0129746e+03   4.1130592e-46
   2.0176165e+03   4.1297297e-46
   2.0222692e+03   4.1464773e-46
   2.0269325e+03   4.1633022e-46
   2.0316067e+03   4.1802049e-46
   2.0362916e+03   4.1971856e-46
   2.0409873e+03   4.2142448e-46
   2.0456938e+03   4.2313828e-46
   2.0504112e+03   4.2486000e-46
   2.0551394e+03   4.2658967e-46
   2.0598786e+03   4.2832734e-46
   2.0646287e+03   4.3007303e-46
   2.0693898e+03   4.3182678e-46
   2.0741618e+03   4.3358864e-46
   2.0789448e+03   4.3535864e-46
   2.0837389e+03   4.3713681e-46
   2.0885440e+03   4.3892320e-46
   2.0933602e+03   4.4071784e-46
   2.0981875e+03   4.4252077e-46
   2.1030259e+03   4.4433203e-46
   2.1078755e+03   4.4615165e-46
   2.1127363e+03   4.4797969e-46
   2.1176083e+03   4.4981616e-46
   2.1224915e+03   4.5166113e-46
   2.1273860e+03   4.5351461e-46
   2.1322918e+03   4.5537666e-46
   2.1372088e+03   4.5724731e-46
   2.1421373e+03   4.5912660e-46
   2.1470771e+03   4.6101457e-46
   2.1520282e+03   4.6291126e-46
   2.1569908e+03   4.6481672e-46
   2.1619649e+03   4.6673097e-46
   2.1669504e+03   4.6865407e-46
   2.1719474e+03   4.7058606e-46
   2.1769559e+03   4.7252696e-46
   2.1819760e+03   4.7447684e-46
   2.1870076e+03   4.7643572e-46
   2.1920509e+03   4.7840365e-46
   2.1971058e+03   4.8038067e-46
   2.2021723e+03   4.8236682e-46
   2.2072505e+03   4.8436215e-46
   2.2123405e+03   4.8636670e-46
   2.2174421e+03   4.8838050e-46
   2.2225556e+03   4.9040361e-46
   2.2276808e+03   4.9243606e-46
   2.2328179e+03   4.9447790e-46
   2.2379668e+03   4.9652918e-46
   2.2431275e+03   4.9858992e-46
   2.2483002e+03   5.0066019e-46
   2.2534848e+03   5.0274002e-46
   2.2586814e+03   5.0482946e-46
   2.2638899e+03   5.0692855e-46
   2.2691104e+03   5.0903734e-46
   2.2743430e+03   5.1115586e-46
   2.2795877e+03   5.1328418e-46
   2.2848444e+03   5.1542232e-46
   2.2901133e+03   5.1757034e-46
   2.2953943e+03   5.1972828e-46
   2.3006875e+03   5.2189619e-46
   2.3059929e+03   5.2407412e-46
   2.3113105e+03   5.2626210e-46
   2.3166404e+03   5.2846019e-46
   2.3219826e+03   5.3066844e-46
   2.3273371e+03   5.3288688e-46
   2.3327040e+03   5.3511557e-46
   2.3380832e+03   5.3735456e-46
   2.3434749e+03   5.3960389e-46
   2.3488789e+03   5.4186361e-46
   2.3542955e+03   5.4413376e-46
   2.3597245e+03   5.4641441e-46
   2.3651660e+03   5.4870558e-46
   2.3706201e+03   5.5100734e-46
   2.3760868e+03   5.5331974e-46
   2.3815661e+03   5.5564282e-46
   2.3870580e+03   5.5797663e-46
   2.3925626e+03   5.6032126e-46
   2.3980798e+03   5.6267705e-46
   2.4036098e+03   5.6504528e-46
   2.4091526e+03   5.6742023e-46
   2.4147081e+03   5.6980835e-46
   2.4202764e+03   5.7220756e-46
   2.4258576e+03   5.7461786e-46
   2.4314516e+03   5.7703931e-46
   2.4370586e+03   5.7947194e-46
   2.4426785e+03   5.8191580e-46
   2.4483113e+03   5.8437096e-46
   2.4539571e+03   5.8683745e-46
   2.4596160e+03   5.8931534e-46
   2.4652879e+03   5.9180467e-46
   2.4709728e+03   5.9430550e-46
   2.4766709e+03   5.9681788e-46
   2.4823821e+03   5.9934187e-46
   2.4881065e+03   6.0187751e-46
   2.4938441e+03   6.0442487e-46
   2.4995949e+03   6.0698399e-46
   2.5053590e+03   6.0955493e-46
   2.5111364e+03   6.1213775e-46
   2.5169271e+03   6.1473249e-46
   2.5227312e+03   6.1733922e-46
   2.5285486e+03   6.1995799e-46
   2.5343794e+03   6.2258886e-46
   2.5402237e+03   6.2523187e-46
   2.5460815e+03   6.2788710e-46
   2.5519528e+03   6.3055459e-46
   2.5578376e+03   6.3323439e-46
   2.5637360e+03   6.3592658e-46
   2.5696480e+03   6.3863120e-46
   2.5755736e+03   6.4134831e-46
   2.5815129e+03   6.4407797e-46
   2.5874659e+03   6.4682024e-46
   2.5934326e+03   6.4957518e-46
   2.5994131e+03   6.5234283e-46
   2.6054074e+03   6.5512328e-46
   2.6114155e+03   6.5791656e-46
   2.6174374e+03   6.6072274e-46
   2.6234732e+03   6.6354189e-46
   2.6295230e+03   6.6637405e-46
   2.6355867e+03   6.6921930e-46
   2.6416644e+03   6.7207769e-46
   2.6477561e+03   6.7494928e-46
   2.6538618e+03   6.7783413e-46
   2.6599816e+03   6.8073230e-46
   2.6661156e+03   6.8364387e-46
   2.6722637e+03   6.8656887e-46
   2.6784259e+03   6.8950739e-46
   2.6846024e+03   6.9245948e-46
   2.6907931e+03   6.9542521e-46
   2.6969981e+03   6.9840463e-46
   2.7032174e+03   7.0139781e-46
   2.7094510e+03   7.0440482e-46
   2.7156991e+03   7.0742571e-46
   2.7219615e+03   7.1046056e-46
   2.7282383e+03   7.1350942e-46
   2.7345297e+03   7.1657236e-46
   2.7408355e+03   7.1964945e-46
   2.7471559e+03   7.2274075e-46
   2.7534909e+03   7.2584633e-46
   2.7598405e+03   7.2896625e-46
   2.7662047e+03   7.3210058e-46
   2.7725836e+03   7.3524939e-46
   2.7789772e+03   7.3841274e-46
   2.7853855e+03   7.4159070e-46
   2.7918086e+03   7.4478334e-46
   2.7982465e+03   7.4799072e-46
   2.8046993e+03   7.5121291e-46
   2.8111670e+03   7.5444999e-46
   2.8176496e+03   7.5770201e-46
   2.8241471e+03   7.6096906e-46
   2.8306596e+03   7.6425119e-46
   2.8371871e+03   7.6754848e-46
   2.8437297e+03   7.7086100e-46
   2.8502873e+03   7.7418882e-46
   2.8568601e+03   7.7753201e-46
   2.8634481e+03   7.8089065e-46
   2.8700512e+03   7.8426480e-46
   2.8766696e+03   7.8765461e-46
   2.8833032e+03   7.9106346e-46
   2.8899521e+03   7.9448104e-46
   2.8966164e+03   7.9791790e-46
   2.9032960e+03   8.0137067e-46
   2.9099910e+03   8.0483938e-46
   2.9167015e+03   8.0832413e-46
   2.9234274e+03   8.1182496e-46
   2.9301688e+03   8.1534196e-46
   2.9369258e+03   8.1887521e-46
   2.9436984e+03   8.2242477e-46
   2.9504866e+03   8.2599073e-46
   2.9572904e+03   8.2957316e-46
   2.9641100e+03   8.3317213e-46
   2.9709452e+03   8.3678772e-46
   2.9777963e+03   8.4042001e-46
   2.9846631e+03   8.4406907e-46
   2.9915457e+03   8.4773499e-46
   2.9984443e+03   8.5141783e-46
   3.0053587e+03   8.5511769e-46
   3.0122891e+03   8.5883463e-46
   3.0192354e+03   8.6256874e-46
   3.0261978e+03   8.6632009e-46
   3.0331763e+03   8.7008876e-46
   3.0401708e+03   8.7387485e-46
   3.0471814e+03   8.7767841e-46
   3.0542083e+03   8.8149954e-46
   3.0612513e+03   8.8533832e-46
   3.0683106e+03   8.8919483e-46
   3.0753861e+03   8.9306915e-46
   3.0824780e+03   8.9696136e-46
   3.0895862e+03   9.0087154e-46
   3.0967108e+03   9.0479978e-46
   3.1038518e+03   9.0874617e-46
   3.1110093e+03   9.1271077e-46
   3.1181833e+03   9.1669369e-46
   3.1253739e+03   9.2069500e-46
   3.1325810e+03   9.2471479e-46
   3.1398048e+03   9.2875315e-46
   3.1470452e+03   9.3281015e-46
   3.1543023e+03   9.3688589e-46
   3.1615762e+03   9.4098045e-46
   3.1688668e+03   9.4509392e-46
   3.1761742e+03   9.4922639e-46
   3.1834985e+03   9.5337794e-46
   3.1908397e+03   9.5754867e-46
   3.1981978e+03   9.6173865e-46
   3.2055728e+03   9.6594799e-46
   3.2129649e+03   9.7017676e-46
   3.2203740e+03   9.7442506e-46
   3.2278002e+03   9.7869299e-46
   3.2352436e+03   9.8298062e-46
   3.2427041e+03   9.8728805e-46
   3.2501818e+03   9.9161537e-46
   3.2576767e+03   9.9596268e-46
   3.2651889e+03   1.0003301e-45
   3.2727185e+03   1.0047176e-45
   3.2802654e+03   1.0091254e-45
   3.2878297e+03   1.0135536e-45
   3.2954115e+03   1.0180022e-45
   3.3030107e+03   1.0224714e-45
   3.3106275e+03   1.0269612e-45
   3.3182618e+03   1.0314717e-45
   3.3259138e+03   1.0360031e-45
   3.3335833e+03   1.0405554e-45
   3.3412706e+03   1.0451287e-45
   3.3489756e+03   1.0497232e-45
   3.3566984e+03   1.0543388e-45
   3.3644389e+03   1.0589764e-45
   3.3721974e+03   1.0636342e-45
   3.3799737e+03   1.0683140e-45
   3.3877679e+03   1.0730155e-45
   3.3955801e+03   1.0777388e-45
   3.4034104e+03   1.0824838e-45
   3.4112587e+03   1.0872507e-45
   3.4191251e+03   1.0920397e-45
   3.4270096e+03   1.0968507e-45
   3.4349123e+03   1.1016840e-45
   3.4428332e+03   1.1065396e-45
   3.4507724e+03   1.1114177e-45
   3.4587299e+03   1.1163182e-45
   3.4667058e+03   1.1212414e-45
   3.4747000e+03   1.1261873e-45
   3.4827127e+03   1.1311561e-45
   3.4907439e+03   1.1361478e-45
   3.4987936e+03   1.1411626e-45
   3.5068618e+03   1.1462005e-45
   3.5149487e+03   1.1512617e-45
   3.5230542e+03   1.1563462e-45
   3.5311784e+03   1.1614543e-45
   3.5393213e+03   1.1665859e-45
   3.5474830e+03   1.1717412e-45
   3.5556635e+03   1.1769203e-45
   3.5638629e+03   1.1821234e-45
   3.5720812e+03   1.1873504e-45
   3.5803184e+03   1.1926017e-45
   3.5885747e+03   1.1978771e-45
   3.5968500e+03   1.2031769e-45
   3.6051443e+03   1.2085012e-45
   3.6134578e+03   1.2138501e-45
   3.6217905e+03   1.2192237e-45
   3.6301424e+03   1.2246221e-45
   3.6385135e+03   1.2300454e-45
   3.6469039e+03   1.2354938e-45
   3.6553137e+03   1.2409673e-45
   3.6637429e+03   1.2464661e-45
   3.6721915e+03   1.2519903e-45
   3.6806596e+03   1.2575400e-45
   3.6891472e+03   1.2631154e-45
   3.6976544e+03   1.2687164e-45
   3.7061813e+03   1.2743434e-45
   3.7147277e+03   1.2799963e-45
   3.7232939e+03   1.2856754e-45
   3.7318799e+03   1.2913806e-45
   3.7404856e+03   1.2971122e-45
   3.7491112e+03   1.3028703e-45
   3.7577567e+03   1.3086550e-45
   3.7664221e+03   1.3144664e-45
   3.7751075e+03   1.3203046e-45
   3.7838129e+03   1.3261697e-45
   3.7925384e+03   1.3320620e-45
   3.8012841e+03   1.3379815e-45
   3.8100498e+03   1.3439283e-45
   3.8188359e+03   1.3499025e-45
   3.8276421e+03   1.3559044e-45
   3.8364687e+03   1.3619340e-45
   3.8453156e+03   1.3679916e-45
   3.8541829e+03   1.3740768e-45
   3.8630707e+03   1.3801902e-45
   3.8719790e+03   1.3863319e-45
   3.8809078e+03   1.3925020e-45
   3.8898572e+03   1.3987006e-45
   3.8988272e+03   1.4049278e-45
   3.9078180e+03   1.4111837e-45
   3.9168294e+03   1.4174686e-45
   3.9258617e+03   1.4237824e-45
   3.9349147e+03   1.4301254e-45
   3.9439887e+03   1.4364977e-45
   3.9530835e+03   1.4428995e-45
   3.9621994e+03   1.4493308e-45
   3.9713362e+03   1.4557918e-45
   3.9804942e+03   1.4622826e-45
   3.9896732e+03   1.4688034e-45
   3.9988734e+03   1.4753543e-45
   4.0080949e+03   1.4819355e-45
   4.0173376e+03   1.4885470e-45
   4.0266016e+03   1.4951891e-45
   4.0358870e+03   1.5018618e-45
   4.0451937e+03   1.5085654e-45
   4.0545220e+03   1.5152999e-45
   4.0638718e+03   1.5220656e-45
   4.0732431e+03   1.5288624e-45
   4.0826360e+03   1.5356907e-45
   4.0920506e+03   1.5425504e-45
   4.1014869e+03   1.5494419e-45
   4.1109450e+03   1.5563652e-45
   4.1204248e+03   1.5633204e-45
   4.1299266e+03   1.5703078e-45
   4.1394502e+03   1.5773274e-45
   4.1489958e+03   1.5843795e-45
   4.1585634e+03   1.5914641e-45
   4.1681531e+03   1.5985814e-45
   4.1777649e+03   1.6057316e-45
   4.1873988e+03   1.6129148e-45
   4.1970550e+03   1.6201312e-45
   4.2067335e+03   1.6273809e-45
   4.2164342e+03   1.6346641e-45
   4.2261574e+03   1.6419809e-45
   4.2359029e+03   1.6493315e-45
   4.2456709e+03   1.6567160e-45
   4.2554615e+03   1.6641347e-45
   4.2652746e+03   1.6715876e-45
   4.2751104e+03   1.6790749e-45
   4.2849688e+03   1.6865968e-45
   4.2948500e+03   1.6941534e-45
   4.3047539e+03   1.7017449e-45
   4.3146807e+03   1.7093715e-45
   4.3246304e+03   1.7170339e-45
   4.3346030e+03   1.7247304e-45
   4.3445987e+03   1.7324631e-45
   4.3546173e+03   1.7402316e-45
   4.3646591e+03   1.7480358e-45
   4.3747241e+03   1.7558762e-45
   4.3848122e+03   1.7637527e-45
   4.3949236e+03   1.7716656e-45
   4.4050583e+03   1.7796151e-45
   4.4152164e+03   1.7876012e-45
   4.4253980e+03   1.7956242e-45
   4.4356030e+03   1.8036843e-45
   4.4458315e+03   1.8117816e-45
   4.4560836e+03   1.8199163e-45
   4.4663594e+03   1.8280885e-45
   4.4766588e+03   1.8362985e-45
   4.4869821e+03   1.8445464e-45
   4.4973291e+03   1.8528324e-45
   4.5076999e+03   1.8611566e-45
   4.5180947e+03   1.8695193e-45
   4.5285135e+03   1.8779206e-45
   4.5389563e+03   1.8863607e-45
   4.5494231e+03   1.8948398e-45
   4.5599142e+03   1.9033580e-45
   4.5704294e+03   1.9119155e-45
   4.5809688e+03   1.9205126e-45
   4.5915325e+03   1.9291494e-45
   4.6021207e+03   1.9378260e-45
   4.6127332e+03   1.9465427e-45
   4.6233702e+03   1.9552997e-45
   4.6340317e+03   1.9640971e-45
   4.6447178e+03   1.9729351e-45
   4.6554286e+03   1.9818139e-45
   4.6661640e+03   1.9907338e-45
   4.6769242e+03   1.9996948e-45
   4.6877093e+03   2.0086972e-45
   4.6985192e+03   2.0177411e-45
   4.7093540e+03   2.0268269e-45
   4.7202138e+03   2.0359546e-45
   4.7310986e+03   2.0451244e-45
   4.7420086e+03   2.0543366e-45
   4.7529437e+03   2.0635913e-45
   4.7639040e+03   2.0728887e-45
   4.7748896e+03   2.0822291e-45
   4.7859005e+03   2.0916126e-45
   4.7969369e+03   2.1010395e-45
   4.8079986e+03   2.1105099e-45
   4.8190859e+03   2.1200239e-45
   4.8301988e+03   2.1295820e-45
   4.8413372e+03   2.1391841e-45
   4.8525014e+03   2.1488306e-45
   4.8636913e+03   2.1585217e-45
   4.8749070e+03   2.1682575e-45
   4.8861486e+03   2.1780382e-45
   4.8974161e+03   2.1878641e-45
   4.9087096e+03   2.1977354e-45
   4.9200291e+03   2.2076523e-45
   4.9313747e+03   2.2176150e-45
   4.9427465e+03   2.2276236e-45
   4.9541445e+03   2.2376785e-45
   4.9655688e+03   2.2477798e-45
   4.9770194e+03   2.2579278e-45
   4.9884965e+03   2.2681226e-45
   5.0000000e+03   2.2783645e-45
