   5.0000000e+00   2.7095361e-40
   5.0115300e+00   2.5736779e-40
   5.0230867e+00   2.4451594e-40
   5.0346699e+00   2.3236630e-40
   5.0462799e+00   2.2089248e-40
   5.0579167e+00   2.1006159e-40
   5.0695803e+00   1.9970145e-40
   5.0812708e+00   1.8908400e-40
   5.0929882e+00   1.7857065e-40
   5.1047327e+00   1.6960685e-40
   5.1165042e+00   1.6138822e-40
   5.1283029e+00   1.5355919e-40
   5.1401288e+00   1.4609298e-40
   5.1519820e+00   1.3898291e-40
   5.1638625e+00   1.3221916e-40
   5.1757704e+00   1.2578912e-40
   5.1877058e+00   1.1967867e-40
   5.1996687e+00   1.1387312e-40
   5.2116592e+00   1.0835783e-40
   5.2236773e+00   1.0311847e-40
   5.2357231e+00   9.8141222e-41
   5.2477968e+00   9.3412812e-41
   5.2598982e+00   8.8920562e-41
   5.2720276e+00   8.4652393e-41
   5.2841849e+00   8.0596818e-41
   5.2963703e+00   7.6742928e-41
   5.3085838e+00   7.3080373e-41
   5.3208254e+00   6.9599336e-41
   5.3330953e+00   6.6290510e-41
   5.3453934e+00   6.3145076e-41
   5.3577199e+00   6.0154677e-41
   5.3700749e+00   5.7311392e-41
   5.3824583e+00   5.4607720e-41
   5.3948703e+00   5.2036554e-41
   5.4073109e+00   4.9591159e-41
   5.4197802e+00   4.7265155e-41
   5.4322783e+00   4.5052495e-41
   5.4448051e+00   4.2947452e-41
   5.4573609e+00   4.0944597e-41
   5.4699456e+00   3.9038784e-41
   5.4825594e+00   3.7225137e-41
   5.4952022e+00   3.5499034e-41
   5.5078742e+00   3.3856093e-41
   5.5205754e+00   3.2292160e-41
   5.5333058e+00   3.0803294e-41
   5.5460657e+00   2.9385762e-41
   5.5588550e+00   2.8036020e-41
   5.5716737e+00   2.6750707e-41
   5.5845220e+00   2.5526637e-41
   5.5974000e+00   2.4360785e-41
   5.6103076e+00   2.3250284e-41
   5.6232451e+00   2.2192409e-41
   5.6362123e+00   2.1184579e-41
   5.6492094e+00   2.0224340e-41
   5.6622366e+00   1.9309365e-41
   5.6752937e+00   1.8437446e-41
   5.6883810e+00   1.7606484e-41
   5.7014985e+00   1.6814487e-41
   5.7146461e+00   1.6059565e-41
   5.7278242e+00   1.5339920e-41
   5.7410326e+00   1.4653848e-41
   5.7542714e+00   1.3999727e-41
   5.7675408e+00   1.3376018e-41
   5.7808408e+00   1.2781258e-41
   5.7941715e+00   1.2214057e-41
   5.8075329e+00   1.1673095e-41
   5.8209251e+00   1.1157116e-41
   5.8343482e+00   1.0664927e-41
   5.8478023e+00   1.0195394e-41
   5.8612873e+00   9.7474389e-42
   5.8748035e+00   9.3200365e-42
   5.8883508e+00   8.9122120e-42
   5.9019294e+00   8.5230384e-42
   5.9155393e+00   8.1516344e-42
   5.9291806e+00   7.7971615e-42
   5.9428533e+00   7.4588219e-42
   5.9565576e+00   7.1358573e-42
   5.9702935e+00   6.8275455e-42
   5.9840610e+00   6.5331999e-42
   5.9978603e+00   6.2521668e-42
   6.0116914e+00   5.9838243e-42
   6.0255544e+00   5.7275805e-42
   6.0394494e+00   5.4828719e-42
   6.0533764e+00   5.2491622e-42
   6.0673355e+00   5.0259408e-42
   6.0813269e+00   4.8127215e-42
   6.0953505e+00   4.6090415e-42
   6.1094064e+00   4.4144601e-42
   6.1234947e+00   4.2285574e-42
   6.1376155e+00   4.0509338e-42
   6.1517689e+00   3.8812084e-42
   6.1659550e+00   3.7190186e-42
   6.1801737e+00   3.5640189e-42
   6.1944252e+00   3.4158800e-42
   6.2087096e+00   3.2742882e-42
   6.2230269e+00   3.1389448e-42
   6.2373773e+00   3.0095650e-42
   6.2517607e+00   2.8858773e-42
   6.2661773e+00   2.7676230e-42
   6.2806272e+00   2.6545555e-42
   6.2951104e+00   2.5464399e-42
   6.3096269e+00   2.4430521e-42
   6.3241770e+00   2.3441784e-42
   6.3387606e+00   2.2496152e-42
   6.3533778e+00   2.1591683e-42
   6.3680288e+00   2.0726524e-42
   6.3827135e+00   1.9898910e-42
   6.3974321e+00   1.9107157e-42
   6.4121846e+00   1.8349657e-42
   6.4269711e+00   1.7624879e-42
   6.4417918e+00   1.6931360e-42
   6.4566466e+00   1.6267706e-42
   6.4715357e+00   1.5632587e-42
   6.4864591e+00   1.5024733e-42
   6.5014169e+00   1.4442934e-42
   6.5164092e+00   1.3886032e-42
   6.5314361e+00   1.3352926e-42
   6.5464977e+00   1.2842562e-42
   6.5615939e+00   1.2353935e-42
   6.5767250e+00   1.1886088e-42
   6.5918910e+00   1.1438105e-42
   6.6070920e+00   1.1009111e-42
   6.6223280e+00   1.0598272e-42
   6.6375991e+00   1.0204793e-42
   6.6529055e+00   9.8279119e-43
   6.6682471e+00   9.4669040e-43
   6.6836241e+00   9.1210754e-43
   6.6990366e+00   8.7897642e-43
   6.7144846e+00   8.4723382e-43
   6.7299683e+00   8.1681935e-43
   6.7454877e+00   7.8767535e-43
   6.7610428e+00   7.5974674e-43
   6.7766338e+00   7.3298091e-43
   6.7922608e+00   7.0732759e-43
   6.8079238e+00   6.8273878e-43
   6.8236229e+00   6.5916861e-43
   6.8393582e+00   6.3657328e-43
   6.8551299e+00   6.1491091e-43
   6.8709378e+00   5.9414151e-43
   6.8867823e+00   5.7422686e-43
   6.9026632e+00   5.5513045e-43
   6.9185808e+00   5.3681738e-43
   6.9345351e+00   5.1925430e-43
   6.9505262e+00   5.0240936e-43
   6.9665542e+00   4.8625209e-43
   6.9826191e+00   4.7075341e-43
   6.9987211e+00   4.5588549e-43
   7.0148602e+00   4.4162176e-43
   7.0310365e+00   4.2793680e-43
   7.0472502e+00   4.1480635e-43
   7.0635012e+00   4.0220719e-43
   7.0797897e+00   3.9011715e-43
   7.0961157e+00   3.7851502e-43
   7.1124794e+00   3.6738056e-43
   7.1288808e+00   3.5669438e-43
   7.1453201e+00   3.4643798e-43
   7.1617972e+00   3.3659369e-43
   7.1783124e+00   3.2714458e-43
   7.1948656e+00   3.1807452e-43
   7.2114571e+00   3.0936806e-43
   7.2280867e+00   3.0101044e-43
   7.2447548e+00   2.9298759e-43
   7.2614612e+00   2.8528604e-43
   7.2782062e+00   2.7789291e-43
   7.2949898e+00   2.7079593e-43
   7.3118121e+00   2.6398336e-43
   7.3286732e+00   2.5744400e-43
   7.3455732e+00   2.5116714e-43
   7.3625121e+00   2.4514259e-43
   7.3794901e+00   2.3936059e-43
   7.3965073e+00   2.3381185e-43
   7.4135637e+00   2.2848750e-43
   7.4306594e+00   2.2337910e-43
   7.4477946e+00   2.1847858e-43
   7.4649693e+00   2.1377827e-43
   7.4821835e+00   2.0927087e-43
   7.4994375e+00   2.0494943e-43
   7.5167313e+00   2.0080733e-43
   7.5340649e+00   1.9683831e-43
   7.5514385e+00   1.9303639e-43
   7.5688522e+00   1.8939592e-43
   7.5863060e+00   1.8591156e-43
   7.6038001e+00   1.8257824e-43
   7.6213345e+00   1.7939118e-43
   7.6389094e+00   1.7634587e-43
   7.6565248e+00   1.7343807e-43
   7.6741808e+00   1.7066382e-43
   7.6918775e+00   1.6801938e-43
   7.7096150e+00   1.6550128e-43
   7.7273934e+00   1.6310633e-43
   7.7452129e+00   1.6083153e-43
   7.7630734e+00   1.5867417e-43
   7.7809751e+00   1.5663176e-43
   7.7989181e+00   1.5470206e-43
   7.8169025e+00   1.5288308e-43
   7.8349283e+00   1.5117307e-43
   7.8529957e+00   1.4957053e-43
   7.8711048e+00   1.4807423e-43
   7.8892556e+00   1.4668317e-43
   7.9074483e+00   1.4539666e-43
   7.9256829e+00   1.4421427e-43
   7.9439596e+00   1.4313585e-43
   7.9622784e+00   1.4216156e-43
   7.9806395e+00   1.4129189e-43
   7.9990429e+00   1.4052765e-43
   8.0174888e+00   1.3987004e-43
   8.0359772e+00   1.3932062e-43
   8.0545082e+00   1.3888137e-43
   8.0730819e+00   1.3855472e-43
   8.0916985e+00   1.3834359e-43
   8.1103581e+00   1.3825142e-43
   8.1290606e+00   1.3828226e-43
   8.1478063e+00   1.3844078e-43
   8.1665952e+00   1.3873238e-43
   8.1854274e+00   1.3916324e-43
   8.2043031e+00   1.3974043e-43
   8.2232223e+00   1.4047202e-43
   8.2421851e+00   1.4136720e-43
   8.2611916e+00   1.4243643e-43
   8.2802420e+00   1.4369162e-43
   8.2993363e+00   1.4514632e-43
   8.3184746e+00   1.4681598e-43
   8.3376571e+00   1.4871820e-43
   8.3568838e+00   1.5087313e-43
   8.3761548e+00   1.5330381e-43
   8.3954703e+00   1.5603671e-43
   8.4148303e+00   1.5910230e-43
   8.4342350e+00   1.6253575e-43
   8.4536844e+00   1.6637781e-43
   8.4731786e+00   1.7067591e-43
   8.4927179e+00   1.7548542e-43
   8.5123021e+00   1.8087134e-43
   8.5319316e+00   1.8691032e-43
   8.5516063e+00   1.9369326e-43
   8.5713263e+00   2.0132857e-43
   8.5910919e+00   2.0994644e-43
   8.6109030e+00   2.1970423e-43
   8.6307598e+00   2.3079367e-43
   8.6506624e+00   2.4345021e-43
   8.6706109e+00   2.5796554e-43
   8.6906054e+00   2.7470539e-43
   8.7106460e+00   2.9413196e-43
   8.7307328e+00   3.1683756e-43
   8.7508660e+00   3.4359110e-43
   8.7710455e+00   3.7540572e-43
   8.7912716e+00   4.1363885e-43
   8.8115444e+00   4.6014389e-43
   8.8318638e+00   5.1750627e-43
   8.8522302e+00   5.8942258e-43
   8.8726435e+00   6.8133121e-43
   8.8931039e+00   8.0150591e-43
   8.9136114e+00   9.6304657e-43
   8.9341663e+00   1.1877217e-42
   8.9547686e+00   1.5139346e-42
   8.9754183e+00   2.0147868e-42
   8.9961157e+00   2.8440826e-42
   9.0168608e+00   4.3734696e-42
   9.0376538e+00   7.7062312e-42
   9.0584947e+00   1.7470868e-41
   9.0793836e+00   7.5113653e-41
   9.1003208e+00   8.0894462e-39
   9.1213062e+00   5.1130805e-41
   9.1423400e+00   1.3715166e-41
   9.1634223e+00   6.2536393e-42
   9.1845532e+00   3.6284480e-42
   9.2057328e+00   2.5010271e-42
   9.2269613e+00   2.1679083e-42
   9.2482388e+00   3.5653059e-42
   9.2695653e+00   1.5361943e-39
   9.2909410e+00   3.0791956e-42
   9.3123660e+00   1.1079040e-42
   9.3338403e+00   6.8340613e-43
   9.3553642e+00   4.9938758e-43
   9.3769378e+00   3.9325488e-43
   9.3985611e+00   3.2269653e-43
   9.4202342e+00   2.7188348e-43
   9.4419574e+00   2.3342105e-43
   9.4637306e+00   2.0330654e-43
   9.4855540e+00   1.7914205e-43
   9.5074278e+00   1.5938354e-43
   9.5293520e+00   1.4298258e-43
   9.5513267e+00   1.2919822e-43
   9.5733522e+00   1.1749021e-43
   9.5954284e+00   1.0745466e-43
   9.6175555e+00   9.8783420e-44
   9.6397337e+00   9.1237342e-44
   9.6619630e+00   8.4628117e-44
   9.6842435e+00   7.8805583e-44
   9.7065755e+00   7.3648664e-44
   9.7289589e+00   6.9058781e-44
   9.7513940e+00   6.4954970e-44
   9.7738808e+00   6.1270208e-44
   9.7964194e+00   5.7948606e-44
   9.8190100e+00   5.4943255e-44
   9.8416527e+00   5.2214549e-44
   9.8643477e+00   4.9728857e-44
   9.8870949e+00   4.7457474e-44
   9.9098946e+00   4.5375783e-44
   9.9327469e+00   4.3462574e-44
   9.9556519e+00   4.1699501e-44
   9.9786097e+00   4.0070628e-44
   1.0001620e+01   3.8562150e-44
   1.0024684e+01   3.7162403e-44
   1.0047801e+01   3.5859410e-44
   1.0070972e+01   3.4644222e-44
   1.0094195e+01   3.3508870e-44
   1.0117473e+01   3.2446180e-44
   1.0140804e+01   3.1449511e-44
   1.0164188e+01   3.0512978e-44
   1.0187627e+01   2.9631336e-44
   1.0211120e+01   2.8799918e-44
   1.0234667e+01   2.8014664e-44
   1.0258268e+01   2.7271819e-44
   1.0281924e+01   2.6567979e-44
   1.0305634e+01   2.5900079e-44
   1.0329399e+01   2.5265424e-44
   1.0353218e+01   2.4661536e-44
   1.0377093e+01   2.4086133e-44
   1.0401023e+01   2.3537145e-44
   1.0425007e+01   2.3012728e-44
   1.0449048e+01   2.2511194e-44
   1.0473143e+01   2.2030975e-44
   1.0497294e+01   2.1570636e-44
   1.0521501e+01   2.1128882e-44
   1.0545764e+01   2.0704534e-44
   1.0570082e+01   2.0296488e-44
   1.0594457e+01   1.9903725e-44
   1.0618888e+01   1.9525319e-44
   1.0643375e+01   1.9160425e-44
   1.0667919e+01   1.8808249e-44
   1.0692519e+01   1.8468054e-44
   1.0717176e+01   1.8139163e-44
   1.0741890e+01   1.7820961e-44
   1.0766661e+01   1.7512863e-44
   1.0791489e+01   1.7214327e-44
   1.0816374e+01   1.6924851e-44
   1.0841317e+01   1.6643976e-44
   1.0866317e+01   1.6371266e-44
   1.0891375e+01   1.6106314e-44
   1.0916491e+01   1.5848743e-44
   1.0941664e+01   1.5598205e-44
   1.0966896e+01   1.5354370e-44
   1.0992185e+01   1.5116926e-44
   1.1017533e+01   1.4885587e-44
   1.1042940e+01   1.4660083e-44
   1.1068405e+01   1.4440162e-44
   1.1093929e+01   1.4225582e-44
   1.1119512e+01   1.4016121e-44
   1.1145153e+01   1.3811571e-44
   1.1170854e+01   1.3611731e-44
   1.1196614e+01   1.3416415e-44
   1.1222434e+01   1.3225447e-44
   1.1248313e+01   1.3038662e-44
   1.1274251e+01   1.2855903e-44
   1.1300250e+01   1.2677020e-44
   1.1326308e+01   1.2501875e-44
   1.1352427e+01   1.2330335e-44
   1.1378606e+01   1.2162274e-44
   1.1404845e+01   1.1997572e-44
   1.1431144e+01   1.1836117e-44
   1.1457505e+01   1.1677801e-44
   1.1483926e+01   1.1522523e-44
   1.1510408e+01   1.1370186e-44
   1.1536951e+01   1.1220697e-44
   1.1563555e+01   1.1073968e-44
   1.1590221e+01   1.0929916e-44
   1.1616948e+01   1.0788461e-44
   1.1643737e+01   1.0649528e-44
   1.1670587e+01   1.0513042e-44
   1.1697500e+01   1.0378935e-44
   1.1724474e+01   1.0247140e-44
   1.1751511e+01   1.0117594e-44
   1.1778610e+01   9.9902359e-45
   1.1805772e+01   9.8650073e-45
   1.1832996e+01   9.7418525e-45
   1.1860283e+01   9.6207179e-45
   1.1887633e+01   9.5015520e-45
   1.1915046e+01   9.3843053e-45
   1.1942522e+01   9.2689305e-45
   1.1970061e+01   9.1553820e-45
   1.1997664e+01   9.0436156e-45
   1.2025331e+01   8.9335892e-45
   1.2053062e+01   8.8252621e-45
   1.2080856e+01   8.7185950e-45
   1.2108715e+01   8.6135500e-45
   1.2136637e+01   8.5100906e-45
   1.2164625e+01   8.4081817e-45
   1.2192676e+01   8.3077892e-45
   1.2220793e+01   8.2088801e-45
   1.2248974e+01   8.1114226e-45
   1.2277220e+01   8.0153861e-45
   1.2305532e+01   7.9207408e-45
   1.2333908e+01   7.8274578e-45
   1.2362350e+01   7.7355092e-45
   1.2390858e+01   7.6448680e-45
   1.2419431e+01   7.5555080e-45
   1.2448071e+01   7.4674037e-45
   1.2476776e+01   7.3805306e-45
   1.2505548e+01   7.2948645e-45
   1.2534386e+01   7.2103824e-45
   1.2563290e+01   7.1270617e-45
   1.2592261e+01   7.0448803e-45
   1.2621299e+01   6.9638170e-45
   1.2650404e+01   6.8838510e-45
   1.2679576e+01   6.8049621e-45
   1.2708815e+01   6.7271308e-45
   1.2738121e+01   6.6503378e-45
   1.2767496e+01   6.5745647e-45
   1.2796938e+01   6.4997933e-45
   1.2826447e+01   6.4260058e-45
   1.2856025e+01   6.3531853e-45
   1.2885671e+01   6.2813147e-45
   1.2915386e+01   6.2103779e-45
   1.2945169e+01   6.1403588e-45
   1.2975020e+01   6.0712418e-45
   1.3004941e+01   6.0030119e-45
   1.3034930e+01   5.9356541e-45
   1.3064989e+01   5.8691540e-45
   1.3095117e+01   5.8034974e-45
   1.3125314e+01   5.7386706e-45
   1.3155582e+01   5.6746601e-45
   1.3185918e+01   5.6114525e-45
   1.3216325e+01   5.5490352e-45
   1.3246802e+01   5.4873955e-45
   1.3277349e+01   5.4265210e-45
   1.3307967e+01   5.3663997e-45
   1.3338655e+01   5.3070198e-45
   1.3369414e+01   5.2483698e-45
   1.3400244e+01   5.1904384e-45
   1.3431145e+01   5.1332145e-45
   1.3462118e+01   5.0766874e-45
   1.3493162e+01   5.0208465e-45
   1.3524277e+01   4.9656813e-45
   1.3555464e+01   4.9111818e-45
   1.3586723e+01   4.8573379e-45
   1.3618054e+01   4.8041400e-45
   1.3649457e+01   4.7515785e-45
   1.3680933e+01   4.6996440e-45
   1.3712481e+01   4.6483273e-45
   1.3744103e+01   4.5976195e-45
   1.3775797e+01   4.5475118e-45
   1.3807564e+01   4.4979955e-45
   1.3839404e+01   4.4490621e-45
   1.3871318e+01   4.4007033e-45
   1.3903305e+01   4.3529110e-45
   1.3935366e+01   4.3056771e-45
   1.3967501e+01   4.2589939e-45
   1.3999710e+01   4.2128535e-45
   1.4031994e+01   4.1672485e-45
   1.4064352e+01   4.1221714e-45
   1.4096784e+01   4.0776149e-45
   1.4129292e+01   4.0335719e-45
   1.4161874e+01   3.9900353e-45
   1.4194531e+01   3.9469983e-45
   1.4227264e+01   3.9044541e-45
   1.4260072e+01   3.8623959e-45
   1.4292956e+01   3.8208174e-45
   1.4325916e+01   3.7797120e-45
   1.4358951e+01   3.7390735e-45
   1.4392063e+01   3.6988957e-45
   1.4425251e+01   3.6591724e-45
   1.4458516e+01   3.6198976e-45
   1.4491858e+01   3.5810656e-45
   1.4525276e+01   3.5426704e-45
   1.4558771e+01   3.5047065e-45
   1.4592344e+01   3.4671682e-45
   1.4625994e+01   3.4300500e-45
   1.4659722e+01   3.3933465e-45
   1.4693527e+01   3.3570524e-45
   1.4727410e+01   3.3211624e-45
   1.4761372e+01   3.2856715e-45
   1.4795412e+01   3.2505745e-45
   1.4829530e+01   3.2158665e-45
   1.4863727e+01   3.1815426e-45
   1.4898003e+01   3.1475979e-45
   1.4932358e+01   3.1140277e-45
   1.4966792e+01   3.0808273e-45
   1.5001306e+01   3.0479922e-45
   1.5035899e+01   3.0155178e-45
   1.5070572e+01   2.9833996e-45
   1.5105324e+01   2.9516333e-45
   1.5140157e+01   2.9202145e-45
   1.5175071e+01   2.8891391e-45
   1.5210065e+01   2.8584028e-45
   1.5245139e+01   2.8280014e-45
   1.5280295e+01   2.7979310e-45
   1.5315531e+01   2.7681875e-45
   1.5350849e+01   2.7387670e-45
   1.5386248e+01   2.7096656e-45
   1.5421729e+01   2.6808795e-45
   1.5457291e+01   2.6524050e-45
   1.5492936e+01   2.6242382e-45
   1.5528663e+01   2.5963756e-45
   1.5564472e+01   2.5688135e-45
   1.5600364e+01   2.5415485e-45
   1.5636338e+01   2.5145769e-45
   1.5672396e+01   2.4878954e-45
   1.5708537e+01   2.4615005e-45
   1.5744761e+01   2.4353889e-45
   1.5781068e+01   2.4095573e-45
   1.5817459e+01   2.3840025e-45
   1.5853935e+01   2.3587211e-45
   1.5890494e+01   2.3337101e-45
   1.5927137e+01   2.3089664e-45
   1.5963866e+01   2.2844868e-45
   1.6000678e+01   2.2602683e-45
   1.6037576e+01   2.2363079e-45
   1.6074559e+01   2.2126026e-45
   1.6111627e+01   2.1891497e-45
   1.6148780e+01   2.1659461e-45
   1.6186020e+01   2.1429890e-45
   1.6223345e+01   2.1202756e-45
   1.6260756e+01   2.0978033e-45
   1.6298253e+01   2.0755692e-45
   1.6335837e+01   2.0535706e-45
   1.6373508e+01   2.0318050e-45
   1.6411265e+01   2.0102696e-45
   1.6449110e+01   1.9889620e-45
   1.6487041e+01   1.9678796e-45
   1.6525061e+01   1.9470198e-45
   1.6563168e+01   1.9263801e-45
   1.6601362e+01   1.9059582e-45
   1.6639645e+01   1.8857516e-45
   1.6678016e+01   1.8657579e-45
   1.6716476e+01   1.8459747e-45
   1.6755024e+01   1.8263998e-45
   1.6793662e+01   1.8070308e-45
   1.6832388e+01   1.7878655e-45
   1.6871203e+01   1.7689016e-45
   1.6910109e+01   1.7501369e-45
   1.6949103e+01   1.7315692e-45
   1.6988188e+01   1.7131965e-45
   1.7027363e+01   1.6950164e-45
   1.7066628e+01   1.6770270e-45
   1.7105984e+01   1.6592262e-45
   1.7145431e+01   1.6416118e-45
   1.7184968e+01   1.6241820e-45
   1.7224597e+01   1.6069346e-45
   1.7264317e+01   1.5898678e-45
   1.7304128e+01   1.5729795e-45
   1.7344032e+01   1.5562678e-45
   1.7384027e+01   1.5397309e-45
   1.7424115e+01   1.5233668e-45
   1.7464295e+01   1.5071737e-45
   1.7504568e+01   1.4911497e-45
   1.7544934e+01   1.4752930e-45
   1.7585392e+01   1.4596019e-45
   1.7625945e+01   1.4440746e-45
   1.7666590e+01   1.4287092e-45
   1.7707329e+01   1.4135042e-45
   1.7748163e+01   1.3984577e-45
   1.7789090e+01   1.3835681e-45
   1.7830112e+01   1.3688337e-45
   1.7871228e+01   1.3542529e-45
   1.7912439e+01   1.3398240e-45
   1.7953746e+01   1.3255454e-45
   1.7995147e+01   1.3114156e-45
   1.8036644e+01   1.2974329e-45
   1.8078237e+01   1.2835958e-45
   1.8119925e+01   1.2699027e-45
   1.8161710e+01   1.2563522e-45
   1.8203591e+01   1.2429428e-45
   1.8245569e+01   1.2296729e-45
   1.8287643e+01   1.2165410e-45
   1.8329814e+01   1.2035458e-45
   1.8372083e+01   1.1906858e-45
   1.8414449e+01   1.1779595e-45
   1.8456913e+01   1.1653657e-45
   1.8499475e+01   1.1529028e-45
   1.8542135e+01   1.1405695e-45
   1.8584893e+01   1.1283645e-45
   1.8627750e+01   1.1162863e-45
   1.8670706e+01   1.1043338e-45
   1.8713761e+01   1.0925056e-45
   1.8756915e+01   1.0808003e-45
   1.8800168e+01   1.0692168e-45
   1.8843522e+01   1.0577536e-45
   1.8886975e+01   1.0464097e-45
   1.8930528e+01   1.0351837e-45
   1.8974182e+01   1.0240744e-45
   1.9017937e+01   1.0130806e-45
   1.9061792e+01   1.0022011e-45
   1.9105749e+01   9.9143479e-46
   1.9149807e+01   9.8078039e-46
   1.9193967e+01   9.7023677e-46
   1.9238228e+01   9.5980279e-46
   1.9282592e+01   9.4947733e-46
   1.9327057e+01   9.3925925e-46
   1.9371626e+01   9.2914745e-46
   1.9416297e+01   9.1914083e-46
   1.9461071e+01   9.0923831e-46
   1.9505948e+01   8.9943881e-46
   1.9550929e+01   8.8974126e-46
   1.9596014e+01   8.8014463e-46
   1.9641202e+01   8.7064787e-46
   1.9686495e+01   8.6124995e-46
   1.9731892e+01   8.5194986e-46
   1.9777394e+01   8.4274659e-46
   1.9823001e+01   8.3363914e-46
   1.9868713e+01   8.2462654e-46
   1.9914530e+01   8.1570780e-46
   1.9960454e+01   8.0688197e-46
   2.0006482e+01   7.9814810e-46
   2.0052618e+01   7.8950523e-46
   2.0098859e+01   7.8095244e-46
   2.0145207e+01   7.7248880e-46
   2.0191662e+01   7.6411341e-46
   2.0238224e+01   7.5582536e-46
   2.0284894e+01   7.4762375e-46
   2.0331671e+01   7.3950770e-46
   2.0378556e+01   7.3147634e-46
   2.0425549e+01   7.2352880e-46
   2.0472650e+01   7.1566423e-46
   2.0519861e+01   7.0788177e-46
   2.0567180e+01   7.0018060e-46
   2.0614608e+01   6.9255988e-46
   2.0662145e+01   6.8501878e-46
   2.0709792e+01   6.7755651e-46
   2.0757549e+01   6.7017225e-46
   2.0805416e+01   6.6286521e-46
   2.0853394e+01   6.5563460e-46
   2.0901482e+01   6.4847965e-46
   2.0949681e+01   6.4139958e-46
   2.0997991e+01   6.3439363e-46
   2.1046412e+01   6.2746106e-46
   2.1094945e+01   6.2060110e-46
   2.1143591e+01   6.1381303e-46
   2.1192348e+01   6.0709611e-46
   2.1241218e+01   6.0044962e-46
   2.1290200e+01   5.9387284e-46
   2.1339295e+01   5.8736507e-46
   2.1388504e+01   5.8092560e-46
   2.1437826e+01   5.7455374e-46
   2.1487262e+01   5.6824881e-46
   2.1536812e+01   5.6201012e-46
   2.1586476e+01   5.5583700e-46
   2.1636254e+01   5.4972879e-46
   2.1686148e+01   5.4368482e-46
   2.1736156e+01   5.3770446e-46
   2.1786280e+01   5.3178704e-46
   2.1836519e+01   5.2593194e-46
   2.1886874e+01   5.2013852e-46
   2.1937346e+01   5.1440615e-46
   2.1987933e+01   5.0873423e-46
   2.2038638e+01   5.0312212e-46
   2.2089459e+01   4.9756924e-46
   2.2140397e+01   4.9207497e-46
   2.2191453e+01   4.8663873e-46
   2.2242627e+01   4.8125993e-46
   2.2293919e+01   4.7593798e-46
   2.2345328e+01   4.7067231e-46
   2.2396857e+01   4.6546235e-46
   2.2448504e+01   4.6030753e-46
   2.2500271e+01   4.5520731e-46
   2.2552157e+01   4.5016111e-46
   2.2604162e+01   4.4516841e-46
   2.2656287e+01   4.4022865e-46
   2.2708533e+01   4.3534130e-46
   2.2760899e+01   4.3050583e-46
   2.2813386e+01   4.2572172e-46
   2.2865994e+01   4.2098844e-46
   2.2918723e+01   4.1630549e-46
   2.2971574e+01   4.1167234e-46
   2.3024546e+01   4.0708851e-46
   2.3077641e+01   4.0255348e-46
   2.3130858e+01   3.9806677e-46
   2.3184198e+01   3.9362788e-46
   2.3237661e+01   3.8923634e-46
   2.3291247e+01   3.8489166e-46
   2.3344957e+01   3.8059337e-46
   2.3398791e+01   3.7634100e-46
   2.3452748e+01   3.7213409e-46
   2.3506831e+01   3.6797217e-46
   2.3561038e+01   3.6385480e-46
   2.3615370e+01   3.5978151e-46
   2.3669827e+01   3.5575187e-46
   2.3724410e+01   3.5176543e-46
   2.3779118e+01   3.4782176e-46
   2.3833953e+01   3.4392042e-46
   2.3888914e+01   3.4006099e-46
   2.3944002e+01   3.3624303e-46
   2.3999217e+01   3.3246614e-46
   2.4054560e+01   3.2872989e-46
   2.4110030e+01   3.2503387e-46
   2.4165628e+01   3.2137769e-46
   2.4221354e+01   3.1776092e-46
   2.4277208e+01   3.1418318e-46
   2.4333192e+01   3.1064407e-46
   2.4389304e+01   3.0714320e-46
   2.4445546e+01   3.0368018e-46
   2.4501918e+01   3.0025463e-46
   2.4558420e+01   2.9686617e-46
   2.4615051e+01   2.9351442e-46
   2.4671814e+01   2.9019901e-46
   2.4728707e+01   2.8691957e-46
   2.4785732e+01   2.8367574e-46
   2.4842888e+01   2.8046717e-46
   2.4900176e+01   2.7729348e-46
   2.4957596e+01   2.7415433e-46
   2.5015148e+01   2.7104936e-46
   2.5072833e+01   2.6797824e-46
   2.5130652e+01   2.6494061e-46
   2.5188603e+01   2.6193615e-46
   2.5246688e+01   2.5896450e-46
   2.5304907e+01   2.5602534e-46
   2.5363261e+01   2.5311834e-46
   2.5421748e+01   2.5024318e-46
   2.5480371e+01   2.4739952e-46
   2.5539129e+01   2.4458706e-46
   2.5598023e+01   2.4180546e-46
   2.5657052e+01   2.3905443e-46
   2.5716217e+01   2.3633365e-46
   2.5775519e+01   2.3364281e-46
   2.5834957e+01   2.3098161e-46
   2.5894533e+01   2.2834974e-46
   2.5954246e+01   2.2574691e-46
   2.6014097e+01   2.2317283e-46
   2.6074085e+01   2.2062720e-46
   2.6134212e+01   2.1810973e-46
   2.6194478e+01   2.1562014e-46
   2.6254883e+01   2.1315814e-46
   2.6315427e+01   2.1072345e-46
   2.6376110e+01   2.0831579e-46
   2.6436934e+01   2.0593490e-46
   2.6497898e+01   2.0358049e-46
   2.6559002e+01   2.0125229e-46
   2.6620247e+01   1.9895004e-46
   2.6681634e+01   1.9667348e-46
   2.6743162e+01   1.9442234e-46
   2.6804832e+01   1.9219637e-46
   2.6866644e+01   1.8999530e-46
   2.6928599e+01   1.8781889e-46
   2.6990696e+01   1.8566687e-46
   2.7052937e+01   1.8353901e-46
   2.7115321e+01   1.8143506e-46
   2.7177849e+01   1.7935476e-46
   2.7240522e+01   1.7729789e-46
   2.7303338e+01   1.7526420e-46
   2.7366300e+01   1.7325345e-46
   2.7429407e+01   1.7126541e-46
   2.7492659e+01   1.6929985e-46
   2.7556058e+01   1.6735653e-46
   2.7619602e+01   1.6543524e-46
   2.7683293e+01   1.6353574e-46
   2.7747131e+01   1.6165781e-46
   2.7811116e+01   1.5980122e-46
   2.7875249e+01   1.5796578e-46
   2.7939529e+01   1.5615124e-46
   2.8003958e+01   1.5435741e-46
   2.8068536e+01   1.5258406e-46
   2.8133262e+01   1.5083099e-46
   2.8198137e+01   1.4909799e-46
   2.8263162e+01   1.4738486e-46
   2.8328338e+01   1.4569138e-46
   2.8393663e+01   1.4401737e-46
   2.8459139e+01   1.4236261e-46
   2.8524766e+01   1.4072691e-46
   2.8590544e+01   1.3911007e-46
   2.8656474e+01   1.3751190e-46
   2.8722556e+01   1.3593221e-46
   2.8788791e+01   1.3437081e-46
   2.8855178e+01   1.3282751e-46
   2.8921718e+01   1.3130212e-46
   2.8988412e+01   1.2979445e-46
   2.9055259e+01   1.2830433e-46
   2.9122261e+01   1.2683158e-46
   2.9189417e+01   1.2537601e-46
   2.9256728e+01   1.2393744e-46
   2.9324194e+01   1.2251571e-46
   2.9391816e+01   1.2111063e-46
   2.9459594e+01   1.1972204e-46
   2.9527528e+01   1.1834977e-46
   2.9595619e+01   1.1699364e-46
   2.9663866e+01   1.1565349e-46
   2.9732272e+01   1.1432915e-46
   2.9800834e+01   1.1302046e-46
   2.9869555e+01   1.1172726e-46
   2.9938435e+01   1.1044939e-46
   3.0007473e+01   1.0918668e-46
   3.0076670e+01   1.0793898e-46
   3.0146028e+01   1.0670614e-46
   3.0215544e+01   1.0548800e-46
   3.0285222e+01   1.0428440e-46
   3.0355060e+01   1.0309520e-46
   3.0425059e+01   1.0192025e-46
   3.0495219e+01   1.0075939e-46
   3.0565541e+01   9.9612483e-47
   3.0636026e+01   9.8479382e-47
   3.0706673e+01   9.7359942e-47
   3.0777482e+01   9.6254021e-47
   3.0848456e+01   9.5161477e-47
   3.0919592e+01   9.4082172e-47
   3.0990893e+01   9.3015967e-47
   3.1062358e+01   9.1962724e-47
   3.1133988e+01   9.0922308e-47
   3.1205784e+01   8.9894585e-47
   3.1277744e+01   8.8879422e-47
   3.1349871e+01   8.7876688e-47
   3.1422164e+01   8.6886252e-47
   3.1494624e+01   8.5907984e-47
   3.1567251e+01   8.4941758e-47
   3.1640045e+01   8.3987448e-47
   3.1713007e+01   8.3044927e-47
   3.1786138e+01   8.2114071e-47
   3.1859437e+01   8.1194759e-47
   3.1932905e+01   8.0286869e-47
   3.2006542e+01   7.9390279e-47
   3.2080350e+01   7.8504872e-47
   3.2154327e+01   7.7630530e-47
   3.2228475e+01   7.6767134e-47
   3.2302794e+01   7.5914571e-47
   3.2377285e+01   7.5072726e-47
   3.2451947e+01   7.4241485e-47
   3.2526782e+01   7.3420735e-47
   3.2601789e+01   7.2610367e-47
   3.2676969e+01   7.1810270e-47
   3.2752322e+01   7.1020336e-47
   3.2827849e+01   7.0240456e-47
   3.2903550e+01   6.9470523e-47
   3.2979426e+01   6.8710433e-47
   3.3055477e+01   6.7960080e-47
   3.3131703e+01   6.7219362e-47
   3.3208105e+01   6.6488175e-47
   3.3284683e+01   6.5766418e-47
   3.3361438e+01   6.5053991e-47
   3.3438370e+01   6.4350793e-47
   3.3515479e+01   6.3656728e-47
   3.3592766e+01   6.2971696e-47
   3.3670231e+01   6.2295603e-47
   3.3747875e+01   6.1628351e-47
   3.3825698e+01   6.0969846e-47
   3.3903700e+01   6.0319996e-47
   3.3981882e+01   5.9678706e-47
   3.4060245e+01   5.9045885e-47
   3.4138788e+01   5.8421443e-47
   3.4217512e+01   5.7805289e-47
   3.4296418e+01   5.7197335e-47
   3.4375506e+01   5.6597491e-47
   3.4454776e+01   5.6005671e-47
   3.4534229e+01   5.5421789e-47
   3.4613865e+01   5.4845758e-47
   3.4693685e+01   5.4277494e-47
   3.4773689e+01   5.3716913e-47
   3.4853877e+01   5.3163932e-47
   3.4934251e+01   5.2618469e-47
   3.5014809e+01   5.2080443e-47
   3.5095554e+01   5.1549772e-47
   3.5176484e+01   5.1026378e-47
   3.5257602e+01   5.0510181e-47
   3.5338906e+01   5.0001103e-47
   3.5420398e+01   4.9499066e-47
   3.5502077e+01   4.9003994e-47
   3.5583945e+01   4.8515812e-47
   3.5666002e+01   4.8034443e-47
   3.5748248e+01   4.7559814e-47
   3.5830684e+01   4.7091852e-47
   3.5913310e+01   4.6630483e-47
   3.5996126e+01   4.6175635e-47
   3.6079134e+01   4.5727236e-47
   3.6162332e+01   4.5285217e-47
   3.6245723e+01   4.4849507e-47
   3.6329306e+01   4.4420037e-47
   3.6413082e+01   4.3996738e-47
   3.6497050e+01   4.3579542e-47
   3.6581213e+01   4.3168383e-47
   3.6665569e+01   4.2763194e-47
   3.6750120e+01   4.2363908e-47
   3.6834867e+01   4.1970462e-47
   3.6919808e+01   4.1582789e-47
   3.7004945e+01   4.1200827e-47
   3.7090279e+01   4.0824511e-47
   3.7175810e+01   4.0453780e-47
   3.7261537e+01   4.0088572e-47
   3.7347463e+01   3.9728825e-47
   3.7433586e+01   3.9374478e-47
   3.7519908e+01   3.9025472e-47
   3.7606429e+01   3.8681747e-47
   3.7693150e+01   3.8343243e-47
   3.7780071e+01   3.8009903e-47
   3.7867192e+01   3.7681669e-47
   3.7954514e+01   3.7358484e-47
   3.8042037e+01   3.7040291e-47
   3.8129763e+01   3.6727035e-47
   3.8217690e+01   3.6418659e-47
   3.8305821e+01   3.6115109e-47
   3.8394154e+01   3.5816331e-47
   3.8482691e+01   3.5522271e-47
   3.8571433e+01   3.5232876e-47
   3.8660379e+01   3.4948093e-47
   3.8749530e+01   3.4667870e-47
   3.8838886e+01   3.4392155e-47
   3.8928449e+01   3.4120897e-47
   3.9018219e+01   3.3854047e-47
   3.9108195e+01   3.3591553e-47
   3.9198379e+01   3.3333366e-47
   3.9288770e+01   3.3079437e-47
   3.9379371e+01   3.2829718e-47
   3.9470180e+01   3.2584161e-47
   3.9561198e+01   3.2342717e-47
   3.9652427e+01   3.2105341e-47
   3.9743865e+01   3.1871985e-47
   3.9835515e+01   3.1642604e-47
   3.9927376e+01   3.1417151e-47
   4.0019449e+01   3.1195581e-47
   4.0111734e+01   3.0977851e-47
   4.0204232e+01   3.0763915e-47
   4.0296943e+01   3.0553730e-47
   4.0389868e+01   3.0347252e-47
   4.0483008e+01   3.0144438e-47
   4.0576362e+01   2.9945247e-47
   4.0669931e+01   2.9749636e-47
   4.0763716e+01   2.9557563e-47
   4.0857718e+01   2.9368987e-47
   4.0951936e+01   2.9183868e-47
   4.1046372e+01   2.9002165e-47
   4.1141025e+01   2.8823838e-47
   4.1235896e+01   2.8648848e-47
   4.1330987e+01   2.8477155e-47
   4.1426296e+01   2.8308722e-47
   4.1521826e+01   2.8143509e-47
   4.1617575e+01   2.7981478e-47
   4.1713546e+01   2.7822593e-47
   4.1809737e+01   2.7666816e-47
   4.1906151e+01   2.7514110e-47
   4.2002787e+01   2.7364439e-47
   4.2099646e+01   2.7217767e-47
   4.2196728e+01   2.7074059e-47
   4.2294034e+01   2.6933278e-47
   4.2391564e+01   2.6795390e-47
   4.2489319e+01   2.6660361e-47
   4.2587300e+01   2.6528157e-47
   4.2685507e+01   2.6398743e-47
   4.2783940e+01   2.6272086e-47
   4.2882600e+01   2.6148153e-47
   4.2981488e+01   2.6026912e-47
   4.3080603e+01   2.5908329e-47
   4.3179947e+01   2.5792373e-47
   4.3279521e+01   2.5679012e-47
   4.3379324e+01   2.5568215e-47
   4.3479357e+01   2.5459949e-47
   4.3579620e+01   2.5354186e-47
   4.3680115e+01   2.5250893e-47
   4.3780842e+01   2.5150042e-47
   4.3881801e+01   2.5051601e-47
   4.3982993e+01   2.4955543e-47
   4.4084418e+01   2.4861836e-47
   4.4186077e+01   2.4770453e-47
   4.4287970e+01   2.4681366e-47
   4.4390099e+01   2.4594544e-47
   4.4492463e+01   2.4509961e-47
   4.4595062e+01   2.4427589e-47
   4.4697899e+01   2.4347400e-47
   4.4800973e+01   2.4269368e-47
   4.4904284e+01   2.4193465e-47
   4.5007834e+01   2.4119665e-47
   4.5111622e+01   2.4047941e-47
   4.5215650e+01   2.3978268e-47
   4.5319918e+01   2.3910620e-47
   4.5424426e+01   2.3844971e-47
   4.5529175e+01   2.3781296e-47
   4.5634165e+01   2.3719570e-47
   4.5739398e+01   2.3659768e-47
   4.5844873e+01   2.3601867e-47
   4.5950592e+01   2.3545841e-47
   4.6056554e+01   2.3491668e-47
   4.6162761e+01   2.3439322e-47
   4.6269213e+01   2.3388782e-47
   4.6375910e+01   2.3340024e-47
   4.6482853e+01   2.3293024e-47
   4.6590043e+01   2.3247760e-47
   4.6697480e+01   2.3204211e-47
   4.6805165e+01   2.3162352e-47
   4.6913098e+01   2.3122164e-47
   4.7021280e+01   2.3083623e-47
   4.7129711e+01   2.3046709e-47
   4.7238393e+01   2.3011400e-47
   4.7347325e+01   2.2977675e-47
   4.7456508e+01   2.2945513e-47
   4.7565943e+01   2.2914895e-47
   4.7675631e+01   2.2885798e-47
   4.7785571e+01   2.2858204e-47
   4.7895765e+01   2.2832092e-47
   4.8006213e+01   2.2807443e-47
   4.8116916e+01   2.2784237e-47
   4.8227874e+01   2.2762454e-47
   4.8339087e+01   2.2742077e-47
   4.8450558e+01   2.2723085e-47
   4.8562285e+01   2.2705460e-47
   4.8674270e+01   2.2689184e-47
   4.8786513e+01   2.2674238e-47
   4.8899015e+01   2.2660605e-47
   4.9011777e+01   2.2648266e-47
   4.9124798e+01   2.2637204e-47
   4.9238081e+01   2.2627401e-47
   4.9351624e+01   2.2618840e-47
   4.9465429e+01   2.2611504e-47
   4.9579497e+01   2.2605375e-47
   4.9693828e+01   2.2600438e-47
   4.9808422e+01   2.2596675e-47
   4.9923280e+01   2.2594070e-47
   5.0038404e+01   2.2592608e-47
   5.0153793e+01   2.2592271e-47
   5.0269448e+01   2.2593044e-47
   5.0385370e+01   2.2594911e-47
   5.0501559e+01   2.2597858e-47
   5.0618016e+01   2.2601867e-47
   5.0734741e+01   2.2606925e-47
   5.0851736e+01   2.2613017e-47
   5.0969000e+01   2.2620126e-47
   5.1086535e+01   2.2628240e-47
   5.1204341e+01   2.2637342e-47
   5.1322419e+01   2.2647420e-47
   5.1440769e+01   2.2658458e-47
   5.1559392e+01   2.2670442e-47
   5.1678288e+01   2.2683360e-47
   5.1797458e+01   2.2697196e-47
   5.1916904e+01   2.2711938e-47
   5.2036625e+01   2.2727571e-47
   5.2156621e+01   2.2744083e-47
   5.2276895e+01   2.2761461e-47
   5.2397446e+01   2.2779691e-47
   5.2518275e+01   2.2798761e-47
   5.2639382e+01   2.2818658e-47
   5.2760769e+01   2.2839369e-47
   5.2882436e+01   2.2860882e-47
   5.3004383e+01   2.2883185e-47
   5.3126612e+01   2.2906265e-47
   5.3249122e+01   2.2930110e-47
   5.3371915e+01   2.2954710e-47
   5.3494991e+01   2.2980051e-47
   5.3618351e+01   2.3006122e-47
   5.3741995e+01   2.3032912e-47
   5.3865925e+01   2.3060410e-47
   5.3990140e+01   2.3088603e-47
   5.4114642e+01   2.3117482e-47
   5.4239430e+01   2.3147035e-47
   5.4364507e+01   2.3177251e-47
   5.4489872e+01   2.3208119e-47
   5.4615526e+01   2.3239630e-47
   5.4741470e+01   2.3271772e-47
   5.4867704e+01   2.3304535e-47
   5.4994229e+01   2.3337909e-47
   5.5121046e+01   2.3371883e-47
   5.5248156e+01   2.3406448e-47
   5.5375559e+01   2.3441594e-47
   5.5503255e+01   2.3477311e-47
   5.5631246e+01   2.3513590e-47
   5.5759532e+01   2.3550420e-47
   5.5888114e+01   2.3587792e-47
   5.6016992e+01   2.3625697e-47
   5.6146168e+01   2.3664126e-47
   5.6275642e+01   2.3703070e-47
   5.6405414e+01   2.3742519e-47
   5.6535485e+01   2.3782465e-47
   5.6665856e+01   2.3822898e-47
   5.6796528e+01   2.3863811e-47
   5.6927501e+01   2.3905194e-47
   5.7058777e+01   2.3947039e-47
   5.7190355e+01   2.3989338e-47
   5.7322236e+01   2.4032082e-47
   5.7454421e+01   2.4075263e-47
   5.7586912e+01   2.4118872e-47
   5.7719708e+01   2.4162903e-47
   5.7852810e+01   2.4207347e-47
   5.7986219e+01   2.4252196e-47
   5.8119935e+01   2.4297442e-47
   5.8253960e+01   2.4343077e-47
   5.8388294e+01   2.4389095e-47
   5.8522938e+01   2.4435488e-47
   5.8657893e+01   2.4482248e-47
   5.8793158e+01   2.4529368e-47
   5.8928736e+01   2.4576841e-47
   5.9064626e+01   2.4624659e-47
   5.9200829e+01   2.4672816e-47
   5.9337347e+01   2.4721304e-47
   5.9474179e+01   2.4770118e-47
   5.9611327e+01   2.4819249e-47
   5.9748791e+01   2.4868691e-47
   5.9886572e+01   2.4918439e-47
   6.0024671e+01   2.4968484e-47
   6.0163089e+01   2.5018821e-47
   6.0301825e+01   2.5069443e-47
   6.0440882e+01   2.5120344e-47
   6.0580259e+01   2.5171518e-47
   6.0719957e+01   2.5222958e-47
   6.0859978e+01   2.5274659e-47
   6.1000322e+01   2.5326614e-47
   6.1140989e+01   2.5378817e-47
   6.1281980e+01   2.5431264e-47
   6.1423297e+01   2.5483947e-47
   6.1564940e+01   2.5536861e-47
   6.1706909e+01   2.5590001e-47
   6.1849206e+01   2.5643360e-47
   6.1991830e+01   2.5696934e-47
   6.2134784e+01   2.5750717e-47
   6.2278067e+01   2.5804703e-47
   6.2421681e+01   2.5858888e-47
   6.2565626e+01   2.5913266e-47
   6.2709903e+01   2.5967831e-47
   6.2854512e+01   2.6022579e-47
   6.2999455e+01   2.6077505e-47
   6.3144732e+01   2.6132604e-47
   6.3290345e+01   2.6187870e-47
   6.3436293e+01   2.6243299e-47
   6.3582577e+01   2.6298886e-47
   6.3729199e+01   2.6354627e-47
   6.3876159e+01   2.6410516e-47
   6.4023458e+01   2.6466550e-47
   6.4171097e+01   2.6522723e-47
   6.4319076e+01   2.6579031e-47
   6.4467396e+01   2.6635470e-47
   6.4616058e+01   2.6692034e-47
   6.4765063e+01   2.6748721e-47
   6.4914412e+01   2.6805525e-47
   6.5064105e+01   2.6862443e-47
   6.5214144e+01   2.6919470e-47
   6.5364528e+01   2.6976602e-47
   6.5515259e+01   2.7033835e-47
   6.5666338e+01   2.7091166e-47
   6.5817765e+01   2.7148589e-47
   6.5969541e+01   2.7206102e-47
   6.6121667e+01   2.7263700e-47
   6.6274144e+01   2.7321380e-47
   6.6426973e+01   2.7379137e-47
   6.6580154e+01   2.7436969e-47
   6.6733688e+01   2.7494871e-47
   6.6887577e+01   2.7552840e-47
   6.7041820e+01   2.7610873e-47
   6.7196419e+01   2.7668966e-47
   6.7351374e+01   2.7727115e-47
   6.7506687e+01   2.7785317e-47
   6.7662358e+01   2.7843568e-47
   6.7818388e+01   2.7901867e-47
   6.7974778e+01   2.7960208e-47
   6.8131528e+01   2.8018589e-47
   6.8288640e+01   2.8077007e-47
   6.8446114e+01   2.8135459e-47
   6.8603951e+01   2.8193941e-47
   6.8762153e+01   2.8252450e-47
   6.8920719e+01   2.8310984e-47
   6.9079650e+01   2.8369540e-47
   6.9238949e+01   2.8428114e-47
   6.9398614e+01   2.8486704e-47
   6.9558648e+01   2.8545306e-47
   6.9719051e+01   2.8603919e-47
   6.9879823e+01   2.8662539e-47
   7.0040967e+01   2.8721164e-47
   7.0202482e+01   2.8779791e-47
   7.0364369e+01   2.8838416e-47
   7.0526630e+01   2.8897039e-47
   7.0689265e+01   2.8955656e-47
   7.0852275e+01   2.9014264e-47
   7.1015661e+01   2.9072861e-47
   7.1179423e+01   2.9131446e-47
   7.1343564e+01   2.9190014e-47
   7.1508083e+01   2.9248564e-47
   7.1672981e+01   2.9307094e-47
   7.1838259e+01   2.9365600e-47
   7.2003919e+01   2.9424082e-47
   7.2169960e+01   2.9482537e-47
   7.2336385e+01   2.9540961e-47
   7.2503193e+01   2.9599355e-47
   7.2670386e+01   2.9657714e-47
   7.2837964e+01   2.9716037e-47
   7.3005929e+01   2.9774323e-47
   7.3174282e+01   2.9832568e-47
   7.3343022e+01   2.9890771e-47
   7.3512152e+01   2.9948930e-47
   7.3681671e+01   3.0007043e-47
   7.3851582e+01   3.0065108e-47
   7.4021884e+01   3.0123124e-47
   7.4192579e+01   3.0181087e-47
   7.4363668e+01   3.0238997e-47
   7.4535151e+01   3.0296852e-47
   7.4707029e+01   3.0354649e-47
   7.4879304e+01   3.0412388e-47
   7.5051977e+01   3.0470066e-47
   7.5225047e+01   3.0527682e-47
   7.5398517e+01   3.0585235e-47
   7.5572386e+01   3.0642721e-47
   7.5746657e+01   3.0700141e-47
   7.5921329e+01   3.0757491e-47
   7.6096404e+01   3.0814772e-47
   7.6271883e+01   3.0871980e-47
   7.6447767e+01   3.0929116e-47
   7.6624056e+01   3.0986176e-47
   7.6800751e+01   3.1043161e-47
   7.6977855e+01   3.1100067e-47
   7.7155366e+01   3.1156895e-47
   7.7333287e+01   3.1213642e-47
   7.7511618e+01   3.1270308e-47
   7.7690361e+01   3.1326891e-47
   7.7869515e+01   3.1383389e-47
   7.8049083e+01   3.1439801e-47
   7.8229065e+01   3.1496127e-47
   7.8409461e+01   3.1552364e-47
   7.8590274e+01   3.1608512e-47
   7.8771504e+01   3.1664570e-47
   7.8953152e+01   3.1720535e-47
   7.9135218e+01   3.1776408e-47
   7.9317705e+01   3.1832187e-47
   7.9500612e+01   3.1887871e-47
   7.9683941e+01   3.1943459e-47
   7.9867693e+01   3.1998949e-47
   8.0051868e+01   3.2054342e-47
   8.0236468e+01   3.2109635e-47
   8.0421494e+01   3.2164828e-47
   8.0606947e+01   3.2219919e-47
   8.0792827e+01   3.2274908e-47
   8.0979136e+01   3.2329795e-47
   8.1165874e+01   3.2384577e-47
   8.1353044e+01   3.2439254e-47
   8.1540644e+01   3.2493826e-47
   8.1728678e+01   3.2548290e-47
   8.1917145e+01   3.2602647e-47
   8.2106046e+01   3.2656896e-47
   8.2295383e+01   3.2711036e-47
   8.2485157e+01   3.2765066e-47
   8.2675369e+01   3.2818985e-47
   8.2866019e+01   3.2872792e-47
   8.3057108e+01   3.2926488e-47
   8.3248639e+01   3.2980070e-47
   8.3440611e+01   3.3033539e-47
   8.3633025e+01   3.3086893e-47
   8.3825884e+01   3.3140133e-47
   8.4019187e+01   3.3193257e-47
   8.4212936e+01   3.3246264e-47
   8.4407131e+01   3.3299155e-47
   8.4601775e+01   3.3351928e-47
   8.4796867e+01   3.3404583e-47
   8.4992409e+01   3.3457119e-47
   8.5188403e+01   3.3509536e-47
   8.5384848e+01   3.3561834e-47
   8.5581746e+01   3.3614011e-47
   8.5779098e+01   3.3666067e-47
   8.5976905e+01   3.3718002e-47
   8.6175169e+01   3.3769815e-47
   8.6373889e+01   3.3821505e-47
   8.6573068e+01   3.3873073e-47
   8.6772706e+01   3.3924518e-47
   8.6972805e+01   3.3975839e-47
   8.7173365e+01   3.4027036e-47
   8.7374387e+01   3.4078109e-47
   8.7575873e+01   3.4129057e-47
   8.7777824e+01   3.4179879e-47
   8.7980240e+01   3.4230576e-47
   8.8183123e+01   3.4281147e-47
   8.8386474e+01   3.4331592e-47
   8.8590294e+01   3.4381910e-47
   8.8794584e+01   3.4432101e-47
   8.8999345e+01   3.4482165e-47
   8.9204578e+01   3.4532101e-47
   8.9410285e+01   3.4581910e-47
   8.9616465e+01   3.4631590e-47
   8.9823122e+01   3.4681142e-47
   9.0030254e+01   3.4730566e-47
   9.0237865e+01   3.4779861e-47
   9.0445954e+01   3.4829026e-47
   9.0654523e+01   3.4878062e-47
   9.0863573e+01   3.4926969e-47
   9.1073105e+01   3.4975746e-47
   9.1283120e+01   3.5024394e-47
   9.1493620e+01   3.5072911e-47
   9.1704605e+01   3.5121298e-47
   9.1916077e+01   3.5169555e-47
   9.2128036e+01   3.5217681e-47
   9.2340484e+01   3.5265676e-47
   9.2553422e+01   3.5313541e-47
   9.2766850e+01   3.5361275e-47
   9.2980771e+01   3.5408878e-47
   9.3195186e+01   3.5456350e-47
   9.3410095e+01   3.5503691e-47
   9.3625499e+01   3.5550900e-47
   9.3841400e+01   3.5597979e-47
   9.4057799e+01   3.5644926e-47
   9.4274697e+01   3.5691741e-47
   9.4492095e+01   3.5738425e-47
   9.4709995e+01   3.5784978e-47
   9.4928397e+01   3.5831399e-47
   9.5147302e+01   3.5877689e-47
   9.5366713e+01   3.5923847e-47
   9.5586629e+01   3.5969874e-47
   9.5807053e+01   3.6015769e-47
   9.6027984e+01   3.6061532e-47
   9.6249426e+01   3.6107165e-47
   9.6471378e+01   3.6152665e-47
   9.6693841e+01   3.6198035e-47
   9.6916818e+01   3.6243273e-47
   9.7140309e+01   3.6288379e-47
   9.7364315e+01   3.6333355e-47
   9.7588838e+01   3.6378199e-47
   9.7813879e+01   3.6422913e-47
   9.8039438e+01   3.6467495e-47
   9.8265518e+01   3.6511946e-47
   9.8492119e+01   3.6556267e-47
   9.8719243e+01   3.6600457e-47
   9.8946890e+01   3.6644516e-47
   9.9175062e+01   3.6688445e-47
   9.9403761e+01   3.6732244e-47
   9.9632987e+01   3.6775912e-47
   9.9862741e+01   3.6819450e-47
   1.0009303e+02   3.6862858e-47
   1.0032384e+02   3.6906137e-47
   1.0055519e+02   3.6949286e-47
   1.0078707e+02   3.6992305e-47
   1.0101948e+02   3.7035195e-47
   1.0125244e+02   3.7077956e-47
   1.0148593e+02   3.7120588e-47
   1.0171995e+02   3.7163091e-47
   1.0195452e+02   3.7205466e-47
   1.0218963e+02   3.7247712e-47
   1.0242528e+02   3.7289830e-47
   1.0266147e+02   3.7331820e-47
   1.0289821e+02   3.7373683e-47
   1.0313549e+02   3.7415418e-47
   1.0337332e+02   3.7457025e-47
   1.0361170e+02   3.7498506e-47
   1.0385063e+02   3.7539859e-47
   1.0409011e+02   3.7581086e-47
   1.0433015e+02   3.7622187e-47
   1.0457073e+02   3.7663161e-47
   1.0481187e+02   3.7704010e-47
   1.0505357e+02   3.7744733e-47
   1.0529582e+02   3.7785330e-47
   1.0553864e+02   3.7825803e-47
   1.0578201e+02   3.7866150e-47
   1.0602594e+02   3.7906373e-47
   1.0627044e+02   3.7946472e-47
   1.0651550e+02   3.7986447e-47
   1.0676113e+02   3.8026298e-47
   1.0700732e+02   3.8066026e-47
   1.0725408e+02   3.8105630e-47
   1.0750141e+02   3.8145112e-47
   1.0774931e+02   3.8184471e-47
   1.0799778e+02   3.8223708e-47
   1.0824682e+02   3.8262823e-47
   1.0849644e+02   3.8301817e-47
   1.0874663e+02   3.8340689e-47
   1.0899740e+02   3.8379440e-47
   1.0924875e+02   3.8418071e-47
   1.0950068e+02   3.8456582e-47
   1.0975319e+02   3.8494972e-47
   1.1000628e+02   3.8533243e-47
   1.1025996e+02   3.8571395e-47
   1.1051422e+02   3.8609427e-47
   1.1076906e+02   3.8647341e-47
   1.1102450e+02   3.8685137e-47
   1.1128052e+02   3.8722815e-47
   1.1153714e+02   3.8760376e-47
   1.1179434e+02   3.8797819e-47
   1.1205214e+02   3.8835146e-47
   1.1231053e+02   3.8872356e-47
   1.1256952e+02   3.8909450e-47
   1.1282911e+02   3.8946428e-47
   1.1308929e+02   3.8983291e-47
   1.1335008e+02   3.9020039e-47
   1.1361146e+02   3.9056673e-47
   1.1387345e+02   3.9093192e-47
   1.1413605e+02   3.9129598e-47
   1.1439924e+02   3.9165890e-47
   1.1466305e+02   3.9202069e-47
   1.1492746e+02   3.9238136e-47
   1.1519249e+02   3.9274090e-47
   1.1545812e+02   3.9309932e-47
   1.1572437e+02   3.9345664e-47
   1.1599123e+02   3.9381284e-47
   1.1625871e+02   3.9416793e-47
   1.1652680e+02   3.9452193e-47
   1.1679551e+02   3.9487482e-47
   1.1706484e+02   3.9522662e-47
   1.1733480e+02   3.9557733e-47
   1.1760537e+02   3.9592696e-47
   1.1787657e+02   3.9627551e-47
   1.1814839e+02   3.9662298e-47
   1.1842085e+02   3.9696937e-47
   1.1869392e+02   3.9731470e-47
   1.1896763e+02   3.9765896e-47
   1.1924197e+02   3.9800217e-47
   1.1951695e+02   3.9834432e-47
   1.1979255e+02   3.9868541e-47
   1.2006880e+02   3.9902546e-47
   1.2034568e+02   3.9936447e-47
   1.2062319e+02   3.9970244e-47
   1.2090135e+02   4.0003938e-47
   1.2118015e+02   4.0037529e-47
   1.2145959e+02   4.0071017e-47
   1.2173968e+02   4.0104403e-47
   1.2202041e+02   4.0137688e-47
   1.2230179e+02   4.0170871e-47
   1.2258382e+02   4.0203954e-47
   1.2286650e+02   4.0236937e-47
   1.2314983e+02   4.0269820e-47
   1.2343382e+02   4.0302603e-47
   1.2371846e+02   4.0335288e-47
   1.2400375e+02   4.0367874e-47
   1.2428971e+02   4.0400363e-47
   1.2457632e+02   4.0432754e-47
   1.2486359e+02   4.0465048e-47
   1.2515153e+02   4.0497245e-47
   1.2544013e+02   4.0529347e-47
   1.2572940e+02   4.0561352e-47
   1.2601933e+02   4.0593263e-47
   1.2630993e+02   4.0625079e-47
   1.2660120e+02   4.0656801e-47
   1.2689314e+02   4.0688429e-47
   1.2718576e+02   4.0719964e-47
   1.2747905e+02   4.0751406e-47
   1.2777302e+02   4.0782756e-47
   1.2806767e+02   4.0814014e-47
   1.2836299e+02   4.0845181e-47
   1.2865900e+02   4.0876257e-47
   1.2895569e+02   4.0907242e-47
   1.2925306e+02   4.0938138e-47
   1.2955112e+02   4.0968944e-47
   1.2984986e+02   4.0999662e-47
   1.3014930e+02   4.1030291e-47
   1.3044942e+02   4.1060832e-47
   1.3075024e+02   4.1091285e-47
   1.3105175e+02   4.1121652e-47
   1.3135396e+02   4.1151932e-47
   1.3165686e+02   4.1182126e-47
   1.3196046e+02   4.1212235e-47
   1.3226476e+02   4.1242258e-47
   1.3256977e+02   4.1272197e-47
   1.3287547e+02   4.1302053e-47
   1.3318189e+02   4.1331824e-47
   1.3348901e+02   4.1361513e-47
   1.3379683e+02   4.1391119e-47
   1.3410537e+02   4.1420643e-47
   1.3441462e+02   4.1450085e-47
   1.3472458e+02   4.1479447e-47
   1.3503525e+02   4.1508728e-47
   1.3534665e+02   4.1537929e-47
   1.3565876e+02   4.1567050e-47
   1.3597159e+02   4.1596093e-47
   1.3628514e+02   4.1625057e-47
   1.3659941e+02   4.1653942e-47
   1.3691441e+02   4.1682751e-47
   1.3723014e+02   4.1711482e-47
   1.3754659e+02   4.1740137e-47
   1.3786377e+02   4.1768716e-47
   1.3818169e+02   4.1797219e-47
   1.3850034e+02   4.1825647e-47
   1.3881972e+02   4.1854001e-47
   1.3913984e+02   4.1882281e-47
   1.3946070e+02   4.1910488e-47
   1.3978229e+02   4.1938621e-47
   1.4010463e+02   4.1966682e-47
   1.4042772e+02   4.1994671e-47
   1.4075154e+02   4.2022589e-47
   1.4107612e+02   4.2050436e-47
   1.4140144e+02   4.2078212e-47
   1.4172751e+02   4.2105918e-47
   1.4205434e+02   4.2133555e-47
   1.4238192e+02   4.2161124e-47
   1.4271025e+02   4.2188623e-47
   1.4303934e+02   4.2216055e-47
   1.4336919e+02   4.2243420e-47
   1.4369980e+02   4.2270718e-47
   1.4403117e+02   4.2297949e-47
   1.4436331e+02   4.2325115e-47
   1.4469621e+02   4.2352216e-47
   1.4502988e+02   4.2379251e-47
   1.4536432e+02   4.2406223e-47
   1.4569954e+02   4.2433131e-47
   1.4603552e+02   4.2459975e-47
   1.4637228e+02   4.2486757e-47
   1.4670981e+02   4.2513477e-47
   1.4704813e+02   4.2540135e-47
   1.4738722e+02   4.2566732e-47
   1.4772710e+02   4.2593268e-47
   1.4806776e+02   4.2619745e-47
   1.4840920e+02   4.2646161e-47
   1.4875144e+02   4.2672519e-47
   1.4909446e+02   4.2698818e-47
   1.4943827e+02   4.2725059e-47
   1.4978288e+02   4.2751243e-47
   1.5012828e+02   4.2777370e-47
   1.5047447e+02   4.2803440e-47
   1.5082147e+02   4.2829454e-47
   1.5116927e+02   4.2855413e-47
   1.5151786e+02   4.2881317e-47
   1.5186726e+02   4.2907167e-47
   1.5221747e+02   4.2932963e-47
   1.5256849e+02   4.2958705e-47
   1.5292031e+02   4.2984395e-47
   1.5327295e+02   4.3010032e-47
   1.5362639e+02   4.3035618e-47
   1.5398066e+02   4.3061152e-47
   1.5433574e+02   4.3086636e-47
   1.5469164e+02   4.3112070e-47
   1.5504836e+02   4.3137453e-47
   1.5540590e+02   4.3162788e-47
   1.5576427e+02   4.3188074e-47
   1.5612346e+02   4.3213313e-47
   1.5648348e+02   4.3238503e-47
   1.5684434e+02   4.3263647e-47
   1.5720602e+02   4.3288744e-47
   1.5756854e+02   4.3313795e-47
   1.5793189e+02   4.3338800e-47
   1.5829608e+02   4.3363761e-47
   1.5866112e+02   4.3388677e-47
   1.5902699e+02   4.3413550e-47
   1.5939371e+02   4.3438379e-47
   1.5976127e+02   4.3463165e-47
   1.6012968e+02   4.3487909e-47
   1.6049894e+02   4.3512611e-47
   1.6086905e+02   4.3537272e-47
   1.6124002e+02   4.3561893e-47
   1.6161184e+02   4.3586473e-47
   1.6198452e+02   4.3611013e-47
   1.6235805e+02   4.3635515e-47
   1.6273245e+02   4.3659977e-47
   1.6310772e+02   4.3684402e-47
   1.6348384e+02   4.3708789e-47
   1.6386084e+02   4.3733139e-47
   1.6423870e+02   4.3757453e-47
   1.6461744e+02   4.3781731e-47
   1.6499705e+02   4.3805973e-47
   1.6537753e+02   4.3830180e-47
   1.6575889e+02   4.3854353e-47
   1.6614114e+02   4.3878492e-47
   1.6652426e+02   4.3902598e-47
   1.6690826e+02   4.3926671e-47
   1.6729316e+02   4.3950712e-47
   1.6767894e+02   4.3974721e-47
   1.6806560e+02   4.3998699e-47
   1.6845316e+02   4.4022646e-47
   1.6884162e+02   4.4046564e-47
   1.6923097e+02   4.4070451e-47
   1.6962122e+02   4.4094310e-47
   1.7001236e+02   4.4118140e-47
   1.7040441e+02   4.4141942e-47
   1.7079737e+02   4.4165716e-47
   1.7119123e+02   4.4189464e-47
   1.7158600e+02   4.4213185e-47
   1.7198168e+02   4.4236880e-47
   1.7237827e+02   4.4260550e-47
   1.7277577e+02   4.4284196e-47
   1.7317419e+02   4.4307817e-47
   1.7357354e+02   4.4331414e-47
   1.7397380e+02   4.4354988e-47
   1.7437498e+02   4.4378539e-47
   1.7477709e+02   4.4402068e-47
   1.7518013e+02   4.4425576e-47
   1.7558410e+02   4.4449063e-47
   1.7598899e+02   4.4472529e-47
   1.7639483e+02   4.4495975e-47
   1.7680159e+02   4.4519401e-47
   1.7720930e+02   4.4542809e-47
   1.7761795e+02   4.4566198e-47
   1.7802753e+02   4.4589570e-47
   1.7843807e+02   4.4612924e-47
   1.7884955e+02   4.4636261e-47
   1.7926198e+02   4.4659582e-47
   1.7967535e+02   4.4682887e-47
   1.8008969e+02   4.4706178e-47
   1.8050498e+02   4.4729453e-47
   1.8092122e+02   4.4752715e-47
   1.8133843e+02   4.4775963e-47
   1.8175659e+02   4.4799198e-47
   1.8217573e+02   4.4822420e-47
   1.8259583e+02   4.4845630e-47
   1.8301689e+02   4.4868829e-47
   1.8343893e+02   4.4892018e-47
   1.8386194e+02   4.4915196e-47
   1.8428593e+02   4.4938364e-47
   1.8471089e+02   4.4961522e-47
   1.8513684e+02   4.4984673e-47
   1.8556377e+02   4.5007815e-47
   1.8599168e+02   4.5030949e-47
   1.8642058e+02   4.5054076e-47
   1.8685046e+02   4.5077197e-47
   1.8728134e+02   4.5100312e-47
   1.8771321e+02   4.5123421e-47
   1.8814608e+02   4.5146525e-47
   1.8857995e+02   4.5169625e-47
   1.8901482e+02   4.5192721e-47
   1.8945068e+02   4.5215814e-47
   1.8988756e+02   4.5238904e-47
   1.9032544e+02   4.5261992e-47
   1.9076433e+02   4.5285078e-47
   1.9120424e+02   4.5308164e-47
   1.9164516e+02   4.5331248e-47
   1.9208709e+02   4.5354333e-47
   1.9253005e+02   4.5377418e-47
   1.9297402e+02   4.5400504e-47
   1.9341902e+02   4.5423592e-47
   1.9386505e+02   4.5446682e-47
   1.9431210e+02   4.5469774e-47
   1.9476019e+02   4.5492870e-47
   1.9520930e+02   4.5515970e-47
   1.9565946e+02   4.5539074e-47
   1.9611065e+02   4.5562183e-47
   1.9656288e+02   4.5585298e-47
   1.9701616e+02   4.5608418e-47
   1.9747048e+02   4.5631546e-47
   1.9792585e+02   4.5654680e-47
   1.9838227e+02   4.5677822e-47
   1.9883974e+02   4.5700972e-47
   1.9929826e+02   4.5724131e-47
   1.9975785e+02   4.5747299e-47
   2.0021849e+02   4.5770477e-47
   2.0068020e+02   4.5793665e-47
   2.0114297e+02   4.5816865e-47
   2.0160680e+02   4.5840076e-47
   2.0207171e+02   4.5863299e-47
   2.0253769e+02   4.5886535e-47
   2.0300474e+02   4.5909784e-47
   2.0347287e+02   4.5933047e-47
   2.0394208e+02   4.5956324e-47
   2.0441237e+02   4.5979616e-47
   2.0488375e+02   4.6002923e-47
   2.0535621e+02   4.6026247e-47
   2.0582977e+02   4.6049587e-47
   2.0630441e+02   4.6072944e-47
   2.0678015e+02   4.6096319e-47
   2.0725699e+02   4.6119712e-47
   2.0773492e+02   4.6143124e-47
   2.0821396e+02   4.6166555e-47
   2.0869411e+02   4.6190006e-47
   2.0917536e+02   4.6213478e-47
   2.0965772e+02   4.6236971e-47
   2.1014119e+02   4.6260485e-47
   2.1062578e+02   4.6284022e-47
   2.1111148e+02   4.6307581e-47
   2.1159831e+02   4.6331164e-47
   2.1208625e+02   4.6354771e-47
   2.1257533e+02   4.6378402e-47
   2.1306553e+02   4.6402058e-47
   2.1355686e+02   4.6425740e-47
   2.1404932e+02   4.6449448e-47
   2.1454292e+02   4.6473183e-47
   2.1503766e+02   4.6496945e-47
   2.1553354e+02   4.6520735e-47
   2.1603056e+02   4.6544553e-47
   2.1652873e+02   4.6568401e-47
   2.1702804e+02   4.6592278e-47
   2.1752851e+02   4.6616185e-47
   2.1803013e+02   4.6640123e-47
   2.1853291e+02   4.6664093e-47
   2.1903685e+02   4.6688094e-47
   2.1954195e+02   4.6712128e-47
   2.2004822e+02   4.6736196e-47
   2.2055565e+02   4.6760296e-47
   2.2106425e+02   4.6784432e-47
   2.2157403e+02   4.6808602e-47
   2.2208498e+02   4.6832807e-47
   2.2259711e+02   4.6857048e-47
   2.2311042e+02   4.6881326e-47
   2.2362491e+02   4.6905642e-47
   2.2414060e+02   4.6929995e-47
   2.2465747e+02   4.6954386e-47
   2.2517553e+02   4.6978816e-47
   2.2569478e+02   4.7003286e-47
   2.2621524e+02   4.7027796e-47
   2.2673689e+02   4.7052347e-47
   2.2725975e+02   4.7076939e-47
   2.2778381e+02   4.7101573e-47
   2.2830908e+02   4.7126250e-47
   2.2883556e+02   4.7150970e-47
   2.2936326e+02   4.7175733e-47
   2.2989217e+02   4.7200541e-47
   2.3042231e+02   4.7225394e-47
   2.3095366e+02   4.7250292e-47
   2.3148624e+02   4.7275236e-47
   2.3202005e+02   4.7300227e-47
   2.3255509e+02   4.7325265e-47
   2.3309137e+02   4.7350352e-47
   2.3362888e+02   4.7375486e-47
   2.3416763e+02   4.7400670e-47
   2.3470762e+02   4.7425904e-47
   2.3524886e+02   4.7451188e-47
   2.3579134e+02   4.7476523e-47
   2.3633508e+02   4.7501910e-47
   2.3688007e+02   4.7527349e-47
   2.3742632e+02   4.7552840e-47
   2.3797382e+02   4.7578385e-47
   2.3852259e+02   4.7603984e-47
   2.3907263e+02   4.7629638e-47
   2.3962393e+02   4.7655347e-47
   2.4017651e+02   4.7681112e-47
   2.4073036e+02   4.7706934e-47
   2.4128548e+02   4.7732812e-47
   2.4184189e+02   4.7758749e-47
   2.4239958e+02   4.7784743e-47
   2.4295855e+02   4.7810797e-47
   2.4351882e+02   4.7836910e-47
   2.4408037e+02   4.7863084e-47
   2.4464322e+02   4.7889319e-47
   2.4520737e+02   4.7915615e-47
   2.4577282e+02   4.7941973e-47
   2.4633958e+02   4.7968394e-47
   2.4690764e+02   4.7994879e-47
   2.4747701e+02   4.8021427e-47
   2.4804769e+02   4.8048040e-47
   2.4861969e+02   4.8074719e-47
   2.4919301e+02   4.8101464e-47
   2.4976765e+02   4.8128275e-47
   2.5034362e+02   4.8155153e-47
   2.5092091e+02   4.8182100e-47
   2.5149954e+02   4.8209115e-47
   2.5207950e+02   4.8236199e-47
   2.5266080e+02   4.8263353e-47
   2.5324343e+02   4.8290578e-47
   2.5382742e+02   4.8317874e-47
   2.5441274e+02   4.8345241e-47
   2.5499942e+02   4.8372681e-47
   2.5558745e+02   4.8400194e-47
   2.5617684e+02   4.8427781e-47
   2.5676758e+02   4.8455443e-47
   2.5735969e+02   4.8483179e-47
   2.5795317e+02   4.8510992e-47
   2.5854801e+02   4.8538881e-47
   2.5914422e+02   4.8566846e-47
   2.5974181e+02   4.8594890e-47
   2.6034078e+02   4.8623012e-47
   2.6094112e+02   4.8651214e-47
   2.6154286e+02   4.8679495e-47
   2.6214598e+02   4.8707856e-47
   2.6275049e+02   4.8736299e-47
   2.6335639e+02   4.8764823e-47
   2.6396369e+02   4.8793430e-47
   2.6457240e+02   4.8822120e-47
   2.6518250e+02   4.8850894e-47
   2.6579401e+02   4.8879753e-47
   2.6640694e+02   4.8908697e-47
   2.6702127e+02   4.8937727e-47
   2.6763703e+02   4.8966843e-47
   2.6825420e+02   4.8996047e-47
   2.6887280e+02   4.9025338e-47
   2.6949282e+02   4.9054719e-47
   2.7011427e+02   4.9084189e-47
   2.7073716e+02   4.9113748e-47
   2.7136148e+02   4.9143399e-47
   2.7198724e+02   4.9173141e-47
   2.7261444e+02   4.9202976e-47
   2.7324310e+02   4.9232903e-47
   2.7387320e+02   4.9262924e-47
   2.7450475e+02   4.9293039e-47
   2.7513776e+02   4.9323250e-47
   2.7577223e+02   4.9353556e-47
   2.7640816e+02   4.9383958e-47
   2.7704556e+02   4.9414458e-47
   2.7768443e+02   4.9445056e-47
   2.7832477e+02   4.9475752e-47
   2.7896659e+02   4.9506548e-47
   2.7960989e+02   4.9537444e-47
   2.8025467e+02   4.9568440e-47
   2.8090094e+02   4.9599539e-47
   2.8154870e+02   4.9630739e-47
   2.8219796e+02   4.9662043e-47
   2.8284871e+02   4.9693450e-47
   2.8350096e+02   4.9724962e-47
   2.8415471e+02   4.9756579e-47
   2.8480998e+02   4.9788302e-47
   2.8546675e+02   4.9820132e-47
   2.8612504e+02   4.9852069e-47
   2.8678485e+02   4.9884114e-47
   2.8744617e+02   4.9916269e-47
   2.8810903e+02   4.9948533e-47
   2.8877341e+02   4.9980908e-47
   2.8943932e+02   5.0013394e-47
   2.9010677e+02   5.0045992e-47
   2.9077576e+02   5.0078703e-47
   2.9144629e+02   5.0111527e-47
   2.9211837e+02   5.0144466e-47
   2.9279200e+02   5.0177520e-47
   2.9346718e+02   5.0210689e-47
   2.9414391e+02   5.0243976e-47
   2.9482221e+02   5.0277380e-47
   2.9550207e+02   5.0310902e-47
   2.9618350e+02   5.0344542e-47
   2.9686651e+02   5.0378303e-47
   2.9755108e+02   5.0412185e-47
   2.9823724e+02   5.0446187e-47
   2.9892498e+02   5.0480312e-47
   2.9961430e+02   5.0514560e-47
   3.0030521e+02   5.0548931e-47
   3.0099772e+02   5.0583427e-47
   3.0169182e+02   5.0618049e-47
   3.0238752e+02   5.0652796e-47
   3.0308483e+02   5.0687671e-47
   3.0378375e+02   5.0722673e-47
   3.0448428e+02   5.0757804e-47
   3.0518642e+02   5.0793064e-47
   3.0589018e+02   5.0828455e-47
   3.0659557e+02   5.0863976e-47
   3.0730258e+02   5.0899630e-47
   3.0801122e+02   5.0935416e-47
   3.0872150e+02   5.0971336e-47
   3.0943341e+02   5.1007390e-47
   3.1014697e+02   5.1043579e-47
   3.1086217e+02   5.1079904e-47
   3.1157902e+02   5.1116367e-47
   3.1229752e+02   5.1152967e-47
   3.1301768e+02   5.1189705e-47
   3.1373950e+02   5.1226583e-47
   3.1446299e+02   5.1263601e-47
   3.1518814e+02   5.1300761e-47
   3.1591497e+02   5.1338062e-47
   3.1664347e+02   5.1375506e-47
   3.1737365e+02   5.1413094e-47
   3.1810552e+02   5.1450826e-47
   3.1883907e+02   5.1488704e-47
   3.1957432e+02   5.1526729e-47
   3.2031126e+02   5.1564900e-47
   3.2104990e+02   5.1603220e-47
   3.2179024e+02   5.1641688e-47
   3.2253229e+02   5.1680307e-47
   3.2327606e+02   5.1719076e-47
   3.2402153e+02   5.1757996e-47
   3.2476873e+02   5.1797070e-47
   3.2551765e+02   5.1836297e-47
   3.2626829e+02   5.1875678e-47
   3.2702067e+02   5.1915214e-47
   3.2777478e+02   5.1954906e-47
   3.2853063e+02   5.1994756e-47
   3.2928823e+02   5.2034763e-47
   3.3004757e+02   5.2074930e-47
   3.3080866e+02   5.2115256e-47
   3.3157151e+02   5.2155743e-47
   3.3233612e+02   5.2196391e-47
   3.3310249e+02   5.2237202e-47
   3.3387062e+02   5.2278177e-47
   3.3464053e+02   5.2319316e-47
   3.3541221e+02   5.2360621e-47
   3.3618568e+02   5.2402092e-47
   3.3696092e+02   5.2443730e-47
   3.3773796e+02   5.2485536e-47
   3.3851679e+02   5.2527512e-47
   3.3929741e+02   5.2569658e-47
   3.4007983e+02   5.2611975e-47
   3.4086406e+02   5.2654464e-47
   3.4165009e+02   5.2697126e-47
   3.4243794e+02   5.2739962e-47
   3.4322760e+02   5.2782973e-47
   3.4401909e+02   5.2826160e-47
   3.4481240e+02   5.2869525e-47
   3.4560754e+02   5.2913067e-47
   3.4640451e+02   5.2956788e-47
   3.4720333e+02   5.3000689e-47
   3.4800398e+02   5.3044771e-47
   3.4880648e+02   5.3089035e-47
   3.4961083e+02   5.3133481e-47
   3.5041703e+02   5.3178112e-47
   3.5122510e+02   5.3222928e-47
   3.5203503e+02   5.3267930e-47
   3.5284682e+02   5.3313119e-47
   3.5366049e+02   5.3358496e-47
   3.5447603e+02   5.3404061e-47
   3.5529346e+02   5.3449818e-47
   3.5611277e+02   5.3495765e-47
   3.5693397e+02   5.3541904e-47
   3.5775706e+02   5.3588237e-47
   3.5858205e+02   5.3634764e-47
   3.5940894e+02   5.3681486e-47
   3.6023774e+02   5.3728405e-47
   3.6106845e+02   5.3775521e-47
   3.6190108e+02   5.3822835e-47
   3.6273563e+02   5.3870350e-47
   3.6357210e+02   5.3918065e-47
   3.6441050e+02   5.3965981e-47
   3.6525083e+02   5.4014101e-47
   3.6609310e+02   5.4062424e-47
   3.6693731e+02   5.4110953e-47
   3.6778347e+02   5.4159687e-47
   3.6863159e+02   5.4208629e-47
   3.6948165e+02   5.4257779e-47
   3.7033368e+02   5.4307139e-47
   3.7118767e+02   5.4356709e-47
   3.7204364e+02   5.4406491e-47
   3.7290157e+02   5.4456485e-47
   3.7376148e+02   5.4506694e-47
   3.7462338e+02   5.4557117e-47
   3.7548727e+02   5.4607757e-47
   3.7635314e+02   5.4658614e-47
   3.7722102e+02   5.4709689e-47
   3.7809089e+02   5.4760985e-47
   3.7896277e+02   5.4812500e-47
   3.7983666e+02   5.4864238e-47
   3.8071257e+02   5.4916199e-47
   3.8159049e+02   5.4968385e-47
   3.8247044e+02   5.5020795e-47
   3.8335242e+02   5.5073433e-47
   3.8423644e+02   5.5126298e-47
   3.8512249e+02   5.5179392e-47
   3.8601059e+02   5.5232716e-47
   3.8690073e+02   5.5286272e-47
   3.8779292e+02   5.5340061e-47
   3.8868718e+02   5.5394083e-47
   3.8958349e+02   5.5448340e-47
   3.9048188e+02   5.5502834e-47
   3.9138233e+02   5.5557565e-47
   3.9228486e+02   5.5612535e-47
   3.9318947e+02   5.5667745e-47
   3.9409617e+02   5.5723196e-47
   3.9500496e+02   5.5778889e-47
   3.9591584e+02   5.5834826e-47
   3.9682883e+02   5.5891009e-47
   3.9774392e+02   5.5947437e-47
   3.9866112e+02   5.6004113e-47
   3.9958044e+02   5.6061038e-47
   4.0050187e+02   5.6118213e-47
   4.0142543e+02   5.6175640e-47
   4.0235112e+02   5.6233319e-47
   4.0327895e+02   5.6291252e-47
   4.0420891e+02   5.6349440e-47
   4.0514102e+02   5.6407885e-47
   4.0607528e+02   5.6466589e-47
   4.0701169e+02   5.6525551e-47
   4.0795026e+02   5.6584774e-47
   4.0889100e+02   5.6644259e-47
   4.0983390e+02   5.6704008e-47
   4.1077898e+02   5.6764021e-47
   4.1172624e+02   5.6824300e-47
   4.1267569e+02   5.6884847e-47
   4.1362732e+02   5.6945663e-47
   4.1458115e+02   5.7006749e-47
   4.1553718e+02   5.7068107e-47
   4.1649541e+02   5.7129738e-47
   4.1745585e+02   5.7191643e-47
   4.1841851e+02   5.7253825e-47
   4.1938338e+02   5.7316284e-47
   4.2035048e+02   5.7379022e-47
   4.2131982e+02   5.7442041e-47
   4.2229138e+02   5.7505341e-47
   4.2326519e+02   5.7568925e-47
   4.2424124e+02   5.7632794e-47
   4.2521955e+02   5.7696949e-47
   4.2620010e+02   5.7761393e-47
   4.2718293e+02   5.7826126e-47
   4.2816801e+02   5.7891151e-47
   4.2915537e+02   5.7956469e-47
   4.3014501e+02   5.8022081e-47
   4.3113692e+02   5.8087990e-47
   4.3213113e+02   5.8154196e-47
   4.3312763e+02   5.8220703e-47
   4.3412642e+02   5.8287511e-47
   4.3512752e+02   5.8354622e-47
   4.3613093e+02   5.8422039e-47
   4.3713665e+02   5.8489763e-47
   4.3814469e+02   5.8557797e-47
   4.3915506e+02   5.8626142e-47
   4.4016775e+02   5.8694800e-47
   4.4118278e+02   5.8763775e-47
   4.4220015e+02   5.8833067e-47
   4.4321987e+02   5.8902681e-47
   4.4424194e+02   5.8972618e-47
   4.4526636e+02   5.9042881e-47
   4.4629315e+02   5.9113473e-47
   4.4732231e+02   5.9184398e-47
   4.4835383e+02   5.9255660e-47
   4.4938774e+02   5.9327261e-47
   4.5042403e+02   5.9399207e-47
   4.5146271e+02   5.9471503e-47
   4.5250379e+02   5.9544154e-47
   4.5354727e+02   5.9617166e-47
   4.5459315e+02   5.9690548e-47
   4.5564145e+02   5.9764306e-47
   4.5669216e+02   5.9838453e-47
   4.5774529e+02   5.9913001e-47
   4.5880086e+02   5.9987964e-47
   4.5985886e+02   6.0063361e-47
   4.6091930e+02   6.0139217e-47
   4.6198218e+02   6.0215561e-47
   4.6304751e+02   6.0292432e-47
   4.6411530e+02   6.0369885e-47
   4.6518556e+02   6.0447988e-47
   4.6625828e+02   6.0526841e-47
   4.6733347e+02   6.0606585e-47
   4.6841115e+02   6.0687424e-47
   4.6949131e+02   6.0769671e-47
   4.7057396e+02   6.0853818e-47
   4.7165911e+02   6.0940686e-47
   4.7274676e+02   6.1031713e-47
   4.7383691e+02   6.1129634e-47
   4.7492958e+02   6.1240181e-47
   4.7602478e+02   6.1377119e-47
   4.7712249e+02   6.1580881e-47
   4.7822274e+02   6.2017659e-47
   4.7932553e+02   6.4092569e-47
   4.8043085e+02   1.6995322e-45
   4.8153873e+02   6.3831219e-47
   4.8264916e+02   6.2270847e-47
   4.8376216e+02   6.2038705e-47
   4.8487772e+02   6.2010484e-47
   4.8599585e+02   6.2042214e-47
   4.8711656e+02   6.2097884e-47
   4.8823985e+02   6.2165078e-47
   4.8936574e+02   6.2238594e-47
   4.9049422e+02   6.2315945e-47
   4.9162530e+02   6.2395820e-47
   4.9275899e+02   6.2477479e-47
   4.9389530e+02   6.2560475e-47
   4.9503423e+02   6.2644529e-47
   4.9617578e+02   6.2729458e-47
   4.9731996e+02   6.2815139e-47
   4.9846679e+02   6.2901487e-47
   4.9961626e+02   6.2988442e-47
   5.0076837e+02   6.3075960e-47
   5.0192315e+02   6.3164010e-47
   5.0308059e+02   6.3252569e-47
   5.0424070e+02   6.3341619e-47
   5.0540348e+02   6.3431146e-47
   5.0656894e+02   6.3521142e-47
   5.0773710e+02   6.3611598e-47
   5.0890794e+02   6.3702509e-47
   5.1008149e+02   6.3793871e-47
   5.1125774e+02   6.3885681e-47
   5.1243670e+02   6.3977937e-47
   5.1361839e+02   6.4070638e-47
   5.1480279e+02   6.4163782e-47
   5.1598993e+02   6.4257369e-47
   5.1717981e+02   6.4351400e-47
   5.1837243e+02   6.4445874e-47
   5.1956780e+02   6.4540793e-47
   5.2076593e+02   6.4636156e-47
   5.2196682e+02   6.4731966e-47
   5.2317048e+02   6.4828224e-47
   5.2437691e+02   6.4924929e-47
   5.2558613e+02   6.5022085e-47
   5.2679814e+02   6.5119693e-47
   5.2801294e+02   6.5217753e-47
   5.2923054e+02   6.5316268e-47
   5.3045095e+02   6.5415240e-47
   5.3167417e+02   6.5514670e-47
   5.3290022e+02   6.5614560e-47
   5.3412909e+02   6.5714912e-47
   5.3536079e+02   6.5815727e-47
   5.3659534e+02   6.5917009e-47
   5.3783273e+02   6.6018759e-47
   5.3907298e+02   6.6120978e-47
   5.4031609e+02   6.6223669e-47
   5.4156206e+02   6.6326834e-47
   5.4281090e+02   6.6430475e-47
   5.4406263e+02   6.6534595e-47
   5.4531724e+02   6.6639195e-47
   5.4657475e+02   6.6744277e-47
   5.4783515e+02   6.6849844e-47
   5.4909847e+02   6.6955898e-47
   5.5036469e+02   6.7062441e-47
   5.5163384e+02   6.7169475e-47
   5.5290591e+02   6.7277003e-47
   5.5418091e+02   6.7385027e-47
   5.5545886e+02   6.7493548e-47
   5.5673975e+02   6.7602571e-47
   5.5802360e+02   6.7712096e-47
   5.5931040e+02   6.7822126e-47
   5.6060018e+02   6.7932664e-47
   5.6189293e+02   6.8043711e-47
   5.6318866e+02   6.8155270e-47
   5.6448737e+02   6.8267344e-47
   5.6578909e+02   6.8379935e-47
   5.6709380e+02   6.8493046e-47
   5.6840152e+02   6.8606678e-47
   5.6971226e+02   6.8720834e-47
   5.7102602e+02   6.8835517e-47
   5.7234281e+02   6.8950729e-47
   5.7366264e+02   6.9066472e-47
   5.7498551e+02   6.9182750e-47
   5.7631143e+02   6.9299564e-47
   5.7764041e+02   6.9416917e-47
   5.7897245e+02   6.9534812e-47
   5.8030757e+02   6.9653251e-47
   5.8164576e+02   6.9772236e-47
   5.8298704e+02   6.9891771e-47
   5.8433141e+02   7.0011857e-47
   5.8567889e+02   7.0132498e-47
   5.8702947e+02   7.0253696e-47
   5.8838316e+02   7.0375453e-47
   5.8973998e+02   7.0497772e-47
   5.9109992e+02   7.0620657e-47
   5.9246300e+02   7.0744108e-47
   5.9382923e+02   7.0868130e-47
   5.9519860e+02   7.0992725e-47
   5.9657113e+02   7.1117895e-47
   5.9794683e+02   7.1243643e-47
   5.9932570e+02   7.1369972e-47
   6.0070775e+02   7.1496884e-47
   6.0209299e+02   7.1624383e-47
   6.0348142e+02   7.1752471e-47
   6.0487305e+02   7.1881151e-47
   6.0626789e+02   7.2010425e-47
   6.0766595e+02   7.2140296e-47
   6.0906723e+02   7.2270768e-47
   6.1047175e+02   7.2401843e-47
   6.1187950e+02   7.2533523e-47
   6.1329050e+02   7.2665812e-47
   6.1470475e+02   7.2798712e-47
   6.1612226e+02   7.2932227e-47
   6.1754305e+02   7.3066359e-47
   6.1896711e+02   7.3201111e-47
   6.2039445e+02   7.3336486e-47
   6.2182508e+02   7.3472487e-47
   6.2325902e+02   7.3609116e-47
   6.2469626e+02   7.3746377e-47
   6.2613681e+02   7.3884273e-47
   6.2758069e+02   7.4022807e-47
   6.2902789e+02   7.4161981e-47
   6.3047844e+02   7.4301799e-47
   6.3193232e+02   7.4442264e-47
   6.3338957e+02   7.4583378e-47
   6.3485017e+02   7.4725144e-47
   6.3631414e+02   7.4867567e-47
   6.3778148e+02   7.5010648e-47
   6.3925221e+02   7.5154391e-47
   6.4072633e+02   7.5298800e-47
   6.4220385e+02   7.5443876e-47
   6.4368478e+02   7.5589623e-47
   6.4516912e+02   7.5736045e-47
   6.4665688e+02   7.5883144e-47
   6.4814808e+02   7.6030923e-47
   6.4964271e+02   7.6179387e-47
   6.5114080e+02   7.6328537e-47
   6.5264233e+02   7.6478378e-47
   6.5414733e+02   7.6628912e-47
   6.5565580e+02   7.6780142e-47
   6.5716775e+02   7.6932073e-47
   6.5868318e+02   7.7084706e-47
   6.6020211e+02   7.7238046e-47
   6.6172454e+02   7.7392096e-47
   6.6325048e+02   7.7546859e-47
   6.6477994e+02   7.7702338e-47
   6.6631293e+02   7.7858537e-47
   6.6784945e+02   7.8015458e-47
   6.6938952e+02   7.8173107e-47
   6.7093314e+02   7.8331485e-47
   6.7248031e+02   7.8490596e-47
   6.7403106e+02   7.8650443e-47
   6.7558538e+02   7.8811031e-47
   6.7714328e+02   7.8972362e-47
   6.7870478e+02   7.9134440e-47
   6.8026988e+02   7.9297269e-47
   6.8183859e+02   7.9460851e-47
   6.8341091e+02   7.9625191e-47
   6.8498686e+02   7.9790292e-47
   6.8656645e+02   7.9956157e-47
   6.8814967e+02   8.0122790e-47
   6.8973655e+02   8.0290195e-47
   6.9132709e+02   8.0458375e-47
   6.9292130e+02   8.0627333e-47
   6.9451918e+02   8.0797075e-47
   6.9612074e+02   8.0967602e-47
   6.9772600e+02   8.1138919e-47
   6.9933497e+02   8.1311029e-47
   7.0094764e+02   8.1483936e-47
   7.0256403e+02   8.1657645e-47
   7.0418415e+02   8.1832157e-47
   7.0580800e+02   8.2007478e-47
   7.0743560e+02   8.2183611e-47
   7.0906695e+02   8.2360560e-47
   7.1070206e+02   8.2538328e-47
   7.1234095e+02   8.2716920e-47
   7.1398361e+02   8.2896338e-47
   7.1563006e+02   8.3076588e-47
   7.1728031e+02   8.3257673e-47
   7.1893437e+02   8.3439597e-47
   7.2059223e+02   8.3622363e-47
   7.2225393e+02   8.3805976e-47
   7.2391945e+02   8.3990439e-47
   7.2558881e+02   8.4175757e-47
   7.2726203e+02   8.4361933e-47
   7.2893910e+02   8.4548971e-47
   7.3062004e+02   8.4736877e-47
   7.3230485e+02   8.4925652e-47
   7.3399355e+02   8.5115302e-47
   7.3568615e+02   8.5305831e-47
   7.3738265e+02   8.5497242e-47
   7.3908306e+02   8.5689540e-47
   7.4078739e+02   8.5882729e-47
   7.4249565e+02   8.6076812e-47
   7.4420785e+02   8.6271795e-47
   7.4592400e+02   8.6467682e-47
   7.4764410e+02   8.6664475e-47
   7.4936818e+02   8.6862181e-47
   7.5109623e+02   8.7060802e-47
   7.5282826e+02   8.7260344e-47
   7.5456429e+02   8.7460810e-47
   7.5630432e+02   8.7662204e-47
   7.5804836e+02   8.7864532e-47
   7.5979643e+02   8.8067797e-47
   7.6154852e+02   8.8272004e-47
   7.6330466e+02   8.8477157e-47
   7.6506485e+02   8.8683261e-47
   7.6682909e+02   8.8890319e-47
   7.6859741e+02   8.9098337e-47
   7.7036980e+02   8.9307319e-47
   7.7214628e+02   8.9517268e-47
   7.7392685e+02   8.9728191e-47
   7.7571153e+02   8.9940091e-47
   7.7750033e+02   9.0152972e-47
   7.7929325e+02   9.0366840e-47
   7.8109031e+02   9.0581699e-47
   7.8289151e+02   9.0797553e-47
   7.8469686e+02   9.1014407e-47
   7.8650638e+02   9.1232266e-47
   7.8832007e+02   9.1451135e-47
   7.9013794e+02   9.1671017e-47
   7.9196000e+02   9.1891918e-47
   7.9378627e+02   9.2113843e-47
   7.9561675e+02   9.2336796e-47
   7.9745144e+02   9.2560782e-47
   7.9929037e+02   9.2785806e-47
   8.0113354e+02   9.3011872e-47
   8.0298096e+02   9.3238986e-47
   8.0483264e+02   9.3467152e-47
   8.0668859e+02   9.3696375e-47
   8.0854882e+02   9.3926660e-47
   8.1041334e+02   9.4158013e-47
   8.1228216e+02   9.4390437e-47
   8.1415529e+02   9.4623938e-47
   8.1603274e+02   9.4858521e-47
   8.1791452e+02   9.5094190e-47
   8.1980064e+02   9.5330952e-47
   8.2169110e+02   9.5568811e-47
   8.2358593e+02   9.5807771e-47
   8.2548512e+02   9.6047839e-47
   8.2738870e+02   9.6289019e-47
   8.2929666e+02   9.6531317e-47
   8.3120903e+02   9.6774737e-47
   8.3312580e+02   9.7019285e-47
   8.3504700e+02   9.7264966e-47
   8.3697262e+02   9.7511785e-47
   8.3890269e+02   9.7759747e-47
   8.4083720e+02   9.8008859e-47
   8.4277618e+02   9.8259125e-47
   8.4471963e+02   9.8510550e-47
   8.4666756e+02   9.8763140e-47
   8.4861998e+02   9.9016900e-47
   8.5057690e+02   9.9271836e-47
   8.5253834e+02   9.9527953e-47
   8.5450430e+02   9.9785257e-47
   8.5647479e+02   1.0004375e-46
   8.5844983e+02   1.0030345e-46
   8.6042942e+02   1.0056434e-46
   8.6241358e+02   1.0082645e-46
   8.6440231e+02   1.0108977e-46
   8.6639563e+02   1.0135431e-46
   8.6839354e+02   1.0162007e-46
   8.7039607e+02   1.0188707e-46
   8.7240321e+02   1.0215530e-46
   8.7441498e+02   1.0242478e-46
   8.7643138e+02   1.0269550e-46
   8.7845244e+02   1.0296748e-46
   8.8047816e+02   1.0324072e-46
   8.8250855e+02   1.0351523e-46
   8.8454362e+02   1.0379100e-46
   8.8658338e+02   1.0406806e-46
   8.8862785e+02   1.0434639e-46
   8.9067703e+02   1.0462602e-46
   8.9273094e+02   1.0490694e-46
   8.9478959e+02   1.0518917e-46
   8.9685298e+02   1.0547270e-46
   8.9892113e+02   1.0575755e-46
   9.0099405e+02   1.0604371e-46
   9.0307175e+02   1.0633120e-46
   9.0515424e+02   1.0662003e-46
   9.0724153e+02   1.0691019e-46
   9.0933364e+02   1.0720170e-46
   9.1143057e+02   1.0749456e-46
   9.1353233e+02   1.0778877e-46
   9.1563894e+02   1.0808435e-46
   9.1775041e+02   1.0838130e-46
   9.1986675e+02   1.0867963e-46
   9.2198797e+02   1.0897934e-46
   9.2411408e+02   1.0928044e-46
   9.2624510e+02   1.0958294e-46
   9.2838103e+02   1.0988685e-46
   9.3052188e+02   1.1019216e-46
   9.3266767e+02   1.1049890e-46
   9.3481841e+02   1.1080707e-46
   9.3697411e+02   1.1111668e-46
   9.3913478e+02   1.1142774e-46
   9.4130043e+02   1.1174028e-46
   9.4347108e+02   1.1205430e-46
   9.4564673e+02   1.1236984e-46
   9.4782740e+02   1.1268696e-46
   9.5001309e+02   1.1300578e-46
   9.5220383e+02   1.1332656e-46
   9.5439962e+02   1.1365008e-46
   9.5660047e+02   1.1397964e-46
   9.5880640e+02   1.1434572e-46
   9.6101742e+02   1.1812321e-46
   9.6323353e+02   1.1497858e-46
   9.6545475e+02   1.1528262e-46
   9.6768110e+02   1.1560779e-46
   9.6991258e+02   1.1593772e-46
   9.7214920e+02   1.1627015e-46
   9.7439099e+02   1.1660452e-46
   9.7663794e+02   1.1694063e-46
   9.7889008e+02   1.1727840e-46
   9.8114740e+02   1.1761779e-46
   9.8340994e+02   1.1795879e-46
   9.8567769e+02   1.1830139e-46
   9.8795067e+02   1.1864559e-46
   9.9022889e+02   1.1899140e-46
   9.9251237e+02   1.1933882e-46
   9.9480111e+02   1.1968786e-46
   9.9709513e+02   1.2003851e-46
   9.9939443e+02   1.2039080e-46
   1.0016990e+03   1.2074471e-46
   1.0040090e+03   1.2110027e-46
   1.0063242e+03   1.2145748e-46
   1.0086448e+03   1.2181634e-46
   1.0109708e+03   1.2217686e-46
   1.0133021e+03   1.2253906e-46
   1.0156387e+03   1.2290293e-46
   1.0179808e+03   1.2326849e-46
   1.0203283e+03   1.2363574e-46
   1.0226812e+03   1.2400469e-46
   1.0250395e+03   1.2437535e-46
   1.0274032e+03   1.2474773e-46
   1.0297724e+03   1.2512183e-46
   1.0321471e+03   1.2549767e-46
   1.0345272e+03   1.2587524e-46
   1.0369129e+03   1.2625456e-46
   1.0393040e+03   1.2663564e-46
   1.0417006e+03   1.2701849e-46
   1.0441028e+03   1.2740310e-46
   1.0465105e+03   1.2778950e-46
   1.0489238e+03   1.2817768e-46
   1.0513426e+03   1.2856766e-46
   1.0537670e+03   1.2895945e-46
   1.0561970e+03   1.2935305e-46
   1.0586326e+03   1.2974848e-46
   1.0610738e+03   1.3014573e-46
   1.0635207e+03   1.3054483e-46
   1.0659731e+03   1.3094577e-46
   1.0684313e+03   1.3134856e-46
   1.0708951e+03   1.3175322e-46
   1.0733646e+03   1.3215976e-46
   1.0758398e+03   1.3256818e-46
   1.0783207e+03   1.3297848e-46
   1.0808073e+03   1.3339069e-46
   1.0832996e+03   1.3380480e-46
   1.0857977e+03   1.3422084e-46
   1.0883016e+03   1.3463879e-46
   1.0908112e+03   1.3505868e-46
   1.0933266e+03   1.3548052e-46
   1.0958479e+03   1.3590431e-46
   1.0983749e+03   1.3633006e-46
   1.1009078e+03   1.3675778e-46
   1.1034465e+03   1.3718748e-46
   1.1059910e+03   1.3761916e-46
   1.1085414e+03   1.3805285e-46
   1.1110977e+03   1.3848854e-46
   1.1136599e+03   1.3892625e-46
   1.1162281e+03   1.3936599e-46
   1.1188021e+03   1.3980776e-46
   1.1213820e+03   1.4025158e-46
   1.1239680e+03   1.4069745e-46
   1.1265598e+03   1.4114538e-46
   1.1291577e+03   1.4159538e-46
   1.1317615e+03   1.4204747e-46
   1.1343714e+03   1.4250165e-46
   1.1369873e+03   1.4295794e-46
   1.1396092e+03   1.4341633e-46
   1.1422371e+03   1.4387685e-46
   1.1448711e+03   1.4433949e-46
   1.1475112e+03   1.4480428e-46
   1.1501574e+03   1.4527122e-46
   1.1528096e+03   1.4574032e-46
   1.1554680e+03   1.4621159e-46
   1.1581325e+03   1.4668504e-46
   1.1608032e+03   1.4716068e-46
   1.1634800e+03   1.4763853e-46
   1.1661630e+03   1.4811858e-46
   1.1688522e+03   1.4860086e-46
   1.1715476e+03   1.4908536e-46
   1.1742492e+03   1.4957211e-46
   1.1769570e+03   1.5006111e-46
   1.1796711e+03   1.5055238e-46
   1.1823914e+03   1.5104592e-46
   1.1851180e+03   1.5154174e-46
   1.1878509e+03   1.5203985e-46
   1.1905901e+03   1.5254027e-46
   1.1933356e+03   1.5304301e-46
   1.1960875e+03   1.5354807e-46
   1.1988456e+03   1.5405546e-46
   1.2016102e+03   1.5456521e-46
   1.2043811e+03   1.5507731e-46
   1.2071584e+03   1.5559179e-46
   1.2099421e+03   1.5610864e-46
   1.2127323e+03   1.5662789e-46
   1.2155288e+03   1.5714953e-46
   1.2183319e+03   1.5767360e-46
   1.2211413e+03   1.5820008e-46
   1.2239573e+03   1.5872900e-46
   1.2267798e+03   1.5926037e-46
   1.2296087e+03   1.5979420e-46
   1.2324442e+03   1.6033049e-46
   1.2352862e+03   1.6086927e-46
   1.2381348e+03   1.6141054e-46
   1.2409900e+03   1.6195431e-46
   1.2438517e+03   1.6250060e-46
   1.2467200e+03   1.6304942e-46
   1.2495950e+03   1.6360077e-46
   1.2524766e+03   1.6415468e-46
   1.2553648e+03   1.6471115e-46
   1.2582597e+03   1.6527019e-46
   1.2611612e+03   1.6583182e-46
   1.2640695e+03   1.6639605e-46
   1.2669844e+03   1.6696288e-46
   1.2699061e+03   1.6753234e-46
   1.2728345e+03   1.6810443e-46
   1.2757697e+03   1.6867917e-46
   1.2787116e+03   1.6925657e-46
   1.2816603e+03   1.6983664e-46
   1.2846158e+03   1.7041939e-46
   1.2875782e+03   1.7100484e-46
   1.2905473e+03   1.7159299e-46
   1.2935233e+03   1.7218387e-46
   1.2965062e+03   1.7277748e-46
   1.2994960e+03   1.7337383e-46
   1.3024926e+03   1.7397295e-46
   1.3054962e+03   1.7457483e-46
   1.3085067e+03   1.7517950e-46
   1.3115241e+03   1.7578696e-46
   1.3145485e+03   1.7639724e-46
   1.3175798e+03   1.7701033e-46
   1.3206182e+03   1.7762627e-46
   1.3236635e+03   1.7824505e-46
   1.3267159e+03   1.7886669e-46
   1.3297753e+03   1.7949121e-46
   1.3328418e+03   1.8011862e-46
   1.3359154e+03   1.8074893e-46
   1.3389960e+03   1.8138215e-46
   1.3420837e+03   1.8201830e-46
   1.3451786e+03   1.8265740e-46
   1.3482806e+03   1.8329945e-46
   1.3513897e+03   1.8394447e-46
   1.3545060e+03   1.8459247e-46
   1.3576295e+03   1.8524347e-46
   1.3607602e+03   1.8589748e-46
   1.3638982e+03   1.8655451e-46
   1.3670433e+03   1.8721459e-46
   1.3701957e+03   1.8787771e-46
   1.3733554e+03   1.8854390e-46
   1.3765224e+03   1.8921318e-46
   1.3796966e+03   1.8988555e-46
   1.3828782e+03   1.9056102e-46
   1.3860672e+03   1.9123963e-46
   1.3892634e+03   1.9192137e-46
   1.3924671e+03   1.9260626e-46
   1.3956781e+03   1.9329432e-46
   1.3988966e+03   1.9398557e-46
   1.4021224e+03   1.9468001e-46
   1.4053558e+03   1.9537766e-46
   1.4085965e+03   1.9607854e-46
   1.4118448e+03   1.9678267e-46
   1.4151005e+03   1.9749005e-46
   1.4183637e+03   1.9820071e-46
   1.4216345e+03   1.9891467e-46
   1.4249128e+03   1.9963195e-46
   1.4281986e+03   2.0035260e-46
   1.4314921e+03   2.0107669e-46
   1.4347931e+03   2.0180454e-46
   1.4381017e+03   2.0253883e-46
   1.4414180e+03   2.0394314e-46
   1.4447419e+03   2.0400879e-46
   1.4480735e+03   2.0474702e-46
   1.4514128e+03   2.0549070e-46
   1.4547598e+03   2.0623815e-46
   1.4581144e+03   2.0698916e-46
   1.4614769e+03   2.0774368e-46
   1.4648470e+03   2.0850170e-46
   1.4682250e+03   2.0926324e-46
   1.4716107e+03   2.1002830e-46
   1.4750043e+03   2.1079691e-46
   1.4784056e+03   2.1156907e-46
   1.4818149e+03   2.1234480e-46
   1.4852319e+03   2.1312412e-46
   1.4886569e+03   2.1390705e-46
   1.4920897e+03   2.1469359e-46
   1.4955305e+03   2.1548378e-46
   1.4989792e+03   2.1627761e-46
   1.5024359e+03   2.1707512e-46
   1.5059005e+03   2.1787631e-46
   1.5093731e+03   2.1868121e-46
   1.5128538e+03   2.1948983e-46
   1.5163424e+03   2.2030218e-46
   1.5198391e+03   2.2111830e-46
   1.5233439e+03   2.2193818e-46
   1.5268567e+03   2.2276186e-46
   1.5303776e+03   2.2358934e-46
   1.5339067e+03   2.2442065e-46
   1.5374439e+03   2.2525580e-46
   1.5409893e+03   2.2609482e-46
   1.5445428e+03   2.2693771e-46
   1.5481045e+03   2.2778450e-46
   1.5516745e+03   2.2863520e-46
   1.5552526e+03   2.2948983e-46
   1.5588391e+03   2.3034842e-46
   1.5624338e+03   2.3121098e-46
   1.5660367e+03   2.3207752e-46
   1.5696480e+03   2.3294807e-46
   1.5732677e+03   2.3382264e-46
   1.5768956e+03   2.3470126e-46
   1.5805320e+03   2.3558393e-46
   1.5841767e+03   2.3647069e-46
   1.5878298e+03   2.3736155e-46
   1.5914913e+03   2.3825652e-46
   1.5951613e+03   2.3915563e-46
   1.5988398e+03   2.4005890e-46
   1.6025267e+03   2.4096634e-46
   1.6062222e+03   2.4187798e-46
   1.6099261e+03   2.4279383e-46
   1.6136386e+03   2.4371391e-46
   1.6173597e+03   2.4463825e-46
   1.6210893e+03   2.4556686e-46
   1.6248276e+03   2.4649976e-46
   1.6285744e+03   2.4743698e-46
   1.6323300e+03   2.4837852e-46
   1.6360941e+03   2.4932442e-46
   1.6398670e+03   2.5027469e-46
   1.6436485e+03   2.5122935e-46
   1.6474388e+03   2.5218843e-46
   1.6512378e+03   2.5315193e-46
   1.6550456e+03   2.5411989e-46
   1.6588621e+03   2.5509233e-46
   1.6626874e+03   2.5606926e-46
   1.6665216e+03   2.5705070e-46
   1.6703646e+03   2.5803668e-46
   1.6742165e+03   2.5902722e-46
   1.6780773e+03   2.6002234e-46
   1.6819469e+03   2.6102205e-46
   1.6858255e+03   2.6202639e-46
   1.6897130e+03   2.6303537e-46
   1.6936095e+03   2.6404901e-46
   1.6975150e+03   2.6506733e-46
   1.7014295e+03   2.6609037e-46
   1.7053530e+03   2.6711813e-46
   1.7092855e+03   2.6815064e-46
   1.7132272e+03   2.6918792e-46
   1.7171779e+03   2.7023000e-46
   1.7211377e+03   2.7127689e-46
   1.7251067e+03   2.7232862e-46
   1.7290848e+03   2.7338521e-46
   1.7330721e+03   2.7444668e-46
   1.7370685e+03   2.7551306e-46
   1.7410742e+03   2.7658437e-46
   1.7450892e+03   2.7766063e-46
   1.7491133e+03   2.7874186e-46
   1.7531468e+03   2.7982809e-46
   1.7571896e+03   2.8091934e-46
   1.7612417e+03   2.8201564e-46
   1.7653031e+03   2.8311700e-46
   1.7693739e+03   2.8422344e-46
   1.7734541e+03   2.8533501e-46
   1.7775437e+03   2.8645171e-46
   1.7816427e+03   2.8757357e-46
   1.7857512e+03   2.8870061e-46
   1.7898692e+03   2.8983286e-46
   1.7939966e+03   2.9097035e-46
   1.7981336e+03   2.9211309e-46
   1.8022801e+03   2.9326111e-46
   1.8064362e+03   2.9441444e-46
   1.8106018e+03   2.9557309e-46
   1.8147771e+03   2.9673710e-46
   1.8189620e+03   2.9790649e-46
   1.8231565e+03   2.9908129e-46
   1.8273607e+03   3.0026151e-46
   1.8315746e+03   3.0144719e-46
   1.8357983e+03   3.0263834e-46
   1.8400316e+03   3.0383500e-46
   1.8442748e+03   3.0503719e-46
   1.8485277e+03   3.0624494e-46
   1.8527904e+03   3.0745826e-46
   1.8570629e+03   3.0867720e-46
   1.8613453e+03   3.0990176e-46
   1.8656376e+03   3.1113199e-46
   1.8699398e+03   3.1236789e-46
   1.8742519e+03   3.1360951e-46
   1.8785739e+03   3.1485687e-46
   1.8829059e+03   3.1610999e-46
   1.8872479e+03   3.1736891e-46
   1.8915999e+03   3.1863364e-46
   1.8959620e+03   3.1990421e-46
   1.9003341e+03   3.2118067e-46
   1.9047163e+03   3.2246303e-46
   1.9091086e+03   3.2375134e-46
   1.9135110e+03   3.2504570e-46
   1.9179235e+03   3.2634683e-46
   1.9223463e+03   3.2767580e-46
   1.9267792e+03   3.2896465e-46
   1.9312224e+03   3.3028256e-46
   1.9356758e+03   3.3160687e-46
   1.9401395e+03   3.3293736e-46
   1.9446135e+03   3.3427400e-46
   1.9490978e+03   3.3561684e-46
   1.9535924e+03   3.3696587e-46
   1.9580974e+03   3.3832115e-46
   1.9626128e+03   3.3968268e-46
   1.9671386e+03   3.4105051e-46
   1.9716748e+03   3.4242466e-46
   1.9762215e+03   3.4380516e-46
   1.9807787e+03   3.4519203e-46
   1.9853464e+03   3.4658532e-46
   1.9899246e+03   3.4798504e-46
   1.9945134e+03   3.4939123e-46
   1.9991128e+03   3.5080391e-46
   2.0037227e+03   3.5222312e-46
   2.0083433e+03   3.5364889e-46
   2.0129746e+03   3.5508125e-46
   2.0176165e+03   3.5652023e-46
   2.0222692e+03   3.5796585e-46
   2.0269325e+03   3.5941815e-46
   2.0316067e+03   3.6087717e-46
   2.0362916e+03   3.6234292e-46
   2.0409873e+03   3.6381545e-46
   2.0456938e+03   3.6529477e-46
   2.0504112e+03   3.6678094e-46
   2.0551394e+03   3.6827397e-46
   2.0598786e+03   3.6977390e-46
   2.0646287e+03   3.7128075e-46
   2.0693898e+03   3.7279457e-46
   2.0741618e+03   3.7431539e-46
   2.0789448e+03   3.7584323e-46
   2.0837389e+03   3.7737812e-46
   2.0885440e+03   3.7892011e-46
   2.0933602e+03   3.8046923e-46
   2.0981875e+03   3.8202550e-46
   2.1030259e+03   3.8358896e-46
   2.1078755e+03   3.8515964e-46
   2.1127363e+03   3.8673758e-46
   2.1176083e+03   3.8832281e-46
   2.1224915e+03   3.8991536e-46
   2.1273860e+03   3.9151527e-46
   2.1322918e+03   3.9312257e-46
   2.1372088e+03   3.9473730e-46
   2.1421373e+03   3.9635949e-46
   2.1470771e+03   3.9798917e-46
   2.1520282e+03   3.9962638e-46
   2.1569908e+03   4.0127115e-46
   2.1619649e+03   4.0292352e-46
   2.1669504e+03   4.0458353e-46
   2.1719474e+03   4.0625120e-46
   2.1769559e+03   4.0792658e-46
   2.1819760e+03   4.0960970e-46
   2.1870076e+03   4.1130059e-46
   2.1920509e+03   4.1299930e-46
   2.1971058e+03   4.1470585e-46
   2.2021723e+03   4.1642029e-46
   2.2072505e+03   4.1814264e-46
   2.2123405e+03   4.1987296e-46
   2.2174421e+03   4.2161126e-46
   2.2225556e+03   4.2335760e-46
   2.2276808e+03   4.2511200e-46
   2.2328179e+03   4.2687451e-46
   2.2379668e+03   4.2864516e-46
   2.2431275e+03   4.3042399e-46
   2.2483002e+03   4.3221104e-46
   2.2534848e+03   4.3400634e-46
   2.2586814e+03   4.3580994e-46
   2.2638899e+03   4.3762187e-46
   2.2691104e+03   4.3944217e-46
   2.2743430e+03   4.4127087e-46
   2.2795877e+03   4.4310803e-46
   2.2848444e+03   4.4495367e-46
   2.2901133e+03   4.4680784e-46
   2.2953943e+03   4.4867057e-46
   2.3006875e+03   4.5054191e-46
   2.3059929e+03   4.5242189e-46
   2.3113105e+03   4.5431055e-46
   2.3166404e+03   4.5620795e-46
   2.3219826e+03   4.5811410e-46
   2.3273371e+03   4.6002906e-46
   2.3327040e+03   4.6195287e-46
   2.3380832e+03   4.6388556e-46
   2.3434749e+03   4.6582718e-46
   2.3488789e+03   4.6777777e-46
   2.3542955e+03   4.6973737e-46
   2.3597245e+03   4.7170603e-46
   2.3651660e+03   4.7368377e-46
   2.3706201e+03   4.7567066e-46
   2.3760868e+03   4.7766672e-46
   2.3815661e+03   4.7967200e-46
   2.3870580e+03   4.8168656e-46
   2.3925626e+03   4.8371046e-46
   2.3980798e+03   4.8574403e-46
   2.4036098e+03   4.8778855e-46
   2.4091526e+03   4.8983831e-46
   2.4147081e+03   4.9189973e-46
   2.4202764e+03   4.9397073e-46
   2.4258576e+03   4.9605131e-46
   2.4314516e+03   4.9814151e-46
   2.4370586e+03   5.0024137e-46
   2.4426785e+03   5.0235092e-46
   2.4483113e+03   5.0447022e-46
   2.4539571e+03   5.0659931e-46
   2.4596160e+03   5.0873823e-46
   2.4652879e+03   5.1088703e-46
   2.4709728e+03   5.1304576e-46
   2.4766709e+03   5.1521446e-46
   2.4823821e+03   5.1739318e-46
   2.4881065e+03   5.1958196e-46
   2.4938441e+03   5.2178085e-46
   2.4995949e+03   5.2398990e-46
   2.5053590e+03   5.2620915e-46
   2.5111364e+03   5.2843865e-46
   2.5169271e+03   5.3067845e-46
   2.5227312e+03   5.3292860e-46
   2.5285486e+03   5.3518914e-46
   2.5343794e+03   5.3746012e-46
   2.5402237e+03   5.3974159e-46
   2.5460815e+03   5.4203360e-46
   2.5519528e+03   5.4433619e-46
   2.5578376e+03   5.4664942e-46
   2.5637360e+03   5.4897334e-46
   2.5696480e+03   5.5130799e-46
   2.5755736e+03   5.5365342e-46
   2.5815129e+03   5.5600969e-46
   2.5874659e+03   5.5837683e-46
   2.5934326e+03   5.6075492e-46
   2.5994131e+03   5.6314398e-46
   2.6054074e+03   5.6554408e-46
   2.6114155e+03   5.6795527e-46
   2.6174374e+03   5.7037759e-46
   2.6234732e+03   5.7281111e-46
   2.6295230e+03   5.7525586e-46
   2.6355867e+03   5.7771190e-46
   2.6416644e+03   5.8017929e-46
   2.6477561e+03   5.8265807e-46
   2.6538618e+03   5.8514831e-46
   2.6599816e+03   5.8765004e-46
   2.6661156e+03   5.9016333e-46
   2.6722637e+03   5.9268823e-46
   2.6784259e+03   5.9522479e-46
   2.6846024e+03   5.9777306e-46
   2.6907931e+03   6.0033311e-46
   2.6969981e+03   6.0290498e-46
   2.7032174e+03   6.0548873e-46
   2.7094510e+03   6.0808441e-46
   2.7156991e+03   6.1069208e-46
   2.7219615e+03   6.1331179e-46
   2.7282383e+03   6.1594361e-46
   2.7345297e+03   6.1858758e-46
   2.7408355e+03   6.2124376e-46
   2.7471559e+03   6.2391221e-46
   2.7534909e+03   6.2659298e-46
   2.7598405e+03   6.2928613e-46
   2.7662047e+03   6.3199173e-46
   2.7725836e+03   6.3470982e-46
   2.7789772e+03   6.3744046e-46
   2.7853855e+03   6.4018372e-46
   2.7918086e+03   6.4293964e-46
   2.7982465e+03   6.4570830e-46
   2.8046993e+03   6.4848974e-46
   2.8111670e+03   6.5128403e-46
   2.8176496e+03   6.5409122e-46
   2.8241471e+03   6.5691138e-46
   2.8306596e+03   6.5974456e-46
   2.8371871e+03   6.6259083e-46
   2.8437297e+03   6.6545024e-46
   2.8502873e+03   6.6832287e-46
   2.8568601e+03   6.7120876e-46
   2.8634481e+03   6.7410798e-46
   2.8700512e+03   6.7702060e-46
   2.8766696e+03   6.7994674e-46
   2.8833032e+03   6.8288979e-46
   2.8899521e+03   6.8583941e-46
   2.8966164e+03   6.8880616e-46
   2.9032960e+03   6.9178664e-46
   2.9099910e+03   6.9478089e-46
   2.9167015e+03   6.9778897e-46
   2.9234274e+03   7.0081095e-46
   2.9301688e+03   7.0384688e-46
   2.9369258e+03   7.0689683e-46
   2.9436984e+03   7.0996087e-46
   2.9504866e+03   7.1303906e-46
   2.9572904e+03   7.1613147e-46
   2.9641100e+03   7.1923816e-46
   2.9709452e+03   7.2235920e-46
   2.9777963e+03   7.2549465e-46
   2.9846631e+03   7.2864459e-46
   2.9915457e+03   7.3180907e-46
   2.9984443e+03   7.3498816e-46
   3.0053587e+03   7.3818194e-46
   3.0122891e+03   7.4139047e-46
   3.0192354e+03   7.4461381e-46
   3.0261978e+03   7.4785205e-46
   3.0331763e+03   7.5110523e-46
   3.0401708e+03   7.5437345e-46
   3.0471814e+03   7.5765675e-46
   3.0542083e+03   7.6095522e-46
   3.0612513e+03   7.6426892e-46
   3.0683106e+03   7.6759793e-46
   3.0753861e+03   7.7094231e-46
   3.0824780e+03   7.7430214e-46
   3.0895862e+03   7.7767748e-46
   3.0967108e+03   7.8106841e-46
   3.1038518e+03   7.8447500e-46
   3.1110093e+03   7.8789733e-46
   3.1181833e+03   7.9133546e-46
   3.1253739e+03   7.9478946e-46
   3.1325810e+03   7.9825942e-46
   3.1398048e+03   8.0174541e-46
   3.1470452e+03   8.0524749e-46
   3.1543023e+03   8.0876575e-46
   3.1615762e+03   8.1230025e-46
   3.1688668e+03   8.1585108e-46
   3.1761742e+03   8.1941831e-46
   3.1834985e+03   8.2300201e-46
   3.1908397e+03   8.2660226e-46
   3.1981978e+03   8.3021914e-46
   3.2055728e+03   8.3385272e-46
   3.2129649e+03   8.3750308e-46
   3.2203740e+03   8.4117031e-46
   3.2278002e+03   8.4485446e-46
   3.2352436e+03   8.4855563e-46
   3.2427041e+03   8.5227390e-46
   3.2501818e+03   8.5600933e-46
   3.2576767e+03   8.5976202e-46
   3.2651889e+03   8.6353204e-46
   3.2727185e+03   8.6731946e-46
   3.2802654e+03   8.7112438e-46
   3.2878297e+03   8.7494687e-46
   3.2954115e+03   8.7878701e-46
   3.3030107e+03   8.8264489e-46
   3.3106275e+03   8.8652058e-46
   3.3182618e+03   8.9041418e-46
   3.3259138e+03   8.9432575e-46
   3.3335833e+03   8.9825539e-46
   3.3412706e+03   9.0220317e-46
   3.3489756e+03   9.0616920e-46
   3.3566984e+03   9.1015357e-46
   3.3644389e+03   9.1415691e-46
   3.3721974e+03   9.1817749e-46
   3.3799737e+03   9.2221726e-46
   3.3877679e+03   9.2627570e-46
   3.3955801e+03   9.3035288e-46
   3.4034104e+03   9.3444890e-46
   3.4112587e+03   9.3856383e-46
   3.4191251e+03   9.4269776e-46
   3.4270096e+03   9.4685078e-46
   3.4349123e+03   9.5102299e-46
   3.4428332e+03   9.5521446e-46
   3.4507724e+03   9.5942528e-46
   3.4587299e+03   9.6365556e-46
   3.4667058e+03   9.6790537e-46
   3.4747000e+03   9.7217480e-46
   3.4827127e+03   9.7646395e-46
   3.4907439e+03   9.8077291e-46
   3.4987936e+03   9.8510176e-46
   3.5068618e+03   9.8945061e-46
   3.5149487e+03   9.9381954e-46
   3.5230542e+03   9.9820865e-46
   3.5311784e+03   1.0026180e-45
   3.5393213e+03   1.0070478e-45
   3.5474830e+03   1.0114980e-45
   3.5556635e+03   1.0159687e-45
   3.5638629e+03   1.0204601e-45
   3.5720812e+03   1.0249722e-45
   3.5803184e+03   1.0295052e-45
   3.5885747e+03   1.0340591e-45
   3.5968500e+03   1.0386340e-45
   3.6051443e+03   1.0432301e-45
   3.6134578e+03   1.0478474e-45
   3.6217905e+03   1.0524860e-45
   3.6301424e+03   1.0571460e-45
   3.6385135e+03   1.0618276e-45
   3.6469039e+03   1.0665307e-45
   3.6553137e+03   1.0712556e-45
   3.6637429e+03   1.0760023e-45
   3.6721915e+03   1.0807709e-45
   3.6806596e+03   1.0855616e-45
   3.6891472e+03   1.0903744e-45
   3.6976544e+03   1.0952094e-45
   3.7061813e+03   1.1000667e-45
   3.7147277e+03   1.1049464e-45
   3.7232939e+03   1.1098487e-45
   3.7318799e+03   1.1147736e-45
   3.7404856e+03   1.1197213e-45
   3.7491112e+03   1.1246918e-45
   3.7577567e+03   1.1296853e-45
   3.7664221e+03   1.1347018e-45
   3.7751075e+03   1.1397415e-45
   3.7838129e+03   1.1448045e-45
   3.7925384e+03   1.1498908e-45
   3.8012841e+03   1.1550007e-45
   3.8100498e+03   1.1601341e-45
   3.8188359e+03   1.1652913e-45
   3.8276421e+03   1.1704722e-45
   3.8364687e+03   1.1756771e-45
   3.8453156e+03   1.1809063e-45
   3.8541829e+03   1.1861591e-45
   3.8630707e+03   1.1914364e-45
   3.8719790e+03   1.1967381e-45
   3.8809078e+03   1.2020643e-45
   3.8898572e+03   1.2074150e-45
   3.8988272e+03   1.2127905e-45
   3.9078180e+03   1.2181908e-45
   3.9168294e+03   1.2236160e-45
   3.9258617e+03   1.2290663e-45
   3.9349147e+03   1.2345418e-45
   3.9439887e+03   1.2400425e-45
   3.9530835e+03   1.2455687e-45
   3.9621994e+03   1.2511203e-45
   3.9713362e+03   1.2566976e-45
   3.9804942e+03   1.2623007e-45
   3.9896732e+03   1.2679296e-45
   3.9988734e+03   1.2735845e-45
   4.0080949e+03   1.2792656e-45
   4.0173376e+03   1.2849729e-45
   4.0266016e+03   1.2907065e-45
   4.0358870e+03   1.2964666e-45
   4.0451937e+03   1.3022533e-45
   4.0545220e+03   1.3080667e-45
   4.0638718e+03   1.3139070e-45
   4.0732431e+03   1.3197742e-45
   4.0826360e+03   1.3256686e-45
   4.0920506e+03   1.3315901e-45
   4.1014869e+03   1.3375390e-45
   4.1109450e+03   1.3435154e-45
   4.1204248e+03   1.3495193e-45
   4.1299266e+03   1.3555510e-45
   4.1394502e+03   1.3616106e-45
   4.1489958e+03   1.3676981e-45
   4.1585634e+03   1.3738137e-45
   4.1681531e+03   1.3799576e-45
   4.1777649e+03   1.3861298e-45
   4.1873988e+03   1.3923306e-45
   4.1970550e+03   1.3985600e-45
   4.2067335e+03   1.4048181e-45
   4.2164342e+03   1.4111052e-45
   4.2261574e+03   1.4174212e-45
   4.2359029e+03   1.4237665e-45
   4.2456709e+03   1.4301410e-45
   4.2554615e+03   1.4365450e-45
   4.2652746e+03   1.4429786e-45
   4.2751104e+03   1.4494418e-45
   4.2849688e+03   1.4559349e-45
   4.2948500e+03   1.4624580e-45
   4.3047539e+03   1.4690113e-45
   4.3146807e+03   1.4755947e-45
   4.3246304e+03   1.4822092e-45
   4.3346030e+03   1.4888530e-45
   4.3445987e+03   1.4955281e-45
   4.3546173e+03   1.5022340e-45
   4.3646591e+03   1.5089709e-45
   4.3747241e+03   1.5157389e-45
   4.3848122e+03   1.5225382e-45
   4.3949236e+03   1.5293688e-45
   4.4050583e+03   1.5362310e-45
   4.4152164e+03   1.5431249e-45
   4.4253980e+03   1.5500506e-45
   4.4356030e+03   1.5570083e-45
   4.4458315e+03   1.5639981e-45
   4.4560836e+03   1.5710202e-45
   4.4663594e+03   1.5780747e-45
   4.4766588e+03   1.5851618e-45
   4.4869821e+03   1.5922817e-45
   4.4973291e+03   1.5994344e-45
   4.5076999e+03   1.6066201e-45
   4.5180947e+03   1.6138390e-45
   4.5285135e+03   1.6210912e-45
   4.5389563e+03   1.6283770e-45
   4.5494231e+03   1.6356964e-45
   4.5599142e+03   1.6430495e-45
   4.5704294e+03   1.6504367e-45
   4.5809688e+03   1.6578579e-45
   4.5915325e+03   1.6653134e-45
   4.6021207e+03   1.6728034e-45
   4.6127332e+03   1.6803279e-45
   4.6233702e+03   1.6878872e-45
   4.6340317e+03   1.6954814e-45
   4.6447178e+03   1.7031106e-45
   4.6554286e+03   1.7107751e-45
   4.6661640e+03   1.7184749e-45
   4.6769242e+03   1.7262104e-45
   4.6877093e+03   1.7339815e-45
   4.6985192e+03   1.7417885e-45
   4.7093540e+03   1.7496316e-45
   4.7202138e+03   1.7575109e-45
   4.7310986e+03   1.7654266e-45
   4.7420086e+03   1.7733788e-45
   4.7529437e+03   1.7813678e-45
   4.7639040e+03   1.7893936e-45
   4.7748896e+03   1.7974565e-45
   4.7859005e+03   1.8055566e-45
   4.7969369e+03   1.8136942e-45
   4.8079986e+03   1.8218693e-45
   4.8190859e+03   1.8300821e-45
   4.8301988e+03   1.8383329e-45
   4.8413372e+03   1.8466218e-45
   4.8525014e+03   1.8549490e-45
   4.8636913e+03   1.8633146e-45
   4.8749070e+03   1.8717188e-45
   4.8861486e+03   1.8801619e-45
   4.8974161e+03   1.8886439e-45
   4.9087096e+03   1.8971651e-45
   4.9200291e+03   1.9057257e-45
   4.9313747e+03   1.9143257e-45
   4.9427465e+03   1.9229655e-45
   4.9541445e+03   1.9316452e-45
   4.9655688e+03   1.9403650e-45
   4.9770194e+03   1.9491250e-45
   4.9884965e+03   1.9579255e-45
   5.0000000e+03   1.9667666e-45
