   5.0000000e+00   1.6456243e-20
   5.0115300e+00   1.6038188e-20
   5.0230867e+00   1.5632433e-20
   5.0346699e+00   1.5238918e-20
   5.0462799e+00   1.4857729e-20
   5.0579167e+00   1.4488704e-20
   5.0695803e+00   1.4126701e-20
   5.0812708e+00   1.3745817e-20
   5.0929882e+00   1.3357972e-20
   5.1047327e+00   1.3018174e-20
   5.1165042e+00   1.2698640e-20
   5.1283029e+00   1.2386592e-20
   5.1401288e+00   1.2081500e-20
   5.1519820e+00   1.1783624e-20
   5.1638625e+00   1.1493095e-20
   5.1757704e+00   1.1209923e-20
   5.1877058e+00   1.0934033e-20
   5.1996687e+00   1.0665304e-20
   5.2116592e+00   1.0403584e-20
   5.2236773e+00   1.0148711e-20
   5.2357231e+00   9.9005158e-21
   5.2477968e+00   9.6588260e-21
   5.2598982e+00   9.4234695e-21
   5.2720276e+00   9.1942756e-21
   5.2841849e+00   8.9710766e-21
   5.2963703e+00   8.7537079e-21
   5.3085838e+00   8.5420087e-21
   5.3208254e+00   8.3358222e-21
   5.3330953e+00   8.1349956e-21
   5.3453934e+00   7.9393801e-21
   5.3577199e+00   7.7488312e-21
   5.3700749e+00   7.5632082e-21
   5.3824583e+00   7.3823747e-21
   5.3948703e+00   7.2061980e-21
   5.4073109e+00   7.0345494e-21
   5.4197802e+00   6.8673038e-21
   5.4322783e+00   6.7043399e-21
   5.4448051e+00   6.5455400e-21
   5.4573609e+00   6.3907897e-21
   5.4699456e+00   6.2399781e-21
   5.4825594e+00   6.0929973e-21
   5.4952022e+00   5.9497430e-21
   5.5078742e+00   5.8101137e-21
   5.5205754e+00   5.6740108e-21
   5.5333058e+00   5.5413388e-21
   5.5460657e+00   5.4120050e-21
   5.5588550e+00   5.2859193e-21
   5.5716737e+00   5.1629941e-21
   5.5845220e+00   5.0431446e-21
   5.5974000e+00   4.9262885e-21
   5.6103076e+00   4.8123457e-21
   5.6232451e+00   4.7012384e-21
   5.6362123e+00   4.5928914e-21
   5.6492094e+00   4.4872311e-21
   5.6622366e+00   4.3841865e-21
   5.6752937e+00   4.2836886e-21
   5.6883810e+00   4.1856701e-21
   5.7014985e+00   4.0900657e-21
   5.7146461e+00   3.9968123e-21
   5.7278242e+00   3.9058483e-21
   5.7410326e+00   3.8171137e-21
   5.7542714e+00   3.7305506e-21
   5.7675408e+00   3.6461025e-21
   5.7808408e+00   3.5637144e-21
   5.7941715e+00   3.4833332e-21
   5.8075329e+00   3.4049070e-21
   5.8209251e+00   3.3283854e-21
   5.8343482e+00   3.2537195e-21
   5.8478023e+00   3.1808616e-21
   5.8612873e+00   3.1097656e-21
   5.8748035e+00   3.0403864e-21
   5.8883508e+00   2.9726804e-21
   5.9019294e+00   2.9066049e-21
   5.9155393e+00   2.8421187e-21
   5.9291806e+00   2.7791815e-21
   5.9428533e+00   2.7177542e-21
   5.9565576e+00   2.6577989e-21
   5.9702935e+00   2.5992785e-21
   5.9840610e+00   2.5421570e-21
   5.9978603e+00   2.4863995e-21
   6.0116914e+00   2.4319719e-21
   6.0255544e+00   2.3788411e-21
   6.0394494e+00   2.3269748e-21
   6.0533764e+00   2.2763417e-21
   6.0673355e+00   2.2269113e-21
   6.0813269e+00   2.1786538e-21
   6.0953505e+00   2.1315405e-21
   6.1094064e+00   2.0855431e-21
   6.1234947e+00   2.0406343e-21
   6.1376155e+00   1.9967875e-21
   6.1517689e+00   1.9539767e-21
   6.1659550e+00   1.9121767e-21
   6.1801737e+00   1.8713630e-21
   6.1944252e+00   1.8315115e-21
   6.2087096e+00   1.7925990e-21
   6.2230269e+00   1.7546028e-21
   6.2373773e+00   1.7175009e-21
   6.2517607e+00   1.6812718e-21
   6.2661773e+00   1.6458944e-21
   6.2806272e+00   1.6113485e-21
   6.2951104e+00   1.5776141e-21
   6.3096269e+00   1.5446719e-21
   6.3241770e+00   1.5125031e-21
   6.3387606e+00   1.4810893e-21
   6.3533778e+00   1.4504127e-21
   6.3680288e+00   1.4204558e-21
   6.3827135e+00   1.3912017e-21
   6.3974321e+00   1.3626339e-21
   6.4121846e+00   1.3347361e-21
   6.4269711e+00   1.3074929e-21
   6.4417918e+00   1.2808888e-21
   6.4566466e+00   1.2549090e-21
   6.4715357e+00   1.2295389e-21
   6.4864591e+00   1.2047645e-21
   6.5014169e+00   1.1805719e-21
   6.5164092e+00   1.1569478e-21
   6.5314361e+00   1.1338789e-21
   6.5464977e+00   1.1113526e-21
   6.5615939e+00   1.0893563e-21
   6.5767250e+00   1.0678781e-21
   6.5918910e+00   1.0469060e-21
   6.6070920e+00   1.0264286e-21
   6.6223280e+00   1.0064346e-21
   6.6375991e+00   9.8691311e-22
   6.6529055e+00   9.6785338e-22
   6.6682471e+00   9.4924504e-22
   6.6836241e+00   9.3107793e-22
   6.6990366e+00   9.1334218e-22
   6.7144846e+00   8.9602813e-22
   6.7299683e+00   8.7912638e-22
   6.7454877e+00   8.6262776e-22
   6.7610428e+00   8.4652333e-22
   6.7766338e+00   8.3080437e-22
   6.7922608e+00   8.1546237e-22
   6.8079238e+00   8.0048904e-22
   6.8236229e+00   7.8587630e-22
   6.8393582e+00   7.7161627e-22
   6.8551299e+00   7.5770124e-22
   6.8709378e+00   7.4412374e-22
   6.8867823e+00   7.3087643e-22
   6.9026632e+00   7.1795220e-22
   6.9185808e+00   7.0534409e-22
   6.9345351e+00   6.9304531e-22
   6.9505262e+00   6.8104926e-22
   6.9665542e+00   6.6934949e-22
   6.9826191e+00   6.5793971e-22
   6.9987211e+00   6.4681379e-22
   7.0148602e+00   6.3596575e-22
   7.0310365e+00   6.2538977e-22
   7.0472502e+00   6.1508017e-22
   7.0635012e+00   6.0503142e-22
   7.0797897e+00   5.9523811e-22
   7.0961157e+00   5.8569499e-22
   7.1124794e+00   5.7639693e-22
   7.1288808e+00   5.6733894e-22
   7.1453201e+00   5.5851617e-22
   7.1617972e+00   5.4992386e-22
   7.1783124e+00   5.4155742e-22
   7.1948656e+00   5.3341236e-22
   7.2114571e+00   5.2548429e-22
   7.2280867e+00   5.1776899e-22
   7.2447548e+00   5.1026230e-22
   7.2614612e+00   5.0296022e-22
   7.2782062e+00   4.9585883e-22
   7.2949898e+00   4.8895435e-22
   7.3118121e+00   4.8224310e-22
   7.3286732e+00   4.7572149e-22
   7.3455732e+00   4.6938608e-22
   7.3625121e+00   4.6323350e-22
   7.3794901e+00   4.5726050e-22
   7.3965073e+00   4.5146395e-22
   7.4135637e+00   4.4584081e-22
   7.4306594e+00   4.4038816e-22
   7.4477946e+00   4.3510316e-22
   7.4649693e+00   4.2998313e-22
   7.4821835e+00   4.2502544e-22
   7.4994375e+00   4.2022759e-22
   7.5167313e+00   4.1558721e-22
   7.5340649e+00   4.1110202e-22
   7.5514385e+00   4.0676984e-22
   7.5688522e+00   4.0258863e-22
   7.5863060e+00   3.9855645e-22
   7.6038001e+00   3.9467148e-22
   7.6213345e+00   3.9093203e-22
   7.6389094e+00   3.8733650e-22
   7.6565248e+00   3.8388347e-22
   7.6741808e+00   3.8057162e-22
   7.6918775e+00   3.7739974e-22
   7.7096150e+00   3.7436681e-22
   7.7273934e+00   3.7147192e-22
   7.7452129e+00   3.6871432e-22
   7.7630734e+00   3.6609341e-22
   7.7809751e+00   3.6360877e-22
   7.7989181e+00   3.6126013e-22
   7.8169025e+00   3.5904742e-22
   7.8349283e+00   3.5697073e-22
   7.8529957e+00   3.5503039e-22
   7.8711048e+00   3.5322689e-22
   7.8892556e+00   3.5156099e-22
   7.9074483e+00   3.5003366e-22
   7.9256829e+00   3.4864613e-22
   7.9439596e+00   3.4739990e-22
   7.9622784e+00   3.4629675e-22
   7.9806395e+00   3.4533878e-22
   7.9990429e+00   3.4452843e-22
   8.0174888e+00   3.4386847e-22
   8.0359772e+00   3.4336209e-22
   8.0545082e+00   3.4301288e-22
   8.0730819e+00   3.4282489e-22
   8.0916985e+00   3.4280266e-22
   8.1103581e+00   3.4295128e-22
   8.1290606e+00   3.4327643e-22
   8.1478063e+00   3.4378444e-22
   8.1665952e+00   3.4448235e-22
   8.1854274e+00   3.4537798e-22
   8.2043031e+00   3.4648004e-22
   8.2232223e+00   3.4779818e-22
   8.2421851e+00   3.4934314e-22
   8.2611916e+00   3.5112683e-22
   8.2802420e+00   3.5316252e-22
   8.2993363e+00   3.5546496e-22
   8.3184746e+00   3.5805060e-22
   8.3376571e+00   3.6093777e-22
   8.3568838e+00   3.6414697e-22
   8.3761548e+00   3.6770113e-22
   8.3954703e+00   3.7162599e-22
   8.4148303e+00   3.7595046e-22
   8.4342350e+00   3.8070716e-22
   8.4536844e+00   3.8593292e-22
   8.4731786e+00   3.9166951e-22
   8.4927179e+00   3.9796445e-22
   8.5123021e+00   4.0487198e-22
   8.5319316e+00   4.1245427e-22
   8.5516063e+00   4.2078286e-22
   8.5713263e+00   4.2994050e-22
   8.5910919e+00   4.4002338e-22
   8.6109030e+00   4.5114390e-22
   8.6307598e+00   4.6343423e-22
   8.6506624e+00   4.7705081e-22
   8.6706109e+00   4.9217991e-22
   8.6906054e+00   5.0904597e-22
   8.7106460e+00   5.2792034e-22
   8.7307328e+00   5.4913539e-22
   8.7508660e+00   5.7310214e-22
   8.7710455e+00   6.0033508e-22
   8.7912716e+00   6.3148678e-22
   8.8115444e+00   6.6739757e-22
   8.8318638e+00   7.0916820e-22
   8.8522302e+00   7.5826921e-22
   8.8726435e+00   8.1671043e-22
   8.8931039e+00   8.8731307e-22
   8.9136114e+00   9.7416515e-22
   8.9341663e+00   1.0834225e-21
   8.9547686e+00   1.2248050e-21
   8.9754183e+00   1.4146125e-21
   8.9961157e+00   1.6824245e-21
   9.0168608e+00   2.0880770e-21
   9.0376538e+00   2.7736173e-21
   9.0584947e+00   4.1782430e-21
   9.0793836e+00   8.6660615e-21
   9.1003208e+00   8.9941277e-20
   9.1213062e+00   7.1496865e-21
   9.1423400e+00   3.7016885e-21
   9.1634223e+00   2.4982172e-21
   9.1845532e+00   1.9015824e-21
   9.2057328e+00   1.5775649e-21
   9.2269613e+00   1.4682328e-21
   9.2482388e+00   1.8849985e-21
   9.2695653e+00   3.9194162e-20
   9.2909410e+00   1.7513807e-21
   9.3123660e+00   1.0469737e-21
   9.3338403e+00   8.1961347e-22
   9.3553642e+00   6.9846745e-22
   9.3769378e+00   6.1792568e-22
   9.3985611e+00   5.5801511e-22
   9.4202342e+00   5.1056233e-22
   9.4419574e+00   4.7150457e-22
   9.4637306e+00   4.3852728e-22
   9.4855540e+00   4.1017660e-22
   9.5074278e+00   3.8547182e-22
   9.5293520e+00   3.6371531e-22
   9.5513267e+00   3.4439045e-22
   9.5733522e+00   3.2710268e-22
   9.5954284e+00   3.1154306e-22
   9.6175555e+00   2.9746494e-22
   9.6397337e+00   2.8466816e-22
   9.6619630e+00   2.7298807e-22
   9.6842435e+00   2.6228767e-22
   9.7065755e+00   2.5245175e-22
   9.7289589e+00   2.4338266e-22
   9.7513940e+00   2.3499694e-22
   9.7738808e+00   2.2722279e-22
   9.7964194e+00   2.1999805e-22
   9.8190100e+00   2.1326862e-22
   9.8416527e+00   2.0698714e-22
   9.8643477e+00   2.0111200e-22
   9.8870949e+00   1.9560647e-22
   9.9098946e+00   1.9043799e-22
   9.9327469e+00   1.8557760e-22
   9.9556519e+00   1.8099947e-22
   9.9786097e+00   1.7668045e-22
   1.0001620e+01   1.7260003e-22
   1.0024684e+01   1.6874097e-22
   1.0047801e+01   1.6508256e-22
   1.0070972e+01   1.6161075e-22
   1.0094195e+01   1.5831267e-22
   1.0117473e+01   1.5517631e-22
   1.0140804e+01   1.5218987e-22
   1.0164188e+01   1.4934266e-22
   1.0187627e+01   1.4662494e-22
   1.0211120e+01   1.4402785e-22
   1.0234667e+01   1.4154371e-22
   1.0258268e+01   1.3916511e-22
   1.0281924e+01   1.3688515e-22
   1.0305634e+01   1.3469746e-22
   1.0329399e+01   1.3259649e-22
   1.0353218e+01   1.3057696e-22
   1.0377093e+01   1.2863385e-22
   1.0401023e+01   1.2676254e-22
   1.0425007e+01   1.2495890e-22
   1.0449048e+01   1.2321908e-22
   1.0473143e+01   1.2153939e-22
   1.0497294e+01   1.1991640e-22
   1.0521501e+01   1.1834700e-22
   1.0545764e+01   1.1682833e-22
   1.0570082e+01   1.1535762e-22
   1.0594457e+01   1.1393230e-22
   1.0618888e+01   1.1254999e-22
   1.0643375e+01   1.1120854e-22
   1.0667919e+01   1.0990584e-22
   1.0692519e+01   1.0863992e-22
   1.0717176e+01   1.0740896e-22
   1.0741890e+01   1.0621131e-22
   1.0766661e+01   1.0504534e-22
   1.0791489e+01   1.0390954e-22
   1.0816374e+01   1.0280250e-22
   1.0841317e+01   1.0172292e-22
   1.0866317e+01   1.0066955e-22
   1.0891375e+01   9.9641195e-23
   1.0916491e+01   9.8636761e-23
   1.0941664e+01   9.7655226e-23
   1.0966896e+01   9.6695603e-23
   1.0992185e+01   9.5756962e-23
   1.1017533e+01   9.4838429e-23
   1.1042940e+01   9.3939195e-23
   1.1068405e+01   9.3058477e-23
   1.1093929e+01   9.2195536e-23
   1.1119512e+01   9.1349676e-23
   1.1145153e+01   9.0520249e-23
   1.1170854e+01   8.9706629e-23
   1.1196614e+01   8.8908221e-23
   1.1222434e+01   8.8124468e-23
   1.1248313e+01   8.7354847e-23
   1.1274251e+01   8.6598850e-23
   1.1300250e+01   8.5855999e-23
   1.1326308e+01   8.5125841e-23
   1.1352427e+01   8.4407950e-23
   1.1378606e+01   8.3701914e-23
   1.1404845e+01   8.3007341e-23
   1.1431144e+01   8.2323863e-23
   1.1457505e+01   8.1651129e-23
   1.1483926e+01   8.0988801e-23
   1.1510408e+01   8.0336558e-23
   1.1536951e+01   7.9694096e-23
   1.1563555e+01   7.9061123e-23
   1.1590221e+01   7.8437362e-23
   1.1616948e+01   7.7822545e-23
   1.1643737e+01   7.7216420e-23
   1.1670587e+01   7.6618745e-23
   1.1697500e+01   7.6029286e-23
   1.1724474e+01   7.5447821e-23
   1.1751511e+01   7.4874139e-23
   1.1778610e+01   7.4308034e-23
   1.1805772e+01   7.3749312e-23
   1.1832996e+01   7.3197786e-23
   1.1860283e+01   7.2653275e-23
   1.1887633e+01   7.2115608e-23
   1.1915046e+01   7.1584617e-23
   1.1942522e+01   7.1060144e-23
   1.1970061e+01   7.0542037e-23
   1.1997664e+01   7.0030146e-23
   1.2025331e+01   6.9524331e-23
   1.2053062e+01   6.9024456e-23
   1.2080856e+01   6.8530387e-23
   1.2108715e+01   6.8041999e-23
   1.2136637e+01   6.7559169e-23
   1.2164625e+01   6.7081780e-23
   1.2192676e+01   6.6609717e-23
   1.2220793e+01   6.6142870e-23
   1.2248974e+01   6.5681132e-23
   1.2277220e+01   6.5224402e-23
   1.2305532e+01   6.4772579e-23
   1.2333908e+01   6.4325568e-23
   1.2362350e+01   6.3883275e-23
   1.2390858e+01   6.3445610e-23
   1.2419431e+01   6.3012485e-23
   1.2448071e+01   6.2583816e-23
   1.2476776e+01   6.2159521e-23
   1.2505548e+01   6.1739519e-23
   1.2534386e+01   6.1323734e-23
   1.2563290e+01   6.0912090e-23
   1.2592261e+01   6.0504515e-23
   1.2621299e+01   6.0100937e-23
   1.2650404e+01   5.9701287e-23
   1.2679576e+01   5.9305499e-23
   1.2708815e+01   5.8913507e-23
   1.2738121e+01   5.8525247e-23
   1.2767496e+01   5.8140658e-23
   1.2796938e+01   5.7759680e-23
   1.2826447e+01   5.7382254e-23
   1.2856025e+01   5.7008323e-23
   1.2885671e+01   5.6637831e-23
   1.2915386e+01   5.6270723e-23
   1.2945169e+01   5.5906948e-23
   1.2975020e+01   5.5546453e-23
   1.3004941e+01   5.5189188e-23
   1.3034930e+01   5.4835104e-23
   1.3064989e+01   5.4484152e-23
   1.3095117e+01   5.4136285e-23
   1.3125314e+01   5.3791459e-23
   1.3155582e+01   5.3449627e-23
   1.3185918e+01   5.3110747e-23
   1.3216325e+01   5.2774775e-23
   1.3246802e+01   5.2441670e-23
   1.3277349e+01   5.2111390e-23
   1.3307967e+01   5.1783896e-23
   1.3338655e+01   5.1459148e-23
   1.3369414e+01   5.1137109e-23
   1.3400244e+01   5.0817740e-23
   1.3431145e+01   5.0501006e-23
   1.3462118e+01   5.0186869e-23
   1.3493162e+01   4.9875295e-23
   1.3524277e+01   4.9566250e-23
   1.3555464e+01   4.9259699e-23
   1.3586723e+01   4.8955610e-23
   1.3618054e+01   4.8653950e-23
   1.3649457e+01   4.8354687e-23
   1.3680933e+01   4.8057791e-23
   1.3712481e+01   4.7763230e-23
   1.3744103e+01   4.7470975e-23
   1.3775797e+01   4.7180997e-23
   1.3807564e+01   4.6893267e-23
   1.3839404e+01   4.6607756e-23
   1.3871318e+01   4.6324438e-23
   1.3903305e+01   4.6043284e-23
   1.3935366e+01   4.5764268e-23
   1.3967501e+01   4.5487365e-23
   1.3999710e+01   4.5212548e-23
   1.4031994e+01   4.4939793e-23
   1.4064352e+01   4.4669075e-23
   1.4096784e+01   4.4400369e-23
   1.4129292e+01   4.4133652e-23
   1.4161874e+01   4.3868900e-23
   1.4194531e+01   4.3606091e-23
   1.4227264e+01   4.3345202e-23
   1.4260072e+01   4.3086211e-23
   1.4292956e+01   4.2829096e-23
   1.4325916e+01   4.2573836e-23
   1.4358951e+01   4.2320411e-23
   1.4392063e+01   4.2068799e-23
   1.4425251e+01   4.1818980e-23
   1.4458516e+01   4.1570935e-23
   1.4491858e+01   4.1324644e-23
   1.4525276e+01   4.1080087e-23
   1.4558771e+01   4.0837247e-23
   1.4592344e+01   4.0596105e-23
   1.4625994e+01   4.0356641e-23
   1.4659722e+01   4.0118840e-23
   1.4693527e+01   3.9882682e-23
   1.4727410e+01   3.9648151e-23
   1.4761372e+01   3.9415230e-23
   1.4795412e+01   3.9183902e-23
   1.4829530e+01   3.8954150e-23
   1.4863727e+01   3.8725960e-23
   1.4898003e+01   3.8499313e-23
   1.4932358e+01   3.8274196e-23
   1.4966792e+01   3.8050592e-23
   1.5001306e+01   3.7828487e-23
   1.5035899e+01   3.7607866e-23
   1.5070572e+01   3.7388714e-23
   1.5105324e+01   3.7171017e-23
   1.5140157e+01   3.6954760e-23
   1.5175071e+01   3.6739930e-23
   1.5210065e+01   3.6526513e-23
   1.5245139e+01   3.6314495e-23
   1.5280295e+01   3.6103864e-23
   1.5315531e+01   3.5894606e-23
   1.5350849e+01   3.5686708e-23
   1.5386248e+01   3.5480158e-23
   1.5421729e+01   3.5274943e-23
   1.5457291e+01   3.5071051e-23
   1.5492936e+01   3.4868470e-23
   1.5528663e+01   3.4667187e-23
   1.5564472e+01   3.4467192e-23
   1.5600364e+01   3.4268473e-23
   1.5636338e+01   3.4071018e-23
   1.5672396e+01   3.3874816e-23
   1.5708537e+01   3.3679857e-23
   1.5744761e+01   3.3486128e-23
   1.5781068e+01   3.3293620e-23
   1.5817459e+01   3.3102322e-23
   1.5853935e+01   3.2912224e-23
   1.5890494e+01   3.2723315e-23
   1.5927137e+01   3.2535586e-23
   1.5963866e+01   3.2349026e-23
   1.6000678e+01   3.2163625e-23
   1.6037576e+01   3.1979374e-23
   1.6074559e+01   3.1796264e-23
   1.6111627e+01   3.1614284e-23
   1.6148780e+01   3.1433426e-23
   1.6186020e+01   3.1253681e-23
   1.6223345e+01   3.1075039e-23
   1.6260756e+01   3.0897492e-23
   1.6298253e+01   3.0721031e-23
   1.6335837e+01   3.0545648e-23
   1.6373508e+01   3.0371333e-23
   1.6411265e+01   3.0198078e-23
   1.6449110e+01   3.0025876e-23
   1.6487041e+01   2.9854718e-23
   1.6525061e+01   2.9684595e-23
   1.6563168e+01   2.9515500e-23
   1.6601362e+01   2.9347426e-23
   1.6639645e+01   2.9180364e-23
   1.6678016e+01   2.9014306e-23
   1.6716476e+01   2.8849246e-23
   1.6755024e+01   2.8685175e-23
   1.6793662e+01   2.8522086e-23
   1.6832388e+01   2.8359973e-23
   1.6871203e+01   2.8198827e-23
   1.6910109e+01   2.8038643e-23
   1.6949103e+01   2.7879412e-23
   1.6988188e+01   2.7721128e-23
   1.7027363e+01   2.7563784e-23
   1.7066628e+01   2.7407374e-23
   1.7105984e+01   2.7251890e-23
   1.7145431e+01   2.7097327e-23
   1.7184968e+01   2.6943677e-23
   1.7224597e+01   2.6790935e-23
   1.7264317e+01   2.6639094e-23
   1.7304128e+01   2.6488147e-23
   1.7344032e+01   2.6338089e-23
   1.7384027e+01   2.6188914e-23
   1.7424115e+01   2.6040615e-23
   1.7464295e+01   2.5893187e-23
   1.7504568e+01   2.5746623e-23
   1.7544934e+01   2.5600919e-23
   1.7585392e+01   2.5456067e-23
   1.7625945e+01   2.5312063e-23
   1.7666590e+01   2.5168900e-23
   1.7707329e+01   2.5026574e-23
   1.7748163e+01   2.4885079e-23
   1.7789090e+01   2.4744409e-23
   1.7830112e+01   2.4604560e-23
   1.7871228e+01   2.4465525e-23
   1.7912439e+01   2.4327299e-23
   1.7953746e+01   2.4189878e-23
   1.7995147e+01   2.4053256e-23
   1.8036644e+01   2.3917429e-23
   1.8078237e+01   2.3782390e-23
   1.8119925e+01   2.3648136e-23
   1.8161710e+01   2.3514661e-23
   1.8203591e+01   2.3381961e-23
   1.8245569e+01   2.3250030e-23
   1.8287643e+01   2.3118865e-23
   1.8329814e+01   2.2988459e-23
   1.8372083e+01   2.2858810e-23
   1.8414449e+01   2.2729911e-23
   1.8456913e+01   2.2601759e-23
   1.8499475e+01   2.2474349e-23
   1.8542135e+01   2.2347677e-23
   1.8584893e+01   2.2221738e-23
   1.8627750e+01   2.2096528e-23
   1.8670706e+01   2.1972043e-23
   1.8713761e+01   2.1848278e-23
   1.8756915e+01   2.1725229e-23
   1.8800168e+01   2.1602892e-23
   1.8843522e+01   2.1481263e-23
   1.8886975e+01   2.1360338e-23
   1.8930528e+01   2.1240113e-23
   1.8974182e+01   2.1120583e-23
   1.9017937e+01   2.1001745e-23
   1.9061792e+01   2.0883596e-23
   1.9105749e+01   2.0766130e-23
   1.9149807e+01   2.0649345e-23
   1.9193967e+01   2.0533236e-23
   1.9238228e+01   2.0417799e-23
   1.9282592e+01   2.0303032e-23
   1.9327057e+01   2.0188930e-23
   1.9371626e+01   2.0075490e-23
   1.9416297e+01   1.9962708e-23
   1.9461071e+01   1.9850580e-23
   1.9505948e+01   1.9739103e-23
   1.9550929e+01   1.9628274e-23
   1.9596014e+01   1.9518088e-23
   1.9641202e+01   1.9408544e-23
   1.9686495e+01   1.9299636e-23
   1.9731892e+01   1.9191362e-23
   1.9777394e+01   1.9083719e-23
   1.9823001e+01   1.8976703e-23
   1.9868713e+01   1.8870311e-23
   1.9914530e+01   1.8764539e-23
   1.9960454e+01   1.8659386e-23
   2.0006482e+01   1.8554846e-23
   2.0052618e+01   1.8450918e-23
   2.0098859e+01   1.8347597e-23
   2.0145207e+01   1.8244882e-23
   2.0191662e+01   1.8142769e-23
   2.0238224e+01   1.8041254e-23
   2.0284894e+01   1.7940336e-23
   2.0331671e+01   1.7840010e-23
   2.0378556e+01   1.7740275e-23
   2.0425549e+01   1.7641126e-23
   2.0472650e+01   1.7542563e-23
   2.0519861e+01   1.7444580e-23
   2.0567180e+01   1.7347176e-23
   2.0614608e+01   1.7250348e-23
   2.0662145e+01   1.7154093e-23
   2.0709792e+01   1.7058408e-23
   2.0757549e+01   1.6963291e-23
   2.0805416e+01   1.6868739e-23
   2.0853394e+01   1.6774749e-23
   2.0901482e+01   1.6681318e-23
   2.0949681e+01   1.6588445e-23
   2.0997991e+01   1.6496125e-23
   2.1046412e+01   1.6404358e-23
   2.1094945e+01   1.6313140e-23
   2.1143591e+01   1.6222469e-23
   2.1192348e+01   1.6132342e-23
   2.1241218e+01   1.6042757e-23
   2.1290200e+01   1.5953711e-23
   2.1339295e+01   1.5865202e-23
   2.1388504e+01   1.5777228e-23
   2.1437826e+01   1.5689785e-23
   2.1487262e+01   1.5602873e-23
   2.1536812e+01   1.5516488e-23
   2.1586476e+01   1.5430628e-23
   2.1636254e+01   1.5345291e-23
   2.1686148e+01   1.5260475e-23
   2.1736156e+01   1.5176177e-23
   2.1786280e+01   1.5092395e-23
   2.1836519e+01   1.5009126e-23
   2.1886874e+01   1.4926370e-23
   2.1937346e+01   1.4844123e-23
   2.1987933e+01   1.4762383e-23
   2.2038638e+01   1.4681149e-23
   2.2089459e+01   1.4600418e-23
   2.2140397e+01   1.4520188e-23
   2.2191453e+01   1.4440457e-23
   2.2242627e+01   1.4361222e-23
   2.2293919e+01   1.4282483e-23
   2.2345328e+01   1.4204237e-23
   2.2396857e+01   1.4126481e-23
   2.2448504e+01   1.4049214e-23
   2.2500271e+01   1.3972435e-23
   2.2552157e+01   1.3896140e-23
   2.2604162e+01   1.3820328e-23
   2.2656287e+01   1.3744998e-23
   2.2708533e+01   1.3670147e-23
   2.2760899e+01   1.3595773e-23
   2.2813386e+01   1.3521875e-23
   2.2865994e+01   1.3448450e-23
   2.2918723e+01   1.3375498e-23
   2.2971574e+01   1.3303015e-23
   2.3024546e+01   1.3231001e-23
   2.3077641e+01   1.3159453e-23
   2.3130858e+01   1.3088370e-23
   2.3184198e+01   1.3017750e-23
   2.3237661e+01   1.2947592e-23
   2.3291247e+01   1.2877893e-23
   2.3344957e+01   1.2808652e-23
   2.3398791e+01   1.2739867e-23
   2.3452748e+01   1.2671536e-23
   2.3506831e+01   1.2603659e-23
   2.3561038e+01   1.2536232e-23
   2.3615370e+01   1.2469256e-23
   2.3669827e+01   1.2402727e-23
   2.3724410e+01   1.2336644e-23
   2.3779118e+01   1.2271007e-23
   2.3833953e+01   1.2205813e-23
   2.3888914e+01   1.2141060e-23
   2.3944002e+01   1.2076747e-23
   2.3999217e+01   1.2012873e-23
   2.4054560e+01   1.1949437e-23
   2.4110030e+01   1.1886435e-23
   2.4165628e+01   1.1823868e-23
   2.4221354e+01   1.1761734e-23
   2.4277208e+01   1.1700030e-23
   2.4333192e+01   1.1638756e-23
   2.4389304e+01   1.1577910e-23
   2.4445546e+01   1.1517492e-23
   2.4501918e+01   1.1457498e-23
   2.4558420e+01   1.1397928e-23
   2.4615051e+01   1.1338781e-23
   2.4671814e+01   1.1280055e-23
   2.4728707e+01   1.1221749e-23
   2.4785732e+01   1.1163861e-23
   2.4842888e+01   1.1106390e-23
   2.4900176e+01   1.1049334e-23
   2.4957596e+01   1.0992693e-23
   2.5015148e+01   1.0936465e-23
   2.5072833e+01   1.0880648e-23
   2.5130652e+01   1.0825242e-23
   2.5188603e+01   1.0770245e-23
   2.5246688e+01   1.0715655e-23
   2.5304907e+01   1.0661472e-23
   2.5363261e+01   1.0607694e-23
   2.5421748e+01   1.0554319e-23
   2.5480371e+01   1.0501347e-23
   2.5539129e+01   1.0448777e-23
   2.5598023e+01   1.0396606e-23
   2.5657052e+01   1.0344834e-23
   2.5716217e+01   1.0293460e-23
   2.5775519e+01   1.0242482e-23
   2.5834957e+01   1.0191899e-23
   2.5894533e+01   1.0141709e-23
   2.5954246e+01   1.0091913e-23
   2.6014097e+01   1.0042507e-23
   2.6074085e+01   9.9934920e-24
   2.6134212e+01   9.9448658e-24
   2.6194478e+01   9.8966273e-24
   2.6254883e+01   9.8487753e-24
   2.6315427e+01   9.8013087e-24
   2.6376110e+01   9.7542263e-24
   2.6436934e+01   9.7075269e-24
   2.6497898e+01   9.6612092e-24
   2.6559002e+01   9.6152722e-24
   2.6620247e+01   9.5697146e-24
   2.6681634e+01   9.5245353e-24
   2.6743162e+01   9.4797330e-24
   2.6804832e+01   9.4353068e-24
   2.6866644e+01   9.3912553e-24
   2.6928599e+01   9.3475774e-24
   2.6990696e+01   9.3042719e-24
   2.7052937e+01   9.2613377e-24
   2.7115321e+01   9.2187737e-24
   2.7177849e+01   9.1765786e-24
   2.7240522e+01   9.1347514e-24
   2.7303338e+01   9.0932908e-24
   2.7366300e+01   9.0521957e-24
   2.7429407e+01   9.0114649e-24
   2.7492659e+01   8.9710973e-24
   2.7556058e+01   8.9310918e-24
   2.7619602e+01   8.8914471e-24
   2.7683293e+01   8.8521621e-24
   2.7747131e+01   8.8132357e-24
   2.7811116e+01   8.7746666e-24
   2.7875249e+01   8.7364538e-24
   2.7939529e+01   8.6985960e-24
   2.8003958e+01   8.6610921e-24
   2.8068536e+01   8.6239410e-24
   2.8133262e+01   8.5871414e-24
   2.8198137e+01   8.5506921e-24
   2.8263162e+01   8.5145921e-24
   2.8328338e+01   8.4788400e-24
   2.8393663e+01   8.4434348e-24
   2.8459139e+01   8.4083752e-24
   2.8524766e+01   8.3736601e-24
   2.8590544e+01   8.3392881e-24
   2.8656474e+01   8.3052583e-24
   2.8722556e+01   8.2715692e-24
   2.8788791e+01   8.2382198e-24
   2.8855178e+01   8.2052088e-24
   2.8921718e+01   8.1725349e-24
   2.8988412e+01   8.1401970e-24
   2.9055259e+01   8.1081938e-24
   2.9122261e+01   8.0765241e-24
   2.9189417e+01   8.0451867e-24
   2.9256728e+01   8.0141802e-24
   2.9324194e+01   7.9835034e-24
   2.9391816e+01   7.9531551e-24
   2.9459594e+01   7.9231340e-24
   2.9527528e+01   7.8934388e-24
   2.9595619e+01   7.8640682e-24
   2.9663866e+01   7.8350209e-24
   2.9732272e+01   7.8062956e-24
   2.9800834e+01   7.7778911e-24
   2.9869555e+01   7.7498060e-24
   2.9938435e+01   7.7220389e-24
   3.0007473e+01   7.6945886e-24
   3.0076670e+01   7.6674538e-24
   3.0146028e+01   7.6406329e-24
   3.0215544e+01   7.6141248e-24
   3.0285222e+01   7.5879280e-24
   3.0355060e+01   7.5620412e-24
   3.0425059e+01   7.5364629e-24
   3.0495219e+01   7.5111919e-24
   3.0565541e+01   7.4862266e-24
   3.0636026e+01   7.4615657e-24
   3.0706673e+01   7.4372078e-24
   3.0777482e+01   7.4131514e-24
   3.0848456e+01   7.3893951e-24
   3.0919592e+01   7.3659375e-24
   3.0990893e+01   7.3427771e-24
   3.1062358e+01   7.3199124e-24
   3.1133988e+01   7.2973420e-24
   3.1205784e+01   7.2750643e-24
   3.1277744e+01   7.2530780e-24
   3.1349871e+01   7.2313814e-24
   3.1422164e+01   7.2099731e-24
   3.1494624e+01   7.1888516e-24
   3.1567251e+01   7.1680153e-24
   3.1640045e+01   7.1474627e-24
   3.1713007e+01   7.1271923e-24
   3.1786138e+01   7.1072024e-24
   3.1859437e+01   7.0874916e-24
   3.1932905e+01   7.0680582e-24
   3.2006542e+01   7.0489007e-24
   3.2080350e+01   7.0300174e-24
   3.2154327e+01   7.0114068e-24
   3.2228475e+01   6.9930673e-24
   3.2302794e+01   6.9749972e-24
   3.2377285e+01   6.9571950e-24
   3.2451947e+01   6.9396589e-24
   3.2526782e+01   6.9223874e-24
   3.2601789e+01   6.9053787e-24
   3.2676969e+01   6.8886313e-24
   3.2752322e+01   6.8721434e-24
   3.2827849e+01   6.8559134e-24
   3.2903550e+01   6.8399396e-24
   3.2979426e+01   6.8242203e-24
   3.3055477e+01   6.8087538e-24
   3.3131703e+01   6.7935384e-24
   3.3208105e+01   6.7785723e-24
   3.3284683e+01   6.7638540e-24
   3.3361438e+01   6.7493815e-24
   3.3438370e+01   6.7351533e-24
   3.3515479e+01   6.7211675e-24
   3.3592766e+01   6.7074225e-24
   3.3670231e+01   6.6939164e-24
   3.3747875e+01   6.6806476e-24
   3.3825698e+01   6.6676141e-24
   3.3903700e+01   6.6548144e-24
   3.3981882e+01   6.6422466e-24
   3.4060245e+01   6.6299089e-24
   3.4138788e+01   6.6177995e-24
   3.4217512e+01   6.6059167e-24
   3.4296418e+01   6.5942587e-24
   3.4375506e+01   6.5828236e-24
   3.4454776e+01   6.5716098e-24
   3.4534229e+01   6.5606153e-24
   3.4613865e+01   6.5498383e-24
   3.4693685e+01   6.5392772e-24
   3.4773689e+01   6.5289300e-24
   3.4853877e+01   6.5187949e-24
   3.4934251e+01   6.5088702e-24
   3.5014809e+01   6.4991540e-24
   3.5095554e+01   6.4896445e-24
   3.5176484e+01   6.4803399e-24
   3.5257602e+01   6.4712384e-24
   3.5338906e+01   6.4623381e-24
   3.5420398e+01   6.4536372e-24
   3.5502077e+01   6.4451339e-24
   3.5583945e+01   6.4368264e-24
   3.5666002e+01   6.4287129e-24
   3.5748248e+01   6.4207915e-24
   3.5830684e+01   6.4130605e-24
   3.5913310e+01   6.4055179e-24
   3.5996126e+01   6.3981621e-24
   3.6079134e+01   6.3909911e-24
   3.6162332e+01   6.3840033e-24
   3.6245723e+01   6.3771966e-24
   3.6329306e+01   6.3705695e-24
   3.6413082e+01   6.3641200e-24
   3.6497050e+01   6.3578463e-24
   3.6581213e+01   6.3517467e-24
   3.6665569e+01   6.3458194e-24
   3.6750120e+01   6.3400625e-24
   3.6834867e+01   6.3344743e-24
   3.6919808e+01   6.3290530e-24
   3.7004945e+01   6.3237969e-24
   3.7090279e+01   6.3187041e-24
   3.7175810e+01   6.3137729e-24
   3.7261537e+01   6.3090015e-24
   3.7347463e+01   6.3043882e-24
   3.7433586e+01   6.2999312e-24
   3.7519908e+01   6.2956288e-24
   3.7606429e+01   6.2914792e-24
   3.7693150e+01   6.2874807e-24
   3.7780071e+01   6.2836316e-24
   3.7867192e+01   6.2799302e-24
   3.7954514e+01   6.2763747e-24
   3.8042037e+01   6.2729635e-24
   3.8129763e+01   6.2696948e-24
   3.8217690e+01   6.2665670e-24
   3.8305821e+01   6.2635784e-24
   3.8394154e+01   6.2607272e-24
   3.8482691e+01   6.2580120e-24
   3.8571433e+01   6.2554309e-24
   3.8660379e+01   6.2529823e-24
   3.8749530e+01   6.2506646e-24
   3.8838886e+01   6.2484762e-24
   3.8928449e+01   6.2464155e-24
   3.9018219e+01   6.2444808e-24
   3.9108195e+01   6.2426705e-24
   3.9198379e+01   6.2409830e-24
   3.9288770e+01   6.2394168e-24
   3.9379371e+01   6.2379703e-24
   3.9470180e+01   6.2366419e-24
   3.9561198e+01   6.2354301e-24
   3.9652427e+01   6.2343332e-24
   3.9743865e+01   6.2333499e-24
   3.9835515e+01   6.2324785e-24
   3.9927376e+01   6.2317175e-24
   4.0019449e+01   6.2310655e-24
   4.0111734e+01   6.2305210e-24
   4.0204232e+01   6.2300824e-24
   4.0296943e+01   6.2297483e-24
   4.0389868e+01   6.2295172e-24
   4.0483008e+01   6.2293878e-24
   4.0576362e+01   6.2293584e-24
   4.0669931e+01   6.2294278e-24
   4.0763716e+01   6.2295945e-24
   4.0857718e+01   6.2298571e-24
   4.0951936e+01   6.2302142e-24
   4.1046372e+01   6.2306645e-24
   4.1141025e+01   6.2312065e-24
   4.1235896e+01   6.2318389e-24
   4.1330987e+01   6.2325603e-24
   4.1426296e+01   6.2333694e-24
   4.1521826e+01   6.2342650e-24
   4.1617575e+01   6.2352456e-24
   4.1713546e+01   6.2363100e-24
   4.1809737e+01   6.2374568e-24
   4.1906151e+01   6.2386849e-24
   4.2002787e+01   6.2399929e-24
   4.2099646e+01   6.2413796e-24
   4.2196728e+01   6.2428437e-24
   4.2294034e+01   6.2443841e-24
   4.2391564e+01   6.2459994e-24
   4.2489319e+01   6.2476885e-24
   4.2587300e+01   6.2494502e-24
   4.2685507e+01   6.2512832e-24
   4.2783940e+01   6.2531865e-24
   4.2882600e+01   6.2551589e-24
   4.2981488e+01   6.2571992e-24
   4.3080603e+01   6.2593062e-24
   4.3179947e+01   6.2614789e-24
   4.3279521e+01   6.2637161e-24
   4.3379324e+01   6.2660168e-24
   4.3479357e+01   6.2683797e-24
   4.3579620e+01   6.2708039e-24
   4.3680115e+01   6.2732883e-24
   4.3780842e+01   6.2758318e-24
   4.3881801e+01   6.2784334e-24
   4.3982993e+01   6.2810921e-24
   4.4084418e+01   6.2838067e-24
   4.4186077e+01   6.2865763e-24
   4.4287970e+01   6.2894000e-24
   4.4390099e+01   6.2922766e-24
   4.4492463e+01   6.2952053e-24
   4.4595062e+01   6.2981850e-24
   4.4697899e+01   6.3012148e-24
   4.4800973e+01   6.3042938e-24
   4.4904284e+01   6.3074209e-24
   4.5007834e+01   6.3105954e-24
   4.5111622e+01   6.3138162e-24
   4.5215650e+01   6.3170825e-24
   4.5319918e+01   6.3203934e-24
   4.5424426e+01   6.3237479e-24
   4.5529175e+01   6.3271453e-24
   4.5634165e+01   6.3305846e-24
   4.5739398e+01   6.3340651e-24
   4.5844873e+01   6.3375857e-24
   4.5950592e+01   6.3411459e-24
   4.6056554e+01   6.3447446e-24
   4.6162761e+01   6.3483811e-24
   4.6269213e+01   6.3520546e-24
   4.6375910e+01   6.3557643e-24
   4.6482853e+01   6.3595094e-24
   4.6590043e+01   6.3632891e-24
   4.6697480e+01   6.3671028e-24
   4.6805165e+01   6.3709495e-24
   4.6913098e+01   6.3748287e-24
   4.7021280e+01   6.3787395e-24
   4.7129711e+01   6.3826812e-24
   4.7238393e+01   6.3866532e-24
   4.7347325e+01   6.3906546e-24
   4.7456508e+01   6.3946848e-24
   4.7565943e+01   6.3987432e-24
   4.7675631e+01   6.4028290e-24
   4.7785571e+01   6.4069416e-24
   4.7895765e+01   6.4110803e-24
   4.8006213e+01   6.4152444e-24
   4.8116916e+01   6.4194334e-24
   4.8227874e+01   6.4236465e-24
   4.8339087e+01   6.4278832e-24
   4.8450558e+01   6.4321428e-24
   4.8562285e+01   6.4364247e-24
   4.8674270e+01   6.4407284e-24
   4.8786513e+01   6.4450531e-24
   4.8899015e+01   6.4493985e-24
   4.9011777e+01   6.4537637e-24
   4.9124798e+01   6.4581484e-24
   4.9238081e+01   6.4625519e-24
   4.9351624e+01   6.4669737e-24
   4.9465429e+01   6.4714132e-24
   4.9579497e+01   6.4758699e-24
   4.9693828e+01   6.4803433e-24
   4.9808422e+01   6.4848328e-24
   4.9923280e+01   6.4893379e-24
   5.0038404e+01   6.4938582e-24
   5.0153793e+01   6.4983930e-24
   5.0269448e+01   6.5029420e-24
   5.0385370e+01   6.5075046e-24
   5.0501559e+01   6.5120804e-24
   5.0618016e+01   6.5166688e-24
   5.0734741e+01   6.5212695e-24
   5.0851736e+01   6.5258819e-24
   5.0969000e+01   6.5305056e-24
   5.1086535e+01   6.5351402e-24
   5.1204341e+01   6.5397852e-24
   5.1322419e+01   6.5444401e-24
   5.1440769e+01   6.5491046e-24
   5.1559392e+01   6.5537783e-24
   5.1678288e+01   6.5584607e-24
   5.1797458e+01   6.5631514e-24
   5.1916904e+01   6.5678500e-24
   5.2036625e+01   6.5725561e-24
   5.2156621e+01   6.5772694e-24
   5.2276895e+01   6.5819894e-24
   5.2397446e+01   6.5867157e-24
   5.2518275e+01   6.5914481e-24
   5.2639382e+01   6.5961861e-24
   5.2760769e+01   6.6009293e-24
   5.2882436e+01   6.6056775e-24
   5.3004383e+01   6.6104303e-24
   5.3126612e+01   6.6151872e-24
   5.3249122e+01   6.6199481e-24
   5.3371915e+01   6.6247125e-24
   5.3494991e+01   6.6294801e-24
   5.3618351e+01   6.6342507e-24
   5.3741995e+01   6.6390238e-24
   5.3865925e+01   6.6437992e-24
   5.3990140e+01   6.6485765e-24
   5.4114642e+01   6.6533555e-24
   5.4239430e+01   6.6581359e-24
   5.4364507e+01   6.6629174e-24
   5.4489872e+01   6.6676996e-24
   5.4615526e+01   6.6724824e-24
   5.4741470e+01   6.6772653e-24
   5.4867704e+01   6.6820483e-24
   5.4994229e+01   6.6868309e-24
   5.5121046e+01   6.6916129e-24
   5.5248156e+01   6.6963941e-24
   5.5375559e+01   6.7011741e-24
   5.5503255e+01   6.7059529e-24
   5.5631246e+01   6.7107300e-24
   5.5759532e+01   6.7155053e-24
   5.5888114e+01   6.7202785e-24
   5.6016992e+01   6.7250494e-24
   5.6146168e+01   6.7298178e-24
   5.6275642e+01   6.7345834e-24
   5.6405414e+01   6.7393460e-24
   5.6535485e+01   6.7441053e-24
   5.6665856e+01   6.7488613e-24
   5.6796528e+01   6.7536136e-24
   5.6927501e+01   6.7583621e-24
   5.7058777e+01   6.7631065e-24
   5.7190355e+01   6.7678467e-24
   5.7322236e+01   6.7725824e-24
   5.7454421e+01   6.7773135e-24
   5.7586912e+01   6.7820398e-24
   5.7719708e+01   6.7867610e-24
   5.7852810e+01   6.7914771e-24
   5.7986219e+01   6.7961878e-24
   5.8119935e+01   6.8008929e-24
   5.8253960e+01   6.8055923e-24
   5.8388294e+01   6.8102859e-24
   5.8522938e+01   6.8149733e-24
   5.8657893e+01   6.8196546e-24
   5.8793158e+01   6.8243295e-24
   5.8928736e+01   6.8289978e-24
   5.9064626e+01   6.8336594e-24
   5.9200829e+01   6.8383143e-24
   5.9337347e+01   6.8429621e-24
   5.9474179e+01   6.8476028e-24
   5.9611327e+01   6.8522362e-24
   5.9748791e+01   6.8568622e-24
   5.9886572e+01   6.8614806e-24
   6.0024671e+01   6.8660914e-24
   6.0163089e+01   6.8706944e-24
   6.0301825e+01   6.8752894e-24
   6.0440882e+01   6.8798764e-24
   6.0580259e+01   6.8844551e-24
   6.0719957e+01   6.8890256e-24
   6.0859978e+01   6.8935876e-24
   6.1000322e+01   6.8981411e-24
   6.1140989e+01   6.9026860e-24
   6.1281980e+01   6.9072220e-24
   6.1423297e+01   6.9117492e-24
   6.1564940e+01   6.9162675e-24
   6.1706909e+01   6.9207766e-24
   6.1849206e+01   6.9252766e-24
   6.1991830e+01   6.9297673e-24
   6.2134784e+01   6.9342486e-24
   6.2278067e+01   6.9387204e-24
   6.2421681e+01   6.9431827e-24
   6.2565626e+01   6.9476353e-24
   6.2709903e+01   6.9520782e-24
   6.2854512e+01   6.9565113e-24
   6.2999455e+01   6.9609344e-24
   6.3144732e+01   6.9653476e-24
   6.3290345e+01   6.9697507e-24
   6.3436293e+01   6.9741436e-24
   6.3582577e+01   6.9785263e-24
   6.3729199e+01   6.9828988e-24
   6.3876159e+01   6.9872608e-24
   6.4023458e+01   6.9916125e-24
   6.4171097e+01   6.9959536e-24
   6.4319076e+01   7.0002841e-24
   6.4467396e+01   7.0046040e-24
   6.4616058e+01   7.0089133e-24
   6.4765063e+01   7.0132117e-24
   6.4914412e+01   7.0174994e-24
   6.5064105e+01   7.0217761e-24
   6.5214144e+01   7.0260419e-24
   6.5364528e+01   7.0302968e-24
   6.5515259e+01   7.0345406e-24
   6.5666338e+01   7.0387733e-24
   6.5817765e+01   7.0429949e-24
   6.5969541e+01   7.0472052e-24
   6.6121667e+01   7.0514044e-24
   6.6274144e+01   7.0555923e-24
   6.6426973e+01   7.0597688e-24
   6.6580154e+01   7.0639340e-24
   6.6733688e+01   7.0680877e-24
   6.6887577e+01   7.0722301e-24
   6.7041820e+01   7.0763609e-24
   6.7196419e+01   7.0804802e-24
   6.7351374e+01   7.0845880e-24
   6.7506687e+01   7.0886842e-24
   6.7662358e+01   7.0927688e-24
   6.7818388e+01   7.0968417e-24
   6.7974778e+01   7.1009029e-24
   6.8131528e+01   7.1049524e-24
   6.8288640e+01   7.1089902e-24
   6.8446114e+01   7.1130162e-24
   6.8603951e+01   7.1170304e-24
   6.8762153e+01   7.1210328e-24
   6.8920719e+01   7.1250234e-24
   6.9079650e+01   7.1290021e-24
   6.9238949e+01   7.1329690e-24
   6.9398614e+01   7.1369239e-24
   6.9558648e+01   7.1408669e-24
   6.9719051e+01   7.1447980e-24
   6.9879823e+01   7.1487172e-24
   7.0040967e+01   7.1526243e-24
   7.0202482e+01   7.1565195e-24
   7.0364369e+01   7.1604027e-24
   7.0526630e+01   7.1642740e-24
   7.0689265e+01   7.1681331e-24
   7.0852275e+01   7.1719803e-24
   7.1015661e+01   7.1758154e-24
   7.1179423e+01   7.1796385e-24
   7.1343564e+01   7.1834496e-24
   7.1508083e+01   7.1872486e-24
   7.1672981e+01   7.1910355e-24
   7.1838259e+01   7.1948103e-24
   7.2003919e+01   7.1985731e-24
   7.2169960e+01   7.2023238e-24
   7.2336385e+01   7.2060625e-24
   7.2503193e+01   7.2097890e-24
   7.2670386e+01   7.2135035e-24
   7.2837964e+01   7.2172059e-24
   7.3005929e+01   7.2208963e-24
   7.3174282e+01   7.2245745e-24
   7.3343022e+01   7.2282407e-24
   7.3512152e+01   7.2318948e-24
   7.3681671e+01   7.2355369e-24
   7.3851582e+01   7.2391669e-24
   7.4021884e+01   7.2427848e-24
   7.4192579e+01   7.2463907e-24
   7.4363668e+01   7.2499846e-24
   7.4535151e+01   7.2535664e-24
   7.4707029e+01   7.2571362e-24
   7.4879304e+01   7.2606940e-24
   7.5051977e+01   7.2642398e-24
   7.5225047e+01   7.2677735e-24
   7.5398517e+01   7.2712953e-24
   7.5572386e+01   7.2748052e-24
   7.5746657e+01   7.2783030e-24
   7.5921329e+01   7.2817889e-24
   7.6096404e+01   7.2852629e-24
   7.6271883e+01   7.2887250e-24
   7.6447767e+01   7.2921751e-24
   7.6624056e+01   7.2956134e-24
   7.6800751e+01   7.2990398e-24
   7.6977855e+01   7.3024543e-24
   7.7155366e+01   7.3058570e-24
   7.7333287e+01   7.3092478e-24
   7.7511618e+01   7.3126268e-24
   7.7690361e+01   7.3159941e-24
   7.7869515e+01   7.3193495e-24
   7.8049083e+01   7.3226933e-24
   7.8229065e+01   7.3260252e-24
   7.8409461e+01   7.3293455e-24
   7.8590274e+01   7.3326541e-24
   7.8771504e+01   7.3359510e-24
   7.8953152e+01   7.3392362e-24
   7.9135218e+01   7.3425098e-24
   7.9317705e+01   7.3457718e-24
   7.9500612e+01   7.3490222e-24
   7.9683941e+01   7.3522611e-24
   7.9867693e+01   7.3554884e-24
   8.0051868e+01   7.3587042e-24
   8.0236468e+01   7.3619085e-24
   8.0421494e+01   7.3651013e-24
   8.0606947e+01   7.3682827e-24
   8.0792827e+01   7.3714527e-24
   8.0979136e+01   7.3746113e-24
   8.1165874e+01   7.3777585e-24
   8.1353044e+01   7.3808944e-24
   8.1540644e+01   7.3840189e-24
   8.1728678e+01   7.3871322e-24
   8.1917145e+01   7.3902342e-24
   8.2106046e+01   7.3933250e-24
   8.2295383e+01   7.3964046e-24
   8.2485157e+01   7.3994730e-24
   8.2675369e+01   7.4025303e-24
   8.2866019e+01   7.4055764e-24
   8.3057108e+01   7.4086115e-24
   8.3248639e+01   7.4116355e-24
   8.3440611e+01   7.4146484e-24
   8.3633025e+01   7.4176504e-24
   8.3825884e+01   7.4206414e-24
   8.4019187e+01   7.4236215e-24
   8.4212936e+01   7.4265906e-24
   8.4407131e+01   7.4295489e-24
   8.4601775e+01   7.4324964e-24
   8.4796867e+01   7.4354330e-24
   8.4992409e+01   7.4383588e-24
   8.5188403e+01   7.4412739e-24
   8.5384848e+01   7.4441783e-24
   8.5581746e+01   7.4470720e-24
   8.5779098e+01   7.4499551e-24
   8.5976905e+01   7.4528275e-24
   8.6175169e+01   7.4556893e-24
   8.6373889e+01   7.4585406e-24
   8.6573068e+01   7.4613814e-24
   8.6772706e+01   7.4642117e-24
   8.6972805e+01   7.4670315e-24
   8.7173365e+01   7.4698409e-24
   8.7374387e+01   7.4726400e-24
   8.7575873e+01   7.4754286e-24
   8.7777824e+01   7.4782070e-24
   8.7980240e+01   7.4809751e-24
   8.8183123e+01   7.4837330e-24
   8.8386474e+01   7.4864806e-24
   8.8590294e+01   7.4892181e-24
   8.8794584e+01   7.4919454e-24
   8.8999345e+01   7.4946627e-24
   8.9204578e+01   7.4973699e-24
   8.9410285e+01   7.5000670e-24
   8.9616465e+01   7.5027541e-24
   8.9823122e+01   7.5054313e-24
   9.0030254e+01   7.5080986e-24
   9.0237865e+01   7.5107560e-24
   9.0445954e+01   7.5134035e-24
   9.0654523e+01   7.5160413e-24
   9.0863573e+01   7.5186692e-24
   9.1073105e+01   7.5212875e-24
   9.1283120e+01   7.5238960e-24
   9.1493620e+01   7.5264948e-24
   9.1704605e+01   7.5290841e-24
   9.1916077e+01   7.5316637e-24
   9.2128036e+01   7.5342338e-24
   9.2340484e+01   7.5367944e-24
   9.2553422e+01   7.5393455e-24
   9.2766850e+01   7.5418872e-24
   9.2980771e+01   7.5444195e-24
   9.3195186e+01   7.5469424e-24
   9.3410095e+01   7.5494560e-24
   9.3625499e+01   7.5519603e-24
   9.3841400e+01   7.5544554e-24
   9.4057799e+01   7.5569412e-24
   9.4274697e+01   7.5594179e-24
   9.4492095e+01   7.5618855e-24
   9.4709995e+01   7.5643440e-24
   9.4928397e+01   7.5667934e-24
   9.5147302e+01   7.5692338e-24
   9.5366713e+01   7.5716652e-24
   9.5586629e+01   7.5740877e-24
   9.5807053e+01   7.5765013e-24
   9.6027984e+01   7.5789061e-24
   9.6249426e+01   7.5813020e-24
   9.6471378e+01   7.5836891e-24
   9.6693841e+01   7.5860675e-24
   9.6916818e+01   7.5884372e-24
   9.7140309e+01   7.5907983e-24
   9.7364315e+01   7.5931507e-24
   9.7588838e+01   7.5954945e-24
   9.7813879e+01   7.5978298e-24
   9.8039438e+01   7.6001566e-24
   9.8265518e+01   7.6024749e-24
   9.8492119e+01   7.6047848e-24
   9.8719243e+01   7.6070864e-24
   9.8946890e+01   7.6093795e-24
   9.9175062e+01   7.6116644e-24
   9.9403761e+01   7.6139410e-24
   9.9632987e+01   7.6162094e-24
   9.9862741e+01   7.6184696e-24
   1.0009303e+02   7.6207216e-24
   1.0032384e+02   7.6229655e-24
   1.0055519e+02   7.6252014e-24
   1.0078707e+02   7.6274292e-24
   1.0101948e+02   7.6296491e-24
   1.0125244e+02   7.6318610e-24
   1.0148593e+02   7.6340650e-24
   1.0171995e+02   7.6362611e-24
   1.0195452e+02   7.6384494e-24
   1.0218963e+02   7.6406299e-24
   1.0242528e+02   7.6428027e-24
   1.0266147e+02   7.6449678e-24
   1.0289821e+02   7.6471251e-24
   1.0313549e+02   7.6492749e-24
   1.0337332e+02   7.6514171e-24
   1.0361170e+02   7.6535517e-24
   1.0385063e+02   7.6556788e-24
   1.0409011e+02   7.6577985e-24
   1.0433015e+02   7.6599107e-24
   1.0457073e+02   7.6620156e-24
   1.0481187e+02   7.6641130e-24
   1.0505357e+02   7.6662032e-24
   1.0529582e+02   7.6682862e-24
   1.0553864e+02   7.6703618e-24
   1.0578201e+02   7.6724303e-24
   1.0602594e+02   7.6744917e-24
   1.0627044e+02   7.6765459e-24
   1.0651550e+02   7.6785931e-24
   1.0676113e+02   7.6806333e-24
   1.0700732e+02   7.6826665e-24
   1.0725408e+02   7.6846927e-24
   1.0750141e+02   7.6867120e-24
   1.0774931e+02   7.6887244e-24
   1.0799778e+02   7.6907301e-24
   1.0824682e+02   7.6927289e-24
   1.0849644e+02   7.6947210e-24
   1.0874663e+02   7.6967063e-24
   1.0899740e+02   7.6986851e-24
   1.0924875e+02   7.7006571e-24
   1.0950068e+02   7.7026226e-24
   1.0975319e+02   7.7045816e-24
   1.1000628e+02   7.7065340e-24
   1.1025996e+02   7.7084800e-24
   1.1051422e+02   7.7104195e-24
   1.1076906e+02   7.7123527e-24
   1.1102450e+02   7.7142795e-24
   1.1128052e+02   7.7162000e-24
   1.1153714e+02   7.7181142e-24
   1.1179434e+02   7.7200222e-24
   1.1205214e+02   7.7219240e-24
   1.1231053e+02   7.7238196e-24
   1.1256952e+02   7.7257092e-24
   1.1282911e+02   7.7275926e-24
   1.1308929e+02   7.7294701e-24
   1.1335008e+02   7.7313415e-24
   1.1361146e+02   7.7332070e-24
   1.1387345e+02   7.7350666e-24
   1.1413605e+02   7.7369203e-24
   1.1439924e+02   7.7387682e-24
   1.1466305e+02   7.7406103e-24
   1.1492746e+02   7.7424466e-24
   1.1519249e+02   7.7442772e-24
   1.1545812e+02   7.7461021e-24
   1.1572437e+02   7.7479214e-24
   1.1599123e+02   7.7497351e-24
   1.1625871e+02   7.7515432e-24
   1.1652680e+02   7.7533458e-24
   1.1679551e+02   7.7551429e-24
   1.1706484e+02   7.7569346e-24
   1.1733480e+02   7.7587209e-24
   1.1760537e+02   7.7605018e-24
   1.1787657e+02   7.7622774e-24
   1.1814839e+02   7.7640477e-24
   1.1842085e+02   7.7658128e-24
   1.1869392e+02   7.7675726e-24
   1.1896763e+02   7.7693273e-24
   1.1924197e+02   7.7710769e-24
   1.1951695e+02   7.7728213e-24
   1.1979255e+02   7.7745607e-24
   1.2006880e+02   7.7762951e-24
   1.2034568e+02   7.7780246e-24
   1.2062319e+02   7.7797490e-24
   1.2090135e+02   7.7814686e-24
   1.2118015e+02   7.7831834e-24
   1.2145959e+02   7.7848933e-24
   1.2173968e+02   7.7865984e-24
   1.2202041e+02   7.7882988e-24
   1.2230179e+02   7.7899944e-24
   1.2258382e+02   7.7916854e-24
   1.2286650e+02   7.7933718e-24
   1.2314983e+02   7.7950536e-24
   1.2343382e+02   7.7967308e-24
   1.2371846e+02   7.7984036e-24
   1.2400375e+02   7.8000718e-24
   1.2428971e+02   7.8017356e-24
   1.2457632e+02   7.8033951e-24
   1.2486359e+02   7.8050501e-24
   1.2515153e+02   7.8067008e-24
   1.2544013e+02   7.8083473e-24
   1.2572940e+02   7.8099895e-24
   1.2601933e+02   7.8116275e-24
   1.2630993e+02   7.8132613e-24
   1.2660120e+02   7.8148910e-24
   1.2689314e+02   7.8165166e-24
   1.2718576e+02   7.8181381e-24
   1.2747905e+02   7.8197556e-24
   1.2777302e+02   7.8213692e-24
   1.2806767e+02   7.8229788e-24
   1.2836299e+02   7.8245845e-24
   1.2865900e+02   7.8261863e-24
   1.2895569e+02   7.8277843e-24
   1.2925306e+02   7.8293785e-24
   1.2955112e+02   7.8309689e-24
   1.2984986e+02   7.8325557e-24
   1.3014930e+02   7.8341387e-24
   1.3044942e+02   7.8357181e-24
   1.3075024e+02   7.8372939e-24
   1.3105175e+02   7.8388662e-24
   1.3135396e+02   7.8404349e-24
   1.3165686e+02   7.8420001e-24
   1.3196046e+02   7.8435618e-24
   1.3226476e+02   7.8451202e-24
   1.3256977e+02   7.8466751e-24
   1.3287547e+02   7.8482267e-24
   1.3318189e+02   7.8497750e-24
   1.3348901e+02   7.8513201e-24
   1.3379683e+02   7.8528619e-24
   1.3410537e+02   7.8544005e-24
   1.3441462e+02   7.8559359e-24
   1.3472458e+02   7.8574683e-24
   1.3503525e+02   7.8589975e-24
   1.3534665e+02   7.8605237e-24
   1.3565876e+02   7.8620469e-24
   1.3597159e+02   7.8635671e-24
   1.3628514e+02   7.8650844e-24
   1.3659941e+02   7.8665987e-24
   1.3691441e+02   7.8681102e-24
   1.3723014e+02   7.8696189e-24
   1.3754659e+02   7.8711248e-24
   1.3786377e+02   7.8726280e-24
   1.3818169e+02   7.8741284e-24
   1.3850034e+02   7.8756261e-24
   1.3881972e+02   7.8771212e-24
   1.3913984e+02   7.8786137e-24
   1.3946070e+02   7.8801036e-24
   1.3978229e+02   7.8815910e-24
   1.4010463e+02   7.8830759e-24
   1.4042772e+02   7.8845583e-24
   1.4075154e+02   7.8860383e-24
   1.4107612e+02   7.8875160e-24
   1.4140144e+02   7.8889912e-24
   1.4172751e+02   7.8904642e-24
   1.4205434e+02   7.8919348e-24
   1.4238192e+02   7.8934033e-24
   1.4271025e+02   7.8948695e-24
   1.4303934e+02   7.8963335e-24
   1.4336919e+02   7.8977954e-24
   1.4369980e+02   7.8992552e-24
   1.4403117e+02   7.9007130e-24
   1.4436331e+02   7.9021687e-24
   1.4469621e+02   7.9036224e-24
   1.4502988e+02   7.9050742e-24
   1.4536432e+02   7.9065241e-24
   1.4569954e+02   7.9079721e-24
   1.4603552e+02   7.9094182e-24
   1.4637228e+02   7.9108625e-24
   1.4670981e+02   7.9123051e-24
   1.4704813e+02   7.9137459e-24
   1.4738722e+02   7.9151850e-24
   1.4772710e+02   7.9166224e-24
   1.4806776e+02   7.9180582e-24
   1.4840920e+02   7.9194924e-24
   1.4875144e+02   7.9209251e-24
   1.4909446e+02   7.9223562e-24
   1.4943827e+02   7.9237858e-24
   1.4978288e+02   7.9252140e-24
   1.5012828e+02   7.9266408e-24
   1.5047447e+02   7.9280662e-24
   1.5082147e+02   7.9294902e-24
   1.5116927e+02   7.9309130e-24
   1.5151786e+02   7.9323344e-24
   1.5186726e+02   7.9337547e-24
   1.5221747e+02   7.9351737e-24
   1.5256849e+02   7.9365915e-24
   1.5292031e+02   7.9380083e-24
   1.5327295e+02   7.9394239e-24
   1.5362639e+02   7.9408384e-24
   1.5398066e+02   7.9422520e-24
   1.5433574e+02   7.9436645e-24
   1.5469164e+02   7.9450761e-24
   1.5504836e+02   7.9464868e-24
   1.5540590e+02   7.9478966e-24
   1.5576427e+02   7.9493055e-24
   1.5612346e+02   7.9507137e-24
   1.5648348e+02   7.9521210e-24
   1.5684434e+02   7.9535276e-24
   1.5720602e+02   7.9549335e-24
   1.5756854e+02   7.9563388e-24
   1.5793189e+02   7.9577434e-24
   1.5829608e+02   7.9591474e-24
   1.5866112e+02   7.9605508e-24
   1.5902699e+02   7.9619537e-24
   1.5939371e+02   7.9633561e-24
   1.5976127e+02   7.9647581e-24
   1.6012968e+02   7.9661596e-24
   1.6049894e+02   7.9675607e-24
   1.6086905e+02   7.9689615e-24
   1.6124002e+02   7.9703620e-24
   1.6161184e+02   7.9717621e-24
   1.6198452e+02   7.9731621e-24
   1.6235805e+02   7.9745618e-24
   1.6273245e+02   7.9759613e-24
   1.6310772e+02   7.9773607e-24
   1.6348384e+02   7.9787600e-24
   1.6386084e+02   7.9801593e-24
   1.6423870e+02   7.9815584e-24
   1.6461744e+02   7.9829576e-24
   1.6499705e+02   7.9843569e-24
   1.6537753e+02   7.9857561e-24
   1.6575889e+02   7.9871555e-24
   1.6614114e+02   7.9885551e-24
   1.6652426e+02   7.9899548e-24
   1.6690826e+02   7.9913547e-24
   1.6729316e+02   7.9927549e-24
   1.6767894e+02   7.9941553e-24
   1.6806560e+02   7.9955561e-24
   1.6845316e+02   7.9969572e-24
   1.6884162e+02   7.9983587e-24
   1.6923097e+02   7.9997606e-24
   1.6962122e+02   8.0011629e-24
   1.7001236e+02   8.0025658e-24
   1.7040441e+02   8.0039692e-24
   1.7079737e+02   8.0053731e-24
   1.7119123e+02   8.0067777e-24
   1.7158600e+02   8.0081829e-24
   1.7198168e+02   8.0095887e-24
   1.7237827e+02   8.0109953e-24
   1.7277577e+02   8.0124026e-24
   1.7317419e+02   8.0138106e-24
   1.7357354e+02   8.0152195e-24
   1.7397380e+02   8.0166292e-24
   1.7437498e+02   8.0180398e-24
   1.7477709e+02   8.0194513e-24
   1.7518013e+02   8.0208637e-24
   1.7558410e+02   8.0222772e-24
   1.7598899e+02   8.0236916e-24
   1.7639483e+02   8.0251072e-24
   1.7680159e+02   8.0265238e-24
   1.7720930e+02   8.0279415e-24
   1.7761795e+02   8.0293604e-24
   1.7802753e+02   8.0307805e-24
   1.7843807e+02   8.0322018e-24
   1.7884955e+02   8.0336244e-24
   1.7926198e+02   8.0350482e-24
   1.7967535e+02   8.0364735e-24
   1.8008969e+02   8.0379001e-24
   1.8050498e+02   8.0393281e-24
   1.8092122e+02   8.0407575e-24
   1.8133843e+02   8.0421885e-24
   1.8175659e+02   8.0436209e-24
   1.8217573e+02   8.0450549e-24
   1.8259583e+02   8.0464905e-24
   1.8301689e+02   8.0479277e-24
   1.8343893e+02   8.0493665e-24
   1.8386194e+02   8.0508071e-24
   1.8428593e+02   8.0522494e-24
   1.8471089e+02   8.0536934e-24
   1.8513684e+02   8.0551393e-24
   1.8556377e+02   8.0565869e-24
   1.8599168e+02   8.0580365e-24
   1.8642058e+02   8.0594879e-24
   1.8685046e+02   8.0609413e-24
   1.8728134e+02   8.0623967e-24
   1.8771321e+02   8.0638541e-24
   1.8814608e+02   8.0653135e-24
   1.8857995e+02   8.0667751e-24
   1.8901482e+02   8.0682387e-24
   1.8945068e+02   8.0697045e-24
   1.8988756e+02   8.0711725e-24
   1.9032544e+02   8.0726427e-24
   1.9076433e+02   8.0741152e-24
   1.9120424e+02   8.0755900e-24
   1.9164516e+02   8.0770671e-24
   1.9208709e+02   8.0785466e-24
   1.9253005e+02   8.0800285e-24
   1.9297402e+02   8.0815128e-24
   1.9341902e+02   8.0829997e-24
   1.9386505e+02   8.0844890e-24
   1.9431210e+02   8.0859809e-24
   1.9476019e+02   8.0874754e-24
   1.9520930e+02   8.0889725e-24
   1.9565946e+02   8.0904723e-24
   1.9611065e+02   8.0919747e-24
   1.9656288e+02   8.0934799e-24
   1.9701616e+02   8.0949879e-24
   1.9747048e+02   8.0964987e-24
   1.9792585e+02   8.0980123e-24
   1.9838227e+02   8.0995288e-24
   1.9883974e+02   8.1010482e-24
   1.9929826e+02   8.1025706e-24
   1.9975785e+02   8.1040960e-24
   2.0021849e+02   8.1056243e-24
   2.0068020e+02   8.1071558e-24
   2.0114297e+02   8.1086903e-24
   2.0160680e+02   8.1102280e-24
   2.0207171e+02   8.1117689e-24
   2.0253769e+02   8.1133129e-24
   2.0300474e+02   8.1148603e-24
   2.0347287e+02   8.1164108e-24
   2.0394208e+02   8.1179648e-24
   2.0441237e+02   8.1195220e-24
   2.0488375e+02   8.1210827e-24
   2.0535621e+02   8.1226468e-24
   2.0582977e+02   8.1242144e-24
   2.0630441e+02   8.1257854e-24
   2.0678015e+02   8.1273600e-24
   2.0725699e+02   8.1289382e-24
   2.0773492e+02   8.1305200e-24
   2.0821396e+02   8.1321055e-24
   2.0869411e+02   8.1336947e-24
   2.0917536e+02   8.1352875e-24
   2.0965772e+02   8.1368842e-24
   2.1014119e+02   8.1384846e-24
   2.1062578e+02   8.1400889e-24
   2.1111148e+02   8.1416971e-24
   2.1159831e+02   8.1433092e-24
   2.1208625e+02   8.1449253e-24
   2.1257533e+02   8.1465453e-24
   2.1306553e+02   8.1481694e-24
   2.1355686e+02   8.1497975e-24
   2.1404932e+02   8.1514298e-24
   2.1454292e+02   8.1530662e-24
   2.1503766e+02   8.1547067e-24
   2.1553354e+02   8.1563515e-24
   2.1603056e+02   8.1580006e-24
   2.1652873e+02   8.1596539e-24
   2.1702804e+02   8.1613116e-24
   2.1752851e+02   8.1629737e-24
   2.1803013e+02   8.1646401e-24
   2.1853291e+02   8.1663110e-24
   2.1903685e+02   8.1679864e-24
   2.1954195e+02   8.1696664e-24
   2.2004822e+02   8.1713509e-24
   2.2055565e+02   8.1730400e-24
   2.2106425e+02   8.1747337e-24
   2.2157403e+02   8.1764322e-24
   2.2208498e+02   8.1781353e-24
   2.2259711e+02   8.1798432e-24
   2.2311042e+02   8.1815559e-24
   2.2362491e+02   8.1832735e-24
   2.2414060e+02   8.1849959e-24
   2.2465747e+02   8.1867232e-24
   2.2517553e+02   8.1884555e-24
   2.2569478e+02   8.1901928e-24
   2.2621524e+02   8.1919351e-24
   2.2673689e+02   8.1936825e-24
   2.2725975e+02   8.1954350e-24
   2.2778381e+02   8.1971927e-24
   2.2830908e+02   8.1989556e-24
   2.2883556e+02   8.2007236e-24
   2.2936326e+02   8.2024970e-24
   2.2989217e+02   8.2042757e-24
   2.3042231e+02   8.2060597e-24
   2.3095366e+02   8.2078491e-24
   2.3148624e+02   8.2096439e-24
   2.3202005e+02   8.2114443e-24
   2.3255509e+02   8.2132501e-24
   2.3309137e+02   8.2150615e-24
   2.3362888e+02   8.2168784e-24
   2.3416763e+02   8.2187010e-24
   2.3470762e+02   8.2205293e-24
   2.3524886e+02   8.2223633e-24
   2.3579134e+02   8.2242031e-24
   2.3633508e+02   8.2260486e-24
   2.3688007e+02   8.2279000e-24
   2.3742632e+02   8.2297572e-24
   2.3797382e+02   8.2316204e-24
   2.3852259e+02   8.2334895e-24
   2.3907263e+02   8.2353647e-24
   2.3962393e+02   8.2372458e-24
   2.4017651e+02   8.2391331e-24
   2.4073036e+02   8.2410265e-24
   2.4128548e+02   8.2429260e-24
   2.4184189e+02   8.2448318e-24
   2.4239958e+02   8.2467438e-24
   2.4295855e+02   8.2486621e-24
   2.4351882e+02   8.2505867e-24
   2.4408037e+02   8.2525177e-24
   2.4464322e+02   8.2544551e-24
   2.4520737e+02   8.2563990e-24
   2.4577282e+02   8.2583493e-24
   2.4633958e+02   8.2603062e-24
   2.4690764e+02   8.2622697e-24
   2.4747701e+02   8.2642399e-24
   2.4804769e+02   8.2662167e-24
   2.4861969e+02   8.2682002e-24
   2.4919301e+02   8.2701904e-24
   2.4976765e+02   8.2721875e-24
   2.5034362e+02   8.2741914e-24
   2.5092091e+02   8.2762021e-24
   2.5149954e+02   8.2782199e-24
   2.5207950e+02   8.2802445e-24
   2.5266080e+02   8.2822762e-24
   2.5324343e+02   8.2843149e-24
   2.5382742e+02   8.2863608e-24
   2.5441274e+02   8.2884138e-24
   2.5499942e+02   8.2904739e-24
   2.5558745e+02   8.2925413e-24
   2.5617684e+02   8.2946160e-24
   2.5676758e+02   8.2966980e-24
   2.5735969e+02   8.2987873e-24
   2.5795317e+02   8.3008841e-24
   2.5854801e+02   8.3029883e-24
   2.5914422e+02   8.3051000e-24
   2.5974181e+02   8.3072192e-24
   2.6034078e+02   8.3093460e-24
   2.6094112e+02   8.3114804e-24
   2.6154286e+02   8.3136225e-24
   2.6214598e+02   8.3157724e-24
   2.6275049e+02   8.3179299e-24
   2.6335639e+02   8.3200953e-24
   2.6396369e+02   8.3222686e-24
   2.6457240e+02   8.3244497e-24
   2.6518250e+02   8.3266388e-24
   2.6579401e+02   8.3288358e-24
   2.6640694e+02   8.3310409e-24
   2.6702127e+02   8.3332541e-24
   2.6763703e+02   8.3354754e-24
   2.6825420e+02   8.3377048e-24
   2.6887280e+02   8.3399425e-24
   2.6949282e+02   8.3421884e-24
   2.7011427e+02   8.3444427e-24
   2.7073716e+02   8.3467053e-24
   2.7136148e+02   8.3489763e-24
   2.7198724e+02   8.3512557e-24
   2.7261444e+02   8.3535436e-24
   2.7324310e+02   8.3558401e-24
   2.7387320e+02   8.3581451e-24
   2.7450475e+02   8.3604588e-24
   2.7513776e+02   8.3627811e-24
   2.7577223e+02   8.3651122e-24
   2.7640816e+02   8.3674521e-24
   2.7704556e+02   8.3698007e-24
   2.7768443e+02   8.3721583e-24
   2.7832477e+02   8.3745247e-24
   2.7896659e+02   8.3769002e-24
   2.7960989e+02   8.3792846e-24
   2.8025467e+02   8.3816781e-24
   2.8090094e+02   8.3840806e-24
   2.8154870e+02   8.3864924e-24
   2.8219796e+02   8.3889133e-24
   2.8284871e+02   8.3913435e-24
   2.8350096e+02   8.3937830e-24
   2.8415471e+02   8.3962318e-24
   2.8480998e+02   8.3986901e-24
   2.8546675e+02   8.4011578e-24
   2.8612504e+02   8.4036349e-24
   2.8678485e+02   8.4061216e-24
   2.8744617e+02   8.4086179e-24
   2.8810903e+02   8.4111239e-24
   2.8877341e+02   8.4136395e-24
   2.8943932e+02   8.4161649e-24
   2.9010677e+02   8.4187000e-24
   2.9077576e+02   8.4212450e-24
   2.9144629e+02   8.4237999e-24
   2.9211837e+02   8.4263647e-24
   2.9279200e+02   8.4289396e-24
   2.9346718e+02   8.4315244e-24
   2.9414391e+02   8.4341193e-24
   2.9482221e+02   8.4367244e-24
   2.9550207e+02   8.4393397e-24
   2.9618350e+02   8.4419652e-24
   2.9686651e+02   8.4446010e-24
   2.9755108e+02   8.4472471e-24
   2.9823724e+02   8.4499037e-24
   2.9892498e+02   8.4525707e-24
   2.9961430e+02   8.4552481e-24
   3.0030521e+02   8.4579362e-24
   3.0099772e+02   8.4606348e-24
   3.0169182e+02   8.4633441e-24
   3.0238752e+02   8.4660640e-24
   3.0308483e+02   8.4687948e-24
   3.0378375e+02   8.4715363e-24
   3.0448428e+02   8.4742887e-24
   3.0518642e+02   8.4770520e-24
   3.0589018e+02   8.4798263e-24
   3.0659557e+02   8.4826116e-24
   3.0730258e+02   8.4854079e-24
   3.0801122e+02   8.4882154e-24
   3.0872150e+02   8.4910341e-24
   3.0943341e+02   8.4938639e-24
   3.1014697e+02   8.4967051e-24
   3.1086217e+02   8.4995576e-24
   3.1157902e+02   8.5024215e-24
   3.1229752e+02   8.5052968e-24
   3.1301768e+02   8.5081837e-24
   3.1373950e+02   8.5110820e-24
   3.1446299e+02   8.5139920e-24
   3.1518814e+02   8.5169137e-24
   3.1591497e+02   8.5198470e-24
   3.1664347e+02   8.5227921e-24
   3.1737365e+02   8.5257491e-24
   3.1810552e+02   8.5287179e-24
   3.1883907e+02   8.5316987e-24
   3.1957432e+02   8.5346914e-24
   3.2031126e+02   8.5376962e-24
   3.2104990e+02   8.5407131e-24
   3.2179024e+02   8.5437421e-24
   3.2253229e+02   8.5467834e-24
   3.2327606e+02   8.5498369e-24
   3.2402153e+02   8.5529027e-24
   3.2476873e+02   8.5559809e-24
   3.2551765e+02   8.5590715e-24
   3.2626829e+02   8.5621747e-24
   3.2702067e+02   8.5652904e-24
   3.2777478e+02   8.5684186e-24
   3.2853063e+02   8.5715596e-24
   3.2928823e+02   8.5747132e-24
   3.3004757e+02   8.5778797e-24
   3.3080866e+02   8.5810589e-24
   3.3157151e+02   8.5842511e-24
   3.3233612e+02   8.5874562e-24
   3.3310249e+02   8.5906743e-24
   3.3387062e+02   8.5939055e-24
   3.3464053e+02   8.5971497e-24
   3.3541221e+02   8.6004072e-24
   3.3618568e+02   8.6036779e-24
   3.3696092e+02   8.6069619e-24
   3.3773796e+02   8.6102593e-24
   3.3851679e+02   8.6135700e-24
   3.3929741e+02   8.6168942e-24
   3.4007983e+02   8.6202320e-24
   3.4086406e+02   8.6235834e-24
   3.4165009e+02   8.6269484e-24
   3.4243794e+02   8.6303271e-24
   3.4322760e+02   8.6337196e-24
   3.4401909e+02   8.6371259e-24
   3.4481240e+02   8.6405461e-24
   3.4560754e+02   8.6439802e-24
   3.4640451e+02   8.6474284e-24
   3.4720333e+02   8.6508906e-24
   3.4800398e+02   8.6543669e-24
   3.4880648e+02   8.6578575e-24
   3.4961083e+02   8.6613623e-24
   3.5041703e+02   8.6648814e-24
   3.5122510e+02   8.6684149e-24
   3.5203503e+02   8.6719628e-24
   3.5284682e+02   8.6755252e-24
   3.5366049e+02   8.6791022e-24
   3.5447603e+02   8.6826938e-24
   3.5529346e+02   8.6863000e-24
   3.5611277e+02   8.6899211e-24
   3.5693397e+02   8.6935569e-24
   3.5775706e+02   8.6972076e-24
   3.5858205e+02   8.7008732e-24
   3.5940894e+02   8.7045538e-24
   3.6023774e+02   8.7082495e-24
   3.6106845e+02   8.7119603e-24
   3.6190108e+02   8.7156863e-24
   3.6273563e+02   8.7194276e-24
   3.6357210e+02   8.7231841e-24
   3.6441050e+02   8.7269561e-24
   3.6525083e+02   8.7307434e-24
   3.6609310e+02   8.7345463e-24
   3.6693731e+02   8.7383648e-24
   3.6778347e+02   8.7421988e-24
   3.6863159e+02   8.7460486e-24
   3.6948165e+02   8.7499142e-24
   3.7033368e+02   8.7537955e-24
   3.7118767e+02   8.7576928e-24
   3.7204364e+02   8.7616060e-24
   3.7290157e+02   8.7655353e-24
   3.7376148e+02   8.7694806e-24
   3.7462338e+02   8.7734421e-24
   3.7548727e+02   8.7774198e-24
   3.7635314e+02   8.7814138e-24
   3.7722102e+02   8.7854242e-24
   3.7809089e+02   8.7894510e-24
   3.7896277e+02   8.7934942e-24
   3.7983666e+02   8.7975541e-24
   3.8071257e+02   8.8016305e-24
   3.8159049e+02   8.8057237e-24
   3.8247044e+02   8.8098336e-24
   3.8335242e+02   8.8139603e-24
   3.8423644e+02   8.8181039e-24
   3.8512249e+02   8.8222645e-24
   3.8601059e+02   8.8264421e-24
   3.8690073e+02   8.8306368e-24
   3.8779292e+02   8.8348487e-24
   3.8868718e+02   8.8390778e-24
   3.8958349e+02   8.8433243e-24
   3.9048188e+02   8.8475880e-24
   3.9138233e+02   8.8518693e-24
   3.9228486e+02   8.8561680e-24
   3.9318947e+02   8.8604844e-24
   3.9409617e+02   8.8648184e-24
   3.9500496e+02   8.8691701e-24
   3.9591584e+02   8.8735396e-24
   3.9682883e+02   8.8779270e-24
   3.9774392e+02   8.8823323e-24
   3.9866112e+02   8.8867556e-24
   3.9958044e+02   8.8911971e-24
   4.0050187e+02   8.8956566e-24
   4.0142543e+02   8.9001344e-24
   4.0235112e+02   8.9046305e-24
   4.0327895e+02   8.9091449e-24
   4.0420891e+02   8.9136778e-24
   4.0514102e+02   8.9182292e-24
   4.0607528e+02   8.9227992e-24
   4.0701169e+02   8.9273879e-24
   4.0795026e+02   8.9319952e-24
   4.0889100e+02   8.9366214e-24
   4.0983390e+02   8.9412665e-24
   4.1077898e+02   8.9459305e-24
   4.1172624e+02   8.9506136e-24
   4.1267569e+02   8.9553158e-24
   4.1362732e+02   8.9600372e-24
   4.1458115e+02   8.9647778e-24
   4.1553718e+02   8.9695377e-24
   4.1649541e+02   8.9743171e-24
   4.1745585e+02   8.9791160e-24
   4.1841851e+02   8.9839344e-24
   4.1938338e+02   8.9887725e-24
   4.2035048e+02   8.9936303e-24
   4.2131982e+02   8.9985080e-24
   4.2229138e+02   9.0034055e-24
   4.2326519e+02   9.0083230e-24
   4.2424124e+02   9.0132605e-24
   4.2521955e+02   9.0182182e-24
   4.2620010e+02   9.0231961e-24
   4.2718293e+02   9.0281943e-24
   4.2816801e+02   9.0332128e-24
   4.2915537e+02   9.0382519e-24
   4.3014501e+02   9.0433115e-24
   4.3113692e+02   9.0483918e-24
   4.3213113e+02   9.0534928e-24
   4.3312763e+02   9.0586147e-24
   4.3412642e+02   9.0637574e-24
   4.3512752e+02   9.0689212e-24
   4.3613093e+02   9.0741062e-24
   4.3713665e+02   9.0793123e-24
   4.3814469e+02   9.0845399e-24
   4.3915506e+02   9.0897888e-24
   4.4016775e+02   9.0950593e-24
   4.4118278e+02   9.1003515e-24
   4.4220015e+02   9.1056655e-24
   4.4321987e+02   9.1110014e-24
   4.4424194e+02   9.1163595e-24
   4.4526636e+02   9.1217397e-24
   4.4629315e+02   9.1271423e-24
   4.4732231e+02   9.1325675e-24
   4.4835383e+02   9.1380154e-24
   4.4938774e+02   9.1434863e-24
   4.5042403e+02   9.1489804e-24
   4.5146271e+02   9.1544979e-24
   4.5250379e+02   9.1600392e-24
   4.5354727e+02   9.1656046e-24
   4.5459315e+02   9.1711945e-24
   4.5564145e+02   9.1768093e-24
   4.5669216e+02   9.1824495e-24
   4.5774529e+02   9.1881160e-24
   4.5880086e+02   9.1938094e-24
   4.5985886e+02   9.1995308e-24
   4.6091930e+02   9.2052815e-24
   4.6198218e+02   9.2110630e-24
   4.6304751e+02   9.2168775e-24
   4.6411530e+02   9.2227279e-24
   4.6518556e+02   9.2286178e-24
   4.6625828e+02   9.2345526e-24
   4.6733347e+02   9.2405399e-24
   4.6841115e+02   9.2465907e-24
   4.6949131e+02   9.2527218e-24
   4.7057396e+02   9.2589597e-24
   4.7165911e+02   9.2653483e-24
   4.7274676e+02   9.2719651e-24
   4.7383691e+02   9.2789570e-24
   4.7492958e+02   9.2866318e-24
   4.7602478e+02   9.2957281e-24
   4.7712249e+02   9.3084141e-24
   4.7822274e+02   9.3335822e-24
   4.7932553e+02   9.4458049e-24
   4.8043085e+02   4.1529454e-23
   4.8153873e+02   9.4354375e-24
   4.8264916e+02   9.3541514e-24
   4.8376216e+02   9.3435113e-24
   4.8487772e+02   9.3437862e-24
   4.8599585e+02   9.3472772e-24
   4.8711656e+02   9.3520556e-24
   4.8823985e+02   9.3574560e-24
   4.8936574e+02   9.3631997e-24
   4.9049422e+02   9.3691532e-24
   4.9162530e+02   9.3752463e-24
   4.9275899e+02   9.3814394e-24
   4.9389530e+02   9.3877085e-24
   4.9503423e+02   9.3940386e-24
   4.9617578e+02   9.4004199e-24
   4.9731996e+02   9.4068459e-24
   4.9846679e+02   9.4133118e-24
   4.9961626e+02   9.4198146e-24
   5.0076837e+02   9.4263518e-24
   5.0192315e+02   9.4329218e-24
   5.0308059e+02   9.4395232e-24
   5.0424070e+02   9.4461552e-24
   5.0540348e+02   9.4528170e-24
   5.0656894e+02   9.4595081e-24
   5.0773710e+02   9.4662281e-24
   5.0890794e+02   9.4729766e-24
   5.1008149e+02   9.4797534e-24
   5.1125774e+02   9.4865584e-24
   5.1243670e+02   9.4933914e-24
   5.1361839e+02   9.5002523e-24
   5.1480279e+02   9.5071410e-24
   5.1598993e+02   9.5140576e-24
   5.1717981e+02   9.5210020e-24
   5.1837243e+02   9.5279741e-24
   5.1956780e+02   9.5349741e-24
   5.2076593e+02   9.5420020e-24
   5.2196682e+02   9.5490577e-24
   5.2317048e+02   9.5561413e-24
   5.2437691e+02   9.5632529e-24
   5.2558613e+02   9.5703925e-24
   5.2679814e+02   9.5775602e-24
   5.2801294e+02   9.5847561e-24
   5.2923054e+02   9.5919801e-24
   5.3045095e+02   9.5992325e-24
   5.3167417e+02   9.6065132e-24
   5.3290022e+02   9.6138223e-24
   5.3412909e+02   9.6211600e-24
   5.3536079e+02   9.6285262e-24
   5.3659534e+02   9.6359211e-24
   5.3783273e+02   9.6433447e-24
   5.3907298e+02   9.6507972e-24
   5.4031609e+02   9.6582786e-24
   5.4156206e+02   9.6657891e-24
   5.4281090e+02   9.6733286e-24
   5.4406263e+02   9.6808973e-24
   5.4531724e+02   9.6884952e-24
   5.4657475e+02   9.6961226e-24
   5.4783515e+02   9.7037793e-24
   5.4909847e+02   9.7114657e-24
   5.5036469e+02   9.7191816e-24
   5.5163384e+02   9.7269273e-24
   5.5290591e+02   9.7347028e-24
   5.5418091e+02   9.7425082e-24
   5.5545886e+02   9.7503436e-24
   5.5673975e+02   9.7582091e-24
   5.5802360e+02   9.7661048e-24
   5.5931040e+02   9.7740307e-24
   5.6060018e+02   9.7819871e-24
   5.6189293e+02   9.7899739e-24
   5.6318866e+02   9.7979913e-24
   5.6448737e+02   9.8060394e-24
   5.6578909e+02   9.8141182e-24
   5.6709380e+02   9.8222279e-24
   5.6840152e+02   9.8303685e-24
   5.6971226e+02   9.8385402e-24
   5.7102602e+02   9.8467430e-24
   5.7234281e+02   9.8549771e-24
   5.7366264e+02   9.8632425e-24
   5.7498551e+02   9.8715394e-24
   5.7631143e+02   9.8798678e-24
   5.7764041e+02   9.8882278e-24
   5.7897245e+02   9.8966196e-24
   5.8030757e+02   9.9050432e-24
   5.8164576e+02   9.9134988e-24
   5.8298704e+02   9.9219863e-24
   5.8433141e+02   9.9305061e-24
   5.8567889e+02   9.9390580e-24
   5.8702947e+02   9.9476423e-24
   5.8838316e+02   9.9562590e-24
   5.8973998e+02   9.9649082e-24
   5.9109992e+02   9.9735901e-24
   5.9246300e+02   9.9823047e-24
   5.9382923e+02   9.9910521e-24
   5.9519860e+02   9.9998325e-24
   5.9657113e+02   1.0008646e-23
   5.9794683e+02   1.0017492e-23
   5.9932570e+02   1.0026372e-23
   6.0070775e+02   1.0035285e-23
   6.0209299e+02   1.0044232e-23
   6.0348142e+02   1.0053212e-23
   6.0487305e+02   1.0062226e-23
   6.0626789e+02   1.0071273e-23
   6.0766595e+02   1.0080355e-23
   6.0906723e+02   1.0089470e-23
   6.1047175e+02   1.0098619e-23
   6.1187950e+02   1.0107803e-23
   6.1329050e+02   1.0117021e-23
   6.1470475e+02   1.0126273e-23
   6.1612226e+02   1.0135559e-23
   6.1754305e+02   1.0144881e-23
   6.1896711e+02   1.0154237e-23
   6.2039445e+02   1.0163627e-23
   6.2182508e+02   1.0173053e-23
   6.2325902e+02   1.0182513e-23
   6.2469626e+02   1.0192009e-23
   6.2613681e+02   1.0201540e-23
   6.2758069e+02   1.0211106e-23
   6.2902789e+02   1.0220708e-23
   6.3047844e+02   1.0230345e-23
   6.3193232e+02   1.0240018e-23
   6.3338957e+02   1.0249726e-23
   6.3485017e+02   1.0259470e-23
   6.3631414e+02   1.0269251e-23
   6.3778148e+02   1.0279067e-23
   6.3925221e+02   1.0288920e-23
   6.4072633e+02   1.0298808e-23
   6.4220385e+02   1.0308733e-23
   6.4368478e+02   1.0318695e-23
   6.4516912e+02   1.0328693e-23
   6.4665688e+02   1.0338728e-23
   6.4814808e+02   1.0348800e-23
   6.4964271e+02   1.0358908e-23
   6.5114080e+02   1.0369054e-23
   6.5264233e+02   1.0379237e-23
   6.5414733e+02   1.0389457e-23
   6.5565580e+02   1.0399714e-23
   6.5716775e+02   1.0410009e-23
   6.5868318e+02   1.0420341e-23
   6.6020211e+02   1.0430711e-23
   6.6172454e+02   1.0441119e-23
   6.6325048e+02   1.0451565e-23
   6.6477994e+02   1.0462049e-23
   6.6631293e+02   1.0472570e-23
   6.6784945e+02   1.0483130e-23
   6.6938952e+02   1.0493729e-23
   6.7093314e+02   1.0504366e-23
   6.7248031e+02   1.0515041e-23
   6.7403106e+02   1.0525755e-23
   6.7558538e+02   1.0536508e-23
   6.7714328e+02   1.0547299e-23
   6.7870478e+02   1.0558130e-23
   6.8026988e+02   1.0569000e-23
   6.8183859e+02   1.0579909e-23
   6.8341091e+02   1.0590857e-23
   6.8498686e+02   1.0601845e-23
   6.8656645e+02   1.0612872e-23
   6.8814967e+02   1.0623939e-23
   6.8973655e+02   1.0635046e-23
   6.9132709e+02   1.0646193e-23
   6.9292130e+02   1.0657379e-23
   6.9451918e+02   1.0668606e-23
   6.9612074e+02   1.0679873e-23
   6.9772600e+02   1.0691180e-23
   6.9933497e+02   1.0702528e-23
   7.0094764e+02   1.0713916e-23
   7.0256403e+02   1.0725346e-23
   7.0418415e+02   1.0736815e-23
   7.0580800e+02   1.0748326e-23
   7.0743560e+02   1.0759878e-23
   7.0906695e+02   1.0771471e-23
   7.1070206e+02   1.0783105e-23
   7.1234095e+02   1.0794781e-23
   7.1398361e+02   1.0806498e-23
   7.1563006e+02   1.0818256e-23
   7.1728031e+02   1.0830057e-23
   7.1893437e+02   1.0841899e-23
   7.2059223e+02   1.0853783e-23
   7.2225393e+02   1.0865709e-23
   7.2391945e+02   1.0877678e-23
   7.2558881e+02   1.0889688e-23
   7.2726203e+02   1.0901741e-23
   7.2893910e+02   1.0913837e-23
   7.3062004e+02   1.0925975e-23
   7.3230485e+02   1.0938156e-23
   7.3399355e+02   1.0950380e-23
   7.3568615e+02   1.0962647e-23
   7.3738265e+02   1.0974957e-23
   7.3908306e+02   1.0987310e-23
   7.4078739e+02   1.0999707e-23
   7.4249565e+02   1.1012147e-23
   7.4420785e+02   1.1024630e-23
   7.4592400e+02   1.1037158e-23
   7.4764410e+02   1.1049729e-23
   7.4936818e+02   1.1062344e-23
   7.5109623e+02   1.1075003e-23
   7.5282826e+02   1.1087706e-23
   7.5456429e+02   1.1100454e-23
   7.5630432e+02   1.1113246e-23
   7.5804836e+02   1.1126083e-23
   7.5979643e+02   1.1138964e-23
   7.6154852e+02   1.1151890e-23
   7.6330466e+02   1.1164861e-23
   7.6506485e+02   1.1177877e-23
   7.6682909e+02   1.1190938e-23
   7.6859741e+02   1.1204044e-23
   7.7036980e+02   1.1217195e-23
   7.7214628e+02   1.1230393e-23
   7.7392685e+02   1.1243635e-23
   7.7571153e+02   1.1256924e-23
   7.7750033e+02   1.1270258e-23
   7.7929325e+02   1.1283638e-23
   7.8109031e+02   1.1297065e-23
   7.8289151e+02   1.1310538e-23
   7.8469686e+02   1.1324057e-23
   7.8650638e+02   1.1337622e-23
   7.8832007e+02   1.1351234e-23
   7.9013794e+02   1.1364893e-23
   7.9196000e+02   1.1378598e-23
   7.9378627e+02   1.1392351e-23
   7.9561675e+02   1.1406151e-23
   7.9745144e+02   1.1419997e-23
   7.9929037e+02   1.1433892e-23
   8.0113354e+02   1.1447833e-23
   8.0298096e+02   1.1461822e-23
   8.0483264e+02   1.1475859e-23
   8.0668859e+02   1.1489944e-23
   8.0854882e+02   1.1504076e-23
   8.1041334e+02   1.1518257e-23
   8.1228216e+02   1.1532486e-23
   8.1415529e+02   1.1546763e-23
   8.1603274e+02   1.1561089e-23
   8.1791452e+02   1.1575463e-23
   8.1980064e+02   1.1589886e-23
   8.2169110e+02   1.1604358e-23
   8.2358593e+02   1.1618878e-23
   8.2548512e+02   1.1633448e-23
   8.2738870e+02   1.1648067e-23
   8.2929666e+02   1.1662735e-23
   8.3120903e+02   1.1677453e-23
   8.3312580e+02   1.1692220e-23
   8.3504700e+02   1.1707037e-23
   8.3697262e+02   1.1721904e-23
   8.3890269e+02   1.1736821e-23
   8.4083720e+02   1.1751788e-23
   8.4277618e+02   1.1766805e-23
   8.4471963e+02   1.1781872e-23
   8.4666756e+02   1.1796990e-23
   8.4861998e+02   1.1812159e-23
   8.5057690e+02   1.1827378e-23
   8.5253834e+02   1.1842648e-23
   8.5450430e+02   1.1857969e-23
   8.5647479e+02   1.1873341e-23
   8.5844983e+02   1.1888764e-23
   8.6042942e+02   1.1904239e-23
   8.6241358e+02   1.1919765e-23
   8.6440231e+02   1.1935343e-23
   8.6639563e+02   1.1950972e-23
   8.6839354e+02   1.1966654e-23
   8.7039607e+02   1.1982387e-23
   8.7240321e+02   1.1998173e-23
   8.7441498e+02   1.2014011e-23
   8.7643138e+02   1.2029901e-23
   8.7845244e+02   1.2045844e-23
   8.8047816e+02   1.2061839e-23
   8.8250855e+02   1.2077887e-23
   8.8454362e+02   1.2093989e-23
   8.8658338e+02   1.2110143e-23
   8.8862785e+02   1.2126350e-23
   8.9067703e+02   1.2142611e-23
   8.9273094e+02   1.2158925e-23
   8.9478959e+02   1.2175293e-23
   8.9685298e+02   1.2191714e-23
   8.9892113e+02   1.2208190e-23
   9.0099405e+02   1.2224719e-23
   9.0307175e+02   1.2241303e-23
   9.0515424e+02   1.2257940e-23
   9.0724153e+02   1.2274633e-23
   9.0933364e+02   1.2291379e-23
   9.1143057e+02   1.2308181e-23
   9.1353233e+02   1.2325037e-23
   9.1563894e+02   1.2341948e-23
   9.1775041e+02   1.2358914e-23
   9.1986675e+02   1.2375936e-23
   9.2198797e+02   1.2393012e-23
   9.2411408e+02   1.2410145e-23
   9.2624510e+02   1.2427333e-23
   9.2838103e+02   1.2444577e-23
   9.3052188e+02   1.2461877e-23
   9.3266767e+02   1.2479233e-23
   9.3481841e+02   1.2496646e-23
   9.3697411e+02   1.2514116e-23
   9.3913478e+02   1.2531643e-23
   9.4130043e+02   1.2549227e-23
   9.4347108e+02   1.2566870e-23
   9.4564673e+02   1.2584572e-23
   9.4782740e+02   1.2602336e-23
   9.5001309e+02   1.2620166e-23
   9.5220383e+02   1.2638072e-23
   9.5439962e+02   1.2656086e-23
   9.5660047e+02   1.2674336e-23
   9.5880640e+02   1.2694023e-23
   9.6101742e+02   1.2847165e-23
   9.6323353e+02   1.2729478e-23
   9.6545475e+02   1.2746719e-23
   9.6768110e+02   1.2764789e-23
   9.6991258e+02   1.2783045e-23
   9.7214920e+02   1.2801397e-23
   9.7439099e+02   1.2819823e-23
   9.7663794e+02   1.2838315e-23
   9.7889008e+02   1.2856870e-23
   9.8114740e+02   1.2875486e-23
   9.8340994e+02   1.2894162e-23
   9.8567769e+02   1.2912899e-23
   9.8795067e+02   1.2931696e-23
   9.9022889e+02   1.2950553e-23
   9.9251237e+02   1.2969470e-23
   9.9480111e+02   1.2988447e-23
   9.9709513e+02   1.3007484e-23
   9.9939443e+02   1.3026582e-23
   1.0016990e+03   1.3045740e-23
   1.0040090e+03   1.3064958e-23
   1.0063242e+03   1.3084237e-23
   1.0086448e+03   1.3103577e-23
   1.0109708e+03   1.3122978e-23
   1.0133021e+03   1.3142439e-23
   1.0156387e+03   1.3161962e-23
   1.0179808e+03   1.3181546e-23
   1.0203283e+03   1.3201192e-23
   1.0226812e+03   1.3220899e-23
   1.0250395e+03   1.3240668e-23
   1.0274032e+03   1.3260499e-23
   1.0297724e+03   1.3280391e-23
   1.0321471e+03   1.3300346e-23
   1.0345272e+03   1.3320363e-23
   1.0369129e+03   1.3340443e-23
   1.0393040e+03   1.3360585e-23
   1.0417006e+03   1.3380790e-23
   1.0441028e+03   1.3401058e-23
   1.0465105e+03   1.3421388e-23
   1.0489238e+03   1.3441782e-23
   1.0513426e+03   1.3462239e-23
   1.0537670e+03   1.3482760e-23
   1.0561970e+03   1.3503344e-23
   1.0586326e+03   1.3523992e-23
   1.0610738e+03   1.3544704e-23
   1.0635207e+03   1.3565479e-23
   1.0659731e+03   1.3586319e-23
   1.0684313e+03   1.3607224e-23
   1.0708951e+03   1.3628192e-23
   1.0733646e+03   1.3649226e-23
   1.0758398e+03   1.3670324e-23
   1.0783207e+03   1.3691487e-23
   1.0808073e+03   1.3712715e-23
   1.0832996e+03   1.3734008e-23
   1.0857977e+03   1.3755367e-23
   1.0883016e+03   1.3776791e-23
   1.0908112e+03   1.3798281e-23
   1.0933266e+03   1.3819836e-23
   1.0958479e+03   1.3841458e-23
   1.0983749e+03   1.3863146e-23
   1.1009078e+03   1.3884899e-23
   1.1034465e+03   1.3906720e-23
   1.1059910e+03   1.3928607e-23
   1.1085414e+03   1.3950560e-23
   1.1110977e+03   1.3972581e-23
   1.1136599e+03   1.3994668e-23
   1.1162281e+03   1.4016823e-23
   1.1188021e+03   1.4039044e-23
   1.1213820e+03   1.4061334e-23
   1.1239680e+03   1.4083691e-23
   1.1265598e+03   1.4106116e-23
   1.1291577e+03   1.4128608e-23
   1.1317615e+03   1.4151169e-23
   1.1343714e+03   1.4173798e-23
   1.1369873e+03   1.4196495e-23
   1.1396092e+03   1.4219261e-23
   1.1422371e+03   1.4242096e-23
   1.1448711e+03   1.4264999e-23
   1.1475112e+03   1.4287971e-23
   1.1501574e+03   1.4311013e-23
   1.1528096e+03   1.4334124e-23
   1.1554680e+03   1.4357304e-23
   1.1581325e+03   1.4380554e-23
   1.1608032e+03   1.4403874e-23
   1.1634800e+03   1.4427264e-23
   1.1661630e+03   1.4450723e-23
   1.1688522e+03   1.4474253e-23
   1.1715476e+03   1.4497854e-23
   1.1742492e+03   1.4521525e-23
   1.1769570e+03   1.4545266e-23
   1.1796711e+03   1.4569079e-23
   1.1823914e+03   1.4592962e-23
   1.1851180e+03   1.4616917e-23
   1.1878509e+03   1.4640943e-23
   1.1905901e+03   1.4665041e-23
   1.1933356e+03   1.4689210e-23
   1.1960875e+03   1.4713451e-23
   1.1988456e+03   1.4737764e-23
   1.2016102e+03   1.4762149e-23
   1.2043811e+03   1.4786607e-23
   1.2071584e+03   1.4811137e-23
   1.2099421e+03   1.4835740e-23
   1.2127323e+03   1.4860415e-23
   1.2155288e+03   1.4885163e-23
   1.2183319e+03   1.4909985e-23
   1.2211413e+03   1.4934880e-23
   1.2239573e+03   1.4959848e-23
   1.2267798e+03   1.4984889e-23
   1.2296087e+03   1.5010005e-23
   1.2324442e+03   1.5035194e-23
   1.2352862e+03   1.5060458e-23
   1.2381348e+03   1.5085796e-23
   1.2409900e+03   1.5111208e-23
   1.2438517e+03   1.5136695e-23
   1.2467200e+03   1.5162256e-23
   1.2495950e+03   1.5187892e-23
   1.2524766e+03   1.5213604e-23
   1.2553648e+03   1.5239391e-23
   1.2582597e+03   1.5265253e-23
   1.2611612e+03   1.5291190e-23
   1.2640695e+03   1.5317204e-23
   1.2669844e+03   1.5343293e-23
   1.2699061e+03   1.5369458e-23
   1.2728345e+03   1.5395700e-23
   1.2757697e+03   1.5422018e-23
   1.2787116e+03   1.5448412e-23
   1.2816603e+03   1.5474884e-23
   1.2846158e+03   1.5501432e-23
   1.2875782e+03   1.5528057e-23
   1.2905473e+03   1.5554759e-23
   1.2935233e+03   1.5581539e-23
   1.2965062e+03   1.5608397e-23
   1.2994960e+03   1.5635332e-23
   1.3024926e+03   1.5662345e-23
   1.3054962e+03   1.5689436e-23
   1.3085067e+03   1.5716605e-23
   1.3115241e+03   1.5743853e-23
   1.3145485e+03   1.5771180e-23
   1.3175798e+03   1.5798585e-23
   1.3206182e+03   1.5826069e-23
   1.3236635e+03   1.5853632e-23
   1.3267159e+03   1.5881275e-23
   1.3297753e+03   1.5908997e-23
   1.3328418e+03   1.5936798e-23
   1.3359154e+03   1.5964680e-23
   1.3389960e+03   1.5992641e-23
   1.3420837e+03   1.6020682e-23
   1.3451786e+03   1.6048804e-23
   1.3482806e+03   1.6077007e-23
   1.3513897e+03   1.6105290e-23
   1.3545060e+03   1.6133653e-23
   1.3576295e+03   1.6162098e-23
   1.3607602e+03   1.6190624e-23
   1.3638982e+03   1.6219232e-23
   1.3670433e+03   1.6247921e-23
   1.3701957e+03   1.6276691e-23
   1.3733554e+03   1.6305544e-23
   1.3765224e+03   1.6334479e-23
   1.3796966e+03   1.6363496e-23
   1.3828782e+03   1.6392595e-23
   1.3860672e+03   1.6421777e-23
   1.3892634e+03   1.6451042e-23
   1.3924671e+03   1.6480390e-23
   1.3956781e+03   1.6509821e-23
   1.3988966e+03   1.6539335e-23
   1.4021224e+03   1.6568933e-23
   1.4053558e+03   1.6598614e-23
   1.4085965e+03   1.6628380e-23
   1.4118448e+03   1.6658229e-23
   1.4151005e+03   1.6688163e-23
   1.4183637e+03   1.6718182e-23
   1.4216345e+03   1.6748285e-23
   1.4249128e+03   1.6778474e-23
   1.4281986e+03   1.6808750e-23
   1.4314921e+03   1.6839113e-23
   1.4347931e+03   1.6869575e-23
   1.4381017e+03   1.6900212e-23
   1.4414180e+03   1.6950611e-23
   1.4447419e+03   1.6961486e-23
   1.4480735e+03   1.6992197e-23
   1.4514128e+03   1.7023054e-23
   1.4547598e+03   1.7054007e-23
   1.4581144e+03   1.7085050e-23
   1.4614769e+03   1.7116181e-23
   1.4648470e+03   1.7147399e-23
   1.4682250e+03   1.7178704e-23
   1.4716107e+03   1.7210098e-23
   1.4750043e+03   1.7241578e-23
   1.4784056e+03   1.7273147e-23
   1.4818149e+03   1.7304804e-23
   1.4852319e+03   1.7336549e-23
   1.4886569e+03   1.7368382e-23
   1.4920897e+03   1.7400303e-23
   1.4955305e+03   1.7432314e-23
   1.4989792e+03   1.7464413e-23
   1.5024359e+03   1.7496601e-23
   1.5059005e+03   1.7528879e-23
   1.5093731e+03   1.7561246e-23
   1.5128538e+03   1.7593703e-23
   1.5163424e+03   1.7626249e-23
   1.5198391e+03   1.7658886e-23
   1.5233439e+03   1.7691613e-23
   1.5268567e+03   1.7724430e-23
   1.5303776e+03   1.7757338e-23
   1.5339067e+03   1.7790336e-23
   1.5374439e+03   1.7823426e-23
   1.5409893e+03   1.7856607e-23
   1.5445428e+03   1.7889879e-23
   1.5481045e+03   1.7923243e-23
   1.5516745e+03   1.7956698e-23
   1.5552526e+03   1.7990246e-23
   1.5588391e+03   1.8023886e-23
   1.5624338e+03   1.8057618e-23
   1.5660367e+03   1.8091442e-23
   1.5696480e+03   1.8125360e-23
   1.5732677e+03   1.8159370e-23
   1.5768956e+03   1.8193474e-23
   1.5805320e+03   1.8227671e-23
   1.5841767e+03   1.8261961e-23
   1.5878298e+03   1.8296345e-23
   1.5914913e+03   1.8330824e-23
   1.5951613e+03   1.8365396e-23
   1.5988398e+03   1.8400063e-23
   1.6025267e+03   1.8434824e-23
   1.6062222e+03   1.8469680e-23
   1.6099261e+03   1.8504631e-23
   1.6136386e+03   1.8539677e-23
   1.6173597e+03   1.8574819e-23
   1.6210893e+03   1.8610056e-23
   1.6248276e+03   1.8645389e-23
   1.6285744e+03   1.8680818e-23
   1.6323300e+03   1.8716343e-23
   1.6360941e+03   1.8751965e-23
   1.6398670e+03   1.8787683e-23
   1.6436485e+03   1.8823498e-23
   1.6474388e+03   1.8859410e-23
   1.6512378e+03   1.8895419e-23
   1.6550456e+03   1.8931526e-23
   1.6588621e+03   1.8967730e-23
   1.6626874e+03   1.9004032e-23
   1.6665216e+03   1.9040433e-23
   1.6703646e+03   1.9076931e-23
   1.6742165e+03   1.9113528e-23
   1.6780773e+03   1.9150224e-23
   1.6819469e+03   1.9187018e-23
   1.6858255e+03   1.9223912e-23
   1.6897130e+03   1.9260905e-23
   1.6936095e+03   1.9297998e-23
   1.6975150e+03   1.9335190e-23
   1.7014295e+03   1.9372482e-23
   1.7053530e+03   1.9409875e-23
   1.7092855e+03   1.9447367e-23
   1.7132272e+03   1.9484961e-23
   1.7171779e+03   1.9522655e-23
   1.7211377e+03   1.9560450e-23
   1.7251067e+03   1.9598347e-23
   1.7290848e+03   1.9636345e-23
   1.7330721e+03   1.9674444e-23
   1.7370685e+03   1.9712646e-23
   1.7410742e+03   1.9750950e-23
   1.7450892e+03   1.9789356e-23
   1.7491133e+03   1.9827864e-23
   1.7531468e+03   1.9866476e-23
   1.7571896e+03   1.9905190e-23
   1.7612417e+03   1.9944007e-23
   1.7653031e+03   1.9982928e-23
   1.7693739e+03   2.0021953e-23
   1.7734541e+03   2.0061081e-23
   1.7775437e+03   2.0100314e-23
   1.7816427e+03   2.0139651e-23
   1.7857512e+03   2.0179092e-23
   1.7898692e+03   2.0218639e-23
   1.7939966e+03   2.0258290e-23
   1.7981336e+03   2.0298046e-23
   1.8022801e+03   2.0337908e-23
   1.8064362e+03   2.0377875e-23
   1.8106018e+03   2.0417949e-23
   1.8147771e+03   2.0458128e-23
   1.8189620e+03   2.0498414e-23
   1.8231565e+03   2.0538807e-23
   1.8273607e+03   2.0579306e-23
   1.8315746e+03   2.0619912e-23
   1.8357983e+03   2.0660625e-23
   1.8400316e+03   2.0701446e-23
   1.8442748e+03   2.0742375e-23
   1.8485277e+03   2.0783412e-23
   1.8527904e+03   2.0824556e-23
   1.8570629e+03   2.0865809e-23
   1.8613453e+03   2.0907171e-23
   1.8656376e+03   2.0948642e-23
   1.8699398e+03   2.0990222e-23
   1.8742519e+03   2.1031911e-23
   1.8785739e+03   2.1073709e-23
   1.8829059e+03   2.1115618e-23
   1.8872479e+03   2.1157636e-23
   1.8915999e+03   2.1199765e-23
   1.8959620e+03   2.1242005e-23
   1.9003341e+03   2.1284355e-23
   1.9047163e+03   2.1326816e-23
   1.9091086e+03   2.1369389e-23
   1.9135110e+03   2.1412076e-23
   1.9179235e+03   2.1454893e-23
   1.9223463e+03   2.1498330e-23
   1.9267792e+03   2.1540805e-23
   1.9312224e+03   2.1583928e-23
   1.9356758e+03   2.1627170e-23
   1.9401395e+03   2.1670527e-23
   1.9446135e+03   2.1713997e-23
   1.9490978e+03   2.1757581e-23
   1.9535924e+03   2.1801278e-23
   1.9580974e+03   2.1845089e-23
   1.9626128e+03   2.1889015e-23
   1.9671386e+03   2.1933054e-23
   1.9716748e+03   2.1977208e-23
   1.9762215e+03   2.2021478e-23
   1.9807787e+03   2.2065862e-23
   1.9853464e+03   2.2110361e-23
   1.9899246e+03   2.2154977e-23
   1.9945134e+03   2.2199707e-23
   1.9991128e+03   2.2244554e-23
   2.0037227e+03   2.2289518e-23
   2.0083433e+03   2.2334598e-23
   2.0129746e+03   2.2379794e-23
   2.0176165e+03   2.2425108e-23
   2.0222692e+03   2.2470539e-23
   2.0269325e+03   2.2516088e-23
   2.0316067e+03   2.2561755e-23
   2.0362916e+03   2.2607539e-23
   2.0409873e+03   2.2653442e-23
   2.0456938e+03   2.2699463e-23
   2.0504112e+03   2.2745604e-23
   2.0551394e+03   2.2791863e-23
   2.0598786e+03   2.2838242e-23
   2.0646287e+03   2.2884740e-23
   2.0693898e+03   2.2931359e-23
   2.0741618e+03   2.2978097e-23
   2.0789448e+03   2.3024956e-23
   2.0837389e+03   2.3071935e-23
   2.0885440e+03   2.3119035e-23
   2.0933602e+03   2.3166256e-23
   2.0981875e+03   2.3213599e-23
   2.1030259e+03   2.3261064e-23
   2.1078755e+03   2.3308650e-23
   2.1127363e+03   2.3356359e-23
   2.1176083e+03   2.3404190e-23
   2.1224915e+03   2.3452143e-23
   2.1273860e+03   2.3500220e-23
   2.1322918e+03   2.3548420e-23
   2.1372088e+03   2.3596743e-23
   2.1421373e+03   2.3645191e-23
   2.1470771e+03   2.3693762e-23
   2.1520282e+03   2.3742458e-23
   2.1569908e+03   2.3791278e-23
   2.1619649e+03   2.3840223e-23
   2.1669504e+03   2.3889293e-23
   2.1719474e+03   2.3938488e-23
   2.1769559e+03   2.3987810e-23
   2.1819760e+03   2.4037257e-23
   2.1870076e+03   2.4086830e-23
   2.1920509e+03   2.4136530e-23
   2.1971058e+03   2.4186356e-23
   2.2021723e+03   2.4236310e-23
   2.2072505e+03   2.4286390e-23
   2.2123405e+03   2.4336599e-23
   2.2174421e+03   2.4386935e-23
   2.2225556e+03   2.4437399e-23
   2.2276808e+03   2.4487992e-23
   2.2328179e+03   2.4538713e-23
   2.2379668e+03   2.4589563e-23
   2.2431275e+03   2.4640543e-23
   2.2483002e+03   2.4691652e-23
   2.2534848e+03   2.4742890e-23
   2.2586814e+03   2.4794259e-23
   2.2638899e+03   2.4845758e-23
   2.2691104e+03   2.4897388e-23
   2.2743430e+03   2.4949148e-23
   2.2795877e+03   2.5001040e-23
   2.2848444e+03   2.5053063e-23
   2.2901133e+03   2.5105218e-23
   2.2953943e+03   2.5157505e-23
   2.3006875e+03   2.5209925e-23
   2.3059929e+03   2.5262476e-23
   2.3113105e+03   2.5315161e-23
   2.3166404e+03   2.5367979e-23
   2.3219826e+03   2.5420931e-23
   2.3273371e+03   2.5474016e-23
   2.3327040e+03   2.5527235e-23
   2.3380832e+03   2.5580588e-23
   2.3434749e+03   2.5634077e-23
   2.3488789e+03   2.5687700e-23
   2.3542955e+03   2.5741458e-23
   2.3597245e+03   2.5795352e-23
   2.3651660e+03   2.5849381e-23
   2.3706201e+03   2.5903547e-23
   2.3760868e+03   2.5957849e-23
   2.3815661e+03   2.6012287e-23
   2.3870580e+03   2.6066863e-23
   2.3925626e+03   2.6121577e-23
   2.3980798e+03   2.6176435e-23
   2.4036098e+03   2.6231460e-23
   2.4091526e+03   2.6286543e-23
   2.4147081e+03   2.6341806e-23
   2.4202764e+03   2.6397209e-23
   2.4258576e+03   2.6452752e-23
   2.4314516e+03   2.6508434e-23
   2.4370586e+03   2.6564255e-23
   2.4426785e+03   2.6620217e-23
   2.4483113e+03   2.6676319e-23
   2.4539571e+03   2.6732561e-23
   2.4596160e+03   2.6788944e-23
   2.4652879e+03   2.6845469e-23
   2.4709728e+03   2.6902135e-23
   2.4766709e+03   2.6958942e-23
   2.4823821e+03   2.7015892e-23
   2.4881065e+03   2.7072984e-23
   2.4938441e+03   2.7130219e-23
   2.4995949e+03   2.7187597e-23
   2.5053590e+03   2.7245118e-23
   2.5111364e+03   2.7302783e-23
   2.5169271e+03   2.7360592e-23
   2.5227312e+03   2.7418545e-23
   2.5285486e+03   2.7476643e-23
   2.5343794e+03   2.7534886e-23
   2.5402237e+03   2.7593273e-23
   2.5460815e+03   2.7651807e-23
   2.5519528e+03   2.7710486e-23
   2.5578376e+03   2.7769311e-23
   2.5637360e+03   2.7828283e-23
   2.5696480e+03   2.7887402e-23
   2.5755736e+03   2.7946667e-23
   2.5815129e+03   2.8006081e-23
   2.5874659e+03   2.8065642e-23
   2.5934326e+03   2.8125350e-23
   2.5994131e+03   2.8185208e-23
   2.6054074e+03   2.8245214e-23
   2.6114155e+03   2.8305369e-23
   2.6174374e+03   2.8365674e-23
   2.6234732e+03   2.8426128e-23
   2.6295230e+03   2.8486732e-23
   2.6355867e+03   2.8547487e-23
   2.6416644e+03   2.8608392e-23
   2.6477561e+03   2.8669448e-23
   2.6538618e+03   2.8730656e-23
   2.6599816e+03   2.8792015e-23
   2.6661156e+03   2.8853526e-23
   2.6722637e+03   2.8915190e-23
   2.6784259e+03   2.8977006e-23
   2.6846024e+03   2.9038975e-23
   2.6907931e+03   2.9101098e-23
   2.6969981e+03   2.9163374e-23
   2.7032174e+03   2.9225804e-23
   2.7094510e+03   2.9288388e-23
   2.7156991e+03   2.9351128e-23
   2.7219615e+03   2.9414022e-23
   2.7282383e+03   2.9477071e-23
   2.7345297e+03   2.9540276e-23
   2.7408355e+03   2.9603638e-23
   2.7471559e+03   2.9667155e-23
   2.7534909e+03   2.9730830e-23
   2.7598405e+03   2.9794661e-23
   2.7662047e+03   2.9858650e-23
   2.7725836e+03   2.9922796e-23
   2.7789772e+03   2.9987101e-23
   2.7853855e+03   3.0051563e-23
   2.7918086e+03   3.0116185e-23
   2.7982465e+03   3.0180966e-23
   2.8046993e+03   3.0245906e-23
   2.8111670e+03   3.0311006e-23
   2.8176496e+03   3.0376267e-23
   2.8241471e+03   3.0441688e-23
   2.8306596e+03   3.0507269e-23
   2.8371871e+03   3.0573012e-23
   2.8437297e+03   3.0638917e-23
   2.8502873e+03   3.0704983e-23
   2.8568601e+03   3.0771212e-23
   2.8634481e+03   3.0837603e-23
   2.8700512e+03   3.0904157e-23
   2.8766696e+03   3.0970876e-23
   2.8833032e+03   3.1037814e-23
   2.8899521e+03   3.1104802e-23
   2.8966164e+03   3.1172012e-23
   2.9032960e+03   3.1239386e-23
   2.9099910e+03   3.1306926e-23
   2.9167015e+03   3.1374631e-23
   2.9234274e+03   3.1442502e-23
   2.9301688e+03   3.1510539e-23
   2.9369258e+03   3.1578743e-23
   2.9436984e+03   3.1647114e-23
   2.9504866e+03   3.1715653e-23
   2.9572904e+03   3.1784359e-23
   2.9641100e+03   3.1853233e-23
   2.9709452e+03   3.1922275e-23
   2.9777963e+03   3.1991487e-23
   2.9846631e+03   3.2060867e-23
   2.9915457e+03   3.2130417e-23
   2.9984443e+03   3.2200137e-23
   3.0053587e+03   3.2270027e-23
   3.0122891e+03   3.2340088e-23
   3.0192354e+03   3.2410320e-23
   3.0261978e+03   3.2480724e-23
   3.0331763e+03   3.2551299e-23
   3.0401708e+03   3.2622046e-23
   3.0471814e+03   3.2692966e-23
   3.0542083e+03   3.2764059e-23
   3.0612513e+03   3.2835325e-23
   3.0683106e+03   3.2906765e-23
   3.0753861e+03   3.2978379e-23
   3.0824780e+03   3.3050168e-23
   3.0895862e+03   3.3122131e-23
   3.0967108e+03   3.3194270e-23
   3.1038518e+03   3.3266584e-23
   3.1110093e+03   3.3339074e-23
   3.1181833e+03   3.3411741e-23
   3.1253739e+03   3.3484584e-23
   3.1325810e+03   3.3557605e-23
   3.1398048e+03   3.3630803e-23
   3.1470452e+03   3.3704179e-23
   3.1543023e+03   3.3777733e-23
   3.1615762e+03   3.3851466e-23
   3.1688668e+03   3.3925379e-23
   3.1761742e+03   3.3999470e-23
   3.1834985e+03   3.4073742e-23
   3.1908397e+03   3.4148194e-23
   3.1981978e+03   3.4222827e-23
   3.2055728e+03   3.4297641e-23
   3.2129649e+03   3.4372637e-23
   3.2203740e+03   3.4447814e-23
   3.2278002e+03   3.4523174e-23
   3.2352436e+03   3.4598716e-23
   3.2427041e+03   3.4674442e-23
   3.2501818e+03   3.4750351e-23
   3.2576767e+03   3.4826444e-23
   3.2651889e+03   3.4902721e-23
   3.2727185e+03   3.4979183e-23
   3.2802654e+03   3.5055831e-23
   3.2878297e+03   3.5132664e-23
   3.2954115e+03   3.5209683e-23
   3.3030107e+03   3.5286888e-23
   3.3106275e+03   3.5364280e-23
   3.3182618e+03   3.5441859e-23
   3.3259138e+03   3.5519626e-23
   3.3335833e+03   3.5597581e-23
   3.3412706e+03   3.5675725e-23
   3.3489756e+03   3.5754057e-23
   3.3566984e+03   3.5832580e-23
   3.3644389e+03   3.5911299e-23
   3.3721974e+03   3.5990192e-23
   3.3799737e+03   3.6069284e-23
   3.3877679e+03   3.6148567e-23
   3.3955801e+03   3.6228042e-23
   3.4034104e+03   3.6307708e-23
   3.4112587e+03   3.6387567e-23
   3.4191251e+03   3.6467618e-23
   3.4270096e+03   3.6547862e-23
   3.4349123e+03   3.6628300e-23
   3.4428332e+03   3.6708932e-23
   3.4507724e+03   3.6789758e-23
   3.4587299e+03   3.6870780e-23
   3.4667058e+03   3.6951996e-23
   3.4747000e+03   3.7033408e-23
   3.4827127e+03   3.7115016e-23
   3.4907439e+03   3.7196821e-23
   3.4987936e+03   3.7278823e-23
   3.5068618e+03   3.7361022e-23
   3.5149487e+03   3.7443419e-23
   3.5230542e+03   3.7526015e-23
   3.5311784e+03   3.7608809e-23
   3.5393213e+03   3.7691803e-23
   3.5474830e+03   3.7774996e-23
   3.5556635e+03   3.7858389e-23
   3.5638629e+03   3.7941983e-23
   3.5720812e+03   3.8025777e-23
   3.5803184e+03   3.8109773e-23
   3.5885747e+03   3.8193971e-23
   3.5968500e+03   3.8278372e-23
   3.6051443e+03   3.8362975e-23
   3.6134578e+03   3.8447781e-23
   3.6217905e+03   3.8532791e-23
   3.6301424e+03   3.8618005e-23
   3.6385135e+03   3.8703424e-23
   3.6469039e+03   3.8789048e-23
   3.6553137e+03   3.8874877e-23
   3.6637429e+03   3.8960912e-23
   3.6721915e+03   3.9047154e-23
   3.6806596e+03   3.9133602e-23
   3.6891472e+03   3.9220258e-23
   3.6976544e+03   3.9307121e-23
   3.7061813e+03   3.9394193e-23
   3.7147277e+03   3.9481474e-23
   3.7232939e+03   3.9568964e-23
   3.7318799e+03   3.9656663e-23
   3.7404856e+03   3.9744572e-23
   3.7491112e+03   3.9832693e-23
   3.7577567e+03   3.9921024e-23
   3.7664221e+03   4.0009566e-23
   3.7751075e+03   4.0098321e-23
   3.7838129e+03   4.0187288e-23
   3.7925384e+03   4.0276468e-23
   3.8012841e+03   4.0365862e-23
   3.8100498e+03   4.0455469e-23
   3.8188359e+03   4.0545291e-23
   3.8276421e+03   4.0635328e-23
   3.8364687e+03   4.0725580e-23
   3.8453156e+03   4.0816051e-23
   3.8541829e+03   4.0906732e-23
   3.8630707e+03   4.0997632e-23
   3.8719790e+03   4.1088750e-23
   3.8809078e+03   4.1180086e-23
   3.8898572e+03   4.1271640e-23
   3.8988272e+03   4.1363413e-23
   3.9078180e+03   4.1455405e-23
   3.9168294e+03   4.1547617e-23
   3.9258617e+03   4.1640049e-23
   3.9349147e+03   4.1732701e-23
   3.9439887e+03   4.1825575e-23
   3.9530835e+03   4.1918671e-23
   3.9621994e+03   4.2011988e-23
   3.9713362e+03   4.2105529e-23
   3.9804942e+03   4.2199292e-23
   3.9896732e+03   4.2293279e-23
   3.9988734e+03   4.2387490e-23
   4.0080949e+03   4.2481926e-23
   4.0173376e+03   4.2576587e-23
   4.0266016e+03   4.2671474e-23
   4.0358870e+03   4.2766587e-23
   4.0451937e+03   4.2861926e-23
   4.0545220e+03   4.2957493e-23
   4.0638718e+03   4.3053288e-23
   4.0732431e+03   4.3149310e-23
   4.0826360e+03   4.3245562e-23
   4.0920506e+03   4.3342042e-23
   4.1014869e+03   4.3438752e-23
   4.1109450e+03   4.3535693e-23
   4.1204248e+03   4.3632864e-23
   4.1299266e+03   4.3730267e-23
   4.1394502e+03   4.3827901e-23
   4.1489958e+03   4.3925768e-23
   4.1585634e+03   4.4023868e-23
   4.1681531e+03   4.4122201e-23
   4.1777649e+03   4.4220768e-23
   4.1873988e+03   4.4319569e-23
   4.1970550e+03   4.4418605e-23
   4.2067335e+03   4.4517877e-23
   4.2164342e+03   4.4617385e-23
   4.2261574e+03   4.4717129e-23
   4.2359029e+03   4.4817110e-23
   4.2456709e+03   4.4917329e-23
   4.2554615e+03   4.5017786e-23
   4.2652746e+03   4.5118482e-23
   4.2751104e+03   4.5219416e-23
   4.2849688e+03   4.5320591e-23
   4.2948500e+03   4.5422006e-23
   4.3047539e+03   4.5523661e-23
   4.3146807e+03   4.5625558e-23
   4.3246304e+03   4.5727704e-23
   4.3346030e+03   4.5830079e-23
   4.3445987e+03   4.5932703e-23
   4.3546173e+03   4.6035570e-23
   4.3646591e+03   4.6138682e-23
   4.3747241e+03   4.6242039e-23
   4.3848122e+03   4.6345640e-23
   4.3949236e+03   4.6449488e-23
   4.4050583e+03   4.6553581e-23
   4.4152164e+03   4.6657922e-23
   4.4253980e+03   4.6762510e-23
   4.4356030e+03   4.6867345e-23
   4.4458315e+03   4.6972429e-23
   4.4560836e+03   4.7077763e-23
   4.4663594e+03   4.7183346e-23
   4.4766588e+03   4.7289179e-23
   4.4869821e+03   4.7395262e-23
   4.4973291e+03   4.7501598e-23
   4.5076999e+03   4.7608184e-23
   4.5180947e+03   4.7715024e-23
   4.5285135e+03   4.7822116e-23
   4.5389563e+03   4.7929462e-23
   4.5494231e+03   4.8037062e-23
   4.5599142e+03   4.8144917e-23
   4.5704294e+03   4.8253027e-23
   4.5809688e+03   4.8361393e-23
   4.5915325e+03   4.8470015e-23
   4.6021207e+03   4.8578895e-23
   4.6127332e+03   4.8688032e-23
   4.6233702e+03   4.8797427e-23
   4.6340317e+03   4.8907080e-23
   4.6447178e+03   4.9016994e-23
   4.6554286e+03   4.9127167e-23
   4.6661640e+03   4.9237600e-23
   4.6769242e+03   4.9348295e-23
   4.6877093e+03   4.9459251e-23
   4.6985192e+03   4.9570470e-23
   4.7093540e+03   4.9681952e-23
   4.7202138e+03   4.9793697e-23
   4.7310986e+03   4.9905705e-23
   4.7420086e+03   5.0017979e-23
   4.7529437e+03   5.0130518e-23
   4.7639040e+03   5.0243323e-23
   4.7748896e+03   5.0356394e-23
   4.7859005e+03   5.0469732e-23
   4.7969369e+03   5.0583338e-23
   4.8079986e+03   5.0697212e-23
   4.8190859e+03   5.0811355e-23
   4.8301988e+03   5.0925767e-23
   4.8413372e+03   5.1040449e-23
   4.8525014e+03   5.1155403e-23
   4.8636913e+03   5.1270627e-23
   4.8749070e+03   5.1386123e-23
   4.8861486e+03   5.1501892e-23
   4.8974161e+03   5.1617934e-23
   4.9087096e+03   5.1734249e-23
   4.9200291e+03   5.1850839e-23
   4.9313747e+03   5.1967704e-23
   4.9427465e+03   5.2084845e-23
   4.9541445e+03   5.2202262e-23
   4.9655688e+03   5.2319955e-23
   4.9770194e+03   5.2437926e-23
   4.9884965e+03   5.2556175e-23
   5.0000000e+03   5.2674703e-23
