   5.0000000e+00   2.7079455e-40
   5.0115300e+00   2.5721021e-40
   5.0230867e+00   2.4435981e-40
   5.0346699e+00   2.3221161e-40
   5.0462799e+00   2.2073922e-40
   5.0579167e+00   2.0990974e-40
   5.0695803e+00   1.9955100e-40
   5.0812708e+00   1.8893494e-40
   5.0929882e+00   1.7842297e-40
   5.1047327e+00   1.6946053e-40
   5.1165042e+00   1.6124325e-40
   5.1283029e+00   1.5341556e-40
   5.1401288e+00   1.4595067e-40
   5.1519820e+00   1.3884192e-40
   5.1638625e+00   1.3207947e-40
   5.1757704e+00   1.2565072e-40
   5.1877058e+00   1.1954155e-40
   5.1996687e+00   1.1373727e-40
   5.2116592e+00   1.0822323e-40
   5.2236773e+00   1.0298512e-40
   5.2357231e+00   9.8009096e-41
   5.2477968e+00   9.3281906e-41
   5.2598982e+00   8.8790865e-41
   5.2720276e+00   8.4523894e-41
   5.2841849e+00   8.0469505e-41
   5.2963703e+00   7.6616792e-41
   5.3085838e+00   7.2955402e-41
   5.3208254e+00   6.9475519e-41
   5.3330953e+00   6.6167836e-41
   5.3453934e+00   6.3023536e-41
   5.3577199e+00   6.0034259e-41
   5.3700749e+00   5.7192086e-41
   5.3824583e+00   5.4489517e-41
   5.3948703e+00   5.1919443e-41
   5.4073109e+00   4.9475130e-41
   5.4197802e+00   4.7150197e-41
   5.4322783e+00   4.4938600e-41
   5.4448051e+00   4.2834609e-41
   5.4573609e+00   4.0832796e-41
   5.4699456e+00   3.8928016e-41
   5.4825594e+00   3.7115393e-41
   5.4952022e+00   3.5390305e-41
   5.5078742e+00   3.3748369e-41
   5.5205754e+00   3.2185430e-41
   5.5333058e+00   3.0697551e-41
   5.5460657e+00   2.9280996e-41
   5.5588550e+00   2.7932222e-41
   5.5716737e+00   2.6647869e-41
   5.5845220e+00   2.5424749e-41
   5.5974000e+00   2.4259840e-41
   5.6103076e+00   2.3150271e-41
   5.6232451e+00   2.2093321e-41
   5.6362123e+00   2.1086407e-41
   5.6492094e+00   2.0127075e-41
   5.6622366e+00   1.9213000e-41
   5.6752937e+00   1.8341972e-41
   5.6883810e+00   1.7511892e-41
   5.7014985e+00   1.6720770e-41
   5.7146461e+00   1.5966714e-41
   5.7278242e+00   1.5247929e-41
   5.7410326e+00   1.4562707e-41
   5.7542714e+00   1.3909429e-41
   5.7675408e+00   1.3286555e-41
   5.7808408e+00   1.2692622e-41
   5.7941715e+00   1.2126241e-41
   5.8075329e+00   1.1586092e-41
   5.8209251e+00   1.1070917e-41
   5.8343482e+00   1.0579526e-41
   5.8478023e+00   1.0110783e-41
   5.8612873e+00   9.6636102e-42
   5.8748035e+00   9.2369832e-42
   5.8883508e+00   8.8299271e-42
   5.9019294e+00   8.4415148e-42
   5.9155393e+00   8.0708651e-42
   5.9291806e+00   7.7171395e-42
   5.9428533e+00   7.3795404e-42
   5.9565576e+00   7.0573094e-42
   5.9702935e+00   6.7497245e-42
   5.9840610e+00   6.4560991e-42
   5.9978603e+00   6.1757796e-42
   6.0116914e+00   5.9081441e-42
   6.0255544e+00   5.6526007e-42
   6.0394494e+00   5.4085861e-42
   6.0533764e+00   5.1755640e-42
   6.0673355e+00   4.9530239e-42
   6.0813269e+00   4.7404796e-42
   6.0953505e+00   4.5374684e-42
   6.1094064e+00   4.3435496e-42
   6.1234947e+00   4.1583034e-42
   6.1376155e+00   3.9813303e-42
   6.1517689e+00   3.8122494e-42
   6.1659550e+00   3.6506982e-42
   6.1801737e+00   3.4963311e-42
   6.1944252e+00   3.3488190e-42
   6.2087096e+00   3.2078483e-42
   6.2230269e+00   3.0731202e-42
   6.2373773e+00   2.9443501e-42
   6.2517607e+00   2.8212664e-42
   6.2661773e+00   2.7036105e-42
   6.2806272e+00   2.5911361e-42
   6.2951104e+00   2.4836080e-42
   6.3096269e+00   2.3808022e-42
   6.3241770e+00   2.2825053e-42
   6.3387606e+00   2.1885135e-42
   6.3533778e+00   2.0986326e-42
   6.3680288e+00   2.0126777e-42
   6.3827135e+00   1.9304721e-42
   6.3974321e+00   1.8518473e-42
   6.4121846e+00   1.7766429e-42
   6.4269711e+00   1.7047056e-42
   6.4417918e+00   1.6358893e-42
   6.4566466e+00   1.5700545e-42
   6.4715357e+00   1.5070683e-42
   6.4864591e+00   1.4468038e-42
   6.5014169e+00   1.3891399e-42
   6.5164092e+00   1.3339611e-42
   6.5314361e+00   1.2811570e-42
   6.5464977e+00   1.2306225e-42
   6.5615939e+00   1.1822572e-42
   6.5767250e+00   1.1359652e-42
   6.5918910e+00   1.0916550e-42
   6.6070920e+00   1.0492393e-42
   6.6223280e+00   1.0086346e-42
   6.6375991e+00   9.6976148e-43
   6.6529055e+00   9.3254383e-43
   6.6682471e+00   8.9690911e-43
   6.6836241e+00   8.6278803e-43
   6.6990366e+00   8.3011443e-43
   6.7144846e+00   7.9882513e-43
   6.7299683e+00   7.6885978e-43
   6.7454877e+00   7.4016076e-43
   6.7610428e+00   7.1267302e-43
   6.7766338e+00   6.8634399e-43
   6.7922608e+00   6.6112345e-43
   6.8079238e+00   6.3696343e-43
   6.8236229e+00   6.1381810e-43
   6.8393582e+00   5.9164368e-43
   6.8551299e+00   5.7039835e-43
   6.8709378e+00   5.5004213e-43
   6.8867823e+00   5.3053686e-43
   6.9026632e+00   5.1184604e-43
   6.9185808e+00   4.9393483e-43
   6.9345351e+00   4.7676990e-43
   6.9505262e+00   4.6031943e-43
   6.9665542e+00   4.4455301e-43
   6.9826191e+00   4.2944155e-43
   6.9987211e+00   4.1495729e-43
   7.0148602e+00   4.0107368e-43
   7.0310365e+00   3.8776534e-43
   7.0472502e+00   3.7500802e-43
   7.0635012e+00   3.6277856e-43
   7.0797897e+00   3.5105480e-43
   7.0961157e+00   3.3981557e-43
   7.1124794e+00   3.2904066e-43
   7.1288808e+00   3.1871072e-43
   7.1453201e+00   3.0880727e-43
   7.1617972e+00   2.9931267e-43
   7.1783124e+00   2.9021002e-43
   7.1948656e+00   2.8148323e-43
   7.2114571e+00   2.7311686e-43
   7.2280867e+00   2.6509621e-43
   7.2447548e+00   2.5740721e-43
   7.2614612e+00   2.5003642e-43
   7.2782062e+00   2.4297101e-43
   7.2949898e+00   2.3619872e-43
   7.3118121e+00   2.2970784e-43
   7.3286732e+00   2.2348720e-43
   7.3455732e+00   2.1752613e-43
   7.3625121e+00   2.1181444e-43
   7.3794901e+00   2.0634241e-43
   7.3965073e+00   2.0110079e-43
   7.4135637e+00   1.9608072e-43
   7.4306594e+00   1.9127378e-43
   7.4477946e+00   1.8667195e-43
   7.4649693e+00   1.8226757e-43
   7.4821835e+00   1.7805337e-43
   7.4994375e+00   1.7402241e-43
   7.5167313e+00   1.7016812e-43
   7.5340649e+00   1.6648424e-43
   7.5514385e+00   1.6296484e-43
   7.5688522e+00   1.5960428e-43
   7.5863060e+00   1.5639724e-43
   7.6038001e+00   1.5333868e-43
   7.6213345e+00   1.5042384e-43
   7.6389094e+00   1.4764823e-43
   7.6565248e+00   1.4500765e-43
   7.6741808e+00   1.4249814e-43
   7.6918775e+00   1.4011600e-43
   7.7096150e+00   1.3785779e-43
   7.7273934e+00   1.3572031e-43
   7.7452129e+00   1.3370061e-43
   7.7630734e+00   1.3179599e-43
   7.7809751e+00   1.3000399e-43
   7.7989181e+00   1.2832238e-43
   7.8169025e+00   1.2674920e-43
   7.8349283e+00   1.2528272e-43
   7.8529957e+00   1.2392146e-43
   7.8711048e+00   1.2266420e-43
   7.8892556e+00   1.2150999e-43
   7.9074483e+00   1.2045813e-43
   7.9256829e+00   1.1950822e-43
   7.9439596e+00   1.1866013e-43
   7.9622784e+00   1.1791405e-43
   7.9806395e+00   1.1727048e-43
   7.9990429e+00   1.1673025e-43
   8.0174888e+00   1.1629457e-43
   8.0359772e+00   1.1596504e-43
   8.0545082e+00   1.1574364e-43
   8.0730819e+00   1.1563282e-43
   8.0916985e+00   1.1563553e-43
   8.1103581e+00   1.1575524e-43
   8.1290606e+00   1.1599598e-43
   8.1478063e+00   1.1636247e-43
   8.1665952e+00   1.1686011e-43
   8.1854274e+00   1.1749510e-43
   8.2043031e+00   1.1827454e-43
   8.2232223e+00   1.1920651e-43
   8.2421851e+00   1.2030022e-43
   8.2611916e+00   1.2156615e-43
   8.2802420e+00   1.2301621e-43
   8.2993363e+00   1.2466398e-43
   8.3184746e+00   1.2652491e-43
   8.3376571e+00   1.2861665e-43
   8.3568838e+00   1.3095934e-43
   8.3761548e+00   1.3357605e-43
   8.3954703e+00   1.3649325e-43
   8.4148303e+00   1.3974144e-43
   8.4342350e+00   1.4335580e-43
   8.4536844e+00   1.4737710e-43
   8.4731786e+00   1.5185277e-43
   8.4927179e+00   1.5683822e-43
   8.5123021e+00   1.6239845e-43
   8.5319316e+00   1.6861012e-43
   8.5516063e+00   1.7556415e-43
   8.5713263e+00   1.8336898e-43
   8.5910919e+00   1.9215479e-43
   8.6109030e+00   2.0207897e-43
   8.6307598e+00   2.1333326e-43
   8.6506624e+00   2.2615313e-43
   8.6706109e+00   2.4083027e-43
   8.6906054e+00   2.5773043e-43
   8.7106460e+00   2.7731583e-43
   8.7307328e+00   3.0017879e-43
   8.7508660e+00   3.2708823e-43
   8.7710455e+00   3.5905731e-43
   8.7912716e+00   3.9744347e-43
   8.8115444e+00   4.4410012e-43
   8.8318638e+00   5.0161271e-43
   8.8522302e+00   5.7367784e-43
   8.8726435e+00   6.6573391e-43
   8.8931039e+00   7.8605469e-43
   8.9136114e+00   9.4774006e-43
   8.9341663e+00   1.1725586e-42
   8.9547686e+00   1.4989135e-42
   8.9754183e+00   1.9999065e-42
   8.9961157e+00   2.8293417e-42
   9.0168608e+00   4.3588669e-42
   9.0376538e+00   7.6917654e-42
   9.0584947e+00   1.7456538e-41
   9.0793836e+00   7.5099457e-41
   9.1003208e+00   8.0894322e-39
   9.1213062e+00   5.1116874e-41
   9.1423400e+00   1.3701366e-41
   9.1634223e+00   6.2399684e-42
   9.1845532e+00   3.6149053e-42
   9.2057328e+00   2.4876114e-42
   9.2269613e+00   2.1546185e-42
   9.2482388e+00   3.5521408e-42
   9.2695653e+00   1.5361813e-39
   9.2909410e+00   3.0662764e-42
   9.3123660e+00   1.0951061e-42
   9.3338403e+00   6.7072836e-43
   9.3553642e+00   4.8682884e-43
   9.3769378e+00   3.8081406e-43
   9.3985611e+00   3.1037254e-43
   9.4202342e+00   2.5967523e-43
   9.4419574e+00   2.2132747e-43
   9.4637306e+00   1.9132657e-43
   9.4855540e+00   1.6727464e-43
   9.5074278e+00   1.4762764e-43
   9.5293520e+00   1.3133715e-43
   9.5513267e+00   1.1766225e-43
   9.5733522e+00   1.0606268e-43
   9.5954284e+00   9.6134559e-44
   9.6175555e+00   8.7569751e-44
   9.6397337e+00   8.0129120e-44
   9.6619630e+00   7.3624365e-44
   9.6842435e+00   6.7905330e-44
   9.7065755e+00   6.2850950e-44
   9.7289589e+00   5.8362655e-44
   9.7513940e+00   5.4359490e-44
   9.7738808e+00   5.0774440e-44
   9.7964194e+00   4.7551623e-44
   9.8190100e+00   4.4644142e-44
   9.8416527e+00   4.2012397e-44
   9.8643477e+00   3.9622766e-44
   9.8870949e+00   3.7446553e-44
   9.9098946e+00   3.5459147e-44
   9.9327469e+00   3.3639349e-44
   9.9556519e+00   3.1968820e-44
   9.9786097e+00   3.0431632e-44
   1.0001620e+01   2.9013987e-44
   1.0024684e+01   2.7704229e-44
   1.0047801e+01   2.6490391e-44
   1.0070972e+01   2.5363529e-44
   1.0094195e+01   2.4315683e-44
   1.0117473e+01   2.3339686e-44
   1.0140804e+01   2.2428905e-44
   1.0164188e+01   2.1577462e-44
   1.0187627e+01   2.0780120e-44
   1.0211120e+01   2.0032219e-44
   1.0234667e+01   1.9329706e-44
   1.0258268e+01   1.8668833e-44
   1.0281924e+01   1.8046203e-44
   1.0305634e+01   1.7458759e-44
   1.0329399e+01   1.6903813e-44
   1.0353218e+01   1.6378892e-44
   1.0377093e+01   1.5881722e-44
   1.0401023e+01   1.5410241e-44
   1.0425007e+01   1.4962610e-44
   1.0449048e+01   1.4537149e-44
   1.0473143e+01   1.4132295e-44
   1.0497294e+01   1.3746621e-44
   1.0521501e+01   1.3378837e-44
   1.0545764e+01   1.3027772e-44
   1.0570082e+01   1.2692326e-44
   1.0594457e+01   1.2371490e-44
   1.0618888e+01   1.2064341e-44
   1.0643375e+01   1.1770042e-44
   1.0667919e+01   1.1487803e-44
   1.0692519e+01   1.1216895e-44
   1.0717176e+01   1.0956648e-44
   1.0741890e+01   1.0706450e-44
   1.0766661e+01   1.0465724e-44
   1.0791489e+01   1.0233932e-44
   1.0816374e+01   1.0010580e-44
   1.0841317e+01   9.7952140e-45
   1.0866317e+01   9.5874030e-45
   1.0891375e+01   9.3867463e-45
   1.0916491e+01   9.1928722e-45
   1.0941664e+01   9.0054379e-45
   1.0966896e+01   8.8241183e-45
   1.0992185e+01   8.6486092e-45
   1.1017533e+01   8.4786275e-45
   1.1042940e+01   8.3139107e-45
   1.1068405e+01   8.1542094e-45
   1.1093929e+01   7.9992898e-45
   1.1119512e+01   7.8489334e-45
   1.1145153e+01   7.7029364e-45
   1.1170854e+01   7.5611051e-45
   1.1196614e+01   7.4232573e-45
   1.1222434e+01   7.2892221e-45
   1.1248313e+01   7.1588396e-45
   1.1274251e+01   7.0319572e-45
   1.1300250e+01   6.9084311e-45
   1.1326308e+01   6.7881264e-45
   1.1352427e+01   6.6709156e-45
   1.1378606e+01   6.5566775e-45
   1.1404845e+01   6.4452971e-45
   1.1431144e+01   6.3366666e-45
   1.1457505e+01   6.2306835e-45
   1.1483926e+01   6.1272499e-45
   1.1510408e+01   6.0262733e-45
   1.1536951e+01   5.9276663e-45
   1.1563555e+01   5.8313455e-45
   1.1590221e+01   5.7372314e-45
   1.1616948e+01   5.6452484e-45
   1.1643737e+01   5.5553251e-45
   1.1670587e+01   5.4673929e-45
   1.1697500e+01   5.3813863e-45
   1.1724474e+01   5.2972433e-45
   1.1751511e+01   5.2149046e-45
   1.1778610e+01   5.1343133e-45
   1.1805772e+01   5.0554152e-45
   1.1832996e+01   4.9781585e-45
   1.1860283e+01   4.9024936e-45
   1.1887633e+01   4.8283731e-45
   1.1915046e+01   4.7557513e-45
   1.1942522e+01   4.6845849e-45
   1.1970061e+01   4.6148319e-45
   1.1997664e+01   4.5464523e-45
   1.2025331e+01   4.4794075e-45
   1.2053062e+01   4.4136607e-45
   1.2080856e+01   4.3491762e-45
   1.2108715e+01   4.2859199e-45
   1.2136637e+01   4.2238589e-45
   1.2164625e+01   4.1629617e-45
   1.2192676e+01   4.1031976e-45
   1.2220793e+01   4.0445374e-45
   1.2248974e+01   3.9869528e-45
   1.2277220e+01   3.9304166e-45
   1.2305532e+01   3.8749024e-45
   1.2333908e+01   3.8203847e-45
   1.2362350e+01   3.7668392e-45
   1.2390858e+01   3.7142421e-45
   1.2419431e+01   3.6625705e-45
   1.2448071e+01   3.6118023e-45
   1.2476776e+01   3.5619161e-45
   1.2505548e+01   3.5128912e-45
   1.2534386e+01   3.4647075e-45
   1.2563290e+01   3.4173456e-45
   1.2592261e+01   3.3707868e-45
   1.2621299e+01   3.3250128e-45
   1.2650404e+01   3.2800060e-45
   1.2679576e+01   3.2357492e-45
   1.2708815e+01   3.1922259e-45
   1.2738121e+01   3.1494199e-45
   1.2767496e+01   3.1073156e-45
   1.2796938e+01   3.0658979e-45
   1.2826447e+01   3.0251520e-45
   1.2856025e+01   2.9850636e-45
   1.2885671e+01   2.9456187e-45
   1.2915386e+01   2.9068040e-45
   1.2945169e+01   2.8686061e-45
   1.2975020e+01   2.8310124e-45
   1.3004941e+01   2.7940105e-45
   1.3034930e+01   2.7575881e-45
   1.3064989e+01   2.7217337e-45
   1.3095117e+01   2.6864357e-45
   1.3125314e+01   2.6516829e-45
   1.3155582e+01   2.6174645e-45
   1.3185918e+01   2.5837700e-45
   1.3216325e+01   2.5505890e-45
   1.3246802e+01   2.5179116e-45
   1.3277349e+01   2.4857279e-45
   1.3307967e+01   2.4540283e-45
   1.3338655e+01   2.4228037e-45
   1.3369414e+01   2.3920449e-45
   1.3400244e+01   2.3617431e-45
   1.3431145e+01   2.3318897e-45
   1.3462118e+01   2.3024763e-45
   1.3493162e+01   2.2734946e-45
   1.3524277e+01   2.2449367e-45
   1.3555464e+01   2.2167948e-45
   1.3586723e+01   2.1890611e-45
   1.3618054e+01   2.1617284e-45
   1.3649457e+01   2.1347892e-45
   1.3680933e+01   2.1082364e-45
   1.3712481e+01   2.0820633e-45
   1.3744103e+01   2.0562628e-45
   1.3775797e+01   2.0308285e-45
   1.3807564e+01   2.0057539e-45
   1.3839404e+01   1.9810326e-45
   1.3871318e+01   1.9566585e-45
   1.3903305e+01   1.9326254e-45
   1.3935366e+01   1.9089276e-45
   1.3967501e+01   1.8855592e-45
   1.3999710e+01   1.8625145e-45
   1.4031994e+01   1.8397880e-45
   1.4064352e+01   1.8173744e-45
   1.4096784e+01   1.7952683e-45
   1.4129292e+01   1.7734646e-45
   1.4161874e+01   1.7519582e-45
   1.4194531e+01   1.7307441e-45
   1.4227264e+01   1.7098175e-45
   1.4260072e+01   1.6891736e-45
   1.4292956e+01   1.6688079e-45
   1.4325916e+01   1.6487156e-45
   1.4358951e+01   1.6288925e-45
   1.4392063e+01   1.6093341e-45
   1.4425251e+01   1.5900361e-45
   1.4458516e+01   1.5709944e-45
   1.4491858e+01   1.5522049e-45
   1.4525276e+01   1.5336635e-45
   1.4558771e+01   1.5153664e-45
   1.4592344e+01   1.4973096e-45
   1.4625994e+01   1.4794894e-45
   1.4659722e+01   1.4619020e-45
   1.4693527e+01   1.4445439e-45
   1.4727410e+01   1.4274115e-45
   1.4761372e+01   1.4105013e-45
   1.4795412e+01   1.3938099e-45
   1.4829530e+01   1.3773339e-45
   1.4863727e+01   1.3610701e-45
   1.4898003e+01   1.3450152e-45
   1.4932358e+01   1.3291660e-45
   1.4966792e+01   1.3135195e-45
   1.5001306e+01   1.2980727e-45
   1.5035899e+01   1.2828224e-45
   1.5070572e+01   1.2677659e-45
   1.5105324e+01   1.2529002e-45
   1.5140157e+01   1.2382225e-45
   1.5175071e+01   1.2237300e-45
   1.5210065e+01   1.2094201e-45
   1.5245139e+01   1.1952900e-45
   1.5280295e+01   1.1813372e-45
   1.5315531e+01   1.1675590e-45
   1.5350849e+01   1.1539530e-45
   1.5386248e+01   1.1405167e-45
   1.5421729e+01   1.1272476e-45
   1.5457291e+01   1.1141433e-45
   1.5492936e+01   1.1012016e-45
   1.5528663e+01   1.0884201e-45
   1.5564472e+01   1.0757965e-45
   1.5600364e+01   1.0633286e-45
   1.5636338e+01   1.0510143e-45
   1.5672396e+01   1.0388513e-45
   1.5708537e+01   1.0268376e-45
   1.5744761e+01   1.0149712e-45
   1.5781068e+01   1.0032498e-45
   1.5817459e+01   9.9167168e-46
   1.5853935e+01   9.8023472e-46
   1.5890494e+01   9.6893701e-46
   1.5927137e+01   9.5777666e-46
   1.5963866e+01   9.4675180e-46
   1.6000678e+01   9.3586058e-46
   1.6037576e+01   9.2510120e-46
   1.6074559e+01   9.1447188e-46
   1.6111627e+01   9.0397088e-46
   1.6148780e+01   8.9359647e-46
   1.6186020e+01   8.8334695e-46
   1.6223345e+01   8.7322068e-46
   1.6260756e+01   8.6321600e-46
   1.6298253e+01   8.5333131e-46
   1.6335837e+01   8.4356503e-46
   1.6373508e+01   8.3391559e-46
   1.6411265e+01   8.2438146e-46
   1.6449110e+01   8.1496113e-46
   1.6487041e+01   8.0565312e-46
   1.6525061e+01   7.9645596e-46
   1.6563168e+01   7.8736821e-46
   1.6601362e+01   7.7838846e-46
   1.6639645e+01   7.6951530e-46
   1.6678016e+01   7.6074738e-46
   1.6716476e+01   7.5208333e-46
   1.6755024e+01   7.4352182e-46
   1.6793662e+01   7.3506154e-46
   1.6832388e+01   7.2670121e-46
   1.6871203e+01   7.1843955e-46
   1.6910109e+01   7.1027530e-46
   1.6949103e+01   7.0220724e-46
   1.6988188e+01   6.9423415e-46
   1.7027363e+01   6.8635484e-46
   1.7066628e+01   6.7856812e-46
   1.7105984e+01   6.7087283e-46
   1.7145431e+01   6.6326783e-46
   1.7184968e+01   6.5575200e-46
   1.7224597e+01   6.4832422e-46
   1.7264317e+01   6.4098340e-46
   1.7304128e+01   6.3372846e-46
   1.7344032e+01   6.2655833e-46
   1.7384027e+01   6.1947198e-46
   1.7424115e+01   6.1246836e-46
   1.7464295e+01   6.0554646e-46
   1.7504568e+01   5.9870528e-46
   1.7544934e+01   5.9194383e-46
   1.7585392e+01   5.8526113e-46
   1.7625945e+01   5.7865623e-46
   1.7666590e+01   5.7212817e-46
   1.7707329e+01   5.6567603e-46
   1.7748163e+01   5.5929887e-46
   1.7789090e+01   5.5299580e-46
   1.7830112e+01   5.4676592e-46
   1.7871228e+01   5.4060835e-46
   1.7912439e+01   5.3452221e-46
   1.7953746e+01   5.2850664e-46
   1.7995147e+01   5.2256081e-46
   1.8036644e+01   5.1668387e-46
   1.8078237e+01   5.1087500e-46
   1.8119925e+01   5.0513339e-46
   1.8161710e+01   4.9945823e-46
   1.8203591e+01   4.9384874e-46
   1.8245569e+01   4.8830414e-46
   1.8287643e+01   4.8282365e-46
   1.8329814e+01   4.7740651e-46
   1.8372083e+01   4.7205199e-46
   1.8414449e+01   4.6675933e-46
   1.8456913e+01   4.6152781e-46
   1.8499475e+01   4.5635671e-46
   1.8542135e+01   4.5124531e-46
   1.8584893e+01   4.4619293e-46
   1.8627750e+01   4.4119886e-46
   1.8670706e+01   4.3626242e-46
   1.8713761e+01   4.3138295e-46
   1.8756915e+01   4.2655977e-46
   1.8800168e+01   4.2179222e-46
   1.8843522e+01   4.1707967e-46
   1.8886975e+01   4.1242147e-46
   1.8930528e+01   4.0781698e-46
   1.8974182e+01   4.0326560e-46
   1.9017937e+01   3.9876670e-46
   1.9061792e+01   3.9431967e-46
   1.9105749e+01   3.8992391e-46
   1.9149807e+01   3.8557884e-46
   1.9193967e+01   3.8128387e-46
   1.9238228e+01   3.7703842e-46
   1.9282592e+01   3.7284192e-46
   1.9327057e+01   3.6869381e-46
   1.9371626e+01   3.6459354e-46
   1.9416297e+01   3.6054055e-46
   1.9461071e+01   3.5653430e-46
   1.9505948e+01   3.5257427e-46
   1.9550929e+01   3.4865991e-46
   1.9596014e+01   3.4479072e-46
   1.9641202e+01   3.4096616e-46
   1.9686495e+01   3.3718575e-46
   1.9731892e+01   3.3344896e-46
   1.9777394e+01   3.2975532e-46
   1.9823001e+01   3.2610432e-46
   1.9868713e+01   3.2249548e-46
   1.9914530e+01   3.1892833e-46
   1.9960454e+01   3.1540238e-46
   2.0006482e+01   3.1191718e-46
   2.0052618e+01   3.0847227e-46
   2.0098859e+01   3.0506718e-46
   2.0145207e+01   3.0170148e-46
   2.0191662e+01   2.9837470e-46
   2.0238224e+01   2.9508642e-46
   2.0284894e+01   2.9183621e-46
   2.0331671e+01   2.8862362e-46
   2.0378556e+01   2.8544825e-46
   2.0425549e+01   2.8230966e-46
   2.0472650e+01   2.7920745e-46
   2.0519861e+01   2.7614121e-46
   2.0567180e+01   2.7311054e-46
   2.0614608e+01   2.7011503e-46
   2.0662145e+01   2.6715430e-46
   2.0709792e+01   2.6422795e-46
   2.0757549e+01   2.6133559e-46
   2.0805416e+01   2.5847686e-46
   2.0853394e+01   2.5565137e-46
   2.0901482e+01   2.5285875e-46
   2.0949681e+01   2.5009863e-46
   2.0997991e+01   2.4737066e-46
   2.1046412e+01   2.4467447e-46
   2.1094945e+01   2.4200970e-46
   2.1143591e+01   2.3937602e-46
   2.1192348e+01   2.3677307e-46
   2.1241218e+01   2.3420052e-46
   2.1290200e+01   2.3165801e-46
   2.1339295e+01   2.2914523e-46
   2.1388504e+01   2.2666183e-46
   2.1437826e+01   2.2420750e-46
   2.1487262e+01   2.2178190e-46
   2.1536812e+01   2.1938473e-46
   2.1586476e+01   2.1701567e-46
   2.1636254e+01   2.1467440e-46
   2.1686148e+01   2.1236062e-46
   2.1736156e+01   2.1007402e-46
   2.1786280e+01   2.0781430e-46
   2.1836519e+01   2.0558116e-46
   2.1886874e+01   2.0337432e-46
   2.1937346e+01   2.0119347e-46
   2.1987933e+01   1.9903834e-46
   2.2038638e+01   1.9690863e-46
   2.2089459e+01   1.9480408e-46
   2.2140397e+01   1.9272439e-46
   2.2191453e+01   1.9066929e-46
   2.2242627e+01   1.8863852e-46
   2.2293919e+01   1.8663181e-46
   2.2345328e+01   1.8464888e-46
   2.2396857e+01   1.8268948e-46
   2.2448504e+01   1.8075335e-46
   2.2500271e+01   1.7884023e-46
   2.2552157e+01   1.7694987e-46
   2.2604162e+01   1.7508202e-46
   2.2656287e+01   1.7323642e-46
   2.2708533e+01   1.7141284e-46
   2.2760899e+01   1.6961104e-46
   2.2813386e+01   1.6783076e-46
   2.2865994e+01   1.6607178e-46
   2.2918723e+01   1.6433386e-46
   2.2971574e+01   1.6261678e-46
   2.3024546e+01   1.6092029e-46
   2.3077641e+01   1.5924417e-46
   2.3130858e+01   1.5758821e-46
   2.3184198e+01   1.5595217e-46
   2.3237661e+01   1.5433585e-46
   2.3291247e+01   1.5273902e-46
   2.3344957e+01   1.5116146e-46
   2.3398791e+01   1.4960297e-46
   2.3452748e+01   1.4806334e-46
   2.3506831e+01   1.4654236e-46
   2.3561038e+01   1.4503982e-46
   2.3615370e+01   1.4355553e-46
   2.3669827e+01   1.4208928e-46
   2.3724410e+01   1.4064087e-46
   2.3779118e+01   1.3921011e-46
   2.3833953e+01   1.3779680e-46
   2.3888914e+01   1.3640076e-46
   2.3944002e+01   1.3502179e-46
   2.3999217e+01   1.3365970e-46
   2.4054560e+01   1.3231431e-46
   2.4110030e+01   1.3098544e-46
   2.4165628e+01   1.2967291e-46
   2.4221354e+01   1.2837653e-46
   2.4277208e+01   1.2709613e-46
   2.4333192e+01   1.2583152e-46
   2.4389304e+01   1.2458255e-46
   2.4445546e+01   1.2334904e-46
   2.4501918e+01   1.2213081e-46
   2.4558420e+01   1.2092770e-46
   2.4615051e+01   1.1973955e-46
   2.4671814e+01   1.1856618e-46
   2.4728707e+01   1.1740744e-46
   2.4785732e+01   1.1626316e-46
   2.4842888e+01   1.1513319e-46
   2.4900176e+01   1.1401737e-46
   2.4957596e+01   1.1291554e-46
   2.5015148e+01   1.1182755e-46
   2.5072833e+01   1.1075325e-46
   2.5130652e+01   1.0969248e-46
   2.5188603e+01   1.0864510e-46
   2.5246688e+01   1.0761096e-46
   2.5304907e+01   1.0658992e-46
   2.5363261e+01   1.0558182e-46
   2.5421748e+01   1.0458653e-46
   2.5480371e+01   1.0360391e-46
   2.5539129e+01   1.0263381e-46
   2.5598023e+01   1.0167611e-46
   2.5657052e+01   1.0073065e-46
   2.5716217e+01   9.9797310e-47
   2.5775519e+01   9.8875954e-47
   2.5834957e+01   9.7966448e-47
   2.5894533e+01   9.7068662e-47
   2.5954246e+01   9.6182466e-47
   2.6014097e+01   9.5307732e-47
   2.6074085e+01   9.4444335e-47
   2.6134212e+01   9.3592147e-47
   2.6194478e+01   9.2751047e-47
   2.6254883e+01   9.1920910e-47
   2.6315427e+01   9.1101615e-47
   2.6376110e+01   9.0293044e-47
   2.6436934e+01   8.9495076e-47
   2.6497898e+01   8.8707594e-47
   2.6559002e+01   8.7930483e-47
   2.6620247e+01   8.7163626e-47
   2.6681634e+01   8.6406912e-47
   2.6743162e+01   8.5660226e-47
   2.6804832e+01   8.4923458e-47
   2.6866644e+01   8.4196498e-47
   2.6928599e+01   8.3479237e-47
   2.6990696e+01   8.2771566e-47
   2.7052937e+01   8.2073380e-47
   2.7115321e+01   8.1384572e-47
   2.7177849e+01   8.0705039e-47
   2.7240522e+01   8.0034677e-47
   2.7303338e+01   7.9373384e-47
   2.7366300e+01   7.8721059e-47
   2.7429407e+01   7.8077602e-47
   2.7492659e+01   7.7442914e-47
   2.7556058e+01   7.6816897e-47
   2.7619602e+01   7.6199455e-47
   2.7683293e+01   7.5590491e-47
   2.7747131e+01   7.4989911e-47
   2.7811116e+01   7.4397621e-47
   2.7875249e+01   7.3813528e-47
   2.7939529e+01   7.3237541e-47
   2.8003958e+01   7.2669568e-47
   2.8068536e+01   7.2109520e-47
   2.8133262e+01   7.1557308e-47
   2.8198137e+01   7.1012844e-47
   2.8263162e+01   7.0476042e-47
   2.8328338e+01   6.9946813e-47
   2.8393663e+01   6.9425075e-47
   2.8459139e+01   6.8910742e-47
   2.8524766e+01   6.8403731e-47
   2.8590544e+01   6.7903960e-47
   2.8656474e+01   6.7411346e-47
   2.8722556e+01   6.6925810e-47
   2.8788791e+01   6.6447271e-47
   2.8855178e+01   6.5975650e-47
   2.8921718e+01   6.5510870e-47
   2.8988412e+01   6.5052851e-47
   2.9055259e+01   6.4601519e-47
   2.9122261e+01   6.4156798e-47
   2.9189417e+01   6.3718611e-47
   2.9256728e+01   6.3286886e-47
   2.9324194e+01   6.2861549e-47
   2.9391816e+01   6.2442527e-47
   2.9459594e+01   6.2029748e-47
   2.9527528e+01   6.1623142e-47
   2.9595619e+01   6.1222638e-47
   2.9663866e+01   6.0828166e-47
   2.9732272e+01   6.0439658e-47
   2.9800834e+01   6.0057046e-47
   2.9869555e+01   5.9680261e-47
   2.9938435e+01   5.9309239e-47
   3.0007473e+01   5.8943912e-47
   3.0076670e+01   5.8584215e-47
   3.0146028e+01   5.8230084e-47
   3.0215544e+01   5.7881454e-47
   3.0285222e+01   5.7538264e-47
   3.0355060e+01   5.7200449e-47
   3.0425059e+01   5.6867949e-47
   3.0495219e+01   5.6540701e-47
   3.0565541e+01   5.6218646e-47
   3.0636026e+01   5.5901724e-47
   3.0706673e+01   5.5589875e-47
   3.0777482e+01   5.5283040e-47
   3.0848456e+01   5.4981162e-47
   3.0919592e+01   5.4684183e-47
   3.0990893e+01   5.4392046e-47
   3.1062358e+01   5.4104694e-47
   3.1133988e+01   5.3822074e-47
   3.1205784e+01   5.3544128e-47
   3.1277744e+01   5.3270804e-47
   3.1349871e+01   5.3002046e-47
   3.1422164e+01   5.2737803e-47
   3.1494624e+01   5.2478020e-47
   3.1567251e+01   5.2222646e-47
   3.1640045e+01   5.1971629e-47
   3.1713007e+01   5.1724918e-47
   3.1786138e+01   5.1482462e-47
   3.1859437e+01   5.1244212e-47
   3.1932905e+01   5.1010118e-47
   3.2006542e+01   5.0780131e-47
   3.2080350e+01   5.0554203e-47
   3.2154327e+01   5.0332285e-47
   3.2228475e+01   5.0114331e-47
   3.2302794e+01   4.9900293e-47
   3.2377285e+01   4.9690126e-47
   3.2451947e+01   4.9483782e-47
   3.2526782e+01   4.9281217e-47
   3.2601789e+01   4.9082385e-47
   3.2676969e+01   4.8887243e-47
   3.2752322e+01   4.8695747e-47
   3.2827849e+01   4.8507851e-47
   3.2903550e+01   4.8323515e-47
   3.2979426e+01   4.8142695e-47
   3.3055477e+01   4.7965348e-47
   3.3131703e+01   4.7791434e-47
   3.3208105e+01   4.7620911e-47
   3.3284683e+01   4.7453738e-47
   3.3361438e+01   4.7289875e-47
   3.3438370e+01   4.7129281e-47
   3.3515479e+01   4.6971918e-47
   3.3592766e+01   4.6817746e-47
   3.3670231e+01   4.6666726e-47
   3.3747875e+01   4.6518821e-47
   3.3825698e+01   4.6373992e-47
   3.3903700e+01   4.6232202e-47
   3.3981882e+01   4.6093414e-47
   3.4060245e+01   4.5957591e-47
   3.4138788e+01   4.5824696e-47
   3.4217512e+01   4.5694695e-47
   3.4296418e+01   4.5567551e-47
   3.4375506e+01   4.5443230e-47
   3.4454776e+01   4.5321696e-47
   3.4534229e+01   4.5202915e-47
   3.4613865e+01   4.5086854e-47
   3.4693685e+01   4.4973478e-47
   3.4773689e+01   4.4862755e-47
   3.4853877e+01   4.4754650e-47
   3.4934251e+01   4.4649133e-47
   3.5014809e+01   4.4546170e-47
   3.5095554e+01   4.4445730e-47
   3.5176484e+01   4.4347781e-47
   3.5257602e+01   4.4252292e-47
   3.5338906e+01   4.4159232e-47
   3.5420398e+01   4.4068571e-47
   3.5502077e+01   4.3980277e-47
   3.5583945e+01   4.3894323e-47
   3.5666002e+01   4.3810677e-47
   3.5748248e+01   4.3729311e-47
   3.5830684e+01   4.3650196e-47
   3.5913310e+01   4.3573303e-47
   3.5996126e+01   4.3498603e-47
   3.6079134e+01   4.3426070e-47
   3.6162332e+01   4.3355675e-47
   3.6245723e+01   4.3287390e-47
   3.6329306e+01   4.3221189e-47
   3.6413082e+01   4.3157045e-47
   3.6497050e+01   4.3094931e-47
   3.6581213e+01   4.3034822e-47
   3.6665569e+01   4.2976690e-47
   3.6750120e+01   4.2920511e-47
   3.6834867e+01   4.2866259e-47
   3.6919808e+01   4.2813909e-47
   3.7004945e+01   4.2763437e-47
   3.7090279e+01   4.2714816e-47
   3.7175810e+01   4.2668024e-47
   3.7261537e+01   4.2623037e-47
   3.7347463e+01   4.2579830e-47
   3.7433586e+01   4.2538380e-47
   3.7519908e+01   4.2498663e-47
   3.7606429e+01   4.2460657e-47
   3.7693150e+01   4.2424339e-47
   3.7780071e+01   4.2389687e-47
   3.7867192e+01   4.2356678e-47
   3.7954514e+01   4.2325289e-47
   3.8042037e+01   4.2295501e-47
   3.8129763e+01   4.2267290e-47
   3.8217690e+01   4.2240635e-47
   3.8305821e+01   4.2215516e-47
   3.8394154e+01   4.2191912e-47
   3.8482691e+01   4.2169802e-47
   3.8571433e+01   4.2149165e-47
   3.8660379e+01   4.2129982e-47
   3.8749530e+01   4.2112232e-47
   3.8838886e+01   4.2095896e-47
   3.8928449e+01   4.2080954e-47
   3.9018219e+01   4.2067388e-47
   3.9108195e+01   4.2055177e-47
   3.9198379e+01   4.2044303e-47
   3.9288770e+01   4.2034748e-47
   3.9379371e+01   4.2026493e-47
   3.9470180e+01   4.2019520e-47
   3.9561198e+01   4.2013810e-47
   3.9652427e+01   4.2009346e-47
   3.9743865e+01   4.2006110e-47
   3.9835515e+01   4.2004085e-47
   3.9927376e+01   4.2003253e-47
   4.0019449e+01   4.2003598e-47
   4.0111734e+01   4.2005103e-47
   4.0204232e+01   4.2007750e-47
   4.0296943e+01   4.2011524e-47
   4.0389868e+01   4.2016407e-47
   4.0483008e+01   4.2022385e-47
   4.0576362e+01   4.2029441e-47
   4.0669931e+01   4.2037558e-47
   4.0763716e+01   4.2046723e-47
   4.0857718e+01   4.2056918e-47
   4.0951936e+01   4.2068130e-47
   4.1046372e+01   4.2080342e-47
   4.1141025e+01   4.2093540e-47
   4.1235896e+01   4.2107709e-47
   4.1330987e+01   4.2122835e-47
   4.1426296e+01   4.2138904e-47
   4.1521826e+01   4.2155900e-47
   4.1617575e+01   4.2173810e-47
   4.1713546e+01   4.2192619e-47
   4.1809737e+01   4.2212315e-47
   4.1906151e+01   4.2232884e-47
   4.2002787e+01   4.2254311e-47
   4.2099646e+01   4.2276585e-47
   4.2196728e+01   4.2299691e-47
   4.2294034e+01   4.2323616e-47
   4.2391564e+01   4.2348348e-47
   4.2489319e+01   4.2373875e-47
   4.2587300e+01   4.2400182e-47
   4.2685507e+01   4.2427259e-47
   4.2783940e+01   4.2455093e-47
   4.2882600e+01   4.2483671e-47
   4.2981488e+01   4.2512981e-47
   4.3080603e+01   4.2543013e-47
   4.3179947e+01   4.2573753e-47
   4.3279521e+01   4.2605191e-47
   4.3379324e+01   4.2637315e-47
   4.3479357e+01   4.2670113e-47
   4.3579620e+01   4.2703575e-47
   4.3680115e+01   4.2737689e-47
   4.3780842e+01   4.2772444e-47
   4.3881801e+01   4.2807830e-47
   4.3982993e+01   4.2843836e-47
   4.4084418e+01   4.2880451e-47
   4.4186077e+01   4.2917666e-47
   4.4287970e+01   4.2955468e-47
   4.4390099e+01   4.2993849e-47
   4.4492463e+01   4.3032799e-47
   4.4595062e+01   4.3072307e-47
   4.4697899e+01   4.3112363e-47
   4.4800973e+01   4.3152958e-47
   4.4904284e+01   4.3194082e-47
   4.5007834e+01   4.3235725e-47
   4.5111622e+01   4.3277879e-47
   4.5215650e+01   4.3320534e-47
   4.5319918e+01   4.3363681e-47
   4.5424426e+01   4.3407310e-47
   4.5529175e+01   4.3451413e-47
   4.5634165e+01   4.3495981e-47
   4.5739398e+01   4.3541005e-47
   4.5844873e+01   4.3586477e-47
   4.5950592e+01   4.3632387e-47
   4.6056554e+01   4.3678728e-47
   4.6162761e+01   4.3725492e-47
   4.6269213e+01   4.3772669e-47
   4.6375910e+01   4.3820252e-47
   4.6482853e+01   4.3868233e-47
   4.6590043e+01   4.3916604e-47
   4.6697480e+01   4.3965356e-47
   4.6805165e+01   4.4014483e-47
   4.6913098e+01   4.4063977e-47
   4.7021280e+01   4.4113829e-47
   4.7129711e+01   4.4164033e-47
   4.7238393e+01   4.4214581e-47
   4.7347325e+01   4.4265466e-47
   4.7456508e+01   4.4316681e-47
   4.7565943e+01   4.4368218e-47
   4.7675631e+01   4.4420071e-47
   4.7785571e+01   4.4472232e-47
   4.7895765e+01   4.4524695e-47
   4.8006213e+01   4.4577452e-47
   4.8116916e+01   4.4630498e-47
   4.8227874e+01   4.4683826e-47
   4.8339087e+01   4.4737428e-47
   4.8450558e+01   4.4791299e-47
   4.8562285e+01   4.4845433e-47
   4.8674270e+01   4.4899822e-47
   4.8786513e+01   4.4954461e-47
   4.8899015e+01   4.5009344e-47
   4.9011777e+01   4.5064464e-47
   4.9124798e+01   4.5119816e-47
   4.9238081e+01   4.5175393e-47
   4.9351624e+01   4.5231190e-47
   4.9465429e+01   4.5287201e-47
   4.9579497e+01   4.5343421e-47
   4.9693828e+01   4.5399843e-47
   4.9808422e+01   4.5456463e-47
   4.9923280e+01   4.5513274e-47
   5.0038404e+01   4.5570272e-47
   5.0153793e+01   4.5627450e-47
   5.0269448e+01   4.5684805e-47
   5.0385370e+01   4.5742330e-47
   5.0501559e+01   4.5800020e-47
   5.0618016e+01   4.5857870e-47
   5.0734741e+01   4.5915876e-47
   5.0851736e+01   4.5974032e-47
   5.0969000e+01   4.6032334e-47
   5.1086535e+01   4.6090777e-47
   5.1204341e+01   4.6149355e-47
   5.1322419e+01   4.6208065e-47
   5.1440769e+01   4.6266901e-47
   5.1559392e+01   4.6325859e-47
   5.1678288e+01   4.6384935e-47
   5.1797458e+01   4.6444124e-47
   5.1916904e+01   4.6503422e-47
   5.2036625e+01   4.6562824e-47
   5.2156621e+01   4.6622326e-47
   5.2276895e+01   4.6681924e-47
   5.2397446e+01   4.6741614e-47
   5.2518275e+01   4.6801392e-47
   5.2639382e+01   4.6861253e-47
   5.2760769e+01   4.6921194e-47
   5.2882436e+01   4.6981210e-47
   5.3004383e+01   4.7041298e-47
   5.3126612e+01   4.7101454e-47
   5.3249122e+01   4.7161675e-47
   5.3371915e+01   4.7221955e-47
   5.3494991e+01   4.7282293e-47
   5.3618351e+01   4.7342683e-47
   5.3741995e+01   4.7403124e-47
   5.3865925e+01   4.7463610e-47
   5.3990140e+01   4.7524138e-47
   5.4114642e+01   4.7584706e-47
   5.4239430e+01   4.7645310e-47
   5.4364507e+01   4.7705946e-47
   5.4489872e+01   4.7766611e-47
   5.4615526e+01   4.7827301e-47
   5.4741470e+01   4.7888015e-47
   5.4867704e+01   4.7948748e-47
   5.4994229e+01   4.8009497e-47
   5.5121046e+01   4.8070260e-47
   5.5248156e+01   4.8131033e-47
   5.5375559e+01   4.8191813e-47
   5.5503255e+01   4.8252597e-47
   5.5631246e+01   4.8313383e-47
   5.5759532e+01   4.8374168e-47
   5.5888114e+01   4.8434949e-47
   5.6016992e+01   4.8495722e-47
   5.6146168e+01   4.8556486e-47
   5.6275642e+01   4.8617238e-47
   5.6405414e+01   4.8677974e-47
   5.6535485e+01   4.8738693e-47
   5.6665856e+01   4.8799392e-47
   5.6796528e+01   4.8860068e-47
   5.6927501e+01   4.8920718e-47
   5.7058777e+01   4.8981341e-47
   5.7190355e+01   4.9041934e-47
   5.7322236e+01   4.9102495e-47
   5.7454421e+01   4.9163021e-47
   5.7586912e+01   4.9223509e-47
   5.7719708e+01   4.9283958e-47
   5.7852810e+01   4.9344366e-47
   5.7986219e+01   4.9404729e-47
   5.8119935e+01   4.9465047e-47
   5.8253960e+01   4.9525316e-47
   5.8388294e+01   4.9585535e-47
   5.8522938e+01   4.9645702e-47
   5.8657893e+01   4.9705815e-47
   5.8793158e+01   4.9765871e-47
   5.8928736e+01   4.9825868e-47
   5.9064626e+01   4.9885806e-47
   5.9200829e+01   4.9945681e-47
   5.9337347e+01   5.0005492e-47
   5.9474179e+01   5.0065237e-47
   5.9611327e+01   5.0124914e-47
   5.9748791e+01   5.0184522e-47
   5.9886572e+01   5.0244059e-47
   6.0024671e+01   5.0303522e-47
   6.0163089e+01   5.0362911e-47
   6.0301825e+01   5.0422223e-47
   6.0440882e+01   5.0481458e-47
   6.0580259e+01   5.0540612e-47
   6.0719957e+01   5.0599686e-47
   6.0859978e+01   5.0658676e-47
   6.1000322e+01   5.0717583e-47
   6.1140989e+01   5.0776403e-47
   6.1281980e+01   5.0835136e-47
   6.1423297e+01   5.0893780e-47
   6.1564940e+01   5.0952334e-47
   6.1706909e+01   5.1010797e-47
   6.1849206e+01   5.1069166e-47
   6.1991830e+01   5.1127442e-47
   6.2134784e+01   5.1185621e-47
   6.2278067e+01   5.1243704e-47
   6.2421681e+01   5.1301688e-47
   6.2565626e+01   5.1359573e-47
   6.2709903e+01   5.1417357e-47
   6.2854512e+01   5.1475039e-47
   6.2999455e+01   5.1532618e-47
   6.3144732e+01   5.1590093e-47
   6.3290345e+01   5.1647462e-47
   6.3436293e+01   5.1704725e-47
   6.3582577e+01   5.1761880e-47
   6.3729199e+01   5.1818926e-47
   6.3876159e+01   5.1875863e-47
   6.4023458e+01   5.1932689e-47
   6.4171097e+01   5.1989403e-47
   6.4319076e+01   5.2046004e-47
   6.4467396e+01   5.2102492e-47
   6.4616058e+01   5.2158864e-47
   6.4765063e+01   5.2215122e-47
   6.4914412e+01   5.2271262e-47
   6.5064105e+01   5.2327286e-47
   6.5214144e+01   5.2383191e-47
   6.5364528e+01   5.2438976e-47
   6.5515259e+01   5.2494642e-47
   6.5666338e+01   5.2550187e-47
   6.5817765e+01   5.2605611e-47
   6.5969541e+01   5.2660912e-47
   6.6121667e+01   5.2716090e-47
   6.6274144e+01   5.2771144e-47
   6.6426973e+01   5.2826074e-47
   6.6580154e+01   5.2880878e-47
   6.6733688e+01   5.2935556e-47
   6.6887577e+01   5.2990108e-47
   6.7041820e+01   5.3044532e-47
   6.7196419e+01   5.3098829e-47
   6.7351374e+01   5.3152997e-47
   6.7506687e+01   5.3207036e-47
   6.7662358e+01   5.3260945e-47
   6.7818388e+01   5.3314724e-47
   6.7974778e+01   5.3368372e-47
   6.8131528e+01   5.3421888e-47
   6.8288640e+01   5.3475273e-47
   6.8446114e+01   5.3528525e-47
   6.8603951e+01   5.3581644e-47
   6.8762153e+01   5.3634630e-47
   6.8920719e+01   5.3687482e-47
   6.9079650e+01   5.3740200e-47
   6.9238949e+01   5.3792782e-47
   6.9398614e+01   5.3845230e-47
   6.9558648e+01   5.3897542e-47
   6.9719051e+01   5.3949718e-47
   6.9879823e+01   5.4001758e-47
   7.0040967e+01   5.4053661e-47
   7.0202482e+01   5.4105426e-47
   7.0364369e+01   5.4157055e-47
   7.0526630e+01   5.4208545e-47
   7.0689265e+01   5.4259897e-47
   7.0852275e+01   5.4311111e-47
   7.1015661e+01   5.4362187e-47
   7.1179423e+01   5.4413123e-47
   7.1343564e+01   5.4463920e-47
   7.1508083e+01   5.4514578e-47
   7.1672981e+01   5.4565095e-47
   7.1838259e+01   5.4615473e-47
   7.2003919e+01   5.4665711e-47
   7.2169960e+01   5.4715808e-47
   7.2336385e+01   5.4765765e-47
   7.2503193e+01   5.4815580e-47
   7.2670386e+01   5.4865255e-47
   7.2837964e+01   5.4914789e-47
   7.3005929e+01   5.4964181e-47
   7.3174282e+01   5.5013432e-47
   7.3343022e+01   5.5062541e-47
   7.3512152e+01   5.5111509e-47
   7.3681671e+01   5.5160334e-47
   7.3851582e+01   5.5209018e-47
   7.4021884e+01   5.5257560e-47
   7.4192579e+01   5.5305959e-47
   7.4363668e+01   5.5354217e-47
   7.4535151e+01   5.5402332e-47
   7.4707029e+01   5.5450305e-47
   7.4879304e+01   5.5498136e-47
   7.5051977e+01   5.5545824e-47
   7.5225047e+01   5.5593369e-47
   7.5398517e+01   5.5640773e-47
   7.5572386e+01   5.5688033e-47
   7.5746657e+01   5.5735152e-47
   7.5921329e+01   5.5782128e-47
   7.6096404e+01   5.5828961e-47
   7.6271883e+01   5.5875652e-47
   7.6447767e+01   5.5922201e-47
   7.6624056e+01   5.5968607e-47
   7.6800751e+01   5.6014871e-47
   7.6977855e+01   5.6060993e-47
   7.7155366e+01   5.6106972e-47
   7.7333287e+01   5.6152810e-47
   7.7511618e+01   5.6198505e-47
   7.7690361e+01   5.6244059e-47
   7.7869515e+01   5.6289470e-47
   7.8049083e+01   5.6334740e-47
   7.8229065e+01   5.6379868e-47
   7.8409461e+01   5.6424855e-47
   7.8590274e+01   5.6469700e-47
   7.8771504e+01   5.6514404e-47
   7.8953152e+01   5.6558967e-47
   7.9135218e+01   5.6603389e-47
   7.9317705e+01   5.6647670e-47
   7.9500612e+01   5.6691810e-47
   7.9683941e+01   5.6735810e-47
   7.9867693e+01   5.6779669e-47
   8.0051868e+01   5.6823388e-47
   8.0236468e+01   5.6866967e-47
   8.0421494e+01   5.6910406e-47
   8.0606947e+01   5.6953706e-47
   8.0792827e+01   5.6996866e-47
   8.0979136e+01   5.7039887e-47
   8.1165874e+01   5.7082769e-47
   8.1353044e+01   5.7125512e-47
   8.1540644e+01   5.7168116e-47
   8.1728678e+01   5.7210582e-47
   8.1917145e+01   5.7252910e-47
   8.2106046e+01   5.7295100e-47
   8.2295383e+01   5.7337152e-47
   8.2485157e+01   5.7379067e-47
   8.2675369e+01   5.7420845e-47
   8.2866019e+01   5.7462486e-47
   8.3057108e+01   5.7503990e-47
   8.3248639e+01   5.7545358e-47
   8.3440611e+01   5.7586589e-47
   8.3633025e+01   5.7627685e-47
   8.3825884e+01   5.7668646e-47
   8.4019187e+01   5.7709471e-47
   8.4212936e+01   5.7750161e-47
   8.4407131e+01   5.7790716e-47
   8.4601775e+01   5.7831137e-47
   8.4796867e+01   5.7871424e-47
   8.4992409e+01   5.7911578e-47
   8.5188403e+01   5.7951598e-47
   8.5384848e+01   5.7991484e-47
   8.5581746e+01   5.8031238e-47
   8.5779098e+01   5.8070860e-47
   8.5976905e+01   5.8110349e-47
   8.6175169e+01   5.8149706e-47
   8.6373889e+01   5.8188933e-47
   8.6573068e+01   5.8228027e-47
   8.6772706e+01   5.8266991e-47
   8.6972805e+01   5.8305825e-47
   8.7173365e+01   5.8344529e-47
   8.7374387e+01   5.8383103e-47
   8.7575873e+01   5.8421547e-47
   8.7777824e+01   5.8459863e-47
   8.7980240e+01   5.8498049e-47
   8.8183123e+01   5.8536108e-47
   8.8386474e+01   5.8574039e-47
   8.8590294e+01   5.8611842e-47
   8.8794584e+01   5.8649518e-47
   8.8999345e+01   5.8687067e-47
   8.9204578e+01   5.8724490e-47
   8.9410285e+01   5.8761787e-47
   8.9616465e+01   5.8798958e-47
   8.9823122e+01   5.8836004e-47
   9.0030254e+01   5.8872925e-47
   9.0237865e+01   5.8909722e-47
   9.0445954e+01   5.8946395e-47
   9.0654523e+01   5.8982944e-47
   9.0863573e+01   5.9019371e-47
   9.1073105e+01   5.9055674e-47
   9.1283120e+01   5.9091855e-47
   9.1493620e+01   5.9127914e-47
   9.1704605e+01   5.9163852e-47
   9.1916077e+01   5.9199668e-47
   9.2128036e+01   5.9235364e-47
   9.2340484e+01   5.9270939e-47
   9.2553422e+01   5.9306395e-47
   9.2766850e+01   5.9341731e-47
   9.2980771e+01   5.9376949e-47
   9.3195186e+01   5.9412048e-47
   9.3410095e+01   5.9447029e-47
   9.3625499e+01   5.9481892e-47
   9.3841400e+01   5.9516638e-47
   9.4057799e+01   5.9551267e-47
   9.4274697e+01   5.9585780e-47
   9.4492095e+01   5.9620177e-47
   9.4709995e+01   5.9654459e-47
   9.4928397e+01   5.9688626e-47
   9.5147302e+01   5.9722678e-47
   9.5366713e+01   5.9756616e-47
   9.5586629e+01   5.9790441e-47
   9.5807053e+01   5.9824152e-47
   9.6027984e+01   5.9857751e-47
   9.6249426e+01   5.9891238e-47
   9.6471378e+01   5.9924613e-47
   9.6693841e+01   5.9957877e-47
   9.6916818e+01   5.9991030e-47
   9.7140309e+01   6.0024072e-47
   9.7364315e+01   6.0057005e-47
   9.7588838e+01   6.0089829e-47
   9.7813879e+01   6.0122543e-47
   9.8039438e+01   6.0155149e-47
   9.8265518e+01   6.0187648e-47
   9.8492119e+01   6.0220038e-47
   9.8719243e+01   6.0252322e-47
   9.8946890e+01   6.0284500e-47
   9.9175062e+01   6.0316571e-47
   9.9403761e+01   6.0348537e-47
   9.9632987e+01   6.0380397e-47
   9.9862741e+01   6.0412154e-47
   1.0009303e+02   6.0443806e-47
   1.0032384e+02   6.0475354e-47
   1.0055519e+02   6.0506800e-47
   1.0078707e+02   6.0538143e-47
   1.0101948e+02   6.0569384e-47
   1.0125244e+02   6.0600523e-47
   1.0148593e+02   6.0631561e-47
   1.0171995e+02   6.0662499e-47
   1.0195452e+02   6.0693336e-47
   1.0218963e+02   6.0724074e-47
   1.0242528e+02   6.0754713e-47
   1.0266147e+02   6.0785253e-47
   1.0289821e+02   6.0815695e-47
   1.0313549e+02   6.0846040e-47
   1.0337332e+02   6.0876287e-47
   1.0361170e+02   6.0906438e-47
   1.0385063e+02   6.0936493e-47
   1.0409011e+02   6.0966452e-47
   1.0433015e+02   6.0996317e-47
   1.0457073e+02   6.1026086e-47
   1.0481187e+02   6.1055762e-47
   1.0505357e+02   6.1085344e-47
   1.0529582e+02   6.1114833e-47
   1.0553864e+02   6.1144230e-47
   1.0578201e+02   6.1173535e-47
   1.0602594e+02   6.1202748e-47
   1.0627044e+02   6.1231870e-47
   1.0651550e+02   6.1260902e-47
   1.0676113e+02   6.1289844e-47
   1.0700732e+02   6.1318696e-47
   1.0725408e+02   6.1347459e-47
   1.0750141e+02   6.1376135e-47
   1.0774931e+02   6.1404722e-47
   1.0799778e+02   6.1433222e-47
   1.0824682e+02   6.1461635e-47
   1.0849644e+02   6.1489962e-47
   1.0874663e+02   6.1518203e-47
   1.0899740e+02   6.1546359e-47
   1.0924875e+02   6.1574430e-47
   1.0950068e+02   6.1602417e-47
   1.0975319e+02   6.1630320e-47
   1.1000628e+02   6.1658140e-47
   1.1025996e+02   6.1685878e-47
   1.1051422e+02   6.1713533e-47
   1.1076906e+02   6.1741107e-47
   1.1102450e+02   6.1768599e-47
   1.1128052e+02   6.1796011e-47
   1.1153714e+02   6.1823343e-47
   1.1179434e+02   6.1850596e-47
   1.1205214e+02   6.1877770e-47
   1.1231053e+02   6.1904865e-47
   1.1256952e+02   6.1931882e-47
   1.1282911e+02   6.1958822e-47
   1.1308929e+02   6.1985685e-47
   1.1335008e+02   6.2012472e-47
   1.1361146e+02   6.2039183e-47
   1.1387345e+02   6.2065818e-47
   1.1413605e+02   6.2092379e-47
   1.1439924e+02   6.2118866e-47
   1.1466305e+02   6.2145279e-47
   1.1492746e+02   6.2171619e-47
   1.1519249e+02   6.2197886e-47
   1.1545812e+02   6.2224081e-47
   1.1572437e+02   6.2250205e-47
   1.1599123e+02   6.2276258e-47
   1.1625871e+02   6.2302240e-47
   1.1652680e+02   6.2328152e-47
   1.1679551e+02   6.2353995e-47
   1.1706484e+02   6.2379768e-47
   1.1733480e+02   6.2405474e-47
   1.1760537e+02   6.2431111e-47
   1.1787657e+02   6.2456682e-47
   1.1814839e+02   6.2482185e-47
   1.1842085e+02   6.2507623e-47
   1.1869392e+02   6.2532994e-47
   1.1896763e+02   6.2558301e-47
   1.1924197e+02   6.2583543e-47
   1.1951695e+02   6.2608720e-47
   1.1979255e+02   6.2633834e-47
   1.2006880e+02   6.2658885e-47
   1.2034568e+02   6.2683874e-47
   1.2062319e+02   6.2708801e-47
   1.2090135e+02   6.2733666e-47
   1.2118015e+02   6.2758470e-47
   1.2145959e+02   6.2783214e-47
   1.2173968e+02   6.2807898e-47
   1.2202041e+02   6.2832523e-47
   1.2230179e+02   6.2857089e-47
   1.2258382e+02   6.2881597e-47
   1.2286650e+02   6.2906047e-47
   1.2314983e+02   6.2930440e-47
   1.2343382e+02   6.2954776e-47
   1.2371846e+02   6.2979056e-47
   1.2400375e+02   6.3003281e-47
   1.2428971e+02   6.3027451e-47
   1.2457632e+02   6.3051566e-47
   1.2486359e+02   6.3075627e-47
   1.2515153e+02   6.3099635e-47
   1.2544013e+02   6.3123590e-47
   1.2572940e+02   6.3147492e-47
   1.2601933e+02   6.3171343e-47
   1.2630993e+02   6.3195143e-47
   1.2660120e+02   6.3218891e-47
   1.2689314e+02   6.3242590e-47
   1.2718576e+02   6.3266239e-47
   1.2747905e+02   6.3289839e-47
   1.2777302e+02   6.3313390e-47
   1.2806767e+02   6.3336893e-47
   1.2836299e+02   6.3360348e-47
   1.2865900e+02   6.3383757e-47
   1.2895569e+02   6.3407119e-47
   1.2925306e+02   6.3430435e-47
   1.2955112e+02   6.3453706e-47
   1.2984986e+02   6.3476932e-47
   1.3014930e+02   6.3500113e-47
   1.3044942e+02   6.3523251e-47
   1.3075024e+02   6.3546346e-47
   1.3105175e+02   6.3569398e-47
   1.3135396e+02   6.3592407e-47
   1.3165686e+02   6.3615375e-47
   1.3196046e+02   6.3638302e-47
   1.3226476e+02   6.3661189e-47
   1.3256977e+02   6.3684035e-47
   1.3287547e+02   6.3706842e-47
   1.3318189e+02   6.3729610e-47
   1.3348901e+02   6.3752339e-47
   1.3379683e+02   6.3775031e-47
   1.3410537e+02   6.3797685e-47
   1.3441462e+02   6.3820303e-47
   1.3472458e+02   6.3842884e-47
   1.3503525e+02   6.3865429e-47
   1.3534665e+02   6.3887939e-47
   1.3565876e+02   6.3910415e-47
   1.3597159e+02   6.3932856e-47
   1.3628514e+02   6.3955264e-47
   1.3659941e+02   6.3977639e-47
   1.3691441e+02   6.3999981e-47
   1.3723014e+02   6.4022291e-47
   1.3754659e+02   6.4044570e-47
   1.3786377e+02   6.4066817e-47
   1.3818169e+02   6.4089035e-47
   1.3850034e+02   6.4111222e-47
   1.3881972e+02   6.4133380e-47
   1.3913984e+02   6.4155510e-47
   1.3946070e+02   6.4177611e-47
   1.3978229e+02   6.4199684e-47
   1.4010463e+02   6.4221731e-47
   1.4042772e+02   6.4243750e-47
   1.4075154e+02   6.4265744e-47
   1.4107612e+02   6.4287712e-47
   1.4140144e+02   6.4309655e-47
   1.4172751e+02   6.4331573e-47
   1.4205434e+02   6.4353468e-47
   1.4238192e+02   6.4375339e-47
   1.4271025e+02   6.4397187e-47
   1.4303934e+02   6.4419013e-47
   1.4336919e+02   6.4440817e-47
   1.4369980e+02   6.4462600e-47
   1.4403117e+02   6.4484362e-47
   1.4436331e+02   6.4506104e-47
   1.4469621e+02   6.4527826e-47
   1.4502988e+02   6.4549529e-47
   1.4536432e+02   6.4571214e-47
   1.4569954e+02   6.4592880e-47
   1.4603552e+02   6.4614529e-47
   1.4637228e+02   6.4636161e-47
   1.4670981e+02   6.4657777e-47
   1.4704813e+02   6.4679376e-47
   1.4738722e+02   6.4700961e-47
   1.4772710e+02   6.4722530e-47
   1.4806776e+02   6.4744085e-47
   1.4840920e+02   6.4765627e-47
   1.4875144e+02   6.4787155e-47
   1.4909446e+02   6.4808671e-47
   1.4943827e+02   6.4830174e-47
   1.4978288e+02   6.4851666e-47
   1.5012828e+02   6.4873147e-47
   1.5047447e+02   6.4894617e-47
   1.5082147e+02   6.4916077e-47
   1.5116927e+02   6.4937528e-47
   1.5151786e+02   6.4958970e-47
   1.5186726e+02   6.4980404e-47
   1.5221747e+02   6.5001830e-47
   1.5256849e+02   6.5023248e-47
   1.5292031e+02   6.5044660e-47
   1.5327295e+02   6.5066066e-47
   1.5362639e+02   6.5087466e-47
   1.5398066e+02   6.5108860e-47
   1.5433574e+02   6.5130251e-47
   1.5469164e+02   6.5151637e-47
   1.5504836e+02   6.5173020e-47
   1.5540590e+02   6.5194400e-47
   1.5576427e+02   6.5215777e-47
   1.5612346e+02   6.5237153e-47
   1.5648348e+02   6.5258527e-47
   1.5684434e+02   6.5279901e-47
   1.5720602e+02   6.5301274e-47
   1.5756854e+02   6.5322648e-47
   1.5793189e+02   6.5344022e-47
   1.5829608e+02   6.5365398e-47
   1.5866112e+02   6.5386776e-47
   1.5902699e+02   6.5408156e-47
   1.5939371e+02   6.5429540e-47
   1.5976127e+02   6.5450927e-47
   1.6012968e+02   6.5472318e-47
   1.6049894e+02   6.5493714e-47
   1.6086905e+02   6.5515115e-47
   1.6124002e+02   6.5536522e-47
   1.6161184e+02   6.5557935e-47
   1.6198452e+02   6.5579355e-47
   1.6235805e+02   6.5600782e-47
   1.6273245e+02   6.5622217e-47
   1.6310772e+02   6.5643661e-47
   1.6348384e+02   6.5665114e-47
   1.6386084e+02   6.5686577e-47
   1.6423870e+02   6.5708050e-47
   1.6461744e+02   6.5729533e-47
   1.6499705e+02   6.5751028e-47
   1.6537753e+02   6.5772534e-47
   1.6575889e+02   6.5794053e-47
   1.6614114e+02   6.5815585e-47
   1.6652426e+02   6.5837130e-47
   1.6690826e+02   6.5858689e-47
   1.6729316e+02   6.5880263e-47
   1.6767894e+02   6.5901852e-47
   1.6806560e+02   6.5923457e-47
   1.6845316e+02   6.5945078e-47
   1.6884162e+02   6.5966716e-47
   1.6923097e+02   6.5988371e-47
   1.6962122e+02   6.6010044e-47
   1.7001236e+02   6.6031735e-47
   1.7040441e+02   6.6053446e-47
   1.7079737e+02   6.6075176e-47
   1.7119123e+02   6.6096926e-47
   1.7158600e+02   6.6118697e-47
   1.7198168e+02   6.6140489e-47
   1.7237827e+02   6.6162303e-47
   1.7277577e+02   6.6184139e-47
   1.7317419e+02   6.6205999e-47
   1.7357354e+02   6.6227881e-47
   1.7397380e+02   6.6249788e-47
   1.7437498e+02   6.6271720e-47
   1.7477709e+02   6.6293676e-47
   1.7518013e+02   6.6315659e-47
   1.7558410e+02   6.6337667e-47
   1.7598899e+02   6.6359703e-47
   1.7639483e+02   6.6381766e-47
   1.7680159e+02   6.6403857e-47
   1.7720930e+02   6.6425977e-47
   1.7761795e+02   6.6448126e-47
   1.7802753e+02   6.6470304e-47
   1.7843807e+02   6.6492513e-47
   1.7884955e+02   6.6514753e-47
   1.7926198e+02   6.6537024e-47
   1.7967535e+02   6.6559327e-47
   1.8008969e+02   6.6581663e-47
   1.8050498e+02   6.6604032e-47
   1.8092122e+02   6.6626434e-47
   1.8133843e+02   6.6648871e-47
   1.8175659e+02   6.6671343e-47
   1.8217573e+02   6.6693850e-47
   1.8259583e+02   6.6716394e-47
   1.8301689e+02   6.6738973e-47
   1.8343893e+02   6.6761591e-47
   1.8386194e+02   6.6784245e-47
   1.8428593e+02   6.6806939e-47
   1.8471089e+02   6.6829671e-47
   1.8513684e+02   6.6852442e-47
   1.8556377e+02   6.6875254e-47
   1.8599168e+02   6.6898106e-47
   1.8642058e+02   6.6921000e-47
   1.8685046e+02   6.6943936e-47
   1.8728134e+02   6.6966914e-47
   1.8771321e+02   6.6989935e-47
   1.8814608e+02   6.7012999e-47
   1.8857995e+02   6.7036108e-47
   1.8901482e+02   6.7059261e-47
   1.8945068e+02   6.7082460e-47
   1.8988756e+02   6.7105705e-47
   1.9032544e+02   6.7128997e-47
   1.9076433e+02   6.7152335e-47
   1.9120424e+02   6.7175722e-47
   1.9164516e+02   6.7199157e-47
   1.9208709e+02   6.7222640e-47
   1.9253005e+02   6.7246174e-47
   1.9297402e+02   6.7269757e-47
   1.9341902e+02   6.7293391e-47
   1.9386505e+02   6.7317077e-47
   1.9431210e+02   6.7340814e-47
   1.9476019e+02   6.7364604e-47
   1.9520930e+02   6.7388447e-47
   1.9565946e+02   6.7412344e-47
   1.9611065e+02   6.7436296e-47
   1.9656288e+02   6.7460302e-47
   1.9701616e+02   6.7484364e-47
   1.9747048e+02   6.7508482e-47
   1.9792585e+02   6.7532657e-47
   1.9838227e+02   6.7556889e-47
   1.9883974e+02   6.7581179e-47
   1.9929826e+02   6.7605528e-47
   1.9975785e+02   6.7629937e-47
   2.0021849e+02   6.7654405e-47
   2.0068020e+02   6.7678933e-47
   2.0114297e+02   6.7703523e-47
   2.0160680e+02   6.7728175e-47
   2.0207171e+02   6.7752889e-47
   2.0253769e+02   6.7777665e-47
   2.0300474e+02   6.7802506e-47
   2.0347287e+02   6.7827411e-47
   2.0394208e+02   6.7852380e-47
   2.0441237e+02   6.7877415e-47
   2.0488375e+02   6.7902517e-47
   2.0535621e+02   6.7927685e-47
   2.0582977e+02   6.7952920e-47
   2.0630441e+02   6.7978223e-47
   2.0678015e+02   6.8003595e-47
   2.0725699e+02   6.8029037e-47
   2.0773492e+02   6.8054548e-47
   2.0821396e+02   6.8080130e-47
   2.0869411e+02   6.8105783e-47
   2.0917536e+02   6.8131508e-47
   2.0965772e+02   6.8157306e-47
   2.1014119e+02   6.8183176e-47
   2.1062578e+02   6.8209121e-47
   2.1111148e+02   6.8235139e-47
   2.1159831e+02   6.8261233e-47
   2.1208625e+02   6.8287403e-47
   2.1257533e+02   6.8313649e-47
   2.1306553e+02   6.8339972e-47
   2.1355686e+02   6.8366373e-47
   2.1404932e+02   6.8392853e-47
   2.1454292e+02   6.8419411e-47
   2.1503766e+02   6.8446049e-47
   2.1553354e+02   6.8472767e-47
   2.1603056e+02   6.8499566e-47
   2.1652873e+02   6.8526447e-47
   2.1702804e+02   6.8553411e-47
   2.1752851e+02   6.8580457e-47
   2.1803013e+02   6.8607587e-47
   2.1853291e+02   6.8634802e-47
   2.1903685e+02   6.8662101e-47
   2.1954195e+02   6.8689486e-47
   2.2004822e+02   6.8716958e-47
   2.2055565e+02   6.8744517e-47
   2.2106425e+02   6.8772163e-47
   2.2157403e+02   6.8799898e-47
   2.2208498e+02   6.8827722e-47
   2.2259711e+02   6.8855635e-47
   2.2311042e+02   6.8883640e-47
   2.2362491e+02   6.8911735e-47
   2.2414060e+02   6.8939922e-47
   2.2465747e+02   6.8968202e-47
   2.2517553e+02   6.8996575e-47
   2.2569478e+02   6.9025043e-47
   2.2621524e+02   6.9053604e-47
   2.2673689e+02   6.9082261e-47
   2.2725975e+02   6.9111015e-47
   2.2778381e+02   6.9139865e-47
   2.2830908e+02   6.9168812e-47
   2.2883556e+02   6.9197858e-47
   2.2936326e+02   6.9227002e-47
   2.2989217e+02   6.9256246e-47
   2.3042231e+02   6.9285591e-47
   2.3095366e+02   6.9315036e-47
   2.3148624e+02   6.9344583e-47
   2.3202005e+02   6.9374233e-47
   2.3255509e+02   6.9403986e-47
   2.3309137e+02   6.9433843e-47
   2.3362888e+02   6.9463804e-47
   2.3416763e+02   6.9493871e-47
   2.3470762e+02   6.9524044e-47
   2.3524886e+02   6.9554324e-47
   2.3579134e+02   6.9584712e-47
   2.3633508e+02   6.9615207e-47
   2.3688007e+02   6.9645812e-47
   2.3742632e+02   6.9676527e-47
   2.3797382e+02   6.9707352e-47
   2.3852259e+02   6.9738289e-47
   2.3907263e+02   6.9769337e-47
   2.3962393e+02   6.9800499e-47
   2.4017651e+02   6.9831774e-47
   2.4073036e+02   6.9863163e-47
   2.4128548e+02   6.9894667e-47
   2.4184189e+02   6.9926287e-47
   2.4239958e+02   6.9958024e-47
   2.4295855e+02   6.9989878e-47
   2.4351882e+02   7.0021850e-47
   2.4408037e+02   7.0053941e-47
   2.4464322e+02   7.0086152e-47
   2.4520737e+02   7.0118483e-47
   2.4577282e+02   7.0150936e-47
   2.4633958e+02   7.0183510e-47
   2.4690764e+02   7.0216207e-47
   2.4747701e+02   7.0249028e-47
   2.4804769e+02   7.0281973e-47
   2.4861969e+02   7.0315043e-47
   2.4919301e+02   7.0348239e-47
   2.4976765e+02   7.0381562e-47
   2.5034362e+02   7.0415013e-47
   2.5092091e+02   7.0448591e-47
   2.5149954e+02   7.0482299e-47
   2.5207950e+02   7.0516137e-47
   2.5266080e+02   7.0550106e-47
   2.5324343e+02   7.0584206e-47
   2.5382742e+02   7.0618438e-47
   2.5441274e+02   7.0652804e-47
   2.5499942e+02   7.0687303e-47
   2.5558745e+02   7.0721938e-47
   2.5617684e+02   7.0756708e-47
   2.5676758e+02   7.0791615e-47
   2.5735969e+02   7.0826658e-47
   2.5795317e+02   7.0861840e-47
   2.5854801e+02   7.0897161e-47
   2.5914422e+02   7.0932622e-47
   2.5974181e+02   7.0968223e-47
   2.6034078e+02   7.1003966e-47
   2.6094112e+02   7.1039851e-47
   2.6154286e+02   7.1075880e-47
   2.6214598e+02   7.1112052e-47
   2.6275049e+02   7.1148369e-47
   2.6335639e+02   7.1184832e-47
   2.6396369e+02   7.1221442e-47
   2.6457240e+02   7.1258199e-47
   2.6518250e+02   7.1295105e-47
   2.6579401e+02   7.1332159e-47
   2.6640694e+02   7.1369364e-47
   2.6702127e+02   7.1406720e-47
   2.6763703e+02   7.1444227e-47
   2.6825420e+02   7.1481887e-47
   2.6887280e+02   7.1519701e-47
   2.6949282e+02   7.1557669e-47
   2.7011427e+02   7.1595793e-47
   2.7073716e+02   7.1634073e-47
   2.7136148e+02   7.1672510e-47
   2.7198724e+02   7.1711105e-47
   2.7261444e+02   7.1749859e-47
   2.7324310e+02   7.1788773e-47
   2.7387320e+02   7.1827848e-47
   2.7450475e+02   7.1867085e-47
   2.7513776e+02   7.1906484e-47
   2.7577223e+02   7.1946047e-47
   2.7640816e+02   7.1985774e-47
   2.7704556e+02   7.2025666e-47
   2.7768443e+02   7.2065725e-47
   2.7832477e+02   7.2105951e-47
   2.7896659e+02   7.2146346e-47
   2.7960989e+02   7.2186909e-47
   2.8025467e+02   7.2227643e-47
   2.8090094e+02   7.2268547e-47
   2.8154870e+02   7.2309624e-47
   2.8219796e+02   7.2350874e-47
   2.8284871e+02   7.2392297e-47
   2.8350096e+02   7.2433895e-47
   2.8415471e+02   7.2475669e-47
   2.8480998e+02   7.2517620e-47
   2.8546675e+02   7.2559749e-47
   2.8612504e+02   7.2602056e-47
   2.8678485e+02   7.2644543e-47
   2.8744617e+02   7.2687211e-47
   2.8810903e+02   7.2730061e-47
   2.8877341e+02   7.2773093e-47
   2.8943932e+02   7.2816308e-47
   2.9010677e+02   7.2859709e-47
   2.9077576e+02   7.2903295e-47
   2.9144629e+02   7.2947068e-47
   2.9211837e+02   7.2991029e-47
   2.9279200e+02   7.3035178e-47
   2.9346718e+02   7.3079517e-47
   2.9414391e+02   7.3124046e-47
   2.9482221e+02   7.3168768e-47
   2.9550207e+02   7.3213682e-47
   2.9618350e+02   7.3258790e-47
   2.9686651e+02   7.3304093e-47
   2.9755108e+02   7.3349592e-47
   2.9823724e+02   7.3395288e-47
   2.9892498e+02   7.3441182e-47
   2.9961430e+02   7.3487275e-47
   3.0030521e+02   7.3533568e-47
   3.0099772e+02   7.3580062e-47
   3.0169182e+02   7.3626758e-47
   3.0238752e+02   7.3673658e-47
   3.0308483e+02   7.3720762e-47
   3.0378375e+02   7.3768072e-47
   3.0448428e+02   7.3815588e-47
   3.0518642e+02   7.3863311e-47
   3.0589018e+02   7.3911244e-47
   3.0659557e+02   7.3959386e-47
   3.0730258e+02   7.4007739e-47
   3.0801122e+02   7.4056305e-47
   3.0872150e+02   7.4105083e-47
   3.0943341e+02   7.4154075e-47
   3.1014697e+02   7.4203283e-47
   3.1086217e+02   7.4252708e-47
   3.1157902e+02   7.4302350e-47
   3.1229752e+02   7.4352211e-47
   3.1301768e+02   7.4402291e-47
   3.1373950e+02   7.4452593e-47
   3.1446299e+02   7.4503117e-47
   3.1518814e+02   7.4553864e-47
   3.1591497e+02   7.4604835e-47
   3.1664347e+02   7.4656032e-47
   3.1737365e+02   7.4707456e-47
   3.1810552e+02   7.4759108e-47
   3.1883907e+02   7.4810989e-47
   3.1957432e+02   7.4863100e-47
   3.2031126e+02   7.4915443e-47
   3.2104990e+02   7.4968019e-47
   3.2179024e+02   7.5020828e-47
   3.2253229e+02   7.5073872e-47
   3.2327606e+02   7.5127153e-47
   3.2402153e+02   7.5180671e-47
   3.2476873e+02   7.5234427e-47
   3.2551765e+02   7.5288424e-47
   3.2626829e+02   7.5342661e-47
   3.2702067e+02   7.5397141e-47
   3.2777478e+02   7.5451865e-47
   3.2853063e+02   7.5506833e-47
   3.2928823e+02   7.5562047e-47
   3.3004757e+02   7.5617509e-47
   3.3080866e+02   7.5673219e-47
   3.3157151e+02   7.5729179e-47
   3.3233612e+02   7.5785390e-47
   3.3310249e+02   7.5841853e-47
   3.3387062e+02   7.5898570e-47
   3.3464053e+02   7.5955542e-47
   3.3541221e+02   7.6012770e-47
   3.3618568e+02   7.6070255e-47
   3.3696092e+02   7.6127999e-47
   3.3773796e+02   7.6186003e-47
   3.3851679e+02   7.6244268e-47
   3.3929741e+02   7.6302796e-47
   3.4007983e+02   7.6361588e-47
   3.4086406e+02   7.6420645e-47
   3.4165009e+02   7.6479968e-47
   3.4243794e+02   7.6539560e-47
   3.4322760e+02   7.6599421e-47
   3.4401909e+02   7.6659552e-47
   3.4481240e+02   7.6719956e-47
   3.4560754e+02   7.6780633e-47
   3.4640451e+02   7.6841584e-47
   3.4720333e+02   7.6902811e-47
   3.4800398e+02   7.6964316e-47
   3.4880648e+02   7.7026100e-47
   3.4961083e+02   7.7088163e-47
   3.5041703e+02   7.7150509e-47
   3.5122510e+02   7.7213137e-47
   3.5203503e+02   7.7276049e-47
   3.5284682e+02   7.7339247e-47
   3.5366049e+02   7.7402733e-47
   3.5447603e+02   7.7466507e-47
   3.5529346e+02   7.7530571e-47
   3.5611277e+02   7.7594926e-47
   3.5693397e+02   7.7659574e-47
   3.5775706e+02   7.7724517e-47
   3.5858205e+02   7.7789755e-47
   3.5940894e+02   7.7855291e-47
   3.6023774e+02   7.7921125e-47
   3.6106845e+02   7.7987259e-47
   3.6190108e+02   7.8053695e-47
   3.6273563e+02   7.8120434e-47
   3.6357210e+02   7.8187478e-47
   3.6441050e+02   7.8254827e-47
   3.6525083e+02   7.8322484e-47
   3.6609310e+02   7.8390451e-47
   3.6693731e+02   7.8458727e-47
   3.6778347e+02   7.8527316e-47
   3.6863159e+02   7.8596219e-47
   3.6948165e+02   7.8665437e-47
   3.7033368e+02   7.8734971e-47
   3.7118767e+02   7.8804824e-47
   3.7204364e+02   7.8874996e-47
   3.7290157e+02   7.8945490e-47
   3.7376148e+02   7.9016307e-47
   3.7462338e+02   7.9087448e-47
   3.7548727e+02   7.9158915e-47
   3.7635314e+02   7.9230710e-47
   3.7722102e+02   7.9302835e-47
   3.7809089e+02   7.9375290e-47
   3.7896277e+02   7.9448077e-47
   3.7983666e+02   7.9521199e-47
   3.8071257e+02   7.9594656e-47
   3.8159049e+02   7.9668451e-47
   3.8247044e+02   7.9742585e-47
   3.8335242e+02   7.9817059e-47
   3.8423644e+02   7.9891875e-47
   3.8512249e+02   7.9967036e-47
   3.8601059e+02   8.0042542e-47
   3.8690073e+02   8.0118395e-47
   3.8779292e+02   8.0194598e-47
   3.8868718e+02   8.0271150e-47
   3.8958349e+02   8.0348056e-47
   3.9048188e+02   8.0425315e-47
   3.9138233e+02   8.0502930e-47
   3.9228486e+02   8.0580903e-47
   3.9318947e+02   8.0659235e-47
   3.9409617e+02   8.0737927e-47
   3.9500496e+02   8.0816983e-47
   3.9591584e+02   8.0896403e-47
   3.9682883e+02   8.0976189e-47
   3.9774392e+02   8.1056343e-47
   3.9866112e+02   8.1136867e-47
   3.9958044e+02   8.1217763e-47
   4.0050187e+02   8.1299031e-47
   4.0142543e+02   8.1380676e-47
   4.0235112e+02   8.1462697e-47
   4.0327895e+02   8.1545096e-47
   4.0420891e+02   8.1627877e-47
   4.0514102e+02   8.1711040e-47
   4.0607528e+02   8.1794587e-47
   4.0701169e+02   8.1878521e-47
   4.0795026e+02   8.1962843e-47
   4.0889100e+02   8.2047554e-47
   4.0983390e+02   8.2132658e-47
   4.1077898e+02   8.2218155e-47
   4.1172624e+02   8.2304049e-47
   4.1267569e+02   8.2390339e-47
   4.1362732e+02   8.2477030e-47
   4.1458115e+02   8.2564122e-47
   4.1553718e+02   8.2651617e-47
   4.1649541e+02   8.2739518e-47
   4.1745585e+02   8.2827826e-47
   4.1841851e+02   8.2916544e-47
   4.1938338e+02   8.3005674e-47
   4.2035048e+02   8.3095217e-47
   4.2131982e+02   8.3185176e-47
   4.2229138e+02   8.3275552e-47
   4.2326519e+02   8.3366348e-47
   4.2424124e+02   8.3457566e-47
   4.2521955e+02   8.3549208e-47
   4.2620010e+02   8.3641277e-47
   4.2718293e+02   8.3733773e-47
   4.2816801e+02   8.3826700e-47
   4.2915537e+02   8.3920061e-47
   4.3014501e+02   8.4013856e-47
   4.3113692e+02   8.4108088e-47
   4.3213113e+02   8.4202760e-47
   4.3312763e+02   8.4297875e-47
   4.3412642e+02   8.4393433e-47
   4.3512752e+02   8.4489439e-47
   4.3613093e+02   8.4585894e-47
   4.3713665e+02   8.4682801e-47
   4.3814469e+02   8.4780163e-47
   4.3915506e+02   8.4877982e-47
   4.4016775e+02   8.4976261e-47
   4.4118278e+02   8.5075004e-47
   4.4220015e+02   8.5174212e-47
   4.4321987e+02   8.5273890e-47
   4.4424194e+02   8.5374040e-47
   4.4526636e+02   8.5474667e-47
   4.4629315e+02   8.5575773e-47
   4.4732231e+02   8.5677362e-47
   4.4835383e+02   8.5779440e-47
   4.4938774e+02   8.5882010e-47
   4.5042403e+02   8.5985078e-47
   4.5146271e+02   8.6088649e-47
   4.5250379e+02   8.6192730e-47
   4.5354727e+02   8.6297327e-47
   4.5459315e+02   8.6402448e-47
   4.5564145e+02   8.6508104e-47
   4.5669216e+02   8.6614305e-47
   4.5774529e+02   8.6721064e-47
   4.5880086e+02   8.6828397e-47
   4.5985886e+02   8.6936323e-47
   4.6091930e+02   8.7044867e-47
   4.6198218e+02   8.7154061e-47
   4.6304751e+02   8.7263943e-47
   4.6411530e+02   8.7374567e-47
   4.6518556e+02   8.7486006e-47
   4.6625828e+02   8.7598357e-47
   4.6733347e+02   8.7711763e-47
   4.6841115e+02   8.7826429e-47
   4.6949131e+02   8.7942668e-47
   4.7057396e+02   8.8060974e-47
   4.7165911e+02   8.8182167e-47
   4.7274676e+02   8.8307687e-47
   4.7383691e+02   8.8440270e-47
   4.7492958e+02   8.8585648e-47
   4.7602478e+02   8.8757585e-47
   4.7712249e+02   8.8996519e-47
   4.7822274e+02   8.9468638e-47
   4.7932553e+02   9.1579063e-47
   4.8043085e+02   1.7270543e-45
   4.8153873e+02   9.1389261e-47
   4.8264916e+02   8.9864924e-47
   4.8376216e+02   8.9668991e-47
   4.8487772e+02   8.9677156e-47
   4.8599585e+02   8.9745449e-47
   4.8711656e+02   8.9837859e-47
   4.8823985e+02   8.9941972e-47
   4.8936574e+02   9.0052585e-47
   4.9049422e+02   9.0167213e-47
   4.9162530e+02   9.0284546e-47
   4.9275899e+02   9.0403843e-47
   4.9389530e+02   9.0524661e-47
   4.9503423e+02   9.0646719e-47
   4.9617578e+02   9.0769836e-47
   4.9731996e+02   9.0893889e-47
   4.9846679e+02   9.1018795e-47
   4.9961626e+02   9.1144495e-47
   5.0076837e+02   9.1270944e-47
   5.0192315e+02   9.1398114e-47
   5.0308059e+02   9.1525980e-47
   5.0424070e+02   9.1654527e-47
   5.0540348e+02   9.1783742e-47
   5.0656894e+02   9.1913617e-47
   5.0773710e+02   9.2044144e-47
   5.0890794e+02   9.2175319e-47
   5.1008149e+02   9.2307139e-47
   5.1125774e+02   9.2439602e-47
   5.1243670e+02   9.2572705e-47
   5.1361839e+02   9.2706450e-47
   5.1480279e+02   9.2840836e-47
   5.1598993e+02   9.2975862e-47
   5.1717981e+02   9.3111532e-47
   5.1837243e+02   9.3247845e-47
   5.1956780e+02   9.3384803e-47
   5.2076593e+02   9.3522407e-47
   5.2196682e+02   9.3660661e-47
   5.2317048e+02   9.3799565e-47
   5.2437691e+02   9.3939122e-47
   5.2558613e+02   9.4079335e-47
   5.2679814e+02   9.4220205e-47
   5.2801294e+02   9.4361735e-47
   5.2923054e+02   9.4503928e-47
   5.3045095e+02   9.4646787e-47
   5.3167417e+02   9.4790314e-47
   5.3290022e+02   9.4934511e-47
   5.3412909e+02   9.5079383e-47
   5.3536079e+02   9.5224931e-47
   5.3659534e+02   9.5371158e-47
   5.3783273e+02   9.5518068e-47
   5.3907298e+02   9.5665663e-47
   5.4031609e+02   9.5813947e-47
   5.4156206e+02   9.5962923e-47
   5.4281090e+02   9.6112592e-47
   5.4406263e+02   9.6262960e-47
   5.4531724e+02   9.6414028e-47
   5.4657475e+02   9.6565800e-47
   5.4783515e+02   9.6718280e-47
   5.4909847e+02   9.6871469e-47
   5.5036469e+02   9.7025372e-47
   5.5163384e+02   9.7179992e-47
   5.5290591e+02   9.7335332e-47
   5.5418091e+02   9.7491395e-47
   5.5545886e+02   9.7648185e-47
   5.5673975e+02   9.7805705e-47
   5.5802360e+02   9.7963958e-47
   5.5931040e+02   9.8122948e-47
   5.6060018e+02   9.8282678e-47
   5.6189293e+02   9.8443151e-47
   5.6318866e+02   9.8604371e-47
   5.6448737e+02   9.8766341e-47
   5.6578909e+02   9.8929065e-47
   5.6709380e+02   9.9092546e-47
   5.6840152e+02   9.9256788e-47
   5.6971226e+02   9.9421795e-47
   5.7102602e+02   9.9587568e-47
   5.7234281e+02   9.9754114e-47
   5.7366264e+02   9.9921434e-47
   5.7498551e+02   1.0008953e-46
   5.7631143e+02   1.0025841e-46
   5.7764041e+02   1.0042808e-46
   5.7897245e+02   1.0059853e-46
   5.8030757e+02   1.0076978e-46
   5.8164576e+02   1.0094183e-46
   5.8298704e+02   1.0111467e-46
   5.8433141e+02   1.0128832e-46
   5.8567889e+02   1.0146278e-46
   5.8702947e+02   1.0163805e-46
   5.8838316e+02   1.0181413e-46
   5.8973998e+02   1.0199103e-46
   5.9109992e+02   1.0216876e-46
   5.9246300e+02   1.0234731e-46
   5.9382923e+02   1.0252669e-46
   5.9519860e+02   1.0270690e-46
   5.9657113e+02   1.0288796e-46
   5.9794683e+02   1.0306985e-46
   5.9932570e+02   1.0325260e-46
   6.0070775e+02   1.0343619e-46
   6.0209299e+02   1.0362063e-46
   6.0348142e+02   1.0380593e-46
   6.0487305e+02   1.0399210e-46
   6.0626789e+02   1.0417913e-46
   6.0766595e+02   1.0436703e-46
   6.0906723e+02   1.0455580e-46
   6.1047175e+02   1.0474545e-46
   6.1187950e+02   1.0493598e-46
   6.1329050e+02   1.0512740e-46
   6.1470475e+02   1.0531971e-46
   6.1612226e+02   1.0551291e-46
   6.1754305e+02   1.0570701e-46
   6.1896711e+02   1.0590202e-46
   6.2039445e+02   1.0609793e-46
   6.2182508e+02   1.0629475e-46
   6.2325902e+02   1.0649248e-46
   6.2469626e+02   1.0669114e-46
   6.2613681e+02   1.0689071e-46
   6.2758069e+02   1.0709122e-46
   6.2902789e+02   1.0729266e-46
   6.3047844e+02   1.0749503e-46
   6.3193232e+02   1.0769834e-46
   6.3338957e+02   1.0790260e-46
   6.3485017e+02   1.0810781e-46
   6.3631414e+02   1.0831397e-46
   6.3778148e+02   1.0852109e-46
   6.3925221e+02   1.0872918e-46
   6.4072633e+02   1.0893823e-46
   6.4220385e+02   1.0914825e-46
   6.4368478e+02   1.0935925e-46
   6.4516912e+02   1.0957122e-46
   6.4665688e+02   1.0978419e-46
   6.4814808e+02   1.0999814e-46
   6.4964271e+02   1.1021309e-46
   6.5114080e+02   1.1042903e-46
   6.5264233e+02   1.1064598e-46
   6.5414733e+02   1.1086394e-46
   6.5565580e+02   1.1108291e-46
   6.5716775e+02   1.1130290e-46
   6.5868318e+02   1.1152391e-46
   6.6020211e+02   1.1174594e-46
   6.6172454e+02   1.1196901e-46
   6.6325048e+02   1.1219312e-46
   6.6477994e+02   1.1241826e-46
   6.6631293e+02   1.1264445e-46
   6.6784945e+02   1.1287170e-46
   6.6938952e+02   1.1309999e-46
   6.7093314e+02   1.1332935e-46
   6.7248031e+02   1.1355978e-46
   6.7403106e+02   1.1379127e-46
   6.7558538e+02   1.1402384e-46
   6.7714328e+02   1.1425749e-46
   6.7870478e+02   1.1449223e-46
   6.8026988e+02   1.1472805e-46
   6.8183859e+02   1.1496498e-46
   6.8341091e+02   1.1520300e-46
   6.8498686e+02   1.1544213e-46
   6.8656645e+02   1.1568236e-46
   6.8814967e+02   1.1592372e-46
   6.8973655e+02   1.1616619e-46
   6.9132709e+02   1.1640979e-46
   6.9292130e+02   1.1665453e-46
   6.9451918e+02   1.1690039e-46
   6.9612074e+02   1.1714741e-46
   6.9772600e+02   1.1739556e-46
   6.9933497e+02   1.1764487e-46
   7.0094764e+02   1.1789534e-46
   7.0256403e+02   1.1814697e-46
   7.0418415e+02   1.1839977e-46
   7.0580800e+02   1.1865375e-46
   7.0743560e+02   1.1890890e-46
   7.0906695e+02   1.1916524e-46
   7.1070206e+02   1.1942276e-46
   7.1234095e+02   1.1968149e-46
   7.1398361e+02   1.1994141e-46
   7.1563006e+02   1.2020254e-46
   7.1728031e+02   1.2046489e-46
   7.1893437e+02   1.2072845e-46
   7.2059223e+02   1.2099323e-46
   7.2225393e+02   1.2125925e-46
   7.2391945e+02   1.2152650e-46
   7.2558881e+02   1.2179499e-46
   7.2726203e+02   1.2206472e-46
   7.2893910e+02   1.2233571e-46
   7.3062004e+02   1.2260796e-46
   7.3230485e+02   1.2288147e-46
   7.3399355e+02   1.2315625e-46
   7.3568615e+02   1.2343231e-46
   7.3738265e+02   1.2370964e-46
   7.3908306e+02   1.2398827e-46
   7.4078739e+02   1.2426819e-46
   7.4249565e+02   1.2454940e-46
   7.4420785e+02   1.2483192e-46
   7.4592400e+02   1.2511576e-46
   7.4764410e+02   1.2540091e-46
   7.4936818e+02   1.2568738e-46
   7.5109623e+02   1.2597518e-46
   7.5282826e+02   1.2626432e-46
   7.5456429e+02   1.2655480e-46
   7.5630432e+02   1.2684663e-46
   7.5804836e+02   1.2713981e-46
   7.5979643e+02   1.2743436e-46
   7.6154852e+02   1.2773027e-46
   7.6330466e+02   1.2802755e-46
   7.6506485e+02   1.2832621e-46
   7.6682909e+02   1.2862626e-46
   7.6859741e+02   1.2892770e-46
   7.7036980e+02   1.2923054e-46
   7.7214628e+02   1.2953478e-46
   7.7392685e+02   1.2984044e-46
   7.7571153e+02   1.3014751e-46
   7.7750033e+02   1.3045601e-46
   7.7929325e+02   1.3076594e-46
   7.8109031e+02   1.3107731e-46
   7.8289151e+02   1.3139012e-46
   7.8469686e+02   1.3170438e-46
   7.8650638e+02   1.3202011e-46
   7.8832007e+02   1.3233729e-46
   7.9013794e+02   1.3265595e-46
   7.9196000e+02   1.3297608e-46
   7.9378627e+02   1.3329770e-46
   7.9561675e+02   1.3362082e-46
   7.9745144e+02   1.3394543e-46
   7.9929037e+02   1.3427154e-46
   8.0113354e+02   1.3459917e-46
   8.0298096e+02   1.3492832e-46
   8.0483264e+02   1.3525899e-46
   8.0668859e+02   1.3559120e-46
   8.0854882e+02   1.3592495e-46
   8.1041334e+02   1.3626025e-46
   8.1228216e+02   1.3659710e-46
   8.1415529e+02   1.3693552e-46
   8.1603274e+02   1.3727550e-46
   8.1791452e+02   1.3761706e-46
   8.1980064e+02   1.3796021e-46
   8.2169110e+02   1.3830494e-46
   8.2358593e+02   1.3865128e-46
   8.2548512e+02   1.3899922e-46
   8.2738870e+02   1.3934877e-46
   8.2929666e+02   1.3969994e-46
   8.3120903e+02   1.4005275e-46
   8.3312580e+02   1.4040719e-46
   8.3504700e+02   1.4076327e-46
   8.3697262e+02   1.4112100e-46
   8.3890269e+02   1.4148039e-46
   8.4083720e+02   1.4184145e-46
   8.4277618e+02   1.4220418e-46
   8.4471963e+02   1.4256860e-46
   8.4666756e+02   1.4293470e-46
   8.4861998e+02   1.4330250e-46
   8.5057690e+02   1.4367200e-46
   8.5253834e+02   1.4404322e-46
   8.5450430e+02   1.4441616e-46
   8.5647479e+02   1.4479083e-46
   8.5844983e+02   1.4516723e-46
   8.6042942e+02   1.4554538e-46
   8.6241358e+02   1.4592529e-46
   8.6440231e+02   1.4630695e-46
   8.6639563e+02   1.4669038e-46
   8.6839354e+02   1.4707559e-46
   8.7039607e+02   1.4746259e-46
   8.7240321e+02   1.4785138e-46
   8.7441498e+02   1.4824197e-46
   8.7643138e+02   1.4863437e-46
   8.7845244e+02   1.4902859e-46
   8.8047816e+02   1.4942464e-46
   8.8250855e+02   1.4982252e-46
   8.8454362e+02   1.5022225e-46
   8.8658338e+02   1.5062383e-46
   8.8862785e+02   1.5102727e-46
   8.9067703e+02   1.5143258e-46
   8.9273094e+02   1.5183977e-46
   8.9478959e+02   1.5224885e-46
   8.9685298e+02   1.5265982e-46
   8.9892113e+02   1.5307270e-46
   9.0099405e+02   1.5348749e-46
   9.0307175e+02   1.5390420e-46
   9.0515424e+02   1.5432285e-46
   9.0724153e+02   1.5474343e-46
   9.0933364e+02   1.5516597e-46
   9.1143057e+02   1.5559046e-46
   9.1353233e+02   1.5601692e-46
   9.1563894e+02   1.5644536e-46
   9.1775041e+02   1.5687578e-46
   9.1986675e+02   1.5730821e-46
   9.2198797e+02   1.5774263e-46
   9.2411408e+02   1.5817907e-46
   9.2624510e+02   1.5861754e-46
   9.2838103e+02   1.5905804e-46
   9.3052188e+02   1.5950059e-46
   9.3266767e+02   1.5994519e-46
   9.3481841e+02   1.6039187e-46
   9.3697411e+02   1.6084062e-46
   9.3913478e+02   1.6129148e-46
   9.4130043e+02   1.6174445e-46
   9.4347108e+02   1.6219956e-46
   9.4564673e+02   1.6265685e-46
   9.4782740e+02   1.6311637e-46
   9.5001309e+02   1.6357825e-46
   9.5220383e+02   1.6404275e-46
   9.5439962e+02   1.6451066e-46
   9.5660047e+02   1.6498528e-46
   9.5880640e+02   1.6549709e-46
   9.6101742e+02   1.6942098e-46
   9.6323353e+02   1.6642344e-46
   9.6545475e+02   1.6687524e-46
   9.6768110e+02   1.6734886e-46
   9.6991258e+02   1.6782792e-46
   9.7214920e+02   1.6831019e-46
   9.7439099e+02   1.6879508e-46
   9.7663794e+02   1.6928241e-46
   9.7889008e+02   1.6977210e-46
   9.8114740e+02   1.7026411e-46
   9.8340994e+02   1.7075844e-46
   9.8567769e+02   1.7125508e-46
   9.8795067e+02   1.7175404e-46
   9.9022889e+02   1.7225532e-46
   9.9251237e+02   1.7275893e-46
   9.9480111e+02   1.7326487e-46
   9.9709513e+02   1.7377317e-46
   9.9939443e+02   1.7428382e-46
   1.0016990e+03   1.7479684e-46
   1.0040090e+03   1.7531224e-46
   1.0063242e+03   1.7583003e-46
   1.0086448e+03   1.7635021e-46
   1.0109708e+03   1.7687281e-46
   1.0133021e+03   1.7739782e-46
   1.0156387e+03   1.7792527e-46
   1.0179808e+03   1.7845516e-46
   1.0203283e+03   1.7898750e-46
   1.0226812e+03   1.7952231e-46
   1.0250395e+03   1.8005960e-46
   1.0274032e+03   1.8059937e-46
   1.0297724e+03   1.8114164e-46
   1.0321471e+03   1.8168643e-46
   1.0345272e+03   1.8223373e-46
   1.0369129e+03   1.8278357e-46
   1.0393040e+03   1.8333596e-46
   1.0417006e+03   1.8389090e-46
   1.0441028e+03   1.8444841e-46
   1.0465105e+03   1.8500850e-46
   1.0489238e+03   1.8557119e-46
   1.0513426e+03   1.8613648e-46
   1.0537670e+03   1.8670438e-46
   1.0561970e+03   1.8727492e-46
   1.0586326e+03   1.8784809e-46
   1.0610738e+03   1.8842392e-46
   1.0635207e+03   1.8900242e-46
   1.0659731e+03   1.8958359e-46
   1.0684313e+03   1.9016745e-46
   1.0708951e+03   1.9075402e-46
   1.0733646e+03   1.9134330e-46
   1.0758398e+03   1.9193531e-46
   1.0783207e+03   1.9253005e-46
   1.0808073e+03   1.9312755e-46
   1.0832996e+03   1.9372782e-46
   1.0857977e+03   1.9433086e-46
   1.0883016e+03   1.9493670e-46
   1.0908112e+03   1.9554534e-46
   1.0933266e+03   1.9615679e-46
   1.0958479e+03   1.9677108e-46
   1.0983749e+03   1.9738820e-46
   1.1009078e+03   1.9800819e-46
   1.1034465e+03   1.9863104e-46
   1.1059910e+03   1.9925678e-46
   1.1085414e+03   1.9988541e-46
   1.1110977e+03   2.0051695e-46
   1.1136599e+03   2.0115141e-46
   1.1162281e+03   2.0178881e-46
   1.1188021e+03   2.0242915e-46
   1.1213820e+03   2.0307247e-46
   1.1239680e+03   2.0371875e-46
   1.1265598e+03   2.0436803e-46
   1.1291577e+03   2.0502031e-46
   1.1317615e+03   2.0567562e-46
   1.1343714e+03   2.0633395e-46
   1.1369873e+03   2.0699533e-46
   1.1396092e+03   2.0765977e-46
   1.1422371e+03   2.0832728e-46
   1.1448711e+03   2.0899788e-46
   1.1475112e+03   2.0967159e-46
   1.1501574e+03   2.1034841e-46
   1.1528096e+03   2.1102836e-46
   1.1554680e+03   2.1171146e-46
   1.1581325e+03   2.1239772e-46
   1.1608032e+03   2.1308716e-46
   1.1634800e+03   2.1377978e-46
   1.1661630e+03   2.1447561e-46
   1.1688522e+03   2.1517466e-46
   1.1715476e+03   2.1587694e-46
   1.1742492e+03   2.1658247e-46
   1.1769570e+03   2.1729127e-46
   1.1796711e+03   2.1800334e-46
   1.1823914e+03   2.1871871e-46
   1.1851180e+03   2.1943739e-46
   1.1878509e+03   2.2015939e-46
   1.1905901e+03   2.2088473e-46
   1.1933356e+03   2.2161343e-46
   1.1960875e+03   2.2234550e-46
   1.1988456e+03   2.2308095e-46
   1.2016102e+03   2.2381981e-46
   1.2043811e+03   2.2456208e-46
   1.2071584e+03   2.2530779e-46
   1.2099421e+03   2.2605695e-46
   1.2127323e+03   2.2680957e-46
   1.2155288e+03   2.2756568e-46
   1.2183319e+03   2.2832528e-46
   1.2211413e+03   2.2908839e-46
   1.2239573e+03   2.2985504e-46
   1.2267798e+03   2.3062523e-46
   1.2296087e+03   2.3139898e-46
   1.2324442e+03   2.3217631e-46
   1.2352862e+03   2.3295724e-46
   1.2381348e+03   2.3374178e-46
   1.2409900e+03   2.3452995e-46
   1.2438517e+03   2.3532176e-46
   1.2467200e+03   2.3611724e-46
   1.2495950e+03   2.3691639e-46
   1.2524766e+03   2.3771924e-46
   1.2553648e+03   2.3852581e-46
   1.2582597e+03   2.3933610e-46
   1.2611612e+03   2.4015014e-46
   1.2640695e+03   2.4096795e-46
   1.2669844e+03   2.4178954e-46
   1.2699061e+03   2.4261493e-46
   1.2728345e+03   2.4344413e-46
   1.2757697e+03   2.4427717e-46
   1.2787116e+03   2.4511407e-46
   1.2816603e+03   2.4595483e-46
   1.2846158e+03   2.4679948e-46
   1.2875782e+03   2.4764804e-46
   1.2905473e+03   2.4850052e-46
   1.2935233e+03   2.4935694e-46
   1.2965062e+03   2.5021733e-46
   1.2994960e+03   2.5108169e-46
   1.3024926e+03   2.5195005e-46
   1.3054962e+03   2.5282243e-46
   1.3085067e+03   2.5369884e-46
   1.3115241e+03   2.5457930e-46
   1.3145485e+03   2.5546383e-46
   1.3175798e+03   2.5635246e-46
   1.3206182e+03   2.5724519e-46
   1.3236635e+03   2.5814205e-46
   1.3267159e+03   2.5904306e-46
   1.3297753e+03   2.5994823e-46
   1.3328418e+03   2.6085759e-46
   1.3359154e+03   2.6177116e-46
   1.3389960e+03   2.6268894e-46
   1.3420837e+03   2.6361098e-46
   1.3451786e+03   2.6453727e-46
   1.3482806e+03   2.6546785e-46
   1.3513897e+03   2.6640273e-46
   1.3545060e+03   2.6734193e-46
   1.3576295e+03   2.6828548e-46
   1.3607602e+03   2.6923339e-46
   1.3638982e+03   2.7018568e-46
   1.3670433e+03   2.7114238e-46
   1.3701957e+03   2.7210349e-46
   1.3733554e+03   2.7306906e-46
   1.3765224e+03   2.7403908e-46
   1.3796966e+03   2.7501359e-46
   1.3828782e+03   2.7599261e-46
   1.3860672e+03   2.7697615e-46
   1.3892634e+03   2.7796424e-46
   1.3924671e+03   2.7895690e-46
   1.3956781e+03   2.7995415e-46
   1.3988966e+03   2.8095601e-46
   1.4021224e+03   2.8196250e-46
   1.4053558e+03   2.8297365e-46
   1.4085965e+03   2.8398947e-46
   1.4118448e+03   2.8501000e-46
   1.4151005e+03   2.8603524e-46
   1.4183637e+03   2.8706523e-46
   1.4216345e+03   2.8809999e-46
   1.4249128e+03   2.8913956e-46
   1.4281986e+03   2.9018398e-46
   1.4314921e+03   2.9123334e-46
   1.4347931e+03   2.9228797e-46
   1.4381017e+03   2.9335054e-46
   1.4414180e+03   2.9508465e-46
   1.4447419e+03   2.9548162e-46
   1.4480735e+03   2.9655270e-46
   1.4514128e+03   2.9763078e-46
   1.4547598e+03   2.9871417e-46
   1.4581144e+03   2.9980267e-46
   1.4614769e+03   3.0089624e-46
   1.4648470e+03   3.0199487e-46
   1.4682250e+03   3.0309860e-46
   1.4716107e+03   3.0420744e-46
   1.4750043e+03   3.0532140e-46
   1.4784056e+03   3.0644052e-46
   1.4818149e+03   3.0756481e-46
   1.4852319e+03   3.0869430e-46
   1.4886569e+03   3.0982901e-46
   1.4920897e+03   3.1096896e-46
   1.4955305e+03   3.1211419e-46
   1.4989792e+03   3.1326471e-46
   1.5024359e+03   3.1442054e-46
   1.5059005e+03   3.1558172e-46
   1.5093731e+03   3.1674827e-46
   1.5128538e+03   3.1792021e-46
   1.5163424e+03   3.1909756e-46
   1.5198391e+03   3.2028036e-46
   1.5233439e+03   3.2146863e-46
   1.5268567e+03   3.2266238e-46
   1.5303776e+03   3.2386166e-46
   1.5339067e+03   3.2506648e-46
   1.5374439e+03   3.2627686e-46
   1.5409893e+03   3.2749284e-46
   1.5445428e+03   3.2871444e-46
   1.5481045e+03   3.2994169e-46
   1.5516745e+03   3.3117461e-46
   1.5552526e+03   3.3241323e-46
   1.5588391e+03   3.3365757e-46
   1.5624338e+03   3.3490766e-46
   1.5660367e+03   3.3616353e-46
   1.5696480e+03   3.3742521e-46
   1.5732677e+03   3.3869271e-46
   1.5768956e+03   3.3996608e-46
   1.5805320e+03   3.4124532e-46
   1.5841767e+03   3.4253048e-46
   1.5878298e+03   3.4382158e-46
   1.5914913e+03   3.4511865e-46
   1.5951613e+03   3.4642171e-46
   1.5988398e+03   3.4773080e-46
   1.6025267e+03   3.4904593e-46
   1.6062222e+03   3.5036714e-46
   1.6099261e+03   3.5169446e-46
   1.6136386e+03   3.5302791e-46
   1.6173597e+03   3.5436752e-46
   1.6210893e+03   3.5571332e-46
   1.6248276e+03   3.5706535e-46
   1.6285744e+03   3.5842362e-46
   1.6323300e+03   3.5978817e-46
   1.6360941e+03   3.6115902e-46
   1.6398670e+03   3.6253621e-46
   1.6436485e+03   3.6391976e-46
   1.6474388e+03   3.6530971e-46
   1.6512378e+03   3.6670608e-46
   1.6550456e+03   3.6810890e-46
   1.6588621e+03   3.6951821e-46
   1.6626874e+03   3.7093403e-46
   1.6665216e+03   3.7235639e-46
   1.6703646e+03   3.7378532e-46
   1.6742165e+03   3.7522085e-46
   1.6780773e+03   3.7666302e-46
   1.6819469e+03   3.7811186e-46
   1.6858255e+03   3.7956739e-46
   1.6897130e+03   3.8102964e-46
   1.6936095e+03   3.8249865e-46
   1.6975150e+03   3.8397445e-46
   1.7014295e+03   3.8545707e-46
   1.7053530e+03   3.8694654e-46
   1.7092855e+03   3.8844290e-46
   1.7132272e+03   3.8994616e-46
   1.7171779e+03   3.9145638e-46
   1.7211377e+03   3.9297357e-46
   1.7251067e+03   3.9449777e-46
   1.7290848e+03   3.9602902e-46
   1.7330721e+03   3.9756734e-46
   1.7370685e+03   3.9911277e-46
   1.7410742e+03   4.0066533e-46
   1.7450892e+03   4.0222508e-46
   1.7491133e+03   4.0379203e-46
   1.7531468e+03   4.0536622e-46
   1.7571896e+03   4.0694768e-46
   1.7612417e+03   4.0853645e-46
   1.7653031e+03   4.1013257e-46
   1.7693739e+03   4.1173605e-46
   1.7734541e+03   4.1334695e-46
   1.7775437e+03   4.1496529e-46
   1.7816427e+03   4.1659111e-46
   1.7857512e+03   4.1822443e-46
   1.7898692e+03   4.1986531e-46
   1.7939966e+03   4.2151377e-46
   1.7981336e+03   4.2316984e-46
   1.8022801e+03   4.2483356e-46
   1.8064362e+03   4.2650498e-46
   1.8106018e+03   4.2818411e-46
   1.8147771e+03   4.2987100e-46
   1.8189620e+03   4.3156569e-46
   1.8231565e+03   4.3326820e-46
   1.8273607e+03   4.3497859e-46
   1.8315746e+03   4.3669687e-46
   1.8357983e+03   4.3842310e-46
   1.8400316e+03   4.4015729e-46
   1.8442748e+03   4.4189951e-46
   1.8485277e+03   4.4364977e-46
   1.8527904e+03   4.4540811e-46
   1.8570629e+03   4.4717459e-46
   1.8613453e+03   4.4894922e-46
   1.8656376e+03   4.5073205e-46
   1.8699398e+03   4.5252312e-46
   1.8742519e+03   4.5432246e-46
   1.8785739e+03   4.5613012e-46
   1.8829059e+03   4.5794613e-46
   1.8872479e+03   4.5977053e-46
   1.8915999e+03   4.6160336e-46
   1.8959620e+03   4.6344466e-46
   1.9003341e+03   4.6529447e-46
   1.9047163e+03   4.6715283e-46
   1.9091086e+03   4.6901981e-46
   1.9135110e+03   4.7089551e-46
   1.9179235e+03   4.7278066e-46
   1.9223463e+03   4.7469635e-46
   1.9267792e+03   4.7657464e-46
   1.9312224e+03   4.7848470e-46
   1.9356758e+03   4.8040390e-46
   1.9401395e+03   4.8233202e-46
   1.9446135e+03   4.8426906e-46
   1.9490978e+03   4.8621506e-46
   1.9535924e+03   4.8817005e-46
   1.9580974e+03   4.9013407e-46
   1.9626128e+03   4.9210717e-46
   1.9671386e+03   4.9408939e-46
   1.9716748e+03   4.9608076e-46
   1.9762215e+03   4.9808133e-46
   1.9807787e+03   5.0009114e-46
   1.9853464e+03   5.0211024e-46
   1.9899246e+03   5.0413867e-46
   1.9945134e+03   5.0617647e-46
   1.9991128e+03   5.0822368e-46
   2.0037227e+03   5.1028035e-46
   2.0083433e+03   5.1234652e-46
   2.0129746e+03   5.1442223e-46
   2.0176165e+03   5.1650754e-46
   2.0222692e+03   5.1860247e-46
   2.0269325e+03   5.2070709e-46
   2.0316067e+03   5.2282143e-46
   2.0362916e+03   5.2494553e-46
   2.0409873e+03   5.2707945e-46
   2.0456938e+03   5.2922322e-46
   2.0504112e+03   5.3137690e-46
   2.0551394e+03   5.3354052e-46
   2.0598786e+03   5.3571414e-46
   2.0646287e+03   5.3789781e-46
   2.0693898e+03   5.4009156e-46
   2.0741618e+03   5.4229544e-46
   2.0789448e+03   5.4450950e-46
   2.0837389e+03   5.4673379e-46
   2.0885440e+03   5.4896836e-46
   2.0933602e+03   5.5121325e-46
   2.0981875e+03   5.5346851e-46
   2.1030259e+03   5.5573418e-46
   2.1078755e+03   5.5801032e-46
   2.1127363e+03   5.6029698e-46
   2.1176083e+03   5.6259420e-46
   2.1224915e+03   5.6490203e-46
   2.1273860e+03   5.6722052e-46
   2.1322918e+03   5.6954972e-46
   2.1372088e+03   5.7188968e-46
   2.1421373e+03   5.7424045e-46
   2.1470771e+03   5.7660208e-46
   2.1520282e+03   5.7897462e-46
   2.1569908e+03   5.8135811e-46
   2.1619649e+03   5.8375262e-46
   2.1669504e+03   5.8615818e-46
   2.1719474e+03   5.8857486e-46
   2.1769559e+03   5.9100270e-46
   2.1819760e+03   5.9344176e-46
   2.1870076e+03   5.9589208e-46
   2.1920509e+03   5.9835372e-46
   2.1971058e+03   6.0082673e-46
   2.2021723e+03   6.0331116e-46
   2.2072505e+03   6.0580707e-46
   2.2123405e+03   6.0831451e-46
   2.2174421e+03   6.1083353e-46
   2.2225556e+03   6.1336419e-46
   2.2276808e+03   6.1590654e-46
   2.2328179e+03   6.1846062e-46
   2.2379668e+03   6.2102651e-46
   2.2431275e+03   6.2360425e-46
   2.2483002e+03   6.2619389e-46
   2.2534848e+03   6.2879550e-46
   2.2586814e+03   6.3140912e-46
   2.2638899e+03   6.3403482e-46
   2.2691104e+03   6.3667264e-46
   2.2743430e+03   6.3932265e-46
   2.2795877e+03   6.4198490e-46
   2.2848444e+03   6.4465944e-46
   2.2901133e+03   6.4734634e-46
   2.2953943e+03   6.5004565e-46
   2.3006875e+03   6.5275742e-46
   2.3059929e+03   6.5548172e-46
   2.3113105e+03   6.5821861e-46
   2.3166404e+03   6.6096814e-46
   2.3219826e+03   6.6373036e-46
   2.3273371e+03   6.6650535e-46
   2.3327040e+03   6.6929315e-46
   2.3380832e+03   6.7209383e-46
   2.3434749e+03   6.7490744e-46
   2.3488789e+03   6.7773405e-46
   2.3542955e+03   6.8057372e-46
   2.3597245e+03   6.8342650e-46
   2.3651660e+03   6.8629246e-46
   2.3706201e+03   6.8917166e-46
   2.3760868e+03   6.9206415e-46
   2.3815661e+03   6.9497001e-46
   2.3870580e+03   6.9788930e-46
   2.3925626e+03   7.0082210e-46
   2.3980798e+03   7.0376879e-46
   2.4036098e+03   7.0673063e-46
   2.4091526e+03   7.0970195e-46
   2.4147081e+03   7.1268918e-46
   2.4202764e+03   7.1569027e-46
   2.4258576e+03   7.1870524e-46
   2.4314516e+03   7.2173414e-46
   2.4370586e+03   7.2477703e-46
   2.4426785e+03   7.2783397e-46
   2.4483113e+03   7.3090503e-46
   2.4539571e+03   7.3399028e-46
   2.4596160e+03   7.3708978e-46
   2.4652879e+03   7.4020359e-46
   2.4709728e+03   7.4333178e-46
   2.4766709e+03   7.4647443e-46
   2.4823821e+03   7.4963158e-46
   2.4881065e+03   7.5280332e-46
   2.4938441e+03   7.5598971e-46
   2.4995949e+03   7.5919081e-46
   2.5053590e+03   7.6240670e-46
   2.5111364e+03   7.6563745e-46
   2.5169271e+03   7.6888311e-46
   2.5227312e+03   7.7214376e-46
   2.5285486e+03   7.7541948e-46
   2.5343794e+03   7.7871032e-46
   2.5402237e+03   7.8201636e-46
   2.5460815e+03   7.8533767e-46
   2.5519528e+03   7.8867432e-46
   2.5578376e+03   7.9202638e-46
   2.5637360e+03   7.9539392e-46
   2.5696480e+03   7.9877702e-46
   2.5755736e+03   8.0217574e-46
   2.5815129e+03   8.0559015e-46
   2.5874659e+03   8.0902034e-46
   2.5934326e+03   8.1246637e-46
   2.5994131e+03   8.1592831e-46
   2.6054074e+03   8.1940624e-46
   2.6114155e+03   8.2290024e-46
   2.6174374e+03   8.2641037e-46
   2.6234732e+03   8.2993671e-46
   2.6295230e+03   8.3347934e-46
   2.6355867e+03   8.3703833e-46
   2.6416644e+03   8.4061376e-46
   2.6477561e+03   8.4420570e-46
   2.6538618e+03   8.4781423e-46
   2.6599816e+03   8.5143943e-46
   2.6661156e+03   8.5508137e-46
   2.6722637e+03   8.5874012e-46
   2.6784259e+03   8.6241578e-46
   2.6846024e+03   8.6610841e-46
   2.6907931e+03   8.6981809e-46
   2.6969981e+03   8.7354491e-46
   2.7032174e+03   8.7728894e-46
   2.7094510e+03   8.8105026e-46
   2.7156991e+03   8.8482895e-46
   2.7219615e+03   8.8862510e-46
   2.7282383e+03   8.9243877e-46
   2.7345297e+03   8.9627006e-46
   2.7408355e+03   9.0011904e-46
   2.7471559e+03   9.0398580e-46
   2.7534909e+03   9.0787041e-46
   2.7598405e+03   9.1177297e-46
   2.7662047e+03   9.1569355e-46
   2.7725836e+03   9.1963223e-46
   2.7789772e+03   9.2358911e-46
   2.7853855e+03   9.2756426e-46
   2.7918086e+03   9.3155777e-46
   2.7982465e+03   9.3556972e-46
   2.8046993e+03   9.3960020e-46
   2.8111670e+03   9.4364929e-46
   2.8176496e+03   9.4771708e-46
   2.8241471e+03   9.5180366e-46
   2.8306596e+03   9.5590911e-46
   2.8371871e+03   9.6003352e-46
   2.8437297e+03   9.6417698e-46
   2.8502873e+03   9.6833958e-46
   2.8568601e+03   9.7252140e-46
   2.8634481e+03   9.7672253e-46
   2.8700512e+03   9.8094308e-46
   2.8766696e+03   9.8518319e-46
   2.8833032e+03   9.8944627e-46
   2.8899521e+03   9.9372202e-46
   2.8966164e+03   9.9802101e-46
   2.9032960e+03   1.0023399e-45
   2.9099910e+03   1.0066787e-45
   2.9167015e+03   1.0110376e-45
   2.9234274e+03   1.0154166e-45
   2.9301688e+03   1.0198158e-45
   2.9369258e+03   1.0242354e-45
   2.9436984e+03   1.0286753e-45
   2.9504866e+03   1.0331358e-45
   2.9572904e+03   1.0376169e-45
   2.9641100e+03   1.0421186e-45
   2.9709452e+03   1.0466411e-45
   2.9777963e+03   1.0511846e-45
   2.9846631e+03   1.0557490e-45
   2.9915457e+03   1.0603345e-45
   2.9984443e+03   1.0649411e-45
   3.0053587e+03   1.0695691e-45
   3.0122891e+03   1.0742184e-45
   3.0192354e+03   1.0788892e-45
   3.0261978e+03   1.0835815e-45
   3.0331763e+03   1.0882955e-45
   3.0401708e+03   1.0930313e-45
   3.0471814e+03   1.0977890e-45
   3.0542083e+03   1.1025686e-45
   3.0612513e+03   1.1073703e-45
   3.0683106e+03   1.1121942e-45
   3.0753861e+03   1.1170404e-45
   3.0824780e+03   1.1219089e-45
   3.0895862e+03   1.1267999e-45
   3.0967108e+03   1.1317135e-45
   3.1038518e+03   1.1366498e-45
   3.1110093e+03   1.1416089e-45
   3.1181833e+03   1.1465909e-45
   3.1253739e+03   1.1515959e-45
   3.1325810e+03   1.1566240e-45
   3.1398048e+03   1.1616754e-45
   3.1470452e+03   1.1667500e-45
   3.1543023e+03   1.1718481e-45
   3.1615762e+03   1.1769698e-45
   3.1688668e+03   1.1821151e-45
   3.1761742e+03   1.1872841e-45
   3.1834985e+03   1.1924770e-45
   3.1908397e+03   1.1976940e-45
   3.1981978e+03   1.2029349e-45
   3.2055728e+03   1.2082001e-45
   3.2129649e+03   1.2134897e-45
   3.2203740e+03   1.2188036e-45
   3.2278002e+03   1.2241421e-45
   3.2352436e+03   1.2295052e-45
   3.2427041e+03   1.2348931e-45
   3.2501818e+03   1.2403059e-45
   3.2576767e+03   1.2457437e-45
   3.2651889e+03   1.2512066e-45
   3.2727185e+03   1.2566947e-45
   3.2802654e+03   1.2622081e-45
   3.2878297e+03   1.2677471e-45
   3.2954115e+03   1.2733116e-45
   3.3030107e+03   1.2789018e-45
   3.3106275e+03   1.2845178e-45
   3.3182618e+03   1.2901597e-45
   3.3259138e+03   1.2958277e-45
   3.3335833e+03   1.3015219e-45
   3.3412706e+03   1.3072423e-45
   3.3489756e+03   1.3129892e-45
   3.3566984e+03   1.3187627e-45
   3.3644389e+03   1.3245634e-45
   3.3721974e+03   1.3303896e-45
   3.3799737e+03   1.3362434e-45
   3.3877679e+03   1.3421242e-45
   3.3955801e+03   1.3480322e-45
   3.4034104e+03   1.3539674e-45
   3.4112587e+03   1.3599301e-45
   3.4191251e+03   1.3659203e-45
   3.4270096e+03   1.3719381e-45
   3.4349123e+03   1.3779837e-45
   3.4428332e+03   1.3840573e-45
   3.4507724e+03   1.3901589e-45
   3.4587299e+03   1.3962887e-45
   3.4667058e+03   1.4024468e-45
   3.4747000e+03   1.4086333e-45
   3.4827127e+03   1.4148484e-45
   3.4907439e+03   1.4210922e-45
   3.4987936e+03   1.4273648e-45
   3.5068618e+03   1.4336664e-45
   3.5149487e+03   1.4399971e-45
   3.5230542e+03   1.4463571e-45
   3.5311784e+03   1.4527464e-45
   3.5393213e+03   1.4591652e-45
   3.5474830e+03   1.4656136e-45
   3.5556635e+03   1.4720918e-45
   3.5638629e+03   1.4786000e-45
   3.5720812e+03   1.4851381e-45
   3.5803184e+03   1.4917065e-45
   3.5885747e+03   1.4983052e-45
   3.5968500e+03   1.5049344e-45
   3.6051443e+03   1.5115942e-45
   3.6134578e+03   1.5182848e-45
   3.6217905e+03   1.5250062e-45
   3.6301424e+03   1.5317587e-45
   3.6385135e+03   1.5385424e-45
   3.6469039e+03   1.5453574e-45
   3.6553137e+03   1.5522038e-45
   3.6637429e+03   1.5590819e-45
   3.6721915e+03   1.5659917e-45
   3.6806596e+03   1.5729335e-45
   3.6891472e+03   1.5799073e-45
   3.6976544e+03   1.5869133e-45
   3.7061813e+03   1.5939517e-45
   3.7147277e+03   1.6010225e-45
   3.7232939e+03   1.6081260e-45
   3.7318799e+03   1.6152623e-45
   3.7404856e+03   1.6224316e-45
   3.7491112e+03   1.6296340e-45
   3.7577567e+03   1.6368696e-45
   3.7664221e+03   1.6441387e-45
   3.7751075e+03   1.6514413e-45
   3.7838129e+03   1.6587776e-45
   3.7925384e+03   1.6661478e-45
   3.8012841e+03   1.6735521e-45
   3.8100498e+03   1.6809905e-45
   3.8188359e+03   1.6884633e-45
   3.8276421e+03   1.6959706e-45
   3.8364687e+03   1.7035126e-45
   3.8453156e+03   1.7110896e-45
   3.8541829e+03   1.7187011e-45
   3.8630707e+03   1.7263480e-45
   3.8719790e+03   1.7340302e-45
   3.8809078e+03   1.7417480e-45
   3.8898572e+03   1.7495013e-45
   3.8988272e+03   1.7572904e-45
   3.9078180e+03   1.7651156e-45
   3.9168294e+03   1.7729768e-45
   3.9258617e+03   1.7808744e-45
   3.9349147e+03   1.7888084e-45
   3.9439887e+03   1.7967790e-45
   3.9530835e+03   1.8047865e-45
   3.9621994e+03   1.8128309e-45
   3.9713362e+03   1.8209125e-45
   3.9804942e+03   1.8290314e-45
   3.9896732e+03   1.8371878e-45
   3.9988734e+03   1.8453819e-45
   4.0080949e+03   1.8536138e-45
   4.0173376e+03   1.8618837e-45
   4.0266016e+03   1.8701918e-45
   4.0358870e+03   1.8785382e-45
   4.0451937e+03   1.8869232e-45
   4.0545220e+03   1.8953470e-45
   4.0638718e+03   1.9038096e-45
   4.0732431e+03   1.9123113e-45
   4.0826360e+03   1.9208522e-45
   4.0920506e+03   1.9294326e-45
   4.1014869e+03   1.9380526e-45
   4.1109450e+03   1.9467125e-45
   4.1204248e+03   1.9554123e-45
   4.1299266e+03   1.9641522e-45
   4.1394502e+03   1.9729326e-45
   4.1489958e+03   1.9817535e-45
   4.1585634e+03   1.9906151e-45
   4.1681531e+03   1.9995176e-45
   4.1777649e+03   2.0084613e-45
   4.1873988e+03   2.0174462e-45
   4.1970550e+03   2.0264726e-45
   4.2067335e+03   2.0355408e-45
   4.2164342e+03   2.0446507e-45
   4.2261574e+03   2.0538028e-45
   4.2359029e+03   2.0629971e-45
   4.2456709e+03   2.0722339e-45
   4.2554615e+03   2.0815133e-45
   4.2652746e+03   2.0908356e-45
   4.2751104e+03   2.1002009e-45
   4.2849688e+03   2.1096094e-45
   4.2948500e+03   2.1190615e-45
   4.3047539e+03   2.1285571e-45
   4.3146807e+03   2.1380966e-45
   4.3246304e+03   2.1476808e-45
   4.3346030e+03   2.1573080e-45
   4.3445987e+03   2.1669802e-45
   4.3546173e+03   2.1766971e-45
   4.3646591e+03   2.1864589e-45
   4.3747241e+03   2.1962658e-45
   4.3848122e+03   2.2061180e-45
   4.3949236e+03   2.2160156e-45
   4.4050583e+03   2.2259590e-45
   4.4152164e+03   2.2359482e-45
   4.4253980e+03   2.2459836e-45
   4.4356030e+03   2.2560654e-45
   4.4458315e+03   2.2661936e-45
   4.4560836e+03   2.2763687e-45
   4.4663594e+03   2.2865907e-45
   4.4766588e+03   2.2968600e-45
   4.4869821e+03   2.3071766e-45
   4.4973291e+03   2.3175409e-45
   4.5076999e+03   2.3279531e-45
   4.5180947e+03   2.3384133e-45
   4.5285135e+03   2.3489218e-45
   4.5389563e+03   2.3594789e-45
   4.5494231e+03   2.3700847e-45
   4.5599142e+03   2.3807395e-45
   4.5704294e+03   2.3914435e-45
   4.5809688e+03   2.4021969e-45
   4.5915325e+03   2.4129999e-45
   4.6021207e+03   2.4238529e-45
   4.6127332e+03   2.4347559e-45
   4.6233702e+03   2.4457093e-45
   4.6340317e+03   2.4567133e-45
   4.6447178e+03   2.4677681e-45
   4.6554286e+03   2.4788740e-45
   4.6661640e+03   2.4900311e-45
   4.6769242e+03   2.5012397e-45
   4.6877093e+03   2.5125001e-45
   4.6985192e+03   2.5238125e-45
   4.7093540e+03   2.5351771e-45
   4.7202138e+03   2.5465942e-45
   4.7310986e+03   2.5580641e-45
   4.7420086e+03   2.5695869e-45
   4.7529437e+03   2.5811629e-45
   4.7639040e+03   2.5927923e-45
   4.7748896e+03   2.6044755e-45
   4.7859005e+03   2.6162126e-45
   4.7969369e+03   2.6280039e-45
   4.8079986e+03   2.6398496e-45
   4.8190859e+03   2.6517500e-45
   4.8301988e+03   2.6637054e-45
   4.8413372e+03   2.6757160e-45
   4.8525014e+03   2.6877821e-45
   4.8636913e+03   2.6999038e-45
   4.8749070e+03   2.7120816e-45
   4.8861486e+03   2.7243155e-45
   4.8974161e+03   2.7366060e-45
   4.9087096e+03   2.7489532e-45
   4.9200291e+03   2.7613574e-45
   4.9313747e+03   2.7738189e-45
   4.9427465e+03   2.7863380e-45
   4.9541445e+03   2.7989148e-45
   4.9655688e+03   2.8115498e-45
   4.9770194e+03   2.8242430e-45
   4.9884965e+03   2.8369949e-45
   5.0000000e+03   2.8498057e-45
