   5.0000000e+00   2.7086208e-40
   5.0115300e+00   2.5727710e-40
   5.0230867e+00   2.4442609e-40
   5.0346699e+00   2.3227727e-40
   5.0462799e+00   2.2080427e-40
   5.0579167e+00   2.0997420e-40
   5.0695803e+00   1.9961486e-40
   5.0812708e+00   1.8899821e-40
   5.0929882e+00   1.7848565e-40
   5.1047327e+00   1.6952263e-40
   5.1165042e+00   1.6130478e-40
   5.1283029e+00   1.5347652e-40
   5.1401288e+00   1.4601106e-40
   5.1519820e+00   1.3890175e-40
   5.1638625e+00   1.3213875e-40
   5.1757704e+00   1.2570945e-40
   5.1877058e+00   1.1959973e-40
   5.1996687e+00   1.1379491e-40
   5.2116592e+00   1.0828035e-40
   5.2236773e+00   1.0304170e-40
   5.2357231e+00   9.8065156e-41
   5.2477968e+00   9.3337446e-41
   5.2598982e+00   8.8845891e-41
   5.2720276e+00   8.4578410e-41
   5.2841849e+00   8.0523516e-41
   5.2963703e+00   7.6670302e-41
   5.3085838e+00   7.3008416e-41
   5.3208254e+00   6.9528042e-41
   5.3330953e+00   6.6219873e-41
   5.3453934e+00   6.3075090e-41
   5.3577199e+00   6.0085335e-41
   5.3700749e+00   5.7242690e-41
   5.3824583e+00   5.4539651e-41
   5.3948703e+00   5.1969112e-41
   5.4073109e+00   4.9524339e-41
   5.4197802e+00   4.7198950e-41
   5.4322783e+00   4.4986901e-41
   5.4448051e+00   4.2882462e-41
   5.4573609e+00   4.0880206e-41
   5.4699456e+00   3.8974986e-41
   5.4825594e+00   3.7161928e-41
   5.4952022e+00   3.5436408e-41
   5.5078742e+00   3.3794044e-41
   5.5205754e+00   3.2230682e-41
   5.5333058e+00   3.0742384e-41
   5.5460657e+00   2.9325413e-41
   5.5588550e+00   2.7976227e-41
   5.5716737e+00   2.6691465e-41
   5.5845220e+00   2.5467941e-41
   5.5974000e+00   2.4302631e-41
   5.6103076e+00   2.3192665e-41
   5.6232451e+00   2.2135322e-41
   5.6362123e+00   2.1128018e-41
   5.6492094e+00   2.0168300e-41
   5.6622366e+00   1.9253843e-41
   5.6752937e+00   1.8382435e-41
   5.6883810e+00   1.7551980e-41
   5.7014985e+00   1.6760486e-41
   5.7146461e+00   1.6006062e-41
   5.7278242e+00   1.5286911e-41
   5.7410326e+00   1.4601327e-41
   5.7542714e+00   1.3947691e-41
   5.7675408e+00   1.3324462e-41
   5.7808408e+00   1.2730177e-41
   5.7941715e+00   1.2163447e-41
   5.8075329e+00   1.1622952e-41
   5.8209251e+00   1.1107435e-41
   5.8343482e+00   1.0615705e-41
   5.8478023e+00   1.0146626e-41
   5.8612873e+00   9.6991205e-42
   5.8748035e+00   9.2721637e-42
   5.8883508e+00   8.8647808e-42
   5.9019294e+00   8.4760447e-42
   5.9155393e+00   8.1050743e-42
   5.9291806e+00   7.7510308e-42
   5.9428533e+00   7.4131169e-42
   5.9565576e+00   7.0905739e-42
   5.9702935e+00   6.7826799e-42
   5.9840610e+00   6.4887483e-42
   5.9978603e+00   6.2081253e-42
   6.0116914e+00   5.9401892e-42
   6.0255544e+00   5.6843480e-42
   6.0394494e+00   5.4400384e-42
   6.0533764e+00   5.2067239e-42
   6.0673355e+00   4.9838941e-42
   6.0813269e+00   4.7710628e-42
   6.0953505e+00   4.5677673e-42
   6.1094064e+00   4.3735667e-42
   6.1234947e+00   4.1880415e-42
   6.1376155e+00   4.0107918e-42
   6.1517689e+00   3.8414369e-42
   6.1659550e+00   3.6796142e-42
   6.1801737e+00   3.5249782e-42
   6.1944252e+00   3.3771996e-42
   6.2087096e+00   3.2359649e-42
   6.2230269e+00   3.1009753e-42
   6.2373773e+00   2.9719460e-42
   6.2517607e+00   2.8486055e-42
   6.2661773e+00   2.7306953e-42
   6.2806272e+00   2.6179688e-42
   6.2951104e+00   2.5101910e-42
   6.3096269e+00   2.4071379e-42
   6.3241770e+00   2.3085958e-42
   6.3387606e+00   2.2143611e-42
   6.3533778e+00   2.1242397e-42
   6.3680288e+00   2.0380464e-42
   6.3827135e+00   1.9556046e-42
   6.3974321e+00   1.8767458e-42
   6.4121846e+00   1.8013096e-42
   6.4269711e+00   1.7291426e-42
   6.4417918e+00   1.6600986e-42
   6.4566466e+00   1.5940384e-42
   6.4715357e+00   1.5308288e-42
   6.4864591e+00   1.4703430e-42
   6.5014169e+00   1.4124598e-42
   6.5164092e+00   1.3570637e-42
   6.5314361e+00   1.3040444e-42
   6.5464977e+00   1.2532967e-42
   6.5615939e+00   1.2047201e-42
   6.5767250e+00   1.1582187e-42
   6.5918910e+00   1.1137011e-42
   6.6070920e+00   1.0710799e-42
   6.6223280e+00   1.0302717e-42
   6.6375991e+00   9.9119683e-43
   6.6529055e+00   9.5377933e-43
   6.6682471e+00   9.1794662e-43
   6.6836241e+00   8.8362938e-43
   6.6990366e+00   8.5076144e-43
   6.7144846e+00   8.1927959e-43
   6.7299683e+00   7.8912347e-43
   6.7454877e+00   7.6023544e-43
   6.7610428e+00   7.3256045e-43
   6.7766338e+00   7.0604589e-43
   6.7922608e+00   6.8064155e-43
   6.8079238e+00   6.5629941e-43
   6.8236229e+00   6.3297366e-43
   6.8393582e+00   6.1062048e-43
   6.8551299e+00   5.8919804e-43
   6.8709378e+00   5.6866636e-43
   6.8867823e+00   5.4898724e-43
   6.9026632e+00   5.3012419e-43
   6.9185808e+00   5.1204233e-43
   6.9345351e+00   4.9470834e-43
   6.9505262e+00   4.7809037e-43
   6.9665542e+00   4.6215799e-43
   6.9826191e+00   4.4688212e-43
   6.9987211e+00   4.3223496e-43
   7.0148602e+00   4.1818996e-43
   7.0310365e+00   4.0472173e-43
   7.0472502e+00   3.9180600e-43
   7.0635012e+00   3.7941959e-43
   7.0797897e+00   3.6754033e-43
   7.0961157e+00   3.5614705e-43
   7.1124794e+00   3.4521950e-43
   7.1288808e+00   3.3473834e-43
   7.1453201e+00   3.2468507e-43
   7.1617972e+00   3.1504204e-43
   7.1783124e+00   3.0579233e-43
   7.1948656e+00   2.9691984e-43
   7.2114571e+00   2.8840913e-43
   7.2280867e+00   2.8024546e-43
   7.2447548e+00   2.7241477e-43
   7.2614612e+00   2.6490361e-43
   7.2782062e+00   2.5769911e-43
   7.2949898e+00   2.5078903e-43
   7.3118121e+00   2.4416164e-43
   7.3286732e+00   2.3780575e-43
   7.3455732e+00   2.3171068e-43
   7.3625121e+00   2.2586623e-43
   7.3794901e+00   2.2026268e-43
   7.3965073e+00   2.1489075e-43
   7.4135637e+00   2.0974158e-43
   7.4306594e+00   2.0480674e-43
   7.4477946e+00   2.0007818e-43
   7.4649693e+00   1.9554825e-43
   7.4821835e+00   1.9120966e-43
   7.4994375e+00   1.8705547e-43
   7.5167313e+00   1.8307909e-43
   7.5340649e+00   1.7927425e-43
   7.5514385e+00   1.7563501e-43
   7.5688522e+00   1.7215572e-43
   7.5863060e+00   1.6883105e-43
   7.6038001e+00   1.6565595e-43
   7.6213345e+00   1.6262565e-43
   7.6389094e+00   1.5973566e-43
   7.6565248e+00   1.5698175e-43
   7.6741808e+00   1.5435996e-43
   7.6918775e+00   1.5186658e-43
   7.7096150e+00   1.4949816e-43
   7.7273934e+00   1.4725150e-43
   7.7452129e+00   1.4512363e-43
   7.7630734e+00   1.4311184e-43
   7.7809751e+00   1.4121366e-43
   7.7989181e+00   1.3942686e-43
   7.8169025e+00   1.3774946e-43
   7.8349283e+00   1.3617973e-43
   7.8529957e+00   1.3471618e-43
   7.8711048e+00   1.3335758e-43
   7.8892556e+00   1.3210297e-43
   7.9074483e+00   1.3095164e-43
   7.9256829e+00   1.2990317e-43
   7.9439596e+00   1.2895745e-43
   7.9622784e+00   1.2811464e-43
   7.9806395e+00   1.2737523e-43
   7.9990429e+00   1.2674006e-43
   8.0174888e+00   1.2621032e-43
   8.0359772e+00   1.2578759e-43
   8.0545082e+00   1.2547386e-43
   8.0730819e+00   1.2527158e-43
   8.0916985e+00   1.2518367e-43
   8.1103581e+00   1.2521359e-43
   8.1290606e+00   1.2536539e-43
   8.1478063e+00   1.2564376e-43
   8.1665952e+00   1.2605409e-43
   8.1854274e+00   1.2660260e-43
   8.2043031e+00   1.2729635e-43
   8.2232223e+00   1.2814342e-43
   8.2421851e+00   1.2915302e-43
   8.2611916e+00   1.3033562e-43
   8.2802420e+00   1.3170313e-43
   8.2993363e+00   1.3326912e-43
   8.3184746e+00   1.3504903e-43
   8.3376571e+00   1.3706049e-43
   8.3568838e+00   1.3932365e-43
   8.3761548e+00   1.4186157e-43
   8.3954703e+00   1.4470072e-43
   8.4148303e+00   1.4787158e-43
   8.4342350e+00   1.5140932e-43
   8.4536844e+00   1.5535472e-43
   8.4731786e+00   1.5975520e-43
   8.4927179e+00   1.6466615e-43
   8.5123021e+00   1.7015257e-43
   8.5319316e+00   1.7629112e-43
   8.5516063e+00   1.8317271e-43
   8.5713263e+00   1.9090577e-43
   8.5910919e+00   1.9962048e-43
   8.6109030e+00   2.0947422e-43
   8.6307598e+00   2.2065872e-43
   8.6506624e+00   2.3340945e-43
   8.6706109e+00   2.4801810e-43
   8.6906054e+00   2.6485040e-43
   8.7106460e+00   2.8436857e-43
   8.7307328e+00   3.0716493e-43
   8.7508660e+00   3.3400840e-43
   8.7710455e+00   3.6591210e-43
   8.7912716e+00   4.0423350e-43
   8.8115444e+00   4.5082600e-43
   8.8318638e+00   5.0827503e-43
   8.8522302e+00   5.8027719e-43
   8.8726435e+00   6.7227087e-43
   8.8931039e+00   7.9252984e-43
   8.9136114e+00   9.5415399e-43
   8.9341663e+00   1.1789118e-42
   8.9547686e+00   1.5052067e-42
   8.9754183e+00   2.0061401e-42
   8.9961157e+00   2.8355163e-42
   9.0168608e+00   4.3649831e-42
   9.0376538e+00   7.6978237e-42
   9.0584947e+00   1.7462539e-41
   9.0793836e+00   7.5105401e-41
   9.1003208e+00   8.0894380e-39
   9.1213062e+00   5.1122706e-41
   9.1423400e+00   1.3707143e-41
   9.1634223e+00   6.2456905e-42
   9.1845532e+00   3.6205732e-42
   9.2057328e+00   2.4932257e-42
   9.2269613e+00   2.1601795e-42
   9.2482388e+00   3.5576491e-42
   9.2695653e+00   1.5361867e-39
   9.2909410e+00   3.0716807e-42
   9.3123660e+00   1.1004591e-42
   9.3338403e+00   6.7603062e-43
   9.3553642e+00   4.9208079e-43
   9.3769378e+00   3.8601617e-43
   9.3985611e+00   3.1552527e-43
   9.4202342e+00   2.6477905e-43
   9.4419574e+00   2.2638283e-43
   9.4637306e+00   1.9633392e-43
   9.4855540e+00   1.7223443e-43
   9.5074278e+00   1.5254030e-43
   9.5293520e+00   1.3620314e-43
   9.5513267e+00   1.2248200e-43
   9.5733522e+00   1.1083661e-43
   9.5954284e+00   1.0086311e-43
   9.6175555e+00   9.2253339e-44
   9.6397337e+00   8.4768166e-44
   9.6619630e+00   7.8219284e-44
   9.6842435e+00   7.2456535e-44
   9.7065755e+00   6.7358847e-44
   9.7289589e+00   6.2827649e-44
   9.7513940e+00   5.8781981e-44
   9.7738808e+00   5.5154824e-44
   9.7964194e+00   5.1890295e-44
   9.8190100e+00   4.8941489e-44
   9.8416527e+00   4.6268806e-44
   9.8643477e+00   4.3838619e-44
   9.8870949e+00   4.1622228e-44
   9.9098946e+00   3.9595019e-44
   9.9327469e+00   3.7735791e-44
   9.9556519e+00   3.6026199e-44
   9.9786097e+00   3.4450312e-44
   1.0001620e+01   3.2994330e-44
   1.0024684e+01   3.1646594e-44
   1.0047801e+01   3.0395132e-44
   1.0070972e+01   2.9230997e-44
   1.0094195e+01   2.8146227e-44
   1.0117473e+01   2.7133651e-44
   1.0140804e+01   2.6186632e-44
   1.0164188e+01   2.5299291e-44
   1.0187627e+01   2.4466385e-44
   1.0211120e+01   2.3683253e-44
   1.0234667e+01   2.2945838e-44
   1.0258268e+01   2.2250390e-44
   1.0281924e+01   2.1593508e-44
   1.0305634e+01   2.0972132e-44
   1.0329399e+01   2.0383571e-44
   1.0353218e+01   1.9825350e-44
   1.0377093e+01   1.9295192e-44
   1.0401023e+01   1.8791030e-44
   1.0425007e+01   1.8311024e-44
   1.0449048e+01   1.7853491e-44
   1.0473143e+01   1.7416865e-44
   1.0497294e+01   1.6999716e-44
   1.0521501e+01   1.6600753e-44
   1.0545764e+01   1.6218800e-44
   1.0570082e+01   1.5852755e-44
   1.0594457e+01   1.5501606e-44
   1.0618888e+01   1.5164428e-44
   1.0643375e+01   1.4840381e-44
   1.0667919e+01   1.4528673e-44
   1.0692519e+01   1.4228572e-44
   1.0717176e+01   1.3939405e-44
   1.0741890e+01   1.3660558e-44
   1.0766661e+01   1.3391450e-44
   1.0791489e+01   1.3131544e-44
   1.0816374e+01   1.2880341e-44
   1.0841317e+01   1.2637384e-44
   1.0866317e+01   1.2402241e-44
   1.0891375e+01   1.2174508e-44
   1.0916491e+01   1.1953812e-44
   1.0941664e+01   1.1739807e-44
   1.0966896e+01   1.1532165e-44
   1.0992185e+01   1.1330582e-44
   1.1017533e+01   1.1134769e-44
   1.1042940e+01   1.0944464e-44
   1.1068405e+01   1.0759415e-44
   1.1093929e+01   1.0579385e-44
   1.1119512e+01   1.0404153e-44
   1.1145153e+01   1.0233515e-44
   1.1170854e+01   1.0067273e-44
   1.1196614e+01   9.9052440e-45
   1.1222434e+01   9.7472545e-45
   1.1248313e+01   9.5931423e-45
   1.1274251e+01   9.4427531e-45
   1.1300250e+01   9.2959408e-45
   1.1326308e+01   9.1525685e-45
   1.1352427e+01   9.0125068e-45
   1.1378606e+01   8.8756322e-45
   1.1404845e+01   8.7418280e-45
   1.1431144e+01   8.6109844e-45
   1.1457505e+01   8.4829966e-45
   1.1483926e+01   8.3577652e-45
   1.1510408e+01   8.2351956e-45
   1.1536951e+01   8.1151986e-45
   1.1563555e+01   7.9976887e-45
   1.1590221e+01   7.8825847e-45
   1.1616948e+01   7.7698091e-45
   1.1643737e+01   7.6592887e-45
   1.1670587e+01   7.5509530e-45
   1.1697500e+01   7.4447349e-45
   1.1724474e+01   7.3405703e-45
   1.1751511e+01   7.2383984e-45
   1.1778610e+01   7.1381605e-45
   1.1805772e+01   7.0398006e-45
   1.1832996e+01   6.9432652e-45
   1.1860283e+01   6.8485031e-45
   1.1887633e+01   6.7554651e-45
   1.1915046e+01   6.6641039e-45
   1.1942522e+01   6.5743744e-45
   1.1970061e+01   6.4862332e-45
   1.1997664e+01   6.3996385e-45
   1.2025331e+01   6.3145502e-45
   1.2053062e+01   6.2309297e-45
   1.2080856e+01   6.1487400e-45
   1.2108715e+01   6.0679452e-45
   1.2136637e+01   5.9885111e-45
   1.2164625e+01   5.9104043e-45
   1.2192676e+01   5.8335930e-45
   1.2220793e+01   5.7580462e-45
   1.2248974e+01   5.6837342e-45
   1.2277220e+01   5.6106283e-45
   1.2305532e+01   5.5387007e-45
   1.2333908e+01   5.4679244e-45
   1.2362350e+01   5.3982736e-45
   1.2390858e+01   5.3297231e-45
   1.2419431e+01   5.2622487e-45
   1.2448071e+01   5.1958268e-45
   1.2476776e+01   5.1304346e-45
   1.2505548e+01   5.0660500e-45
   1.2534386e+01   5.0026517e-45
   1.2563290e+01   4.9402189e-45
   1.2592261e+01   4.8787314e-45
   1.2621299e+01   4.8181697e-45
   1.2650404e+01   4.7585148e-45
   1.2679576e+01   4.6997484e-45
   1.2708815e+01   4.6418525e-45
   1.2738121e+01   4.5848098e-45
   1.2767496e+01   4.5286033e-45
   1.2796938e+01   4.4732167e-45
   1.2826447e+01   4.4186340e-45
   1.2856025e+01   4.3648395e-45
   1.2885671e+01   4.3118183e-45
   1.2915386e+01   4.2595555e-45
   1.2945169e+01   4.2080369e-45
   1.2975020e+01   4.1572484e-45
   1.3004941e+01   4.1071765e-45
   1.3034930e+01   4.0578079e-45
   1.3064989e+01   4.0091298e-45
   1.3095117e+01   3.9611294e-45
   1.3125314e+01   3.9137946e-45
   1.3155582e+01   3.8671133e-45
   1.3185918e+01   3.8210739e-45
   1.3216325e+01   3.7756650e-45
   1.3246802e+01   3.7308754e-45
   1.3277349e+01   3.6866944e-45
   1.3307967e+01   3.6431112e-45
   1.3338655e+01   3.6001155e-45
   1.3369414e+01   3.5576973e-45
   1.3400244e+01   3.5158466e-45
   1.3431145e+01   3.4745538e-45
   1.3462118e+01   3.4338095e-45
   1.3493162e+01   3.3936045e-45
   1.3524277e+01   3.3539297e-45
   1.3555464e+01   3.3147763e-45
   1.3586723e+01   3.2761357e-45
   1.3618054e+01   3.2379995e-45
   1.3649457e+01   3.2003594e-45
   1.3680933e+01   3.1632075e-45
   1.3712481e+01   3.1265357e-45
   1.3744103e+01   3.0903364e-45
   1.3775797e+01   3.0546021e-45
   1.3807564e+01   3.0193252e-45
   1.3839404e+01   2.9844987e-45
   1.3871318e+01   2.9501154e-45
   1.3903305e+01   2.9161683e-45
   1.3935366e+01   2.8826506e-45
   1.3967501e+01   2.8495558e-45
   1.3999710e+01   2.8168772e-45
   1.4031994e+01   2.7846086e-45
   1.4064352e+01   2.7527435e-45
   1.4096784e+01   2.7212759e-45
   1.4129292e+01   2.6901998e-45
   1.4161874e+01   2.6595093e-45
   1.4194531e+01   2.6291985e-45
   1.4227264e+01   2.5992619e-45
   1.4260072e+01   2.5696938e-45
   1.4292956e+01   2.5404888e-45
   1.4325916e+01   2.5116417e-45
   1.4358951e+01   2.4831470e-45
   1.4392063e+01   2.4549997e-45
   1.4425251e+01   2.4271948e-45
   1.4458516e+01   2.3997273e-45
   1.4491858e+01   2.3725922e-45
   1.4525276e+01   2.3457850e-45
   1.4558771e+01   2.3193008e-45
   1.4592344e+01   2.2931352e-45
   1.4625994e+01   2.2672835e-45
   1.4659722e+01   2.2417413e-45
   1.4693527e+01   2.2165044e-45
   1.4727410e+01   2.1915684e-45
   1.4761372e+01   2.1669292e-45
   1.4795412e+01   2.1425826e-45
   1.4829530e+01   2.1185246e-45
   1.4863727e+01   2.0947512e-45
   1.4898003e+01   2.0712585e-45
   1.4932358e+01   2.0480427e-45
   1.4966792e+01   2.0251001e-45
   1.5001306e+01   2.0024268e-45
   1.5035899e+01   1.9800193e-45
   1.5070572e+01   1.9578740e-45
   1.5105324e+01   1.9359874e-45
   1.5140157e+01   1.9143561e-45
   1.5175071e+01   1.8929765e-45
   1.5210065e+01   1.8718455e-45
   1.5245139e+01   1.8509596e-45
   1.5280295e+01   1.8303158e-45
   1.5315531e+01   1.8099107e-45
   1.5350849e+01   1.7897414e-45
   1.5386248e+01   1.7698046e-45
   1.5421729e+01   1.7500975e-45
   1.5457291e+01   1.7306169e-45
   1.5492936e+01   1.7113600e-45
   1.5528663e+01   1.6923240e-45
   1.5564472e+01   1.6735059e-45
   1.5600364e+01   1.6549030e-45
   1.5636338e+01   1.6365126e-45
   1.5672396e+01   1.6183319e-45
   1.5708537e+01   1.6003583e-45
   1.5744761e+01   1.5825892e-45
   1.5781068e+01   1.5650220e-45
   1.5817459e+01   1.5476541e-45
   1.5853935e+01   1.5304832e-45
   1.5890494e+01   1.5135066e-45
   1.5927137e+01   1.4967220e-45
   1.5963866e+01   1.4801271e-45
   1.6000678e+01   1.4637194e-45
   1.6037576e+01   1.4474967e-45
   1.6074559e+01   1.4314566e-45
   1.6111627e+01   1.4155970e-45
   1.6148780e+01   1.3999156e-45
   1.6186020e+01   1.3844103e-45
   1.6223345e+01   1.3690789e-45
   1.6260756e+01   1.3539192e-45
   1.6298253e+01   1.3389293e-45
   1.6335837e+01   1.3241070e-45
   1.6373508e+01   1.3094504e-45
   1.6411265e+01   1.2949574e-45
   1.6449110e+01   1.2806260e-45
   1.6487041e+01   1.2664544e-45
   1.6525061e+01   1.2524407e-45
   1.6563168e+01   1.2385829e-45
   1.6601362e+01   1.2248792e-45
   1.6639645e+01   1.2113278e-45
   1.6678016e+01   1.1979268e-45
   1.6716476e+01   1.1846745e-45
   1.6755024e+01   1.1715692e-45
   1.6793662e+01   1.1586090e-45
   1.6832388e+01   1.1457924e-45
   1.6871203e+01   1.1331175e-45
   1.6910109e+01   1.1205829e-45
   1.6949103e+01   1.1081868e-45
   1.6988188e+01   1.0959275e-45
   1.7027363e+01   1.0838036e-45
   1.7066628e+01   1.0718135e-45
   1.7105984e+01   1.0599555e-45
   1.7145431e+01   1.0482282e-45
   1.7184968e+01   1.0366301e-45
   1.7224597e+01   1.0251597e-45
   1.7264317e+01   1.0138155e-45
   1.7304128e+01   1.0025960e-45
   1.7344032e+01   9.9149991e-46
   1.7384027e+01   9.8052571e-46
   1.7424115e+01   9.6967204e-46
   1.7464295e+01   9.5893753e-46
   1.7504568e+01   9.4832082e-46
   1.7544934e+01   9.3782057e-46
   1.7585392e+01   9.2743547e-46
   1.7625945e+01   9.1716420e-46
   1.7666590e+01   9.0700548e-46
   1.7707329e+01   8.9695804e-46
   1.7748163e+01   8.8702062e-46
   1.7789090e+01   8.7719199e-46
   1.7830112e+01   8.6747093e-46
   1.7871228e+01   8.5785622e-46
   1.7912439e+01   8.4834667e-46
   1.7953746e+01   8.3894111e-46
   1.7995147e+01   8.2963837e-46
   1.8036644e+01   8.2043731e-46
   1.8078237e+01   8.1133679e-46
   1.8119925e+01   8.0233569e-46
   1.8161710e+01   7.9343291e-46
   1.8203591e+01   7.8462736e-46
   1.8245569e+01   7.7591795e-46
   1.8287643e+01   7.6730362e-46
   1.8329814e+01   7.5878332e-46
   1.8372083e+01   7.5035600e-46
   1.8414449e+01   7.4202065e-46
   1.8456913e+01   7.3377625e-46
   1.8499475e+01   7.2562180e-46
   1.8542135e+01   7.1755630e-46
   1.8584893e+01   7.0957878e-46
   1.8627750e+01   7.0168827e-46
   1.8670706e+01   6.9388382e-46
   1.8713761e+01   6.8616449e-46
   1.8756915e+01   6.7852934e-46
   1.8800168e+01   6.7097746e-46
   1.8843522e+01   6.6350792e-46
   1.8886975e+01   6.5611985e-46
   1.8930528e+01   6.4881233e-46
   1.8974182e+01   6.4158451e-46
   1.9017937e+01   6.3443551e-46
   1.9061792e+01   6.2736448e-46
   1.9105749e+01   6.2037056e-46
   1.9149807e+01   6.1345292e-46
   1.9193967e+01   6.0661074e-46
   1.9238228e+01   5.9984319e-46
   1.9282592e+01   5.9314947e-46
   1.9327057e+01   5.8652878e-46
   1.9371626e+01   5.7998033e-46
   1.9416297e+01   5.7350333e-46
   1.9461071e+01   5.6709703e-46
   1.9505948e+01   5.6076065e-46
   1.9550929e+01   5.5449345e-46
   1.9596014e+01   5.4829467e-46
   1.9641202e+01   5.4216358e-46
   1.9686495e+01   5.3609946e-46
   1.9731892e+01   5.3010158e-46
   1.9777394e+01   5.2416923e-46
   1.9823001e+01   5.1830171e-46
   1.9868713e+01   5.1249832e-46
   1.9914530e+01   5.0675838e-46
   1.9960454e+01   5.0108121e-46
   2.0006482e+01   4.9546614e-46
   2.0052618e+01   4.8991249e-46
   2.0098859e+01   4.8441962e-46
   2.0145207e+01   4.7898687e-46
   2.0191662e+01   4.7361361e-46
   2.0238224e+01   4.6829919e-46
   2.0284894e+01   4.6304299e-46
   2.0331671e+01   4.5784440e-46
   2.0378556e+01   4.5270278e-46
   2.0425549e+01   4.4761755e-46
   2.0472650e+01   4.4258810e-46
   2.0519861e+01   4.3761383e-46
   2.0567180e+01   4.3269415e-46
   2.0614608e+01   4.2782850e-46
   2.0662145e+01   4.2301629e-46
   2.0709792e+01   4.1825695e-46
   2.0757549e+01   4.1354994e-46
   2.0805416e+01   4.0889468e-46
   2.0853394e+01   4.0429063e-46
   2.0901482e+01   3.9973725e-46
   2.0949681e+01   3.9523400e-46
   2.0997991e+01   3.9078035e-46
   2.1046412e+01   3.8637577e-46
   2.1094945e+01   3.8201975e-46
   2.1143591e+01   3.7771177e-46
   2.1192348e+01   3.7345133e-46
   2.1241218e+01   3.6923791e-46
   2.1290200e+01   3.6507103e-46
   2.1339295e+01   3.6095019e-46
   2.1388504e+01   3.5687491e-46
   2.1437826e+01   3.5284469e-46
   2.1487262e+01   3.4885908e-46
   2.1536812e+01   3.4491760e-46
   2.1586476e+01   3.4101977e-46
   2.1636254e+01   3.3716515e-46
   2.1686148e+01   3.3335328e-46
   2.1736156e+01   3.2958370e-46
   2.1786280e+01   3.2585596e-46
   2.1836519e+01   3.2216964e-46
   2.1886874e+01   3.1852429e-46
   2.1937346e+01   3.1491948e-46
   2.1987933e+01   3.1135478e-46
   2.2038638e+01   3.0782977e-46
   2.2089459e+01   3.0434404e-46
   2.2140397e+01   3.0089716e-46
   2.2191453e+01   2.9748874e-46
   2.2242627e+01   2.9411836e-46
   2.2293919e+01   2.9078563e-46
   2.2345328e+01   2.8749015e-46
   2.2396857e+01   2.8423153e-46
   2.2448504e+01   2.8100938e-46
   2.2500271e+01   2.7782331e-46
   2.2552157e+01   2.7467296e-46
   2.2604162e+01   2.7155793e-46
   2.2656287e+01   2.6847787e-46
   2.2708533e+01   2.6543241e-46
   2.2760899e+01   2.6242117e-46
   2.2813386e+01   2.5944380e-46
   2.2865994e+01   2.5649995e-46
   2.2918723e+01   2.5358926e-46
   2.2971574e+01   2.5071139e-46
   2.3024546e+01   2.4786599e-46
   2.3077641e+01   2.4505271e-46
   2.3130858e+01   2.4227123e-46
   2.3184198e+01   2.3952121e-46
   2.3237661e+01   2.3680231e-46
   2.3291247e+01   2.3411421e-46
   2.3344957e+01   2.3145659e-46
   2.3398791e+01   2.2882913e-46
   2.3452748e+01   2.2623150e-46
   2.3506831e+01   2.2366341e-46
   2.3561038e+01   2.2112453e-46
   2.3615370e+01   2.1861456e-46
   2.3669827e+01   2.1613320e-46
   2.3724410e+01   2.1368014e-46
   2.3779118e+01   2.1125510e-46
   2.3833953e+01   2.0885776e-46
   2.3888914e+01   2.0648785e-46
   2.3944002e+01   2.0414508e-46
   2.3999217e+01   2.0182916e-46
   2.4054560e+01   1.9953980e-46
   2.4110030e+01   1.9727674e-46
   2.4165628e+01   1.9503969e-46
   2.4221354e+01   1.9282838e-46
   2.4277208e+01   1.9064253e-46
   2.4333192e+01   1.8848189e-46
   2.4389304e+01   1.8634619e-46
   2.4445546e+01   1.8423516e-46
   2.4501918e+01   1.8214855e-46
   2.4558420e+01   1.8008609e-46
   2.4615051e+01   1.7804754e-46
   2.4671814e+01   1.7603265e-46
   2.4728707e+01   1.7404116e-46
   2.4785732e+01   1.7207282e-46
   2.4842888e+01   1.7012740e-46
   2.4900176e+01   1.6820466e-46
   2.4957596e+01   1.6630435e-46
   2.5015148e+01   1.6442623e-46
   2.5072833e+01   1.6257009e-46
   2.5130652e+01   1.6073567e-46
   2.5188603e+01   1.5892276e-46
   2.5246688e+01   1.5713113e-46
   2.5304907e+01   1.5536056e-46
   2.5363261e+01   1.5361081e-46
   2.5421748e+01   1.5188168e-46
   2.5480371e+01   1.5017295e-46
   2.5539129e+01   1.4848439e-46
   2.5598023e+01   1.4681580e-46
   2.5657052e+01   1.4516697e-46
   2.5716217e+01   1.4353769e-46
   2.5775519e+01   1.4192774e-46
   2.5834957e+01   1.4033694e-46
   2.5894533e+01   1.3876507e-46
   2.5954246e+01   1.3721194e-46
   2.6014097e+01   1.3567734e-46
   2.6074085e+01   1.3416108e-46
   2.6134212e+01   1.3266298e-46
   2.6194478e+01   1.3118283e-46
   2.6254883e+01   1.2972044e-46
   2.6315427e+01   1.2827563e-46
   2.6376110e+01   1.2684821e-46
   2.6436934e+01   1.2543800e-46
   2.6497898e+01   1.2404482e-46
   2.6559002e+01   1.2266848e-46
   2.6620247e+01   1.2130881e-46
   2.6681634e+01   1.1996562e-46
   2.6743162e+01   1.1863875e-46
   2.6804832e+01   1.1732802e-46
   2.6866644e+01   1.1603326e-46
   2.6928599e+01   1.1475431e-46
   2.6990696e+01   1.1349098e-46
   2.7052937e+01   1.1224312e-46
   2.7115321e+01   1.1101056e-46
   2.7177849e+01   1.0979315e-46
   2.7240522e+01   1.0859071e-46
   2.7303338e+01   1.0740309e-46
   2.7366300e+01   1.0623013e-46
   2.7429407e+01   1.0507167e-46
   2.7492659e+01   1.0392756e-46
   2.7556058e+01   1.0279766e-46
   2.7619602e+01   1.0168179e-46
   2.7683293e+01   1.0057983e-46
   2.7747131e+01   9.9491609e-47
   2.7811116e+01   9.8416991e-47
   2.7875249e+01   9.7355828e-47
   2.7939529e+01   9.6307977e-47
   2.8003958e+01   9.5273294e-47
   2.8068536e+01   9.4251640e-47
   2.8133262e+01   9.3242875e-47
   2.8198137e+01   9.2246860e-47
   2.8263162e+01   9.1263459e-47
   2.8328338e+01   9.0292537e-47
   2.8393663e+01   8.9333960e-47
   2.8459139e+01   8.8387595e-47
   2.8524766e+01   8.7453311e-47
   2.8590544e+01   8.6530979e-47
   2.8656474e+01   8.5620469e-47
   2.8722556e+01   8.4721656e-47
   2.8788791e+01   8.3834412e-47
   2.8855178e+01   8.2958613e-47
   2.8921718e+01   8.2094137e-47
   2.8988412e+01   8.1240860e-47
   2.9055259e+01   8.0398663e-47
   2.9122261e+01   7.9567424e-47
   2.9189417e+01   7.8747028e-47
   2.9256728e+01   7.7937355e-47
   2.9324194e+01   7.7138290e-47
   2.9391816e+01   7.6349718e-47
   2.9459594e+01   7.5571526e-47
   2.9527528e+01   7.4803602e-47
   2.9595619e+01   7.4045833e-47
   2.9663866e+01   7.3298110e-47
   2.9732272e+01   7.2560324e-47
   2.9800834e+01   7.1832367e-47
   2.9869555e+01   7.1114132e-47
   2.9938435e+01   7.0405513e-47
   3.0007473e+01   6.9706406e-47
   3.0076670e+01   6.9016707e-47
   3.0146028e+01   6.8336313e-47
   3.0215544e+01   6.7665124e-47
   3.0285222e+01   6.7003038e-47
   3.0355060e+01   6.6349957e-47
   3.0425059e+01   6.5705781e-47
   3.0495219e+01   6.5070414e-47
   3.0565541e+01   6.4443759e-47
   3.0636026e+01   6.3825721e-47
   3.0706673e+01   6.3216205e-47
   3.0777482e+01   6.2615118e-47
   3.0848456e+01   6.2022367e-47
   3.0919592e+01   6.1437861e-47
   3.0990893e+01   6.0861509e-47
   3.1062358e+01   6.0293221e-47
   3.1133988e+01   5.9732909e-47
   3.1205784e+01   5.9180484e-47
   3.1277744e+01   5.8635860e-47
   3.1349871e+01   5.8098951e-47
   3.1422164e+01   5.7569671e-47
   3.1494624e+01   5.7047936e-47
   3.1567251e+01   5.6533663e-47
   3.1640045e+01   5.6026769e-47
   3.1713007e+01   5.5527172e-47
   3.1786138e+01   5.5034791e-47
   3.1859437e+01   5.4549546e-47
   3.1932905e+01   5.4071358e-47
   3.2006542e+01   5.3600148e-47
   3.2080350e+01   5.3135839e-47
   3.2154327e+01   5.2678354e-47
   3.2228475e+01   5.2227616e-47
   3.2302794e+01   5.1783551e-47
   3.2377285e+01   5.1346084e-47
   3.2451947e+01   5.0915140e-47
   3.2526782e+01   5.0490648e-47
   3.2601789e+01   5.0072534e-47
   3.2676969e+01   4.9660728e-47
   3.2752322e+01   4.9255158e-47
   3.2827849e+01   4.8855754e-47
   3.2903550e+01   4.8462447e-47
   3.2979426e+01   4.8075169e-47
   3.3055477e+01   4.7693851e-47
   3.3131703e+01   4.7318426e-47
   3.3208105e+01   4.6948827e-47
   3.3284683e+01   4.6584990e-47
   3.3361438e+01   4.6226848e-47
   3.3438370e+01   4.5874337e-47
   3.3515479e+01   4.5527393e-47
   3.3592766e+01   4.5185953e-47
   3.3670231e+01   4.4849955e-47
   3.3747875e+01   4.4519336e-47
   3.3825698e+01   4.4194035e-47
   3.3903700e+01   4.3873992e-47
   3.3981882e+01   4.3559146e-47
   3.4060245e+01   4.3249439e-47
   3.4138788e+01   4.2944811e-47
   3.4217512e+01   4.2645205e-47
   3.4296418e+01   4.2350562e-47
   3.4375506e+01   4.2060826e-47
   3.4454776e+01   4.1775940e-47
   3.4534229e+01   4.1495848e-47
   3.4613865e+01   4.1220496e-47
   3.4693685e+01   4.0949828e-47
   3.4773689e+01   4.0683791e-47
   3.4853877e+01   4.0422331e-47
   3.4934251e+01   4.0165395e-47
   3.5014809e+01   3.9912930e-47
   3.5095554e+01   3.9664885e-47
   3.5176484e+01   3.9421208e-47
   3.5257602e+01   3.9181849e-47
   3.5338906e+01   3.8946756e-47
   3.5420398e+01   3.8715881e-47
   3.5502077e+01   3.8489175e-47
   3.5583945e+01   3.8266587e-47
   3.5666002e+01   3.8048070e-47
   3.5748248e+01   3.7833577e-47
   3.5830684e+01   3.7623060e-47
   3.5913310e+01   3.7416472e-47
   3.5996126e+01   3.7213767e-47
   3.6079134e+01   3.7014900e-47
   3.6162332e+01   3.6819824e-47
   3.6245723e+01   3.6628495e-47
   3.6329306e+01   3.6440869e-47
   3.6413082e+01   3.6256902e-47
   3.6497050e+01   3.6076550e-47
   3.6581213e+01   3.5899770e-47
   3.6665569e+01   3.5726520e-47
   3.6750120e+01   3.5556758e-47
   3.6834867e+01   3.5390441e-47
   3.6919808e+01   3.5227529e-47
   3.7004945e+01   3.5067982e-47
   3.7090279e+01   3.4911757e-47
   3.7175810e+01   3.4758816e-47
   3.7261537e+01   3.4609119e-47
   3.7347463e+01   3.4462627e-47
   3.7433586e+01   3.4319301e-47
   3.7519908e+01   3.4179103e-47
   3.7606429e+01   3.4041994e-47
   3.7693150e+01   3.3907938e-47
   3.7780071e+01   3.3776897e-47
   3.7867192e+01   3.3648835e-47
   3.7954514e+01   3.3523715e-47
   3.8042037e+01   3.3401500e-47
   3.8129763e+01   3.3282157e-47
   3.8217690e+01   3.3165649e-47
   3.8305821e+01   3.3051941e-47
   3.8394154e+01   3.2940999e-47
   3.8482691e+01   3.2832790e-47
   3.8571433e+01   3.2727278e-47
   3.8660379e+01   3.2624431e-47
   3.8749530e+01   3.2524216e-47
   3.8838886e+01   3.2426600e-47
   3.8928449e+01   3.2331551e-47
   3.9018219e+01   3.2239036e-47
   3.9108195e+01   3.2149024e-47
   3.9198379e+01   3.2061483e-47
   3.9288770e+01   3.1976384e-47
   3.9379371e+01   3.1893694e-47
   3.9470180e+01   3.1813384e-47
   3.9561198e+01   3.1735423e-47
   3.9652427e+01   3.1659782e-47
   3.9743865e+01   3.1586432e-47
   3.9835515e+01   3.1515343e-47
   3.9927376e+01   3.1446486e-47
   4.0019449e+01   3.1379834e-47
   4.0111734e+01   3.1315357e-47
   4.0204232e+01   3.1253029e-47
   4.0296943e+01   3.1192821e-47
   4.0389868e+01   3.1134706e-47
   4.0483008e+01   3.1078657e-47
   4.0576362e+01   3.1024648e-47
   4.0669931e+01   3.0972652e-47
   4.0763716e+01   3.0922643e-47
   4.0857718e+01   3.0874595e-47
   4.0951936e+01   3.0828483e-47
   4.1046372e+01   3.0784281e-47
   4.1141025e+01   3.0741964e-47
   4.1235896e+01   3.0701508e-47
   4.1330987e+01   3.0662887e-47
   4.1426296e+01   3.0626078e-47
   4.1521826e+01   3.0591057e-47
   4.1617575e+01   3.0557801e-47
   4.1713546e+01   3.0526284e-47
   4.1809737e+01   3.0496485e-47
   4.1906151e+01   3.0468381e-47
   4.2002787e+01   3.0441948e-47
   4.2099646e+01   3.0417165e-47
   4.2196728e+01   3.0394008e-47
   4.2294034e+01   3.0372457e-47
   4.2391564e+01   3.0352489e-47
   4.2489319e+01   3.0334082e-47
   4.2587300e+01   3.0317217e-47
   4.2685507e+01   3.0301871e-47
   4.2783940e+01   3.0288023e-47
   4.2882600e+01   3.0275654e-47
   4.2981488e+01   3.0264742e-47
   4.3080603e+01   3.0255268e-47
   4.3179947e+01   3.0247212e-47
   4.3279521e+01   3.0240554e-47
   4.3379324e+01   3.0235274e-47
   4.3479357e+01   3.0231354e-47
   4.3579620e+01   3.0228773e-47
   4.3680115e+01   3.0227514e-47
   4.3780842e+01   3.0227558e-47
   4.3881801e+01   3.0228886e-47
   4.3982993e+01   3.0231480e-47
   4.4084418e+01   3.0235322e-47
   4.4186077e+01   3.0240394e-47
   4.4287970e+01   3.0246678e-47
   4.4390099e+01   3.0254157e-47
   4.4492463e+01   3.0262814e-47
   4.4595062e+01   3.0272632e-47
   4.4697899e+01   3.0283594e-47
   4.4800973e+01   3.0295682e-47
   4.4904284e+01   3.0308882e-47
   4.5007834e+01   3.0323175e-47
   4.5111622e+01   3.0338547e-47
   4.5215650e+01   3.0354981e-47
   4.5319918e+01   3.0372461e-47
   4.5424426e+01   3.0390972e-47
   4.5529175e+01   3.0410498e-47
   4.5634165e+01   3.0431024e-47
   4.5739398e+01   3.0452536e-47
   4.5844873e+01   3.0475017e-47
   4.5950592e+01   3.0498454e-47
   4.6056554e+01   3.0522831e-47
   4.6162761e+01   3.0548134e-47
   4.6269213e+01   3.0574350e-47
   4.6375910e+01   3.0601463e-47
   4.6482853e+01   3.0629460e-47
   4.6590043e+01   3.0658328e-47
   4.6697480e+01   3.0688052e-47
   4.6805165e+01   3.0718618e-47
   4.6913098e+01   3.0750015e-47
   4.7021280e+01   3.0782228e-47
   4.7129711e+01   3.0815244e-47
   4.7238393e+01   3.0849052e-47
   4.7347325e+01   3.0883636e-47
   4.7456508e+01   3.0918987e-47
   4.7565943e+01   3.0955090e-47
   4.7675631e+01   3.0991933e-47
   4.7785571e+01   3.1029505e-47
   4.7895765e+01   3.1067793e-47
   4.8006213e+01   3.1106785e-47
   4.8116916e+01   3.1146470e-47
   4.8227874e+01   3.1186836e-47
   4.8339087e+01   3.1227872e-47
   4.8450558e+01   3.1269566e-47
   4.8562285e+01   3.1311907e-47
   4.8674270e+01   3.1354883e-47
   4.8786513e+01   3.1398485e-47
   4.8899015e+01   3.1442701e-47
   4.9011777e+01   3.1487520e-47
   4.9124798e+01   3.1532931e-47
   4.9238081e+01   3.1578925e-47
   4.9351624e+01   3.1625491e-47
   4.9465429e+01   3.1672619e-47
   4.9579497e+01   3.1720298e-47
   4.9693828e+01   3.1768519e-47
   4.9808422e+01   3.1817272e-47
   4.9923280e+01   3.1866547e-47
   5.0038404e+01   3.1916334e-47
   5.0153793e+01   3.1966624e-47
   5.0269448e+01   3.2017407e-47
   5.0385370e+01   3.2068674e-47
   5.0501559e+01   3.2120417e-47
   5.0618016e+01   3.2172625e-47
   5.0734741e+01   3.2225290e-47
   5.0851736e+01   3.2278403e-47
   5.0969000e+01   3.2331955e-47
   5.1086535e+01   3.2385938e-47
   5.1204341e+01   3.2440342e-47
   5.1322419e+01   3.2495161e-47
   5.1440769e+01   3.2550384e-47
   5.1559392e+01   3.2606004e-47
   5.1678288e+01   3.2662013e-47
   5.1797458e+01   3.2718403e-47
   5.1916904e+01   3.2775165e-47
   5.2036625e+01   3.2832293e-47
   5.2156621e+01   3.2889777e-47
   5.2276895e+01   3.2947611e-47
   5.2397446e+01   3.3005786e-47
   5.2518275e+01   3.3064296e-47
   5.2639382e+01   3.3123133e-47
   5.2760769e+01   3.3182289e-47
   5.2882436e+01   3.3241758e-47
   5.3004383e+01   3.3301532e-47
   5.3126612e+01   3.3361604e-47
   5.3249122e+01   3.3421967e-47
   5.3371915e+01   3.3482615e-47
   5.3494991e+01   3.3543540e-47
   5.3618351e+01   3.3604736e-47
   5.3741995e+01   3.3666196e-47
   5.3865925e+01   3.3727914e-47
   5.3990140e+01   3.3789883e-47
   5.4114642e+01   3.3852097e-47
   5.4239430e+01   3.3914550e-47
   5.4364507e+01   3.3977235e-47
   5.4489872e+01   3.4040146e-47
   5.4615526e+01   3.4103277e-47
   5.4741470e+01   3.4166622e-47
   5.4867704e+01   3.4230175e-47
   5.4994229e+01   3.4293931e-47
   5.5121046e+01   3.4357883e-47
   5.5248156e+01   3.4422026e-47
   5.5375559e+01   3.4486354e-47
   5.5503255e+01   3.4550862e-47
   5.5631246e+01   3.4615544e-47
   5.5759532e+01   3.4680395e-47
   5.5888114e+01   3.4745409e-47
   5.6016992e+01   3.4810582e-47
   5.6146168e+01   3.4875907e-47
   5.6275642e+01   3.4941380e-47
   5.6405414e+01   3.5006996e-47
   5.6535485e+01   3.5072750e-47
   5.6665856e+01   3.5138637e-47
   5.6796528e+01   3.5204651e-47
   5.6927501e+01   3.5270789e-47
   5.7058777e+01   3.5337045e-47
   5.7190355e+01   3.5403414e-47
   5.7322236e+01   3.5469893e-47
   5.7454421e+01   3.5536476e-47
   5.7586912e+01   3.5603159e-47
   5.7719708e+01   3.5669938e-47
   5.7852810e+01   3.5736807e-47
   5.7986219e+01   3.5803764e-47
   5.8119935e+01   3.5870803e-47
   5.8253960e+01   3.5937920e-47
   5.8388294e+01   3.6005112e-47
   5.8522938e+01   3.6072373e-47
   5.8657893e+01   3.6139701e-47
   5.8793158e+01   3.6207091e-47
   5.8928736e+01   3.6274538e-47
   5.9064626e+01   3.6342040e-47
   5.9200829e+01   3.6409592e-47
   5.9337347e+01   3.6477191e-47
   5.9474179e+01   3.6544833e-47
   5.9611327e+01   3.6612514e-47
   5.9748791e+01   3.6680230e-47
   5.9886572e+01   3.6747978e-47
   6.0024671e+01   3.6815755e-47
   6.0163089e+01   3.6883557e-47
   6.0301825e+01   3.6951381e-47
   6.0440882e+01   3.7019222e-47
   6.0580259e+01   3.7087079e-47
   6.0719957e+01   3.7154947e-47
   6.0859978e+01   3.7222823e-47
   6.1000322e+01   3.7290705e-47
   6.1140989e+01   3.7358588e-47
   6.1281980e+01   3.7426471e-47
   6.1423297e+01   3.7494349e-47
   6.1564940e+01   3.7562220e-47
   6.1706909e+01   3.7630081e-47
   6.1849206e+01   3.7697929e-47
   6.1991830e+01   3.7765761e-47
   6.2134784e+01   3.7833575e-47
   6.2278067e+01   3.7901366e-47
   6.2421681e+01   3.7969134e-47
   6.2565626e+01   3.8036874e-47
   6.2709903e+01   3.8104585e-47
   6.2854512e+01   3.8172263e-47
   6.2999455e+01   3.8239906e-47
   6.3144732e+01   3.8307512e-47
   6.3290345e+01   3.8375078e-47
   6.3436293e+01   3.8442601e-47
   6.3582577e+01   3.8510080e-47
   6.3729199e+01   3.8577511e-47
   6.3876159e+01   3.8644892e-47
   6.4023458e+01   3.8712222e-47
   6.4171097e+01   3.8779497e-47
   6.4319076e+01   3.8846715e-47
   6.4467396e+01   3.8913875e-47
   6.4616058e+01   3.8980974e-47
   6.4765063e+01   3.9048009e-47
   6.4914412e+01   3.9114979e-47
   6.5064105e+01   3.9181882e-47
   6.5214144e+01   3.9248716e-47
   6.5364528e+01   3.9315478e-47
   6.5515259e+01   3.9382167e-47
   6.5666338e+01   3.9448780e-47
   6.5817765e+01   3.9515316e-47
   6.5969541e+01   3.9581773e-47
   6.6121667e+01   3.9648149e-47
   6.6274144e+01   3.9714442e-47
   6.6426973e+01   3.9780650e-47
   6.6580154e+01   3.9846772e-47
   6.6733688e+01   3.9912806e-47
   6.6887577e+01   3.9978750e-47
   6.7041820e+01   4.0044603e-47
   6.7196419e+01   4.0110362e-47
   6.7351374e+01   4.0176026e-47
   6.7506687e+01   4.0241595e-47
   6.7662358e+01   4.0307065e-47
   6.7818388e+01   4.0372436e-47
   6.7974778e+01   4.0437705e-47
   6.8131528e+01   4.0502873e-47
   6.8288640e+01   4.0567936e-47
   6.8446114e+01   4.0632894e-47
   6.8603951e+01   4.0697745e-47
   6.8762153e+01   4.0762488e-47
   6.8920719e+01   4.0827122e-47
   6.9079650e+01   4.0891645e-47
   6.9238949e+01   4.0956056e-47
   6.9398614e+01   4.1020353e-47
   6.9558648e+01   4.1084536e-47
   6.9719051e+01   4.1148603e-47
   6.9879823e+01   4.1212553e-47
   7.0040967e+01   4.1276384e-47
   7.0202482e+01   4.1340097e-47
   7.0364369e+01   4.1403688e-47
   7.0526630e+01   4.1467158e-47
   7.0689265e+01   4.1530506e-47
   7.0852275e+01   4.1593729e-47
   7.1015661e+01   4.1656828e-47
   7.1179423e+01   4.1719801e-47
   7.1343564e+01   4.1782647e-47
   7.1508083e+01   4.1845365e-47
   7.1672981e+01   4.1907955e-47
   7.1838259e+01   4.1970415e-47
   7.2003919e+01   4.2032744e-47
   7.2169960e+01   4.2094941e-47
   7.2336385e+01   4.2157007e-47
   7.2503193e+01   4.2218938e-47
   7.2670386e+01   4.2280736e-47
   7.2837964e+01   4.2342399e-47
   7.3005929e+01   4.2403926e-47
   7.3174282e+01   4.2465317e-47
   7.3343022e+01   4.2526570e-47
   7.3512152e+01   4.2587686e-47
   7.3681671e+01   4.2648663e-47
   7.3851582e+01   4.2709500e-47
   7.4021884e+01   4.2770197e-47
   7.4192579e+01   4.2830753e-47
   7.4363668e+01   4.2891168e-47
   7.4535151e+01   4.2951441e-47
   7.4707029e+01   4.3011571e-47
   7.4879304e+01   4.3071558e-47
   7.5051977e+01   4.3131401e-47
   7.5225047e+01   4.3191100e-47
   7.5398517e+01   4.3250653e-47
   7.5572386e+01   4.3310061e-47
   7.5746657e+01   4.3369323e-47
   7.5921329e+01   4.3428439e-47
   7.6096404e+01   4.3487407e-47
   7.6271883e+01   4.3546228e-47
   7.6447767e+01   4.3604900e-47
   7.6624056e+01   4.3663425e-47
   7.6800751e+01   4.3721800e-47
   7.6977855e+01   4.3780026e-47
   7.7155366e+01   4.3838103e-47
   7.7333287e+01   4.3896029e-47
   7.7511618e+01   4.3953805e-47
   7.7690361e+01   4.4011430e-47
   7.7869515e+01   4.4068904e-47
   7.8049083e+01   4.4126227e-47
   7.8229065e+01   4.4183397e-47
   7.8409461e+01   4.4240416e-47
   7.8590274e+01   4.4297282e-47
   7.8771504e+01   4.4353995e-47
   7.8953152e+01   4.4410556e-47
   7.9135218e+01   4.4466963e-47
   7.9317705e+01   4.4523217e-47
   7.9500612e+01   4.4579317e-47
   7.9683941e+01   4.4635263e-47
   7.9867693e+01   4.4691055e-47
   8.0051868e+01   4.4746693e-47
   8.0236468e+01   4.4802176e-47
   8.0421494e+01   4.4857505e-47
   8.0606947e+01   4.4912679e-47
   8.0792827e+01   4.4967698e-47
   8.0979136e+01   4.5022561e-47
   8.1165874e+01   4.5077270e-47
   8.1353044e+01   4.5131823e-47
   8.1540644e+01   4.5186220e-47
   8.1728678e+01   4.5240463e-47
   8.1917145e+01   4.5294549e-47
   8.2106046e+01   4.5348480e-47
   8.2295383e+01   4.5402254e-47
   8.2485157e+01   4.5455874e-47
   8.2675369e+01   4.5509337e-47
   8.2866019e+01   4.5562644e-47
   8.3057108e+01   4.5615795e-47
   8.3248639e+01   4.5668790e-47
   8.3440611e+01   4.5721630e-47
   8.3633025e+01   4.5774313e-47
   8.3825884e+01   4.5826840e-47
   8.4019187e+01   4.5879212e-47
   8.4212936e+01   4.5931427e-47
   8.4407131e+01   4.5983487e-47
   8.4601775e+01   4.6035391e-47
   8.4796867e+01   4.6087139e-47
   8.4992409e+01   4.6138731e-47
   8.5188403e+01   4.6190167e-47
   8.5384848e+01   4.6241448e-47
   8.5581746e+01   4.6292574e-47
   8.5779098e+01   4.6343544e-47
   8.5976905e+01   4.6394359e-47
   8.6175169e+01   4.6445019e-47
   8.6373889e+01   4.6495523e-47
   8.6573068e+01   4.6545873e-47
   8.6772706e+01   4.6596068e-47
   8.6972805e+01   4.6646108e-47
   8.7173365e+01   4.6695994e-47
   8.7374387e+01   4.6745725e-47
   8.7575873e+01   4.6795302e-47
   8.7777824e+01   4.6844725e-47
   8.7980240e+01   4.6893995e-47
   8.8183123e+01   4.6943110e-47
   8.8386474e+01   4.6992072e-47
   8.8590294e+01   4.7040881e-47
   8.8794584e+01   4.7089537e-47
   8.8999345e+01   4.7138040e-47
   8.9204578e+01   4.7186390e-47
   8.9410285e+01   4.7234588e-47
   8.9616465e+01   4.7282634e-47
   8.9823122e+01   4.7330527e-47
   9.0030254e+01   4.7378269e-47
   9.0237865e+01   4.7425859e-47
   9.0445954e+01   4.7473298e-47
   9.0654523e+01   4.7520587e-47
   9.0863573e+01   4.7567724e-47
   9.1073105e+01   4.7614711e-47
   9.1283120e+01   4.7661548e-47
   9.1493620e+01   4.7708235e-47
   9.1704605e+01   4.7754772e-47
   9.1916077e+01   4.7801160e-47
   9.2128036e+01   4.7847399e-47
   9.2340484e+01   4.7893489e-47
   9.2553422e+01   4.7939430e-47
   9.2766850e+01   4.7985224e-47
   9.2980771e+01   4.8030870e-47
   9.3195186e+01   4.8076368e-47
   9.3410095e+01   4.8121719e-47
   9.3625499e+01   4.8166923e-47
   9.3841400e+01   4.8211981e-47
   9.4057799e+01   4.8256893e-47
   9.4274697e+01   4.8301658e-47
   9.4492095e+01   4.8346279e-47
   9.4709995e+01   4.8390754e-47
   9.4928397e+01   4.8435084e-47
   9.5147302e+01   4.8479270e-47
   9.5366713e+01   4.8523312e-47
   9.5586629e+01   4.8567210e-47
   9.5807053e+01   4.8610965e-47
   9.6027984e+01   4.8654577e-47
   9.6249426e+01   4.8698046e-47
   9.6471378e+01   4.8741373e-47
   9.6693841e+01   4.8784559e-47
   9.6916818e+01   4.8827603e-47
   9.7140309e+01   4.8870506e-47
   9.7364315e+01   4.8913268e-47
   9.7588838e+01   4.8955890e-47
   9.7813879e+01   4.8998373e-47
   9.8039438e+01   4.9040715e-47
   9.8265518e+01   4.9082919e-47
   9.8492119e+01   4.9124985e-47
   9.8719243e+01   4.9166912e-47
   9.8946890e+01   4.9208701e-47
   9.9175062e+01   4.9250354e-47
   9.9403761e+01   4.9291869e-47
   9.9632987e+01   4.9333248e-47
   9.9862741e+01   4.9374490e-47
   1.0009303e+02   4.9415598e-47
   1.0032384e+02   4.9456570e-47
   1.0055519e+02   4.9497407e-47
   1.0078707e+02   4.9538110e-47
   1.0101948e+02   4.9578679e-47
   1.0125244e+02   4.9619115e-47
   1.0148593e+02   4.9659418e-47
   1.0171995e+02   4.9699589e-47
   1.0195452e+02   4.9739627e-47
   1.0218963e+02   4.9779534e-47
   1.0242528e+02   4.9819310e-47
   1.0266147e+02   4.9858956e-47
   1.0289821e+02   4.9898471e-47
   1.0313549e+02   4.9937856e-47
   1.0337332e+02   4.9977113e-47
   1.0361170e+02   5.0016240e-47
   1.0385063e+02   5.0055240e-47
   1.0409011e+02   5.0094111e-47
   1.0433015e+02   5.0132856e-47
   1.0457073e+02   5.0171473e-47
   1.0481187e+02   5.0209965e-47
   1.0505357e+02   5.0248330e-47
   1.0529582e+02   5.0286570e-47
   1.0553864e+02   5.0324685e-47
   1.0578201e+02   5.0362676e-47
   1.0602594e+02   5.0400543e-47
   1.0627044e+02   5.0438287e-47
   1.0651550e+02   5.0475908e-47
   1.0676113e+02   5.0513407e-47
   1.0700732e+02   5.0550783e-47
   1.0725408e+02   5.0588038e-47
   1.0750141e+02   5.0625173e-47
   1.0774931e+02   5.0662187e-47
   1.0799778e+02   5.0699081e-47
   1.0824682e+02   5.0735857e-47
   1.0849644e+02   5.0772513e-47
   1.0874663e+02   5.0809051e-47
   1.0899740e+02   5.0845471e-47
   1.0924875e+02   5.0881774e-47
   1.0950068e+02   5.0917960e-47
   1.0975319e+02   5.0954030e-47
   1.1000628e+02   5.0989984e-47
   1.1025996e+02   5.1025824e-47
   1.1051422e+02   5.1061548e-47
   1.1076906e+02   5.1097159e-47
   1.1102450e+02   5.1132656e-47
   1.1128052e+02   5.1168039e-47
   1.1153714e+02   5.1203311e-47
   1.1179434e+02   5.1238470e-47
   1.1205214e+02   5.1273518e-47
   1.1231053e+02   5.1308455e-47
   1.1256952e+02   5.1343281e-47
   1.1282911e+02   5.1377998e-47
   1.1308929e+02   5.1412605e-47
   1.1335008e+02   5.1447104e-47
   1.1361146e+02   5.1481494e-47
   1.1387345e+02   5.1515777e-47
   1.1413605e+02   5.1549952e-47
   1.1439924e+02   5.1584021e-47
   1.1466305e+02   5.1617984e-47
   1.1492746e+02   5.1651841e-47
   1.1519249e+02   5.1685593e-47
   1.1545812e+02   5.1719241e-47
   1.1572437e+02   5.1752785e-47
   1.1599123e+02   5.1786226e-47
   1.1625871e+02   5.1819564e-47
   1.1652680e+02   5.1852799e-47
   1.1679551e+02   5.1885933e-47
   1.1706484e+02   5.1918966e-47
   1.1733480e+02   5.1951898e-47
   1.1760537e+02   5.1984730e-47
   1.1787657e+02   5.2017462e-47
   1.1814839e+02   5.2050096e-47
   1.1842085e+02   5.2082631e-47
   1.1869392e+02   5.2115068e-47
   1.1896763e+02   5.2147408e-47
   1.1924197e+02   5.2179652e-47
   1.1951695e+02   5.2211799e-47
   1.1979255e+02   5.2243851e-47
   1.2006880e+02   5.2275807e-47
   1.2034568e+02   5.2307669e-47
   1.2062319e+02   5.2339437e-47
   1.2090135e+02   5.2371112e-47
   1.2118015e+02   5.2402694e-47
   1.2145959e+02   5.2434184e-47
   1.2173968e+02   5.2465582e-47
   1.2202041e+02   5.2496889e-47
   1.2230179e+02   5.2528105e-47
   1.2258382e+02   5.2559231e-47
   1.2286650e+02   5.2590268e-47
   1.2314983e+02   5.2621216e-47
   1.2343382e+02   5.2652076e-47
   1.2371846e+02   5.2682848e-47
   1.2400375e+02   5.2713533e-47
   1.2428971e+02   5.2744131e-47
   1.2457632e+02   5.2774643e-47
   1.2486359e+02   5.2805069e-47
   1.2515153e+02   5.2835411e-47
   1.2544013e+02   5.2865668e-47
   1.2572940e+02   5.2895842e-47
   1.2601933e+02   5.2925932e-47
   1.2630993e+02   5.2955940e-47
   1.2660120e+02   5.2985865e-47
   1.2689314e+02   5.3015709e-47
   1.2718576e+02   5.3045472e-47
   1.2747905e+02   5.3075155e-47
   1.2777302e+02   5.3104758e-47
   1.2806767e+02   5.3134281e-47
   1.2836299e+02   5.3163726e-47
   1.2865900e+02   5.3193093e-47
   1.2895569e+02   5.3222382e-47
   1.2925306e+02   5.3251594e-47
   1.2955112e+02   5.3280730e-47
   1.2984986e+02   5.3309790e-47
   1.3014930e+02   5.3338775e-47
   1.3044942e+02   5.3367685e-47
   1.3075024e+02   5.3396521e-47
   1.3105175e+02   5.3425284e-47
   1.3135396e+02   5.3453973e-47
   1.3165686e+02   5.3482590e-47
   1.3196046e+02   5.3511135e-47
   1.3226476e+02   5.3539609e-47
   1.3256977e+02   5.3568013e-47
   1.3287547e+02   5.3596346e-47
   1.3318189e+02   5.3624609e-47
   1.3348901e+02   5.3652804e-47
   1.3379683e+02   5.3680930e-47
   1.3410537e+02   5.3708988e-47
   1.3441462e+02   5.3736979e-47
   1.3472458e+02   5.3764904e-47
   1.3503525e+02   5.3792762e-47
   1.3534665e+02   5.3820555e-47
   1.3565876e+02   5.3848283e-47
   1.3597159e+02   5.3875946e-47
   1.3628514e+02   5.3903545e-47
   1.3659941e+02   5.3931082e-47
   1.3691441e+02   5.3958555e-47
   1.3723014e+02   5.3985967e-47
   1.3754659e+02   5.4013317e-47
   1.3786377e+02   5.4040606e-47
   1.3818169e+02   5.4067834e-47
   1.3850034e+02   5.4095003e-47
   1.3881972e+02   5.4122112e-47
   1.3913984e+02   5.4149163e-47
   1.3946070e+02   5.4176156e-47
   1.3978229e+02   5.4203091e-47
   1.4010463e+02   5.4229969e-47
   1.4042772e+02   5.4256791e-47
   1.4075154e+02   5.4283557e-47
   1.4107612e+02   5.4310268e-47
   1.4140144e+02   5.4336924e-47
   1.4172751e+02   5.4363526e-47
   1.4205434e+02   5.4390075e-47
   1.4238192e+02   5.4416570e-47
   1.4271025e+02   5.4443013e-47
   1.4303934e+02   5.4469405e-47
   1.4336919e+02   5.4495745e-47
   1.4369980e+02   5.4522034e-47
   1.4403117e+02   5.4548274e-47
   1.4436331e+02   5.4574464e-47
   1.4469621e+02   5.4600605e-47
   1.4502988e+02   5.4626698e-47
   1.4536432e+02   5.4652742e-47
   1.4569954e+02   5.4678740e-47
   1.4603552e+02   5.4704691e-47
   1.4637228e+02   5.4730596e-47
   1.4670981e+02   5.4756455e-47
   1.4704813e+02   5.4782270e-47
   1.4738722e+02   5.4808040e-47
   1.4772710e+02   5.4833767e-47
   1.4806776e+02   5.4859450e-47
   1.4840920e+02   5.4885090e-47
   1.4875144e+02   5.4910689e-47
   1.4909446e+02   5.4936246e-47
   1.4943827e+02   5.4961762e-47
   1.4978288e+02   5.4987238e-47
   1.5012828e+02   5.5012674e-47
   1.5047447e+02   5.5038071e-47
   1.5082147e+02   5.5063429e-47
   1.5116927e+02   5.5088749e-47
   1.5151786e+02   5.5114032e-47
   1.5186726e+02   5.5139278e-47
   1.5221747e+02   5.5164488e-47
   1.5256849e+02   5.5189661e-47
   1.5292031e+02   5.5214800e-47
   1.5327295e+02   5.5239904e-47
   1.5362639e+02   5.5264974e-47
   1.5398066e+02   5.5290011e-47
   1.5433574e+02   5.5315014e-47
   1.5469164e+02   5.5339986e-47
   1.5504836e+02   5.5364925e-47
   1.5540590e+02   5.5389834e-47
   1.5576427e+02   5.5414712e-47
   1.5612346e+02   5.5439560e-47
   1.5648348e+02   5.5464378e-47
   1.5684434e+02   5.5489168e-47
   1.5720602e+02   5.5513929e-47
   1.5756854e+02   5.5538663e-47
   1.5793189e+02   5.5563369e-47
   1.5829608e+02   5.5588049e-47
   1.5866112e+02   5.5612703e-47
   1.5902699e+02   5.5637331e-47
   1.5939371e+02   5.5661935e-47
   1.5976127e+02   5.5686515e-47
   1.6012968e+02   5.5711070e-47
   1.6049894e+02   5.5735603e-47
   1.6086905e+02   5.5760113e-47
   1.6124002e+02   5.5784601e-47
   1.6161184e+02   5.5809068e-47
   1.6198452e+02   5.5833514e-47
   1.6235805e+02   5.5857939e-47
   1.6273245e+02   5.5882345e-47
   1.6310772e+02   5.5906732e-47
   1.6348384e+02   5.5931101e-47
   1.6386084e+02   5.5955451e-47
   1.6423870e+02   5.5979784e-47
   1.6461744e+02   5.6004101e-47
   1.6499705e+02   5.6028401e-47
   1.6537753e+02   5.6052685e-47
   1.6575889e+02   5.6076955e-47
   1.6614114e+02   5.6101209e-47
   1.6652426e+02   5.6125451e-47
   1.6690826e+02   5.6149678e-47
   1.6729316e+02   5.6173893e-47
   1.6767894e+02   5.6198096e-47
   1.6806560e+02   5.6222287e-47
   1.6845316e+02   5.6246468e-47
   1.6884162e+02   5.6270637e-47
   1.6923097e+02   5.6294797e-47
   1.6962122e+02   5.6318948e-47
   1.7001236e+02   5.6343090e-47
   1.7040441e+02   5.6367224e-47
   1.7079737e+02   5.6391350e-47
   1.7119123e+02   5.6415469e-47
   1.7158600e+02   5.6439582e-47
   1.7198168e+02   5.6463689e-47
   1.7237827e+02   5.6487791e-47
   1.7277577e+02   5.6511889e-47
   1.7317419e+02   5.6535982e-47
   1.7357354e+02   5.6560072e-47
   1.7397380e+02   5.6584159e-47
   1.7437498e+02   5.6608243e-47
   1.7477709e+02   5.6632326e-47
   1.7518013e+02   5.6656408e-47
   1.7558410e+02   5.6680489e-47
   1.7598899e+02   5.6704570e-47
   1.7639483e+02   5.6728652e-47
   1.7680159e+02   5.6752735e-47
   1.7720930e+02   5.6776819e-47
   1.7761795e+02   5.6800906e-47
   1.7802753e+02   5.6824996e-47
   1.7843807e+02   5.6849090e-47
   1.7884955e+02   5.6873187e-47
   1.7926198e+02   5.6897290e-47
   1.7967535e+02   5.6921397e-47
   1.8008969e+02   5.6945511e-47
   1.8050498e+02   5.6969630e-47
   1.8092122e+02   5.6993757e-47
   1.8133843e+02   5.7017892e-47
   1.8175659e+02   5.7042035e-47
   1.8217573e+02   5.7066186e-47
   1.8259583e+02   5.7090347e-47
   1.8301689e+02   5.7114518e-47
   1.8343893e+02   5.7138700e-47
   1.8386194e+02   5.7162892e-47
   1.8428593e+02   5.7187097e-47
   1.8471089e+02   5.7211314e-47
   1.8513684e+02   5.7235543e-47
   1.8556377e+02   5.7259787e-47
   1.8599168e+02   5.7284044e-47
   1.8642058e+02   5.7308316e-47
   1.8685046e+02   5.7332603e-47
   1.8728134e+02   5.7356907e-47
   1.8771321e+02   5.7381227e-47
   1.8814608e+02   5.7405563e-47
   1.8857995e+02   5.7429918e-47
   1.8901482e+02   5.7454291e-47
   1.8945068e+02   5.7478683e-47
   1.8988756e+02   5.7503094e-47
   1.9032544e+02   5.7527525e-47
   1.9076433e+02   5.7551977e-47
   1.9120424e+02   5.7576451e-47
   1.9164516e+02   5.7600946e-47
   1.9208709e+02   5.7625464e-47
   1.9253005e+02   5.7650004e-47
   1.9297402e+02   5.7674569e-47
   1.9341902e+02   5.7699157e-47
   1.9386505e+02   5.7723771e-47
   1.9431210e+02   5.7748410e-47
   1.9476019e+02   5.7773075e-47
   1.9520930e+02   5.7797767e-47
   1.9565946e+02   5.7822486e-47
   1.9611065e+02   5.7847234e-47
   1.9656288e+02   5.7872009e-47
   1.9701616e+02   5.7896814e-47
   1.9747048e+02   5.7921649e-47
   1.9792585e+02   5.7946514e-47
   1.9838227e+02   5.7971410e-47
   1.9883974e+02   5.7996337e-47
   1.9929826e+02   5.8021297e-47
   1.9975785e+02   5.8046289e-47
   2.0021849e+02   5.8071315e-47
   2.0068020e+02   5.8096375e-47
   2.0114297e+02   5.8121469e-47
   2.0160680e+02   5.8146599e-47
   2.0207171e+02   5.8171765e-47
   2.0253769e+02   5.8196967e-47
   2.0300474e+02   5.8222206e-47
   2.0347287e+02   5.8247483e-47
   2.0394208e+02   5.8272799e-47
   2.0441237e+02   5.8298153e-47
   2.0488375e+02   5.8323547e-47
   2.0535621e+02   5.8348981e-47
   2.0582977e+02   5.8374456e-47
   2.0630441e+02   5.8399973e-47
   2.0678015e+02   5.8425532e-47
   2.0725699e+02   5.8451133e-47
   2.0773492e+02   5.8476778e-47
   2.0821396e+02   5.8502466e-47
   2.0869411e+02   5.8528200e-47
   2.0917536e+02   5.8553978e-47
   2.0965772e+02   5.8579803e-47
   2.1014119e+02   5.8605674e-47
   2.1062578e+02   5.8631592e-47
   2.1111148e+02   5.8657557e-47
   2.1159831e+02   5.8683572e-47
   2.1208625e+02   5.8709635e-47
   2.1257533e+02   5.8735748e-47
   2.1306553e+02   5.8761911e-47
   2.1355686e+02   5.8788126e-47
   2.1404932e+02   5.8814392e-47
   2.1454292e+02   5.8840710e-47
   2.1503766e+02   5.8867081e-47
   2.1553354e+02   5.8893506e-47
   2.1603056e+02   5.8919984e-47
   2.1652873e+02   5.8946518e-47
   2.1702804e+02   5.8973107e-47
   2.1752851e+02   5.8999753e-47
   2.1803013e+02   5.9026455e-47
   2.1853291e+02   5.9053214e-47
   2.1903685e+02   5.9080032e-47
   2.1954195e+02   5.9106908e-47
   2.2004822e+02   5.9133844e-47
   2.2055565e+02   5.9160840e-47
   2.2106425e+02   5.9187896e-47
   2.2157403e+02   5.9215014e-47
   2.2208498e+02   5.9242194e-47
   2.2259711e+02   5.9269437e-47
   2.2311042e+02   5.9296743e-47
   2.2362491e+02   5.9324113e-47
   2.2414060e+02   5.9351548e-47
   2.2465747e+02   5.9379048e-47
   2.2517553e+02   5.9406614e-47
   2.2569478e+02   5.9434247e-47
   2.2621524e+02   5.9461947e-47
   2.2673689e+02   5.9489715e-47
   2.2725975e+02   5.9517552e-47
   2.2778381e+02   5.9545459e-47
   2.2830908e+02   5.9573435e-47
   2.2883556e+02   5.9601482e-47
   2.2936326e+02   5.9629601e-47
   2.2989217e+02   5.9657792e-47
   2.3042231e+02   5.9686055e-47
   2.3095366e+02   5.9714392e-47
   2.3148624e+02   5.9742804e-47
   2.3202005e+02   5.9771290e-47
   2.3255509e+02   5.9799851e-47
   2.3309137e+02   5.9828489e-47
   2.3362888e+02   5.9857204e-47
   2.3416763e+02   5.9885997e-47
   2.3470762e+02   5.9914868e-47
   2.3524886e+02   5.9943817e-47
   2.3579134e+02   5.9972847e-47
   2.3633508e+02   6.0001957e-47
   2.3688007e+02   6.0031148e-47
   2.3742632e+02   6.0060421e-47
   2.3797382e+02   6.0089777e-47
   2.3852259e+02   6.0119215e-47
   2.3907263e+02   6.0148738e-47
   2.3962393e+02   6.0178345e-47
   2.4017651e+02   6.0208038e-47
   2.4073036e+02   6.0237817e-47
   2.4128548e+02   6.0267682e-47
   2.4184189e+02   6.0297636e-47
   2.4239958e+02   6.0327677e-47
   2.4295855e+02   6.0357807e-47
   2.4351882e+02   6.0388028e-47
   2.4408037e+02   6.0418338e-47
   2.4464322e+02   6.0448740e-47
   2.4520737e+02   6.0479233e-47
   2.4577282e+02   6.0509819e-47
   2.4633958e+02   6.0540499e-47
   2.4690764e+02   6.0571272e-47
   2.4747701e+02   6.0602141e-47
   2.4804769e+02   6.0633105e-47
   2.4861969e+02   6.0664165e-47
   2.4919301e+02   6.0695322e-47
   2.4976765e+02   6.0726577e-47
   2.5034362e+02   6.0757931e-47
   2.5092091e+02   6.0789383e-47
   2.5149954e+02   6.0820936e-47
   2.5207950e+02   6.0852590e-47
   2.5266080e+02   6.0884345e-47
   2.5324343e+02   6.0916203e-47
   2.5382742e+02   6.0948163e-47
   2.5441274e+02   6.0980227e-47
   2.5499942e+02   6.1012396e-47
   2.5558745e+02   6.1044670e-47
   2.5617684e+02   6.1077051e-47
   2.5676758e+02   6.1109538e-47
   2.5735969e+02   6.1142133e-47
   2.5795317e+02   6.1174836e-47
   2.5854801e+02   6.1207649e-47
   2.5914422e+02   6.1240571e-47
   2.5974181e+02   6.1273604e-47
   2.6034078e+02   6.1306749e-47
   2.6094112e+02   6.1340006e-47
   2.6154286e+02   6.1373376e-47
   2.6214598e+02   6.1406860e-47
   2.6275049e+02   6.1440459e-47
   2.6335639e+02   6.1474174e-47
   2.6396369e+02   6.1508004e-47
   2.6457240e+02   6.1541952e-47
   2.6518250e+02   6.1576017e-47
   2.6579401e+02   6.1610202e-47
   2.6640694e+02   6.1644506e-47
   2.6702127e+02   6.1678930e-47
   2.6763703e+02   6.1713475e-47
   2.6825420e+02   6.1748142e-47
   2.6887280e+02   6.1782932e-47
   2.6949282e+02   6.1817845e-47
   2.7011427e+02   6.1852883e-47
   2.7073716e+02   6.1888046e-47
   2.7136148e+02   6.1923335e-47
   2.7198724e+02   6.1958752e-47
   2.7261444e+02   6.1994295e-47
   2.7324310e+02   6.2029968e-47
   2.7387320e+02   6.2065769e-47
   2.7450475e+02   6.2101701e-47
   2.7513776e+02   6.2137764e-47
   2.7577223e+02   6.2173959e-47
   2.7640816e+02   6.2210286e-47
   2.7704556e+02   6.2246748e-47
   2.7768443e+02   6.2283343e-47
   2.7832477e+02   6.2320074e-47
   2.7896659e+02   6.2356941e-47
   2.7960989e+02   6.2393946e-47
   2.8025467e+02   6.2431088e-47
   2.8090094e+02   6.2468369e-47
   2.8154870e+02   6.2505789e-47
   2.8219796e+02   6.2543350e-47
   2.8284871e+02   6.2581052e-47
   2.8350096e+02   6.2618897e-47
   2.8415471e+02   6.2656885e-47
   2.8480998e+02   6.2695017e-47
   2.8546675e+02   6.2733293e-47
   2.8612504e+02   6.2771716e-47
   2.8678485e+02   6.2810285e-47
   2.8744617e+02   6.2849002e-47
   2.8810903e+02   6.2887868e-47
   2.8877341e+02   6.2926882e-47
   2.8943932e+02   6.2966047e-47
   2.9010677e+02   6.3005364e-47
   2.9077576e+02   6.3044832e-47
   2.9144629e+02   6.3084454e-47
   2.9211837e+02   6.3124229e-47
   2.9279200e+02   6.3164159e-47
   2.9346718e+02   6.3204246e-47
   2.9414391e+02   6.3244488e-47
   2.9482221e+02   6.3284889e-47
   2.9550207e+02   6.3325448e-47
   2.9618350e+02   6.3366167e-47
   2.9686651e+02   6.3407046e-47
   2.9755108e+02   6.3448086e-47
   2.9823724e+02   6.3489289e-47
   2.9892498e+02   6.3530656e-47
   2.9961430e+02   6.3572186e-47
   3.0030521e+02   6.3613882e-47
   3.0099772e+02   6.3655744e-47
   3.0169182e+02   6.3697773e-47
   3.0238752e+02   6.3739970e-47
   3.0308483e+02   6.3782337e-47
   3.0378375e+02   6.3824873e-47
   3.0448428e+02   6.3867580e-47
   3.0518642e+02   6.3910460e-47
   3.0589018e+02   6.3953512e-47
   3.0659557e+02   6.3996739e-47
   3.0730258e+02   6.4040140e-47
   3.0801122e+02   6.4083718e-47
   3.0872150e+02   6.4127472e-47
   3.0943341e+02   6.4171405e-47
   3.1014697e+02   6.4215516e-47
   3.1086217e+02   6.4259808e-47
   3.1157902e+02   6.4304280e-47
   3.1229752e+02   6.4348935e-47
   3.1301768e+02   6.4393773e-47
   3.1373950e+02   6.4438794e-47
   3.1446299e+02   6.4484001e-47
   3.1518814e+02   6.4529394e-47
   3.1591497e+02   6.4574974e-47
   3.1664347e+02   6.4620743e-47
   3.1737365e+02   6.4666701e-47
   3.1810552e+02   6.4712849e-47
   3.1883907e+02   6.4759188e-47
   3.1957432e+02   6.4805720e-47
   3.2031126e+02   6.4852445e-47
   3.2104990e+02   6.4899365e-47
   3.2179024e+02   6.4946481e-47
   3.2253229e+02   6.4993793e-47
   3.2327606e+02   6.5041303e-47
   3.2402153e+02   6.5089012e-47
   3.2476873e+02   6.5136920e-47
   3.2551765e+02   6.5185030e-47
   3.2626829e+02   6.5233342e-47
   3.2702067e+02   6.5281857e-47
   3.2777478e+02   6.5330577e-47
   3.2853063e+02   6.5379502e-47
   3.2928823e+02   6.5428633e-47
   3.3004757e+02   6.5477972e-47
   3.3080866e+02   6.5527520e-47
   3.3157151e+02   6.5577278e-47
   3.3233612e+02   6.5627247e-47
   3.3310249e+02   6.5677428e-47
   3.3387062e+02   6.5727822e-47
   3.3464053e+02   6.5778431e-47
   3.3541221e+02   6.5829255e-47
   3.3618568e+02   6.5880296e-47
   3.3696092e+02   6.5931555e-47
   3.3773796e+02   6.5983033e-47
   3.3851679e+02   6.6034731e-47
   3.3929741e+02   6.6086650e-47
   3.4007983e+02   6.6138792e-47
   3.4086406e+02   6.6191158e-47
   3.4165009e+02   6.6243749e-47
   3.4243794e+02   6.6296565e-47
   3.4322760e+02   6.6349609e-47
   3.4401909e+02   6.6402882e-47
   3.4481240e+02   6.6456384e-47
   3.4560754e+02   6.6510117e-47
   3.4640451e+02   6.6564082e-47
   3.4720333e+02   6.6618280e-47
   3.4800398e+02   6.6672713e-47
   3.4880648e+02   6.6727382e-47
   3.4961083e+02   6.6782287e-47
   3.5041703e+02   6.6837431e-47
   3.5122510e+02   6.6892815e-47
   3.5203503e+02   6.6948438e-47
   3.5284682e+02   6.7004304e-47
   3.5366049e+02   6.7060414e-47
   3.5447603e+02   6.7116767e-47
   3.5529346e+02   6.7173366e-47
   3.5611277e+02   6.7230213e-47
   3.5693397e+02   6.7287307e-47
   3.5775706e+02   6.7344651e-47
   3.5858205e+02   6.7402246e-47
   3.5940894e+02   6.7460093e-47
   3.6023774e+02   6.7518194e-47
   3.6106845e+02   6.7576549e-47
   3.6190108e+02   6.7635160e-47
   3.6273563e+02   6.7694029e-47
   3.6357210e+02   6.7753156e-47
   3.6441050e+02   6.7812543e-47
   3.6525083e+02   6.7872192e-47
   3.6609310e+02   6.7932103e-47
   3.6693731e+02   6.7992278e-47
   3.6778347e+02   6.8052719e-47
   3.6863159e+02   6.8113426e-47
   3.6948165e+02   6.8174401e-47
   3.7033368e+02   6.8235646e-47
   3.7118767e+02   6.8297161e-47
   3.7204364e+02   6.8358949e-47
   3.7290157e+02   6.8421010e-47
   3.7376148e+02   6.8483346e-47
   3.7462338e+02   6.8545958e-47
   3.7548727e+02   6.8608848e-47
   3.7635314e+02   6.8672017e-47
   3.7722102e+02   6.8735467e-47
   3.7809089e+02   6.8799198e-47
   3.7896277e+02   6.8863213e-47
   3.7983666e+02   6.8927513e-47
   3.8071257e+02   6.8992099e-47
   3.8159049e+02   6.9056973e-47
   3.8247044e+02   6.9122135e-47
   3.8335242e+02   6.9187588e-47
   3.8423644e+02   6.9253334e-47
   3.8512249e+02   6.9319372e-47
   3.8601059e+02   6.9385706e-47
   3.8690073e+02   6.9452336e-47
   3.8779292e+02   6.9519264e-47
   3.8868718e+02   6.9586492e-47
   3.8958349e+02   6.9654020e-47
   3.9048188e+02   6.9721851e-47
   3.9138233e+02   6.9789986e-47
   3.9228486e+02   6.9858426e-47
   3.9318947e+02   6.9927173e-47
   3.9409617e+02   6.9996229e-47
   3.9500496e+02   7.0065595e-47
   3.9591584e+02   7.0135272e-47
   3.9682883e+02   7.0205262e-47
   3.9774392e+02   7.0275568e-47
   3.9866112e+02   7.0346189e-47
   3.9958044e+02   7.0417129e-47
   4.0050187e+02   7.0488388e-47
   4.0142543e+02   7.0559967e-47
   4.0235112e+02   7.0631870e-47
   4.0327895e+02   7.0704097e-47
   4.0420891e+02   7.0776650e-47
   4.0514102e+02   7.0849530e-47
   4.0607528e+02   7.0922740e-47
   4.0701169e+02   7.0996280e-47
   4.0795026e+02   7.1070153e-47
   4.0889100e+02   7.1144359e-47
   4.0983390e+02   7.1218902e-47
   4.1077898e+02   7.1293782e-47
   4.1172624e+02   7.1369002e-47
   4.1267569e+02   7.1444562e-47
   4.1362732e+02   7.1520464e-47
   4.1458115e+02   7.1596712e-47
   4.1553718e+02   7.1673305e-47
   4.1649541e+02   7.1750246e-47
   4.1745585e+02   7.1827536e-47
   4.1841851e+02   7.1905178e-47
   4.1938338e+02   7.1983173e-47
   4.2035048e+02   7.2061523e-47
   4.2131982e+02   7.2140230e-47
   4.2229138e+02   7.2219295e-47
   4.2326519e+02   7.2298721e-47
   4.2424124e+02   7.2378509e-47
   4.2521955e+02   7.2458662e-47
   4.2620010e+02   7.2539180e-47
   4.2718293e+02   7.2620066e-47
   4.2816801e+02   7.2701323e-47
   4.2915537e+02   7.2782951e-47
   4.3014501e+02   7.2864954e-47
   4.3113692e+02   7.2947332e-47
   4.3213113e+02   7.3030089e-47
   4.3312763e+02   7.3113226e-47
   4.3412642e+02   7.3196745e-47
   4.3512752e+02   7.3280649e-47
   4.3613093e+02   7.3364940e-47
   4.3713665e+02   7.3449620e-47
   4.3814469e+02   7.3534691e-47
   4.3915506e+02   7.3620156e-47
   4.4016775e+02   7.3706018e-47
   4.4118278e+02   7.3792279e-47
   4.4220015e+02   7.3878942e-47
   4.4321987e+02   7.3966010e-47
   4.4424194e+02   7.4053486e-47
   4.4526636e+02   7.4141373e-47
   4.4629315e+02   7.4229674e-47
   4.4732231e+02   7.4318393e-47
   4.4835383e+02   7.4407535e-47
   4.4938774e+02   7.4497103e-47
   4.5042403e+02   7.4587102e-47
   4.5146271e+02   7.4677538e-47
   4.5250379e+02   7.4768416e-47
   4.5354727e+02   7.4859744e-47
   4.5459315e+02   7.4951529e-47
   4.5564145e+02   7.5043780e-47
   4.5669216e+02   7.5136509e-47
   4.5774529e+02   7.5229727e-47
   4.5880086e+02   7.5323450e-47
   4.5985886e+02   7.5417698e-47
   4.6091930e+02   7.5512495e-47
   4.6198218e+02   7.5607872e-47
   4.6304751e+02   7.5703867e-47
   4.6411530e+02   7.5800535e-47
   4.6518556e+02   7.5897946e-47
   4.6625828e+02   7.5996200e-47
   4.6733347e+02   7.6095436e-47
   4.6841115e+02   7.6195862e-47
   4.6949131e+02   7.6297790e-47
   4.7057396e+02   7.6401713e-47
   4.7165911e+02   7.6508450e-47
   4.7274676e+02   7.6619442e-47
   4.7383691e+02   7.6737424e-47
   4.7492958e+02   7.6868128e-47
   4.7602478e+02   7.7025318e-47
   4.7712249e+02   7.7249430e-47
   4.7822274e+02   7.7706654e-47
   4.7932553e+02   7.9802110e-47
   4.8043085e+02   1.7152623e-45
   4.8153873e+02   7.9582144e-47
   4.8264916e+02   7.8042612e-47
   4.8376216e+02   7.7831410e-47
   4.8487772e+02   7.7824229e-47
   4.8599585e+02   7.7877099e-47
   4.8711656e+02   7.7954010e-47
   4.8823985e+02   7.8042546e-47
   4.8936574e+02   7.8137506e-47
   4.9049422e+02   7.8236403e-47
   4.9162530e+02   7.8337928e-47
   4.9275899e+02   7.8441338e-47
   4.9389530e+02   7.8546189e-47
   4.9503423e+02   7.8652203e-47
   4.9617578e+02   7.8759196e-47
   4.9731996e+02   7.8867046e-47
   4.9846679e+02   7.8975668e-47
   4.9961626e+02   7.9085003e-47
   5.0076837e+02   7.9195008e-47
   5.0192315e+02   7.9305652e-47
   5.0308059e+02   7.9416911e-47
   5.0424070e+02   7.9528770e-47
   5.0540348e+02   7.9641214e-47
   5.0656894e+02   7.9754235e-47
   5.0773710e+02   7.9867826e-47
   5.0890794e+02   7.9981982e-47
   5.1008149e+02   8.0096699e-47
   5.1125774e+02   8.0211975e-47
   5.1243670e+02   8.0327808e-47
   5.1361839e+02   8.0444197e-47
   5.1480279e+02   8.0561142e-47
   5.1598993e+02   8.0678643e-47
   5.1717981e+02   8.0796701e-47
   5.1837243e+02   8.0915316e-47
   5.1956780e+02   8.1034489e-47
   5.2076593e+02   8.1154223e-47
   5.2196682e+02   8.1274518e-47
   5.2317048e+02   8.1395377e-47
   5.2437691e+02   8.1516800e-47
   5.2558613e+02   8.1638790e-47
   5.2679814e+02   8.1761349e-47
   5.2801294e+02   8.1884479e-47
   5.2923054e+02   8.2008182e-47
   5.3045095e+02   8.2132461e-47
   5.3167417e+02   8.2257318e-47
   5.3290022e+02   8.2382755e-47
   5.3412909e+02   8.2508774e-47
   5.3536079e+02   8.2635378e-47
   5.3659534e+02   8.2762571e-47
   5.3783273e+02   8.2890353e-47
   5.3907298e+02   8.3018727e-47
   5.4031609e+02   8.3147698e-47
   5.4156206e+02   8.3277266e-47
   5.4281090e+02   8.3407434e-47
   5.4406263e+02   8.3538206e-47
   5.4531724e+02   8.3669584e-47
   5.4657475e+02   8.3801570e-47
   5.4783515e+02   8.3934168e-47
   5.4909847e+02   8.4067380e-47
   5.5036469e+02   8.4201210e-47
   5.5163384e+02   8.4335659e-47
   5.5290591e+02   8.4470731e-47
   5.5418091e+02   8.4606428e-47
   5.5545886e+02   8.4742754e-47
   5.5673975e+02   8.4879711e-47
   5.5802360e+02   8.5017302e-47
   5.5931040e+02   8.5155530e-47
   5.6060018e+02   8.5294399e-47
   5.6189293e+02   8.5433910e-47
   5.6318866e+02   8.5574067e-47
   5.6448737e+02   8.5714874e-47
   5.6578909e+02   8.5856332e-47
   5.6709380e+02   8.5998446e-47
   5.6840152e+02   8.6141217e-47
   5.6971226e+02   8.6284650e-47
   5.7102602e+02   8.6428746e-47
   5.7234281e+02   8.6573510e-47
   5.7366264e+02   8.6718944e-47
   5.7498551e+02   8.6865052e-47
   5.7631143e+02   8.7011837e-47
   5.7764041e+02   8.7159301e-47
   5.7897245e+02   8.7307448e-47
   5.8030757e+02   8.7456281e-47
   5.8164576e+02   8.7605803e-47
   5.8298704e+02   8.7756018e-47
   5.8433141e+02   8.7906928e-47
   5.8567889e+02   8.8058537e-47
   5.8702947e+02   8.8210849e-47
   5.8838316e+02   8.8363866e-47
   5.8973998e+02   8.8517591e-47
   5.9109992e+02   8.8672029e-47
   5.9246300e+02   8.8827182e-47
   5.9382923e+02   8.8983054e-47
   5.9519860e+02   8.9139647e-47
   5.9657113e+02   8.9296966e-47
   5.9794683e+02   8.9455014e-47
   5.9932570e+02   8.9613794e-47
   6.0070775e+02   8.9773309e-47
   6.0209299e+02   8.9933563e-47
   6.0348142e+02   9.0094560e-47
   6.0487305e+02   9.0256303e-47
   6.0626789e+02   9.0418795e-47
   6.0766595e+02   9.0582039e-47
   6.0906723e+02   9.0746040e-47
   6.1047175e+02   9.0910801e-47
   6.1187950e+02   9.1076325e-47
   6.1329050e+02   9.1242616e-47
   6.1470475e+02   9.1409678e-47
   6.1612226e+02   9.1577513e-47
   6.1754305e+02   9.1746127e-47
   6.1896711e+02   9.1915521e-47
   6.2039445e+02   9.2085701e-47
   6.2182508e+02   9.2256669e-47
   6.2325902e+02   9.2428429e-47
   6.2469626e+02   9.2600985e-47
   6.2613681e+02   9.2774341e-47
   6.2758069e+02   9.2948500e-47
   6.2902789e+02   9.3123466e-47
   6.3047844e+02   9.3299243e-47
   6.3193232e+02   9.3475835e-47
   6.3338957e+02   9.3653245e-47
   6.3485017e+02   9.3831477e-47
   6.3631414e+02   9.4010535e-47
   6.3778148e+02   9.4190423e-47
   6.3925221e+02   9.4371145e-47
   6.4072633e+02   9.4552704e-47
   6.4220385e+02   9.4735105e-47
   6.4368478e+02   9.4918351e-47
   6.4516912e+02   9.5102447e-47
   6.4665688e+02   9.5287395e-47
   6.4814808e+02   9.5473201e-47
   6.4964271e+02   9.5659868e-47
   6.5114080e+02   9.5847400e-47
   6.5264233e+02   9.6035802e-47
   6.5414733e+02   9.6225076e-47
   6.5565580e+02   9.6415228e-47
   6.5716775e+02   9.6606262e-47
   6.5868318e+02   9.6798181e-47
   6.6020211e+02   9.6990989e-47
   6.6172454e+02   9.7184691e-47
   6.6325048e+02   9.7379291e-47
   6.6477994e+02   9.7574793e-47
   6.6631293e+02   9.7771201e-47
   6.6784945e+02   9.7968520e-47
   6.6938952e+02   9.8166753e-47
   6.7093314e+02   9.8365905e-47
   6.7248031e+02   9.8565980e-47
   6.7403106e+02   9.8766983e-47
   6.7558538e+02   9.8968917e-47
   6.7714328e+02   9.9171788e-47
   6.7870478e+02   9.9375599e-47
   6.8026988e+02   9.9580355e-47
   6.8183859e+02   9.9786059e-47
   6.8341091e+02   9.9992718e-47
   6.8498686e+02   1.0020033e-46
   6.8656645e+02   1.0040891e-46
   6.8814967e+02   1.0061846e-46
   6.8973655e+02   1.0082898e-46
   6.9132709e+02   1.0104047e-46
   6.9292130e+02   1.0125294e-46
   6.9451918e+02   1.0146640e-46
   6.9612074e+02   1.0168085e-46
   6.9772600e+02   1.0189629e-46
   6.9933497e+02   1.0211273e-46
   7.0094764e+02   1.0233017e-46
   7.0256403e+02   1.0254863e-46
   7.0418415e+02   1.0276809e-46
   7.0580800e+02   1.0298857e-46
   7.0743560e+02   1.0321008e-46
   7.0906695e+02   1.0343261e-46
   7.1070206e+02   1.0365617e-46
   7.1234095e+02   1.0388077e-46
   7.1398361e+02   1.0410641e-46
   7.1563006e+02   1.0433309e-46
   7.1728031e+02   1.0456083e-46
   7.1893437e+02   1.0478962e-46
   7.2059223e+02   1.0501947e-46
   7.2225393e+02   1.0525039e-46
   7.2391945e+02   1.0548238e-46
   7.2558881e+02   1.0571545e-46
   7.2726203e+02   1.0594959e-46
   7.2893910e+02   1.0618482e-46
   7.3062004e+02   1.0642114e-46
   7.3230485e+02   1.0665856e-46
   7.3399355e+02   1.0689707e-46
   7.3568615e+02   1.0713669e-46
   7.3738265e+02   1.0737743e-46
   7.3908306e+02   1.0761927e-46
   7.4078739e+02   1.0786224e-46
   7.4249565e+02   1.0810634e-46
   7.4420785e+02   1.0835157e-46
   7.4592400e+02   1.0859793e-46
   7.4764410e+02   1.0884544e-46
   7.4936818e+02   1.0909409e-46
   7.5109623e+02   1.0934390e-46
   7.5282826e+02   1.0959486e-46
   7.5456429e+02   1.0984699e-46
   7.5630432e+02   1.1010028e-46
   7.5804836e+02   1.1035475e-46
   7.5979643e+02   1.1061040e-46
   7.6154852e+02   1.1086723e-46
   7.6330466e+02   1.1112526e-46
   7.6506485e+02   1.1138448e-46
   7.6682909e+02   1.1164490e-46
   7.6859741e+02   1.1190653e-46
   7.7036980e+02   1.1216937e-46
   7.7214628e+02   1.1243343e-46
   7.7392685e+02   1.1269871e-46
   7.7571153e+02   1.1296523e-46
   7.7750033e+02   1.1323298e-46
   7.7929325e+02   1.1350196e-46
   7.8109031e+02   1.1377220e-46
   7.8289151e+02   1.1404369e-46
   7.8469686e+02   1.1431644e-46
   7.8650638e+02   1.1459045e-46
   7.8832007e+02   1.1486573e-46
   7.9013794e+02   1.1514228e-46
   7.9196000e+02   1.1542012e-46
   7.9378627e+02   1.1569925e-46
   7.9561675e+02   1.1597967e-46
   7.9745144e+02   1.1626138e-46
   7.9929037e+02   1.1654441e-46
   8.0113354e+02   1.1682874e-46
   8.0298096e+02   1.1711440e-46
   8.0483264e+02   1.1740138e-46
   8.0668859e+02   1.1768968e-46
   8.0854882e+02   1.1797933e-46
   8.1041334e+02   1.1827031e-46
   8.1228216e+02   1.1856265e-46
   8.1415529e+02   1.1885633e-46
   8.1603274e+02   1.1915138e-46
   8.1791452e+02   1.1944780e-46
   8.1980064e+02   1.1974559e-46
   8.2169110e+02   1.2004476e-46
   8.2358593e+02   1.2034532e-46
   8.2548512e+02   1.2064727e-46
   8.2738870e+02   1.2095062e-46
   8.2929666e+02   1.2125537e-46
   8.3120903e+02   1.2156154e-46
   8.3312580e+02   1.2186912e-46
   8.3504700e+02   1.2217813e-46
   8.3697262e+02   1.2248857e-46
   8.3890269e+02   1.2280045e-46
   8.4083720e+02   1.2311378e-46
   8.4277618e+02   1.2342856e-46
   8.4471963e+02   1.2374479e-46
   8.4666756e+02   1.2406249e-46
   8.4861998e+02   1.2438166e-46
   8.5057690e+02   1.2470232e-46
   8.5253834e+02   1.2502445e-46
   8.5450430e+02   1.2534808e-46
   8.5647479e+02   1.2567321e-46
   8.5844983e+02   1.2599985e-46
   8.6042942e+02   1.2632799e-46
   8.6241358e+02   1.2665766e-46
   8.6440231e+02   1.2698886e-46
   8.6639563e+02   1.2732159e-46
   8.6839354e+02   1.2765586e-46
   8.7039607e+02   1.2799168e-46
   8.7240321e+02   1.2832906e-46
   8.7441498e+02   1.2866800e-46
   8.7643138e+02   1.2900851e-46
   8.7845244e+02   1.2935060e-46
   8.8047816e+02   1.2969427e-46
   8.8250855e+02   1.3003953e-46
   8.8454362e+02   1.3038639e-46
   8.8658338e+02   1.3073487e-46
   8.8862785e+02   1.3108495e-46
   8.9067703e+02   1.3143666e-46
   8.9273094e+02   1.3178999e-46
   8.9478959e+02   1.3214496e-46
   8.9685298e+02   1.3250158e-46
   8.9892113e+02   1.3285985e-46
   9.0099405e+02   1.3321978e-46
   9.0307175e+02   1.3358138e-46
   9.0515424e+02   1.3394465e-46
   9.0724153e+02   1.3430960e-46
   9.0933364e+02   1.3467625e-46
   9.1143057e+02   1.3504460e-46
   9.1353233e+02   1.3541465e-46
   9.1563894e+02   1.3578642e-46
   9.1775041e+02   1.3615991e-46
   9.1986675e+02   1.3653513e-46
   9.2198797e+02   1.3691209e-46
   9.2411408e+02   1.3729080e-46
   9.2624510e+02   1.3767127e-46
   9.2838103e+02   1.3805350e-46
   9.3052188e+02   1.3843751e-46
   9.3266767e+02   1.3882330e-46
   9.3481841e+02   1.3921089e-46
   9.3697411e+02   1.3960029e-46
   9.3913478e+02   1.3999151e-46
   9.4130043e+02   1.4038457e-46
   9.4347108e+02   1.4077950e-46
   9.4564673e+02   1.4117632e-46
   9.4782740e+02   1.4157509e-46
   9.5001309e+02   1.4197594e-46
   9.5220383e+02   1.4237913e-46
   9.5439962e+02   1.4278544e-46
   9.5660047e+02   1.4319818e-46
   9.5880640e+02   1.4364782e-46
   9.6101742e+02   1.4750924e-46
   9.6323353e+02   1.4444896e-46
   9.6545475e+02   1.4483772e-46
   9.6768110e+02   1.4524800e-46
   9.6991258e+02   1.4566344e-46
   9.7214920e+02   1.4608178e-46
   9.7439099e+02   1.4650246e-46
   9.7663794e+02   1.4692527e-46
   9.7889008e+02   1.4735014e-46
   9.8114740e+02   1.4777704e-46
   9.8340994e+02   1.4820595e-46
   9.8567769e+02   1.4863687e-46
   9.8795067e+02   1.4906980e-46
   9.9022889e+02   1.4950475e-46
   9.9251237e+02   1.4994172e-46
   9.9480111e+02   1.5038071e-46
   9.9709513e+02   1.5082175e-46
   9.9939443e+02   1.5126483e-46
   1.0016990e+03   1.5170997e-46
   1.0040090e+03   1.5215717e-46
   1.0063242e+03   1.5260644e-46
   1.0086448e+03   1.5305779e-46
   1.0109708e+03   1.5351123e-46
   1.0133021e+03   1.5396677e-46
   1.0156387e+03   1.5442443e-46
   1.0179808e+03   1.5488420e-46
   1.0203283e+03   1.5534610e-46
   1.0226812e+03   1.5581014e-46
   1.0250395e+03   1.5627633e-46
   1.0274032e+03   1.5674467e-46
   1.0297724e+03   1.5721519e-46
   1.0321471e+03   1.5768788e-46
   1.0345272e+03   1.5816276e-46
   1.0369129e+03   1.5863984e-46
   1.0393040e+03   1.5911912e-46
   1.0417006e+03   1.5960063e-46
   1.0441028e+03   1.6008436e-46
   1.0465105e+03   1.6057034e-46
   1.0489238e+03   1.6105856e-46
   1.0513426e+03   1.6154904e-46
   1.0537670e+03   1.6204180e-46
   1.0561970e+03   1.6253683e-46
   1.0586326e+03   1.6303415e-46
   1.0610738e+03   1.6353378e-46
   1.0635207e+03   1.6403572e-46
   1.0659731e+03   1.6453998e-46
   1.0684313e+03   1.6504658e-46
   1.0708951e+03   1.6555552e-46
   1.0733646e+03   1.6606681e-46
   1.0758398e+03   1.6658047e-46
   1.0783207e+03   1.6709651e-46
   1.0808073e+03   1.6761494e-46
   1.0832996e+03   1.6813577e-46
   1.0857977e+03   1.6865900e-46
   1.0883016e+03   1.6918466e-46
   1.0908112e+03   1.6971275e-46
   1.0933266e+03   1.7024329e-46
   1.0958479e+03   1.7077628e-46
   1.0983749e+03   1.7131173e-46
   1.1009078e+03   1.7184967e-46
   1.1034465e+03   1.7239009e-46
   1.1059910e+03   1.7293301e-46
   1.1085414e+03   1.7347845e-46
   1.1110977e+03   1.7402641e-46
   1.1136599e+03   1.7457690e-46
   1.1162281e+03   1.7512995e-46
   1.1188021e+03   1.7568555e-46
   1.1213820e+03   1.7624372e-46
   1.1239680e+03   1.7680447e-46
   1.1265598e+03   1.7736782e-46
   1.1291577e+03   1.7793378e-46
   1.1317615e+03   1.7850235e-46
   1.1343714e+03   1.7907356e-46
   1.1369873e+03   1.7964741e-46
   1.1396092e+03   1.8022391e-46
   1.1422371e+03   1.8080308e-46
   1.1448711e+03   1.8138493e-46
   1.1475112e+03   1.8196947e-46
   1.1501574e+03   1.8255672e-46
   1.1528096e+03   1.8314668e-46
   1.1554680e+03   1.8373937e-46
   1.1581325e+03   1.8433481e-46
   1.1608032e+03   1.8493300e-46
   1.1634800e+03   1.8553395e-46
   1.1661630e+03   1.8613769e-46
   1.1688522e+03   1.8674422e-46
   1.1715476e+03   1.8735356e-46
   1.1742492e+03   1.8796571e-46
   1.1769570e+03   1.8858070e-46
   1.1796711e+03   1.8919853e-46
   1.1823914e+03   1.8981922e-46
   1.1851180e+03   1.9044278e-46
   1.1878509e+03   1.9106923e-46
   1.1905901e+03   1.9169857e-46
   1.1933356e+03   1.9233082e-46
   1.1960875e+03   1.9296600e-46
   1.1988456e+03   1.9360412e-46
   1.2016102e+03   1.9424519e-46
   1.2043811e+03   1.9488922e-46
   1.2071584e+03   1.9553624e-46
   1.2099421e+03   1.9618624e-46
   1.2127323e+03   1.9683926e-46
   1.2155288e+03   1.9749529e-46
   1.2183319e+03   1.9815436e-46
   1.2211413e+03   1.9881647e-46
   1.2239573e+03   1.9948165e-46
   1.2267798e+03   2.0014991e-46
   1.2296087e+03   2.0082125e-46
   1.2324442e+03   2.0149571e-46
   1.2352862e+03   2.0217328e-46
   1.2381348e+03   2.0285398e-46
   1.2409900e+03   2.0353784e-46
   1.2438517e+03   2.0422485e-46
   1.2467200e+03   2.0491504e-46
   1.2495950e+03   2.0560843e-46
   1.2524766e+03   2.0630502e-46
   1.2553648e+03   2.0700484e-46
   1.2582597e+03   2.0770789e-46
   1.2611612e+03   2.0841419e-46
   1.2640695e+03   2.0912376e-46
   1.2669844e+03   2.0983661e-46
   1.2699061e+03   2.1055276e-46
   1.2728345e+03   2.1127222e-46
   1.2757697e+03   2.1199500e-46
   1.2787116e+03   2.1272113e-46
   1.2816603e+03   2.1345062e-46
   1.2846158e+03   2.1418348e-46
   1.2875782e+03   2.1491973e-46
   1.2905473e+03   2.1565939e-46
   1.2935233e+03   2.1640246e-46
   1.2965062e+03   2.1714897e-46
   1.2994960e+03   2.1789894e-46
   1.3024926e+03   2.1865237e-46
   1.3054962e+03   2.1940928e-46
   1.3085067e+03   2.2016970e-46
   1.3115241e+03   2.2093363e-46
   1.3145485e+03   2.2170110e-46
   1.3175798e+03   2.2247211e-46
   1.3206182e+03   2.2324669e-46
   1.3236635e+03   2.2402485e-46
   1.3267159e+03   2.2480661e-46
   1.3297753e+03   2.2559198e-46
   1.3328418e+03   2.2638099e-46
   1.3359154e+03   2.2717364e-46
   1.3389960e+03   2.2796996e-46
   1.3420837e+03   2.2876996e-46
   1.3451786e+03   2.2957366e-46
   1.3482806e+03   2.3038108e-46
   1.3513897e+03   2.3119223e-46
   1.3545060e+03   2.3200713e-46
   1.3576295e+03   2.3282580e-46
   1.3607602e+03   2.3364825e-46
   1.3638982e+03   2.3447451e-46
   1.3670433e+03   2.3530458e-46
   1.3701957e+03   2.3613850e-46
   1.3733554e+03   2.3697627e-46
   1.3765224e+03   2.3781791e-46
   1.3796966e+03   2.3866345e-46
   1.3828782e+03   2.3951289e-46
   1.3860672e+03   2.4036627e-46
   1.3892634e+03   2.4122358e-46
   1.3924671e+03   2.4208487e-46
   1.3956781e+03   2.4295013e-46
   1.3988966e+03   2.4381940e-46
   1.4021224e+03   2.4469268e-46
   1.4053558e+03   2.4557001e-46
   1.4085965e+03   2.4645139e-46
   1.4118448e+03   2.4733685e-46
   1.4151005e+03   2.4822640e-46
   1.4183637e+03   2.4912008e-46
   1.4216345e+03   2.5001790e-46
   1.4249128e+03   2.5091989e-46
   1.4281986e+03   2.5182609e-46
   1.4314921e+03   2.5273660e-46
   1.4347931e+03   2.5365174e-46
   1.4381017e+03   2.5457417e-46
   1.4414180e+03   2.5616750e-46
   1.4447419e+03   2.5642303e-46
   1.4480735e+03   2.5735202e-46
   1.4514128e+03   2.5828736e-46
   1.4547598e+03   2.5922734e-46
   1.4581144e+03   2.6017176e-46
   1.4614769e+03   2.6112059e-46
   1.4648470e+03   2.6207383e-46
   1.4682250e+03   2.6303148e-46
   1.4716107e+03   2.6399356e-46
   1.4750043e+03   2.6496010e-46
   1.4784056e+03   2.6593110e-46
   1.4818149e+03   2.6690660e-46
   1.4852319e+03   2.6788660e-46
   1.4886569e+03   2.6887114e-46
   1.4920897e+03   2.6986023e-46
   1.4955305e+03   2.7085389e-46
   1.4989792e+03   2.7185214e-46
   1.5024359e+03   2.7285501e-46
   1.5059005e+03   2.7386251e-46
   1.5093731e+03   2.7487468e-46
   1.5128538e+03   2.7589151e-46
   1.5163424e+03   2.7691305e-46
   1.5198391e+03   2.7793932e-46
   1.5233439e+03   2.7897032e-46
   1.5268567e+03   2.8000609e-46
   1.5303776e+03   2.8104665e-46
   1.5339067e+03   2.8209202e-46
   1.5374439e+03   2.8314222e-46
   1.5409893e+03   2.8419727e-46
   1.5445428e+03   2.8525720e-46
   1.5481045e+03   2.8632203e-46
   1.5516745e+03   2.8739178e-46
   1.5552526e+03   2.8846648e-46
   1.5588391e+03   2.8954614e-46
   1.5624338e+03   2.9063080e-46
   1.5660367e+03   2.9172046e-46
   1.5696480e+03   2.9281516e-46
   1.5732677e+03   2.9391493e-46
   1.5768956e+03   2.9501977e-46
   1.5805320e+03   2.9612972e-46
   1.5841767e+03   2.9724480e-46
   1.5878298e+03   2.9836504e-46
   1.5914913e+03   2.9949045e-46
   1.5951613e+03   3.0062106e-46
   1.5988398e+03   3.0175690e-46
   1.6025267e+03   3.0289799e-46
   1.6062222e+03   3.0404435e-46
   1.6099261e+03   3.0519601e-46
   1.6136386e+03   3.0635299e-46
   1.6173597e+03   3.0751532e-46
   1.6210893e+03   3.0868302e-46
   1.6248276e+03   3.0985612e-46
   1.6285744e+03   3.1103464e-46
   1.6323300e+03   3.1221860e-46
   1.6360941e+03   3.1340804e-46
   1.6398670e+03   3.1460297e-46
   1.6436485e+03   3.1580343e-46
   1.6474388e+03   3.1700943e-46
   1.6512378e+03   3.1822101e-46
   1.6550456e+03   3.1943818e-46
   1.6588621e+03   3.2066099e-46
   1.6626874e+03   3.2188944e-46
   1.6665216e+03   3.2312357e-46
   1.6703646e+03   3.2436340e-46
   1.6742165e+03   3.2560896e-46
   1.6780773e+03   3.2686028e-46
   1.6819469e+03   3.2811738e-46
   1.6858255e+03   3.2938029e-46
   1.6897130e+03   3.3064903e-46
   1.6936095e+03   3.3192364e-46
   1.6975150e+03   3.3320414e-46
   1.7014295e+03   3.3449055e-46
   1.7053530e+03   3.3578291e-46
   1.7092855e+03   3.3708124e-46
   1.7132272e+03   3.3838557e-46
   1.7171779e+03   3.3969593e-46
   1.7211377e+03   3.4101235e-46
   1.7251067e+03   3.4233484e-46
   1.7290848e+03   3.4366345e-46
   1.7330721e+03   3.4499820e-46
   1.7370685e+03   3.4633911e-46
   1.7410742e+03   3.4768622e-46
   1.7450892e+03   3.4903956e-46
   1.7491133e+03   3.5039915e-46
   1.7531468e+03   3.5176502e-46
   1.7571896e+03   3.5313720e-46
   1.7612417e+03   3.5451573e-46
   1.7653031e+03   3.5590062e-46
   1.7693739e+03   3.5729191e-46
   1.7734541e+03   3.5868963e-46
   1.7775437e+03   3.6009381e-46
   1.7816427e+03   3.6150448e-46
   1.7857512e+03   3.6292166e-46
   1.7898692e+03   3.6434540e-46
   1.7939966e+03   3.6577571e-46
   1.7981336e+03   3.6721263e-46
   1.8022801e+03   3.6865619e-46
   1.8064362e+03   3.7010642e-46
   1.8106018e+03   3.7156336e-46
   1.8147771e+03   3.7302702e-46
   1.8189620e+03   3.7449744e-46
   1.8231565e+03   3.7597466e-46
   1.8273607e+03   3.7745871e-46
   1.8315746e+03   3.7894961e-46
   1.8357983e+03   3.8044740e-46
   1.8400316e+03   3.8195211e-46
   1.8442748e+03   3.8346378e-46
   1.8485277e+03   3.8498243e-46
   1.8527904e+03   3.8650809e-46
   1.8570629e+03   3.8804081e-46
   1.8613453e+03   3.8958060e-46
   1.8656376e+03   3.9112751e-46
   1.8699398e+03   3.9268157e-46
   1.8742519e+03   3.9424281e-46
   1.8785739e+03   3.9581126e-46
   1.8829059e+03   3.9738696e-46
   1.8872479e+03   3.9896993e-46
   1.8915999e+03   4.0056023e-46
   1.8959620e+03   4.0215787e-46
   1.9003341e+03   4.0376290e-46
   1.9047163e+03   4.0537536e-46
   1.9091086e+03   4.0699529e-46
   1.9135110e+03   4.0862279e-46
   1.9179235e+03   4.1025861e-46
   1.9223463e+03   4.1192382e-46
   1.9267792e+03   4.1355046e-46
   1.9312224e+03   4.1520772e-46
   1.9356758e+03   4.1687294e-46
   1.9401395e+03   4.1854591e-46
   1.9446135e+03   4.2022663e-46
   1.9490978e+03   4.2191512e-46
   1.9535924e+03   4.2361141e-46
   1.9580974e+03   4.2531554e-46
   1.9626128e+03   4.2702755e-46
   1.9671386e+03   4.2874746e-46
   1.9716748e+03   4.3047532e-46
   1.9762215e+03   4.3221117e-46
   1.9807787e+03   4.3395503e-46
   1.9853464e+03   4.3570695e-46
   1.9899246e+03   4.3746697e-46
   1.9945134e+03   4.3923511e-46
   1.9991128e+03   4.4101143e-46
   2.0037227e+03   4.4279595e-46
   2.0083433e+03   4.4458871e-46
   2.0129746e+03   4.4638976e-46
   2.0176165e+03   4.4819912e-46
   2.0222692e+03   4.5001685e-46
   2.0269325e+03   4.5184297e-46
   2.0316067e+03   4.5367753e-46
   2.0362916e+03   4.5552056e-46
   2.0409873e+03   4.5737211e-46
   2.0456938e+03   4.5923221e-46
   2.0504112e+03   4.6110091e-46
   2.0551394e+03   4.6297824e-46
   2.0598786e+03   4.6486424e-46
   2.0646287e+03   4.6675895e-46
   2.0693898e+03   4.6866241e-46
   2.0741618e+03   4.7057467e-46
   2.0789448e+03   4.7249577e-46
   2.0837389e+03   4.7442573e-46
   2.0885440e+03   4.7636462e-46
   2.0933602e+03   4.7831245e-46
   2.0981875e+03   4.8026929e-46
   2.1030259e+03   4.8223517e-46
   2.1078755e+03   4.8421013e-46
   2.1127363e+03   4.8619421e-46
   2.1176083e+03   4.8818746e-46
   2.1224915e+03   4.9018991e-46
   2.1273860e+03   4.9220162e-46
   2.1322918e+03   4.9422261e-46
   2.1372088e+03   4.9625295e-46
   2.1421373e+03   4.9829266e-46
   2.1470771e+03   5.0034179e-46
   2.1520282e+03   5.0240040e-46
   2.1569908e+03   5.0446851e-46
   2.1619649e+03   5.0654617e-46
   2.1669504e+03   5.0863343e-46
   2.1719474e+03   5.1073033e-46
   2.1769559e+03   5.1283692e-46
   2.1819760e+03   5.1495324e-46
   2.1870076e+03   5.1707934e-46
   2.1920509e+03   5.1921525e-46
   2.1971058e+03   5.2136104e-46
   2.2021723e+03   5.2351673e-46
   2.2072505e+03   5.2568238e-46
   2.2123405e+03   5.2785804e-46
   2.2174421e+03   5.3004375e-46
   2.2225556e+03   5.3223955e-46
   2.2276808e+03   5.3444549e-46
   2.2328179e+03   5.3666163e-46
   2.2379668e+03   5.3888800e-46
   2.2431275e+03   5.4112465e-46
   2.2483002e+03   5.4337164e-46
   2.2534848e+03   5.4562901e-46
   2.2586814e+03   5.4789680e-46
   2.2638899e+03   5.5017507e-46
   2.2691104e+03   5.5246386e-46
   2.2743430e+03   5.5476323e-46
   2.2795877e+03   5.5707321e-46
   2.2848444e+03   5.5939387e-46
   2.2901133e+03   5.6172524e-46
   2.2953943e+03   5.6406738e-46
   2.3006875e+03   5.6642035e-46
   2.3059929e+03   5.6878418e-46
   2.3113105e+03   5.7115893e-46
   2.3166404e+03   5.7354464e-46
   2.3219826e+03   5.7594138e-46
   2.3273371e+03   5.7834919e-46
   2.3327040e+03   5.8076812e-46
   2.3380832e+03   5.8319822e-46
   2.3434749e+03   5.8563955e-46
   2.3488789e+03   5.8809215e-46
   2.3542955e+03   5.9055609e-46
   2.3597245e+03   5.9303140e-46
   2.3651660e+03   5.9551815e-46
   2.3706201e+03   5.9801638e-46
   2.3760868e+03   6.0052615e-46
   2.3815661e+03   6.0304752e-46
   2.3870580e+03   6.0558055e-46
   2.3925626e+03   6.0812530e-46
   2.3980798e+03   6.1068215e-46
   2.4036098e+03   6.1325235e-46
   2.4091526e+03   6.1583022e-46
   2.4147081e+03   6.1842218e-46
   2.4202764e+03   6.2102619e-46
   2.4258576e+03   6.2364223e-46
   2.4314516e+03   6.2627036e-46
   2.4370586e+03   6.2891063e-46
   2.4426785e+03   6.3156309e-46
   2.4483113e+03   6.3422781e-46
   2.4539571e+03   6.3690484e-46
   2.4596160e+03   6.3959423e-46
   2.4652879e+03   6.4229604e-46
   2.4709728e+03   6.4501033e-46
   2.4766709e+03   6.4773716e-46
   2.4823821e+03   6.5047658e-46
   2.4881065e+03   6.5322866e-46
   2.4938441e+03   6.5599344e-46
   2.4995949e+03   6.5877100e-46
   2.5053590e+03   6.6156138e-46
   2.5111364e+03   6.6436466e-46
   2.5169271e+03   6.6718088e-46
   2.5227312e+03   6.7001010e-46
   2.5285486e+03   6.7285240e-46
   2.5343794e+03   6.7570782e-46
   2.5402237e+03   6.7857643e-46
   2.5460815e+03   6.8145829e-46
   2.5519528e+03   6.8435346e-46
   2.5578376e+03   6.8726200e-46
   2.5637360e+03   6.9018398e-46
   2.5696480e+03   6.9311945e-46
   2.5755736e+03   6.9606848e-46
   2.5815129e+03   6.9903113e-46
   2.5874659e+03   7.0200746e-46
   2.5934326e+03   7.0499754e-46
   2.5994131e+03   7.0800142e-46
   2.6054074e+03   7.1101919e-46
   2.6114155e+03   7.1405089e-46
   2.6174374e+03   7.1709659e-46
   2.6234732e+03   7.2015636e-46
   2.6295230e+03   7.2323026e-46
   2.6355867e+03   7.2631835e-46
   2.6416644e+03   7.2942071e-46
   2.6477561e+03   7.3253740e-46
   2.6538618e+03   7.3566849e-46
   2.6599816e+03   7.3881403e-46
   2.6661156e+03   7.4197410e-46
   2.6722637e+03   7.4514877e-46
   2.6784259e+03   7.4833809e-46
   2.6846024e+03   7.5154215e-46
   2.6907931e+03   7.5476101e-46
   2.6969981e+03   7.5799473e-46
   2.7032174e+03   7.6124339e-46
   2.7094510e+03   7.6450705e-46
   2.7156991e+03   7.6778578e-46
   2.7219615e+03   7.7107966e-46
   2.7282383e+03   7.7438875e-46
   2.7345297e+03   7.7771312e-46
   2.7408355e+03   7.8105284e-46
   2.7471559e+03   7.8440799e-46
   2.7534909e+03   7.8777864e-46
   2.7598405e+03   7.9116485e-46
   2.7662047e+03   7.9456670e-46
   2.7725836e+03   7.9798426e-46
   2.7789772e+03   8.0141761e-46
   2.7853855e+03   8.0486681e-46
   2.7918086e+03   8.0833194e-46
   2.7982465e+03   8.1181307e-46
   2.8046993e+03   8.1531029e-46
   2.8111670e+03   8.1882365e-46
   2.8176496e+03   8.2235324e-46
   2.8241471e+03   8.2589913e-46
   2.8306596e+03   8.2946139e-46
   2.8371871e+03   8.3304011e-46
   2.8437297e+03   8.3663536e-46
   2.8502873e+03   8.4024721e-46
   2.8568601e+03   8.4387574e-46
   2.8634481e+03   8.4752103e-46
   2.8700512e+03   8.5118317e-46
   2.8766696e+03   8.5486229e-46
   2.8833032e+03   8.5856180e-46
   2.8899521e+03   8.6227136e-46
   2.8966164e+03   8.6600156e-46
   2.9032960e+03   8.6974902e-46
   2.9099910e+03   8.7351380e-46
   2.9167015e+03   8.7729596e-46
   2.9234274e+03   8.8109559e-46
   2.9301688e+03   8.8491277e-46
   2.9369258e+03   8.8874757e-46
   2.9436984e+03   8.9260009e-46
   2.9504866e+03   8.9647040e-46
   2.9572904e+03   9.0035858e-46
   2.9641100e+03   9.0426472e-46
   2.9709452e+03   9.0818890e-46
   2.9777963e+03   9.1213120e-46
   2.9846631e+03   9.1609171e-46
   2.9915457e+03   9.2007051e-46
   2.9984443e+03   9.2406768e-46
   3.0053587e+03   9.2808332e-46
   3.0122891e+03   9.3211749e-46
   3.0192354e+03   9.3617030e-46
   3.0261978e+03   9.4024183e-46
   3.0331763e+03   9.4433216e-46
   3.0401708e+03   9.4844137e-46
   3.0471814e+03   9.5256957e-46
   3.0542083e+03   9.5671683e-46
   3.0612513e+03   9.6088324e-46
   3.0683106e+03   9.6506889e-46
   3.0753861e+03   9.6927388e-46
   3.0824780e+03   9.7349828e-46
   3.0895862e+03   9.7774219e-46
   3.0967108e+03   9.8200570e-46
   3.1038518e+03   9.8628890e-46
   3.1110093e+03   9.9059188e-46
   3.1181833e+03   9.9491473e-46
   3.1253739e+03   9.9925754e-46
   3.1325810e+03   1.0036204e-45
   3.1398048e+03   1.0080034e-45
   3.1470452e+03   1.0124067e-45
   3.1543023e+03   1.0168303e-45
   3.1615762e+03   1.0212743e-45
   3.1688668e+03   1.0257389e-45
   3.1761742e+03   1.0302240e-45
   3.1834985e+03   1.0347299e-45
   3.1908397e+03   1.0392566e-45
   3.1981978e+03   1.0438042e-45
   3.2055728e+03   1.0483728e-45
   3.2129649e+03   1.0529624e-45
   3.2203740e+03   1.0575733e-45
   3.2278002e+03   1.0622055e-45
   3.2352436e+03   1.0668591e-45
   3.2427041e+03   1.0715341e-45
   3.2501818e+03   1.0762308e-45
   3.2576767e+03   1.0809491e-45
   3.2651889e+03   1.0856892e-45
   3.2727185e+03   1.0904513e-45
   3.2802654e+03   1.0952353e-45
   3.2878297e+03   1.1000414e-45
   3.2954115e+03   1.1048697e-45
   3.3030107e+03   1.1097202e-45
   3.3106275e+03   1.1145932e-45
   3.3182618e+03   1.1194887e-45
   3.3259138e+03   1.1244068e-45
   3.3335833e+03   1.1293477e-45
   3.3412706e+03   1.1343113e-45
   3.3489756e+03   1.1392978e-45
   3.3566984e+03   1.1443075e-45
   3.3644389e+03   1.1493408e-45
   3.3721974e+03   1.1543961e-45
   3.3799737e+03   1.1594754e-45
   3.3877679e+03   1.1645781e-45
   3.3955801e+03   1.1697045e-45
   3.4034104e+03   1.1748545e-45
   3.4112587e+03   1.1800282e-45
   3.4191251e+03   1.1852259e-45
   3.4270096e+03   1.1904476e-45
   3.4349123e+03   1.1956934e-45
   3.4428332e+03   1.2009634e-45
   3.4507724e+03   1.2062577e-45
   3.4587299e+03   1.2115765e-45
   3.4667058e+03   1.2169199e-45
   3.4747000e+03   1.2222879e-45
   3.4827127e+03   1.2276807e-45
   3.4907439e+03   1.2330985e-45
   3.4987936e+03   1.2385412e-45
   3.5068618e+03   1.2440091e-45
   3.5149487e+03   1.2495022e-45
   3.5230542e+03   1.2550207e-45
   3.5311784e+03   1.2605647e-45
   3.5393213e+03   1.2661343e-45
   3.5474830e+03   1.2717296e-45
   3.5556635e+03   1.2773507e-45
   3.5638629e+03   1.2829978e-45
   3.5720812e+03   1.2886710e-45
   3.5803184e+03   1.2943704e-45
   3.5885747e+03   1.3000961e-45
   3.5968500e+03   1.3058482e-45
   3.6051443e+03   1.3116269e-45
   3.6134578e+03   1.3174323e-45
   3.6217905e+03   1.3232645e-45
   3.6301424e+03   1.3291236e-45
   3.6385135e+03   1.3350098e-45
   3.6469039e+03   1.3409231e-45
   3.6553137e+03   1.3468638e-45
   3.6637429e+03   1.3528319e-45
   3.6721915e+03   1.3588275e-45
   3.6806596e+03   1.3648509e-45
   3.6891472e+03   1.3709020e-45
   3.6976544e+03   1.3769811e-45
   3.7061813e+03   1.3830883e-45
   3.7147277e+03   1.3892237e-45
   3.7232939e+03   1.3953874e-45
   3.7318799e+03   1.4015796e-45
   3.7404856e+03   1.4078003e-45
   3.7491112e+03   1.4140498e-45
   3.7577567e+03   1.4203282e-45
   3.7664221e+03   1.4266355e-45
   3.7751075e+03   1.4329720e-45
   3.7838129e+03   1.4393377e-45
   3.7925384e+03   1.4457329e-45
   3.8012841e+03   1.4521575e-45
   3.8100498e+03   1.4586118e-45
   3.8188359e+03   1.4650960e-45
   3.8276421e+03   1.4716100e-45
   3.8364687e+03   1.4781542e-45
   3.8453156e+03   1.4847288e-45
   3.8541829e+03   1.4913333e-45
   3.8630707e+03   1.4979685e-45
   3.8719790e+03   1.5046344e-45
   3.8809078e+03   1.5113310e-45
   3.8898572e+03   1.5180586e-45
   3.8988272e+03   1.5248173e-45
   3.9078180e+03   1.5316071e-45
   3.9168294e+03   1.5384283e-45
   3.9258617e+03   1.5452810e-45
   3.9349147e+03   1.5521654e-45
   3.9439887e+03   1.5590815e-45
   3.9530835e+03   1.5660296e-45
   3.9621994e+03   1.5730097e-45
   3.9713362e+03   1.5800221e-45
   3.9804942e+03   1.5870669e-45
   3.9896732e+03   1.5941442e-45
   3.9988734e+03   1.6012542e-45
   4.0080949e+03   1.6083970e-45
   4.0173376e+03   1.6155728e-45
   4.0266016e+03   1.6227817e-45
   4.0358870e+03   1.6300240e-45
   4.0451937e+03   1.6372996e-45
   4.0545220e+03   1.6446089e-45
   4.0638718e+03   1.6519519e-45
   4.0732431e+03   1.6593289e-45
   4.0826360e+03   1.6667398e-45
   4.0920506e+03   1.6741851e-45
   4.1014869e+03   1.6816646e-45
   4.1109450e+03   1.6891788e-45
   4.1204248e+03   1.6967276e-45
   4.1299266e+03   1.7043113e-45
   4.1394502e+03   1.7119300e-45
   4.1489958e+03   1.7195839e-45
   4.1585634e+03   1.7272731e-45
   4.1681531e+03   1.7349978e-45
   4.1777649e+03   1.7427583e-45
   4.1873988e+03   1.7505545e-45
   4.1970550e+03   1.7583867e-45
   4.2067335e+03   1.7662551e-45
   4.2164342e+03   1.7741599e-45
   4.2261574e+03   1.7821011e-45
   4.2359029e+03   1.7900790e-45
   4.2456709e+03   1.7980938e-45
   4.2554615e+03   1.8061456e-45
   4.2652746e+03   1.8142345e-45
   4.2751104e+03   1.8223608e-45
   4.2849688e+03   1.8305246e-45
   4.2948500e+03   1.8387261e-45
   4.3047539e+03   1.8469655e-45
   4.3146807e+03   1.8552430e-45
   4.3246304e+03   1.8635593e-45
   4.3346030e+03   1.8719127e-45
   4.3445987e+03   1.8803053e-45
   4.3546173e+03   1.8887367e-45
   4.3646591e+03   1.8972070e-45
   4.3747241e+03   1.9057165e-45
   4.3848122e+03   1.9142652e-45
   4.3949236e+03   1.9228534e-45
   4.4050583e+03   1.9314813e-45
   4.4152164e+03   1.9401490e-45
   4.4253980e+03   1.9488567e-45
   4.4356030e+03   1.9576046e-45
   4.4458315e+03   1.9663930e-45
   4.4560836e+03   1.9752219e-45
   4.4663594e+03   1.9840915e-45
   4.4766588e+03   1.9930022e-45
   4.4869821e+03   2.0019540e-45
   4.4973291e+03   2.0109471e-45
   4.5076999e+03   2.0199817e-45
   4.5180947e+03   2.0290581e-45
   4.5285135e+03   2.0381764e-45
   4.5389563e+03   2.0473367e-45
   4.5494231e+03   2.0565394e-45
   4.5599142e+03   2.0657846e-45
   4.5704294e+03   2.0750725e-45
   4.5809688e+03   2.0844032e-45
   4.5915325e+03   2.0937771e-45
   4.6021207e+03   2.1031942e-45
   4.6127332e+03   2.1126548e-45
   4.6233702e+03   2.1221591e-45
   4.6340317e+03   2.1317073e-45
   4.6447178e+03   2.1412995e-45
   4.6554286e+03   2.1509361e-45
   4.6661640e+03   2.1606171e-45
   4.6769242e+03   2.1703429e-45
   4.6877093e+03   2.1801136e-45
   4.6985192e+03   2.1899294e-45
   4.7093540e+03   2.1997905e-45
   4.7202138e+03   2.2096971e-45
   4.7310986e+03   2.2196495e-45
   4.7420086e+03   2.2296479e-45
   4.7529437e+03   2.2396924e-45
   4.7639040e+03   2.2497833e-45
   4.7748896e+03   2.2599208e-45
   4.7859005e+03   2.2701051e-45
   4.7969369e+03   2.2803365e-45
   4.8079986e+03   2.2906151e-45
   4.8190859e+03   2.3009411e-45
   4.8301988e+03   2.3113148e-45
   4.8413372e+03   2.3217364e-45
   4.8525014e+03   2.3322062e-45
   4.8636913e+03   2.3427242e-45
   4.8749070e+03   2.3532909e-45
   4.8861486e+03   2.3639064e-45
   4.8974161e+03   2.3745708e-45
   4.9087096e+03   2.3852845e-45
   4.9200291e+03   2.3960477e-45
   4.9313747e+03   2.4068606e-45
   4.9427465e+03   2.4177234e-45
   4.9541445e+03   2.4286364e-45
   4.9655688e+03   2.4395997e-45
   4.9770194e+03   2.4506137e-45
   4.9884965e+03   2.4616786e-45
   5.0000000e+03   2.4727945e-45
