   5.0000000e+00   1.6456680e-20
   5.0115300e+00   1.6038632e-20
   5.0230867e+00   1.5632884e-20
   5.0346699e+00   1.5239377e-20
   5.0462799e+00   1.4858195e-20
   5.0579167e+00   1.4489177e-20
   5.0695803e+00   1.4127182e-20
   5.0812708e+00   1.3746307e-20
   5.0929882e+00   1.3358471e-20
   5.1047327e+00   1.3018681e-20
   5.1165042e+00   1.2699156e-20
   5.1283029e+00   1.2387116e-20
   5.1401288e+00   1.2082032e-20
   5.1519820e+00   1.1784164e-20
   5.1638625e+00   1.1493644e-20
   5.1757704e+00   1.1210480e-20
   5.1877058e+00   1.0934600e-20
   5.1996687e+00   1.0665879e-20
   5.2116592e+00   1.0404168e-20
   5.2236773e+00   1.0149304e-20
   5.2357231e+00   9.9011184e-21
   5.2477968e+00   9.6594380e-21
   5.2598982e+00   9.4240909e-21
   5.2720276e+00   9.1949066e-21
   5.2841849e+00   8.9717173e-21
   5.2963703e+00   8.7543584e-21
   5.3085838e+00   8.5426692e-21
   5.3208254e+00   8.3364928e-21
   5.3330953e+00   8.1356763e-21
   5.3453934e+00   7.9400711e-21
   5.3577199e+00   7.7495326e-21
   5.3700749e+00   7.5639202e-21
   5.3824583e+00   7.3830973e-21
   5.3948703e+00   7.2069314e-21
   5.4073109e+00   7.0352937e-21
   5.4197802e+00   6.8680592e-21
   5.4322783e+00   6.7051065e-21
   5.4448051e+00   6.5463179e-21
   5.4573609e+00   6.3915791e-21
   5.4699456e+00   6.2407790e-21
   5.4825594e+00   6.0938099e-21
   5.4952022e+00   5.9505675e-21
   5.5078742e+00   5.8109501e-21
   5.5205754e+00   5.6748593e-21
   5.5333058e+00   5.5421996e-21
   5.5460657e+00   5.4128782e-21
   5.5588550e+00   5.2868049e-21
   5.5716737e+00   5.1638924e-21
   5.5845220e+00   5.0440558e-21
   5.5974000e+00   4.9272126e-21
   5.6103076e+00   4.8132829e-21
   5.6232451e+00   4.7021889e-21
   5.6362123e+00   4.5938552e-21
   5.6492094e+00   4.4882084e-21
   5.6622366e+00   4.3851775e-21
   5.6752937e+00   4.2846934e-21
   5.6883810e+00   4.1866888e-21
   5.7014985e+00   4.0910986e-21
   5.7146461e+00   3.9978595e-21
   5.7278242e+00   3.9069098e-21
   5.7410326e+00   3.8181899e-21
   5.7542714e+00   3.7316415e-21
   5.7675408e+00   3.6472082e-21
   5.7808408e+00   3.5648353e-21
   5.7941715e+00   3.4844692e-21
   5.8075329e+00   3.4060584e-21
   5.8209251e+00   3.3295523e-21
   5.8343482e+00   3.2549020e-21
   5.8478023e+00   3.1820600e-21
   5.8612873e+00   3.1109800e-21
   5.8748035e+00   3.0416169e-21
   5.8883508e+00   2.9739272e-21
   5.9019294e+00   2.9078682e-21
   5.9155393e+00   2.8433986e-21
   5.9291806e+00   2.7804782e-21
   5.9428533e+00   2.7190679e-21
   5.9565576e+00   2.6591297e-21
   5.9702935e+00   2.6006266e-21
   5.9840610e+00   2.5435226e-21
   5.9978603e+00   2.4877827e-21
   6.0116914e+00   2.4333729e-21
   6.0255544e+00   2.3802600e-21
   6.0394494e+00   2.3284118e-21
   6.0533764e+00   2.2777970e-21
   6.0673355e+00   2.2283850e-21
   6.0813269e+00   2.1801461e-21
   6.0953505e+00   2.1330515e-21
   6.1094064e+00   2.0870731e-21
   6.1234947e+00   2.0421834e-21
   6.1376155e+00   1.9983558e-21
   6.1517689e+00   1.9555645e-21
   6.1659550e+00   1.9137841e-21
   6.1801737e+00   1.8729900e-21
   6.1944252e+00   1.8331584e-21
   6.2087096e+00   1.7942660e-21
   6.2230269e+00   1.7562900e-21
   6.2373773e+00   1.7192085e-21
   6.2517607e+00   1.6829998e-21
   6.2661773e+00   1.6476432e-21
   6.2806272e+00   1.6131180e-21
   6.2951104e+00   1.5794046e-21
   6.3096269e+00   1.5464835e-21
   6.3241770e+00   1.5143360e-21
   6.3387606e+00   1.4829436e-21
   6.3533778e+00   1.4522885e-21
   6.3680288e+00   1.4223532e-21
   6.3827135e+00   1.3931209e-21
   6.3974321e+00   1.3645750e-21
   6.4121846e+00   1.3366993e-21
   6.4269711e+00   1.3094782e-21
   6.4417918e+00   1.2828964e-21
   6.4566466e+00   1.2569390e-21
   6.4715357e+00   1.2315915e-21
   6.4864591e+00   1.2068396e-21
   6.5014169e+00   1.1826698e-21
   6.5164092e+00   1.1590684e-21
   6.5314361e+00   1.1360224e-21
   6.5464977e+00   1.1135190e-21
   6.5615939e+00   1.0915459e-21
   6.5767250e+00   1.0700908e-21
   6.5918910e+00   1.0491419e-21
   6.6070920e+00   1.0286877e-21
   6.6223280e+00   1.0087170e-21
   6.6375991e+00   9.8921880e-22
   6.6529055e+00   9.7018243e-22
   6.6682471e+00   9.5159747e-22
   6.6836241e+00   9.3345378e-22
   6.6990366e+00   9.1574144e-22
   6.7144846e+00   8.9845081e-22
   6.7299683e+00   8.8157247e-22
   6.7454877e+00   8.6509724e-22
   6.7610428e+00   8.4901617e-22
   6.7766338e+00   8.3332052e-22
   6.7922608e+00   8.1800179e-22
   6.8079238e+00   8.0305167e-22
   6.8236229e+00   7.8846206e-22
   6.8393582e+00   7.7422507e-22
   6.8551299e+00   7.6033300e-22
   6.8709378e+00   7.4677833e-22
   6.8867823e+00   7.3355373e-22
   6.9026632e+00   7.2065207e-22
   6.9185808e+00   7.0806637e-22
   6.9345351e+00   6.9578985e-22
   6.9505262e+00   6.8381587e-22
   6.9665542e+00   6.7213797e-22
   6.9826191e+00   6.6074985e-22
   6.9987211e+00   6.4964537e-22
   7.0148602e+00   6.3881852e-22
   7.0310365e+00   6.2826347e-22
   7.0472502e+00   6.1797453e-22
   7.0635012e+00   6.0794613e-22
   7.0797897e+00   5.9817287e-22
   7.0961157e+00   5.8864946e-22
   7.1124794e+00   5.7937078e-22
   7.1288808e+00   5.7033180e-22
   7.1453201e+00   5.6152765e-22
   7.1617972e+00   5.5295357e-22
   7.1783124e+00   5.4460492e-22
   7.1948656e+00   5.3647722e-22
   7.2114571e+00   5.2856606e-22
   7.2280867e+00   5.2086717e-22
   7.2447548e+00   5.1337642e-22
   7.2614612e+00   5.0608974e-22
   7.2782062e+00   4.9900323e-22
   7.2949898e+00   4.9211306e-22
   7.3118121e+00   4.8541555e-22
   7.3286732e+00   4.7890708e-22
   7.3455732e+00   4.7258420e-22
   7.3625121e+00   4.6644351e-22
   7.3794901e+00   4.6048175e-22
   7.3965073e+00   4.5469576e-22
   7.4135637e+00   4.4908249e-22
   7.4306594e+00   4.4363900e-22
   7.4477946e+00   4.3836243e-22
   7.4649693e+00   4.3325007e-22
   7.4821835e+00   4.2829929e-22
   7.4994375e+00   4.2350757e-22
   7.5167313e+00   4.1887250e-22
   7.5340649e+00   4.1439181e-22
   7.5514385e+00   4.1006328e-22
   7.5688522e+00   4.0588487e-22
   7.5863060e+00   4.0185461e-22
   7.6038001e+00   3.9797068e-22
   7.6213345e+00   3.9423135e-22
   7.6389094e+00   3.9063504e-22
   7.6565248e+00   3.8718028e-22
   7.6741808e+00   3.8386574e-22
   7.6918775e+00   3.8069022e-22
   7.7096150e+00   3.7765265e-22
   7.7273934e+00   3.7475214e-22
   7.7452129e+00   3.7198792e-22
   7.7630734e+00   3.6935937e-22
   7.7809751e+00   3.6686605e-22
   7.7989181e+00   3.6450769e-22
   7.8169025e+00   3.6228421e-22
   7.8349283e+00   3.6019568e-22
   7.8529957e+00   3.5824242e-22
   7.8711048e+00   3.5642493e-22
   7.8892556e+00   3.5474393e-22
   7.9074483e+00   3.5320040e-22
   7.9256829e+00   3.5179555e-22
   7.9439596e+00   3.5053089e-22
   7.9622784e+00   3.4940817e-22
   7.9806395e+00   3.4842950e-22
   7.9990429e+00   3.4759729e-22
   8.0174888e+00   3.4691432e-22
   8.0359772e+00   3.4638378e-22
   8.0545082e+00   3.4600923e-22
   8.0730819e+00   3.4579473e-22
   8.0916985e+00   3.4574481e-22
   8.1103581e+00   3.4586455e-22
   8.1290606e+00   3.4615963e-22
   8.1478063e+00   3.4663637e-22
   8.1665952e+00   3.4730181e-22
   8.1854274e+00   3.4816376e-22
   8.2043031e+00   3.4923093e-22
   8.2232223e+00   3.5051297e-22
   8.2421851e+00   3.5202060e-22
   8.2611916e+00   3.5376574e-22
   8.2802420e+00   3.5576165e-22
   8.2993363e+00   3.5802308e-22
   8.3184746e+00   3.6056647e-22
   8.3376571e+00   3.6341016e-22
   8.3568838e+00   3.6657464e-22
   8.3761548e+00   3.7008285e-22
   8.3954703e+00   3.7396051e-22
   8.4148303e+00   3.7823655e-22
   8.4342350e+00   3.8294358e-22
   8.4536844e+00   3.8811843e-22
   8.4731786e+00   3.9380288e-22
   8.4927179e+00   4.0004445e-22
   8.5123021e+00   4.0689738e-22
   8.5319316e+00   4.1442385e-22
   8.5516063e+00   4.2269541e-22
   8.5713263e+00   4.3179482e-22
   8.5910919e+00   4.4181827e-22
   8.6109030e+00   4.5287817e-22
   8.6307598e+00   4.6510673e-22
   8.6506624e+00   4.7866038e-22
   8.6706109e+00   4.9372540e-22
   8.6906054e+00   5.1052627e-22
   8.7106460e+00   5.2933437e-22
   8.7307328e+00   5.5048206e-22
   8.7508660e+00   5.7438041e-22
   8.7710455e+00   6.0154392e-22
   8.7912716e+00   6.3262522e-22
   8.8115444e+00   6.6846464e-22
   8.8318638e+00   7.1016300e-22
   8.8522302e+00   7.5919086e-22
   8.8726435e+00   8.1755809e-22
   8.8931039e+00   8.8808594e-22
   8.9136114e+00   9.7486249e-22
   8.9341663e+00   1.0840436e-21
   8.9547686e+00   1.2253492e-21
   8.9754183e+00   1.4150793e-21
   8.9961157e+00   1.6828132e-21
   9.0168608e+00   2.0883873e-21
   9.0376538e+00   2.7738486e-21
   9.0584947e+00   4.1783951e-21
   9.0793836e+00   8.6661341e-21
   9.1003208e+00   8.9941284e-20
   9.1213062e+00   7.1497728e-21
   9.1423400e+00   3.7018538e-21
   9.1634223e+00   2.4984598e-21
   9.1845532e+00   1.9018980e-21
   9.2057328e+00   1.5779417e-21
   9.2269613e+00   1.4686338e-21
   9.2482388e+00   1.8853079e-21
   9.2695653e+00   3.9194177e-20
   9.2909410e+00   1.7517074e-21
   9.3123660e+00   1.0475150e-21
   9.3338403e+00   8.2029813e-22
   9.3553642e+00   6.9926309e-22
   9.3769378e+00   6.1881632e-22
   9.3985611e+00   5.5899183e-22
   9.4202342e+00   5.1161948e-22
   9.4419574e+00   4.7263819e-22
   9.4637306e+00   4.3973432e-22
   9.4855540e+00   4.1145454e-22
   9.5074278e+00   3.8681844e-22
   9.5293520e+00   3.6512858e-22
   9.5513267e+00   3.4586849e-22
   9.5733522e+00   3.2864366e-22
   9.5954284e+00   3.1314521e-22
   9.6175555e+00   2.9912652e-22
   9.6397337e+00   2.8638747e-22
   9.6619630e+00   2.7476341e-22
   9.6842435e+00   2.6411735e-22
   9.7065755e+00   2.5433411e-22
   9.7289589e+00   2.4531603e-22
   9.7513940e+00   2.3697967e-22
   9.7738808e+00   2.2925325e-22
   9.7964194e+00   2.2207462e-22
   9.8190100e+00   2.1538968e-22
   9.8416527e+00   2.0915111e-22
   9.8643477e+00   2.0331732e-22
   9.8870949e+00   1.9785158e-22
   9.9098946e+00   1.9272138e-22
   9.9327469e+00   1.8789776e-22
   9.9556519e+00   1.8335493e-22
   9.9786097e+00   1.7906977e-22
   1.0001620e+01   1.7502179e-22
   1.0024684e+01   1.7119376e-22
   1.0047801e+01   1.6756505e-22
   1.0070972e+01   1.6412164e-22
   1.0094195e+01   1.6085066e-22
   1.0117473e+01   1.5774013e-22
   1.0140804e+01   1.5477829e-22
   1.0164188e+01   1.5195450e-22
   1.0187627e+01   1.4925902e-22
   1.0211120e+01   1.4668306e-22
   1.0234667e+01   1.4421896e-22
   1.0258268e+01   1.4185934e-22
   1.0281924e+01   1.3959731e-22
   1.0305634e+01   1.3742658e-22
   1.0329399e+01   1.3534161e-22
   1.0353218e+01   1.3333713e-22
   1.0377093e+01   1.3140817e-22
   1.0401023e+01   1.2955015e-22
   1.0425007e+01   1.2775895e-22
   1.0449048e+01   1.2603077e-22
   1.0473143e+01   1.2436193e-22
   1.0497294e+01   1.2274903e-22
   1.0521501e+01   1.2118900e-22
   1.0545764e+01   1.1967899e-22
   1.0570082e+01   1.1821626e-22
   1.0594457e+01   1.1679827e-22
   1.0618888e+01   1.1542267e-22
   1.0643375e+01   1.1408731e-22
   1.0667919e+01   1.1279012e-22
   1.0692519e+01   1.1152915e-22
   1.0717176e+01   1.1030260e-22
   1.0741890e+01   1.0910884e-22
   1.0766661e+01   1.0794626e-22
   1.0791489e+01   1.0681337e-22
   1.0816374e+01   1.0570877e-22
   1.0841317e+01   1.0463118e-22
   1.0866317e+01   1.0357937e-22
   1.0891375e+01   1.0255218e-22
   1.0916491e+01   1.0154850e-22
   1.0941664e+01   1.0056734e-22
   1.0966896e+01   9.9607728e-23
   1.0992185e+01   9.8668742e-23
   1.1017533e+01   9.7749525e-23
   1.1042940e+01   9.6849281e-23
   1.1068405e+01   9.5967239e-23
   1.1093929e+01   9.5102671e-23
   1.1119512e+01   9.4254894e-23
   1.1145153e+01   9.3423271e-23
   1.1170854e+01   9.2607185e-23
   1.1196614e+01   9.1806053e-23
   1.1222434e+01   9.1019327e-23
   1.1248313e+01   9.0246493e-23
   1.1274251e+01   8.9487054e-23
   1.1300250e+01   8.8740538e-23
   1.1326308e+01   8.8006503e-23
   1.1352427e+01   8.7284529e-23
   1.1378606e+01   8.6574212e-23
   1.1404845e+01   8.5875168e-23
   1.1431144e+01   8.5187037e-23
   1.1457505e+01   8.4509474e-23
   1.1483926e+01   8.3842146e-23
   1.1510408e+01   8.3184740e-23
   1.1536951e+01   8.2536957e-23
   1.1563555e+01   8.1898514e-23
   1.1590221e+01   8.1269135e-23
   1.1616948e+01   8.0648559e-23
   1.1643737e+01   8.0036542e-23
   1.1670587e+01   7.9432843e-23
   1.1697500e+01   7.8837234e-23
   1.1724474e+01   7.8249499e-23
   1.1751511e+01   7.7669430e-23
   1.1778610e+01   7.7096826e-23
   1.1805772e+01   7.6531497e-23
   1.1832996e+01   7.5973259e-23
   1.1860283e+01   7.5421936e-23
   1.1887633e+01   7.4877360e-23
   1.1915046e+01   7.4339367e-23
   1.1942522e+01   7.3807802e-23
   1.1970061e+01   7.3282516e-23
   1.1997664e+01   7.2763363e-23
   1.2025331e+01   7.2250206e-23
   1.2053062e+01   7.1742911e-23
   1.2080856e+01   7.1241348e-23
   1.2108715e+01   7.0745394e-23
   1.2136637e+01   7.0254929e-23
   1.2164625e+01   6.9769838e-23
   1.2192676e+01   6.9290009e-23
   1.2220793e+01   6.8815334e-23
   1.2248974e+01   6.8345710e-23
   1.2277220e+01   6.7881036e-23
   1.2305532e+01   6.7421214e-23
   1.2333908e+01   6.6966151e-23
   1.2362350e+01   6.6515755e-23
   1.2390858e+01   6.6069939e-23
   1.2419431e+01   6.5628616e-23
   1.2448071e+01   6.5191703e-23
   1.2476776e+01   6.4759122e-23
   1.2505548e+01   6.4330792e-23
   1.2534386e+01   6.3906640e-23
   1.2563290e+01   6.3486591e-23
   1.2592261e+01   6.3070573e-23
   1.2621299e+01   6.2658518e-23
   1.2650404e+01   6.2250358e-23
   1.2679576e+01   6.1846027e-23
   1.2708815e+01   6.1445463e-23
   1.2738121e+01   6.1048601e-23
   1.2767496e+01   6.0655383e-23
   1.2796938e+01   6.0265749e-23
   1.2826447e+01   5.9879642e-23
   1.2856025e+01   5.9497006e-23
   1.2885671e+01   5.9117786e-23
   1.2915386e+01   5.8741930e-23
   1.2945169e+01   5.8369386e-23
   1.2975020e+01   5.8000103e-23
   1.3004941e+01   5.7634031e-23
   1.3034930e+01   5.7271124e-23
   1.3064989e+01   5.6911333e-23
   1.3095117e+01   5.6554612e-23
   1.3125314e+01   5.6200918e-23
   1.3155582e+01   5.5850206e-23
   1.3185918e+01   5.5502433e-23
   1.3216325e+01   5.5157557e-23
   1.3246802e+01   5.4815538e-23
   1.3277349e+01   5.4476335e-23
   1.3307967e+01   5.4139910e-23
   1.3338655e+01   5.3806223e-23
   1.3369414e+01   5.3475238e-23
   1.3400244e+01   5.3146918e-23
   1.3431145e+01   5.2821227e-23
   1.3462118e+01   5.2498129e-23
   1.3493162e+01   5.2177591e-23
   1.3524277e+01   5.1859578e-23
   1.3555464e+01   5.1544057e-23
   1.3586723e+01   5.1230996e-23
   1.3618054e+01   5.0920364e-23
   1.3649457e+01   5.0612129e-23
   1.3680933e+01   5.0306261e-23
   1.3712481e+01   5.0002730e-23
   1.3744103e+01   4.9701507e-23
   1.3775797e+01   4.9402562e-23
   1.3807564e+01   4.9105868e-23
   1.3839404e+01   4.8811398e-23
   1.3871318e+01   4.8519123e-23
   1.3903305e+01   4.8229018e-23
   1.3935366e+01   4.7941056e-23
   1.3967501e+01   4.7655213e-23
   1.3999710e+01   4.7371462e-23
   1.4031994e+01   4.7089779e-23
   1.4064352e+01   4.6810140e-23
   1.4096784e+01   4.6532521e-23
   1.4129292e+01   4.6256899e-23
   1.4161874e+01   4.5983251e-23
   1.4194531e+01   4.5711554e-23
   1.4227264e+01   4.5441788e-23
   1.4260072e+01   4.5173928e-23
   1.4292956e+01   4.4907956e-23
   1.4325916e+01   4.4643849e-23
   1.4358951e+01   4.4381587e-23
   1.4392063e+01   4.4121150e-23
   1.4425251e+01   4.3862518e-23
   1.4458516e+01   4.3605671e-23
   1.4491858e+01   4.3350591e-23
   1.4525276e+01   4.3097259e-23
   1.4558771e+01   4.2845656e-23
   1.4592344e+01   4.2595764e-23
   1.4625994e+01   4.2347564e-23
   1.4659722e+01   4.2101041e-23
   1.4693527e+01   4.1856176e-23
   1.4727410e+01   4.1612952e-23
   1.4761372e+01   4.1371352e-23
   1.4795412e+01   4.1131361e-23
   1.4829530e+01   4.0892962e-23
   1.4863727e+01   4.0656139e-23
   1.4898003e+01   4.0420876e-23
   1.4932358e+01   4.0187159e-23
   1.4966792e+01   3.9954971e-23
   1.5001306e+01   3.9724299e-23
   1.5035899e+01   3.9495127e-23
   1.5070572e+01   3.9267441e-23
   1.5105324e+01   3.9041227e-23
   1.5140157e+01   3.8816472e-23
   1.5175071e+01   3.8593160e-23
   1.5210065e+01   3.8371279e-23
   1.5245139e+01   3.8150816e-23
   1.5280295e+01   3.7931756e-23
   1.5315531e+01   3.7714089e-23
   1.5350849e+01   3.7497800e-23
   1.5386248e+01   3.7282877e-23
   1.5421729e+01   3.7069308e-23
   1.5457291e+01   3.6857080e-23
   1.5492936e+01   3.6646183e-23
   1.5528663e+01   3.6436604e-23
   1.5564472e+01   3.6228331e-23
   1.5600364e+01   3.6021353e-23
   1.5636338e+01   3.5815659e-23
   1.5672396e+01   3.5611238e-23
   1.5708537e+01   3.5408078e-23
   1.5744761e+01   3.5206169e-23
   1.5781068e+01   3.5005501e-23
   1.5817459e+01   3.4806063e-23
   1.5853935e+01   3.4607845e-23
   1.5890494e+01   3.4410836e-23
   1.5927137e+01   3.4215026e-23
   1.5963866e+01   3.4020406e-23
   1.6000678e+01   3.3826966e-23
   1.6037576e+01   3.3634696e-23
   1.6074559e+01   3.3443587e-23
   1.6111627e+01   3.3253630e-23
   1.6148780e+01   3.3064815e-23
   1.6186020e+01   3.2877133e-23
   1.6223345e+01   3.2690575e-23
   1.6260756e+01   3.2505133e-23
   1.6298253e+01   3.2320798e-23
   1.6335837e+01   3.2137560e-23
   1.6373508e+01   3.1955412e-23
   1.6411265e+01   3.1774346e-23
   1.6449110e+01   3.1594352e-23
   1.6487041e+01   3.1415424e-23
   1.6525061e+01   3.1237552e-23
   1.6563168e+01   3.1060729e-23
   1.6601362e+01   3.0884947e-23
   1.6639645e+01   3.0710198e-23
   1.6678016e+01   3.0536475e-23
   1.6716476e+01   3.0363770e-23
   1.6755024e+01   3.0192076e-23
   1.6793662e+01   3.0021385e-23
   1.6832388e+01   2.9851690e-23
   1.6871203e+01   2.9682984e-23
   1.6910109e+01   2.9515260e-23
   1.6949103e+01   2.9348511e-23
   1.6988188e+01   2.9182729e-23
   1.7027363e+01   2.9017909e-23
   1.7066628e+01   2.8854043e-23
   1.7105984e+01   2.8691125e-23
   1.7145431e+01   2.8529148e-23
   1.7184968e+01   2.8368105e-23
   1.7224597e+01   2.8207991e-23
   1.7264317e+01   2.8048798e-23
   1.7304128e+01   2.7890522e-23
   1.7344032e+01   2.7733154e-23
   1.7384027e+01   2.7576690e-23
   1.7424115e+01   2.7421123e-23
   1.7464295e+01   2.7266447e-23
   1.7504568e+01   2.7112657e-23
   1.7544934e+01   2.6959746e-23
   1.7585392e+01   2.6807708e-23
   1.7625945e+01   2.6656539e-23
   1.7666590e+01   2.6506232e-23
   1.7707329e+01   2.6356782e-23
   1.7748163e+01   2.6208183e-23
   1.7789090e+01   2.6060430e-23
   1.7830112e+01   2.5913517e-23
   1.7871228e+01   2.5767439e-23
   1.7912439e+01   2.5622190e-23
   1.7953746e+01   2.5477767e-23
   1.7995147e+01   2.5334162e-23
   1.8036644e+01   2.5191372e-23
   1.8078237e+01   2.5049391e-23
   1.8119925e+01   2.4908214e-23
   1.8161710e+01   2.4767836e-23
   1.8203591e+01   2.4628253e-23
   1.8245569e+01   2.4489459e-23
   1.8287643e+01   2.4351450e-23
   1.8329814e+01   2.4214220e-23
   1.8372083e+01   2.4077766e-23
   1.8414449e+01   2.3942082e-23
   1.8456913e+01   2.3807165e-23
   1.8499475e+01   2.3673008e-23
   1.8542135e+01   2.3539609e-23
   1.8584893e+01   2.3406962e-23
   1.8627750e+01   2.3275063e-23
   1.8670706e+01   2.3143908e-23
   1.8713761e+01   2.3013492e-23
   1.8756915e+01   2.2883811e-23
   1.8800168e+01   2.2754862e-23
   1.8843522e+01   2.2626638e-23
   1.8886975e+01   2.2499138e-23
   1.8930528e+01   2.2372355e-23
   1.8974182e+01   2.2246287e-23
   1.9017937e+01   2.2120929e-23
   1.9061792e+01   2.1996278e-23
   1.9105749e+01   2.1872329e-23
   1.9149807e+01   2.1749078e-23
   1.9193967e+01   2.1626522e-23
   1.9238228e+01   2.1504657e-23
   1.9282592e+01   2.1383479e-23
   1.9327057e+01   2.1262984e-23
   1.9371626e+01   2.1143168e-23
   1.9416297e+01   2.1024028e-23
   1.9461071e+01   2.0905560e-23
   1.9505948e+01   2.0787761e-23
   1.9550929e+01   2.0670626e-23
   1.9596014e+01   2.0554153e-23
   1.9641202e+01   2.0438338e-23
   1.9686495e+01   2.0323178e-23
   1.9731892e+01   2.0208668e-23
   1.9777394e+01   2.0094806e-23
   1.9823001e+01   1.9981587e-23
   1.9868713e+01   1.9869010e-23
   1.9914530e+01   1.9757070e-23
   1.9960454e+01   1.9645764e-23
   2.0006482e+01   1.9535090e-23
   2.0052618e+01   1.9425043e-23
   2.0098859e+01   1.9315620e-23
   2.0145207e+01   1.9206819e-23
   2.0191662e+01   1.9098636e-23
   2.0238224e+01   1.8991068e-23
   2.0284894e+01   1.8884112e-23
   2.0331671e+01   1.8777765e-23
   2.0378556e+01   1.8672024e-23
   2.0425549e+01   1.8566886e-23
   2.0472650e+01   1.8462348e-23
   2.0519861e+01   1.8358407e-23
   2.0567180e+01   1.8255060e-23
   2.0614608e+01   1.8152304e-23
   2.0662145e+01   1.8050137e-23
   2.0709792e+01   1.7948555e-23
   2.0757549e+01   1.7847556e-23
   2.0805416e+01   1.7747137e-23
   2.0853394e+01   1.7647295e-23
   2.0901482e+01   1.7548028e-23
   2.0949681e+01   1.7449332e-23
   2.0997991e+01   1.7351206e-23
   2.1046412e+01   1.7253646e-23
   2.1094945e+01   1.7156649e-23
   2.1143591e+01   1.7060214e-23
   2.1192348e+01   1.6964338e-23
   2.1241218e+01   1.6869018e-23
   2.1290200e+01   1.6774251e-23
   2.1339295e+01   1.6680035e-23
   2.1388504e+01   1.6586368e-23
   2.1437826e+01   1.6493246e-23
   2.1487262e+01   1.6400669e-23
   2.1536812e+01   1.6308632e-23
   2.1586476e+01   1.6217135e-23
   2.1636254e+01   1.6126173e-23
   2.1686148e+01   1.6035746e-23
   2.1736156e+01   1.5945851e-23
   2.1786280e+01   1.5856484e-23
   2.1836519e+01   1.5767645e-23
   2.1886874e+01   1.5679331e-23
   2.1937346e+01   1.5591539e-23
   2.1987933e+01   1.5504268e-23
   2.2038638e+01   1.5417515e-23
   2.2089459e+01   1.5331277e-23
   2.2140397e+01   1.5245554e-23
   2.2191453e+01   1.5160342e-23
   2.2242627e+01   1.5075639e-23
   2.2293919e+01   1.4991444e-23
   2.2345328e+01   1.4907754e-23
   2.2396857e+01   1.4824568e-23
   2.2448504e+01   1.4741882e-23
   2.2500271e+01   1.4659696e-23
   2.2552157e+01   1.4578006e-23
   2.2604162e+01   1.4496812e-23
   2.2656287e+01   1.4416111e-23
   2.2708533e+01   1.4335900e-23
   2.2760899e+01   1.4256179e-23
   2.2813386e+01   1.4176946e-23
   2.2865994e+01   1.4098197e-23
   2.2918723e+01   1.4019932e-23
   2.2971574e+01   1.3942149e-23
   2.3024546e+01   1.3864845e-23
   2.3077641e+01   1.3788019e-23
   2.3130858e+01   1.3711669e-23
   2.3184198e+01   1.3635794e-23
   2.3237661e+01   1.3560391e-23
   2.3291247e+01   1.3485458e-23
   2.3344957e+01   1.3410994e-23
   2.3398791e+01   1.3336998e-23
   2.3452748e+01   1.3263467e-23
   2.3506831e+01   1.3190399e-23
   2.3561038e+01   1.3117794e-23
   2.3615370e+01   1.3045649e-23
   2.3669827e+01   1.2973962e-23
   2.3724410e+01   1.2902732e-23
   2.3779118e+01   1.2831958e-23
   2.3833953e+01   1.2761638e-23
   2.3888914e+01   1.2691769e-23
   2.3944002e+01   1.2622351e-23
   2.3999217e+01   1.2553382e-23
   2.4054560e+01   1.2484861e-23
   2.4110030e+01   1.2416785e-23
   2.4165628e+01   1.2349153e-23
   2.4221354e+01   1.2281965e-23
   2.4277208e+01   1.2215217e-23
   2.4333192e+01   1.2148909e-23
   2.4389304e+01   1.2083040e-23
   2.4445546e+01   1.2017607e-23
   2.4501918e+01   1.1952609e-23
   2.4558420e+01   1.1888045e-23
   2.4615051e+01   1.1823914e-23
   2.4671814e+01   1.1760214e-23
   2.4728707e+01   1.1696943e-23
   2.4785732e+01   1.1634101e-23
   2.4842888e+01   1.1571685e-23
   2.4900176e+01   1.1509694e-23
   2.4957596e+01   1.1448128e-23
   2.5015148e+01   1.1386984e-23
   2.5072833e+01   1.1326262e-23
   2.5130652e+01   1.1265960e-23
   2.5188603e+01   1.1206076e-23
   2.5246688e+01   1.1146610e-23
   2.5304907e+01   1.1087560e-23
   2.5363261e+01   1.1028925e-23
   2.5421748e+01   1.0970703e-23
   2.5480371e+01   1.0912893e-23
   2.5539129e+01   1.0855494e-23
   2.5598023e+01   1.0798505e-23
   2.5657052e+01   1.0741925e-23
   2.5716217e+01   1.0685752e-23
   2.5775519e+01   1.0629984e-23
   2.5834957e+01   1.0574622e-23
   2.5894533e+01   1.0519663e-23
   2.5954246e+01   1.0465107e-23
   2.6014097e+01   1.0410951e-23
   2.6074085e+01   1.0357196e-23
   2.6134212e+01   1.0303840e-23
   2.6194478e+01   1.0250881e-23
   2.6254883e+01   1.0198319e-23
   2.6315427e+01   1.0146152e-23
   2.6376110e+01   1.0094379e-23
   2.6436934e+01   1.0042999e-23
   2.6497898e+01   9.9920113e-24
   2.6559002e+01   9.9414143e-24
   2.6620247e+01   9.8912069e-24
   2.6681634e+01   9.8413881e-24
   2.6743162e+01   9.7919567e-24
   2.6804832e+01   9.7429116e-24
   2.6866644e+01   9.6942518e-24
   2.6928599e+01   9.6459760e-24
   2.6990696e+01   9.5980833e-24
   2.7052937e+01   9.5505726e-24
   2.7115321e+01   9.5034427e-24
   2.7177849e+01   9.4566925e-24
   2.7240522e+01   9.4103211e-24
   2.7303338e+01   9.3643273e-24
   2.7366300e+01   9.3187100e-24
   2.7429407e+01   9.2734683e-24
   2.7492659e+01   9.2286009e-24
   2.7556058e+01   9.1841069e-24
   2.7619602e+01   9.1399852e-24
   2.7683293e+01   9.0962348e-24
   2.7747131e+01   9.0528545e-24
   2.7811116e+01   9.0098434e-24
   2.7875249e+01   8.9672003e-24
   2.7939529e+01   8.9249243e-24
   2.8003958e+01   8.8830142e-24
   2.8068536e+01   8.8414691e-24
   2.8133262e+01   8.8002878e-24
   2.8198137e+01   8.7594693e-24
   2.8263162e+01   8.7190126e-24
   2.8328338e+01   8.6789166e-24
   2.8393663e+01   8.6391803e-24
   2.8459139e+01   8.5998025e-24
   2.8524766e+01   8.5607824e-24
   2.8590544e+01   8.5221187e-24
   2.8656474e+01   8.4838104e-24
   2.8722556e+01   8.4458565e-24
   2.8788791e+01   8.4082559e-24
   2.8855178e+01   8.3710075e-24
   2.8921718e+01   8.3341104e-24
   2.8988412e+01   8.2975633e-24
   2.9055259e+01   8.2613652e-24
   2.9122261e+01   8.2255151e-24
   2.9189417e+01   8.1900118e-24
   2.9256728e+01   8.1548543e-24
   2.9324194e+01   8.1200415e-24
   2.9391816e+01   8.0855723e-24
   2.9459594e+01   8.0514456e-24
   2.9527528e+01   8.0176602e-24
   2.9595619e+01   7.9842151e-24
   2.9663866e+01   7.9511092e-24
   2.9732272e+01   7.9183412e-24
   2.9800834e+01   7.8859102e-24
   2.9869555e+01   7.8538149e-24
   2.9938435e+01   7.8220543e-24
   3.0007473e+01   7.7906271e-24
   3.0076670e+01   7.7595322e-24
   3.0146028e+01   7.7287685e-24
   3.0215544e+01   7.6983348e-24
   3.0285222e+01   7.6682299e-24
   3.0355060e+01   7.6384526e-24
   3.0425059e+01   7.6090017e-24
   3.0495219e+01   7.5798760e-24
   3.0565541e+01   7.5510744e-24
   3.0636026e+01   7.5225955e-24
   3.0706673e+01   7.4944383e-24
   3.0777482e+01   7.4666013e-24
   3.0848456e+01   7.4390835e-24
   3.0919592e+01   7.4118835e-24
   3.0990893e+01   7.3850000e-24
   3.1062358e+01   7.3584319e-24
   3.1133988e+01   7.3321778e-24
   3.1205784e+01   7.3062364e-24
   3.1277744e+01   7.2806064e-24
   3.1349871e+01   7.2552865e-24
   3.1422164e+01   7.2302755e-24
   3.1494624e+01   7.2055718e-24
   3.1567251e+01   7.1811743e-24
   3.1640045e+01   7.1570816e-24
   3.1713007e+01   7.1332922e-24
   3.1786138e+01   7.1098049e-24
   3.1859437e+01   7.0866182e-24
   3.1932905e+01   7.0637307e-24
   3.2006542e+01   7.0411411e-24
   3.2080350e+01   7.0188478e-24
   3.2154327e+01   6.9968496e-24
   3.2228475e+01   6.9751449e-24
   3.2302794e+01   6.9537323e-24
   3.2377285e+01   6.9326103e-24
   3.2451947e+01   6.9117775e-24
   3.2526782e+01   6.8912324e-24
   3.2601789e+01   6.8709734e-24
   3.2676969e+01   6.8509991e-24
   3.2752322e+01   6.8313080e-24
   3.2827849e+01   6.8118985e-24
   3.2903550e+01   6.7927691e-24
   3.2979426e+01   6.7739183e-24
   3.3055477e+01   6.7553444e-24
   3.3131703e+01   6.7370460e-24
   3.3208105e+01   6.7190214e-24
   3.3284683e+01   6.7012690e-24
   3.3361438e+01   6.6837873e-24
   3.3438370e+01   6.6665746e-24
   3.3515479e+01   6.6496293e-24
   3.3592766e+01   6.6329498e-24
   3.3670231e+01   6.6165344e-24
   3.3747875e+01   6.6003815e-24
   3.3825698e+01   6.5844894e-24
   3.3903700e+01   6.5688565e-24
   3.3981882e+01   6.5534811e-24
   3.4060245e+01   6.5383614e-24
   3.4138788e+01   6.5234958e-24
   3.4217512e+01   6.5088826e-24
   3.4296418e+01   6.4945200e-24
   3.4375506e+01   6.4804064e-24
   3.4454776e+01   6.4665400e-24
   3.4534229e+01   6.4529191e-24
   3.4613865e+01   6.4395418e-24
   3.4693685e+01   6.4264066e-24
   3.4773689e+01   6.4135115e-24
   3.4853877e+01   6.4008548e-24
   3.4934251e+01   6.3884348e-24
   3.5014809e+01   6.3762497e-24
   3.5095554e+01   6.3642977e-24
   3.5176484e+01   6.3525769e-24
   3.5257602e+01   6.3410856e-24
   3.5338906e+01   6.3298220e-24
   3.5420398e+01   6.3187843e-24
   3.5502077e+01   6.3079706e-24
   3.5583945e+01   6.2973791e-24
   3.5666002e+01   6.2870080e-24
   3.5748248e+01   6.2768555e-24
   3.5830684e+01   6.2669198e-24
   3.5913310e+01   6.2571989e-24
   3.5996126e+01   6.2476911e-24
   3.6079134e+01   6.2383945e-24
   3.6162332e+01   6.2293072e-24
   3.6245723e+01   6.2204275e-24
   3.6329306e+01   6.2117534e-24
   3.6413082e+01   6.2032832e-24
   3.6497050e+01   6.1950149e-24
   3.6581213e+01   6.1869467e-24
   3.6665569e+01   6.1790768e-24
   3.6750120e+01   6.1714032e-24
   3.6834867e+01   6.1639242e-24
   3.6919808e+01   6.1566378e-24
   3.7004945e+01   6.1495423e-24
   3.7090279e+01   6.1426357e-24
   3.7175810e+01   6.1359163e-24
   3.7261537e+01   6.1293821e-24
   3.7347463e+01   6.1230313e-24
   3.7433586e+01   6.1168620e-24
   3.7519908e+01   6.1108725e-24
   3.7606429e+01   6.1050608e-24
   3.7693150e+01   6.0994252e-24
   3.7780071e+01   6.0939637e-24
   3.7867192e+01   6.0886745e-24
   3.7954514e+01   6.0835559e-24
   3.8042037e+01   6.0786059e-24
   3.8129763e+01   6.0738228e-24
   3.8217690e+01   6.0692047e-24
   3.8305821e+01   6.0647498e-24
   3.8394154e+01   6.0604564e-24
   3.8482691e+01   6.0563225e-24
   3.8571433e+01   6.0523465e-24
   3.8660379e+01   6.0485264e-24
   3.8749530e+01   6.0448606e-24
   3.8838886e+01   6.0413472e-24
   3.8928449e+01   6.0379845e-24
   3.9018219e+01   6.0347707e-24
   3.9108195e+01   6.0317040e-24
   3.9198379e+01   6.0287827e-24
   3.9288770e+01   6.0260050e-24
   3.9379371e+01   6.0233692e-24
   3.9470180e+01   6.0208736e-24
   3.9561198e+01   6.0185164e-24
   3.9652427e+01   6.0162960e-24
   3.9743865e+01   6.0142106e-24
   3.9835515e+01   6.0122584e-24
   3.9927376e+01   6.0104380e-24
   4.0019449e+01   6.0087474e-24
   4.0111734e+01   6.0071852e-24
   4.0204232e+01   6.0057495e-24
   4.0296943e+01   6.0044389e-24
   4.0389868e+01   6.0032516e-24
   4.0483008e+01   6.0021859e-24
   4.0576362e+01   6.0012404e-24
   4.0669931e+01   6.0004133e-24
   4.0763716e+01   5.9997030e-24
   4.0857718e+01   5.9991081e-24
   4.0951936e+01   5.9986268e-24
   4.1046372e+01   5.9982577e-24
   4.1141025e+01   5.9979991e-24
   4.1235896e+01   5.9978495e-24
   4.1330987e+01   5.9978074e-24
   4.1426296e+01   5.9978712e-24
   4.1521826e+01   5.9980395e-24
   4.1617575e+01   5.9983108e-24
   4.1713546e+01   5.9986834e-24
   4.1809737e+01   5.9991561e-24
   4.1906151e+01   5.9997272e-24
   4.2002787e+01   6.0003954e-24
   4.2099646e+01   6.0011592e-24
   4.2196728e+01   6.0020171e-24
   4.2294034e+01   6.0029678e-24
   4.2391564e+01   6.0040098e-24
   4.2489319e+01   6.0051417e-24
   4.2587300e+01   6.0063622e-24
   4.2685507e+01   6.0076698e-24
   4.2783940e+01   6.0090633e-24
   4.2882600e+01   6.0105413e-24
   4.2981488e+01   6.0121023e-24
   4.3080603e+01   6.0137452e-24
   4.3179947e+01   6.0154686e-24
   4.3279521e+01   6.0172711e-24
   4.3379324e+01   6.0191516e-24
   4.3479357e+01   6.0211087e-24
   4.3579620e+01   6.0231411e-24
   4.3680115e+01   6.0252477e-24
   4.3780842e+01   6.0274272e-24
   4.3881801e+01   6.0296783e-24
   4.3982993e+01   6.0319998e-24
   4.4084418e+01   6.0343906e-24
   4.4186077e+01   6.0368494e-24
   4.4287970e+01   6.0393750e-24
   4.4390099e+01   6.0419664e-24
   4.4492463e+01   6.0446223e-24
   4.4595062e+01   6.0473416e-24
   4.4697899e+01   6.0501232e-24
   4.4800973e+01   6.0529660e-24
   4.4904284e+01   6.0558688e-24
   4.5007834e+01   6.0588305e-24
   4.5111622e+01   6.0618502e-24
   4.5215650e+01   6.0649266e-24
   4.5319918e+01   6.0680588e-24
   4.5424426e+01   6.0712457e-24
   4.5529175e+01   6.0744863e-24
   4.5634165e+01   6.0777795e-24
   4.5739398e+01   6.0811243e-24
   4.5844873e+01   6.0845198e-24
   4.5950592e+01   6.0879650e-24
   4.6056554e+01   6.0914588e-24
   4.6162761e+01   6.0950003e-24
   4.6269213e+01   6.0985886e-24
   4.6375910e+01   6.1022227e-24
   4.6482853e+01   6.1059016e-24
   4.6590043e+01   6.1096246e-24
   4.6697480e+01   6.1133906e-24
   4.6805165e+01   6.1171987e-24
   4.6913098e+01   6.1210481e-24
   4.7021280e+01   6.1249379e-24
   4.7129711e+01   6.1288673e-24
   4.7238393e+01   6.1328353e-24
   4.7347325e+01   6.1368411e-24
   4.7456508e+01   6.1408840e-24
   4.7565943e+01   6.1449630e-24
   4.7675631e+01   6.1490774e-24
   4.7785571e+01   6.1532263e-24
   4.7895765e+01   6.1574090e-24
   4.8006213e+01   6.1616247e-24
   4.8116916e+01   6.1658726e-24
   4.8227874e+01   6.1701520e-24
   4.8339087e+01   6.1744620e-24
   4.8450558e+01   6.1788021e-24
   4.8562285e+01   6.1831713e-24
   4.8674270e+01   6.1875691e-24
   4.8786513e+01   6.1919946e-24
   4.8899015e+01   6.1964473e-24
   4.9011777e+01   6.2009263e-24
   4.9124798e+01   6.2054310e-24
   4.9238081e+01   6.2099608e-24
   4.9351624e+01   6.2145150e-24
   4.9465429e+01   6.2190928e-24
   4.9579497e+01   6.2236938e-24
   4.9693828e+01   6.2283171e-24
   4.9808422e+01   6.2329623e-24
   4.9923280e+01   6.2376286e-24
   5.0038404e+01   6.2423155e-24
   5.0153793e+01   6.2470223e-24
   5.0269448e+01   6.2517485e-24
   5.0385370e+01   6.2564935e-24
   5.0501559e+01   6.2612567e-24
   5.0618016e+01   6.2660375e-24
   5.0734741e+01   6.2708353e-24
   5.0851736e+01   6.2756497e-24
   5.0969000e+01   6.2804800e-24
   5.1086535e+01   6.2853258e-24
   5.1204341e+01   6.2901864e-24
   5.1322419e+01   6.2950614e-24
   5.1440769e+01   6.2999503e-24
   5.1559392e+01   6.3048525e-24
   5.1678288e+01   6.3097675e-24
   5.1797458e+01   6.3146949e-24
   5.1916904e+01   6.3196342e-24
   5.2036625e+01   6.3245848e-24
   5.2156621e+01   6.3295464e-24
   5.2276895e+01   6.3345184e-24
   5.2397446e+01   6.3395004e-24
   5.2518275e+01   6.3444919e-24
   5.2639382e+01   6.3494926e-24
   5.2760769e+01   6.3545019e-24
   5.2882436e+01   6.3595194e-24
   5.3004383e+01   6.3645448e-24
   5.3126612e+01   6.3695775e-24
   5.3249122e+01   6.3746172e-24
   5.3371915e+01   6.3796635e-24
   5.3494991e+01   6.3847160e-24
   5.3618351e+01   6.3897742e-24
   5.3741995e+01   6.3948379e-24
   5.3865925e+01   6.3999065e-24
   5.3990140e+01   6.4049799e-24
   5.4114642e+01   6.4100575e-24
   5.4239430e+01   6.4151390e-24
   5.4364507e+01   6.4202241e-24
   5.4489872e+01   6.4253124e-24
   5.4615526e+01   6.4304036e-24
   5.4741470e+01   6.4354973e-24
   5.4867704e+01   6.4405932e-24
   5.4994229e+01   6.4456909e-24
   5.5121046e+01   6.4507903e-24
   5.5248156e+01   6.4558908e-24
   5.5375559e+01   6.4609923e-24
   5.5503255e+01   6.4660943e-24
   5.5631246e+01   6.4711967e-24
   5.5759532e+01   6.4762991e-24
   5.5888114e+01   6.4814012e-24
   5.6016992e+01   6.4865028e-24
   5.6146168e+01   6.4916035e-24
   5.6275642e+01   6.4967031e-24
   5.6405414e+01   6.5018013e-24
   5.6535485e+01   6.5068978e-24
   5.6665856e+01   6.5119924e-24
   5.6796528e+01   6.5170848e-24
   5.6927501e+01   6.5221748e-24
   5.7058777e+01   6.5272621e-24
   5.7190355e+01   6.5323464e-24
   5.7322236e+01   6.5374276e-24
   5.7454421e+01   6.5425054e-24
   5.7586912e+01   6.5475795e-24
   5.7719708e+01   6.5526497e-24
   5.7852810e+01   6.5577159e-24
   5.7986219e+01   6.5627777e-24
   5.8119935e+01   6.5678351e-24
   5.8253960e+01   6.5728876e-24
   5.8388294e+01   6.5779352e-24
   5.8522938e+01   6.5829777e-24
   5.8657893e+01   6.5880148e-24
   5.8793158e+01   6.5930464e-24
   5.8928736e+01   6.5980722e-24
   5.9064626e+01   6.6030921e-24
   5.9200829e+01   6.6081058e-24
   5.9337347e+01   6.6131133e-24
   5.9474179e+01   6.6181142e-24
   5.9611327e+01   6.6231085e-24
   5.9748791e+01   6.6280960e-24
   5.9886572e+01   6.6330765e-24
   6.0024671e+01   6.6380498e-24
   6.0163089e+01   6.6430158e-24
   6.0301825e+01   6.6479744e-24
   6.0440882e+01   6.6529252e-24
   6.0580259e+01   6.6578683e-24
   6.0719957e+01   6.6628035e-24
   6.0859978e+01   6.6677305e-24
   6.1000322e+01   6.6726494e-24
   6.1140989e+01   6.6775598e-24
   6.1281980e+01   6.6824618e-24
   6.1423297e+01   6.6873551e-24
   6.1564940e+01   6.6922396e-24
   6.1706909e+01   6.6971152e-24
   6.1849206e+01   6.7019818e-24
   6.1991830e+01   6.7068392e-24
   6.2134784e+01   6.7116874e-24
   6.2278067e+01   6.7165262e-24
   6.2421681e+01   6.7213554e-24
   6.2565626e+01   6.7261751e-24
   6.2709903e+01   6.7309850e-24
   6.2854512e+01   6.7357850e-24
   6.2999455e+01   6.7405751e-24
   6.3144732e+01   6.7453552e-24
   6.3290345e+01   6.7501251e-24
   6.3436293e+01   6.7548848e-24
   6.3582577e+01   6.7596341e-24
   6.3729199e+01   6.7643730e-24
   6.3876159e+01   6.7691014e-24
   6.4023458e+01   6.7738191e-24
   6.4171097e+01   6.7785262e-24
   6.4319076e+01   6.7832224e-24
   6.4467396e+01   6.7879078e-24
   6.4616058e+01   6.7925822e-24
   6.4765063e+01   6.7972456e-24
   6.4914412e+01   6.8018979e-24
   6.5064105e+01   6.8065389e-24
   6.5214144e+01   6.8111688e-24
   6.5364528e+01   6.8157873e-24
   6.5515259e+01   6.8203944e-24
   6.5666338e+01   6.8249900e-24
   6.5817765e+01   6.8295742e-24
   6.5969541e+01   6.8341467e-24
   6.6121667e+01   6.8387076e-24
   6.6274144e+01   6.8432567e-24
   6.6426973e+01   6.8477941e-24
   6.6580154e+01   6.8523197e-24
   6.6733688e+01   6.8568334e-24
   6.6887577e+01   6.8613351e-24
   6.7041820e+01   6.8658249e-24
   6.7196419e+01   6.8703026e-24
   6.7351374e+01   6.8747683e-24
   6.7506687e+01   6.8792218e-24
   6.7662358e+01   6.8836632e-24
   6.7818388e+01   6.8880923e-24
   6.7974778e+01   6.8925092e-24
   6.8131528e+01   6.8969138e-24
   6.8288640e+01   6.9013061e-24
   6.8446114e+01   6.9056860e-24
   6.8603951e+01   6.9100534e-24
   6.8762153e+01   6.9144085e-24
   6.8920719e+01   6.9187510e-24
   6.9079650e+01   6.9230811e-24
   6.9238949e+01   6.9273986e-24
   6.9398614e+01   6.9317036e-24
   6.9558648e+01   6.9359959e-24
   6.9719051e+01   6.9402757e-24
   6.9879823e+01   6.9445427e-24
   7.0040967e+01   6.9487972e-24
   7.0202482e+01   6.9530389e-24
   7.0364369e+01   6.9572679e-24
   7.0526630e+01   6.9614842e-24
   7.0689265e+01   6.9656878e-24
   7.0852275e+01   6.9698785e-24
   7.1015661e+01   6.9740565e-24
   7.1179423e+01   6.9782217e-24
   7.1343564e+01   6.9823740e-24
   7.1508083e+01   6.9865136e-24
   7.1672981e+01   6.9906403e-24
   7.1838259e+01   6.9947541e-24
   7.2003919e+01   6.9988551e-24
   7.2169960e+01   7.0029432e-24
   7.2336385e+01   7.0070184e-24
   7.2503193e+01   7.0110807e-24
   7.2670386e+01   7.0151301e-24
   7.2837964e+01   7.0191667e-24
   7.3005929e+01   7.0231903e-24
   7.3174282e+01   7.0272010e-24
   7.3343022e+01   7.0311988e-24
   7.3512152e+01   7.0351837e-24
   7.3681671e+01   7.0391556e-24
   7.3851582e+01   7.0431147e-24
   7.4021884e+01   7.0470608e-24
   7.4192579e+01   7.0509941e-24
   7.4363668e+01   7.0549144e-24
   7.4535151e+01   7.0588218e-24
   7.4707029e+01   7.0627163e-24
   7.4879304e+01   7.0665979e-24
   7.5051977e+01   7.0704666e-24
   7.5225047e+01   7.0743224e-24
   7.5398517e+01   7.0781654e-24
   7.5572386e+01   7.0819955e-24
   7.5746657e+01   7.0858127e-24
   7.5921329e+01   7.0896170e-24
   7.6096404e+01   7.0934085e-24
   7.6271883e+01   7.0971872e-24
   7.6447767e+01   7.1009531e-24
   7.6624056e+01   7.1047061e-24
   7.6800751e+01   7.1084464e-24
   7.6977855e+01   7.1121738e-24
   7.7155366e+01   7.1158885e-24
   7.7333287e+01   7.1195905e-24
   7.7511618e+01   7.1232797e-24
   7.7690361e+01   7.1269561e-24
   7.7869515e+01   7.1306199e-24
   7.8049083e+01   7.1342710e-24
   7.8229065e+01   7.1379094e-24
   7.8409461e+01   7.1415351e-24
   7.8590274e+01   7.1451482e-24
   7.8771504e+01   7.1487487e-24
   7.8953152e+01   7.1523365e-24
   7.9135218e+01   7.1559118e-24
   7.9317705e+01   7.1594746e-24
   7.9500612e+01   7.1630248e-24
   7.9683941e+01   7.1665624e-24
   7.9867693e+01   7.1700876e-24
   8.0051868e+01   7.1736003e-24
   8.0236468e+01   7.1771006e-24
   8.0421494e+01   7.1805884e-24
   8.0606947e+01   7.1840639e-24
   8.0792827e+01   7.1875269e-24
   8.0979136e+01   7.1909776e-24
   8.1165874e+01   7.1944160e-24
   8.1353044e+01   7.1978421e-24
   8.1540644e+01   7.2012559e-24
   8.1728678e+01   7.2046574e-24
   8.1917145e+01   7.2080467e-24
   8.2106046e+01   7.2114239e-24
   8.2295383e+01   7.2147888e-24
   8.2485157e+01   7.2181416e-24
   8.2675369e+01   7.2214823e-24
   8.2866019e+01   7.2248109e-24
   8.3057108e+01   7.2281275e-24
   8.3248639e+01   7.2314321e-24
   8.3440611e+01   7.2347246e-24
   8.3633025e+01   7.2380052e-24
   8.3825884e+01   7.2412738e-24
   8.4019187e+01   7.2445306e-24
   8.4212936e+01   7.2477754e-24
   8.4407131e+01   7.2510084e-24
   8.4601775e+01   7.2542297e-24
   8.4796867e+01   7.2574391e-24
   8.4992409e+01   7.2606368e-24
   8.5188403e+01   7.2638228e-24
   8.5384848e+01   7.2669970e-24
   8.5581746e+01   7.2701597e-24
   8.5779098e+01   7.2733107e-24
   8.5976905e+01   7.2764502e-24
   8.6175169e+01   7.2795781e-24
   8.6373889e+01   7.2826944e-24
   8.6573068e+01   7.2857993e-24
   8.6772706e+01   7.2888928e-24
   8.6972805e+01   7.2919749e-24
   8.7173365e+01   7.2950455e-24
   8.7374387e+01   7.2981049e-24
   8.7575873e+01   7.3011529e-24
   8.7777824e+01   7.3041897e-24
   8.7980240e+01   7.3072152e-24
   8.8183123e+01   7.3102295e-24
   8.8386474e+01   7.3132327e-24
   8.8590294e+01   7.3162247e-24
   8.8794584e+01   7.3192057e-24
   8.8999345e+01   7.3221756e-24
   8.9204578e+01   7.3251345e-24
   8.9410285e+01   7.3280824e-24
   8.9616465e+01   7.3310194e-24
   8.9823122e+01   7.3339454e-24
   9.0030254e+01   7.3368606e-24
   9.0237865e+01   7.3397650e-24
   9.0445954e+01   7.3426586e-24
   9.0654523e+01   7.3455415e-24
   9.0863573e+01   7.3484136e-24
   9.1073105e+01   7.3512751e-24
   9.1283120e+01   7.3541259e-24
   9.1493620e+01   7.3569661e-24
   9.1704605e+01   7.3597958e-24
   9.1916077e+01   7.3626149e-24
   9.2128036e+01   7.3654236e-24
   9.2340484e+01   7.3682218e-24
   9.2553422e+01   7.3710097e-24
   9.2766850e+01   7.3737871e-24
   9.2980771e+01   7.3765543e-24
   9.3195186e+01   7.3793112e-24
   9.3410095e+01   7.3820578e-24
   9.3625499e+01   7.3847942e-24
   9.3841400e+01   7.3875205e-24
   9.4057799e+01   7.3902366e-24
   9.4274697e+01   7.3929427e-24
   9.4492095e+01   7.3956387e-24
   9.4709995e+01   7.3983247e-24
   9.4928397e+01   7.4010008e-24
   9.5147302e+01   7.4036669e-24
   9.5366713e+01   7.4063232e-24
   9.5586629e+01   7.4089696e-24
   9.5807053e+01   7.4116063e-24
   9.6027984e+01   7.4142331e-24
   9.6249426e+01   7.4168503e-24
   9.6471378e+01   7.4194578e-24
   9.6693841e+01   7.4220556e-24
   9.6916818e+01   7.4246439e-24
   9.7140309e+01   7.4272226e-24
   9.7364315e+01   7.4297918e-24
   9.7588838e+01   7.4323516e-24
   9.7813879e+01   7.4349019e-24
   9.8039438e+01   7.4374428e-24
   9.8265518e+01   7.4399744e-24
   9.8492119e+01   7.4424967e-24
   9.8719243e+01   7.4450097e-24
   9.8946890e+01   7.4475135e-24
   9.9175062e+01   7.4500081e-24
   9.9403761e+01   7.4524936e-24
   9.9632987e+01   7.4549700e-24
   9.9862741e+01   7.4574374e-24
   1.0009303e+02   7.4598958e-24
   1.0032384e+02   7.4623451e-24
   1.0055519e+02   7.4647856e-24
   1.0078707e+02   7.4672172e-24
   1.0101948e+02   7.4696399e-24
   1.0125244e+02   7.4720538e-24
   1.0148593e+02   7.4744590e-24
   1.0171995e+02   7.4768555e-24
   1.0195452e+02   7.4792433e-24
   1.0218963e+02   7.4816224e-24
   1.0242528e+02   7.4839930e-24
   1.0266147e+02   7.4863550e-24
   1.0289821e+02   7.4887086e-24
   1.0313549e+02   7.4910536e-24
   1.0337332e+02   7.4933903e-24
   1.0361170e+02   7.4957186e-24
   1.0385063e+02   7.4980385e-24
   1.0409011e+02   7.5003501e-24
   1.0433015e+02   7.5026535e-24
   1.0457073e+02   7.5049487e-24
   1.0481187e+02   7.5072357e-24
   1.0505357e+02   7.5095146e-24
   1.0529582e+02   7.5117855e-24
   1.0553864e+02   7.5140482e-24
   1.0578201e+02   7.5163030e-24
   1.0602594e+02   7.5185499e-24
   1.0627044e+02   7.5207888e-24
   1.0651550e+02   7.5230198e-24
   1.0676113e+02   7.5252431e-24
   1.0700732e+02   7.5274585e-24
   1.0725408e+02   7.5296662e-24
   1.0750141e+02   7.5318662e-24
   1.0774931e+02   7.5340585e-24
   1.0799778e+02   7.5362433e-24
   1.0824682e+02   7.5384204e-24
   1.0849644e+02   7.5405900e-24
   1.0874663e+02   7.5427522e-24
   1.0899740e+02   7.5449068e-24
   1.0924875e+02   7.5470541e-24
   1.0950068e+02   7.5491940e-24
   1.0975319e+02   7.5513266e-24
   1.1000628e+02   7.5534519e-24
   1.1025996e+02   7.5555700e-24
   1.1051422e+02   7.5576809e-24
   1.1076906e+02   7.5597846e-24
   1.1102450e+02   7.5618813e-24
   1.1128052e+02   7.5639708e-24
   1.1153714e+02   7.5660534e-24
   1.1179434e+02   7.5681289e-24
   1.1205214e+02   7.5701975e-24
   1.1231053e+02   7.5722592e-24
   1.1256952e+02   7.5743141e-24
   1.1282911e+02   7.5763621e-24
   1.1308929e+02   7.5784033e-24
   1.1335008e+02   7.5804379e-24
   1.1361146e+02   7.5824657e-24
   1.1387345e+02   7.5844869e-24
   1.1413605e+02   7.5865014e-24
   1.1439924e+02   7.5885095e-24
   1.1466305e+02   7.5905109e-24
   1.1492746e+02   7.5925059e-24
   1.1519249e+02   7.5944945e-24
   1.1545812e+02   7.5964767e-24
   1.1572437e+02   7.5984525e-24
   1.1599123e+02   7.6004219e-24
   1.1625871e+02   7.6023852e-24
   1.1652680e+02   7.6043421e-24
   1.1679551e+02   7.6062929e-24
   1.1706484e+02   7.6082376e-24
   1.1733480e+02   7.6101761e-24
   1.1760537e+02   7.6121085e-24
   1.1787657e+02   7.6140350e-24
   1.1814839e+02   7.6159554e-24
   1.1842085e+02   7.6178699e-24
   1.1869392e+02   7.6197785e-24
   1.1896763e+02   7.6216812e-24
   1.1924197e+02   7.6235782e-24
   1.1951695e+02   7.6254693e-24
   1.1979255e+02   7.6273547e-24
   1.2006880e+02   7.6292344e-24
   1.2034568e+02   7.6311084e-24
   1.2062319e+02   7.6329768e-24
   1.2090135e+02   7.6348397e-24
   1.2118015e+02   7.6366970e-24
   1.2145959e+02   7.6385488e-24
   1.2173968e+02   7.6403952e-24
   1.2202041e+02   7.6422361e-24
   1.2230179e+02   7.6440717e-24
   1.2258382e+02   7.6459020e-24
   1.2286650e+02   7.6477269e-24
   1.2314983e+02   7.6495466e-24
   1.2343382e+02   7.6513611e-24
   1.2371846e+02   7.6531705e-24
   1.2400375e+02   7.6549747e-24
   1.2428971e+02   7.6567738e-24
   1.2457632e+02   7.6585679e-24
   1.2486359e+02   7.6603569e-24
   1.2515153e+02   7.6621410e-24
   1.2544013e+02   7.6639202e-24
   1.2572940e+02   7.6656944e-24
   1.2601933e+02   7.6674639e-24
   1.2630993e+02   7.6692285e-24
   1.2660120e+02   7.6709883e-24
   1.2689314e+02   7.6727435e-24
   1.2718576e+02   7.6744939e-24
   1.2747905e+02   7.6762397e-24
   1.2777302e+02   7.6779809e-24
   1.2806767e+02   7.6797175e-24
   1.2836299e+02   7.6814496e-24
   1.2865900e+02   7.6831772e-24
   1.2895569e+02   7.6849004e-24
   1.2925306e+02   7.6866191e-24
   1.2955112e+02   7.6883335e-24
   1.2984986e+02   7.6900436e-24
   1.3014930e+02   7.6917493e-24
   1.3044942e+02   7.6934508e-24
   1.3075024e+02   7.6951481e-24
   1.3105175e+02   7.6968413e-24
   1.3135396e+02   7.6985303e-24
   1.3165686e+02   7.7002152e-24
   1.3196046e+02   7.7018960e-24
   1.3226476e+02   7.7035729e-24
   1.3256977e+02   7.7052457e-24
   1.3287547e+02   7.7069147e-24
   1.3318189e+02   7.7085797e-24
   1.3348901e+02   7.7102409e-24
   1.3379683e+02   7.7118982e-24
   1.3410537e+02   7.7135518e-24
   1.3441462e+02   7.7152016e-24
   1.3472458e+02   7.7168478e-24
   1.3503525e+02   7.7184902e-24
   1.3534665e+02   7.7201291e-24
   1.3565876e+02   7.7217644e-24
   1.3597159e+02   7.7233961e-24
   1.3628514e+02   7.7250243e-24
   1.3659941e+02   7.7266490e-24
   1.3691441e+02   7.7282703e-24
   1.3723014e+02   7.7298883e-24
   1.3754659e+02   7.7315028e-24
   1.3786377e+02   7.7331141e-24
   1.3818169e+02   7.7347221e-24
   1.3850034e+02   7.7363268e-24
   1.3881972e+02   7.7379283e-24
   1.3913984e+02   7.7395267e-24
   1.3946070e+02   7.7411220e-24
   1.3978229e+02   7.7427142e-24
   1.4010463e+02   7.7443033e-24
   1.4042772e+02   7.7458894e-24
   1.4075154e+02   7.7474726e-24
   1.4107612e+02   7.7490528e-24
   1.4140144e+02   7.7506301e-24
   1.4172751e+02   7.7522046e-24
   1.4205434e+02   7.7537763e-24
   1.4238192e+02   7.7553452e-24
   1.4271025e+02   7.7569113e-24
   1.4303934e+02   7.7584747e-24
   1.4336919e+02   7.7600355e-24
   1.4369980e+02   7.7615937e-24
   1.4403117e+02   7.7631492e-24
   1.4436331e+02   7.7647022e-24
   1.4469621e+02   7.7662527e-24
   1.4502988e+02   7.7678008e-24
   1.4536432e+02   7.7693463e-24
   1.4569954e+02   7.7708895e-24
   1.4603552e+02   7.7724303e-24
   1.4637228e+02   7.7739688e-24
   1.4670981e+02   7.7755050e-24
   1.4704813e+02   7.7770390e-24
   1.4738722e+02   7.7785708e-24
   1.4772710e+02   7.7801003e-24
   1.4806776e+02   7.7816278e-24
   1.4840920e+02   7.7831531e-24
   1.4875144e+02   7.7846764e-24
   1.4909446e+02   7.7861976e-24
   1.4943827e+02   7.7877169e-24
   1.4978288e+02   7.7892342e-24
   1.5012828e+02   7.7907496e-24
   1.5047447e+02   7.7922631e-24
   1.5082147e+02   7.7937748e-24
   1.5116927e+02   7.7952847e-24
   1.5151786e+02   7.7967929e-24
   1.5186726e+02   7.7982993e-24
   1.5221747e+02   7.7998040e-24
   1.5256849e+02   7.8013070e-24
   1.5292031e+02   7.8028085e-24
   1.5327295e+02   7.8043083e-24
   1.5362639e+02   7.8058067e-24
   1.5398066e+02   7.8073035e-24
   1.5433574e+02   7.8087988e-24
   1.5469164e+02   7.8102928e-24
   1.5504836e+02   7.8117853e-24
   1.5540590e+02   7.8132765e-24
   1.5576427e+02   7.8147664e-24
   1.5612346e+02   7.8162549e-24
   1.5648348e+02   7.8177423e-24
   1.5684434e+02   7.8192284e-24
   1.5720602e+02   7.8207134e-24
   1.5756854e+02   7.8221972e-24
   1.5793189e+02   7.8236799e-24
   1.5829608e+02   7.8251616e-24
   1.5866112e+02   7.8266422e-24
   1.5902699e+02   7.8281219e-24
   1.5939371e+02   7.8296006e-24
   1.5976127e+02   7.8310784e-24
   1.6012968e+02   7.8325553e-24
   1.6049894e+02   7.8340313e-24
   1.6086905e+02   7.8355066e-24
   1.6124002e+02   7.8369811e-24
   1.6161184e+02   7.8384549e-24
   1.6198452e+02   7.8399280e-24
   1.6235805e+02   7.8414004e-24
   1.6273245e+02   7.8428722e-24
   1.6310772e+02   7.8443434e-24
   1.6348384e+02   7.8458141e-24
   1.6386084e+02   7.8472843e-24
   1.6423870e+02   7.8487539e-24
   1.6461744e+02   7.8502232e-24
   1.6499705e+02   7.8516920e-24
   1.6537753e+02   7.8531605e-24
   1.6575889e+02   7.8546287e-24
   1.6614114e+02   7.8560966e-24
   1.6652426e+02   7.8575642e-24
   1.6690826e+02   7.8590316e-24
   1.6729316e+02   7.8604988e-24
   1.6767894e+02   7.8619659e-24
   1.6806560e+02   7.8634328e-24
   1.6845316e+02   7.8648997e-24
   1.6884162e+02   7.8663666e-24
   1.6923097e+02   7.8678334e-24
   1.6962122e+02   7.8693003e-24
   1.7001236e+02   7.8707673e-24
   1.7040441e+02   7.8722344e-24
   1.7079737e+02   7.8737016e-24
   1.7119123e+02   7.8751690e-24
   1.7158600e+02   7.8766366e-24
   1.7198168e+02   7.8781045e-24
   1.7237827e+02   7.8795727e-24
   1.7277577e+02   7.8810412e-24
   1.7317419e+02   7.8825100e-24
   1.7357354e+02   7.8839793e-24
   1.7397380e+02   7.8854490e-24
   1.7437498e+02   7.8869192e-24
   1.7477709e+02   7.8883899e-24
   1.7518013e+02   7.8898611e-24
   1.7558410e+02   7.8913330e-24
   1.7598899e+02   7.8928054e-24
   1.7639483e+02   7.8942785e-24
   1.7680159e+02   7.8957523e-24
   1.7720930e+02   7.8972268e-24
   1.7761795e+02   7.8987021e-24
   1.7802753e+02   7.9001782e-24
   1.7843807e+02   7.9016552e-24
   1.7884955e+02   7.9031330e-24
   1.7926198e+02   7.9046117e-24
   1.7967535e+02   7.9060914e-24
   1.8008969e+02   7.9075720e-24
   1.8050498e+02   7.9090537e-24
   1.8092122e+02   7.9105364e-24
   1.8133843e+02   7.9120203e-24
   1.8175659e+02   7.9135052e-24
   1.8217573e+02   7.9149914e-24
   1.8259583e+02   7.9164787e-24
   1.8301689e+02   7.9179673e-24
   1.8343893e+02   7.9194571e-24
   1.8386194e+02   7.9209483e-24
   1.8428593e+02   7.9224408e-24
   1.8471089e+02   7.9239347e-24
   1.8513684e+02   7.9254300e-24
   1.8556377e+02   7.9269268e-24
   1.8599168e+02   7.9284251e-24
   1.8642058e+02   7.9299249e-24
   1.8685046e+02   7.9314263e-24
   1.8728134e+02   7.9329293e-24
   1.8771321e+02   7.9344340e-24
   1.8814608e+02   7.9359403e-24
   1.8857995e+02   7.9374483e-24
   1.8901482e+02   7.9389581e-24
   1.8945068e+02   7.9404697e-24
   1.8988756e+02   7.9419831e-24
   1.9032544e+02   7.9434984e-24
   1.9076433e+02   7.9450156e-24
   1.9120424e+02   7.9465347e-24
   1.9164516e+02   7.9480558e-24
   1.9208709e+02   7.9495789e-24
   1.9253005e+02   7.9511041e-24
   1.9297402e+02   7.9526313e-24
   1.9341902e+02   7.9541607e-24
   1.9386505e+02   7.9556922e-24
   1.9431210e+02   7.9572259e-24
   1.9476019e+02   7.9587619e-24
   1.9520930e+02   7.9603001e-24
   1.9565946e+02   7.9618407e-24
   1.9611065e+02   7.9633836e-24
   1.9656288e+02   7.9649288e-24
   1.9701616e+02   7.9664765e-24
   1.9747048e+02   7.9680267e-24
   1.9792585e+02   7.9695793e-24
   1.9838227e+02   7.9711345e-24
   1.9883974e+02   7.9726922e-24
   1.9929826e+02   7.9742526e-24
   1.9975785e+02   7.9758156e-24
   2.0021849e+02   7.9773813e-24
   2.0068020e+02   7.9789497e-24
   2.0114297e+02   7.9805208e-24
   2.0160680e+02   7.9820948e-24
   2.0207171e+02   7.9836715e-24
   2.0253769e+02   7.9852512e-24
   2.0300474e+02   7.9868337e-24
   2.0347287e+02   7.9884192e-24
   2.0394208e+02   7.9900077e-24
   2.0441237e+02   7.9915992e-24
   2.0488375e+02   7.9931938e-24
   2.0535621e+02   7.9947914e-24
   2.0582977e+02   7.9963922e-24
   2.0630441e+02   7.9979962e-24
   2.0678015e+02   7.9996033e-24
   2.0725699e+02   8.0012138e-24
   2.0773492e+02   8.0028275e-24
   2.0821396e+02   8.0044445e-24
   2.0869411e+02   8.0060649e-24
   2.0917536e+02   8.0076887e-24
   2.0965772e+02   8.0093159e-24
   2.1014119e+02   8.0109466e-24
   2.1062578e+02   8.0125808e-24
   2.1111148e+02   8.0142186e-24
   2.1159831e+02   8.0158599e-24
   2.1208625e+02   8.0175049e-24
   2.1257533e+02   8.0191535e-24
   2.1306553e+02   8.0208059e-24
   2.1355686e+02   8.0224620e-24
   2.1404932e+02   8.0241219e-24
   2.1454292e+02   8.0257856e-24
   2.1503766e+02   8.0274532e-24
   2.1553354e+02   8.0291246e-24
   2.1603056e+02   8.0308000e-24
   2.1652873e+02   8.0324794e-24
   2.1702804e+02   8.0341628e-24
   2.1752851e+02   8.0358503e-24
   2.1803013e+02   8.0375418e-24
   2.1853291e+02   8.0392375e-24
   2.1903685e+02   8.0409373e-24
   2.1954195e+02   8.0426414e-24
   2.2004822e+02   8.0443497e-24
   2.2055565e+02   8.0460623e-24
   2.2106425e+02   8.0477792e-24
   2.2157403e+02   8.0495005e-24
   2.2208498e+02   8.0512262e-24
   2.2259711e+02   8.0529564e-24
   2.2311042e+02   8.0546910e-24
   2.2362491e+02   8.0564302e-24
   2.2414060e+02   8.0581739e-24
   2.2465747e+02   8.0599222e-24
   2.2517553e+02   8.0616752e-24
   2.2569478e+02   8.0634329e-24
   2.2621524e+02   8.0651953e-24
   2.2673689e+02   8.0669624e-24
   2.2725975e+02   8.0687344e-24
   2.2778381e+02   8.0705112e-24
   2.2830908e+02   8.0722929e-24
   2.2883556e+02   8.0740795e-24
   2.2936326e+02   8.0758710e-24
   2.2989217e+02   8.0776676e-24
   2.3042231e+02   8.0794693e-24
   2.3095366e+02   8.0812760e-24
   2.3148624e+02   8.0830878e-24
   2.3202005e+02   8.0849048e-24
   2.3255509e+02   8.0867270e-24
   2.3309137e+02   8.0885545e-24
   2.3362888e+02   8.0903872e-24
   2.3416763e+02   8.0922253e-24
   2.3470762e+02   8.0940688e-24
   2.3524886e+02   8.0959177e-24
   2.3579134e+02   8.0977720e-24
   2.3633508e+02   8.0996318e-24
   2.3688007e+02   8.1014971e-24
   2.3742632e+02   8.1033681e-24
   2.3797382e+02   8.1052446e-24
   2.3852259e+02   8.1071268e-24
   2.3907263e+02   8.1090147e-24
   2.3962393e+02   8.1109084e-24
   2.4017651e+02   8.1128078e-24
   2.4073036e+02   8.1147131e-24
   2.4128548e+02   8.1166242e-24
   2.4184189e+02   8.1185412e-24
   2.4239958e+02   8.1204642e-24
   2.4295855e+02   8.1223932e-24
   2.4351882e+02   8.1243282e-24
   2.4408037e+02   8.1262693e-24
   2.4464322e+02   8.1282166e-24
   2.4520737e+02   8.1301699e-24
   2.4577282e+02   8.1321295e-24
   2.4633958e+02   8.1340954e-24
   2.4690764e+02   8.1360675e-24
   2.4747701e+02   8.1380459e-24
   2.4804769e+02   8.1400308e-24
   2.4861969e+02   8.1420220e-24
   2.4919301e+02   8.1440197e-24
   2.4976765e+02   8.1460240e-24
   2.5034362e+02   8.1480347e-24
   2.5092091e+02   8.1500521e-24
   2.5149954e+02   8.1520761e-24
   2.5207950e+02   8.1541067e-24
   2.5266080e+02   8.1561441e-24
   2.5324343e+02   8.1581883e-24
   2.5382742e+02   8.1602392e-24
   2.5441274e+02   8.1622970e-24
   2.5499942e+02   8.1643617e-24
   2.5558745e+02   8.1664334e-24
   2.5617684e+02   8.1685120e-24
   2.5676758e+02   8.1705977e-24
   2.5735969e+02   8.1726904e-24
   2.5795317e+02   8.1747902e-24
   2.5854801e+02   8.1768972e-24
   2.5914422e+02   8.1790114e-24
   2.5974181e+02   8.1811329e-24
   2.6034078e+02   8.1832616e-24
   2.6094112e+02   8.1853977e-24
   2.6154286e+02   8.1875412e-24
   2.6214598e+02   8.1896921e-24
   2.6275049e+02   8.1918504e-24
   2.6335639e+02   8.1940163e-24
   2.6396369e+02   8.1961898e-24
   2.6457240e+02   8.1983708e-24
   2.6518250e+02   8.2005595e-24
   2.6579401e+02   8.2027559e-24
   2.6640694e+02   8.2049601e-24
   2.6702127e+02   8.2071720e-24
   2.6763703e+02   8.2093918e-24
   2.6825420e+02   8.2116194e-24
   2.6887280e+02   8.2138550e-24
   2.6949282e+02   8.2160986e-24
   2.7011427e+02   8.2183502e-24
   2.7073716e+02   8.2206098e-24
   2.7136148e+02   8.2228776e-24
   2.7198724e+02   8.2251535e-24
   2.7261444e+02   8.2274376e-24
   2.7324310e+02   8.2297300e-24
   2.7387320e+02   8.2320306e-24
   2.7450475e+02   8.2343396e-24
   2.7513776e+02   8.2366570e-24
   2.7577223e+02   8.2389829e-24
   2.7640816e+02   8.2413172e-24
   2.7704556e+02   8.2436601e-24
   2.7768443e+02   8.2460115e-24
   2.7832477e+02   8.2483716e-24
   2.7896659e+02   8.2507404e-24
   2.7960989e+02   8.2531178e-24
   2.8025467e+02   8.2555041e-24
   2.8090094e+02   8.2578992e-24
   2.8154870e+02   8.2603031e-24
   2.8219796e+02   8.2627159e-24
   2.8284871e+02   8.2651378e-24
   2.8350096e+02   8.2675686e-24
   2.8415471e+02   8.2700085e-24
   2.8480998e+02   8.2724575e-24
   2.8546675e+02   8.2749156e-24
   2.8612504e+02   8.2773830e-24
   2.8678485e+02   8.2798596e-24
   2.8744617e+02   8.2823456e-24
   2.8810903e+02   8.2848409e-24
   2.8877341e+02   8.2873455e-24
   2.8943932e+02   8.2898597e-24
   2.9010677e+02   8.2923833e-24
   2.9077576e+02   8.2949165e-24
   2.9144629e+02   8.2974593e-24
   2.9211837e+02   8.3000118e-24
   2.9279200e+02   8.3025739e-24
   2.9346718e+02   8.3051459e-24
   2.9414391e+02   8.3077276e-24
   2.9482221e+02   8.3103191e-24
   2.9550207e+02   8.3129206e-24
   2.9618350e+02   8.3155320e-24
   2.9686651e+02   8.3181535e-24
   2.9755108e+02   8.3207849e-24
   2.9823724e+02   8.3234265e-24
   2.9892498e+02   8.3260783e-24
   2.9961430e+02   8.3287402e-24
   3.0030521e+02   8.3314125e-24
   3.0099772e+02   8.3340950e-24
   3.0169182e+02   8.3367879e-24
   3.0238752e+02   8.3394912e-24
   3.0308483e+02   8.3422050e-24
   3.0378375e+02   8.3449293e-24
   3.0448428e+02   8.3476641e-24
   3.0518642e+02   8.3504096e-24
   3.0589018e+02   8.3531658e-24
   3.0659557e+02   8.3559327e-24
   3.0730258e+02   8.3587104e-24
   3.0801122e+02   8.3614989e-24
   3.0872150e+02   8.3642983e-24
   3.0943341e+02   8.3671086e-24
   3.1014697e+02   8.3699300e-24
   3.1086217e+02   8.3727623e-24
   3.1157902e+02   8.3756058e-24
   3.1229752e+02   8.3784604e-24
   3.1301768e+02   8.3813263e-24
   3.1373950e+02   8.3842034e-24
   3.1446299e+02   8.3870918e-24
   3.1518814e+02   8.3899916e-24
   3.1591497e+02   8.3929028e-24
   3.1664347e+02   8.3958254e-24
   3.1737365e+02   8.3987596e-24
   3.1810552e+02   8.4017054e-24
   3.1883907e+02   8.4046629e-24
   3.1957432e+02   8.4076320e-24
   3.2031126e+02   8.4106129e-24
   3.2104990e+02   8.4136056e-24
   3.2179024e+02   8.4166101e-24
   3.2253229e+02   8.4196266e-24
   3.2327606e+02   8.4226550e-24
   3.2402153e+02   8.4256955e-24
   3.2476873e+02   8.4287481e-24
   3.2551765e+02   8.4318128e-24
   3.2626829e+02   8.4348896e-24
   3.2702067e+02   8.4379788e-24
   3.2777478e+02   8.4410802e-24
   3.2853063e+02   8.4441940e-24
   3.2928823e+02   8.4473203e-24
   3.3004757e+02   8.4504590e-24
   3.3080866e+02   8.4536102e-24
   3.3157151e+02   8.4567741e-24
   3.3233612e+02   8.4599506e-24
   3.3310249e+02   8.4631398e-24
   3.3387062e+02   8.4663417e-24
   3.3464053e+02   8.4695565e-24
   3.3541221e+02   8.4727842e-24
   3.3618568e+02   8.4760248e-24
   3.3696092e+02   8.4792784e-24
   3.3773796e+02   8.4825450e-24
   3.3851679e+02   8.4858248e-24
   3.3929741e+02   8.4891177e-24
   3.4007983e+02   8.4924239e-24
   3.4086406e+02   8.4957434e-24
   3.4165009e+02   8.4990762e-24
   3.4243794e+02   8.5024224e-24
   3.4322760e+02   8.5057821e-24
   3.4401909e+02   8.5091553e-24
   3.4481240e+02   8.5125421e-24
   3.4560754e+02   8.5159425e-24
   3.4640451e+02   8.5193567e-24
   3.4720333e+02   8.5227846e-24
   3.4800398e+02   8.5262263e-24
   3.4880648e+02   8.5296820e-24
   3.4961083e+02   8.5331515e-24
   3.5041703e+02   8.5366351e-24
   3.5122510e+02   8.5401328e-24
   3.5203503e+02   8.5436445e-24
   3.5284682e+02   8.5471705e-24
   3.5366049e+02   8.5507107e-24
   3.5447603e+02   8.5542653e-24
   3.5529346e+02   8.5578342e-24
   3.5611277e+02   8.5614175e-24
   3.5693397e+02   8.5650154e-24
   3.5775706e+02   8.5686278e-24
   3.5858205e+02   8.5722548e-24
   3.5940894e+02   8.5758965e-24
   3.6023774e+02   8.5795530e-24
   3.6106845e+02   8.5832243e-24
   3.6190108e+02   8.5869104e-24
   3.6273563e+02   8.5906115e-24
   3.6357210e+02   8.5943276e-24
   3.6441050e+02   8.5980588e-24
   3.6525083e+02   8.6018050e-24
   3.6609310e+02   8.6055665e-24
   3.6693731e+02   8.6093432e-24
   3.6778347e+02   8.6131353e-24
   3.6863159e+02   8.6169427e-24
   3.6948165e+02   8.6207656e-24
   3.7033368e+02   8.6246040e-24
   3.7118767e+02   8.6284579e-24
   3.7204364e+02   8.6323275e-24
   3.7290157e+02   8.6362128e-24
   3.7376148e+02   8.6401139e-24
   3.7462338e+02   8.6440309e-24
   3.7548727e+02   8.6479637e-24
   3.7635314e+02   8.6519125e-24
   3.7722102e+02   8.6558773e-24
   3.7809089e+02   8.6598582e-24
   3.7896277e+02   8.6638553e-24
   3.7983666e+02   8.6678687e-24
   3.8071257e+02   8.6718983e-24
   3.8159049e+02   8.6759443e-24
   3.8247044e+02   8.6800067e-24
   3.8335242e+02   8.6840857e-24
   3.8423644e+02   8.6881812e-24
   3.8512249e+02   8.6922933e-24
   3.8601059e+02   8.6964221e-24
   3.8690073e+02   8.7005678e-24
   3.8779292e+02   8.7047302e-24
   3.8868718e+02   8.7089096e-24
   3.8958349e+02   8.7131059e-24
   3.9048188e+02   8.7173193e-24
   3.9138233e+02   8.7215498e-24
   3.9228486e+02   8.7257975e-24
   3.9318947e+02   8.7300624e-24
   3.9409617e+02   8.7343447e-24
   3.9500496e+02   8.7386443e-24
   3.9591584e+02   8.7429614e-24
   3.9682883e+02   8.7472961e-24
   3.9774392e+02   8.7516483e-24
   3.9866112e+02   8.7560183e-24
   3.9958044e+02   8.7604059e-24
   4.0050187e+02   8.7648114e-24
   4.0142543e+02   8.7692348e-24
   4.0235112e+02   8.7736761e-24
   4.0327895e+02   8.7781355e-24
   4.0420891e+02   8.7826129e-24
   4.0514102e+02   8.7871085e-24
   4.0607528e+02   8.7916224e-24
   4.0701169e+02   8.7961546e-24
   4.0795026e+02   8.8007052e-24
   4.0889100e+02   8.8052743e-24
   4.0983390e+02   8.8098619e-24
   4.1077898e+02   8.8144681e-24
   4.1172624e+02   8.8190930e-24
   4.1267569e+02   8.8237367e-24
   4.1362732e+02   8.8283992e-24
   4.1458115e+02   8.8330806e-24
   4.1553718e+02   8.8377810e-24
   4.1649541e+02   8.8425005e-24
   4.1745585e+02   8.8472391e-24
   4.1841851e+02   8.8519969e-24
   4.1938338e+02   8.8567741e-24
   4.2035048e+02   8.8615706e-24
   4.2131982e+02   8.8663866e-24
   4.2229138e+02   8.8712221e-24
   4.2326519e+02   8.8760772e-24
   4.2424124e+02   8.8809521e-24
   4.2521955e+02   8.8858467e-24
   4.2620010e+02   8.8907612e-24
   4.2718293e+02   8.8956956e-24
   4.2816801e+02   8.9006500e-24
   4.2915537e+02   8.9056246e-24
   4.3014501e+02   8.9106194e-24
   4.3113692e+02   8.9156345e-24
   4.3213113e+02   8.9206699e-24
   4.3312763e+02   8.9257258e-24
   4.3412642e+02   8.9308024e-24
   4.3512752e+02   8.9358995e-24
   4.3613093e+02   8.9410175e-24
   4.3713665e+02   8.9461563e-24
   4.3814469e+02   8.9513161e-24
   4.3915506e+02   8.9564970e-24
   4.4016775e+02   8.9616990e-24
   4.4118278e+02   8.9669224e-24
   4.4220015e+02   8.9721673e-24
   4.4321987e+02   8.9774337e-24
   4.4424194e+02   8.9827218e-24
   4.4526636e+02   8.9880318e-24
   4.4629315e+02   8.9933638e-24
   4.4732231e+02   8.9987180e-24
   4.4835383e+02   9.0040946e-24
   4.4938774e+02   9.0094938e-24
   4.5042403e+02   9.0149158e-24
   4.5146271e+02   9.0203610e-24
   4.5250379e+02   9.0258295e-24
   4.5354727e+02   9.0313217e-24
   4.5459315e+02   9.0368381e-24
   4.5564145e+02   9.0423791e-24
   4.5669216e+02   9.0479453e-24
   4.5774529e+02   9.0535373e-24
   4.5880086e+02   9.0591559e-24
   4.5985886e+02   9.0648022e-24
   4.6091930e+02   9.0704775e-24
   4.6198218e+02   9.0761834e-24
   4.6304751e+02   9.0819220e-24
   4.6411530e+02   9.0876963e-24
   4.6518556e+02   9.0935100e-24
   4.6625828e+02   9.0993686e-24
   4.6733347e+02   9.1052796e-24
   4.6841115e+02   9.1112544e-24
   4.6949131e+02   9.1173098e-24
   4.7057396e+02   9.1234730e-24
   4.7165911e+02   9.1297884e-24
   4.7274676e+02   9.1363346e-24
   4.7383691e+02   9.1432606e-24
   4.7492958e+02   9.1508790e-24
   4.7602478e+02   9.1599392e-24
   4.7712249e+02   9.1726414e-24
   4.7822274e+02   9.1980091e-24
   4.7932553e+02   9.3116951e-24
   4.8043085e+02   4.1499118e-23
   4.8153873e+02   9.3008339e-24
   4.8264916e+02   9.2181859e-24
   4.8376216e+02   9.2072125e-24
   4.8487772e+02   9.2073146e-24
   4.8599585e+02   9.2106794e-24
   4.8711656e+02   9.2153500e-24
   4.8823985e+02   9.2206511e-24
   4.8936574e+02   9.2262997e-24
   4.9049422e+02   9.2321605e-24
   4.9162530e+02   9.2381622e-24
   4.9275899e+02   9.2442646e-24
   4.9389530e+02   9.2504433e-24
   4.9503423e+02   9.2566831e-24
   4.9617578e+02   9.2629741e-24
   4.9731996e+02   9.2693096e-24
   4.9846679e+02   9.2756849e-24
   4.9961626e+02   9.2820967e-24
   5.0076837e+02   9.2885427e-24
   5.0192315e+02   9.2950212e-24
   5.0308059e+02   9.3015308e-24
   5.0424070e+02   9.3080706e-24
   5.0540348e+02   9.3146398e-24
   5.0656894e+02   9.3212379e-24
   5.0773710e+02   9.3278646e-24
   5.0890794e+02   9.3345193e-24
   5.1008149e+02   9.3412020e-24
   5.1125774e+02   9.3479124e-24
   5.1243670e+02   9.3546504e-24
   5.1361839e+02   9.3614159e-24
   5.1480279e+02   9.3682088e-24
   5.1598993e+02   9.3750291e-24
   5.1717981e+02   9.3818769e-24
   5.1837243e+02   9.3887520e-24
   5.1956780e+02   9.3956544e-24
   5.2076593e+02   9.4025843e-24
   5.2196682e+02   9.4095417e-24
   5.2317048e+02   9.4165265e-24
   5.2437691e+02   9.4235388e-24
   5.2558613e+02   9.4305788e-24
   5.2679814e+02   9.4376463e-24
   5.2801294e+02   9.4447416e-24
   5.2923054e+02   9.4518647e-24
   5.3045095e+02   9.4590155e-24
   5.3167417e+02   9.4661943e-24
   5.3290022e+02   9.4734011e-24
   5.3412909e+02   9.4806360e-24
   5.3536079e+02   9.4878989e-24
   5.3659534e+02   9.4951901e-24
   5.3783273e+02   9.5025096e-24
   5.3907298e+02   9.5098575e-24
   5.4031609e+02   9.5172339e-24
   5.4156206e+02   9.5246387e-24
   5.4281090e+02   9.5320723e-24
   5.4406263e+02   9.5395345e-24
   5.4531724e+02   9.5470256e-24
   5.4657475e+02   9.5545456e-24
   5.4783515e+02   9.5620945e-24
   5.4909847e+02   9.5696725e-24
   5.5036469e+02   9.5772797e-24
   5.5163384e+02   9.5849162e-24
   5.5290591e+02   9.5925820e-24
   5.5418091e+02   9.6002772e-24
   5.5545886e+02   9.6080020e-24
   5.5673975e+02   9.6157564e-24
   5.5802360e+02   9.6235405e-24
   5.5931040e+02   9.6313544e-24
   5.6060018e+02   9.6391982e-24
   5.6189293e+02   9.6470721e-24
   5.6318866e+02   9.6549760e-24
   5.6448737e+02   9.6629101e-24
   5.6578909e+02   9.6708745e-24
   5.6709380e+02   9.6788692e-24
   5.6840152e+02   9.6868944e-24
   5.6971226e+02   9.6949502e-24
   5.7102602e+02   9.7030367e-24
   5.7234281e+02   9.7111539e-24
   5.7366264e+02   9.7193020e-24
   5.7498551e+02   9.7274810e-24
   5.7631143e+02   9.7356911e-24
   5.7764041e+02   9.7439323e-24
   5.7897245e+02   9.7522047e-24
   5.8030757e+02   9.7605085e-24
   5.8164576e+02   9.7688437e-24
   5.8298704e+02   9.7772105e-24
   5.8433141e+02   9.7856089e-24
   5.8567889e+02   9.7940390e-24
   5.8702947e+02   9.8025010e-24
   5.8838316e+02   9.8109949e-24
   5.8973998e+02   9.8195208e-24
   5.9109992e+02   9.8280789e-24
   5.9246300e+02   9.8366691e-24
   5.9382923e+02   9.8452917e-24
   5.9519860e+02   9.8539468e-24
   5.9657113e+02   9.8626343e-24
   5.9794683e+02   9.8713545e-24
   5.9932570e+02   9.8801074e-24
   6.0070775e+02   9.8888931e-24
   6.0209299e+02   9.8977118e-24
   6.0348142e+02   9.9065634e-24
   6.0487305e+02   9.9154483e-24
   6.0626789e+02   9.9243663e-24
   6.0766595e+02   9.9333177e-24
   6.0906723e+02   9.9423025e-24
   6.1047175e+02   9.9513208e-24
   6.1187950e+02   9.9603728e-24
   6.1329050e+02   9.9694585e-24
   6.1470475e+02   9.9785781e-24
   6.1612226e+02   9.9877316e-24
   6.1754305e+02   9.9969191e-24
   6.1896711e+02   1.0006141e-23
   6.2039445e+02   1.0015397e-23
   6.2182508e+02   1.0024687e-23
   6.2325902e+02   1.0034012e-23
   6.2469626e+02   1.0043371e-23
   6.2613681e+02   1.0052765e-23
   6.2758069e+02   1.0062194e-23
   6.2902789e+02   1.0071658e-23
   6.3047844e+02   1.0081156e-23
   6.3193232e+02   1.0090690e-23
   6.3338957e+02   1.0100259e-23
   6.3485017e+02   1.0109863e-23
   6.3631414e+02   1.0119503e-23
   6.3778148e+02   1.0129178e-23
   6.3925221e+02   1.0138888e-23
   6.4072633e+02   1.0148635e-23
   6.4220385e+02   1.0158417e-23
   6.4368478e+02   1.0168235e-23
   6.4516912e+02   1.0178089e-23
   6.4665688e+02   1.0187980e-23
   6.4814808e+02   1.0197906e-23
   6.4964271e+02   1.0207869e-23
   6.5114080e+02   1.0217869e-23
   6.5264233e+02   1.0227904e-23
   6.5414733e+02   1.0237977e-23
   6.5565580e+02   1.0248086e-23
   6.5716775e+02   1.0258233e-23
   6.5868318e+02   1.0268416e-23
   6.6020211e+02   1.0278636e-23
   6.6172454e+02   1.0288894e-23
   6.6325048e+02   1.0299189e-23
   6.6477994e+02   1.0309521e-23
   6.6631293e+02   1.0319891e-23
   6.6784945e+02   1.0330298e-23
   6.6938952e+02   1.0340744e-23
   6.7093314e+02   1.0351227e-23
   6.7248031e+02   1.0361748e-23
   6.7403106e+02   1.0372307e-23
   6.7558538e+02   1.0382904e-23
   6.7714328e+02   1.0393540e-23
   6.7870478e+02   1.0404214e-23
   6.8026988e+02   1.0414926e-23
   6.8183859e+02   1.0425678e-23
   6.8341091e+02   1.0436468e-23
   6.8498686e+02   1.0447296e-23
   6.8656645e+02   1.0458164e-23
   6.8814967e+02   1.0469071e-23
   6.8973655e+02   1.0480017e-23
   6.9132709e+02   1.0491002e-23
   6.9292130e+02   1.0502027e-23
   6.9451918e+02   1.0513091e-23
   6.9612074e+02   1.0524195e-23
   6.9772600e+02   1.0535338e-23
   6.9933497e+02   1.0546521e-23
   7.0094764e+02   1.0557745e-23
   7.0256403e+02   1.0569008e-23
   7.0418415e+02   1.0580312e-23
   7.0580800e+02   1.0591656e-23
   7.0743560e+02   1.0603040e-23
   7.0906695e+02   1.0614465e-23
   7.1070206e+02   1.0625930e-23
   7.1234095e+02   1.0637436e-23
   7.1398361e+02   1.0648983e-23
   7.1563006e+02   1.0660572e-23
   7.1728031e+02   1.0672201e-23
   7.1893437e+02   1.0683871e-23
   7.2059223e+02   1.0695583e-23
   7.2225393e+02   1.0707336e-23
   7.2391945e+02   1.0719130e-23
   7.2558881e+02   1.0730967e-23
   7.2726203e+02   1.0742845e-23
   7.2893910e+02   1.0754765e-23
   7.3062004e+02   1.0766727e-23
   7.3230485e+02   1.0778731e-23
   7.3399355e+02   1.0790777e-23
   7.3568615e+02   1.0802866e-23
   7.3738265e+02   1.0814997e-23
   7.3908306e+02   1.0827170e-23
   7.4078739e+02   1.0839387e-23
   7.4249565e+02   1.0851646e-23
   7.4420785e+02   1.0863948e-23
   7.4592400e+02   1.0876293e-23
   7.4764410e+02   1.0888682e-23
   7.4936818e+02   1.0901113e-23
   7.5109623e+02   1.0913589e-23
   7.5282826e+02   1.0926107e-23
   7.5456429e+02   1.0938669e-23
   7.5630432e+02   1.0951275e-23
   7.5804836e+02   1.0963925e-23
   7.5979643e+02   1.0976619e-23
   7.6154852e+02   1.0989357e-23
   7.6330466e+02   1.1002139e-23
   7.6506485e+02   1.1014965e-23
   7.6682909e+02   1.1027836e-23
   7.6859741e+02   1.1040752e-23
   7.7036980e+02   1.1053712e-23
   7.7214628e+02   1.1066717e-23
   7.7392685e+02   1.1079767e-23
   7.7571153e+02   1.1092862e-23
   7.7750033e+02   1.1106002e-23
   7.7929325e+02   1.1119188e-23
   7.8109031e+02   1.1132419e-23
   7.8289151e+02   1.1145695e-23
   7.8469686e+02   1.1159017e-23
   7.8650638e+02   1.1172385e-23
   7.8832007e+02   1.1185799e-23
   7.9013794e+02   1.1199259e-23
   7.9196000e+02   1.1212765e-23
   7.9378627e+02   1.1226317e-23
   7.9561675e+02   1.1239915e-23
   7.9745144e+02   1.1253560e-23
   7.9929037e+02   1.1267252e-23
   8.0113354e+02   1.1280990e-23
   8.0298096e+02   1.1294776e-23
   8.0483264e+02   1.1308608e-23
   8.0668859e+02   1.1322487e-23
   8.0854882e+02   1.1336414e-23
   8.1041334e+02   1.1350388e-23
   8.1228216e+02   1.1364409e-23
   8.1415529e+02   1.1378478e-23
   8.1603274e+02   1.1392595e-23
   8.1791452e+02   1.1406760e-23
   8.1980064e+02   1.1420972e-23
   8.2169110e+02   1.1435233e-23
   8.2358593e+02   1.1449542e-23
   8.2548512e+02   1.1463899e-23
   8.2738870e+02   1.1478305e-23
   8.2929666e+02   1.1492759e-23
   8.3120903e+02   1.1507262e-23
   8.3312580e+02   1.1521814e-23
   8.3504700e+02   1.1536415e-23
   8.3697262e+02   1.1551065e-23
   8.3890269e+02   1.1565764e-23
   8.4083720e+02   1.1580513e-23
   8.4277618e+02   1.1595310e-23
   8.4471963e+02   1.1610158e-23
   8.4666756e+02   1.1625055e-23
   8.4861998e+02   1.1640002e-23
   8.5057690e+02   1.1654999e-23
   8.5253834e+02   1.1670047e-23
   8.5450430e+02   1.1685144e-23
   8.5647479e+02   1.1700292e-23
   8.5844983e+02   1.1715490e-23
   8.6042942e+02   1.1730739e-23
   8.6241358e+02   1.1746038e-23
   8.6440231e+02   1.1761389e-23
   8.6639563e+02   1.1776790e-23
   8.6839354e+02   1.1792242e-23
   8.7039607e+02   1.1807746e-23
   8.7240321e+02   1.1823301e-23
   8.7441498e+02   1.1838908e-23
   8.7643138e+02   1.1854566e-23
   8.7845244e+02   1.1870276e-23
   8.8047816e+02   1.1886038e-23
   8.8250855e+02   1.1901852e-23
   8.8454362e+02   1.1917718e-23
   8.8658338e+02   1.1933636e-23
   8.8862785e+02   1.1949607e-23
   8.9067703e+02   1.1965630e-23
   8.9273094e+02   1.1981706e-23
   8.9478959e+02   1.1997835e-23
   8.9685298e+02   1.2014016e-23
   8.9892113e+02   1.2030251e-23
   9.0099405e+02   1.2046539e-23
   9.0307175e+02   1.2062880e-23
   9.0515424e+02   1.2079275e-23
   9.0724153e+02   1.2095723e-23
   9.0933364e+02   1.2112225e-23
   9.1143057e+02   1.2128781e-23
   9.1353233e+02   1.2145391e-23
   9.1563894e+02   1.2162055e-23
   9.1775041e+02   1.2178774e-23
   9.1986675e+02   1.2195546e-23
   9.2198797e+02   1.2212374e-23
   9.2411408e+02   1.2229256e-23
   9.2624510e+02   1.2246193e-23
   9.2838103e+02   1.2263185e-23
   9.3052188e+02   1.2280232e-23
   9.3266767e+02   1.2297335e-23
   9.3481841e+02   1.2314493e-23
   9.3697411e+02   1.2331708e-23
   9.3913478e+02   1.2348978e-23
   9.4130043e+02   1.2366306e-23
   9.4347108e+02   1.2383691e-23
   9.4564673e+02   1.2401135e-23
   9.4782740e+02   1.2418640e-23
   9.5001309e+02   1.2436210e-23
   9.5220383e+02   1.2453855e-23
   9.5439962e+02   1.2471608e-23
   9.5660047e+02   1.2489600e-23
   9.5880640e+02   1.2509047e-23
   9.6101742e+02   1.2663901e-23
   9.6323353e+02   1.2543961e-23
   9.6545475e+02   1.2560922e-23
   9.6768110e+02   1.2578722e-23
   9.6991258e+02   1.2596708e-23
   9.7214920e+02   1.2614791e-23
   9.7439099e+02   1.2632947e-23
   9.7663794e+02   1.2651168e-23
   9.7889008e+02   1.2669452e-23
   9.8114740e+02   1.2687795e-23
   9.8340994e+02   1.2706199e-23
   9.8567769e+02   1.2724662e-23
   9.8795067e+02   1.2743184e-23
   9.9022889e+02   1.2761765e-23
   9.9251237e+02   1.2780405e-23
   9.9480111e+02   1.2799105e-23
   9.9709513e+02   1.2817864e-23
   9.9939443e+02   1.2836682e-23
   1.0016990e+03   1.2855560e-23
   1.0040090e+03   1.2874497e-23
   1.0063242e+03   1.2893495e-23
   1.0086448e+03   1.2912551e-23
   1.0109708e+03   1.2931668e-23
   1.0133021e+03   1.2950846e-23
   1.0156387e+03   1.2970083e-23
   1.0179808e+03   1.2989381e-23
   1.0203283e+03   1.3008739e-23
   1.0226812e+03   1.3028158e-23
   1.0250395e+03   1.3047638e-23
   1.0274032e+03   1.3067178e-23
   1.0297724e+03   1.3086780e-23
   1.0321471e+03   1.3106443e-23
   1.0345272e+03   1.3126168e-23
   1.0369129e+03   1.3145954e-23
   1.0393040e+03   1.3165801e-23
   1.0417006e+03   1.3185711e-23
   1.0441028e+03   1.3205682e-23
   1.0465105e+03   1.3225715e-23
   1.0489238e+03   1.3245811e-23
   1.0513426e+03   1.3265969e-23
   1.0537670e+03   1.3286189e-23
   1.0561970e+03   1.3306472e-23
   1.0586326e+03   1.3326818e-23
   1.0610738e+03   1.3347227e-23
   1.0635207e+03   1.3367699e-23
   1.0659731e+03   1.3388234e-23
   1.0684313e+03   1.3408833e-23
   1.0708951e+03   1.3429495e-23
   1.0733646e+03   1.3450221e-23
   1.0758398e+03   1.3471010e-23
   1.0783207e+03   1.3491864e-23
   1.0808073e+03   1.3512781e-23
   1.0832996e+03   1.3533763e-23
   1.0857977e+03   1.3554809e-23
   1.0883016e+03   1.3575920e-23
   1.0908112e+03   1.3597096e-23
   1.0933266e+03   1.3618336e-23
   1.0958479e+03   1.3639641e-23
   1.0983749e+03   1.3661012e-23
   1.1009078e+03   1.3682447e-23
   1.1034465e+03   1.3703949e-23
   1.1059910e+03   1.3725515e-23
   1.1085414e+03   1.3747148e-23
   1.1110977e+03   1.3768846e-23
   1.1136599e+03   1.3790611e-23
   1.1162281e+03   1.3812441e-23
   1.1188021e+03   1.3834338e-23
   1.1213820e+03   1.3856301e-23
   1.1239680e+03   1.3878331e-23
   1.1265598e+03   1.3900428e-23
   1.1291577e+03   1.3922592e-23
   1.1317615e+03   1.3944822e-23
   1.1343714e+03   1.3967120e-23
   1.1369873e+03   1.3989486e-23
   1.1396092e+03   1.4011919e-23
   1.1422371e+03   1.4034419e-23
   1.1448711e+03   1.4056988e-23
   1.1475112e+03   1.4079624e-23
   1.1501574e+03   1.4102329e-23
   1.1528096e+03   1.4125101e-23
   1.1554680e+03   1.4147943e-23
   1.1581325e+03   1.4170853e-23
   1.1608032e+03   1.4193831e-23
   1.1634800e+03   1.4216879e-23
   1.1661630e+03   1.4239995e-23
   1.1688522e+03   1.4263181e-23
   1.1715476e+03   1.4286436e-23
   1.1742492e+03   1.4309761e-23
   1.1769570e+03   1.4333155e-23
   1.1796711e+03   1.4356620e-23
   1.1823914e+03   1.4380154e-23
   1.1851180e+03   1.4403758e-23
   1.1878509e+03   1.4427433e-23
   1.1905901e+03   1.4451178e-23
   1.1933356e+03   1.4474994e-23
   1.1960875e+03   1.4498880e-23
   1.1988456e+03   1.4522838e-23
   1.2016102e+03   1.4546866e-23
   1.2043811e+03   1.4570966e-23
   1.2071584e+03   1.4595137e-23
   1.2099421e+03   1.4619380e-23
   1.2127323e+03   1.4643695e-23
   1.2155288e+03   1.4668081e-23
   1.2183319e+03   1.4692540e-23
   1.2211413e+03   1.4717070e-23
   1.2239573e+03   1.4741673e-23
   1.2267798e+03   1.4766349e-23
   1.2296087e+03   1.4791097e-23
   1.2324442e+03   1.4815918e-23
   1.2352862e+03   1.4840812e-23
   1.2381348e+03   1.4865779e-23
   1.2409900e+03   1.4890819e-23
   1.2438517e+03   1.4915933e-23
   1.2467200e+03   1.4941121e-23
   1.2495950e+03   1.4966382e-23
   1.2524766e+03   1.4991718e-23
   1.2553648e+03   1.5017127e-23
   1.2582597e+03   1.5042611e-23
   1.2611612e+03   1.5068169e-23
   1.2640695e+03   1.5093802e-23
   1.2669844e+03   1.5119510e-23
   1.2699061e+03   1.5145293e-23
   1.2728345e+03   1.5171150e-23
   1.2757697e+03   1.5197083e-23
   1.2787116e+03   1.5223092e-23
   1.2816603e+03   1.5249176e-23
   1.2846158e+03   1.5275336e-23
   1.2875782e+03   1.5301572e-23
   1.2905473e+03   1.5327884e-23
   1.2935233e+03   1.5354272e-23
   1.2965062e+03   1.5380736e-23
   1.2994960e+03   1.5407278e-23
   1.3024926e+03   1.5433896e-23
   1.3054962e+03   1.5460591e-23
   1.3085067e+03   1.5487363e-23
   1.3115241e+03   1.5514212e-23
   1.3145485e+03   1.5541139e-23
   1.3175798e+03   1.5568143e-23
   1.3206182e+03   1.5595225e-23
   1.3236635e+03   1.5622385e-23
   1.3267159e+03   1.5649624e-23
   1.3297753e+03   1.5676940e-23
   1.3328418e+03   1.5704335e-23
   1.3359154e+03   1.5731809e-23
   1.3389960e+03   1.5759361e-23
   1.3420837e+03   1.5786993e-23
   1.3451786e+03   1.5814703e-23
   1.3482806e+03   1.5842493e-23
   1.3513897e+03   1.5870362e-23
   1.3545060e+03   1.5898311e-23
   1.3576295e+03   1.5926340e-23
   1.3607602e+03   1.5954449e-23
   1.3638982e+03   1.5982638e-23
   1.3670433e+03   1.6010908e-23
   1.3701957e+03   1.6039258e-23
   1.3733554e+03   1.6067688e-23
   1.3765224e+03   1.6096200e-23
   1.3796966e+03   1.6124793e-23
   1.3828782e+03   1.6153466e-23
   1.3860672e+03   1.6182222e-23
   1.3892634e+03   1.6211059e-23
   1.3924671e+03   1.6239977e-23
   1.3956781e+03   1.6268978e-23
   1.3988966e+03   1.6298060e-23
   1.4021224e+03   1.6327225e-23
   1.4053558e+03   1.6356473e-23
   1.4085965e+03   1.6385803e-23
   1.4118448e+03   1.6415216e-23
   1.4151005e+03   1.6444713e-23
   1.4183637e+03   1.6474292e-23
   1.4216345e+03   1.6503956e-23
   1.4249128e+03   1.6533703e-23
   1.4281986e+03   1.6563536e-23
   1.4314921e+03   1.6593456e-23
   1.4347931e+03   1.6623472e-23
   1.4381017e+03   1.6653665e-23
   1.4414180e+03   1.6703909e-23
   1.4447419e+03   1.6714041e-23
   1.4480735e+03   1.6744301e-23
   1.4514128e+03   1.6774707e-23
   1.4547598e+03   1.6805207e-23
   1.4581144e+03   1.6835796e-23
   1.4614769e+03   1.6866471e-23
   1.4648470e+03   1.6897233e-23
   1.4682250e+03   1.6928081e-23
   1.4716107e+03   1.6959015e-23
   1.4750043e+03   1.6990036e-23
   1.4784056e+03   1.7021143e-23
   1.4818149e+03   1.7052336e-23
   1.4852319e+03   1.7083617e-23
   1.4886569e+03   1.7114985e-23
   1.4920897e+03   1.7146440e-23
   1.4955305e+03   1.7177982e-23
   1.4989792e+03   1.7209612e-23
   1.5024359e+03   1.7241330e-23
   1.5059005e+03   1.7273135e-23
   1.5093731e+03   1.7305029e-23
   1.5128538e+03   1.7337011e-23
   1.5163424e+03   1.7369082e-23
   1.5198391e+03   1.7401241e-23
   1.5233439e+03   1.7433490e-23
   1.5268567e+03   1.7465827e-23
   1.5303776e+03   1.7498254e-23
   1.5339067e+03   1.7530770e-23
   1.5374439e+03   1.7563376e-23
   1.5409893e+03   1.7596072e-23
   1.5445428e+03   1.7628857e-23
   1.5481045e+03   1.7661733e-23
   1.5516745e+03   1.7694700e-23
   1.5552526e+03   1.7727757e-23
   1.5588391e+03   1.7760905e-23
   1.5624338e+03   1.7794144e-23
   1.5660367e+03   1.7827474e-23
   1.5696480e+03   1.7860896e-23
   1.5732677e+03   1.7894409e-23
   1.5768956e+03   1.7928014e-23
   1.5805320e+03   1.7961711e-23
   1.5841767e+03   1.7995500e-23
   1.5878298e+03   1.8029382e-23
   1.5914913e+03   1.8063356e-23
   1.5951613e+03   1.8097423e-23
   1.5988398e+03   1.8131583e-23
   1.6025267e+03   1.8165836e-23
   1.6062222e+03   1.8200182e-23
   1.6099261e+03   1.8234622e-23
   1.6136386e+03   1.8269156e-23
   1.6173597e+03   1.8303784e-23
   1.6210893e+03   1.8338506e-23
   1.6248276e+03   1.8373323e-23
   1.6285744e+03   1.8408234e-23
   1.6323300e+03   1.8443240e-23
   1.6360941e+03   1.8478341e-23
   1.6398670e+03   1.8513537e-23
   1.6436485e+03   1.8548828e-23
   1.6474388e+03   1.8584215e-23
   1.6512378e+03   1.8619698e-23
   1.6550456e+03   1.8655277e-23
   1.6588621e+03   1.8690952e-23
   1.6626874e+03   1.8726723e-23
   1.6665216e+03   1.8762592e-23
   1.6703646e+03   1.8798557e-23
   1.6742165e+03   1.8834619e-23
   1.6780773e+03   1.8870778e-23
   1.6819469e+03   1.8907035e-23
   1.6858255e+03   1.8943389e-23
   1.6897130e+03   1.8979841e-23
   1.6936095e+03   1.9016392e-23
   1.6975150e+03   1.9053040e-23
   1.7014295e+03   1.9089787e-23
   1.7053530e+03   1.9126633e-23
   1.7092855e+03   1.9163578e-23
   1.7132272e+03   1.9200622e-23
   1.7171779e+03   1.9237765e-23
   1.7211377e+03   1.9275008e-23
   1.7251067e+03   1.9312351e-23
   1.7290848e+03   1.9349793e-23
   1.7330721e+03   1.9387336e-23
   1.7370685e+03   1.9424979e-23
   1.7410742e+03   1.9462723e-23
   1.7450892e+03   1.9500568e-23
   1.7491133e+03   1.9538514e-23
   1.7531468e+03   1.9576561e-23
   1.7571896e+03   1.9614709e-23
   1.7612417e+03   1.9652959e-23
   1.7653031e+03   1.9691311e-23
   1.7693739e+03   1.9729766e-23
   1.7734541e+03   1.9768322e-23
   1.7775437e+03   1.9806981e-23
   1.7816427e+03   1.9845743e-23
   1.7857512e+03   1.9884608e-23
   1.7898692e+03   1.9923577e-23
   1.7939966e+03   1.9962648e-23
   1.7981336e+03   2.0001824e-23
   1.8022801e+03   2.0041103e-23
   1.8064362e+03   2.0080486e-23
   1.8106018e+03   2.0119974e-23
   1.8147771e+03   2.0159566e-23
   1.8189620e+03   2.0199263e-23
   1.8231565e+03   2.0239065e-23
   1.8273607e+03   2.0278973e-23
   1.8315746e+03   2.0318985e-23
   1.8357983e+03   2.0359104e-23
   1.8400316e+03   2.0399328e-23
   1.8442748e+03   2.0439659e-23
   1.8485277e+03   2.0480096e-23
   1.8527904e+03   2.0520639e-23
   1.8570629e+03   2.0561289e-23
   1.8613453e+03   2.0602047e-23
   1.8656376e+03   2.0642911e-23
   1.8699398e+03   2.0683883e-23
   1.8742519e+03   2.0724963e-23
   1.8785739e+03   2.0766151e-23
   1.8829059e+03   2.0807447e-23
   1.8872479e+03   2.0848852e-23
   1.8915999e+03   2.0890365e-23
   1.8959620e+03   2.0931987e-23
   1.9003341e+03   2.0973718e-23
   1.9047163e+03   2.1015559e-23
   1.9091086e+03   2.1057510e-23
   1.9135110e+03   2.1099573e-23
   1.9179235e+03   2.1141765e-23
   1.9223463e+03   2.1184583e-23
   1.9267792e+03   2.1226422e-23
   1.9312224e+03   2.1268914e-23
   1.9356758e+03   2.1311524e-23
   1.9401395e+03   2.1354247e-23
   1.9446135e+03   2.1397082e-23
   1.9490978e+03   2.1440029e-23
   1.9535924e+03   2.1483088e-23
   1.9580974e+03   2.1526259e-23
   1.9626128e+03   2.1569542e-23
   1.9671386e+03   2.1612938e-23
   1.9716748e+03   2.1656448e-23
   1.9762215e+03   2.1700070e-23
   1.9807787e+03   2.1743805e-23
   1.9853464e+03   2.1787655e-23
   1.9899246e+03   2.1831618e-23
   1.9945134e+03   2.1875695e-23
   1.9991128e+03   2.1919887e-23
   2.0037227e+03   2.1964193e-23
   2.0083433e+03   2.2008615e-23
   2.0129746e+03   2.2053151e-23
   2.0176165e+03   2.2097803e-23
   2.0222692e+03   2.2142570e-23
   2.0269325e+03   2.2187453e-23
   2.0316067e+03   2.2232452e-23
   2.0362916e+03   2.2277568e-23
   2.0409873e+03   2.2322800e-23
   2.0456938e+03   2.2368149e-23
   2.0504112e+03   2.2413615e-23
   2.0551394e+03   2.2459199e-23
   2.0598786e+03   2.2504900e-23
   2.0646287e+03   2.2550719e-23
   2.0693898e+03   2.2596656e-23
   2.0741618e+03   2.2642711e-23
   2.0789448e+03   2.2688885e-23
   2.0837389e+03   2.2735178e-23
   2.0885440e+03   2.2781590e-23
   2.0933602e+03   2.2828122e-23
   2.0981875e+03   2.2874773e-23
   2.1030259e+03   2.2921544e-23
   2.1078755e+03   2.2968435e-23
   2.1127363e+03   2.3015446e-23
   2.1176083e+03   2.3062579e-23
   2.1224915e+03   2.3109832e-23
   2.1273860e+03   2.3157206e-23
   2.1322918e+03   2.3204702e-23
   2.1372088e+03   2.3252319e-23
   2.1421373e+03   2.3300059e-23
   2.1470771e+03   2.3347920e-23
   2.1520282e+03   2.3395904e-23
   2.1569908e+03   2.3444011e-23
   2.1619649e+03   2.3492241e-23
   2.1669504e+03   2.3540595e-23
   2.1719474e+03   2.3589071e-23
   2.1769559e+03   2.3637672e-23
   2.1819760e+03   2.3686397e-23
   2.1870076e+03   2.3735246e-23
   2.1920509e+03   2.3784219e-23
   2.1971058e+03   2.3833318e-23
   2.2021723e+03   2.3882541e-23
   2.2072505e+03   2.3931891e-23
   2.2123405e+03   2.3981365e-23
   2.2174421e+03   2.4030966e-23
   2.2225556e+03   2.4080693e-23
   2.2276808e+03   2.4130547e-23
   2.2328179e+03   2.4180527e-23
   2.2379668e+03   2.4230634e-23
   2.2431275e+03   2.4280869e-23
   2.2483002e+03   2.4331231e-23
   2.2534848e+03   2.4381721e-23
   2.2586814e+03   2.4432340e-23
   2.2638899e+03   2.4483086e-23
   2.2691104e+03   2.4533962e-23
   2.2743430e+03   2.4584966e-23
   2.2795877e+03   2.4636100e-23
   2.2848444e+03   2.4687363e-23
   2.2901133e+03   2.4738756e-23
   2.2953943e+03   2.4790279e-23
   2.3006875e+03   2.4841933e-23
   2.3059929e+03   2.4893717e-23
   2.3113105e+03   2.4945632e-23
   2.3166404e+03   2.4997679e-23
   2.3219826e+03   2.5049856e-23
   2.3273371e+03   2.5102166e-23
   2.3327040e+03   2.5154608e-23
   2.3380832e+03   2.5207182e-23
   2.3434749e+03   2.5259889e-23
   2.3488789e+03   2.5312729e-23
   2.3542955e+03   2.5365701e-23
   2.3597245e+03   2.5418808e-23
   2.3651660e+03   2.5472048e-23
   2.3706201e+03   2.5525423e-23
   2.3760868e+03   2.5578931e-23
   2.3815661e+03   2.5632575e-23
   2.3870580e+03   2.5686353e-23
   2.3925626e+03   2.5740268e-23
   2.3980798e+03   2.5794324e-23
   2.4036098e+03   2.5848547e-23
   2.4091526e+03   2.5902824e-23
   2.4147081e+03   2.5957280e-23
   2.4202764e+03   2.6011874e-23
   2.4258576e+03   2.6066605e-23
   2.4314516e+03   2.6121474e-23
   2.4370586e+03   2.6176480e-23
   2.4426785e+03   2.6231624e-23
   2.4483113e+03   2.6286906e-23
   2.4539571e+03   2.6342327e-23
   2.4596160e+03   2.6397887e-23
   2.4652879e+03   2.6453585e-23
   2.4709728e+03   2.6509424e-23
   2.4766709e+03   2.6565402e-23
   2.4823821e+03   2.6621519e-23
   2.4881065e+03   2.6677778e-23
   2.4938441e+03   2.6734177e-23
   2.4995949e+03   2.6790716e-23
   2.5053590e+03   2.6847398e-23
   2.5111364e+03   2.6904220e-23
   2.5169271e+03   2.6961185e-23
   2.5227312e+03   2.7018291e-23
   2.5285486e+03   2.7075540e-23
   2.5343794e+03   2.7132932e-23
   2.5402237e+03   2.7190467e-23
   2.5460815e+03   2.7248146e-23
   2.5519528e+03   2.7305968e-23
   2.5578376e+03   2.7363934e-23
   2.5637360e+03   2.7422044e-23
   2.5696480e+03   2.7480299e-23
   2.5755736e+03   2.7538699e-23
   2.5815129e+03   2.7597245e-23
   2.5874659e+03   2.7655936e-23
   2.5934326e+03   2.7714772e-23
   2.5994131e+03   2.7773756e-23
   2.6054074e+03   2.7832885e-23
   2.6114155e+03   2.7892162e-23
   2.6174374e+03   2.7951585e-23
   2.6234732e+03   2.8011157e-23
   2.6295230e+03   2.8070876e-23
   2.6355867e+03   2.8130743e-23
   2.6416644e+03   2.8190758e-23
   2.6477561e+03   2.8250923e-23
   2.6538618e+03   2.8311236e-23
   2.6599816e+03   2.8371699e-23
   2.6661156e+03   2.8432312e-23
   2.6722637e+03   2.8493075e-23
   2.6784259e+03   2.8553989e-23
   2.6846024e+03   2.8615053e-23
   2.6907931e+03   2.8676268e-23
   2.6969981e+03   2.8737634e-23
   2.7032174e+03   2.8799153e-23
   2.7094510e+03   2.8860823e-23
   2.7156991e+03   2.8922646e-23
   2.7219615e+03   2.8984622e-23
   2.7282383e+03   2.9046750e-23
   2.7345297e+03   2.9109032e-23
   2.7408355e+03   2.9171468e-23
   2.7471559e+03   2.9234058e-23
   2.7534909e+03   2.9296802e-23
   2.7598405e+03   2.9359701e-23
   2.7662047e+03   2.9422755e-23
   2.7725836e+03   2.9485965e-23
   2.7789772e+03   2.9549330e-23
   2.7853855e+03   2.9612852e-23
   2.7918086e+03   2.9676530e-23
   2.7982465e+03   2.9740364e-23
   2.8046993e+03   2.9804356e-23
   2.8111670e+03   2.9868505e-23
   2.8176496e+03   2.9932813e-23
   2.8241471e+03   2.9997278e-23
   2.8306596e+03   3.0061902e-23
   2.8371871e+03   3.0126685e-23
   2.8437297e+03   3.0191626e-23
   2.8502873e+03   3.0256728e-23
   2.8568601e+03   3.0321989e-23
   2.8634481e+03   3.0387411e-23
   2.8700512e+03   3.0452994e-23
   2.8766696e+03   3.0518738e-23
   2.8833032e+03   3.0584700e-23
   2.8899521e+03   3.0650708e-23
   2.8966164e+03   3.0716936e-23
   2.9032960e+03   3.0783326e-23
   2.9099910e+03   3.0849880e-23
   2.9167015e+03   3.0916596e-23
   2.9234274e+03   3.0983476e-23
   2.9301688e+03   3.1050520e-23
   2.9369258e+03   3.1117727e-23
   2.9436984e+03   3.1185100e-23
   2.9504866e+03   3.1252637e-23
   2.9572904e+03   3.1320340e-23
   2.9641100e+03   3.1388208e-23
   2.9709452e+03   3.1456242e-23
   2.9777963e+03   3.1524443e-23
   2.9846631e+03   3.1592810e-23
   2.9915457e+03   3.1661344e-23
   2.9984443e+03   3.1730046e-23
   3.0053587e+03   3.1798916e-23
   3.0122891e+03   3.1867953e-23
   3.0192354e+03   3.1937160e-23
   3.0261978e+03   3.2006535e-23
   3.0331763e+03   3.2076079e-23
   3.0401708e+03   3.2145794e-23
   3.0471814e+03   3.2215678e-23
   3.0542083e+03   3.2285733e-23
   3.0612513e+03   3.2355958e-23
   3.0683106e+03   3.2426355e-23
   3.0753861e+03   3.2496923e-23
   3.0824780e+03   3.2567663e-23
   3.0895862e+03   3.2638575e-23
   3.0967108e+03   3.2709660e-23
   3.1038518e+03   3.2780918e-23
   3.1110093e+03   3.2852350e-23
   3.1181833e+03   3.2923955e-23
   3.1253739e+03   3.2995735e-23
   3.1325810e+03   3.3067689e-23
   3.1398048e+03   3.3139818e-23
   3.1470452e+03   3.3212123e-23
   3.1543023e+03   3.3284603e-23
   3.1615762e+03   3.3357259e-23
   3.1688668e+03   3.3430092e-23
   3.1761742e+03   3.3503102e-23
   3.1834985e+03   3.3576289e-23
   3.1908397e+03   3.3649654e-23
   3.1981978e+03   3.3723197e-23
   3.2055728e+03   3.3796918e-23
   3.2129649e+03   3.3870819e-23
   3.2203740e+03   3.3944898e-23
   3.2278002e+03   3.4019157e-23
   3.2352436e+03   3.4093597e-23
   3.2427041e+03   3.4168216e-23
   3.2501818e+03   3.4243017e-23
   3.2576767e+03   3.4317999e-23
   3.2651889e+03   3.4393162e-23
   3.2727185e+03   3.4468508e-23
   3.2802654e+03   3.4544036e-23
   3.2878297e+03   3.4619747e-23
   3.2954115e+03   3.4695641e-23
   3.3030107e+03   3.4771719e-23
   3.3106275e+03   3.4847981e-23
   3.3182618e+03   3.4924427e-23
   3.3259138e+03   3.5001059e-23
   3.3335833e+03   3.5077875e-23
   3.3412706e+03   3.5154878e-23
   3.3489756e+03   3.5232066e-23
   3.3566984e+03   3.5309442e-23
   3.3644389e+03   3.5387012e-23
   3.3721974e+03   3.5464753e-23
   3.3799737e+03   3.5542690e-23
   3.3877679e+03   3.5620815e-23
   3.3955801e+03   3.5699129e-23
   3.4034104e+03   3.5777632e-23
   3.4112587e+03   3.5856324e-23
   3.4191251e+03   3.5935206e-23
   3.4270096e+03   3.6014279e-23
   3.4349123e+03   3.6093542e-23
   3.4428332e+03   3.6172997e-23
   3.4507724e+03   3.6252643e-23
   3.4587299e+03   3.6332481e-23
   3.4667058e+03   3.6412511e-23
   3.4747000e+03   3.6492735e-23
   3.4827127e+03   3.6573151e-23
   3.4907439e+03   3.6653761e-23
   3.4987936e+03   3.6734566e-23
   3.5068618e+03   3.6815565e-23
   3.5149487e+03   3.6896759e-23
   3.5230542e+03   3.6978148e-23
   3.5311784e+03   3.7059733e-23
   3.5393213e+03   3.7141515e-23
   3.5474830e+03   3.7223493e-23
   3.5556635e+03   3.7305668e-23
   3.5638629e+03   3.7388041e-23
   3.5720812e+03   3.7470612e-23
   3.5803184e+03   3.7553382e-23
   3.5885747e+03   3.7636350e-23
   3.5968500e+03   3.7719518e-23
   3.6051443e+03   3.7802886e-23
   3.6134578e+03   3.7886454e-23
   3.6217905e+03   3.7970223e-23
   3.6301424e+03   3.8054192e-23
   3.6385135e+03   3.8138364e-23
   3.6469039e+03   3.8222737e-23
   3.6553137e+03   3.8307313e-23
   3.6637429e+03   3.8392092e-23
   3.6721915e+03   3.8477074e-23
   3.6806596e+03   3.8562260e-23
   3.6891472e+03   3.8647651e-23
   3.6976544e+03   3.8733246e-23
   3.7061813e+03   3.8819046e-23
   3.7147277e+03   3.8905052e-23
   3.7232939e+03   3.8991264e-23
   3.7318799e+03   3.9077683e-23
   3.7404856e+03   3.9164309e-23
   3.7491112e+03   3.9251142e-23
   3.7577567e+03   3.9338184e-23
   3.7664221e+03   3.9425433e-23
   3.7751075e+03   3.9512892e-23
   3.7838129e+03   3.9600560e-23
   3.7925384e+03   3.9688438e-23
   3.8012841e+03   3.9776526e-23
   3.8100498e+03   3.9864825e-23
   3.8188359e+03   3.9953335e-23
   3.8276421e+03   4.0042057e-23
   3.8364687e+03   4.0130992e-23
   3.8453156e+03   4.0220141e-23
   3.8541829e+03   4.0309498e-23
   3.8630707e+03   4.0399072e-23
   3.8719790e+03   4.0488859e-23
   3.8809078e+03   4.0578861e-23
   3.8898572e+03   4.0669079e-23
   3.8988272e+03   4.0759511e-23
   3.9078180e+03   4.0850160e-23
   3.9168294e+03   4.0941025e-23
   3.9258617e+03   4.1032107e-23
   3.9349147e+03   4.1123407e-23
   3.9439887e+03   4.1214925e-23
   3.9530835e+03   4.1306661e-23
   3.9621994e+03   4.1398616e-23
   3.9713362e+03   4.1490790e-23
   3.9804942e+03   4.1583184e-23
   3.9896732e+03   4.1675799e-23
   3.9988734e+03   4.1768635e-23
   4.0080949e+03   4.1861692e-23
   4.0173376e+03   4.1954970e-23
   4.0266016e+03   4.2048472e-23
   4.0358870e+03   4.2142196e-23
   4.0451937e+03   4.2236143e-23
   4.0545220e+03   4.2330314e-23
   4.0638718e+03   4.2424710e-23
   4.0732431e+03   4.2519331e-23
   4.0826360e+03   4.2614177e-23
   4.0920506e+03   4.2709248e-23
   4.1014869e+03   4.2804547e-23
   4.1109450e+03   4.2900072e-23
   4.1204248e+03   4.2995824e-23
   4.1299266e+03   4.3091805e-23
   4.1394502e+03   4.3188013e-23
   4.1489958e+03   4.3284451e-23
   4.1585634e+03   4.3381118e-23
   4.1681531e+03   4.3478015e-23
   4.1777649e+03   4.3575143e-23
   4.1873988e+03   4.3672502e-23
   4.1970550e+03   4.3770092e-23
   4.2067335e+03   4.3867914e-23
   4.2164342e+03   4.3965969e-23
   4.2261574e+03   4.4064257e-23
   4.2359029e+03   4.4162778e-23
   4.2456709e+03   4.4261533e-23
   4.2554615e+03   4.4360524e-23
   4.2652746e+03   4.4459749e-23
   4.2751104e+03   4.4559210e-23
   4.2849688e+03   4.4658907e-23
   4.2948500e+03   4.4758841e-23
   4.3047539e+03   4.4859012e-23
   4.3146807e+03   4.4959422e-23
   4.3246304e+03   4.5060076e-23
   4.3346030e+03   4.5160955e-23
   4.3445987e+03   4.5262081e-23
   4.3546173e+03   4.5363447e-23
   4.3646591e+03   4.5465053e-23
   4.3747241e+03   4.5566900e-23
   4.3848122e+03   4.5668989e-23
   4.3949236e+03   4.5771320e-23
   4.4050583e+03   4.5873894e-23
   4.4152164e+03   4.5976711e-23
   4.4253980e+03   4.6079772e-23
   4.4356030e+03   4.6183077e-23
   4.4458315e+03   4.6286626e-23
   4.4560836e+03   4.6390422e-23
   4.4663594e+03   4.6494463e-23
   4.4766588e+03   4.6598751e-23
   4.4869821e+03   4.6703285e-23
   4.4973291e+03   4.6808068e-23
   4.5076999e+03   4.6913098e-23
   4.5180947e+03   4.7018378e-23
   4.5285135e+03   4.7123907e-23
   4.5389563e+03   4.7229685e-23
   4.5494231e+03   4.7335714e-23
   4.5599142e+03   4.7441994e-23
   4.5704294e+03   4.7548525e-23
   4.5809688e+03   4.7655309e-23
   4.5915325e+03   4.7762345e-23
   4.6021207e+03   4.7869635e-23
   4.6127332e+03   4.7977178e-23
   4.6233702e+03   4.8084976e-23
   4.6340317e+03   4.8193029e-23
   4.6447178e+03   4.8301337e-23
   4.6554286e+03   4.8409902e-23
   4.6661640e+03   4.8518723e-23
   4.6769242e+03   4.8627801e-23
   4.6877093e+03   4.8737138e-23
   4.6985192e+03   4.8846732e-23
   4.7093540e+03   4.8956586e-23
   4.7202138e+03   4.9066699e-23
   4.7310986e+03   4.9177073e-23
   4.7420086e+03   4.9287707e-23
   4.7529437e+03   4.9398603e-23
   4.7639040e+03   4.9509760e-23
   4.7748896e+03   4.9621181e-23
   4.7859005e+03   4.9732864e-23
   4.7969369e+03   4.9844811e-23
   4.8079986e+03   4.9957023e-23
   4.8190859e+03   5.0069499e-23
   4.8301988e+03   5.0182240e-23
   4.8413372e+03   5.0295248e-23
   4.8525014e+03   5.0408523e-23
   4.8636913e+03   5.0522065e-23
   4.8749070e+03   5.0635875e-23
   4.8861486e+03   5.0749953e-23
   4.8974161e+03   5.0864301e-23
   4.9087096e+03   5.0978918e-23
   4.9200291e+03   5.1093806e-23
   4.9313747e+03   5.1208964e-23
   4.9427465e+03   5.1324394e-23
   4.9541445e+03   5.1440097e-23
   4.9655688e+03   5.1556072e-23
   4.9770194e+03   5.1672320e-23
   4.9884965e+03   5.1788843e-23
   5.0000000e+03   5.1905640e-23
