   5.0000000e+00   1.6454261e-20
   5.0115300e+00   1.6036173e-20
   5.0230867e+00   1.5630385e-20
   5.0346699e+00   1.5236837e-20
   5.0462799e+00   1.4855615e-20
   5.0579167e+00   1.4486555e-20
   5.0695803e+00   1.4124517e-20
   5.0812708e+00   1.3743595e-20
   5.0929882e+00   1.3355706e-20
   5.1047327e+00   1.3015870e-20
   5.1165042e+00   1.2696301e-20
   5.1283029e+00   1.2384216e-20
   5.1401288e+00   1.2079087e-20
   5.1519820e+00   1.1781172e-20
   5.1638625e+00   1.1490605e-20
   5.1757704e+00   1.1207394e-20
   5.1877058e+00   1.0931465e-20
   5.1996687e+00   1.0662695e-20
   5.2116592e+00   1.0400934e-20
   5.2236773e+00   1.0146020e-20
   5.2357231e+00   9.8977830e-21
   5.2477968e+00   9.6560508e-21
   5.2598982e+00   9.4206515e-21
   5.2720276e+00   9.1914142e-21
   5.2841849e+00   8.9681713e-21
   5.2963703e+00   8.7507582e-21
   5.3085838e+00   8.5390141e-21
   5.3208254e+00   8.3327821e-21
   5.3330953e+00   8.1319094e-21
   5.3453934e+00   7.9362473e-21
   5.3577199e+00   7.7456512e-21
   5.3700749e+00   7.5599805e-21
   5.3824583e+00   7.3790987e-21
   5.3948703e+00   7.2028732e-21
   5.4073109e+00   7.0311752e-21
   5.4197802e+00   6.8638796e-21
   5.4322783e+00   6.7008652e-21
   5.4448051e+00   6.5420141e-21
   5.4573609e+00   6.3872121e-21
   5.4699456e+00   6.2363481e-21
   5.4825594e+00   6.0893144e-21
   5.4952022e+00   5.9460066e-21
   5.5078742e+00   5.8063231e-21
   5.5205754e+00   5.6701654e-21
   5.5333058e+00   5.5374381e-21
   5.5460657e+00   5.4080483e-21
   5.5588550e+00   5.2819058e-21
   5.5716737e+00   5.1589234e-21
   5.5845220e+00   5.0390161e-21
   5.5974000e+00   4.9221014e-21
   5.6103076e+00   4.8080994e-21
   5.6232451e+00   4.6969323e-21
   5.6362123e+00   4.5885246e-21
   5.6492094e+00   4.4828032e-21
   5.6622366e+00   4.3796968e-21
   5.6752937e+00   4.2791363e-21
   5.6883810e+00   4.1810546e-21
   5.7014985e+00   4.0853865e-21
   5.7146461e+00   3.9920685e-21
   5.7278242e+00   3.9010392e-21
   5.7410326e+00   3.8122387e-21
   5.7542714e+00   3.7256089e-21
   5.7675408e+00   3.6410935e-21
   5.7808408e+00   3.5586374e-21
   5.7941715e+00   3.4781874e-21
   5.8075329e+00   3.3996918e-21
   5.8209251e+00   3.3231000e-21
   5.8343482e+00   3.2483631e-21
   5.8478023e+00   3.1754337e-21
   5.8612873e+00   3.1042653e-21
   5.8748035e+00   3.0348130e-21
   5.8883508e+00   2.9670331e-21
   5.9019294e+00   2.9008831e-21
   5.9155393e+00   2.8363216e-21
   5.9291806e+00   2.7733083e-21
   5.9428533e+00   2.7118043e-21
   5.9565576e+00   2.6517715e-21
   5.9702935e+00   2.5931728e-21
   5.9840610e+00   2.5359723e-21
   5.9978603e+00   2.4801350e-21
   6.0116914e+00   2.4256268e-21
   6.0255544e+00   2.3724147e-21
   6.0394494e+00   2.3204664e-21
   6.0533764e+00   2.2697504e-21
   6.0673355e+00   2.2202365e-21
   6.0813269e+00   2.1718947e-21
   6.0953505e+00   2.1246963e-21
   6.1094064e+00   2.0786131e-21
   6.1234947e+00   2.0336177e-21
   6.1376155e+00   1.9896836e-21
   6.1517689e+00   1.9467848e-21
   6.1659550e+00   1.9048959e-21
   6.1801737e+00   1.8639926e-21
   6.1944252e+00   1.8240508e-21
   6.2087096e+00   1.7850473e-21
   6.2230269e+00   1.7469594e-21
   6.2373773e+00   1.7097650e-21
   6.2517607e+00   1.6734427e-21
   6.2661773e+00   1.6379714e-21
   6.2806272e+00   1.6033308e-21
   6.2951104e+00   1.5695011e-21
   6.3096269e+00   1.5364630e-21
   6.3241770e+00   1.5041975e-21
   6.3387606e+00   1.4726864e-21
   6.3533778e+00   1.4419117e-21
   6.3680288e+00   1.4118562e-21
   6.3827135e+00   1.3825028e-21
   6.3974321e+00   1.3538350e-21
   6.4121846e+00   1.3258368e-21
   6.4269711e+00   1.2984924e-21
   6.4417918e+00   1.2717866e-21
   6.4566466e+00   1.2457046e-21
   6.4715357e+00   1.2202317e-21
   6.4864591e+00   1.1953540e-21
   6.5014169e+00   1.1710576e-21
   6.5164092e+00   1.1473291e-21
   6.5314361e+00   1.1241555e-21
   6.5464977e+00   1.1015240e-21
   6.5615939e+00   1.0794222e-21
   6.5767250e+00   1.0578380e-21
   6.5918910e+00   1.0367596e-21
   6.6070920e+00   1.0161755e-21
   6.6223280e+00   9.9607459e-22
   6.6375991e+00   9.7644585e-22
   6.6529055e+00   9.5727868e-22
   6.6682471e+00   9.3856270e-22
   6.6836241e+00   9.2028780e-22
   6.6990366e+00   9.0244413e-22
   6.7144846e+00   8.8502209e-22
   6.7299683e+00   8.6801231e-22
   6.7454877e+00   8.5140567e-22
   6.7610428e+00   8.3519326e-22
   6.7766338e+00   8.1936641e-22
   6.7922608e+00   8.0391668e-22
   6.8079238e+00   7.8883581e-22
   6.8236229e+00   7.7411578e-22
   6.8393582e+00   7.5974875e-22
   6.8551299e+00   7.4572709e-22
   6.8709378e+00   7.3204336e-22
   6.8867823e+00   7.1869031e-22
   6.9026632e+00   7.0566086e-22
   6.9185808e+00   6.9294813e-22
   6.9345351e+00   6.8054541e-22
   6.9505262e+00   6.6844613e-22
   6.9665542e+00   6.5664394e-22
   6.9826191e+00   6.4513261e-22
   6.9987211e+00   6.3390608e-22
   7.0148602e+00   6.2295846e-22
   7.0310365e+00   6.1228399e-22
   7.0472502e+00   6.0187707e-22
   7.0635012e+00   5.9173224e-22
   7.0797897e+00   5.8184420e-22
   7.0961157e+00   5.7220777e-22
   7.1124794e+00   5.6281790e-22
   7.1288808e+00   5.5366970e-22
   7.1453201e+00   5.4475838e-22
   7.1617972e+00   5.3607931e-22
   7.1783124e+00   5.2762796e-22
   7.1948656e+00   5.1939994e-22
   7.2114571e+00   5.1139096e-22
   7.2280867e+00   5.0359688e-22
   7.2447548e+00   4.9601366e-22
   7.2614612e+00   4.8863737e-22
   7.2782062e+00   4.8146421e-22
   7.2949898e+00   4.7449048e-22
   7.3118121e+00   4.6771261e-22
   7.3286732e+00   4.6112710e-22
   7.3455732e+00   4.5473061e-22
   7.3625121e+00   4.4851988e-22
   7.3794901e+00   4.4249175e-22
   7.3965073e+00   4.3664319e-22
   7.4135637e+00   4.3097127e-22
   7.4306594e+00   4.2547315e-22
   7.4477946e+00   4.2014610e-22
   7.4649693e+00   4.1498753e-22
   7.4821835e+00   4.0999491e-22
   7.4994375e+00   4.0516585e-22
   7.5167313e+00   4.0049805e-22
   7.5340649e+00   3.9598934e-22
   7.5514385e+00   3.9163762e-22
   7.5688522e+00   3.8744095e-22
   7.5863060e+00   3.8339747e-22
   7.6038001e+00   3.7950545e-22
   7.6213345e+00   3.7576329e-22
   7.6389094e+00   3.7216947e-22
   7.6565248e+00   3.6872265e-22
   7.6741808e+00   3.6542158e-22
   7.6918775e+00   3.6226514e-22
   7.7096150e+00   3.5925237e-22
   7.7273934e+00   3.5638245e-22
   7.7452129e+00   3.5365468e-22
   7.7630734e+00   3.5106854e-22
   7.7809751e+00   3.4862366e-22
   7.7989181e+00   3.4631984e-22
   7.8169025e+00   3.4415706e-22
   7.8349283e+00   3.4213548e-22
   7.8529957e+00   3.4025546e-22
   7.8711048e+00   3.3851756e-22
   7.8892556e+00   3.3692257e-22
   7.9074483e+00   3.3547152e-22
   7.9256829e+00   3.3416566e-22
   7.9439596e+00   3.3300655e-22
   7.9622784e+00   3.3199599e-22
   7.9806395e+00   3.3113612e-22
   7.9990429e+00   3.3042940e-22
   8.0174888e+00   3.2987864e-22
   8.0359772e+00   3.2948704e-22
   8.0545082e+00   3.2925823e-22
   8.0730819e+00   3.2919625e-22
   8.0916985e+00   3.2930569e-22
   8.1103581e+00   3.2959163e-22
   8.1290606e+00   3.3005976e-22
   8.1478063e+00   3.3071643e-22
   8.1665952e+00   3.3156869e-22
   8.1854274e+00   3.3262435e-22
   8.2043031e+00   3.3389213e-22
   8.2232223e+00   3.3538167e-22
   8.2421851e+00   3.3710370e-22
   8.2611916e+00   3.3907014e-22
   8.2802420e+00   3.4129424e-22
   8.2993363e+00   3.4379074e-22
   8.3184746e+00   3.4657607e-22
   8.3376571e+00   3.4966854e-22
   8.3568838e+00   3.5308863e-22
   8.3761548e+00   3.5685925e-22
   8.3954703e+00   3.6100611e-22
   8.4148303e+00   3.6555808e-22
   8.4342350e+00   3.7054774e-22
   8.4536844e+00   3.7601189e-22
   8.4731786e+00   3.8199226e-22
   8.4927179e+00   3.8853632e-22
   8.5123021e+00   3.9569824e-22
   8.5319316e+00   4.0354014e-22
   8.5516063e+00   4.1213350e-22
   8.5713263e+00   4.2156100e-22
   8.5910919e+00   4.3191875e-22
   8.6109030e+00   4.4331907e-22
   8.6307598e+00   4.5589405e-22
   8.6506624e+00   4.6980002e-22
   8.6706109e+00   4.8522315e-22
   8.6906054e+00   5.0238779e-22
   8.7106460e+00   5.2156517e-22
   8.7307328e+00   5.4308750e-22
   8.7508660e+00   5.6736572e-22
   8.7710455e+00   5.9491414e-22
   8.7912716e+00   6.2638521e-22
   8.8115444e+00   6.6261909e-22
   8.8318638e+00   7.0471637e-22
   8.8522302e+00   7.5414743e-22
   8.8726435e+00   8.1292191e-22
   8.8931039e+00   8.8386083e-22
   8.9136114e+00   9.7105204e-22
   8.9341663e+00   1.0806511e-21
   8.9547686e+00   1.2223779e-21
   8.9754183e+00   1.4125318e-21
   8.9961157e+00   1.6806922e-21
   9.0168608e+00   2.0866950e-21
   9.0376538e+00   2.7725870e-21
   9.0584947e+00   4.1775657e-21
   9.0793836e+00   8.6657381e-21
   9.1003208e+00   8.9941246e-20
   9.1213062e+00   7.1493020e-21
   9.1423400e+00   3.7009531e-21
   9.1634223e+00   2.4971379e-21
   9.1845532e+00   1.9001779e-21
   9.2057328e+00   1.5758881e-21
   9.2269613e+00   1.4664484e-21
   9.2482388e+00   1.8836224e-21
   9.2695653e+00   3.9194097e-20
   9.2909410e+00   1.7499281e-21
   9.3123660e+00   1.0445654e-21
   9.3338403e+00   8.1656468e-22
   9.3553642e+00   6.9492206e-22
   9.3769378e+00   6.1395428e-22
   9.3985611e+00   5.5365688e-22
   9.4202342e+00   5.0584175e-22
   9.4419574e+00   4.6643865e-22
   9.4637306e+00   4.3312893e-22
   9.4855540e+00   4.0445636e-22
   9.5074278e+00   3.7943880e-22
   9.5293520e+00   3.5737774e-22
   9.5513267e+00   3.3775604e-22
   9.5733522e+00   3.2017875e-22
   9.5954284e+00   3.0433673e-22
   9.6175555e+00   2.8998318e-22
   9.6397337e+00   2.7691786e-22
   9.6619630e+00   2.6497607e-22
   9.6842435e+00   2.5402073e-22
   9.7065755e+00   2.4393665e-22
   9.7289589e+00   2.3462614e-22
   9.7513940e+00   2.2600571e-22
   9.7738808e+00   2.1800354e-22
   9.7964194e+00   2.1055746e-22
   9.8190100e+00   2.0361330e-22
   9.8416527e+00   1.9712369e-22
   9.8643477e+00   1.9104697e-22
   9.8870949e+00   1.8534634e-22
   9.9098946e+00   1.7998918e-22
   9.9327469e+00   1.7494648e-22
   9.9556519e+00   1.7019230e-22
   9.9786097e+00   1.6570343e-22
   1.0001620e+01   1.6145930e-22
   1.0024684e+01   1.5744266e-22
   1.0047801e+01   1.5363244e-22
   1.0070972e+01   1.5001456e-22
   1.0094195e+01   1.4657612e-22
   1.0117473e+01   1.4330504e-22
   1.0140804e+01   1.4018938e-22
   1.0164188e+01   1.3721832e-22
   1.0187627e+01   1.3438199e-22
   1.0211120e+01   1.3167139e-22
   1.0234667e+01   1.2907876e-22
   1.0258268e+01   1.2659655e-22
   1.0281924e+01   1.2421772e-22
   1.0305634e+01   1.2193579e-22
   1.0329399e+01   1.1974509e-22
   1.0353218e+01   1.1764022e-22
   1.0377093e+01   1.1561604e-22
   1.0401023e+01   1.1366779e-22
   1.0425007e+01   1.1179124e-22
   1.0449048e+01   1.0998242e-22
   1.0473143e+01   1.0823752e-22
   1.0497294e+01   1.0655300e-22
   1.0521501e+01   1.0492562e-22
   1.0545764e+01   1.0335244e-22
   1.0570082e+01   1.0183057e-22
   1.0594457e+01   1.0035732e-22
   1.0618888e+01   9.8930222e-23
   1.0643375e+01   9.7547017e-23
   1.0667919e+01   9.6205505e-23
   1.0692519e+01   9.4903618e-23
   1.0717176e+01   9.3639442e-23
   1.0741890e+01   9.2411230e-23
   1.0766661e+01   9.1217276e-23
   1.0791489e+01   9.0055976e-23
   1.0816374e+01   8.8925832e-23
   1.0841317e+01   8.7825475e-23
   1.0866317e+01   8.6753569e-23
   1.0891375e+01   8.5708854e-23
   1.0916491e+01   8.4690150e-23
   1.0941664e+01   8.3696371e-23
   1.0966896e+01   8.2726462e-23
   1.0992185e+01   8.1779422e-23
   1.1017533e+01   8.0854315e-23
   1.1042940e+01   7.9950272e-23
   1.1068405e+01   7.9066451e-23
   1.1093929e+01   7.8202050e-23
   1.1119512e+01   7.7356322e-23
   1.1145153e+01   7.6528564e-23
   1.1170854e+01   7.5718098e-23
   1.1196614e+01   7.4924279e-23
   1.1222434e+01   7.4146502e-23
   1.1248313e+01   7.3384197e-23
   1.1274251e+01   7.2636814e-23
   1.1300250e+01   7.1903827e-23
   1.1326308e+01   7.1184746e-23
   1.1352427e+01   7.0479102e-23
   1.1378606e+01   6.9786446e-23
   1.1404845e+01   6.9106347e-23
   1.1431144e+01   6.8438405e-23
   1.1457505e+01   6.7782230e-23
   1.1483926e+01   6.7137454e-23
   1.1510408e+01   6.6503721e-23
   1.1536951e+01   6.5880699e-23
   1.1563555e+01   6.5268066e-23
   1.1590221e+01   6.4665514e-23
   1.1616948e+01   6.4072749e-23
   1.1643737e+01   6.3489493e-23
   1.1670587e+01   6.2915478e-23
   1.1697500e+01   6.2350443e-23
   1.1724474e+01   6.1794146e-23
   1.1751511e+01   6.1246350e-23
   1.1778610e+01   6.0706829e-23
   1.1805772e+01   6.0175365e-23
   1.1832996e+01   5.9651752e-23
   1.1860283e+01   5.9135789e-23
   1.1887633e+01   5.8627285e-23
   1.1915046e+01   5.8126054e-23
   1.1942522e+01   5.7631921e-23
   1.1970061e+01   5.7144714e-23
   1.1997664e+01   5.6664268e-23
   1.2025331e+01   5.6190427e-23
   1.2053062e+01   5.5723038e-23
   1.2080856e+01   5.5261953e-23
   1.2108715e+01   5.4807032e-23
   1.2136637e+01   5.4358138e-23
   1.2164625e+01   5.3915138e-23
   1.2192676e+01   5.3477906e-23
   1.2220793e+01   5.3046318e-23
   1.2248974e+01   5.2620256e-23
   1.2277220e+01   5.2199604e-23
   1.2305532e+01   5.1784252e-23
   1.2333908e+01   5.1374091e-23
   1.2362350e+01   5.0969017e-23
   1.2390858e+01   5.0568928e-23
   1.2419431e+01   5.0173728e-23
   1.2448071e+01   4.9783321e-23
   1.2476776e+01   4.9397614e-23
   1.2505548e+01   4.9016519e-23
   1.2534386e+01   4.8639948e-23
   1.2563290e+01   4.8267817e-23
   1.2592261e+01   4.7900044e-23
   1.2621299e+01   4.7536550e-23
   1.2650404e+01   4.7177256e-23
   1.2679576e+01   4.6822088e-23
   1.2708815e+01   4.6470971e-23
   1.2738121e+01   4.6123836e-23
   1.2767496e+01   4.5780611e-23
   1.2796938e+01   4.5441230e-23
   1.2826447e+01   4.5105626e-23
   1.2856025e+01   4.4773735e-23
   1.2885671e+01   4.4445495e-23
   1.2915386e+01   4.4120843e-23
   1.2945169e+01   4.3799721e-23
   1.2975020e+01   4.3482070e-23
   1.3004941e+01   4.3167833e-23
   1.3034930e+01   4.2856955e-23
   1.3064989e+01   4.2549382e-23
   1.3095117e+01   4.2245060e-23
   1.3125314e+01   4.1943937e-23
   1.3155582e+01   4.1645964e-23
   1.3185918e+01   4.1351091e-23
   1.3216325e+01   4.1059269e-23
   1.3246802e+01   4.0770452e-23
   1.3277349e+01   4.0484592e-23
   1.3307967e+01   4.0201646e-23
   1.3338655e+01   3.9921567e-23
   1.3369414e+01   3.9644314e-23
   1.3400244e+01   3.9369843e-23
   1.3431145e+01   3.9098114e-23
   1.3462118e+01   3.8829085e-23
   1.3493162e+01   3.8562717e-23
   1.3524277e+01   3.8298971e-23
   1.3555464e+01   3.8037808e-23
   1.3586723e+01   3.7779192e-23
   1.3618054e+01   3.7523085e-23
   1.3649457e+01   3.7269451e-23
   1.3680933e+01   3.7018257e-23
   1.3712481e+01   3.6769466e-23
   1.3744103e+01   3.6523045e-23
   1.3775797e+01   3.6278961e-23
   1.3807564e+01   3.6037182e-23
   1.3839404e+01   3.5797675e-23
   1.3871318e+01   3.5560409e-23
   1.3903305e+01   3.5325354e-23
   1.3935366e+01   3.5092480e-23
   1.3967501e+01   3.4861757e-23
   1.3999710e+01   3.4633156e-23
   1.4031994e+01   3.4406648e-23
   1.4064352e+01   3.4182207e-23
   1.4096784e+01   3.3959803e-23
   1.4129292e+01   3.3739412e-23
   1.4161874e+01   3.3521006e-23
   1.4194531e+01   3.3304559e-23
   1.4227264e+01   3.3090047e-23
   1.4260072e+01   3.2877443e-23
   1.4292956e+01   3.2666725e-23
   1.4325916e+01   3.2457867e-23
   1.4358951e+01   3.2250847e-23
   1.4392063e+01   3.2045641e-23
   1.4425251e+01   3.1842226e-23
   1.4458516e+01   3.1640580e-23
   1.4491858e+01   3.1440681e-23
   1.4525276e+01   3.1242508e-23
   1.4558771e+01   3.1046040e-23
   1.4592344e+01   3.0851255e-23
   1.4625994e+01   3.0658134e-23
   1.4659722e+01   3.0466656e-23
   1.4693527e+01   3.0276802e-23
   1.4727410e+01   3.0088553e-23
   1.4761372e+01   2.9901888e-23
   1.4795412e+01   2.9716791e-23
   1.4829530e+01   2.9533242e-23
   1.4863727e+01   2.9351223e-23
   1.4898003e+01   2.9170717e-23
   1.4932358e+01   2.8991707e-23
   1.4966792e+01   2.8814175e-23
   1.5001306e+01   2.8638104e-23
   1.5035899e+01   2.8463478e-23
   1.5070572e+01   2.8290281e-23
   1.5105324e+01   2.8118496e-23
   1.5140157e+01   2.7948109e-23
   1.5175071e+01   2.7779104e-23
   1.5210065e+01   2.7611465e-23
   1.5245139e+01   2.7445177e-23
   1.5280295e+01   2.7280227e-23
   1.5315531e+01   2.7116599e-23
   1.5350849e+01   2.6954279e-23
   1.5386248e+01   2.6793254e-23
   1.5421729e+01   2.6633510e-23
   1.5457291e+01   2.6475033e-23
   1.5492936e+01   2.6317810e-23
   1.5528663e+01   2.6161828e-23
   1.5564472e+01   2.6007075e-23
   1.5600364e+01   2.5853537e-23
   1.5636338e+01   2.5701202e-23
   1.5672396e+01   2.5550058e-23
   1.5708537e+01   2.5400093e-23
   1.5744761e+01   2.5251295e-23
   1.5781068e+01   2.5103653e-23
   1.5817459e+01   2.4957154e-23
   1.5853935e+01   2.4811789e-23
   1.5890494e+01   2.4667545e-23
   1.5927137e+01   2.4524412e-23
   1.5963866e+01   2.4382379e-23
   1.6000678e+01   2.4241436e-23
   1.6037576e+01   2.4101572e-23
   1.6074559e+01   2.3962777e-23
   1.6111627e+01   2.3825040e-23
   1.6148780e+01   2.3688352e-23
   1.6186020e+01   2.3552704e-23
   1.6223345e+01   2.3418085e-23
   1.6260756e+01   2.3284486e-23
   1.6298253e+01   2.3151897e-23
   1.6335837e+01   2.3020310e-23
   1.6373508e+01   2.2889716e-23
   1.6411265e+01   2.2760105e-23
   1.6449110e+01   2.2631469e-23
   1.6487041e+01   2.2503798e-23
   1.6525061e+01   2.2377086e-23
   1.6563168e+01   2.2251322e-23
   1.6601362e+01   2.2126500e-23
   1.6639645e+01   2.2002610e-23
   1.6678016e+01   2.1879644e-23
   1.6716476e+01   2.1757596e-23
   1.6755024e+01   2.1636457e-23
   1.6793662e+01   2.1516218e-23
   1.6832388e+01   2.1396874e-23
   1.6871203e+01   2.1278416e-23
   1.6910109e+01   2.1160836e-23
   1.6949103e+01   2.1044129e-23
   1.6988188e+01   2.0928285e-23
   1.7027363e+01   2.0813299e-23
   1.7066628e+01   2.0699164e-23
   1.7105984e+01   2.0585872e-23
   1.7145431e+01   2.0473417e-23
   1.7184968e+01   2.0361792e-23
   1.7224597e+01   2.0250991e-23
   1.7264317e+01   2.0141006e-23
   1.7304128e+01   2.0031833e-23
   1.7344032e+01   1.9923464e-23
   1.7384027e+01   1.9815892e-23
   1.7424115e+01   1.9709113e-23
   1.7464295e+01   1.9603120e-23
   1.7504568e+01   1.9497906e-23
   1.7544934e+01   1.9393467e-23
   1.7585392e+01   1.9289796e-23
   1.7625945e+01   1.9186887e-23
   1.7666590e+01   1.9084735e-23
   1.7707329e+01   1.8983334e-23
   1.7748163e+01   1.8882678e-23
   1.7789090e+01   1.8782763e-23
   1.7830112e+01   1.8683583e-23
   1.7871228e+01   1.8585131e-23
   1.7912439e+01   1.8487404e-23
   1.7953746e+01   1.8390397e-23
   1.7995147e+01   1.8294102e-23
   1.8036644e+01   1.8198517e-23
   1.8078237e+01   1.8103636e-23
   1.8119925e+01   1.8009453e-23
   1.8161710e+01   1.7915964e-23
   1.8203591e+01   1.7823164e-23
   1.8245569e+01   1.7731049e-23
   1.8287643e+01   1.7639614e-23
   1.8329814e+01   1.7548853e-23
   1.8372083e+01   1.7458763e-23
   1.8414449e+01   1.7369339e-23
   1.8456913e+01   1.7280576e-23
   1.8499475e+01   1.7192470e-23
   1.8542135e+01   1.7105017e-23
   1.8584893e+01   1.7018212e-23
   1.8627750e+01   1.6932051e-23
   1.8670706e+01   1.6846529e-23
   1.8713761e+01   1.6761643e-23
   1.8756915e+01   1.6677389e-23
   1.8800168e+01   1.6593762e-23
   1.8843522e+01   1.6510758e-23
   1.8886975e+01   1.6428374e-23
   1.8930528e+01   1.6346605e-23
   1.8974182e+01   1.6265447e-23
   1.9017937e+01   1.6184896e-23
   1.9061792e+01   1.6104950e-23
   1.9105749e+01   1.6025603e-23
   1.9149807e+01   1.5946852e-23
   1.9193967e+01   1.5868694e-23
   1.9238228e+01   1.5791125e-23
   1.9282592e+01   1.5714140e-23
   1.9327057e+01   1.5637738e-23
   1.9371626e+01   1.5561913e-23
   1.9416297e+01   1.5486662e-23
   1.9461071e+01   1.5411983e-23
   1.9505948e+01   1.5337871e-23
   1.9550929e+01   1.5264323e-23
   1.9596014e+01   1.5191335e-23
   1.9641202e+01   1.5118905e-23
   1.9686495e+01   1.5047029e-23
   1.9731892e+01   1.4975704e-23
   1.9777394e+01   1.4904926e-23
   1.9823001e+01   1.4834692e-23
   1.9868713e+01   1.4765000e-23
   1.9914530e+01   1.4695845e-23
   1.9960454e+01   1.4627224e-23
   2.0006482e+01   1.4559136e-23
   2.0052618e+01   1.4491576e-23
   2.0098859e+01   1.4424541e-23
   2.0145207e+01   1.4358028e-23
   2.0191662e+01   1.4292035e-23
   2.0238224e+01   1.4226559e-23
   2.0284894e+01   1.4161596e-23
   2.0331671e+01   1.4097143e-23
   2.0378556e+01   1.4033198e-23
   2.0425549e+01   1.3969758e-23
   2.0472650e+01   1.3906819e-23
   2.0519861e+01   1.3844380e-23
   2.0567180e+01   1.3782437e-23
   2.0614608e+01   1.3720987e-23
   2.0662145e+01   1.3660028e-23
   2.0709792e+01   1.3599557e-23
   2.0757549e+01   1.3539571e-23
   2.0805416e+01   1.3480068e-23
   2.0853394e+01   1.3421045e-23
   2.0901482e+01   1.3362498e-23
   2.0949681e+01   1.3304426e-23
   2.0997991e+01   1.3246826e-23
   2.1046412e+01   1.3189695e-23
   2.1094945e+01   1.3133031e-23
   2.1143591e+01   1.3076831e-23
   2.1192348e+01   1.3021093e-23
   2.1241218e+01   1.2965814e-23
   2.1290200e+01   1.2910991e-23
   2.1339295e+01   1.2856622e-23
   2.1388504e+01   1.2802704e-23
   2.1437826e+01   1.2749236e-23
   2.1487262e+01   1.2696214e-23
   2.1536812e+01   1.2643636e-23
   2.1586476e+01   1.2591500e-23
   2.1636254e+01   1.2539803e-23
   2.1686148e+01   1.2488543e-23
   2.1736156e+01   1.2437718e-23
   2.1786280e+01   1.2387325e-23
   2.1836519e+01   1.2337361e-23
   2.1886874e+01   1.2287825e-23
   2.1937346e+01   1.2238714e-23
   2.1987933e+01   1.2190026e-23
   2.2038638e+01   1.2141758e-23
   2.2089459e+01   1.2093909e-23
   2.2140397e+01   1.2046475e-23
   2.2191453e+01   1.1999455e-23
   2.2242627e+01   1.1952846e-23
   2.2293919e+01   1.1906646e-23
   2.2345328e+01   1.1860853e-23
   2.2396857e+01   1.1815465e-23
   2.2448504e+01   1.1770479e-23
   2.2500271e+01   1.1725893e-23
   2.2552157e+01   1.1681705e-23
   2.2604162e+01   1.1637913e-23
   2.2656287e+01   1.1594515e-23
   2.2708533e+01   1.1551508e-23
   2.2760899e+01   1.1508890e-23
   2.2813386e+01   1.1466659e-23
   2.2865994e+01   1.1424813e-23
   2.2918723e+01   1.1383350e-23
   2.2971574e+01   1.1342268e-23
   2.3024546e+01   1.1301564e-23
   2.3077641e+01   1.1261237e-23
   2.3130858e+01   1.1221283e-23
   2.3184198e+01   1.1181702e-23
   2.3237661e+01   1.1142492e-23
   2.3291247e+01   1.1103649e-23
   2.3344957e+01   1.1065172e-23
   2.3398791e+01   1.1027058e-23
   2.3452748e+01   1.0989307e-23
   2.3506831e+01   1.0951915e-23
   2.3561038e+01   1.0914881e-23
   2.3615370e+01   1.0878203e-23
   2.3669827e+01   1.0841878e-23
   2.3724410e+01   1.0805904e-23
   2.3779118e+01   1.0770280e-23
   2.3833953e+01   1.0735003e-23
   2.3888914e+01   1.0700072e-23
   2.3944002e+01   1.0665484e-23
   2.3999217e+01   1.0631237e-23
   2.4054560e+01   1.0597330e-23
   2.4110030e+01   1.0563760e-23
   2.4165628e+01   1.0530525e-23
   2.4221354e+01   1.0497623e-23
   2.4277208e+01   1.0465053e-23
   2.4333192e+01   1.0432812e-23
   2.4389304e+01   1.0400899e-23
   2.4445546e+01   1.0369310e-23
   2.4501918e+01   1.0338046e-23
   2.4558420e+01   1.0307102e-23
   2.4615051e+01   1.0276478e-23
   2.4671814e+01   1.0246171e-23
   2.4728707e+01   1.0216180e-23
   2.4785732e+01   1.0186502e-23
   2.4842888e+01   1.0157136e-23
   2.4900176e+01   1.0128080e-23
   2.4957596e+01   1.0099331e-23
   2.5015148e+01   1.0070888e-23
   2.5072833e+01   1.0042748e-23
   2.5130652e+01   1.0014910e-23
   2.5188603e+01   9.9873727e-24
   2.5246688e+01   9.9601329e-24
   2.5304907e+01   9.9331892e-24
   2.5363261e+01   9.9065395e-24
   2.5421748e+01   9.8801820e-24
   2.5480371e+01   9.8541147e-24
   2.5539129e+01   9.8283358e-24
   2.5598023e+01   9.8028433e-24
   2.5657052e+01   9.7776354e-24
   2.5716217e+01   9.7527100e-24
   2.5775519e+01   9.7280653e-24
   2.5834957e+01   9.7036994e-24
   2.5894533e+01   9.6796105e-24
   2.5954246e+01   9.6557965e-24
   2.6014097e+01   9.6322557e-24
   2.6074085e+01   9.6089861e-24
   2.6134212e+01   9.5859858e-24
   2.6194478e+01   9.5632531e-24
   2.6254883e+01   9.5407859e-24
   2.6315427e+01   9.5185825e-24
   2.6376110e+01   9.4966409e-24
   2.6436934e+01   9.4749593e-24
   2.6497898e+01   9.4535358e-24
   2.6559002e+01   9.4323686e-24
   2.6620247e+01   9.4114558e-24
   2.6681634e+01   9.3907956e-24
   2.6743162e+01   9.3703860e-24
   2.6804832e+01   9.3502254e-24
   2.6866644e+01   9.3303118e-24
   2.6928599e+01   9.3106434e-24
   2.6990696e+01   9.2912183e-24
   2.7052937e+01   9.2720348e-24
   2.7115321e+01   9.2530910e-24
   2.7177849e+01   9.2343850e-24
   2.7240522e+01   9.2159152e-24
   2.7303338e+01   9.1976796e-24
   2.7366300e+01   9.1796765e-24
   2.7429407e+01   9.1619040e-24
   2.7492659e+01   9.1443604e-24
   2.7556058e+01   9.1270439e-24
   2.7619602e+01   9.1099526e-24
   2.7683293e+01   9.0930848e-24
   2.7747131e+01   9.0764388e-24
   2.7811116e+01   9.0600126e-24
   2.7875249e+01   9.0438047e-24
   2.7939529e+01   9.0278131e-24
   2.8003958e+01   9.0120362e-24
   2.8068536e+01   8.9964721e-24
   2.8133262e+01   8.9811192e-24
   2.8198137e+01   8.9659757e-24
   2.8263162e+01   8.9510398e-24
   2.8328338e+01   8.9363099e-24
   2.8393663e+01   8.9217841e-24
   2.8459139e+01   8.9074608e-24
   2.8524766e+01   8.8933383e-24
   2.8590544e+01   8.8794148e-24
   2.8656474e+01   8.8656887e-24
   2.8722556e+01   8.8521581e-24
   2.8788791e+01   8.8388215e-24
   2.8855178e+01   8.8256772e-24
   2.8921718e+01   8.8127235e-24
   2.8988412e+01   8.7999586e-24
   2.9055259e+01   8.7873810e-24
   2.9122261e+01   8.7749889e-24
   2.9189417e+01   8.7627808e-24
   2.9256728e+01   8.7507549e-24
   2.9324194e+01   8.7389096e-24
   2.9391816e+01   8.7272433e-24
   2.9459594e+01   8.7157544e-24
   2.9527528e+01   8.7044411e-24
   2.9595619e+01   8.6933020e-24
   2.9663866e+01   8.6823354e-24
   2.9732272e+01   8.6715398e-24
   2.9800834e+01   8.6609134e-24
   2.9869555e+01   8.6504547e-24
   2.9938435e+01   8.6401622e-24
   3.0007473e+01   8.6300342e-24
   3.0076670e+01   8.6200693e-24
   3.0146028e+01   8.6102658e-24
   3.0215544e+01   8.6006221e-24
   3.0285222e+01   8.5911369e-24
   3.0355060e+01   8.5818084e-24
   3.0425059e+01   8.5726352e-24
   3.0495219e+01   8.5636158e-24
   3.0565541e+01   8.5547486e-24
   3.0636026e+01   8.5460322e-24
   3.0706673e+01   8.5374651e-24
   3.0777482e+01   8.5290457e-24
   3.0848456e+01   8.5207726e-24
   3.0919592e+01   8.5126443e-24
   3.0990893e+01   8.5046593e-24
   3.1062358e+01   8.4968162e-24
   3.1133988e+01   8.4891136e-24
   3.1205784e+01   8.4815500e-24
   3.1277744e+01   8.4741239e-24
   3.1349871e+01   8.4668340e-24
   3.1422164e+01   8.4596788e-24
   3.1494624e+01   8.4526570e-24
   3.1567251e+01   8.4457671e-24
   3.1640045e+01   8.4390077e-24
   3.1713007e+01   8.4323775e-24
   3.1786138e+01   8.4258750e-24
   3.1859437e+01   8.4194990e-24
   3.1932905e+01   8.4132481e-24
   3.2006542e+01   8.4071209e-24
   3.2080350e+01   8.4011160e-24
   3.2154327e+01   8.3952322e-24
   3.2228475e+01   8.3894682e-24
   3.2302794e+01   8.3838226e-24
   3.2377285e+01   8.3782941e-24
   3.2451947e+01   8.3728814e-24
   3.2526782e+01   8.3675833e-24
   3.2601789e+01   8.3623985e-24
   3.2676969e+01   8.3573257e-24
   3.2752322e+01   8.3523636e-24
   3.2827849e+01   8.3475110e-24
   3.2903550e+01   8.3427666e-24
   3.2979426e+01   8.3381293e-24
   3.3055477e+01   8.3335978e-24
   3.3131703e+01   8.3291709e-24
   3.3208105e+01   8.3248473e-24
   3.3284683e+01   8.3206260e-24
   3.3361438e+01   8.3165056e-24
   3.3438370e+01   8.3124851e-24
   3.3515479e+01   8.3085632e-24
   3.3592766e+01   8.3047389e-24
   3.3670231e+01   8.3010109e-24
   3.3747875e+01   8.2973780e-24
   3.3825698e+01   8.2938393e-24
   3.3903700e+01   8.2903935e-24
   3.3981882e+01   8.2870395e-24
   3.4060245e+01   8.2837763e-24
   3.4138788e+01   8.2806027e-24
   3.4217512e+01   8.2775176e-24
   3.4296418e+01   8.2745200e-24
   3.4375506e+01   8.2716088e-24
   3.4454776e+01   8.2687829e-24
   3.4534229e+01   8.2660413e-24
   3.4613865e+01   8.2633830e-24
   3.4693685e+01   8.2608068e-24
   3.4773689e+01   8.2583118e-24
   3.4853877e+01   8.2558970e-24
   3.4934251e+01   8.2535613e-24
   3.5014809e+01   8.2513037e-24
   3.5095554e+01   8.2491233e-24
   3.5176484e+01   8.2470191e-24
   3.5257602e+01   8.2449901e-24
   3.5338906e+01   8.2430353e-24
   3.5420398e+01   8.2411537e-24
   3.5502077e+01   8.2393445e-24
   3.5583945e+01   8.2376067e-24
   3.5666002e+01   8.2359393e-24
   3.5748248e+01   8.2343415e-24
   3.5830684e+01   8.2328123e-24
   3.5913310e+01   8.2313508e-24
   3.5996126e+01   8.2299561e-24
   3.6079134e+01   8.2286273e-24
   3.6162332e+01   8.2273636e-24
   3.6245723e+01   8.2261640e-24
   3.6329306e+01   8.2250278e-24
   3.6413082e+01   8.2239539e-24
   3.6497050e+01   8.2229417e-24
   3.6581213e+01   8.2219903e-24
   3.6665569e+01   8.2210987e-24
   3.6750120e+01   8.2202663e-24
   3.6834867e+01   8.2194921e-24
   3.6919808e+01   8.2187755e-24
   3.7004945e+01   8.2181155e-24
   3.7090279e+01   8.2175113e-24
   3.7175810e+01   8.2169623e-24
   3.7261537e+01   8.2164676e-24
   3.7347463e+01   8.2160265e-24
   3.7433586e+01   8.2156381e-24
   3.7519908e+01   8.2153018e-24
   3.7606429e+01   8.2150168e-24
   3.7693150e+01   8.2147823e-24
   3.7780071e+01   8.2145976e-24
   3.7867192e+01   8.2144621e-24
   3.7954514e+01   8.2143749e-24
   3.8042037e+01   8.2143354e-24
   3.8129763e+01   8.2143428e-24
   3.8217690e+01   8.2143965e-24
   3.8305821e+01   8.2144958e-24
   3.8394154e+01   8.2146400e-24
   3.8482691e+01   8.2148285e-24
   3.8571433e+01   8.2150605e-24
   3.8660379e+01   8.2153354e-24
   3.8749530e+01   8.2156526e-24
   3.8838886e+01   8.2160114e-24
   3.8928449e+01   8.2164111e-24
   3.9018219e+01   8.2168512e-24
   3.9108195e+01   8.2173310e-24
   3.9198379e+01   8.2178499e-24
   3.9288770e+01   8.2184073e-24
   3.9379371e+01   8.2190026e-24
   3.9470180e+01   8.2196352e-24
   3.9561198e+01   8.2203044e-24
   3.9652427e+01   8.2210098e-24
   3.9743865e+01   8.2217507e-24
   3.9835515e+01   8.2225265e-24
   3.9927376e+01   8.2233368e-24
   4.0019449e+01   8.2241809e-24
   4.0111734e+01   8.2250582e-24
   4.0204232e+01   8.2259683e-24
   4.0296943e+01   8.2269106e-24
   4.0389868e+01   8.2278845e-24
   4.0483008e+01   8.2288896e-24
   4.0576362e+01   8.2299253e-24
   4.0669931e+01   8.2309910e-24
   4.0763716e+01   8.2320864e-24
   4.0857718e+01   8.2332108e-24
   4.0951936e+01   8.2343638e-24
   4.1046372e+01   8.2355448e-24
   4.1141025e+01   8.2367535e-24
   4.1235896e+01   8.2379892e-24
   4.1330987e+01   8.2392516e-24
   4.1426296e+01   8.2405402e-24
   4.1521826e+01   8.2418545e-24
   4.1617575e+01   8.2431940e-24
   4.1713546e+01   8.2445582e-24
   4.1809737e+01   8.2459468e-24
   4.1906151e+01   8.2473593e-24
   4.2002787e+01   8.2487953e-24
   4.2099646e+01   8.2502543e-24
   4.2196728e+01   8.2517358e-24
   4.2294034e+01   8.2532395e-24
   4.2391564e+01   8.2547650e-24
   4.2489319e+01   8.2563118e-24
   4.2587300e+01   8.2578795e-24
   4.2685507e+01   8.2594678e-24
   4.2783940e+01   8.2610762e-24
   4.2882600e+01   8.2627043e-24
   4.2981488e+01   8.2643517e-24
   4.3080603e+01   8.2660181e-24
   4.3179947e+01   8.2677031e-24
   4.3279521e+01   8.2694063e-24
   4.3379324e+01   8.2711273e-24
   4.3479357e+01   8.2728658e-24
   4.3579620e+01   8.2746214e-24
   4.3680115e+01   8.2763938e-24
   4.3780842e+01   8.2781826e-24
   4.3881801e+01   8.2799874e-24
   4.3982993e+01   8.2818079e-24
   4.4084418e+01   8.2836438e-24
   4.4186077e+01   8.2854948e-24
   4.4287970e+01   8.2873604e-24
   4.4390099e+01   8.2892404e-24
   4.4492463e+01   8.2911345e-24
   4.4595062e+01   8.2930423e-24
   4.4697899e+01   8.2949636e-24
   4.4800973e+01   8.2968980e-24
   4.4904284e+01   8.2988452e-24
   4.5007834e+01   8.3008048e-24
   4.5111622e+01   8.3027768e-24
   4.5215650e+01   8.3047606e-24
   4.5319918e+01   8.3067560e-24
   4.5424426e+01   8.3087628e-24
   4.5529175e+01   8.3107807e-24
   4.5634165e+01   8.3128093e-24
   4.5739398e+01   8.3148485e-24
   4.5844873e+01   8.3168978e-24
   4.5950592e+01   8.3189572e-24
   4.6056554e+01   8.3210262e-24
   4.6162761e+01   8.3231047e-24
   4.6269213e+01   8.3251924e-24
   4.6375910e+01   8.3272890e-24
   4.6482853e+01   8.3293942e-24
   4.6590043e+01   8.3315079e-24
   4.6697480e+01   8.3336298e-24
   4.6805165e+01   8.3357597e-24
   4.6913098e+01   8.3378972e-24
   4.7021280e+01   8.3400422e-24
   4.7129711e+01   8.3421945e-24
   4.7238393e+01   8.3443538e-24
   4.7347325e+01   8.3465198e-24
   4.7456508e+01   8.3486925e-24
   4.7565943e+01   8.3508714e-24
   4.7675631e+01   8.3530566e-24
   4.7785571e+01   8.3552476e-24
   4.7895765e+01   8.3574444e-24
   4.8006213e+01   8.3596466e-24
   4.8116916e+01   8.3618542e-24
   4.8227874e+01   8.3640668e-24
   4.8339087e+01   8.3662844e-24
   4.8450558e+01   8.3685067e-24
   4.8562285e+01   8.3707335e-24
   4.8674270e+01   8.3729646e-24
   4.8786513e+01   8.3751999e-24
   4.8899015e+01   8.3774391e-24
   4.9011777e+01   8.3796821e-24
   4.9124798e+01   8.3819287e-24
   4.9238081e+01   8.3841787e-24
   4.9351624e+01   8.3864319e-24
   4.9465429e+01   8.3886882e-24
   4.9579497e+01   8.3909474e-24
   4.9693828e+01   8.3932094e-24
   4.9808422e+01   8.3954739e-24
   4.9923280e+01   8.3977409e-24
   5.0038404e+01   8.4000101e-24
   5.0153793e+01   8.4022814e-24
   5.0269448e+01   8.4045546e-24
   5.0385370e+01   8.4068296e-24
   5.0501559e+01   8.4091063e-24
   5.0618016e+01   8.4113844e-24
   5.0734741e+01   8.4136639e-24
   5.0851736e+01   8.4159447e-24
   5.0969000e+01   8.4182264e-24
   5.1086535e+01   8.4205091e-24
   5.1204341e+01   8.4227926e-24
   5.1322419e+01   8.4250767e-24
   5.1440769e+01   8.4273614e-24
   5.1559392e+01   8.4296464e-24
   5.1678288e+01   8.4319317e-24
   5.1797458e+01   8.4342172e-24
   5.1916904e+01   8.4365026e-24
   5.2036625e+01   8.4387880e-24
   5.2156621e+01   8.4410731e-24
   5.2276895e+01   8.4433578e-24
   5.2397446e+01   8.4456421e-24
   5.2518275e+01   8.4479258e-24
   5.2639382e+01   8.4502088e-24
   5.2760769e+01   8.4524910e-24
   5.2882436e+01   8.4547723e-24
   5.3004383e+01   8.4570526e-24
   5.3126612e+01   8.4593317e-24
   5.3249122e+01   8.4616096e-24
   5.3371915e+01   8.4638862e-24
   5.3494991e+01   8.4661614e-24
   5.3618351e+01   8.4684350e-24
   5.3741995e+01   8.4707069e-24
   5.3865925e+01   8.4729772e-24
   5.3990140e+01   8.4752456e-24
   5.4114642e+01   8.4775121e-24
   5.4239430e+01   8.4797766e-24
   5.4364507e+01   8.4820391e-24
   5.4489872e+01   8.4842993e-24
   5.4615526e+01   8.4865573e-24
   5.4741470e+01   8.4888129e-24
   5.4867704e+01   8.4910661e-24
   5.4994229e+01   8.4933167e-24
   5.5121046e+01   8.4955648e-24
   5.5248156e+01   8.4978102e-24
   5.5375559e+01   8.5000529e-24
   5.5503255e+01   8.5022927e-24
   5.5631246e+01   8.5045296e-24
   5.5759532e+01   8.5067636e-24
   5.5888114e+01   8.5089945e-24
   5.6016992e+01   8.5112222e-24
   5.6146168e+01   8.5134468e-24
   5.6275642e+01   8.5156682e-24
   5.6405414e+01   8.5178862e-24
   5.6535485e+01   8.5201008e-24
   5.6665856e+01   8.5223120e-24
   5.6796528e+01   8.5245197e-24
   5.6927501e+01   8.5267238e-24
   5.7058777e+01   8.5289242e-24
   5.7190355e+01   8.5311210e-24
   5.7322236e+01   8.5333140e-24
   5.7454421e+01   8.5355032e-24
   5.7586912e+01   8.5376886e-24
   5.7719708e+01   8.5398700e-24
   5.7852810e+01   8.5420474e-24
   5.7986219e+01   8.5442209e-24
   5.8119935e+01   8.5463902e-24
   5.8253960e+01   8.5485555e-24
   5.8388294e+01   8.5507165e-24
   5.8522938e+01   8.5528733e-24
   5.8657893e+01   8.5550259e-24
   5.8793158e+01   8.5571742e-24
   5.8928736e+01   8.5593180e-24
   5.9064626e+01   8.5614575e-24
   5.9200829e+01   8.5635926e-24
   5.9337347e+01   8.5657231e-24
   5.9474179e+01   8.5678491e-24
   5.9611327e+01   8.5699706e-24
   5.9748791e+01   8.5720874e-24
   5.9886572e+01   8.5741996e-24
   6.0024671e+01   8.5763071e-24
   6.0163089e+01   8.5784099e-24
   6.0301825e+01   8.5805080e-24
   6.0440882e+01   8.5826012e-24
   6.0580259e+01   8.5846896e-24
   6.0719957e+01   8.5867732e-24
   6.0859978e+01   8.5888519e-24
   6.1000322e+01   8.5909256e-24
   6.1140989e+01   8.5929944e-24
   6.1281980e+01   8.5950583e-24
   6.1423297e+01   8.5971171e-24
   6.1564940e+01   8.5991709e-24
   6.1706909e+01   8.6012196e-24
   6.1849206e+01   8.6032632e-24
   6.1991830e+01   8.6053018e-24
   6.2134784e+01   8.6073352e-24
   6.2278067e+01   8.6093634e-24
   6.2421681e+01   8.6113864e-24
   6.2565626e+01   8.6134042e-24
   6.2709903e+01   8.6154168e-24
   6.2854512e+01   8.6174242e-24
   6.2999455e+01   8.6194262e-24
   6.3144732e+01   8.6214230e-24
   6.3290345e+01   8.6234145e-24
   6.3436293e+01   8.6254006e-24
   6.3582577e+01   8.6273814e-24
   6.3729199e+01   8.6293568e-24
   6.3876159e+01   8.6313269e-24
   6.4023458e+01   8.6332915e-24
   6.4171097e+01   8.6352507e-24
   6.4319076e+01   8.6372045e-24
   6.4467396e+01   8.6391529e-24
   6.4616058e+01   8.6410958e-24
   6.4765063e+01   8.6430333e-24
   6.4914412e+01   8.6449652e-24
   6.5064105e+01   8.6468917e-24
   6.5214144e+01   8.6488127e-24
   6.5364528e+01   8.6507281e-24
   6.5515259e+01   8.6526381e-24
   6.5666338e+01   8.6545425e-24
   6.5817765e+01   8.6564414e-24
   6.5969541e+01   8.6583347e-24
   6.6121667e+01   8.6602224e-24
   6.6274144e+01   8.6621046e-24
   6.6426973e+01   8.6639813e-24
   6.6580154e+01   8.6658523e-24
   6.6733688e+01   8.6677178e-24
   6.6887577e+01   8.6695777e-24
   6.7041820e+01   8.6714320e-24
   6.7196419e+01   8.6732807e-24
   6.7351374e+01   8.6751238e-24
   6.7506687e+01   8.6769613e-24
   6.7662358e+01   8.6787931e-24
   6.7818388e+01   8.6806194e-24
   6.7974778e+01   8.6824401e-24
   6.8131528e+01   8.6842551e-24
   6.8288640e+01   8.6860646e-24
   6.8446114e+01   8.6878684e-24
   6.8603951e+01   8.6896666e-24
   6.8762153e+01   8.6914592e-24
   6.8920719e+01   8.6932462e-24
   6.9079650e+01   8.6950275e-24
   6.9238949e+01   8.6968033e-24
   6.9398614e+01   8.6985734e-24
   6.9558648e+01   8.7003380e-24
   6.9719051e+01   8.7020969e-24
   6.9879823e+01   8.7038502e-24
   7.0040967e+01   8.7055979e-24
   7.0202482e+01   8.7073401e-24
   7.0364369e+01   8.7090766e-24
   7.0526630e+01   8.7108076e-24
   7.0689265e+01   8.7125329e-24
   7.0852275e+01   8.7142527e-24
   7.1015661e+01   8.7159669e-24
   7.1179423e+01   8.7176756e-24
   7.1343564e+01   8.7193787e-24
   7.1508083e+01   8.7210762e-24
   7.1672981e+01   8.7227682e-24
   7.1838259e+01   8.7244547e-24
   7.2003919e+01   8.7261356e-24
   7.2169960e+01   8.7278110e-24
   7.2336385e+01   8.7294808e-24
   7.2503193e+01   8.7311452e-24
   7.2670386e+01   8.7328040e-24
   7.2837964e+01   8.7344574e-24
   7.3005929e+01   8.7361053e-24
   7.3174282e+01   8.7377477e-24
   7.3343022e+01   8.7393846e-24
   7.3512152e+01   8.7410161e-24
   7.3681671e+01   8.7426422e-24
   7.3851582e+01   8.7442628e-24
   7.4021884e+01   8.7458780e-24
   7.4192579e+01   8.7474877e-24
   7.4363668e+01   8.7490921e-24
   7.4535151e+01   8.7506911e-24
   7.4707029e+01   8.7522847e-24
   7.4879304e+01   8.7538729e-24
   7.5051977e+01   8.7554558e-24
   7.5225047e+01   8.7570333e-24
   7.5398517e+01   8.7586056e-24
   7.5572386e+01   8.7601725e-24
   7.5746657e+01   8.7617340e-24
   7.5921329e+01   8.7632903e-24
   7.6096404e+01   8.7648414e-24
   7.6271883e+01   8.7663871e-24
   7.6447767e+01   8.7679276e-24
   7.6624056e+01   8.7694629e-24
   7.6800751e+01   8.7709930e-24
   7.6977855e+01   8.7725178e-24
   7.7155366e+01   8.7740375e-24
   7.7333287e+01   8.7755520e-24
   7.7511618e+01   8.7770613e-24
   7.7690361e+01   8.7785655e-24
   7.7869515e+01   8.7800645e-24
   7.8049083e+01   8.7815584e-24
   7.8229065e+01   8.7830473e-24
   7.8409461e+01   8.7845310e-24
   7.8590274e+01   8.7860097e-24
   7.8771504e+01   8.7874833e-24
   7.8953152e+01   8.7889519e-24
   7.9135218e+01   8.7904155e-24
   7.9317705e+01   8.7918741e-24
   7.9500612e+01   8.7933277e-24
   7.9683941e+01   8.7947763e-24
   7.9867693e+01   8.7962200e-24
   8.0051868e+01   8.7976587e-24
   8.0236468e+01   8.7990926e-24
   8.0421494e+01   8.8005215e-24
   8.0606947e+01   8.8019456e-24
   8.0792827e+01   8.8033648e-24
   8.0979136e+01   8.8047792e-24
   8.1165874e+01   8.8061887e-24
   8.1353044e+01   8.8075934e-24
   8.1540644e+01   8.8089934e-24
   8.1728678e+01   8.8103886e-24
   8.1917145e+01   8.8117790e-24
   8.2106046e+01   8.8131647e-24
   8.2295383e+01   8.8145457e-24
   8.2485157e+01   8.8159220e-24
   8.2675369e+01   8.8172936e-24
   8.2866019e+01   8.8186606e-24
   8.3057108e+01   8.8200229e-24
   8.3248639e+01   8.8213807e-24
   8.3440611e+01   8.8227338e-24
   8.3633025e+01   8.8240824e-24
   8.3825884e+01   8.8254264e-24
   8.4019187e+01   8.8267659e-24
   8.4212936e+01   8.8281008e-24
   8.4407131e+01   8.8294313e-24
   8.4601775e+01   8.8307573e-24
   8.4796867e+01   8.8320788e-24
   8.4992409e+01   8.8333960e-24
   8.5188403e+01   8.8347087e-24
   8.5384848e+01   8.8360170e-24
   8.5581746e+01   8.8373209e-24
   8.5779098e+01   8.8386205e-24
   8.5976905e+01   8.8399158e-24
   8.6175169e+01   8.8412068e-24
   8.6373889e+01   8.8424935e-24
   8.6573068e+01   8.8437759e-24
   8.6772706e+01   8.8450541e-24
   8.6972805e+01   8.8463280e-24
   8.7173365e+01   8.8475978e-24
   8.7374387e+01   8.8488634e-24
   8.7575873e+01   8.8501248e-24
   8.7777824e+01   8.8513821e-24
   8.7980240e+01   8.8526353e-24
   8.8183123e+01   8.8538844e-24
   8.8386474e+01   8.8551295e-24
   8.8590294e+01   8.8563704e-24
   8.8794584e+01   8.8576074e-24
   8.8999345e+01   8.8588404e-24
   8.9204578e+01   8.8600694e-24
   8.9410285e+01   8.8612944e-24
   8.9616465e+01   8.8625155e-24
   8.9823122e+01   8.8637327e-24
   9.0030254e+01   8.8649460e-24
   9.0237865e+01   8.8661554e-24
   9.0445954e+01   8.8673610e-24
   9.0654523e+01   8.8685628e-24
   9.0863573e+01   8.8697608e-24
   9.1073105e+01   8.8709550e-24
   9.1283120e+01   8.8721455e-24
   9.1493620e+01   8.8733322e-24
   9.1704605e+01   8.8745152e-24
   9.1916077e+01   8.8756945e-24
   9.2128036e+01   8.8768702e-24
   9.2340484e+01   8.8780422e-24
   9.2553422e+01   8.8792107e-24
   9.2766850e+01   8.8803755e-24
   9.2980771e+01   8.8815368e-24
   9.3195186e+01   8.8826945e-24
   9.3410095e+01   8.8838487e-24
   9.3625499e+01   8.8849994e-24
   9.3841400e+01   8.8861467e-24
   9.4057799e+01   8.8872905e-24
   9.4274697e+01   8.8884308e-24
   9.4492095e+01   8.8895678e-24
   9.4709995e+01   8.8907014e-24
   9.4928397e+01   8.8918316e-24
   9.5147302e+01   8.8929585e-24
   9.5366713e+01   8.8940821e-24
   9.5586629e+01   8.8952024e-24
   9.5807053e+01   8.8963194e-24
   9.6027984e+01   8.8974332e-24
   9.6249426e+01   8.8985438e-24
   9.6471378e+01   8.8996512e-24
   9.6693841e+01   8.9007555e-24
   9.6916818e+01   8.9018566e-24
   9.7140309e+01   8.9029545e-24
   9.7364315e+01   8.9040494e-24
   9.7588838e+01   8.9051413e-24
   9.7813879e+01   8.9062300e-24
   9.8039438e+01   8.9073158e-24
   9.8265518e+01   8.9083985e-24
   9.8492119e+01   8.9094783e-24
   9.8719243e+01   8.9105552e-24
   9.8946890e+01   8.9116291e-24
   9.9175062e+01   8.9127001e-24
   9.9403761e+01   8.9137682e-24
   9.9632987e+01   8.9148335e-24
   9.9862741e+01   8.9158960e-24
   1.0009303e+02   8.9169556e-24
   1.0032384e+02   8.9180125e-24
   1.0055519e+02   8.9190666e-24
   1.0078707e+02   8.9201180e-24
   1.0101948e+02   8.9211667e-24
   1.0125244e+02   8.9222127e-24
   1.0148593e+02   8.9232561e-24
   1.0171995e+02   8.9242968e-24
   1.0195452e+02   8.9253349e-24
   1.0218963e+02   8.9263704e-24
   1.0242528e+02   8.9274034e-24
   1.0266147e+02   8.9284338e-24
   1.0289821e+02   8.9294618e-24
   1.0313549e+02   8.9304872e-24
   1.0337332e+02   8.9315102e-24
   1.0361170e+02   8.9325307e-24
   1.0385063e+02   8.9335489e-24
   1.0409011e+02   8.9345646e-24
   1.0433015e+02   8.9355780e-24
   1.0457073e+02   8.9365890e-24
   1.0481187e+02   8.9375978e-24
   1.0505357e+02   8.9386042e-24
   1.0529582e+02   8.9396084e-24
   1.0553864e+02   8.9406103e-24
   1.0578201e+02   8.9416100e-24
   1.0602594e+02   8.9426076e-24
   1.0627044e+02   8.9436030e-24
   1.0651550e+02   8.9445962e-24
   1.0676113e+02   8.9455873e-24
   1.0700732e+02   8.9465763e-24
   1.0725408e+02   8.9475633e-24
   1.0750141e+02   8.9485482e-24
   1.0774931e+02   8.9495311e-24
   1.0799778e+02   8.9505120e-24
   1.0824682e+02   8.9514909e-24
   1.0849644e+02   8.9524679e-24
   1.0874663e+02   8.9534430e-24
   1.0899740e+02   8.9544162e-24
   1.0924875e+02   8.9553875e-24
   1.0950068e+02   8.9563570e-24
   1.0975319e+02   8.9573246e-24
   1.1000628e+02   8.9582905e-24
   1.1025996e+02   8.9592546e-24
   1.1051422e+02   8.9602169e-24
   1.1076906e+02   8.9611776e-24
   1.1102450e+02   8.9621365e-24
   1.1128052e+02   8.9630938e-24
   1.1153714e+02   8.9640494e-24
   1.1179434e+02   8.9650034e-24
   1.1205214e+02   8.9659558e-24
   1.1231053e+02   8.9669066e-24
   1.1256952e+02   8.9678559e-24
   1.1282911e+02   8.9688037e-24
   1.1308929e+02   8.9697500e-24
   1.1335008e+02   8.9706948e-24
   1.1361146e+02   8.9716381e-24
   1.1387345e+02   8.9725801e-24
   1.1413605e+02   8.9735206e-24
   1.1439924e+02   8.9744598e-24
   1.1466305e+02   8.9753976e-24
   1.1492746e+02   8.9763341e-24
   1.1519249e+02   8.9772694e-24
   1.1545812e+02   8.9782033e-24
   1.1572437e+02   8.9791360e-24
   1.1599123e+02   8.9800675e-24
   1.1625871e+02   8.9809978e-24
   1.1652680e+02   8.9819269e-24
   1.1679551e+02   8.9828548e-24
   1.1706484e+02   8.9837817e-24
   1.1733480e+02   8.9847074e-24
   1.1760537e+02   8.9856321e-24
   1.1787657e+02   8.9865558e-24
   1.1814839e+02   8.9874784e-24
   1.1842085e+02   8.9884000e-24
   1.1869392e+02   8.9893206e-24
   1.1896763e+02   8.9902403e-24
   1.1924197e+02   8.9911591e-24
   1.1951695e+02   8.9920770e-24
   1.1979255e+02   8.9929940e-24
   1.2006880e+02   8.9939102e-24
   1.2034568e+02   8.9948255e-24
   1.2062319e+02   8.9957401e-24
   1.2090135e+02   8.9966539e-24
   1.2118015e+02   8.9975669e-24
   1.2145959e+02   8.9984792e-24
   1.2173968e+02   8.9993909e-24
   1.2202041e+02   9.0003018e-24
   1.2230179e+02   9.0012121e-24
   1.2258382e+02   9.0021218e-24
   1.2286650e+02   9.0030309e-24
   1.2314983e+02   9.0039394e-24
   1.2343382e+02   9.0048474e-24
   1.2371846e+02   9.0057549e-24
   1.2400375e+02   9.0066619e-24
   1.2428971e+02   9.0075684e-24
   1.2457632e+02   9.0084744e-24
   1.2486359e+02   9.0093801e-24
   1.2515153e+02   9.0102853e-24
   1.2544013e+02   9.0111902e-24
   1.2572940e+02   9.0120947e-24
   1.2601933e+02   9.0129990e-24
   1.2630993e+02   9.0139029e-24
   1.2660120e+02   9.0148065e-24
   1.2689314e+02   9.0157100e-24
   1.2718576e+02   9.0166132e-24
   1.2747905e+02   9.0175162e-24
   1.2777302e+02   9.0184190e-24
   1.2806767e+02   9.0193217e-24
   1.2836299e+02   9.0202243e-24
   1.2865900e+02   9.0211268e-24
   1.2895569e+02   9.0220293e-24
   1.2925306e+02   9.0229316e-24
   1.2955112e+02   9.0238340e-24
   1.2984986e+02   9.0247364e-24
   1.3014930e+02   9.0256388e-24
   1.3044942e+02   9.0265413e-24
   1.3075024e+02   9.0274439e-24
   1.3105175e+02   9.0283466e-24
   1.3135396e+02   9.0292494e-24
   1.3165686e+02   9.0301524e-24
   1.3196046e+02   9.0310556e-24
   1.3226476e+02   9.0319590e-24
   1.3256977e+02   9.0328626e-24
   1.3287547e+02   9.0337665e-24
   1.3318189e+02   9.0346707e-24
   1.3348901e+02   9.0355752e-24
   1.3379683e+02   9.0364800e-24
   1.3410537e+02   9.0373852e-24
   1.3441462e+02   9.0382908e-24
   1.3472458e+02   9.0391969e-24
   1.3503525e+02   9.0401033e-24
   1.3534665e+02   9.0410103e-24
   1.3565876e+02   9.0419177e-24
   1.3597159e+02   9.0428256e-24
   1.3628514e+02   9.0437341e-24
   1.3659941e+02   9.0446432e-24
   1.3691441e+02   9.0455528e-24
   1.3723014e+02   9.0464631e-24
   1.3754659e+02   9.0473740e-24
   1.3786377e+02   9.0482856e-24
   1.3818169e+02   9.0491979e-24
   1.3850034e+02   9.0501110e-24
   1.3881972e+02   9.0510247e-24
   1.3913984e+02   9.0519393e-24
   1.3946070e+02   9.0528546e-24
   1.3978229e+02   9.0537708e-24
   1.4010463e+02   9.0546879e-24
   1.4042772e+02   9.0556058e-24
   1.4075154e+02   9.0565246e-24
   1.4107612e+02   9.0574443e-24
   1.4140144e+02   9.0583650e-24
   1.4172751e+02   9.0592867e-24
   1.4205434e+02   9.0602094e-24
   1.4238192e+02   9.0611332e-24
   1.4271025e+02   9.0620580e-24
   1.4303934e+02   9.0629838e-24
   1.4336919e+02   9.0639108e-24
   1.4369980e+02   9.0648390e-24
   1.4403117e+02   9.0657682e-24
   1.4436331e+02   9.0666987e-24
   1.4469621e+02   9.0676304e-24
   1.4502988e+02   9.0685634e-24
   1.4536432e+02   9.0694976e-24
   1.4569954e+02   9.0704331e-24
   1.4603552e+02   9.0713699e-24
   1.4637228e+02   9.0723081e-24
   1.4670981e+02   9.0732476e-24
   1.4704813e+02   9.0741886e-24
   1.4738722e+02   9.0751310e-24
   1.4772710e+02   9.0760748e-24
   1.4806776e+02   9.0770201e-24
   1.4840920e+02   9.0779669e-24
   1.4875144e+02   9.0789152e-24
   1.4909446e+02   9.0798651e-24
   1.4943827e+02   9.0808166e-24
   1.4978288e+02   9.0817697e-24
   1.5012828e+02   9.0827244e-24
   1.5047447e+02   9.0836808e-24
   1.5082147e+02   9.0846389e-24
   1.5116927e+02   9.0855986e-24
   1.5151786e+02   9.0865602e-24
   1.5186726e+02   9.0875235e-24
   1.5221747e+02   9.0884886e-24
   1.5256849e+02   9.0894555e-24
   1.5292031e+02   9.0904243e-24
   1.5327295e+02   9.0913949e-24
   1.5362639e+02   9.0923674e-24
   1.5398066e+02   9.0933419e-24
   1.5433574e+02   9.0943184e-24
   1.5469164e+02   9.0952968e-24
   1.5504836e+02   9.0962772e-24
   1.5540590e+02   9.0972596e-24
   1.5576427e+02   9.0982442e-24
   1.5612346e+02   9.0992308e-24
   1.5648348e+02   9.1002195e-24
   1.5684434e+02   9.1012104e-24
   1.5720602e+02   9.1022034e-24
   1.5756854e+02   9.1031987e-24
   1.5793189e+02   9.1041961e-24
   1.5829608e+02   9.1051959e-24
   1.5866112e+02   9.1061979e-24
   1.5902699e+02   9.1072022e-24
   1.5939371e+02   9.1082088e-24
   1.5976127e+02   9.1092178e-24
   1.6012968e+02   9.1102292e-24
   1.6049894e+02   9.1112430e-24
   1.6086905e+02   9.1122593e-24
   1.6124002e+02   9.1132780e-24
   1.6161184e+02   9.1142992e-24
   1.6198452e+02   9.1153229e-24
   1.6235805e+02   9.1163492e-24
   1.6273245e+02   9.1173781e-24
   1.6310772e+02   9.1184096e-24
   1.6348384e+02   9.1194437e-24
   1.6386084e+02   9.1204805e-24
   1.6423870e+02   9.1215200e-24
   1.6461744e+02   9.1225622e-24
   1.6499705e+02   9.1236072e-24
   1.6537753e+02   9.1246549e-24
   1.6575889e+02   9.1257054e-24
   1.6614114e+02   9.1267588e-24
   1.6652426e+02   9.1278150e-24
   1.6690826e+02   9.1288741e-24
   1.6729316e+02   9.1299361e-24
   1.6767894e+02   9.1310011e-24
   1.6806560e+02   9.1320691e-24
   1.6845316e+02   9.1331400e-24
   1.6884162e+02   9.1342140e-24
   1.6923097e+02   9.1352910e-24
   1.6962122e+02   9.1363711e-24
   1.7001236e+02   9.1374543e-24
   1.7040441e+02   9.1385407e-24
   1.7079737e+02   9.1396302e-24
   1.7119123e+02   9.1407230e-24
   1.7158600e+02   9.1418189e-24
   1.7198168e+02   9.1429182e-24
   1.7237827e+02   9.1440207e-24
   1.7277577e+02   9.1451265e-24
   1.7317419e+02   9.1462356e-24
   1.7357354e+02   9.1473482e-24
   1.7397380e+02   9.1484641e-24
   1.7437498e+02   9.1495835e-24
   1.7477709e+02   9.1507063e-24
   1.7518013e+02   9.1518326e-24
   1.7558410e+02   9.1529624e-24
   1.7598899e+02   9.1540958e-24
   1.7639483e+02   9.1552328e-24
   1.7680159e+02   9.1563733e-24
   1.7720930e+02   9.1575175e-24
   1.7761795e+02   9.1586653e-24
   1.7802753e+02   9.1598169e-24
   1.7843807e+02   9.1609722e-24
   1.7884955e+02   9.1621312e-24
   1.7926198e+02   9.1632940e-24
   1.7967535e+02   9.1644606e-24
   1.8008969e+02   9.1656310e-24
   1.8050498e+02   9.1668054e-24
   1.8092122e+02   9.1679836e-24
   1.8133843e+02   9.1691657e-24
   1.8175659e+02   9.1703518e-24
   1.8217573e+02   9.1715419e-24
   1.8259583e+02   9.1727361e-24
   1.8301689e+02   9.1739342e-24
   1.8343893e+02   9.1751365e-24
   1.8386194e+02   9.1763429e-24
   1.8428593e+02   9.1775534e-24
   1.8471089e+02   9.1787680e-24
   1.8513684e+02   9.1799869e-24
   1.8556377e+02   9.1812100e-24
   1.8599168e+02   9.1824374e-24
   1.8642058e+02   9.1836691e-24
   1.8685046e+02   9.1849051e-24
   1.8728134e+02   9.1861454e-24
   1.8771321e+02   9.1873902e-24
   1.8814608e+02   9.1886393e-24
   1.8857995e+02   9.1898929e-24
   1.8901482e+02   9.1911510e-24
   1.8945068e+02   9.1924136e-24
   1.8988756e+02   9.1936808e-24
   1.9032544e+02   9.1949525e-24
   1.9076433e+02   9.1962288e-24
   1.9120424e+02   9.1975097e-24
   1.9164516e+02   9.1987954e-24
   1.9208709e+02   9.2000857e-24
   1.9253005e+02   9.2013807e-24
   1.9297402e+02   9.2026805e-24
   1.9341902e+02   9.2039851e-24
   1.9386505e+02   9.2052946e-24
   1.9431210e+02   9.2066089e-24
   1.9476019e+02   9.2079280e-24
   1.9520930e+02   9.2092521e-24
   1.9565946e+02   9.2105812e-24
   1.9611065e+02   9.2119152e-24
   1.9656288e+02   9.2132543e-24
   1.9701616e+02   9.2145984e-24
   1.9747048e+02   9.2159476e-24
   1.9792585e+02   9.2173019e-24
   1.9838227e+02   9.2186613e-24
   1.9883974e+02   9.2200260e-24
   1.9929826e+02   9.2213958e-24
   1.9975785e+02   9.2227709e-24
   2.0021849e+02   9.2241513e-24
   2.0068020e+02   9.2255370e-24
   2.0114297e+02   9.2269280e-24
   2.0160680e+02   9.2283244e-24
   2.0207171e+02   9.2297262e-24
   2.0253769e+02   9.2311335e-24
   2.0300474e+02   9.2325462e-24
   2.0347287e+02   9.2339645e-24
   2.0394208e+02   9.2353883e-24
   2.0441237e+02   9.2368177e-24
   2.0488375e+02   9.2382527e-24
   2.0535621e+02   9.2396933e-24
   2.0582977e+02   9.2411396e-24
   2.0630441e+02   9.2425916e-24
   2.0678015e+02   9.2440494e-24
   2.0725699e+02   9.2455130e-24
   2.0773492e+02   9.2469824e-24
   2.0821396e+02   9.2484576e-24
   2.0869411e+02   9.2499387e-24
   2.0917536e+02   9.2514257e-24
   2.0965772e+02   9.2529187e-24
   2.1014119e+02   9.2544177e-24
   2.1062578e+02   9.2559227e-24
   2.1111148e+02   9.2574337e-24
   2.1159831e+02   9.2589509e-24
   2.1208625e+02   9.2604742e-24
   2.1257533e+02   9.2620036e-24
   2.1306553e+02   9.2635392e-24
   2.1355686e+02   9.2650811e-24
   2.1404932e+02   9.2666293e-24
   2.1454292e+02   9.2681837e-24
   2.1503766e+02   9.2697445e-24
   2.1553354e+02   9.2713116e-24
   2.1603056e+02   9.2728852e-24
   2.1652873e+02   9.2744652e-24
   2.1702804e+02   9.2760517e-24
   2.1752851e+02   9.2776448e-24
   2.1803013e+02   9.2792443e-24
   2.1853291e+02   9.2808505e-24
   2.1903685e+02   9.2824633e-24
   2.1954195e+02   9.2840828e-24
   2.2004822e+02   9.2857089e-24
   2.2055565e+02   9.2873418e-24
   2.2106425e+02   9.2889815e-24
   2.2157403e+02   9.2906280e-24
   2.2208498e+02   9.2922813e-24
   2.2259711e+02   9.2939416e-24
   2.2311042e+02   9.2956087e-24
   2.2362491e+02   9.2972828e-24
   2.2414060e+02   9.2989639e-24
   2.2465747e+02   9.3006520e-24
   2.2517553e+02   9.3023472e-24
   2.2569478e+02   9.3040495e-24
   2.2621524e+02   9.3057590e-24
   2.2673689e+02   9.3074756e-24
   2.2725975e+02   9.3091995e-24
   2.2778381e+02   9.3109306e-24
   2.2830908e+02   9.3126691e-24
   2.2883556e+02   9.3144148e-24
   2.2936326e+02   9.3161680e-24
   2.2989217e+02   9.3179285e-24
   2.3042231e+02   9.3196965e-24
   2.3095366e+02   9.3214720e-24
   2.3148624e+02   9.3232550e-24
   2.3202005e+02   9.3250456e-24
   2.3255509e+02   9.3268438e-24
   2.3309137e+02   9.3286497e-24
   2.3362888e+02   9.3304632e-24
   2.3416763e+02   9.3322845e-24
   2.3470762e+02   9.3341135e-24
   2.3524886e+02   9.3359504e-24
   2.3579134e+02   9.3377950e-24
   2.3633508e+02   9.3396476e-24
   2.3688007e+02   9.3415081e-24
   2.3742632e+02   9.3433765e-24
   2.3797382e+02   9.3452530e-24
   2.3852259e+02   9.3471375e-24
   2.3907263e+02   9.3490301e-24
   2.3962393e+02   9.3509308e-24
   2.4017651e+02   9.3528397e-24
   2.4073036e+02   9.3547568e-24
   2.4128548e+02   9.3566821e-24
   2.4184189e+02   9.3586157e-24
   2.4239958e+02   9.3605577e-24
   2.4295855e+02   9.3625080e-24
   2.4351882e+02   9.3644667e-24
   2.4408037e+02   9.3664339e-24
   2.4464322e+02   9.3684096e-24
   2.4520737e+02   9.3703938e-24
   2.4577282e+02   9.3723866e-24
   2.4633958e+02   9.3743881e-24
   2.4690764e+02   9.3763982e-24
   2.4747701e+02   9.3784169e-24
   2.4804769e+02   9.3804445e-24
   2.4861969e+02   9.3824808e-24
   2.4919301e+02   9.3845260e-24
   2.4976765e+02   9.3865800e-24
   2.5034362e+02   9.3886430e-24
   2.5092091e+02   9.3907149e-24
   2.5149954e+02   9.3927958e-24
   2.5207950e+02   9.3948858e-24
   2.5266080e+02   9.3969848e-24
   2.5324343e+02   9.3990930e-24
   2.5382742e+02   9.4012104e-24
   2.5441274e+02   9.4033370e-24
   2.5499942e+02   9.4054729e-24
   2.5558745e+02   9.4076180e-24
   2.5617684e+02   9.4097725e-24
   2.5676758e+02   9.4119365e-24
   2.5735969e+02   9.4141098e-24
   2.5795317e+02   9.4162927e-24
   2.5854801e+02   9.4184850e-24
   2.5914422e+02   9.4206870e-24
   2.5974181e+02   9.4228986e-24
   2.6034078e+02   9.4251198e-24
   2.6094112e+02   9.4273507e-24
   2.6154286e+02   9.4295915e-24
   2.6214598e+02   9.4318420e-24
   2.6275049e+02   9.4341023e-24
   2.6335639e+02   9.4363726e-24
   2.6396369e+02   9.4386527e-24
   2.6457240e+02   9.4409429e-24
   2.6518250e+02   9.4432431e-24
   2.6579401e+02   9.4455534e-24
   2.6640694e+02   9.4478738e-24
   2.6702127e+02   9.4502044e-24
   2.6763703e+02   9.4525452e-24
   2.6825420e+02   9.4548962e-24
   2.6887280e+02   9.4572576e-24
   2.6949282e+02   9.4596293e-24
   2.7011427e+02   9.4620114e-24
   2.7073716e+02   9.4644040e-24
   2.7136148e+02   9.4668071e-24
   2.7198724e+02   9.4692207e-24
   2.7261444e+02   9.4716449e-24
   2.7324310e+02   9.4740798e-24
   2.7387320e+02   9.4765253e-24
   2.7450475e+02   9.4789816e-24
   2.7513776e+02   9.4814487e-24
   2.7577223e+02   9.4839266e-24
   2.7640816e+02   9.4864154e-24
   2.7704556e+02   9.4889151e-24
   2.7768443e+02   9.4914258e-24
   2.7832477e+02   9.4939476e-24
   2.7896659e+02   9.4964804e-24
   2.7960989e+02   9.4990244e-24
   2.8025467e+02   9.5015795e-24
   2.8090094e+02   9.5041459e-24
   2.8154870e+02   9.5067236e-24
   2.8219796e+02   9.5093125e-24
   2.8284871e+02   9.5119129e-24
   2.8350096e+02   9.5145247e-24
   2.8415471e+02   9.5171480e-24
   2.8480998e+02   9.5197828e-24
   2.8546675e+02   9.5224292e-24
   2.8612504e+02   9.5250872e-24
   2.8678485e+02   9.5277569e-24
   2.8744617e+02   9.5304383e-24
   2.8810903e+02   9.5331315e-24
   2.8877341e+02   9.5358366e-24
   2.8943932e+02   9.5385536e-24
   2.9010677e+02   9.5412825e-24
   2.9077576e+02   9.5440234e-24
   2.9144629e+02   9.5467763e-24
   2.9211837e+02   9.5495413e-24
   2.9279200e+02   9.5523185e-24
   2.9346718e+02   9.5551079e-24
   2.9414391e+02   9.5579096e-24
   2.9482221e+02   9.5607235e-24
   2.9550207e+02   9.5635499e-24
   2.9618350e+02   9.5663886e-24
   2.9686651e+02   9.5692398e-24
   2.9755108e+02   9.5721035e-24
   2.9823724e+02   9.5749799e-24
   2.9892498e+02   9.5778688e-24
   2.9961430e+02   9.5807704e-24
   3.0030521e+02   9.5836848e-24
   3.0099772e+02   9.5866119e-24
   3.0169182e+02   9.5895520e-24
   3.0238752e+02   9.5925049e-24
   3.0308483e+02   9.5954707e-24
   3.0378375e+02   9.5984496e-24
   3.0448428e+02   9.6014416e-24
   3.0518642e+02   9.6044467e-24
   3.0589018e+02   9.6074649e-24
   3.0659557e+02   9.6104964e-24
   3.0730258e+02   9.6135412e-24
   3.0801122e+02   9.6165993e-24
   3.0872150e+02   9.6196709e-24
   3.0943341e+02   9.6227558e-24
   3.1014697e+02   9.6258544e-24
   3.1086217e+02   9.6289664e-24
   3.1157902e+02   9.6320922e-24
   3.1229752e+02   9.6352316e-24
   3.1301768e+02   9.6383847e-24
   3.1373950e+02   9.6415517e-24
   3.1446299e+02   9.6447325e-24
   3.1518814e+02   9.6479272e-24
   3.1591497e+02   9.6511359e-24
   3.1664347e+02   9.6543587e-24
   3.1737365e+02   9.6575955e-24
   3.1810552e+02   9.6608465e-24
   3.1883907e+02   9.6641117e-24
   3.1957432e+02   9.6673911e-24
   3.2031126e+02   9.6706849e-24
   3.2104990e+02   9.6739931e-24
   3.2179024e+02   9.6773157e-24
   3.2253229e+02   9.6806529e-24
   3.2327606e+02   9.6840046e-24
   3.2402153e+02   9.6873709e-24
   3.2476873e+02   9.6907519e-24
   3.2551765e+02   9.6941476e-24
   3.2626829e+02   9.6975582e-24
   3.2702067e+02   9.7009836e-24
   3.2777478e+02   9.7044240e-24
   3.2853063e+02   9.7078793e-24
   3.2928823e+02   9.7113497e-24
   3.3004757e+02   9.7148352e-24
   3.3080866e+02   9.7183359e-24
   3.3157151e+02   9.7218518e-24
   3.3233612e+02   9.7253830e-24
   3.3310249e+02   9.7289296e-24
   3.3387062e+02   9.7324916e-24
   3.3464053e+02   9.7360690e-24
   3.3541221e+02   9.7396621e-24
   3.3618568e+02   9.7432707e-24
   3.3696092e+02   9.7468950e-24
   3.3773796e+02   9.7505350e-24
   3.3851679e+02   9.7541909e-24
   3.3929741e+02   9.7578625e-24
   3.4007983e+02   9.7615502e-24
   3.4086406e+02   9.7652538e-24
   3.4165009e+02   9.7689734e-24
   3.4243794e+02   9.7727092e-24
   3.4322760e+02   9.7764612e-24
   3.4401909e+02   9.7802294e-24
   3.4481240e+02   9.7840139e-24
   3.4560754e+02   9.7878148e-24
   3.4640451e+02   9.7916322e-24
   3.4720333e+02   9.7954660e-24
   3.4800398e+02   9.7993164e-24
   3.4880648e+02   9.8031835e-24
   3.4961083e+02   9.8070673e-24
   3.5041703e+02   9.8109678e-24
   3.5122510e+02   9.8148852e-24
   3.5203503e+02   9.8188195e-24
   3.5284682e+02   9.8227707e-24
   3.5366049e+02   9.8267390e-24
   3.5447603e+02   9.8307244e-24
   3.5529346e+02   9.8347270e-24
   3.5611277e+02   9.8387468e-24
   3.5693397e+02   9.8427839e-24
   3.5775706e+02   9.8468384e-24
   3.5858205e+02   9.8509104e-24
   3.5940894e+02   9.8549998e-24
   3.6023774e+02   9.8591069e-24
   3.6106845e+02   9.8632316e-24
   3.6190108e+02   9.8673740e-24
   3.6273563e+02   9.8715342e-24
   3.6357210e+02   9.8757122e-24
   3.6441050e+02   9.8799082e-24
   3.6525083e+02   9.8841222e-24
   3.6609310e+02   9.8883542e-24
   3.6693731e+02   9.8926044e-24
   3.6778347e+02   9.8968728e-24
   3.6863159e+02   9.9011594e-24
   3.6948165e+02   9.9054645e-24
   3.7033368e+02   9.9097879e-24
   3.7118767e+02   9.9141298e-24
   3.7204364e+02   9.9184903e-24
   3.7290157e+02   9.9228694e-24
   3.7376148e+02   9.9272673e-24
   3.7462338e+02   9.9316839e-24
   3.7548727e+02   9.9361193e-24
   3.7635314e+02   9.9405737e-24
   3.7722102e+02   9.9450471e-24
   3.7809089e+02   9.9495395e-24
   3.7896277e+02   9.9540511e-24
   3.7983666e+02   9.9585819e-24
   3.8071257e+02   9.9631320e-24
   3.8159049e+02   9.9677014e-24
   3.8247044e+02   9.9722903e-24
   3.8335242e+02   9.9768987e-24
   3.8423644e+02   9.9815267e-24
   3.8512249e+02   9.9861743e-24
   3.8601059e+02   9.9908417e-24
   3.8690073e+02   9.9955289e-24
   3.8779292e+02   1.0000236e-23
   3.8868718e+02   1.0004963e-23
   3.8958349e+02   1.0009710e-23
   3.9048188e+02   1.0014477e-23
   3.9138233e+02   1.0019264e-23
   3.9228486e+02   1.0024072e-23
   3.9318947e+02   1.0028900e-23
   3.9409617e+02   1.0033748e-23
   3.9500496e+02   1.0038617e-23
   3.9591584e+02   1.0043507e-23
   3.9682883e+02   1.0048417e-23
   3.9774392e+02   1.0053348e-23
   3.9866112e+02   1.0058299e-23
   3.9958044e+02   1.0063272e-23
   4.0050187e+02   1.0068265e-23
   4.0142543e+02   1.0073280e-23
   4.0235112e+02   1.0078315e-23
   4.0327895e+02   1.0083372e-23
   4.0420891e+02   1.0088450e-23
   4.0514102e+02   1.0093550e-23
   4.0607528e+02   1.0098671e-23
   4.0701169e+02   1.0103813e-23
   4.0795026e+02   1.0108977e-23
   4.0889100e+02   1.0114163e-23
   4.0983390e+02   1.0119370e-23
   4.1077898e+02   1.0124599e-23
   4.1172624e+02   1.0129851e-23
   4.1267569e+02   1.0135124e-23
   4.1362732e+02   1.0140419e-23
   4.1458115e+02   1.0145737e-23
   4.1553718e+02   1.0151077e-23
   4.1649541e+02   1.0156439e-23
   4.1745585e+02   1.0161823e-23
   4.1841851e+02   1.0167230e-23
   4.1938338e+02   1.0172660e-23
   4.2035048e+02   1.0178112e-23
   4.2131982e+02   1.0183588e-23
   4.2229138e+02   1.0189086e-23
   4.2326519e+02   1.0194606e-23
   4.2424124e+02   1.0200150e-23
   4.2521955e+02   1.0205718e-23
   4.2620010e+02   1.0211308e-23
   4.2718293e+02   1.0216922e-23
   4.2816801e+02   1.0222559e-23
   4.2915537e+02   1.0228219e-23
   4.3014501e+02   1.0233903e-23
   4.3113692e+02   1.0239611e-23
   4.3213113e+02   1.0245343e-23
   4.3312763e+02   1.0251098e-23
   4.3412642e+02   1.0256878e-23
   4.3512752e+02   1.0262681e-23
   4.3613093e+02   1.0268509e-23
   4.3713665e+02   1.0274361e-23
   4.3814469e+02   1.0280238e-23
   4.3915506e+02   1.0286139e-23
   4.4016775e+02   1.0292064e-23
   4.4118278e+02   1.0298015e-23
   4.4220015e+02   1.0303990e-23
   4.4321987e+02   1.0309990e-23
   4.4424194e+02   1.0316016e-23
   4.4526636e+02   1.0322067e-23
   4.4629315e+02   1.0328143e-23
   4.4732231e+02   1.0334245e-23
   4.4835383e+02   1.0340373e-23
   4.4938774e+02   1.0346527e-23
   4.5042403e+02   1.0352707e-23
   4.5146271e+02   1.0358913e-23
   4.5250379e+02   1.0365147e-23
   4.5354727e+02   1.0371407e-23
   4.5459315e+02   1.0377695e-23
   4.5564145e+02   1.0384011e-23
   4.5669216e+02   1.0390355e-23
   4.5774529e+02   1.0396729e-23
   4.5880086e+02   1.0403132e-23
   4.5985886e+02   1.0409566e-23
   4.6091930e+02   1.0416031e-23
   4.6198218e+02   1.0422530e-23
   4.6304751e+02   1.0429064e-23
   4.6411530e+02   1.0435635e-23
   4.6518556e+02   1.0442248e-23
   4.6625828e+02   1.0448906e-23
   4.6733347e+02   1.0455617e-23
   4.6841115e+02   1.0462390e-23
   4.6949131e+02   1.0469240e-23
   4.7057396e+02   1.0476191e-23
   4.7165911e+02   1.0483281e-23
   4.7274676e+02   1.0490578e-23
   4.7383691e+02   1.0498214e-23
   4.7492958e+02   1.0506459e-23
   4.7602478e+02   1.0515967e-23
   4.7712249e+02   1.0528655e-23
   4.7822274e+02   1.0552389e-23
   4.7932553e+02   1.0653248e-23
   4.8043085e+02   4.1820993e-23
   4.8153873e+02   1.0647019e-23
   4.8264916e+02   1.0576552e-23
   4.8376216e+02   1.0568653e-23
   4.8487772e+02   1.0570414e-23
   4.8599585e+02   1.0575024e-23
   4.8711656e+02   1.0580779e-23
   4.8823985e+02   1.0587089e-23
   4.8936574e+02   1.0593710e-23
   4.9049422e+02   1.0600523e-23
   4.9162530e+02   1.0607465e-23
   4.9275899e+02   1.0614503e-23
   4.9389530e+02   1.0621614e-23
   4.9503423e+02   1.0628785e-23
   4.9617578e+02   1.0636009e-23
   4.9731996e+02   1.0643278e-23
   4.9846679e+02   1.0650589e-23
   4.9961626e+02   1.0657940e-23
   5.0076837e+02   1.0665327e-23
   5.0192315e+02   1.0672751e-23
   5.0308059e+02   1.0680208e-23
   5.0424070e+02   1.0687700e-23
   5.0540348e+02   1.0695224e-23
   5.0656894e+02   1.0702782e-23
   5.0773710e+02   1.0710371e-23
   5.0890794e+02   1.0717992e-23
   5.1008149e+02   1.0725646e-23
   5.1125774e+02   1.0733331e-23
   5.1243670e+02   1.0741047e-23
   5.1361839e+02   1.0748796e-23
   5.1480279e+02   1.0756575e-23
   5.1598993e+02   1.0764386e-23
   5.1717981e+02   1.0772229e-23
   5.1837243e+02   1.0780103e-23
   5.1956780e+02   1.0788009e-23
   5.2076593e+02   1.0795947e-23
   5.2196682e+02   1.0803916e-23
   5.2317048e+02   1.0811917e-23
   5.2437691e+02   1.0819949e-23
   5.2558613e+02   1.0828014e-23
   5.2679814e+02   1.0836110e-23
   5.2801294e+02   1.0844238e-23
   5.2923054e+02   1.0852399e-23
   5.3045095e+02   1.0860591e-23
   5.3167417e+02   1.0868816e-23
   5.3290022e+02   1.0877074e-23
   5.3412909e+02   1.0885363e-23
   5.3536079e+02   1.0893685e-23
   5.3659534e+02   1.0902040e-23
   5.3783273e+02   1.0910428e-23
   5.3907298e+02   1.0918848e-23
   5.4031609e+02   1.0927301e-23
   5.4156206e+02   1.0935788e-23
   5.4281090e+02   1.0944307e-23
   5.4406263e+02   1.0952860e-23
   5.4531724e+02   1.0961446e-23
   5.4657475e+02   1.0970065e-23
   5.4783515e+02   1.0978718e-23
   5.4909847e+02   1.0987404e-23
   5.5036469e+02   1.0996124e-23
   5.5163384e+02   1.1004878e-23
   5.5290591e+02   1.1013666e-23
   5.5418091e+02   1.1022488e-23
   5.5545886e+02   1.1031344e-23
   5.5673975e+02   1.1040234e-23
   5.5802360e+02   1.1049159e-23
   5.5931040e+02   1.1058118e-23
   5.6060018e+02   1.1067112e-23
   5.6189293e+02   1.1076140e-23
   5.6318866e+02   1.1085203e-23
   5.6448737e+02   1.1094301e-23
   5.6578909e+02   1.1103434e-23
   5.6709380e+02   1.1112602e-23
   5.6840152e+02   1.1121805e-23
   5.6971226e+02   1.1131044e-23
   5.7102602e+02   1.1140318e-23
   5.7234281e+02   1.1149627e-23
   5.7366264e+02   1.1158972e-23
   5.7498551e+02   1.1168353e-23
   5.7631143e+02   1.1177770e-23
   5.7764041e+02   1.1187223e-23
   5.7897245e+02   1.1196711e-23
   5.8030757e+02   1.1206236e-23
   5.8164576e+02   1.1215798e-23
   5.8298704e+02   1.1225395e-23
   5.8433141e+02   1.1235030e-23
   5.8567889e+02   1.1244701e-23
   5.8702947e+02   1.1254408e-23
   5.8838316e+02   1.1264153e-23
   5.8973998e+02   1.1273934e-23
   5.9109992e+02   1.1283753e-23
   5.9246300e+02   1.1293608e-23
   5.9382923e+02   1.1303501e-23
   5.9519860e+02   1.1313432e-23
   5.9657113e+02   1.1323400e-23
   5.9794683e+02   1.1333406e-23
   5.9932570e+02   1.1343449e-23
   6.0070775e+02   1.1353530e-23
   6.0209299e+02   1.1363650e-23
   6.0348142e+02   1.1373807e-23
   6.0487305e+02   1.1384003e-23
   6.0626789e+02   1.1394237e-23
   6.0766595e+02   1.1404509e-23
   6.0906723e+02   1.1414820e-23
   6.1047175e+02   1.1425170e-23
   6.1187950e+02   1.1435559e-23
   6.1329050e+02   1.1445986e-23
   6.1470475e+02   1.1456453e-23
   6.1612226e+02   1.1466958e-23
   6.1754305e+02   1.1477503e-23
   6.1896711e+02   1.1488087e-23
   6.2039445e+02   1.1498711e-23
   6.2182508e+02   1.1509375e-23
   6.2325902e+02   1.1520078e-23
   6.2469626e+02   1.1530821e-23
   6.2613681e+02   1.1541604e-23
   6.2758069e+02   1.1552427e-23
   6.2902789e+02   1.1563290e-23
   6.3047844e+02   1.1574194e-23
   6.3193232e+02   1.1585138e-23
   6.3338957e+02   1.1596123e-23
   6.3485017e+02   1.1607148e-23
   6.3631414e+02   1.1618214e-23
   6.3778148e+02   1.1629321e-23
   6.3925221e+02   1.1640469e-23
   6.4072633e+02   1.1651659e-23
   6.4220385e+02   1.1662889e-23
   6.4368478e+02   1.1674161e-23
   6.4516912e+02   1.1685475e-23
   6.4665688e+02   1.1696830e-23
   6.4814808e+02   1.1708227e-23
   6.4964271e+02   1.1719666e-23
   6.5114080e+02   1.1731146e-23
   6.5264233e+02   1.1742669e-23
   6.5414733e+02   1.1754235e-23
   6.5565580e+02   1.1765842e-23
   6.5716775e+02   1.1777492e-23
   6.5868318e+02   1.1789185e-23
   6.6020211e+02   1.1800921e-23
   6.6172454e+02   1.1812699e-23
   6.6325048e+02   1.1824520e-23
   6.6477994e+02   1.1836385e-23
   6.6631293e+02   1.1848293e-23
   6.6784945e+02   1.1860244e-23
   6.6938952e+02   1.1872238e-23
   6.7093314e+02   1.1884276e-23
   6.7248031e+02   1.1896358e-23
   6.7403106e+02   1.1908484e-23
   6.7558538e+02   1.1920654e-23
   6.7714328e+02   1.1932868e-23
   6.7870478e+02   1.1945126e-23
   6.8026988e+02   1.1957428e-23
   6.8183859e+02   1.1969775e-23
   6.8341091e+02   1.1982167e-23
   6.8498686e+02   1.1994603e-23
   6.8656645e+02   1.2007084e-23
   6.8814967e+02   1.2019610e-23
   6.8973655e+02   1.2032182e-23
   6.9132709e+02   1.2044798e-23
   6.9292130e+02   1.2057460e-23
   6.9451918e+02   1.2070167e-23
   6.9612074e+02   1.2082920e-23
   6.9772600e+02   1.2095719e-23
   6.9933497e+02   1.2108564e-23
   7.0094764e+02   1.2121454e-23
   7.0256403e+02   1.2134391e-23
   7.0418415e+02   1.2147374e-23
   7.0580800e+02   1.2160403e-23
   7.0743560e+02   1.2173479e-23
   7.0906695e+02   1.2186602e-23
   7.1070206e+02   1.2199771e-23
   7.1234095e+02   1.2212988e-23
   7.1398361e+02   1.2226251e-23
   7.1563006e+02   1.2239561e-23
   7.1728031e+02   1.2252919e-23
   7.1893437e+02   1.2266324e-23
   7.2059223e+02   1.2279777e-23
   7.2225393e+02   1.2293277e-23
   7.2391945e+02   1.2306826e-23
   7.2558881e+02   1.2320422e-23
   7.2726203e+02   1.2334066e-23
   7.2893910e+02   1.2347759e-23
   7.3062004e+02   1.2361499e-23
   7.3230485e+02   1.2375289e-23
   7.3399355e+02   1.2389127e-23
   7.3568615e+02   1.2403013e-23
   7.3738265e+02   1.2416949e-23
   7.3908306e+02   1.2430933e-23
   7.4078739e+02   1.2444967e-23
   7.4249565e+02   1.2459050e-23
   7.4420785e+02   1.2473182e-23
   7.4592400e+02   1.2487364e-23
   7.4764410e+02   1.2501595e-23
   7.4936818e+02   1.2515877e-23
   7.5109623e+02   1.2530208e-23
   7.5282826e+02   1.2544589e-23
   7.5456429e+02   1.2559021e-23
   7.5630432e+02   1.2573503e-23
   7.5804836e+02   1.2588035e-23
   7.5979643e+02   1.2602618e-23
   7.6154852e+02   1.2617251e-23
   7.6330466e+02   1.2631936e-23
   7.6506485e+02   1.2646671e-23
   7.6682909e+02   1.2661458e-23
   7.6859741e+02   1.2676296e-23
   7.7036980e+02   1.2691185e-23
   7.7214628e+02   1.2706126e-23
   7.7392685e+02   1.2721119e-23
   7.7571153e+02   1.2736163e-23
   7.7750033e+02   1.2751260e-23
   7.7929325e+02   1.2766408e-23
   7.8109031e+02   1.2781609e-23
   7.8289151e+02   1.2796862e-23
   7.8469686e+02   1.2812167e-23
   7.8650638e+02   1.2827526e-23
   7.8832007e+02   1.2842937e-23
   7.9013794e+02   1.2858401e-23
   7.9196000e+02   1.2873918e-23
   7.9378627e+02   1.2889488e-23
   7.9561675e+02   1.2905111e-23
   7.9745144e+02   1.2920788e-23
   7.9929037e+02   1.2936519e-23
   8.0113354e+02   1.2952303e-23
   8.0298096e+02   1.2968142e-23
   8.0483264e+02   1.2984034e-23
   8.0668859e+02   1.2999980e-23
   8.0854882e+02   1.3015981e-23
   8.1041334e+02   1.3032036e-23
   8.1228216e+02   1.3048146e-23
   8.1415529e+02   1.3064311e-23
   8.1603274e+02   1.3080530e-23
   8.1791452e+02   1.3096805e-23
   8.1980064e+02   1.3113134e-23
   8.2169110e+02   1.3129519e-23
   8.2358593e+02   1.3145959e-23
   8.2548512e+02   1.3162455e-23
   8.2738870e+02   1.3179007e-23
   8.2929666e+02   1.3195614e-23
   8.3120903e+02   1.3212278e-23
   8.3312580e+02   1.3228998e-23
   8.3504700e+02   1.3245774e-23
   8.3697262e+02   1.3262606e-23
   8.3890269e+02   1.3279495e-23
   8.4083720e+02   1.3296441e-23
   8.4277618e+02   1.3313443e-23
   8.4471963e+02   1.3330503e-23
   8.4666756e+02   1.3347619e-23
   8.4861998e+02   1.3364794e-23
   8.5057690e+02   1.3382025e-23
   8.5253834e+02   1.3399314e-23
   8.5450430e+02   1.3416661e-23
   8.5647479e+02   1.3434065e-23
   8.5844983e+02   1.3451528e-23
   8.6042942e+02   1.3469049e-23
   8.6241358e+02   1.3486628e-23
   8.6440231e+02   1.3504266e-23
   8.6639563e+02   1.3521962e-23
   8.6839354e+02   1.3539717e-23
   8.7039607e+02   1.3557531e-23
   8.7240321e+02   1.3575404e-23
   8.7441498e+02   1.3593336e-23
   8.7643138e+02   1.3611327e-23
   8.7845244e+02   1.3629378e-23
   8.8047816e+02   1.3647489e-23
   8.8250855e+02   1.3665659e-23
   8.8454362e+02   1.3683889e-23
   8.8658338e+02   1.3702180e-23
   8.8862785e+02   1.3720530e-23
   8.9067703e+02   1.3738941e-23
   8.9273094e+02   1.3757413e-23
   8.9478959e+02   1.3775945e-23
   8.9685298e+02   1.3794538e-23
   8.9892113e+02   1.3813192e-23
   9.0099405e+02   1.3831907e-23
   9.0307175e+02   1.3850683e-23
   9.0515424e+02   1.3869521e-23
   9.0724153e+02   1.3888421e-23
   9.0933364e+02   1.3907382e-23
   9.1143057e+02   1.3926405e-23
   9.1353233e+02   1.3945490e-23
   9.1563894e+02   1.3964637e-23
   9.1775041e+02   1.3983847e-23
   9.1986675e+02   1.4003119e-23
   9.2198797e+02   1.4022454e-23
   9.2411408e+02   1.4041852e-23
   9.2624510e+02   1.4061312e-23
   9.2838103e+02   1.4080836e-23
   9.3052188e+02   1.4100424e-23
   9.3266767e+02   1.4120075e-23
   9.3481841e+02   1.4139790e-23
   9.3697411e+02   1.4159569e-23
   9.3913478e+02   1.4179413e-23
   9.4130043e+02   1.4199321e-23
   9.4347108e+02   1.4219296e-23
   9.4564673e+02   1.4239337e-23
   9.4782740e+02   1.4259446e-23
   9.5001309e+02   1.4279628e-23
   9.5220383e+02   1.4299892e-23
   9.5439962e+02   1.4320265e-23
   9.5660047e+02   1.4340861e-23
   9.5880640e+02   1.4362741e-23
   9.6101742e+02   1.4502724e-23
   9.6323353e+02   1.4403082e-23
   9.6545475e+02   1.4422844e-23
   9.6768110e+02   1.4443353e-23
   9.6991258e+02   1.4464040e-23
   9.7214920e+02   1.4484827e-23
   9.7439099e+02   1.4505694e-23
   9.7663794e+02   1.4526634e-23
   9.7889008e+02   1.4547644e-23
   9.8114740e+02   1.4568723e-23
   9.8340994e+02   1.4589870e-23
   9.8567769e+02   1.4611085e-23
   9.8795067e+02   1.4632367e-23
   9.9022889e+02   1.4653718e-23
   9.9251237e+02   1.4675137e-23
   9.9480111e+02   1.4696623e-23
   9.9709513e+02   1.4718178e-23
   9.9939443e+02   1.4739800e-23
   1.0016990e+03   1.4761491e-23
   1.0040090e+03   1.4783251e-23
   1.0063242e+03   1.4805079e-23
   1.0086448e+03   1.4826976e-23
   1.0109708e+03   1.4848942e-23
   1.0133021e+03   1.4870977e-23
   1.0156387e+03   1.4893081e-23
   1.0179808e+03   1.4915254e-23
   1.0203283e+03   1.4937497e-23
   1.0226812e+03   1.4959810e-23
   1.0250395e+03   1.4982192e-23
   1.0274032e+03   1.5004645e-23
   1.0297724e+03   1.5027168e-23
   1.0321471e+03   1.5049761e-23
   1.0345272e+03   1.5072424e-23
   1.0369129e+03   1.5095158e-23
   1.0393040e+03   1.5117963e-23
   1.0417006e+03   1.5140839e-23
   1.0441028e+03   1.5163786e-23
   1.0465105e+03   1.5186805e-23
   1.0489238e+03   1.5209895e-23
   1.0513426e+03   1.5233056e-23
   1.0537670e+03   1.5256290e-23
   1.0561970e+03   1.5279595e-23
   1.0586326e+03   1.5302972e-23
   1.0610738e+03   1.5326422e-23
   1.0635207e+03   1.5349944e-23
   1.0659731e+03   1.5373539e-23
   1.0684313e+03   1.5397207e-23
   1.0708951e+03   1.5420947e-23
   1.0733646e+03   1.5444761e-23
   1.0758398e+03   1.5468648e-23
   1.0783207e+03   1.5492609e-23
   1.0808073e+03   1.5516643e-23
   1.0832996e+03   1.5540751e-23
   1.0857977e+03   1.5564932e-23
   1.0883016e+03   1.5589189e-23
   1.0908112e+03   1.5613519e-23
   1.0933266e+03   1.5637924e-23
   1.0958479e+03   1.5662403e-23
   1.0983749e+03   1.5686957e-23
   1.1009078e+03   1.5711587e-23
   1.1034465e+03   1.5736291e-23
   1.1059910e+03   1.5761071e-23
   1.1085414e+03   1.5785926e-23
   1.1110977e+03   1.5810857e-23
   1.1136599e+03   1.5835863e-23
   1.1162281e+03   1.5860946e-23
   1.1188021e+03   1.5886105e-23
   1.1213820e+03   1.5911340e-23
   1.1239680e+03   1.5936652e-23
   1.1265598e+03   1.5962040e-23
   1.1291577e+03   1.5987506e-23
   1.1317615e+03   1.6013048e-23
   1.1343714e+03   1.6038668e-23
   1.1369873e+03   1.6064365e-23
   1.1396092e+03   1.6090139e-23
   1.1422371e+03   1.6115992e-23
   1.1448711e+03   1.6141922e-23
   1.1475112e+03   1.6167930e-23
   1.1501574e+03   1.6194017e-23
   1.1528096e+03   1.6220181e-23
   1.1554680e+03   1.6246425e-23
   1.1581325e+03   1.6272747e-23
   1.1608032e+03   1.6299149e-23
   1.1634800e+03   1.6325629e-23
   1.1661630e+03   1.6352189e-23
   1.1688522e+03   1.6378828e-23
   1.1715476e+03   1.6405547e-23
   1.1742492e+03   1.6432346e-23
   1.1769570e+03   1.6459225e-23
   1.1796711e+03   1.6486184e-23
   1.1823914e+03   1.6513223e-23
   1.1851180e+03   1.6540343e-23
   1.1878509e+03   1.6567544e-23
   1.1905901e+03   1.6594826e-23
   1.1933356e+03   1.6622189e-23
   1.1960875e+03   1.6649633e-23
   1.1988456e+03   1.6677158e-23
   1.2016102e+03   1.6704765e-23
   1.2043811e+03   1.6732454e-23
   1.2071584e+03   1.6760225e-23
   1.2099421e+03   1.6788078e-23
   1.2127323e+03   1.6816014e-23
   1.2155288e+03   1.6844032e-23
   1.2183319e+03   1.6872133e-23
   1.2211413e+03   1.6900317e-23
   1.2239573e+03   1.6928584e-23
   1.2267798e+03   1.6956934e-23
   1.2296087e+03   1.6985367e-23
   1.2324442e+03   1.7013885e-23
   1.2352862e+03   1.7042486e-23
   1.2381348e+03   1.7071171e-23
   1.2409900e+03   1.7099940e-23
   1.2438517e+03   1.7128794e-23
   1.2467200e+03   1.7157732e-23
   1.2495950e+03   1.7186755e-23
   1.2524766e+03   1.7215863e-23
   1.2553648e+03   1.7245056e-23
   1.2582597e+03   1.7274335e-23
   1.2611612e+03   1.7303699e-23
   1.2640695e+03   1.7333148e-23
   1.2669844e+03   1.7362684e-23
   1.2699061e+03   1.7392305e-23
   1.2728345e+03   1.7422013e-23
   1.2757697e+03   1.7451808e-23
   1.2787116e+03   1.7481688e-23
   1.2816603e+03   1.7511656e-23
   1.2846158e+03   1.7541711e-23
   1.2875782e+03   1.7571853e-23
   1.2905473e+03   1.7602083e-23
   1.2935233e+03   1.7632400e-23
   1.2965062e+03   1.7662804e-23
   1.2994960e+03   1.7693297e-23
   1.3024926e+03   1.7723878e-23
   1.3054962e+03   1.7754547e-23
   1.3085067e+03   1.7785305e-23
   1.3115241e+03   1.7816152e-23
   1.3145485e+03   1.7847087e-23
   1.3175798e+03   1.7878112e-23
   1.3206182e+03   1.7909226e-23
   1.3236635e+03   1.7940429e-23
   1.3267159e+03   1.7971723e-23
   1.3297753e+03   1.8003106e-23
   1.3328418e+03   1.8034579e-23
   1.3359154e+03   1.8066143e-23
   1.3389960e+03   1.8097797e-23
   1.3420837e+03   1.8129541e-23
   1.3451786e+03   1.8161377e-23
   1.3482806e+03   1.8193304e-23
   1.3513897e+03   1.8225322e-23
   1.3545060e+03   1.8257431e-23
   1.3576295e+03   1.8289632e-23
   1.3607602e+03   1.8321925e-23
   1.3638982e+03   1.8354310e-23
   1.3670433e+03   1.8386788e-23
   1.3701957e+03   1.8419358e-23
   1.3733554e+03   1.8452020e-23
   1.3765224e+03   1.8484776e-23
   1.3796966e+03   1.8517624e-23
   1.3828782e+03   1.8550566e-23
   1.3860672e+03   1.8583601e-23
   1.3892634e+03   1.8616730e-23
   1.3924671e+03   1.8649953e-23
   1.3956781e+03   1.8683270e-23
   1.3988966e+03   1.8716682e-23
   1.4021224e+03   1.8750188e-23
   1.4053558e+03   1.8783788e-23
   1.4085965e+03   1.8817484e-23
   1.4118448e+03   1.8851274e-23
   1.4151005e+03   1.8885161e-23
   1.4183637e+03   1.8919142e-23
   1.4216345e+03   1.8953220e-23
   1.4249128e+03   1.8987395e-23
   1.4281986e+03   1.9021666e-23
   1.4314921e+03   1.9056037e-23
   1.4347931e+03   1.9090516e-23
   1.4381017e+03   1.9125171e-23
   1.4414180e+03   1.9177312e-23
   1.4447419e+03   1.9194544e-23
   1.4480735e+03   1.9229328e-23
   1.4514128e+03   1.9264263e-23
   1.4547598e+03   1.9299304e-23
   1.4581144e+03   1.9334445e-23
   1.4614769e+03   1.9369686e-23
   1.4648470e+03   1.9405026e-23
   1.4682250e+03   1.9440464e-23
   1.4716107e+03   1.9476002e-23
   1.4750043e+03   1.9511639e-23
   1.4784056e+03   1.9547375e-23
   1.4818149e+03   1.9583210e-23
   1.4852319e+03   1.9619146e-23
   1.4886569e+03   1.9655181e-23
   1.4920897e+03   1.9691316e-23
   1.4955305e+03   1.9727552e-23
   1.4989792e+03   1.9763889e-23
   1.5024359e+03   1.9800326e-23
   1.5059005e+03   1.9836864e-23
   1.5093731e+03   1.9873504e-23
   1.5128538e+03   1.9910245e-23
   1.5163424e+03   1.9947087e-23
   1.5198391e+03   1.9984032e-23
   1.5233439e+03   2.0021078e-23
   1.5268567e+03   2.0058227e-23
   1.5303776e+03   2.0095479e-23
   1.5339067e+03   2.0132833e-23
   1.5374439e+03   2.0170290e-23
   1.5409893e+03   2.0207850e-23
   1.5445428e+03   2.0245514e-23
   1.5481045e+03   2.0283282e-23
   1.5516745e+03   2.0321153e-23
   1.5552526e+03   2.0359128e-23
   1.5588391e+03   2.0397208e-23
   1.5624338e+03   2.0435392e-23
   1.5660367e+03   2.0473681e-23
   1.5696480e+03   2.0512075e-23
   1.5732677e+03   2.0550574e-23
   1.5768956e+03   2.0589178e-23
   1.5805320e+03   2.0627888e-23
   1.5841767e+03   2.0666704e-23
   1.5878298e+03   2.0705627e-23
   1.5914913e+03   2.0744655e-23
   1.5951613e+03   2.0783790e-23
   1.5988398e+03   2.0823032e-23
   1.6025267e+03   2.0862381e-23
   1.6062222e+03   2.0901837e-23
   1.6099261e+03   2.0941400e-23
   1.6136386e+03   2.0981071e-23
   1.6173597e+03   2.1020850e-23
   1.6210893e+03   2.1060738e-23
   1.6248276e+03   2.1100733e-23
   1.6285744e+03   2.1140838e-23
   1.6323300e+03   2.1181051e-23
   1.6360941e+03   2.1221373e-23
   1.6398670e+03   2.1261805e-23
   1.6436485e+03   2.1302346e-23
   1.6474388e+03   2.1342997e-23
   1.6512378e+03   2.1383758e-23
   1.6550456e+03   2.1424629e-23
   1.6588621e+03   2.1465611e-23
   1.6626874e+03   2.1506703e-23
   1.6665216e+03   2.1547906e-23
   1.6703646e+03   2.1589221e-23
   1.6742165e+03   2.1630647e-23
   1.6780773e+03   2.1672185e-23
   1.6819469e+03   2.1713834e-23
   1.6858255e+03   2.1755596e-23
   1.6897130e+03   2.1797470e-23
   1.6936095e+03   2.1839457e-23
   1.6975150e+03   2.1881557e-23
   1.7014295e+03   2.1923769e-23
   1.7053530e+03   2.1966095e-23
   1.7092855e+03   2.2008535e-23
   1.7132272e+03   2.2051089e-23
   1.7171779e+03   2.2093756e-23
   1.7211377e+03   2.2136538e-23
   1.7251067e+03   2.2179435e-23
   1.7290848e+03   2.2222446e-23
   1.7330721e+03   2.2265573e-23
   1.7370685e+03   2.2308815e-23
   1.7410742e+03   2.2352172e-23
   1.7450892e+03   2.2395645e-23
   1.7491133e+03   2.2439234e-23
   1.7531468e+03   2.2482939e-23
   1.7571896e+03   2.2526761e-23
   1.7612417e+03   2.2570700e-23
   1.7653031e+03   2.2614756e-23
   1.7693739e+03   2.2658929e-23
   1.7734541e+03   2.2703220e-23
   1.7775437e+03   2.2747628e-23
   1.7816427e+03   2.2792155e-23
   1.7857512e+03   2.2836800e-23
   1.7898692e+03   2.2881563e-23
   1.7939966e+03   2.2926445e-23
   1.7981336e+03   2.2971446e-23
   1.8022801e+03   2.3016567e-23
   1.8064362e+03   2.3061807e-23
   1.8106018e+03   2.3107167e-23
   1.8147771e+03   2.3152647e-23
   1.8189620e+03   2.3198247e-23
   1.8231565e+03   2.3243968e-23
   1.8273607e+03   2.3289809e-23
   1.8315746e+03   2.3335772e-23
   1.8357983e+03   2.3381856e-23
   1.8400316e+03   2.3428062e-23
   1.8442748e+03   2.3474390e-23
   1.8485277e+03   2.3520840e-23
   1.8527904e+03   2.3567412e-23
   1.8570629e+03   2.3614107e-23
   1.8613453e+03   2.3660925e-23
   1.8656376e+03   2.3707866e-23
   1.8699398e+03   2.3754930e-23
   1.8742519e+03   2.3802119e-23
   1.8785739e+03   2.3849431e-23
   1.8829059e+03   2.3896867e-23
   1.8872479e+03   2.3944428e-23
   1.8915999e+03   2.3992114e-23
   1.8959620e+03   2.4039925e-23
   1.9003341e+03   2.4087861e-23
   1.9047163e+03   2.4135923e-23
   1.9091086e+03   2.4184112e-23
   1.9135110e+03   2.4232428e-23
   1.9179235e+03   2.4280888e-23
   1.9223463e+03   2.4329922e-23
   1.9267792e+03   2.4378135e-23
   1.9312224e+03   2.4426948e-23
   1.9356758e+03   2.4475894e-23
   1.9401395e+03   2.4524970e-23
   1.9446135e+03   2.4574173e-23
   1.9490978e+03   2.4623505e-23
   1.9535924e+03   2.4672966e-23
   1.9580974e+03   2.4722556e-23
   1.9626128e+03   2.4772275e-23
   1.9671386e+03   2.4822123e-23
   1.9716748e+03   2.4872101e-23
   1.9762215e+03   2.4922209e-23
   1.9807787e+03   2.4972447e-23
   1.9853464e+03   2.5022815e-23
   1.9899246e+03   2.5073315e-23
   1.9945134e+03   2.5123945e-23
   1.9991128e+03   2.5174707e-23
   2.0037227e+03   2.5225600e-23
   2.0083433e+03   2.5276626e-23
   2.0129746e+03   2.5327783e-23
   2.0176165e+03   2.5379073e-23
   2.0222692e+03   2.5430496e-23
   2.0269325e+03   2.5482052e-23
   2.0316067e+03   2.5533741e-23
   2.0362916e+03   2.5585564e-23
   2.0409873e+03   2.5637520e-23
   2.0456938e+03   2.5689611e-23
   2.0504112e+03   2.5741836e-23
   2.0551394e+03   2.5794196e-23
   2.0598786e+03   2.5846692e-23
   2.0646287e+03   2.5899322e-23
   2.0693898e+03   2.5952088e-23
   2.0741618e+03   2.6004990e-23
   2.0789448e+03   2.6058028e-23
   2.0837389e+03   2.6111203e-23
   2.0885440e+03   2.6164515e-23
   2.0933602e+03   2.6217963e-23
   2.0981875e+03   2.6271549e-23
   2.1030259e+03   2.6325273e-23
   2.1078755e+03   2.6379135e-23
   2.1127363e+03   2.6433135e-23
   2.1176083e+03   2.6487273e-23
   2.1224915e+03   2.6541551e-23
   2.1273860e+03   2.6595967e-23
   2.1322918e+03   2.6650524e-23
   2.1372088e+03   2.6705219e-23
   2.1421373e+03   2.6760055e-23
   2.1470771e+03   2.6815032e-23
   2.1520282e+03   2.6870149e-23
   2.1569908e+03   2.6925406e-23
   2.1619649e+03   2.6980806e-23
   2.1669504e+03   2.7036346e-23
   2.1719474e+03   2.7092029e-23
   2.1769559e+03   2.7147854e-23
   2.1819760e+03   2.7203821e-23
   2.1870076e+03   2.7259931e-23
   2.1920509e+03   2.7316185e-23
   2.1971058e+03   2.7372581e-23
   2.2021723e+03   2.7429122e-23
   2.2072505e+03   2.7485806e-23
   2.2123405e+03   2.7542635e-23
   2.2174421e+03   2.7599609e-23
   2.2225556e+03   2.7656727e-23
   2.2276808e+03   2.7713991e-23
   2.2328179e+03   2.7771400e-23
   2.2379668e+03   2.7828955e-23
   2.2431275e+03   2.7886657e-23
   2.2483002e+03   2.7944505e-23
   2.2534848e+03   2.8002499e-23
   2.2586814e+03   2.8060641e-23
   2.2638899e+03   2.8118931e-23
   2.2691104e+03   2.8177368e-23
   2.2743430e+03   2.8235954e-23
   2.2795877e+03   2.8294687e-23
   2.2848444e+03   2.8353570e-23
   2.2901133e+03   2.8412602e-23
   2.2953943e+03   2.8471783e-23
   2.3006875e+03   2.8531114e-23
   2.3059929e+03   2.8590595e-23
   2.3113105e+03   2.8650226e-23
   2.3166404e+03   2.8710008e-23
   2.3219826e+03   2.8769941e-23
   2.3273371e+03   2.8830025e-23
   2.3327040e+03   2.8890261e-23
   2.3380832e+03   2.8950649e-23
   2.3434749e+03   2.9011190e-23
   2.3488789e+03   2.9071883e-23
   2.3542955e+03   2.9132729e-23
   2.3597245e+03   2.9193728e-23
   2.3651660e+03   2.9254881e-23
   2.3706201e+03   2.9316189e-23
   2.3760868e+03   2.9377650e-23
   2.3815661e+03   2.9439266e-23
   2.3870580e+03   2.9501037e-23
   2.3925626e+03   2.9562964e-23
   2.3980798e+03   2.9625053e-23
   2.4036098e+03   2.9687323e-23
   2.4091526e+03   2.9749680e-23
   2.4147081e+03   2.9812229e-23
   2.4202764e+03   2.9874937e-23
   2.4258576e+03   2.9937802e-23
   2.4314516e+03   3.0000825e-23
   2.4370586e+03   3.0064006e-23
   2.4426785e+03   3.0127346e-23
   2.4483113e+03   3.0190844e-23
   2.4539571e+03   3.0254501e-23
   2.4596160e+03   3.0318318e-23
   2.4652879e+03   3.0382294e-23
   2.4709728e+03   3.0446431e-23
   2.4766709e+03   3.0510728e-23
   2.4823821e+03   3.0575186e-23
   2.4881065e+03   3.0639805e-23
   2.4938441e+03   3.0704585e-23
   2.4995949e+03   3.0769528e-23
   2.5053590e+03   3.0834632e-23
   2.5111364e+03   3.0899900e-23
   2.5169271e+03   3.0965330e-23
   2.5227312e+03   3.1030923e-23
   2.5285486e+03   3.1096680e-23
   2.5343794e+03   3.1162601e-23
   2.5402237e+03   3.1228686e-23
   2.5460815e+03   3.1294936e-23
   2.5519528e+03   3.1361351e-23
   2.5578376e+03   3.1427931e-23
   2.5637360e+03   3.1494677e-23
   2.5696480e+03   3.1561589e-23
   2.5755736e+03   3.1628668e-23
   2.5815129e+03   3.1695913e-23
   2.5874659e+03   3.1763326e-23
   2.5934326e+03   3.1830907e-23
   2.5994131e+03   3.1898655e-23
   2.6054074e+03   3.1966571e-23
   2.6114155e+03   3.2034657e-23
   2.6174374e+03   3.2102911e-23
   2.6234732e+03   3.2171335e-23
   2.6295230e+03   3.2239928e-23
   2.6355867e+03   3.2308692e-23
   2.6416644e+03   3.2377626e-23
   2.6477561e+03   3.2446731e-23
   2.6538618e+03   3.2516007e-23
   2.6599816e+03   3.2585455e-23
   2.6661156e+03   3.2655075e-23
   2.6722637e+03   3.2724867e-23
   2.6784259e+03   3.2794832e-23
   2.6846024e+03   3.2864970e-23
   2.6907931e+03   3.2935282e-23
   2.6969981e+03   3.3005768e-23
   2.7032174e+03   3.3076427e-23
   2.7094510e+03   3.3147262e-23
   2.7156991e+03   3.3218271e-23
   2.7219615e+03   3.3289456e-23
   2.7282383e+03   3.3360817e-23
   2.7345297e+03   3.3432354e-23
   2.7408355e+03   3.3504068e-23
   2.7471559e+03   3.3575958e-23
   2.7534909e+03   3.3648026e-23
   2.7598405e+03   3.3720271e-23
   2.7662047e+03   3.3792695e-23
   2.7725836e+03   3.3865297e-23
   2.7789772e+03   3.3938078e-23
   2.7853855e+03   3.4011038e-23
   2.7918086e+03   3.4084178e-23
   2.7982465e+03   3.4157499e-23
   2.8046993e+03   3.4230999e-23
   2.8111670e+03   3.4304680e-23
   2.8176496e+03   3.4378543e-23
   2.8241471e+03   3.4452587e-23
   2.8306596e+03   3.4526814e-23
   2.8371871e+03   3.4601223e-23
   2.8437297e+03   3.4675814e-23
   2.8502873e+03   3.4750589e-23
   2.8568601e+03   3.4825548e-23
   2.8634481e+03   3.4900690e-23
   2.8700512e+03   3.4976018e-23
   2.8766696e+03   3.5051531e-23
   2.8833032e+03   3.5127278e-23
   2.8899521e+03   3.5203110e-23
   2.8966164e+03   3.5279178e-23
   2.9032960e+03   3.5355434e-23
   2.9099910e+03   3.5431876e-23
   2.9167015e+03   3.5508506e-23
   2.9234274e+03   3.5585323e-23
   2.9301688e+03   3.5662329e-23
   2.9369258e+03   3.5739523e-23
   2.9436984e+03   3.5816906e-23
   2.9504866e+03   3.5894478e-23
   2.9572904e+03   3.5972240e-23
   2.9641100e+03   3.6050192e-23
   2.9709452e+03   3.6128335e-23
   2.9777963e+03   3.6206669e-23
   2.9846631e+03   3.6285195e-23
   2.9915457e+03   3.6363912e-23
   2.9984443e+03   3.6442822e-23
   3.0053587e+03   3.6521924e-23
   3.0122891e+03   3.6601220e-23
   3.0192354e+03   3.6680709e-23
   3.0261978e+03   3.6760392e-23
   3.0331763e+03   3.6840270e-23
   3.0401708e+03   3.6920342e-23
   3.0471814e+03   3.7000610e-23
   3.0542083e+03   3.7081073e-23
   3.0612513e+03   3.7161733e-23
   3.0683106e+03   3.7242589e-23
   3.0753861e+03   3.7323642e-23
   3.0824780e+03   3.7404893e-23
   3.0895862e+03   3.7486341e-23
   3.0967108e+03   3.7567988e-23
   3.1038518e+03   3.7649834e-23
   3.1110093e+03   3.7731878e-23
   3.1181833e+03   3.7814123e-23
   3.1253739e+03   3.7896567e-23
   3.1325810e+03   3.7979212e-23
   3.1398048e+03   3.8062058e-23
   3.1470452e+03   3.8145105e-23
   3.1543023e+03   3.8228354e-23
   3.1615762e+03   3.8311806e-23
   3.1688668e+03   3.8395460e-23
   3.1761742e+03   3.8479317e-23
   3.1834985e+03   3.8563378e-23
   3.1908397e+03   3.8647643e-23
   3.1981978e+03   3.8732113e-23
   3.2055728e+03   3.8816788e-23
   3.2129649e+03   3.8901668e-23
   3.2203740e+03   3.8986753e-23
   3.2278002e+03   3.9072046e-23
   3.2352436e+03   3.9157545e-23
   3.2427041e+03   3.9243251e-23
   3.2501818e+03   3.9329165e-23
   3.2576767e+03   3.9415287e-23
   3.2651889e+03   3.9501618e-23
   3.2727185e+03   3.9588158e-23
   3.2802654e+03   3.9674907e-23
   3.2878297e+03   3.9761867e-23
   3.2954115e+03   3.9849037e-23
   3.3030107e+03   3.9936418e-23
   3.3106275e+03   4.0024010e-23
   3.3182618e+03   4.0111814e-23
   3.3259138e+03   4.0199831e-23
   3.3335833e+03   4.0288060e-23
   3.3412706e+03   4.0376503e-23
   3.3489756e+03   4.0465159e-23
   3.3566984e+03   4.0554030e-23
   3.3644389e+03   4.0643123e-23
   3.3721974e+03   4.0732416e-23
   3.3799737e+03   4.0821932e-23
   3.3877679e+03   4.0911664e-23
   3.3955801e+03   4.1001613e-23
   3.4034104e+03   4.1091779e-23
   3.4112587e+03   4.1182163e-23
   3.4191251e+03   4.1272765e-23
   3.4270096e+03   4.1363585e-23
   3.4349123e+03   4.1454625e-23
   3.4428332e+03   4.1545883e-23
   3.4507724e+03   4.1637362e-23
   3.4587299e+03   4.1729062e-23
   3.4667058e+03   4.1820982e-23
   3.4747000e+03   4.1913124e-23
   3.4827127e+03   4.2005488e-23
   3.4907439e+03   4.2098074e-23
   3.4987936e+03   4.2190883e-23
   3.5068618e+03   4.2283916e-23
   3.5149487e+03   4.2377172e-23
   3.5230542e+03   4.2470654e-23
   3.5311784e+03   4.2564360e-23
   3.5393213e+03   4.2658291e-23
   3.5474830e+03   4.2752448e-23
   3.5556635e+03   4.2846832e-23
   3.5638629e+03   4.2941443e-23
   3.5720812e+03   4.3036281e-23
   3.5803184e+03   4.3131348e-23
   3.5885747e+03   4.3226642e-23
   3.5968500e+03   4.3322166e-23
   3.6051443e+03   4.3417919e-23
   3.6134578e+03   4.3513902e-23
   3.6217905e+03   4.3610116e-23
   3.6301424e+03   4.3706560e-23
   3.6385135e+03   4.3803237e-23
   3.6469039e+03   4.3900145e-23
   3.6553137e+03   4.3997286e-23
   3.6637429e+03   4.4094659e-23
   3.6721915e+03   4.4192267e-23
   3.6806596e+03   4.4290108e-23
   3.6891472e+03   4.4388185e-23
   3.6976544e+03   4.4486496e-23
   3.7061813e+03   4.4585043e-23
   3.7147277e+03   4.4683827e-23
   3.7232939e+03   4.4782847e-23
   3.7318799e+03   4.4882104e-23
   3.7404856e+03   4.4981599e-23
   3.7491112e+03   4.5081332e-23
   3.7577567e+03   4.5181305e-23
   3.7664221e+03   4.5281516e-23
   3.7751075e+03   4.5381968e-23
   3.7838129e+03   4.5482660e-23
   3.7925384e+03   4.5583593e-23
   3.8012841e+03   4.5684768e-23
   3.8100498e+03   4.5786184e-23
   3.8188359e+03   4.5887844e-23
   3.8276421e+03   4.5989746e-23
   3.8364687e+03   4.6091893e-23
   3.8453156e+03   4.6194285e-23
   3.8541829e+03   4.6296918e-23
   3.8630707e+03   4.6399798e-23
   3.8719790e+03   4.6502925e-23
   3.8809078e+03   4.6606298e-23
   3.8898572e+03   4.6709917e-23
   3.8988272e+03   4.6813785e-23
   3.9078180e+03   4.6917900e-23
   3.9168294e+03   4.7022264e-23
   3.9258617e+03   4.7126878e-23
   3.9349147e+03   4.7231741e-23
   3.9439887e+03   4.7336854e-23
   3.9530835e+03   4.7442218e-23
   3.9621994e+03   4.7547834e-23
   3.9713362e+03   4.7653701e-23
   3.9804942e+03   4.7759821e-23
   3.9896732e+03   4.7866195e-23
   3.9988734e+03   4.7972822e-23
   4.0080949e+03   4.8079703e-23
   4.0173376e+03   4.8186839e-23
   4.0266016e+03   4.8294230e-23
   4.0358870e+03   4.8401878e-23
   4.0451937e+03   4.8509782e-23
   4.0545220e+03   4.8617943e-23
   4.0638718e+03   4.8726362e-23
   4.0732431e+03   4.8835039e-23
   4.0826360e+03   4.8943975e-23
   4.0920506e+03   4.9053170e-23
   4.1014869e+03   4.9162625e-23
   4.1109450e+03   4.9272341e-23
   4.1204248e+03   4.9382318e-23
   4.1299266e+03   4.9492557e-23
   4.1394502e+03   4.9603058e-23
   4.1489958e+03   4.9713822e-23
   4.1585634e+03   4.9824850e-23
   4.1681531e+03   4.9936142e-23
   4.1777649e+03   5.0047698e-23
   4.1873988e+03   5.0159520e-23
   4.1970550e+03   5.0271607e-23
   4.2067335e+03   5.0383961e-23
   4.2164342e+03   5.0496583e-23
   4.2261574e+03   5.0609472e-23
   4.2359029e+03   5.0722629e-23
   4.2456709e+03   5.0836055e-23
   4.2554615e+03   5.0949750e-23
   4.2652746e+03   5.1063716e-23
   4.2751104e+03   5.1177952e-23
   4.2849688e+03   5.1292460e-23
   4.2948500e+03   5.1407240e-23
   4.3047539e+03   5.1522292e-23
   4.3146807e+03   5.1637617e-23
   4.3246304e+03   5.1753222e-23
   4.3346030e+03   5.1869089e-23
   4.3445987e+03   5.1985238e-23
   4.3546173e+03   5.2101661e-23
   4.3646591e+03   5.2218362e-23
   4.3747241e+03   5.2335339e-23
   4.3848122e+03   5.2452593e-23
   4.3949236e+03   5.2570126e-23
   4.4050583e+03   5.2687937e-23
   4.4152164e+03   5.2806028e-23
   4.4253980e+03   5.2924398e-23
   4.4356030e+03   5.3043049e-23
   4.4458315e+03   5.3161982e-23
   4.4560836e+03   5.3281196e-23
   4.4663594e+03   5.3400693e-23
   4.4766588e+03   5.3520473e-23
   4.4869821e+03   5.3640536e-23
   4.4973291e+03   5.3760884e-23
   4.5076999e+03   5.3881517e-23
   4.5180947e+03   5.4002436e-23
   4.5285135e+03   5.4123641e-23
   4.5389563e+03   5.4245133e-23
   4.5494231e+03   5.4366913e-23
   4.5599142e+03   5.4488981e-23
   4.5704294e+03   5.4611338e-23
   4.5809688e+03   5.4733984e-23
   4.5915325e+03   5.4856921e-23
   4.6021207e+03   5.4980148e-23
   4.6127332e+03   5.5103667e-23
   4.6233702e+03   5.5227479e-23
   4.6340317e+03   5.5351583e-23
   4.6447178e+03   5.5475980e-23
   4.6554286e+03   5.5600672e-23
   4.6661640e+03   5.5725659e-23
   4.6769242e+03   5.5850941e-23
   4.6877093e+03   5.5976519e-23
   4.6985192e+03   5.6102394e-23
   4.7093540e+03   5.6228566e-23
   4.7202138e+03   5.6355037e-23
   4.7310986e+03   5.6481806e-23
   4.7420086e+03   5.6608875e-23
   4.7529437e+03   5.6736245e-23
   4.7639040e+03   5.6863915e-23
   4.7748896e+03   5.6991886e-23
   4.7859005e+03   5.7120160e-23
   4.7969369e+03   5.7248737e-23
   4.8079986e+03   5.7377617e-23
   4.8190859e+03   5.7506801e-23
   4.8301988e+03   5.7636291e-23
   4.8413372e+03   5.7766086e-23
   4.8525014e+03   5.7896187e-23
   4.8636913e+03   5.8026596e-23
   4.8749070e+03   5.8157312e-23
   4.8861486e+03   5.8288337e-23
   4.8974161e+03   5.8419670e-23
   4.9087096e+03   5.8551314e-23
   4.9200291e+03   5.8683268e-23
   4.9313747e+03   5.8815533e-23
   4.9427465e+03   5.8948110e-23
   4.9541445e+03   5.9081000e-23
   4.9655688e+03   5.9214203e-23
   4.9770194e+03   5.9347720e-23
   4.9884965e+03   5.9481552e-23
   5.0000000e+03   5.9615699e-23
