   5.0000000e+00   1.6454528e-20
   5.0115300e+00   1.6036444e-20
   5.0230867e+00   1.5630660e-20
   5.0346699e+00   1.5237117e-20
   5.0462799e+00   1.4855899e-20
   5.0579167e+00   1.4486844e-20
   5.0695803e+00   1.4124811e-20
   5.0812708e+00   1.3743893e-20
   5.0929882e+00   1.3356010e-20
   5.1047327e+00   1.3016179e-20
   5.1165042e+00   1.2696614e-20
   5.1283029e+00   1.2384534e-20
   5.1401288e+00   1.2079411e-20
   5.1519820e+00   1.1781501e-20
   5.1638625e+00   1.1490939e-20
   5.1757704e+00   1.1207733e-20
   5.1877058e+00   1.0931809e-20
   5.1996687e+00   1.0663044e-20
   5.2116592e+00   1.0401289e-20
   5.2236773e+00   1.0146381e-20
   5.2357231e+00   9.8981492e-21
   5.2477968e+00   9.6564227e-21
   5.2598982e+00   9.4210291e-21
   5.2720276e+00   9.1917976e-21
   5.2841849e+00   8.9685605e-21
   5.2963703e+00   8.7511533e-21
   5.3085838e+00   8.5394151e-21
   5.3208254e+00   8.3331892e-21
   5.3330953e+00   8.1323226e-21
   5.3453934e+00   7.9366667e-21
   5.3577199e+00   7.7460769e-21
   5.3700749e+00   7.5604125e-21
   5.3824583e+00   7.3795371e-21
   5.3948703e+00   7.2033181e-21
   5.4073109e+00   7.0316266e-21
   5.4197802e+00   6.8643377e-21
   5.4322783e+00   6.7013300e-21
   5.4448051e+00   6.5424857e-21
   5.4573609e+00   6.3876905e-21
   5.4699456e+00   6.2368335e-21
   5.4825594e+00   6.0898068e-21
   5.4952022e+00   5.9465061e-21
   5.5078742e+00   5.8068297e-21
   5.5205754e+00   5.6706794e-21
   5.5333058e+00   5.5379593e-21
   5.5460657e+00   5.4085769e-21
   5.5588550e+00   5.2824420e-21
   5.5716737e+00   5.1594672e-21
   5.5845220e+00   5.0395675e-21
   5.5974000e+00   4.9226606e-21
   5.6103076e+00   4.8086664e-21
   5.6232451e+00   4.6975072e-21
   5.6362123e+00   4.5891076e-21
   5.6492094e+00   4.4833943e-21
   5.6622366e+00   4.3802960e-21
   5.6752937e+00   4.2797438e-21
   5.6883810e+00   4.1816705e-21
   5.7014985e+00   4.0860107e-21
   5.7146461e+00   3.9927013e-21
   5.7278242e+00   3.9016806e-21
   5.7410326e+00   3.8128888e-21
   5.7542714e+00   3.7262678e-21
   5.7675408e+00   3.6417613e-21
   5.7808408e+00   3.5593142e-21
   5.7941715e+00   3.4788733e-21
   5.8075329e+00   3.4003868e-21
   5.8209251e+00   3.3238043e-21
   5.8343482e+00   3.2490768e-21
   5.8478023e+00   3.1761568e-21
   5.8612873e+00   3.1049979e-21
   5.8748035e+00   3.0355553e-21
   5.8883508e+00   2.9677852e-21
   5.9019294e+00   2.9016450e-21
   5.9155393e+00   2.8370934e-21
   5.9291806e+00   2.7740902e-21
   5.9428533e+00   2.7125963e-21
   5.9565576e+00   2.6525736e-21
   5.9702935e+00   2.5939852e-21
   5.9840610e+00   2.5367952e-21
   5.9978603e+00   2.4809684e-21
   6.0116914e+00   2.4264708e-21
   6.0255544e+00   2.3732694e-21
   6.0394494e+00   2.3213319e-21
   6.0533764e+00   2.2706269e-21
   6.0673355e+00   2.2211239e-21
   6.0813269e+00   2.1727932e-21
   6.0953505e+00   2.1256060e-21
   6.1094064e+00   2.0795341e-21
   6.1234947e+00   2.0345501e-21
   6.1376155e+00   1.9906275e-21
   6.1517689e+00   1.9477402e-21
   6.1659550e+00   1.9058631e-21
   6.1801737e+00   1.8649716e-21
   6.1944252e+00   1.8250417e-21
   6.2087096e+00   1.7860501e-21
   6.2230269e+00   1.7479743e-21
   6.2373773e+00   1.7107921e-21
   6.2517607e+00   1.6744820e-21
   6.2661773e+00   1.6390230e-21
   6.2806272e+00   1.6043949e-21
   6.2951104e+00   1.5705777e-21
   6.3096269e+00   1.5375522e-21
   6.3241770e+00   1.5052994e-21
   6.3387606e+00   1.4738011e-21
   6.3533778e+00   1.4430393e-21
   6.3680288e+00   1.4129968e-21
   6.3827135e+00   1.3836564e-21
   6.3974321e+00   1.3550018e-21
   6.4121846e+00   1.3270167e-21
   6.4269711e+00   1.2996857e-21
   6.4417918e+00   1.2729933e-21
   6.4566466e+00   1.2469247e-21
   6.4715357e+00   1.2214653e-21
   6.4864591e+00   1.1966012e-21
   6.5014169e+00   1.1723184e-21
   6.5164092e+00   1.1486037e-21
   6.5314361e+00   1.1254438e-21
   6.5464977e+00   1.1028261e-21
   6.5615939e+00   1.0807382e-21
   6.5767250e+00   1.0591680e-21
   6.5918910e+00   1.0381036e-21
   6.6070920e+00   1.0175335e-21
   6.6223280e+00   9.9744664e-22
   6.6375991e+00   9.7783201e-22
   6.6529055e+00   9.5867897e-22
   6.6682471e+00   9.3997715e-22
   6.6836241e+00   9.2171644e-22
   6.6990366e+00   9.0388698e-22
   6.7144846e+00   8.8647916e-22
   6.7299683e+00   8.6948360e-22
   6.7454877e+00   8.5289118e-22
   6.7610428e+00   8.3669299e-22
   6.7766338e+00   8.2088036e-22
   6.7922608e+00   8.0544481e-22
   6.8079238e+00   7.9037812e-22
   6.8236229e+00   7.7567223e-22
   6.8393582e+00   7.6131930e-22
   6.8551299e+00   7.4731170e-22
   6.8709378e+00   7.3364198e-22
   6.8867823e+00   7.2030288e-22
   6.9026632e+00   7.0728731e-22
   6.9185808e+00   6.9458839e-22
   6.9345351e+00   6.8219938e-22
   6.9505262e+00   6.7011373e-22
   6.9665542e+00   6.5832506e-22
   6.9826191e+00   6.4682714e-22
   6.9987211e+00   6.3561391e-22
   7.0148602e+00   6.2467944e-22
   7.0310365e+00   6.1401799e-22
   7.0472502e+00   6.0362393e-22
   7.0635012e+00   5.9349181e-22
   7.0797897e+00   5.8361629e-22
   7.0961157e+00   5.7399220e-22
   7.1124794e+00   5.6461447e-22
   7.1288808e+00   5.5547820e-22
   7.1453201e+00   5.4657860e-22
   7.1617972e+00   5.3791101e-22
   7.1783124e+00   5.2947089e-22
   7.1948656e+00   5.2125384e-22
   7.2114571e+00   5.1325557e-22
   7.2280867e+00   5.0547191e-22
   7.2447548e+00   4.9789881e-22
   7.2614612e+00   4.9053234e-22
   7.2782062e+00   4.8336867e-22
   7.2949898e+00   4.7640409e-22
   7.3118121e+00   4.6963502e-22
   7.3286732e+00   4.6305795e-22
   7.3455732e+00   4.5666952e-22
   7.3625121e+00   4.5046645e-22
   7.3794901e+00   4.4444558e-22
   7.3965073e+00   4.3860385e-22
   7.4135637e+00   4.3293833e-22
   7.4306594e+00   4.2744616e-22
   7.4477946e+00   4.2212461e-22
   7.4649693e+00   4.1697106e-22
   7.4821835e+00   4.1198297e-22
   7.4994375e+00   4.0715793e-22
   7.5167313e+00   4.0249364e-22
   7.5340649e+00   3.9798789e-22
   7.5514385e+00   3.9363861e-22
   7.5688522e+00   3.8944382e-22
   7.5863060e+00   3.8540165e-22
   7.6038001e+00   3.8151037e-22
   7.6213345e+00   3.7776834e-22
   7.6389094e+00   3.7417406e-22
   7.6565248e+00   3.7072615e-22
   7.6741808e+00   3.6742337e-22
   7.6918775e+00   3.6426459e-22
   7.7096150e+00   3.6124883e-22
   7.7273934e+00   3.5837525e-22
   7.7452129e+00   3.5564316e-22
   7.7630734e+00   3.5305203e-22
   7.7809751e+00   3.5060148e-22
   7.7989181e+00   3.4829128e-22
   7.8169025e+00   3.4612143e-22
   7.8349283e+00   3.4409207e-22
   7.8529957e+00   3.4220356e-22
   7.8711048e+00   3.4045645e-22
   7.8892556e+00   3.3885151e-22
   7.9074483e+00   3.3738978e-22
   7.9256829e+00   3.3607252e-22
   7.9439596e+00   3.3490126e-22
   7.9622784e+00   3.3387781e-22
   7.9806395e+00   3.3300430e-22
   7.9990429e+00   3.3228318e-22
   8.0174888e+00   3.3171728e-22
   8.0359772e+00   3.3130979e-22
   8.0545082e+00   3.3106432e-22
   8.0730819e+00   3.3098494e-22
   8.0916985e+00   3.3107620e-22
   8.1103581e+00   3.3134322e-22
   8.1290606e+00   3.3179168e-22
   8.1478063e+00   3.3242792e-22
   8.1665952e+00   3.3325900e-22
   8.1854274e+00   3.3429273e-22
   8.2043031e+00   3.3553783e-22
   8.2232223e+00   3.3700394e-22
   8.2421851e+00   3.3870181e-22
   8.2611916e+00   3.4064335e-22
   8.2802420e+00   3.4284182e-22
   8.2993363e+00   3.4531196e-22
   8.3184746e+00   3.4807020e-22
   8.3376571e+00   3.5113488e-22
   8.3568838e+00   3.5452647e-22
   8.3761548e+00   3.5826789e-22
   8.3954703e+00   3.6238484e-22
   8.4148303e+00   3.6690622e-22
   8.4342350e+00   3.7186462e-22
   8.4536844e+00   3.7729684e-22
   8.4731786e+00   3.8324462e-22
   8.4927179e+00   3.8975543e-22
   8.5123021e+00   3.9688347e-22
   8.5319316e+00   4.0469086e-22
   8.5516063e+00   4.1324910e-22
   8.5713263e+00   4.2264088e-22
   8.5910919e+00   4.3296231e-22
   8.6109030e+00   4.4432574e-22
   8.6307598e+00   4.5686326e-22
   8.6506624e+00   4.7073123e-22
   8.6706109e+00   4.8611584e-22
   8.6906054e+00   5.0324143e-22
   8.7106460e+00   5.2237927e-22
   8.7307328e+00   5.4386159e-22
   8.7508660e+00   5.6809932e-22
   8.7710455e+00   5.9560682e-22
   8.7912716e+00   6.2703655e-22
   8.8115444e+00   6.6322869e-22
   8.8318638e+00   7.0528385e-22
   8.8522302e+00   7.5467243e-22
   8.8726435e+00   8.1340409e-22
   8.8931039e+00   8.8429989e-22
   8.9136114e+00   9.7144768e-22
   8.9341663e+00   1.0810031e-21
   8.9547686e+00   1.2226859e-21
   8.9754183e+00   1.4127957e-21
   8.9961157e+00   1.6809118e-21
   9.0168608e+00   2.0868701e-21
   9.0376538e+00   2.7727174e-21
   9.0584947e+00   4.1776514e-21
   9.0793836e+00   8.6657790e-21
   9.1003208e+00   8.9941250e-20
   9.1213062e+00   7.1493506e-21
   9.1423400e+00   3.7010460e-21
   9.1634223e+00   2.4972742e-21
   9.1845532e+00   1.9003552e-21
   9.2057328e+00   1.5760997e-21
   9.2269613e+00   1.4666735e-21
   9.2482388e+00   1.8837959e-21
   9.2695653e+00   3.9194105e-20
   9.2909410e+00   1.7501110e-21
   9.3123660e+00   1.0448688e-21
   9.3338403e+00   8.1694885e-22
   9.3553642e+00   6.9536887e-22
   9.3769378e+00   6.1445483e-22
   9.3985611e+00   5.5420626e-22
   9.4202342e+00   5.0643691e-22
   9.4419574e+00   4.6707747e-22
   9.4637306e+00   4.3380981e-22
   9.4855540e+00   4.0517802e-22
   9.5074278e+00   3.8020013e-22
   9.5293520e+00   3.5817774e-22
   9.5513267e+00   3.3859379e-22
   9.5733522e+00   3.2105337e-22
   9.5954284e+00   3.0524738e-22
   9.6175555e+00   2.9092903e-22
   9.6397337e+00   2.7789808e-22
   9.6619630e+00   2.6598985e-22
   9.6842435e+00   2.5506727e-22
   9.7065755e+00   2.4501514e-22
   9.7289589e+00   2.3573578e-22
   9.7513940e+00   2.2714569e-22
   9.7738808e+00   2.1917308e-22
   9.7964194e+00   2.1175574e-22
   9.8190100e+00   2.0483953e-22
   9.8416527e+00   1.9837708e-22
   9.8643477e+00   1.9232672e-22
   9.8870949e+00   1.8665167e-22
   9.9098946e+00   1.8131930e-22
   9.9327469e+00   1.7630061e-22
   9.9556519e+00   1.7156969e-22
   9.9786097e+00   1.6710331e-22
   1.0001620e+01   1.6288090e-22
   1.0024684e+01   1.5888523e-22
   1.0047801e+01   1.5509526e-22
   1.0070972e+01   1.5149691e-22
   1.0094195e+01   1.4807729e-22
   1.0117473e+01   1.4482432e-22
   1.0140804e+01   1.4172607e-22
   1.0164188e+01   1.3877174e-22
   1.0187627e+01   1.3595147e-22
   1.0211120e+01   1.3325628e-22
   1.0234667e+01   1.3067841e-22
   1.0258268e+01   1.2821034e-22
   1.0281924e+01   1.2584503e-22
   1.0305634e+01   1.2357603e-22
   1.0329399e+01   1.2139766e-22
   1.0353218e+01   1.1930455e-22
   1.0377093e+01   1.1729156e-22
   1.0401023e+01   1.1535397e-22
   1.0425007e+01   1.1348753e-22
   1.0449048e+01   1.1168831e-22
   1.0473143e+01   1.0995250e-22
   1.0497294e+01   1.0827658e-22
   1.0521501e+01   1.0665733e-22
   1.0545764e+01   1.0509180e-22
   1.0570082e+01   1.0357713e-22
   1.0594457e+01   1.0211064e-22
   1.0618888e+01   1.0068988e-22
   1.0643375e+01   9.9312593e-23
   1.0667919e+01   9.7976596e-23
   1.0692519e+01   9.6679834e-23
   1.0717176e+01   9.5420403e-23
   1.0741890e+01   9.4196567e-23
   1.0766661e+01   9.3006632e-23
   1.0791489e+01   9.1849004e-23
   1.0816374e+01   9.0722197e-23
   1.0841317e+01   8.9624849e-23
   1.0866317e+01   8.8555637e-23
   1.0891375e+01   8.7513310e-23
   1.0916491e+01   8.6496697e-23
   1.0941664e+01   8.5504721e-23
   1.0966896e+01   8.4536336e-23
   1.0992185e+01   8.3590551e-23
   1.1017533e+01   8.2666436e-23
   1.1042940e+01   8.1763133e-23
   1.1068405e+01   8.0879804e-23
   1.1093929e+01   8.0015659e-23
   1.1119512e+01   7.9169954e-23
   1.1145153e+01   7.8341997e-23
   1.1170854e+01   7.7531115e-23
   1.1196614e+01   7.6736669e-23
   1.1222434e+01   7.5958063e-23
   1.1248313e+01   7.5194731e-23
   1.1274251e+01   7.4446128e-23
   1.1300250e+01   7.3711737e-23
   1.1326308e+01   7.2991072e-23
   1.1352427e+01   7.2283670e-23
   1.1378606e+01   7.1589086e-23
   1.1404845e+01   7.0906896e-23
   1.1431144e+01   7.0236702e-23
   1.1457505e+01   6.9578122e-23
   1.1483926e+01   6.8930790e-23
   1.1510408e+01   6.8294356e-23
   1.1536951e+01   6.7668492e-23
   1.1563555e+01   6.7052880e-23
   1.1590221e+01   6.6447215e-23
   1.1616948e+01   6.5851209e-23
   1.1643737e+01   6.5264585e-23
   1.1670587e+01   6.4687080e-23
   1.1697500e+01   6.4118438e-23
   1.1724474e+01   6.3558416e-23
   1.1751511e+01   6.3006785e-23
   1.1778610e+01   6.2463319e-23
   1.1805772e+01   6.1927805e-23
   1.1832996e+01   6.1400038e-23
   1.1860283e+01   6.0879822e-23
   1.1887633e+01   6.0366967e-23
   1.1915046e+01   5.9861290e-23
   1.1942522e+01   5.9362619e-23
   1.1970061e+01   5.8870784e-23
   1.1997664e+01   5.8385624e-23
   1.2025331e+01   5.7906982e-23
   1.2053062e+01   5.7434709e-23
   1.2080856e+01   5.6968661e-23
   1.2108715e+01   5.6508697e-23
   1.2136637e+01   5.6054684e-23
   1.2164625e+01   5.5606491e-23
   1.2192676e+01   5.5163993e-23
   1.2220793e+01   5.4727069e-23
   1.2248974e+01   5.4295602e-23
   1.2277220e+01   5.3869478e-23
   1.2305532e+01   5.3448587e-23
   1.2333908e+01   5.3032825e-23
   1.2362350e+01   5.2622087e-23
   1.2390858e+01   5.2216276e-23
   1.2419431e+01   5.1815293e-23
   1.2448071e+01   5.1419045e-23
   1.2476776e+01   5.1027443e-23
   1.2505548e+01   5.0640398e-23
   1.2534386e+01   5.0257824e-23
   1.2563290e+01   4.9879638e-23
   1.2592261e+01   4.9505760e-23
   1.2621299e+01   4.9136111e-23
   1.2650404e+01   4.8770616e-23
   1.2679576e+01   4.8409199e-23
   1.2708815e+01   4.8051789e-23
   1.2738121e+01   4.7698316e-23
   1.2767496e+01   4.7348711e-23
   1.2796938e+01   4.7002908e-23
   1.2826447e+01   4.6660841e-23
   1.2856025e+01   4.6322449e-23
   1.2885671e+01   4.5987667e-23
   1.2915386e+01   4.5656438e-23
   1.2945169e+01   4.5328702e-23
   1.2975020e+01   4.5004401e-23
   1.3004941e+01   4.4683481e-23
   1.3034930e+01   4.4365886e-23
   1.3064989e+01   4.4051563e-23
   1.3095117e+01   4.3740460e-23
   1.3125314e+01   4.3432526e-23
   1.3155582e+01   4.3127712e-23
   1.3185918e+01   4.2825970e-23
   1.3216325e+01   4.2527251e-23
   1.3246802e+01   4.2231509e-23
   1.3277349e+01   4.1938699e-23
   1.3307967e+01   4.1648776e-23
   1.3338655e+01   4.1361697e-23
   1.3369414e+01   4.1077420e-23
   1.3400244e+01   4.0795903e-23
   1.3431145e+01   4.0517105e-23
   1.3462118e+01   4.0240986e-23
   1.3493162e+01   3.9967507e-23
   1.3524277e+01   3.9696630e-23
   1.3555464e+01   3.9428317e-23
   1.3586723e+01   3.9162532e-23
   1.3618054e+01   3.8899240e-23
   1.3649457e+01   3.8638403e-23
   1.3680933e+01   3.8379989e-23
   1.3712481e+01   3.8123963e-23
   1.3744103e+01   3.7870292e-23
   1.3775797e+01   3.7618943e-23
   1.3807564e+01   3.7369885e-23
   1.3839404e+01   3.7123087e-23
   1.3871318e+01   3.6878517e-23
   1.3903305e+01   3.6636146e-23
   1.3935366e+01   3.6395944e-23
   1.3967501e+01   3.6157882e-23
   1.3999710e+01   3.5921932e-23
   1.4031994e+01   3.5688066e-23
   1.4064352e+01   3.5456257e-23
   1.4096784e+01   3.5226477e-23
   1.4129292e+01   3.4998702e-23
   1.4161874e+01   3.4772904e-23
   1.4194531e+01   3.4549058e-23
   1.4227264e+01   3.4327140e-23
   1.4260072e+01   3.4107125e-23
   1.4292956e+01   3.3888989e-23
   1.4325916e+01   3.3672709e-23
   1.4358951e+01   3.3458262e-23
   1.4392063e+01   3.3245624e-23
   1.4425251e+01   3.3034775e-23
   1.4458516e+01   3.2825690e-23
   1.4491858e+01   3.2618351e-23
   1.4525276e+01   3.2412734e-23
   1.4558771e+01   3.2208820e-23
   1.4592344e+01   3.2006588e-23
   1.4625994e+01   3.1806018e-23
   1.4659722e+01   3.1607091e-23
   1.4693527e+01   3.1409787e-23
   1.4727410e+01   3.1214087e-23
   1.4761372e+01   3.1019973e-23
   1.4795412e+01   3.0827427e-23
   1.4829530e+01   3.0636430e-23
   1.4863727e+01   3.0446964e-23
   1.4898003e+01   3.0259013e-23
   1.4932358e+01   3.0072560e-23
   1.4966792e+01   2.9887587e-23
   1.5001306e+01   2.9704078e-23
   1.5035899e+01   2.9522017e-23
   1.5070572e+01   2.9341389e-23
   1.5105324e+01   2.9162176e-23
   1.5140157e+01   2.8984365e-23
   1.5175071e+01   2.8807940e-23
   1.5210065e+01   2.8632885e-23
   1.5245139e+01   2.8459187e-23
   1.5280295e+01   2.8286831e-23
   1.5315531e+01   2.8115803e-23
   1.5350849e+01   2.7946089e-23
   1.5386248e+01   2.7777675e-23
   1.5421729e+01   2.7610548e-23
   1.5457291e+01   2.7444695e-23
   1.5492936e+01   2.7280102e-23
   1.5528663e+01   2.7116757e-23
   1.5564472e+01   2.6954647e-23
   1.5600364e+01   2.6793761e-23
   1.5636338e+01   2.6634085e-23
   1.5672396e+01   2.6475607e-23
   1.5708537e+01   2.6318317e-23
   1.5744761e+01   2.6162202e-23
   1.5781068e+01   2.6007250e-23
   1.5817459e+01   2.5853452e-23
   1.5853935e+01   2.5700795e-23
   1.5890494e+01   2.5549268e-23
   1.5927137e+01   2.5398862e-23
   1.5963866e+01   2.5249565e-23
   1.6000678e+01   2.5101367e-23
   1.6037576e+01   2.4954258e-23
   1.6074559e+01   2.4808227e-23
   1.6111627e+01   2.4663266e-23
   1.6148780e+01   2.4519363e-23
   1.6186020e+01   2.4376510e-23
   1.6223345e+01   2.4234697e-23
   1.6260756e+01   2.4093915e-23
   1.6298253e+01   2.3954154e-23
   1.6335837e+01   2.3815406e-23
   1.6373508e+01   2.3677661e-23
   1.6411265e+01   2.3540911e-23
   1.6449110e+01   2.3405147e-23
   1.6487041e+01   2.3270361e-23
   1.6525061e+01   2.3136544e-23
   1.6563168e+01   2.3003688e-23
   1.6601362e+01   2.2871785e-23
   1.6639645e+01   2.2740827e-23
   1.6678016e+01   2.2610805e-23
   1.6716476e+01   2.2481713e-23
   1.6755024e+01   2.2353543e-23
   1.6793662e+01   2.2226286e-23
   1.6832388e+01   2.2099936e-23
   1.6871203e+01   2.1974484e-23
   1.6910109e+01   2.1849925e-23
   1.6949103e+01   2.1726250e-23
   1.6988188e+01   2.1603453e-23
   1.7027363e+01   2.1481527e-23
   1.7066628e+01   2.1360464e-23
   1.7105984e+01   2.1240259e-23
   1.7145431e+01   2.1120904e-23
   1.7184968e+01   2.1002393e-23
   1.7224597e+01   2.0884719e-23
   1.7264317e+01   2.0767877e-23
   1.7304128e+01   2.0651859e-23
   1.7344032e+01   2.0536659e-23
   1.7384027e+01   2.0422272e-23
   1.7424115e+01   2.0308691e-23
   1.7464295e+01   2.0195910e-23
   1.7504568e+01   2.0083924e-23
   1.7544934e+01   1.9972727e-23
   1.7585392e+01   1.9862312e-23
   1.7625945e+01   1.9752674e-23
   1.7666590e+01   1.9643808e-23
   1.7707329e+01   1.9535709e-23
   1.7748163e+01   1.9428369e-23
   1.7789090e+01   1.9321786e-23
   1.7830112e+01   1.9215952e-23
   1.7871228e+01   1.9110862e-23
   1.7912439e+01   1.9006513e-23
   1.7953746e+01   1.8902898e-23
   1.7995147e+01   1.8800012e-23
   1.8036644e+01   1.8697851e-23
   1.8078237e+01   1.8596409e-23
   1.8119925e+01   1.8495682e-23
   1.8161710e+01   1.8395664e-23
   1.8203591e+01   1.8296352e-23
   1.8245569e+01   1.8197741e-23
   1.8287643e+01   1.8099825e-23
   1.8329814e+01   1.8002600e-23
   1.8372083e+01   1.7906062e-23
   1.8414449e+01   1.7810207e-23
   1.8456913e+01   1.7715029e-23
   1.8499475e+01   1.7620525e-23
   1.8542135e+01   1.7526690e-23
   1.8584893e+01   1.7433521e-23
   1.8627750e+01   1.7341012e-23
   1.8670706e+01   1.7249159e-23
   1.8713761e+01   1.7157959e-23
   1.8756915e+01   1.7067408e-23
   1.8800168e+01   1.6977501e-23
   1.8843522e+01   1.6888235e-23
   1.8886975e+01   1.6799605e-23
   1.8930528e+01   1.6711608e-23
   1.8974182e+01   1.6624240e-23
   1.9017937e+01   1.6537497e-23
   1.9061792e+01   1.6451375e-23
   1.9105749e+01   1.6365871e-23
   1.9149807e+01   1.6280981e-23
   1.9193967e+01   1.6196702e-23
   1.9238228e+01   1.6113029e-23
   1.9282592e+01   1.6029959e-23
   1.9327057e+01   1.5947489e-23
   1.9371626e+01   1.5865616e-23
   1.9416297e+01   1.5784335e-23
   1.9461071e+01   1.5703644e-23
   1.9505948e+01   1.5623538e-23
   1.9550929e+01   1.5544016e-23
   1.9596014e+01   1.5465072e-23
   1.9641202e+01   1.5386705e-23
   1.9686495e+01   1.5308911e-23
   1.9731892e+01   1.5231687e-23
   1.9777394e+01   1.5155029e-23
   1.9823001e+01   1.5078935e-23
   1.9868713e+01   1.5003401e-23
   1.9914530e+01   1.4928424e-23
   1.9960454e+01   1.4854002e-23
   2.0006482e+01   1.4780131e-23
   2.0052618e+01   1.4706808e-23
   2.0098859e+01   1.4634030e-23
   2.0145207e+01   1.4561795e-23
   2.0191662e+01   1.4490099e-23
   2.0238224e+01   1.4418939e-23
   2.0284894e+01   1.4348314e-23
   2.0331671e+01   1.4278219e-23
   2.0378556e+01   1.4208653e-23
   2.0425549e+01   1.4139611e-23
   2.0472650e+01   1.4071093e-23
   2.0519861e+01   1.4003094e-23
   2.0567180e+01   1.3935612e-23
   2.0614608e+01   1.3868645e-23
   2.0662145e+01   1.3802190e-23
   2.0709792e+01   1.3736244e-23
   2.0757549e+01   1.3670805e-23
   2.0805416e+01   1.3605869e-23
   2.0853394e+01   1.3541435e-23
   2.0901482e+01   1.3477500e-23
   2.0949681e+01   1.3414061e-23
   2.0997991e+01   1.3351116e-23
   2.1046412e+01   1.3288663e-23
   2.1094945e+01   1.3226698e-23
   2.1143591e+01   1.3165220e-23
   2.1192348e+01   1.3104226e-23
   2.1241218e+01   1.3043713e-23
   2.1290200e+01   1.2983680e-23
   2.1339295e+01   1.2924123e-23
   2.1388504e+01   1.2865041e-23
   2.1437826e+01   1.2806431e-23
   2.1487262e+01   1.2748291e-23
   2.1536812e+01   1.2690618e-23
   2.1586476e+01   1.2633411e-23
   2.1636254e+01   1.2576666e-23
   2.1686148e+01   1.2520382e-23
   2.1736156e+01   1.2464556e-23
   2.1786280e+01   1.2409187e-23
   2.1836519e+01   1.2354271e-23
   2.1886874e+01   1.2299807e-23
   2.1937346e+01   1.2245792e-23
   2.1987933e+01   1.2192225e-23
   2.2038638e+01   1.2139103e-23
   2.2089459e+01   1.2086424e-23
   2.2140397e+01   1.2034185e-23
   2.2191453e+01   1.1982385e-23
   2.2242627e+01   1.1931022e-23
   2.2293919e+01   1.1880092e-23
   2.2345328e+01   1.1829596e-23
   2.2396857e+01   1.1779529e-23
   2.2448504e+01   1.1729890e-23
   2.2500271e+01   1.1680678e-23
   2.2552157e+01   1.1631889e-23
   2.2604162e+01   1.1583522e-23
   2.2656287e+01   1.1535575e-23
   2.2708533e+01   1.1488046e-23
   2.2760899e+01   1.1440932e-23
   2.2813386e+01   1.1394232e-23
   2.2865994e+01   1.1347944e-23
   2.2918723e+01   1.1302065e-23
   2.2971574e+01   1.1256594e-23
   2.3024546e+01   1.1211529e-23
   2.3077641e+01   1.1166867e-23
   2.3130858e+01   1.1122607e-23
   2.3184198e+01   1.1078747e-23
   2.3237661e+01   1.1035284e-23
   2.3291247e+01   1.0992217e-23
   2.3344957e+01   1.0949544e-23
   2.3398791e+01   1.0907263e-23
   2.3452748e+01   1.0865371e-23
   2.3506831e+01   1.0823868e-23
   2.3561038e+01   1.0782750e-23
   2.3615370e+01   1.0742016e-23
   2.3669827e+01   1.0701665e-23
   2.3724410e+01   1.0661694e-23
   2.3779118e+01   1.0622100e-23
   2.3833953e+01   1.0582884e-23
   2.3888914e+01   1.0544041e-23
   2.3944002e+01   1.0505571e-23
   2.3999217e+01   1.0467472e-23
   2.4054560e+01   1.0429741e-23
   2.4110030e+01   1.0392377e-23
   2.4165628e+01   1.0355378e-23
   2.4221354e+01   1.0318742e-23
   2.4277208e+01   1.0282466e-23
   2.4333192e+01   1.0246550e-23
   2.4389304e+01   1.0210992e-23
   2.4445546e+01   1.0175788e-23
   2.4501918e+01   1.0140938e-23
   2.4558420e+01   1.0106440e-23
   2.4615051e+01   1.0072291e-23
   2.4671814e+01   1.0038490e-23
   2.4728707e+01   1.0005035e-23
   2.4785732e+01   9.9719239e-24
   2.4842888e+01   9.9391551e-24
   2.4900176e+01   9.9067265e-24
   2.4957596e+01   9.8746363e-24
   2.5015148e+01   9.8428826e-24
   2.5072833e+01   9.8114635e-24
   2.5130652e+01   9.7803772e-24
   2.5188603e+01   9.7496218e-24
   2.5246688e+01   9.7191953e-24
   2.5304907e+01   9.6890960e-24
   2.5363261e+01   9.6593219e-24
   2.5421748e+01   9.6298712e-24
   2.5480371e+01   9.6007419e-24
   2.5539129e+01   9.5719323e-24
   2.5598023e+01   9.5434404e-24
   2.5657052e+01   9.5152644e-24
   2.5716217e+01   9.4874024e-24
   2.5775519e+01   9.4598524e-24
   2.5834957e+01   9.4326128e-24
   2.5894533e+01   9.4056815e-24
   2.5954246e+01   9.3790566e-24
   2.6014097e+01   9.3527364e-24
   2.6074085e+01   9.3267190e-24
   2.6134212e+01   9.3010024e-24
   2.6194478e+01   9.2755848e-24
   2.6254883e+01   9.2504643e-24
   2.6315427e+01   9.2256390e-24
   2.6376110e+01   9.2011071e-24
   2.6436934e+01   9.1768668e-24
   2.6497898e+01   9.1529160e-24
   2.6559002e+01   9.1292530e-24
   2.6620247e+01   9.1058758e-24
   2.6681634e+01   9.0827827e-24
   2.6743162e+01   9.0599717e-24
   2.6804832e+01   9.0374409e-24
   2.6866644e+01   9.0151885e-24
   2.6928599e+01   8.9932126e-24
   2.6990696e+01   8.9715114e-24
   2.7052937e+01   8.9500829e-24
   2.7115321e+01   8.9289253e-24
   2.7177849e+01   8.9080367e-24
   2.7240522e+01   8.8874153e-24
   2.7303338e+01   8.8670592e-24
   2.7366300e+01   8.8469664e-24
   2.7429407e+01   8.8271353e-24
   2.7492659e+01   8.8075638e-24
   2.7556058e+01   8.7882501e-24
   2.7619602e+01   8.7691923e-24
   2.7683293e+01   8.7503887e-24
   2.7747131e+01   8.7318372e-24
   2.7811116e+01   8.7135362e-24
   2.7875249e+01   8.6954836e-24
   2.7939529e+01   8.6776777e-24
   2.8003958e+01   8.6601166e-24
   2.8068536e+01   8.6427984e-24
   2.8133262e+01   8.6257213e-24
   2.8198137e+01   8.6088834e-24
   2.8263162e+01   8.5922829e-24
   2.8328338e+01   8.5759180e-24
   2.8393663e+01   8.5597868e-24
   2.8459139e+01   8.5438874e-24
   2.8524766e+01   8.5282181e-24
   2.8590544e+01   8.5127769e-24
   2.8656474e+01   8.4975621e-24
   2.8722556e+01   8.4825719e-24
   2.8788791e+01   8.4678043e-24
   2.8855178e+01   8.4532576e-24
   2.8921718e+01   8.4389300e-24
   2.8988412e+01   8.4248196e-24
   2.9055259e+01   8.4109246e-24
   2.9122261e+01   8.3972433e-24
   2.9189417e+01   8.3837738e-24
   2.9256728e+01   8.3705143e-24
   2.9324194e+01   8.3574630e-24
   2.9391816e+01   8.3446181e-24
   2.9459594e+01   8.3319779e-24
   2.9527528e+01   8.3195405e-24
   2.9595619e+01   8.3073042e-24
   2.9663866e+01   8.2952672e-24
   2.9732272e+01   8.2834277e-24
   2.9800834e+01   8.2717840e-24
   2.9869555e+01   8.2603343e-24
   2.9938435e+01   8.2490769e-24
   3.0007473e+01   8.2380099e-24
   3.0076670e+01   8.2271317e-24
   3.0146028e+01   8.2164405e-24
   3.0215544e+01   8.2059346e-24
   3.0285222e+01   8.1956123e-24
   3.0355060e+01   8.1854718e-24
   3.0425059e+01   8.1755114e-24
   3.0495219e+01   8.1657294e-24
   3.0565541e+01   8.1561242e-24
   3.0636026e+01   8.1466940e-24
   3.0706673e+01   8.1374371e-24
   3.0777482e+01   8.1283518e-24
   3.0848456e+01   8.1194365e-24
   3.0919592e+01   8.1106896e-24
   3.0990893e+01   8.1021092e-24
   3.1062358e+01   8.0936939e-24
   3.1133988e+01   8.0854419e-24
   3.1205784e+01   8.0773516e-24
   3.1277744e+01   8.0694213e-24
   3.1349871e+01   8.0616496e-24
   3.1422164e+01   8.0540346e-24
   3.1494624e+01   8.0465748e-24
   3.1567251e+01   8.0392687e-24
   3.1640045e+01   8.0321146e-24
   3.1713007e+01   8.0251109e-24
   3.1786138e+01   8.0182560e-24
   3.1859437e+01   8.0115485e-24
   3.1932905e+01   8.0049866e-24
   3.2006542e+01   7.9985690e-24
   3.2080350e+01   7.9922940e-24
   3.2154327e+01   7.9861600e-24
   3.2228475e+01   7.9801656e-24
   3.2302794e+01   7.9743093e-24
   3.2377285e+01   7.9685895e-24
   3.2451947e+01   7.9630047e-24
   3.2526782e+01   7.9575534e-24
   3.2601789e+01   7.9522342e-24
   3.2676969e+01   7.9470456e-24
   3.2752322e+01   7.9419861e-24
   3.2827849e+01   7.9370542e-24
   3.2903550e+01   7.9322486e-24
   3.2979426e+01   7.9275677e-24
   3.3055477e+01   7.9230102e-24
   3.3131703e+01   7.9185745e-24
   3.3208105e+01   7.9142594e-24
   3.3284683e+01   7.9100634e-24
   3.3361438e+01   7.9059851e-24
   3.3438370e+01   7.9020231e-24
   3.3515479e+01   7.8981761e-24
   3.3592766e+01   7.8944427e-24
   3.3670231e+01   7.8908216e-24
   3.3747875e+01   7.8873113e-24
   3.3825698e+01   7.8839106e-24
   3.3903700e+01   7.8806181e-24
   3.3981882e+01   7.8774326e-24
   3.4060245e+01   7.8743526e-24
   3.4138788e+01   7.8713770e-24
   3.4217512e+01   7.8685045e-24
   3.4296418e+01   7.8657337e-24
   3.4375506e+01   7.8630633e-24
   3.4454776e+01   7.8604923e-24
   3.4534229e+01   7.8580192e-24
   3.4613865e+01   7.8556428e-24
   3.4693685e+01   7.8533620e-24
   3.4773689e+01   7.8511755e-24
   3.4853877e+01   7.8490821e-24
   3.4934251e+01   7.8470806e-24
   3.5014809e+01   7.8451698e-24
   3.5095554e+01   7.8433486e-24
   3.5176484e+01   7.8416157e-24
   3.5257602e+01   7.8399700e-24
   3.5338906e+01   7.8384104e-24
   3.5420398e+01   7.8369358e-24
   3.5502077e+01   7.8355449e-24
   3.5583945e+01   7.8342366e-24
   3.5666002e+01   7.8330100e-24
   3.5748248e+01   7.8318638e-24
   3.5830684e+01   7.8307970e-24
   3.5913310e+01   7.8298084e-24
   3.5996126e+01   7.8288971e-24
   3.6079134e+01   7.8280620e-24
   3.6162332e+01   7.8273020e-24
   3.6245723e+01   7.8266160e-24
   3.6329306e+01   7.8260031e-24
   3.6413082e+01   7.8254621e-24
   3.6497050e+01   7.8249922e-24
   3.6581213e+01   7.8245923e-24
   3.6665569e+01   7.8242614e-24
   3.6750120e+01   7.8239985e-24
   3.6834867e+01   7.8238026e-24
   3.6919808e+01   7.8236728e-24
   3.7004945e+01   7.8236081e-24
   3.7090279e+01   7.8236076e-24
   3.7175810e+01   7.8236703e-24
   3.7261537e+01   7.8237954e-24
   3.7347463e+01   7.8239818e-24
   3.7433586e+01   7.8242286e-24
   3.7519908e+01   7.8245351e-24
   3.7606429e+01   7.8249002e-24
   3.7693150e+01   7.8253231e-24
   3.7780071e+01   7.8258029e-24
   3.7867192e+01   7.8263388e-24
   3.7954514e+01   7.8269299e-24
   3.8042037e+01   7.8275753e-24
   3.8129763e+01   7.8282742e-24
   3.8217690e+01   7.8290258e-24
   3.8305821e+01   7.8298293e-24
   3.8394154e+01   7.8306838e-24
   3.8482691e+01   7.8315885e-24
   3.8571433e+01   7.8325427e-24
   3.8660379e+01   7.8335455e-24
   3.8749530e+01   7.8345962e-24
   3.8838886e+01   7.8356939e-24
   3.8928449e+01   7.8368380e-24
   3.9018219e+01   7.8380277e-24
   3.9108195e+01   7.8392623e-24
   3.9198379e+01   7.8405409e-24
   3.9288770e+01   7.8418629e-24
   3.9379371e+01   7.8432275e-24
   3.9470180e+01   7.8446341e-24
   3.9561198e+01   7.8460819e-24
   3.9652427e+01   7.8475702e-24
   3.9743865e+01   7.8490983e-24
   3.9835515e+01   7.8506656e-24
   3.9927376e+01   7.8522714e-24
   4.0019449e+01   7.8539149e-24
   4.0111734e+01   7.8555956e-24
   4.0204232e+01   7.8573128e-24
   4.0296943e+01   7.8590659e-24
   4.0389868e+01   7.8608542e-24
   4.0483008e+01   7.8626770e-24
   4.0576362e+01   7.8645338e-24
   4.0669931e+01   7.8664240e-24
   4.0763716e+01   7.8683468e-24
   4.0857718e+01   7.8703018e-24
   4.0951936e+01   7.8722884e-24
   4.1046372e+01   7.8743059e-24
   4.1141025e+01   7.8763537e-24
   4.1235896e+01   7.8784314e-24
   4.1330987e+01   7.8805383e-24
   4.1426296e+01   7.8826738e-24
   4.1521826e+01   7.8848375e-24
   4.1617575e+01   7.8870287e-24
   4.1713546e+01   7.8892470e-24
   4.1809737e+01   7.8914917e-24
   4.1906151e+01   7.8937624e-24
   4.2002787e+01   7.8960586e-24
   4.2099646e+01   7.8983797e-24
   4.2196728e+01   7.9007252e-24
   4.2294034e+01   7.9030946e-24
   4.2391564e+01   7.9054875e-24
   4.2489319e+01   7.9079033e-24
   4.2587300e+01   7.9103416e-24
   4.2685507e+01   7.9128018e-24
   4.2783940e+01   7.9152835e-24
   4.2882600e+01   7.9177863e-24
   4.2981488e+01   7.9203096e-24
   4.3080603e+01   7.9228531e-24
   4.3179947e+01   7.9254163e-24
   4.3279521e+01   7.9279987e-24
   4.3379324e+01   7.9305999e-24
   4.3479357e+01   7.9332194e-24
   4.3579620e+01   7.9358569e-24
   4.3680115e+01   7.9385119e-24
   4.3780842e+01   7.9411841e-24
   4.3881801e+01   7.9438729e-24
   4.3982993e+01   7.9465780e-24
   4.4084418e+01   7.9492990e-24
   4.4186077e+01   7.9520355e-24
   4.4287970e+01   7.9547871e-24
   4.4390099e+01   7.9575535e-24
   4.4492463e+01   7.9603342e-24
   4.4595062e+01   7.9631289e-24
   4.4697899e+01   7.9659372e-24
   4.4800973e+01   7.9687587e-24
   4.4904284e+01   7.9715931e-24
   4.5007834e+01   7.9744401e-24
   4.5111622e+01   7.9772992e-24
   4.5215650e+01   7.9801702e-24
   4.5319918e+01   7.9830527e-24
   4.5424426e+01   7.9859464e-24
   4.5529175e+01   7.9888509e-24
   4.5634165e+01   7.9917659e-24
   4.5739398e+01   7.9946910e-24
   4.5844873e+01   7.9976261e-24
   4.5950592e+01   8.0005707e-24
   4.6056554e+01   8.0035246e-24
   4.6162761e+01   8.0064874e-24
   4.6269213e+01   8.0094589e-24
   4.6375910e+01   8.0124387e-24
   4.6482853e+01   8.0154265e-24
   4.6590043e+01   8.0184222e-24
   4.6697480e+01   8.0214253e-24
   4.6805165e+01   8.0244356e-24
   4.6913098e+01   8.0274529e-24
   4.7021280e+01   8.0304768e-24
   4.7129711e+01   8.0335072e-24
   4.7238393e+01   8.0365436e-24
   4.7347325e+01   8.0395859e-24
   4.7456508e+01   8.0426339e-24
   4.7565943e+01   8.0456872e-24
   4.7675631e+01   8.0487456e-24
   4.7785571e+01   8.0518089e-24
   4.7895765e+01   8.0548768e-24
   4.8006213e+01   8.0579490e-24
   4.8116916e+01   8.0610255e-24
   4.8227874e+01   8.0641058e-24
   4.8339087e+01   8.0671899e-24
   4.8450558e+01   8.0702774e-24
   4.8562285e+01   8.0733682e-24
   4.8674270e+01   8.0764619e-24
   4.8786513e+01   8.0795585e-24
   4.8899015e+01   8.0826577e-24
   4.9011777e+01   8.0857593e-24
   4.9124798e+01   8.0888631e-24
   4.9238081e+01   8.0919689e-24
   4.9351624e+01   8.0950765e-24
   4.9465429e+01   8.0981856e-24
   4.9579497e+01   8.1012962e-24
   4.9693828e+01   8.1044080e-24
   4.9808422e+01   8.1075208e-24
   4.9923280e+01   8.1106344e-24
   5.0038404e+01   8.1137487e-24
   5.0153793e+01   8.1168634e-24
   5.0269448e+01   8.1199785e-24
   5.0385370e+01   8.1230937e-24
   5.0501559e+01   8.1262089e-24
   5.0618016e+01   8.1293238e-24
   5.0734741e+01   8.1324384e-24
   5.0851736e+01   8.1355525e-24
   5.0969000e+01   8.1386659e-24
   5.1086535e+01   8.1417784e-24
   5.1204341e+01   8.1448899e-24
   5.1322419e+01   8.1480002e-24
   5.1440769e+01   8.1511093e-24
   5.1559392e+01   8.1542169e-24
   5.1678288e+01   8.1573229e-24
   5.1797458e+01   8.1604272e-24
   5.1916904e+01   8.1635296e-24
   5.2036625e+01   8.1666300e-24
   5.2156621e+01   8.1697282e-24
   5.2276895e+01   8.1728242e-24
   5.2397446e+01   8.1759177e-24
   5.2518275e+01   8.1790087e-24
   5.2639382e+01   8.1820971e-24
   5.2760769e+01   8.1851826e-24
   5.2882436e+01   8.1882653e-24
   5.3004383e+01   8.1913449e-24
   5.3126612e+01   8.1944214e-24
   5.3249122e+01   8.1974946e-24
   5.3371915e+01   8.2005644e-24
   5.3494991e+01   8.2036307e-24
   5.3618351e+01   8.2066935e-24
   5.3741995e+01   8.2097525e-24
   5.3865925e+01   8.2128077e-24
   5.3990140e+01   8.2158591e-24
   5.4114642e+01   8.2189064e-24
   5.4239430e+01   8.2219495e-24
   5.4364507e+01   8.2249885e-24
   5.4489872e+01   8.2280232e-24
   5.4615526e+01   8.2310534e-24
   5.4741470e+01   8.2340792e-24
   5.4867704e+01   8.2371004e-24
   5.4994229e+01   8.2401169e-24
   5.5121046e+01   8.2431287e-24
   5.5248156e+01   8.2461356e-24
   5.5375559e+01   8.2491375e-24
   5.5503255e+01   8.2521345e-24
   5.5631246e+01   8.2551263e-24
   5.5759532e+01   8.2581130e-24
   5.5888114e+01   8.2610945e-24
   5.6016992e+01   8.2640706e-24
   5.6146168e+01   8.2670413e-24
   5.6275642e+01   8.2700065e-24
   5.6405414e+01   8.2729662e-24
   5.6535485e+01   8.2759203e-24
   5.6665856e+01   8.2788687e-24
   5.6796528e+01   8.2818113e-24
   5.6927501e+01   8.2847481e-24
   5.7058777e+01   8.2876791e-24
   5.7190355e+01   8.2906041e-24
   5.7322236e+01   8.2935231e-24
   5.7454421e+01   8.2964360e-24
   5.7586912e+01   8.2993428e-24
   5.7719708e+01   8.3022435e-24
   5.7852810e+01   8.3051379e-24
   5.7986219e+01   8.3080260e-24
   5.8119935e+01   8.3109078e-24
   5.8253960e+01   8.3137831e-24
   5.8388294e+01   8.3166521e-24
   5.8522938e+01   8.3195145e-24
   5.8657893e+01   8.3223704e-24
   5.8793158e+01   8.3252197e-24
   5.8928736e+01   8.3280623e-24
   5.9064626e+01   8.3308983e-24
   5.9200829e+01   8.3337275e-24
   5.9337347e+01   8.3365500e-24
   5.9474179e+01   8.3393657e-24
   5.9611327e+01   8.3421745e-24
   5.9748791e+01   8.3449764e-24
   5.9886572e+01   8.3477714e-24
   6.0024671e+01   8.3505594e-24
   6.0163089e+01   8.3533404e-24
   6.0301825e+01   8.3561144e-24
   6.0440882e+01   8.3588813e-24
   6.0580259e+01   8.3616411e-24
   6.0719957e+01   8.3643938e-24
   6.0859978e+01   8.3671393e-24
   6.1000322e+01   8.3698776e-24
   6.1140989e+01   8.3726087e-24
   6.1281980e+01   8.3753325e-24
   6.1423297e+01   8.3780490e-24
   6.1564940e+01   8.3807582e-24
   6.1706909e+01   8.3834601e-24
   6.1849206e+01   8.3861546e-24
   6.1991830e+01   8.3888417e-24
   6.2134784e+01   8.3915215e-24
   6.2278067e+01   8.3941937e-24
   6.2421681e+01   8.3968586e-24
   6.2565626e+01   8.3995159e-24
   6.2709903e+01   8.4021658e-24
   6.2854512e+01   8.4048082e-24
   6.2999455e+01   8.4074430e-24
   6.3144732e+01   8.4100703e-24
   6.3290345e+01   8.4126900e-24
   6.3436293e+01   8.4153021e-24
   6.3582577e+01   8.4179067e-24
   6.3729199e+01   8.4205036e-24
   6.3876159e+01   8.4230929e-24
   6.4023458e+01   8.4256746e-24
   6.4171097e+01   8.4282486e-24
   6.4319076e+01   8.4308149e-24
   6.4467396e+01   8.4333736e-24
   6.4616058e+01   8.4359246e-24
   6.4765063e+01   8.4384680e-24
   6.4914412e+01   8.4410036e-24
   6.5064105e+01   8.4435315e-24
   6.5214144e+01   8.4460517e-24
   6.5364528e+01   8.4485641e-24
   6.5515259e+01   8.4510689e-24
   6.5666338e+01   8.4535659e-24
   6.5817765e+01   8.4560552e-24
   6.5969541e+01   8.4585367e-24
   6.6121667e+01   8.4610105e-24
   6.6274144e+01   8.4634765e-24
   6.6426973e+01   8.4659348e-24
   6.6580154e+01   8.4683853e-24
   6.6733688e+01   8.4708280e-24
   6.6887577e+01   8.4732630e-24
   6.7041820e+01   8.4756903e-24
   6.7196419e+01   8.4781097e-24
   6.7351374e+01   8.4805215e-24
   6.7506687e+01   8.4829254e-24
   6.7662358e+01   8.4853216e-24
   6.7818388e+01   8.4877101e-24
   6.7974778e+01   8.4900908e-24
   6.8131528e+01   8.4924637e-24
   6.8288640e+01   8.4948289e-24
   6.8446114e+01   8.4971864e-24
   6.8603951e+01   8.4995361e-24
   6.8762153e+01   8.5018781e-24
   6.8920719e+01   8.5042123e-24
   6.9079650e+01   8.5065389e-24
   6.9238949e+01   8.5088577e-24
   6.9398614e+01   8.5111688e-24
   6.9558648e+01   8.5134722e-24
   6.9719051e+01   8.5157679e-24
   6.9879823e+01   8.5180559e-24
   7.0040967e+01   8.5203363e-24
   7.0202482e+01   8.5226090e-24
   7.0364369e+01   8.5248740e-24
   7.0526630e+01   8.5271313e-24
   7.0689265e+01   8.5293811e-24
   7.0852275e+01   8.5316232e-24
   7.1015661e+01   8.5338576e-24
   7.1179423e+01   8.5360845e-24
   7.1343564e+01   8.5383037e-24
   7.1508083e+01   8.5405154e-24
   7.1672981e+01   8.5427195e-24
   7.1838259e+01   8.5449160e-24
   7.2003919e+01   8.5471050e-24
   7.2169960e+01   8.5492864e-24
   7.2336385e+01   8.5514604e-24
   7.2503193e+01   8.5536268e-24
   7.2670386e+01   8.5557857e-24
   7.2837964e+01   8.5579371e-24
   7.3005929e+01   8.5600810e-24
   7.3174282e+01   8.5622175e-24
   7.3343022e+01   8.5643466e-24
   7.3512152e+01   8.5664682e-24
   7.3681671e+01   8.5685825e-24
   7.3851582e+01   8.5706893e-24
   7.4021884e+01   8.5727888e-24
   7.4192579e+01   8.5748809e-24
   7.4363668e+01   8.5769656e-24
   7.4535151e+01   8.5790431e-24
   7.4707029e+01   8.5811132e-24
   7.4879304e+01   8.5831760e-24
   7.5051977e+01   8.5852316e-24
   7.5225047e+01   8.5872799e-24
   7.5398517e+01   8.5893210e-24
   7.5572386e+01   8.5913548e-24
   7.5746657e+01   8.5933815e-24
   7.5921329e+01   8.5954009e-24
   7.6096404e+01   8.5974132e-24
   7.6271883e+01   8.5994184e-24
   7.6447767e+01   8.6014165e-24
   7.6624056e+01   8.6034074e-24
   7.6800751e+01   8.6053913e-24
   7.6977855e+01   8.6073681e-24
   7.7155366e+01   8.6093378e-24
   7.7333287e+01   8.6113006e-24
   7.7511618e+01   8.6132563e-24
   7.7690361e+01   8.6152051e-24
   7.7869515e+01   8.6171469e-24
   7.8049083e+01   8.6190817e-24
   7.8229065e+01   8.6210097e-24
   7.8409461e+01   8.6229307e-24
   7.8590274e+01   8.6248449e-24
   7.8771504e+01   8.6267523e-24
   7.8953152e+01   8.6286528e-24
   7.9135218e+01   8.6305465e-24
   7.9317705e+01   8.6324334e-24
   7.9500612e+01   8.6343136e-24
   7.9683941e+01   8.6361870e-24
   7.9867693e+01   8.6380537e-24
   8.0051868e+01   8.6399137e-24
   8.0236468e+01   8.6417671e-24
   8.0421494e+01   8.6436138e-24
   8.0606947e+01   8.6454539e-24
   8.0792827e+01   8.6472874e-24
   8.0979136e+01   8.6491144e-24
   8.1165874e+01   8.6509348e-24
   8.1353044e+01   8.6527486e-24
   8.1540644e+01   8.6545560e-24
   8.1728678e+01   8.6563569e-24
   8.1917145e+01   8.6581513e-24
   8.2106046e+01   8.6599394e-24
   8.2295383e+01   8.6617210e-24
   8.2485157e+01   8.6634962e-24
   8.2675369e+01   8.6652651e-24
   8.2866019e+01   8.6670277e-24
   8.3057108e+01   8.6687840e-24
   8.3248639e+01   8.6705340e-24
   8.3440611e+01   8.6722777e-24
   8.3633025e+01   8.6740153e-24
   8.3825884e+01   8.6757466e-24
   8.4019187e+01   8.6774718e-24
   8.4212936e+01   8.6791908e-24
   8.4407131e+01   8.6809037e-24
   8.4601775e+01   8.6826105e-24
   8.4796867e+01   8.6843112e-24
   8.4992409e+01   8.6860059e-24
   8.5188403e+01   8.6876946e-24
   8.5384848e+01   8.6893773e-24
   8.5581746e+01   8.6910541e-24
   8.5779098e+01   8.6927249e-24
   8.5976905e+01   8.6943898e-24
   8.6175169e+01   8.6960488e-24
   8.6373889e+01   8.6977020e-24
   8.6573068e+01   8.6993493e-24
   8.6772706e+01   8.7009909e-24
   8.6972805e+01   8.7026266e-24
   8.7173365e+01   8.7042567e-24
   8.7374387e+01   8.7058810e-24
   8.7575873e+01   8.7074996e-24
   8.7777824e+01   8.7091125e-24
   8.7980240e+01   8.7107198e-24
   8.8183123e+01   8.7123216e-24
   8.8386474e+01   8.7139177e-24
   8.8590294e+01   8.7155083e-24
   8.8794584e+01   8.7170933e-24
   8.8999345e+01   8.7186729e-24
   8.9204578e+01   8.7202469e-24
   8.9410285e+01   8.7218156e-24
   8.9616465e+01   8.7233788e-24
   8.9823122e+01   8.7249366e-24
   9.0030254e+01   8.7264891e-24
   9.0237865e+01   8.7280363e-24
   9.0445954e+01   8.7295781e-24
   9.0654523e+01   8.7311147e-24
   9.0863573e+01   8.7326460e-24
   9.1073105e+01   8.7341721e-24
   9.1283120e+01   8.7356931e-24
   9.1493620e+01   8.7372088e-24
   9.1704605e+01   8.7387195e-24
   9.1916077e+01   8.7402250e-24
   9.2128036e+01   8.7417254e-24
   9.2340484e+01   8.7432208e-24
   9.2553422e+01   8.7447112e-24
   9.2766850e+01   8.7461966e-24
   9.2980771e+01   8.7476770e-24
   9.3195186e+01   8.7491525e-24
   9.3410095e+01   8.7506231e-24
   9.3625499e+01   8.7520889e-24
   9.3841400e+01   8.7535497e-24
   9.4057799e+01   8.7550058e-24
   9.4274697e+01   8.7564570e-24
   9.4492095e+01   8.7579035e-24
   9.4709995e+01   8.7593453e-24
   9.4928397e+01   8.7607824e-24
   9.5147302e+01   8.7622147e-24
   9.5366713e+01   8.7636425e-24
   9.5586629e+01   8.7650656e-24
   9.5807053e+01   8.7664842e-24
   9.6027984e+01   8.7678981e-24
   9.6249426e+01   8.7693076e-24
   9.6471378e+01   8.7707125e-24
   9.6693841e+01   8.7721130e-24
   9.6916818e+01   8.7735090e-24
   9.7140309e+01   8.7749006e-24
   9.7364315e+01   8.7762879e-24
   9.7588838e+01   8.7776707e-24
   9.7813879e+01   8.7790493e-24
   9.8039438e+01   8.7804235e-24
   9.8265518e+01   8.7817935e-24
   9.8492119e+01   8.7831593e-24
   9.8719243e+01   8.7845208e-24
   9.8946890e+01   8.7858781e-24
   9.9175062e+01   8.7872313e-24
   9.9403761e+01   8.7885804e-24
   9.9632987e+01   8.7899253e-24
   9.9862741e+01   8.7912662e-24
   1.0009303e+02   8.7926031e-24
   1.0032384e+02   8.7939360e-24
   1.0055519e+02   8.7952649e-24
   1.0078707e+02   8.7965898e-24
   1.0101948e+02   8.7979108e-24
   1.0125244e+02   8.7992279e-24
   1.0148593e+02   8.8005412e-24
   1.0171995e+02   8.8018506e-24
   1.0195452e+02   8.8031562e-24
   1.0218963e+02   8.8044581e-24
   1.0242528e+02   8.8057562e-24
   1.0266147e+02   8.8070506e-24
   1.0289821e+02   8.8083413e-24
   1.0313549e+02   8.8096283e-24
   1.0337332e+02   8.8109117e-24
   1.0361170e+02   8.8121915e-24
   1.0385063e+02   8.8134678e-24
   1.0409011e+02   8.8147405e-24
   1.0433015e+02   8.8160097e-24
   1.0457073e+02   8.8172754e-24
   1.0481187e+02   8.8185376e-24
   1.0505357e+02   8.8197965e-24
   1.0529582e+02   8.8210519e-24
   1.0553864e+02   8.8223040e-24
   1.0578201e+02   8.8235527e-24
   1.0602594e+02   8.8247981e-24
   1.0627044e+02   8.8260403e-24
   1.0651550e+02   8.8272792e-24
   1.0676113e+02   8.8285148e-24
   1.0700732e+02   8.8297473e-24
   1.0725408e+02   8.8309766e-24
   1.0750141e+02   8.8322028e-24
   1.0774931e+02   8.8334259e-24
   1.0799778e+02   8.8346459e-24
   1.0824682e+02   8.8358629e-24
   1.0849644e+02   8.8370768e-24
   1.0874663e+02   8.8382878e-24
   1.0899740e+02   8.8394958e-24
   1.0924875e+02   8.8407008e-24
   1.0950068e+02   8.8419030e-24
   1.0975319e+02   8.8431023e-24
   1.1000628e+02   8.8442988e-24
   1.1025996e+02   8.8454924e-24
   1.1051422e+02   8.8466832e-24
   1.1076906e+02   8.8478713e-24
   1.1102450e+02   8.8490567e-24
   1.1128052e+02   8.8502394e-24
   1.1153714e+02   8.8514194e-24
   1.1179434e+02   8.8525968e-24
   1.1205214e+02   8.8537715e-24
   1.1231053e+02   8.8549437e-24
   1.1256952e+02   8.8561133e-24
   1.1282911e+02   8.8572804e-24
   1.1308929e+02   8.8584451e-24
   1.1335008e+02   8.8596072e-24
   1.1361146e+02   8.8607669e-24
   1.1387345e+02   8.8619242e-24
   1.1413605e+02   8.8630791e-24
   1.1439924e+02   8.8642317e-24
   1.1466305e+02   8.8653819e-24
   1.1492746e+02   8.8665299e-24
   1.1519249e+02   8.8676756e-24
   1.1545812e+02   8.8688191e-24
   1.1572437e+02   8.8699603e-24
   1.1599123e+02   8.8710994e-24
   1.1625871e+02   8.8722363e-24
   1.1652680e+02   8.8733711e-24
   1.1679551e+02   8.8745039e-24
   1.1706484e+02   8.8756345e-24
   1.1733480e+02   8.8767632e-24
   1.1760537e+02   8.8778898e-24
   1.1787657e+02   8.8790144e-24
   1.1814839e+02   8.8801371e-24
   1.1842085e+02   8.8812579e-24
   1.1869392e+02   8.8823768e-24
   1.1896763e+02   8.8834939e-24
   1.1924197e+02   8.8846091e-24
   1.1951695e+02   8.8857225e-24
   1.1979255e+02   8.8868341e-24
   1.2006880e+02   8.8879440e-24
   1.2034568e+02   8.8890522e-24
   1.2062319e+02   8.8901587e-24
   1.2090135e+02   8.8912635e-24
   1.2118015e+02   8.8923667e-24
   1.2145959e+02   8.8934683e-24
   1.2173968e+02   8.8945683e-24
   1.2202041e+02   8.8956668e-24
   1.2230179e+02   8.8967637e-24
   1.2258382e+02   8.8978592e-24
   1.2286650e+02   8.8989532e-24
   1.2314983e+02   8.9000458e-24
   1.2343382e+02   8.9011370e-24
   1.2371846e+02   8.9022268e-24
   1.2400375e+02   8.9033153e-24
   1.2428971e+02   8.9044025e-24
   1.2457632e+02   8.9054884e-24
   1.2486359e+02   8.9065730e-24
   1.2515153e+02   8.9076564e-24
   1.2544013e+02   8.9087385e-24
   1.2572940e+02   8.9098196e-24
   1.2601933e+02   8.9108994e-24
   1.2630993e+02   8.9119782e-24
   1.2660120e+02   8.9130559e-24
   1.2689314e+02   8.9141325e-24
   1.2718576e+02   8.9152081e-24
   1.2747905e+02   8.9162827e-24
   1.2777302e+02   8.9173563e-24
   1.2806767e+02   8.9184289e-24
   1.2836299e+02   8.9195007e-24
   1.2865900e+02   8.9205716e-24
   1.2895569e+02   8.9216416e-24
   1.2925306e+02   8.9227108e-24
   1.2955112e+02   8.9237791e-24
   1.2984986e+02   8.9248468e-24
   1.3014930e+02   8.9259136e-24
   1.3044942e+02   8.9269798e-24
   1.3075024e+02   8.9280452e-24
   1.3105175e+02   8.9291100e-24
   1.3135396e+02   8.9301742e-24
   1.3165686e+02   8.9312378e-24
   1.3196046e+02   8.9323008e-24
   1.3226476e+02   8.9333633e-24
   1.3256977e+02   8.9344252e-24
   1.3287547e+02   8.9354867e-24
   1.3318189e+02   8.9365477e-24
   1.3348901e+02   8.9376082e-24
   1.3379683e+02   8.9386684e-24
   1.3410537e+02   8.9397282e-24
   1.3441462e+02   8.9407876e-24
   1.3472458e+02   8.9418468e-24
   1.3503525e+02   8.9429056e-24
   1.3534665e+02   8.9439642e-24
   1.3565876e+02   8.9450226e-24
   1.3597159e+02   8.9460807e-24
   1.3628514e+02   8.9471387e-24
   1.3659941e+02   8.9481965e-24
   1.3691441e+02   8.9492543e-24
   1.3723014e+02   8.9503119e-24
   1.3754659e+02   8.9513695e-24
   1.3786377e+02   8.9524270e-24
   1.3818169e+02   8.9534845e-24
   1.3850034e+02   8.9545421e-24
   1.3881972e+02   8.9555997e-24
   1.3913984e+02   8.9566574e-24
   1.3946070e+02   8.9577152e-24
   1.3978229e+02   8.9587732e-24
   1.4010463e+02   8.9598313e-24
   1.4042772e+02   8.9608896e-24
   1.4075154e+02   8.9619482e-24
   1.4107612e+02   8.9630070e-24
   1.4140144e+02   8.9640661e-24
   1.4172751e+02   8.9651255e-24
   1.4205434e+02   8.9661852e-24
   1.4238192e+02   8.9672453e-24
   1.4271025e+02   8.9683058e-24
   1.4303934e+02   8.9693667e-24
   1.4336919e+02   8.9704281e-24
   1.4369980e+02   8.9714900e-24
   1.4403117e+02   8.9725524e-24
   1.4436331e+02   8.9736153e-24
   1.4469621e+02   8.9746788e-24
   1.4502988e+02   8.9757429e-24
   1.4536432e+02   8.9768076e-24
   1.4569954e+02   8.9778729e-24
   1.4603552e+02   8.9789390e-24
   1.4637228e+02   8.9800058e-24
   1.4670981e+02   8.9810733e-24
   1.4704813e+02   8.9821415e-24
   1.4738722e+02   8.9832106e-24
   1.4772710e+02   8.9842805e-24
   1.4806776e+02   8.9853513e-24
   1.4840920e+02   8.9864229e-24
   1.4875144e+02   8.9874955e-24
   1.4909446e+02   8.9885690e-24
   1.4943827e+02   8.9896435e-24
   1.4978288e+02   8.9907190e-24
   1.5012828e+02   8.9917955e-24
   1.5047447e+02   8.9928730e-24
   1.5082147e+02   8.9939517e-24
   1.5116927e+02   8.9950314e-24
   1.5151786e+02   8.9961124e-24
   1.5186726e+02   8.9971944e-24
   1.5221747e+02   8.9982777e-24
   1.5256849e+02   8.9993623e-24
   1.5292031e+02   9.0004480e-24
   1.5327295e+02   9.0015351e-24
   1.5362639e+02   9.0026235e-24
   1.5398066e+02   9.0037133e-24
   1.5433574e+02   9.0048044e-24
   1.5469164e+02   9.0058969e-24
   1.5504836e+02   9.0069909e-24
   1.5540590e+02   9.0080863e-24
   1.5576427e+02   9.0091832e-24
   1.5612346e+02   9.0102817e-24
   1.5648348e+02   9.0113817e-24
   1.5684434e+02   9.0124832e-24
   1.5720602e+02   9.0135864e-24
   1.5756854e+02   9.0146913e-24
   1.5793189e+02   9.0157978e-24
   1.5829608e+02   9.0169060e-24
   1.5866112e+02   9.0180159e-24
   1.5902699e+02   9.0191276e-24
   1.5939371e+02   9.0202411e-24
   1.5976127e+02   9.0213563e-24
   1.6012968e+02   9.0224735e-24
   1.6049894e+02   9.0235925e-24
   1.6086905e+02   9.0247134e-24
   1.6124002e+02   9.0258363e-24
   1.6161184e+02   9.0269611e-24
   1.6198452e+02   9.0280879e-24
   1.6235805e+02   9.0292167e-24
   1.6273245e+02   9.0303476e-24
   1.6310772e+02   9.0314806e-24
   1.6348384e+02   9.0326156e-24
   1.6386084e+02   9.0337529e-24
   1.6423870e+02   9.0348923e-24
   1.6461744e+02   9.0360339e-24
   1.6499705e+02   9.0371777e-24
   1.6537753e+02   9.0383238e-24
   1.6575889e+02   9.0394722e-24
   1.6614114e+02   9.0406229e-24
   1.6652426e+02   9.0417759e-24
   1.6690826e+02   9.0429314e-24
   1.6729316e+02   9.0440892e-24
   1.6767894e+02   9.0452495e-24
   1.6806560e+02   9.0464123e-24
   1.6845316e+02   9.0475775e-24
   1.6884162e+02   9.0487453e-24
   1.6923097e+02   9.0499157e-24
   1.6962122e+02   9.0510887e-24
   1.7001236e+02   9.0522642e-24
   1.7040441e+02   9.0534425e-24
   1.7079737e+02   9.0546234e-24
   1.7119123e+02   9.0558070e-24
   1.7158600e+02   9.0569934e-24
   1.7198168e+02   9.0581825e-24
   1.7237827e+02   9.0593745e-24
   1.7277577e+02   9.0605693e-24
   1.7317419e+02   9.0617669e-24
   1.7357354e+02   9.0629675e-24
   1.7397380e+02   9.0641710e-24
   1.7437498e+02   9.0653774e-24
   1.7477709e+02   9.0665868e-24
   1.7518013e+02   9.0677993e-24
   1.7558410e+02   9.0690148e-24
   1.7598899e+02   9.0702334e-24
   1.7639483e+02   9.0714551e-24
   1.7680159e+02   9.0726799e-24
   1.7720930e+02   9.0739080e-24
   1.7761795e+02   9.0751392e-24
   1.7802753e+02   9.0763737e-24
   1.7843807e+02   9.0776114e-24
   1.7884955e+02   9.0788525e-24
   1.7926198e+02   9.0800968e-24
   1.7967535e+02   9.0813446e-24
   1.8008969e+02   9.0825957e-24
   1.8050498e+02   9.0838502e-24
   1.8092122e+02   9.0851083e-24
   1.8133843e+02   9.0863698e-24
   1.8175659e+02   9.0876348e-24
   1.8217573e+02   9.0889034e-24
   1.8259583e+02   9.0901755e-24
   1.8301689e+02   9.0914513e-24
   1.8343893e+02   9.0927307e-24
   1.8386194e+02   9.0940138e-24
   1.8428593e+02   9.0953006e-24
   1.8471089e+02   9.0965912e-24
   1.8513684e+02   9.0978855e-24
   1.8556377e+02   9.0991837e-24
   1.8599168e+02   9.1004857e-24
   1.8642058e+02   9.1017915e-24
   1.8685046e+02   9.1031013e-24
   1.8728134e+02   9.1044150e-24
   1.8771321e+02   9.1057326e-24
   1.8814608e+02   9.1070543e-24
   1.8857995e+02   9.1083800e-24
   1.8901482e+02   9.1097098e-24
   1.8945068e+02   9.1110436e-24
   1.8988756e+02   9.1123816e-24
   1.9032544e+02   9.1137238e-24
   1.9076433e+02   9.1150701e-24
   1.9120424e+02   9.1164207e-24
   1.9164516e+02   9.1177756e-24
   1.9208709e+02   9.1191347e-24
   1.9253005e+02   9.1204982e-24
   1.9297402e+02   9.1218661e-24
   1.9341902e+02   9.1232383e-24
   1.9386505e+02   9.1246150e-24
   1.9431210e+02   9.1259961e-24
   1.9476019e+02   9.1273817e-24
   1.9520930e+02   9.1287719e-24
   1.9565946e+02   9.1301666e-24
   1.9611065e+02   9.1315659e-24
   1.9656288e+02   9.1329698e-24
   1.9701616e+02   9.1343784e-24
   1.9747048e+02   9.1357917e-24
   1.9792585e+02   9.1372098e-24
   1.9838227e+02   9.1386325e-24
   1.9883974e+02   9.1400601e-24
   1.9929826e+02   9.1414926e-24
   1.9975785e+02   9.1429299e-24
   2.0021849e+02   9.1443721e-24
   2.0068020e+02   9.1458192e-24
   2.0114297e+02   9.1472713e-24
   2.0160680e+02   9.1487284e-24
   2.0207171e+02   9.1501905e-24
   2.0253769e+02   9.1516577e-24
   2.0300474e+02   9.1531301e-24
   2.0347287e+02   9.1546075e-24
   2.0394208e+02   9.1560902e-24
   2.0441237e+02   9.1575780e-24
   2.0488375e+02   9.1590711e-24
   2.0535621e+02   9.1605695e-24
   2.0582977e+02   9.1620732e-24
   2.0630441e+02   9.1635823e-24
   2.0678015e+02   9.1650967e-24
   2.0725699e+02   9.1666166e-24
   2.0773492e+02   9.1681419e-24
   2.0821396e+02   9.1696727e-24
   2.0869411e+02   9.1712090e-24
   2.0917536e+02   9.1727510e-24
   2.0965772e+02   9.1742985e-24
   2.1014119e+02   9.1758516e-24
   2.1062578e+02   9.1774104e-24
   2.1111148e+02   9.1789749e-24
   2.1159831e+02   9.1805452e-24
   2.1208625e+02   9.1821213e-24
   2.1257533e+02   9.1837031e-24
   2.1306553e+02   9.1852909e-24
   2.1355686e+02   9.1868845e-24
   2.1404932e+02   9.1884840e-24
   2.1454292e+02   9.1900895e-24
   2.1503766e+02   9.1917010e-24
   2.1553354e+02   9.1933185e-24
   2.1603056e+02   9.1949421e-24
   2.1652873e+02   9.1965719e-24
   2.1702804e+02   9.1982077e-24
   2.1752851e+02   9.1998498e-24
   2.1803013e+02   9.2014980e-24
   2.1853291e+02   9.2031525e-24
   2.1903685e+02   9.2048134e-24
   2.1954195e+02   9.2064805e-24
   2.2004822e+02   9.2081540e-24
   2.2055565e+02   9.2098340e-24
   2.2106425e+02   9.2115203e-24
   2.2157403e+02   9.2132132e-24
   2.2208498e+02   9.2149126e-24
   2.2259711e+02   9.2166185e-24
   2.2311042e+02   9.2183311e-24
   2.2362491e+02   9.2200502e-24
   2.2414060e+02   9.2217761e-24
   2.2465747e+02   9.2235087e-24
   2.2517553e+02   9.2252480e-24
   2.2569478e+02   9.2269941e-24
   2.2621524e+02   9.2287470e-24
   2.2673689e+02   9.2305068e-24
   2.2725975e+02   9.2322735e-24
   2.2778381e+02   9.2340472e-24
   2.2830908e+02   9.2358278e-24
   2.2883556e+02   9.2376154e-24
   2.2936326e+02   9.2394102e-24
   2.2989217e+02   9.2412120e-24
   2.3042231e+02   9.2430209e-24
   2.3095366e+02   9.2448371e-24
   2.3148624e+02   9.2466604e-24
   2.3202005e+02   9.2484911e-24
   2.3255509e+02   9.2503290e-24
   2.3309137e+02   9.2521743e-24
   2.3362888e+02   9.2540269e-24
   2.3416763e+02   9.2558870e-24
   2.3470762e+02   9.2577545e-24
   2.3524886e+02   9.2596295e-24
   2.3579134e+02   9.2615121e-24
   2.3633508e+02   9.2634023e-24
   2.3688007e+02   9.2653000e-24
   2.3742632e+02   9.2672055e-24
   2.3797382e+02   9.2691186e-24
   2.3852259e+02   9.2710395e-24
   2.3907263e+02   9.2729682e-24
   2.3962393e+02   9.2749047e-24
   2.4017651e+02   9.2768491e-24
   2.4073036e+02   9.2788014e-24
   2.4128548e+02   9.2807616e-24
   2.4184189e+02   9.2827299e-24
   2.4239958e+02   9.2847061e-24
   2.4295855e+02   9.2866905e-24
   2.4351882e+02   9.2886830e-24
   2.4408037e+02   9.2906836e-24
   2.4464322e+02   9.2926925e-24
   2.4520737e+02   9.2947096e-24
   2.4577282e+02   9.2967350e-24
   2.4633958e+02   9.2987687e-24
   2.4690764e+02   9.3008108e-24
   2.4747701e+02   9.3028613e-24
   2.4804769e+02   9.3049203e-24
   2.4861969e+02   9.3069878e-24
   2.4919301e+02   9.3090638e-24
   2.4976765e+02   9.3111484e-24
   2.5034362e+02   9.3132417e-24
   2.5092091e+02   9.3153436e-24
   2.5149954e+02   9.3174543e-24
   2.5207950e+02   9.3195737e-24
   2.5266080e+02   9.3217019e-24
   2.5324343e+02   9.3238390e-24
   2.5382742e+02   9.3259850e-24
   2.5441274e+02   9.3281400e-24
   2.5499942e+02   9.3303039e-24
   2.5558745e+02   9.3324768e-24
   2.5617684e+02   9.3346589e-24
   2.5676758e+02   9.3368500e-24
   2.5735969e+02   9.3390504e-24
   2.5795317e+02   9.3412599e-24
   2.5854801e+02   9.3434787e-24
   2.5914422e+02   9.3457068e-24
   2.5974181e+02   9.3479442e-24
   2.6034078e+02   9.3501911e-24
   2.6094112e+02   9.3524473e-24
   2.6154286e+02   9.3547131e-24
   2.6214598e+02   9.3569884e-24
   2.6275049e+02   9.3592733e-24
   2.6335639e+02   9.3615678e-24
   2.6396369e+02   9.3638720e-24
   2.6457240e+02   9.3661858e-24
   2.6518250e+02   9.3685095e-24
   2.6579401e+02   9.3708430e-24
   2.6640694e+02   9.3731863e-24
   2.6702127e+02   9.3755395e-24
   2.6763703e+02   9.3779027e-24
   2.6825420e+02   9.3802758e-24
   2.6887280e+02   9.3826591e-24
   2.6949282e+02   9.3850524e-24
   2.7011427e+02   9.3874558e-24
   2.7073716e+02   9.3898695e-24
   2.7136148e+02   9.3922934e-24
   2.7198724e+02   9.3947276e-24
   2.7261444e+02   9.3971721e-24
   2.7324310e+02   9.3996270e-24
   2.7387320e+02   9.4020923e-24
   2.7450475e+02   9.4045681e-24
   2.7513776e+02   9.4070544e-24
   2.7577223e+02   9.4095513e-24
   2.7640816e+02   9.4120589e-24
   2.7704556e+02   9.4145771e-24
   2.7768443e+02   9.4171060e-24
   2.7832477e+02   9.4196457e-24
   2.7896659e+02   9.4221963e-24
   2.7960989e+02   9.4247577e-24
   2.8025467e+02   9.4273301e-24
   2.8090094e+02   9.4299134e-24
   2.8154870e+02   9.4325077e-24
   2.8219796e+02   9.4351131e-24
   2.8284871e+02   9.4377297e-24
   2.8350096e+02   9.4403574e-24
   2.8415471e+02   9.4429964e-24
   2.8480998e+02   9.4456466e-24
   2.8546675e+02   9.4483082e-24
   2.8612504e+02   9.4509811e-24
   2.8678485e+02   9.4536655e-24
   2.8744617e+02   9.4563614e-24
   2.8810903e+02   9.4590688e-24
   2.8877341e+02   9.4617878e-24
   2.8943932e+02   9.4645185e-24
   2.9010677e+02   9.4672608e-24
   2.9077576e+02   9.4700149e-24
   2.9144629e+02   9.4727807e-24
   2.9211837e+02   9.4755585e-24
   2.9279200e+02   9.4783481e-24
   2.9346718e+02   9.4811497e-24
   2.9414391e+02   9.4839633e-24
   2.9482221e+02   9.4867890e-24
   2.9550207e+02   9.4896268e-24
   2.9618350e+02   9.4924767e-24
   2.9686651e+02   9.4953389e-24
   2.9755108e+02   9.4982134e-24
   2.9823724e+02   9.5011002e-24
   2.9892498e+02   9.5039993e-24
   2.9961430e+02   9.5069110e-24
   3.0030521e+02   9.5098351e-24
   3.0099772e+02   9.5127717e-24
   3.0169182e+02   9.5157210e-24
   3.0238752e+02   9.5186830e-24
   3.0308483e+02   9.5216576e-24
   3.0378375e+02   9.5246450e-24
   3.0448428e+02   9.5276453e-24
   3.0518642e+02   9.5306584e-24
   3.0589018e+02   9.5336845e-24
   3.0659557e+02   9.5367236e-24
   3.0730258e+02   9.5397757e-24
   3.0801122e+02   9.5428409e-24
   3.0872150e+02   9.5459193e-24
   3.0943341e+02   9.5490109e-24
   3.1014697e+02   9.5521158e-24
   3.1086217e+02   9.5552340e-24
   3.1157902e+02   9.5583656e-24
   3.1229752e+02   9.5615107e-24
   3.1301768e+02   9.5646693e-24
   3.1373950e+02   9.5678414e-24
   3.1446299e+02   9.5710272e-24
   3.1518814e+02   9.5742266e-24
   3.1591497e+02   9.5774398e-24
   3.1664347e+02   9.5806668e-24
   3.1737365e+02   9.5839076e-24
   3.1810552e+02   9.5871624e-24
   3.1883907e+02   9.5904311e-24
   3.1957432e+02   9.5937138e-24
   3.2031126e+02   9.5970107e-24
   3.2104990e+02   9.6003217e-24
   3.2179024e+02   9.6036469e-24
   3.2253229e+02   9.6069864e-24
   3.2327606e+02   9.6103402e-24
   3.2402153e+02   9.6137084e-24
   3.2476873e+02   9.6170910e-24
   3.2551765e+02   9.6204882e-24
   3.2626829e+02   9.6238999e-24
   3.2702067e+02   9.6273263e-24
   3.2777478e+02   9.6307673e-24
   3.2853063e+02   9.6342231e-24
   3.2928823e+02   9.6376938e-24
   3.3004757e+02   9.6411793e-24
   3.3080866e+02   9.6446797e-24
   3.3157151e+02   9.6481952e-24
   3.3233612e+02   9.6517257e-24
   3.3310249e+02   9.6552713e-24
   3.3387062e+02   9.6588321e-24
   3.3464053e+02   9.6624082e-24
   3.3541221e+02   9.6659996e-24
   3.3618568e+02   9.6696063e-24
   3.3696092e+02   9.6732285e-24
   3.3773796e+02   9.6768662e-24
   3.3851679e+02   9.6805195e-24
   3.3929741e+02   9.6841884e-24
   3.4007983e+02   9.6878730e-24
   3.4086406e+02   9.6915733e-24
   3.4165009e+02   9.6952895e-24
   3.4243794e+02   9.6990216e-24
   3.4322760e+02   9.7027696e-24
   3.4401909e+02   9.7065336e-24
   3.4481240e+02   9.7103137e-24
   3.4560754e+02   9.7141100e-24
   3.4640451e+02   9.7179224e-24
   3.4720333e+02   9.7217512e-24
   3.4800398e+02   9.7255962e-24
   3.4880648e+02   9.7294577e-24
   3.4961083e+02   9.7333357e-24
   3.5041703e+02   9.7372302e-24
   3.5122510e+02   9.7411413e-24
   3.5203503e+02   9.7450691e-24
   3.5284682e+02   9.7490136e-24
   3.5366049e+02   9.7529749e-24
   3.5447603e+02   9.7569531e-24
   3.5529346e+02   9.7609483e-24
   3.5611277e+02   9.7649604e-24
   3.5693397e+02   9.7689897e-24
   3.5775706e+02   9.7730361e-24
   3.5858205e+02   9.7770996e-24
   3.5940894e+02   9.7811805e-24
   3.6023774e+02   9.7852787e-24
   3.6106845e+02   9.7893944e-24
   3.6190108e+02   9.7935275e-24
   3.6273563e+02   9.7976782e-24
   3.6357210e+02   9.8018465e-24
   3.6441050e+02   9.8060325e-24
   3.6525083e+02   9.8102363e-24
   3.6609310e+02   9.8144579e-24
   3.6693731e+02   9.8186975e-24
   3.6778347e+02   9.8229550e-24
   3.6863159e+02   9.8272305e-24
   3.6948165e+02   9.8315242e-24
   3.7033368e+02   9.8358360e-24
   3.7118767e+02   9.8401661e-24
   3.7204364e+02   9.8445146e-24
   3.7290157e+02   9.8488814e-24
   3.7376148e+02   9.8532667e-24
   3.7462338e+02   9.8576706e-24
   3.7548727e+02   9.8620931e-24
   3.7635314e+02   9.8665342e-24
   3.7722102e+02   9.8709942e-24
   3.7809089e+02   9.8754729e-24
   3.7896277e+02   9.8799706e-24
   3.7983666e+02   9.8844873e-24
   3.8071257e+02   9.8890230e-24
   3.8159049e+02   9.8935779e-24
   3.8247044e+02   9.8981519e-24
   3.8335242e+02   9.9027452e-24
   3.8423644e+02   9.9073579e-24
   3.8512249e+02   9.9119900e-24
   3.8601059e+02   9.9166416e-24
   3.8690073e+02   9.9213128e-24
   3.8779292e+02   9.9260037e-24
   3.8868718e+02   9.9307142e-24
   3.8958349e+02   9.9354446e-24
   3.9048188e+02   9.9401948e-24
   3.9138233e+02   9.9449650e-24
   3.9228486e+02   9.9497552e-24
   3.9318947e+02   9.9545656e-24
   3.9409617e+02   9.9593961e-24
   3.9500496e+02   9.9642469e-24
   3.9591584e+02   9.9691180e-24
   3.9682883e+02   9.9740095e-24
   3.9774392e+02   9.9789215e-24
   3.9866112e+02   9.9838541e-24
   3.9958044e+02   9.9888073e-24
   4.0050187e+02   9.9937813e-24
   4.0142543e+02   9.9987761e-24
   4.0235112e+02   1.0003792e-23
   4.0327895e+02   1.0008828e-23
   4.0420891e+02   1.0013886e-23
   4.0514102e+02   1.0018965e-23
   4.0607528e+02   1.0024065e-23
   4.0701169e+02   1.0029186e-23
   4.0795026e+02   1.0034329e-23
   4.0889100e+02   1.0039493e-23
   4.0983390e+02   1.0044678e-23
   4.1077898e+02   1.0049886e-23
   4.1172624e+02   1.0055115e-23
   4.1267569e+02   1.0060365e-23
   4.1362732e+02   1.0065638e-23
   4.1458115e+02   1.0070932e-23
   4.1553718e+02   1.0076249e-23
   4.1649541e+02   1.0081587e-23
   4.1745585e+02   1.0086948e-23
   4.1841851e+02   1.0092331e-23
   4.1938338e+02   1.0097737e-23
   4.2035048e+02   1.0103165e-23
   4.2131982e+02   1.0108615e-23
   4.2229138e+02   1.0114088e-23
   4.2326519e+02   1.0119584e-23
   4.2424124e+02   1.0125103e-23
   4.2521955e+02   1.0130644e-23
   4.2620010e+02   1.0136208e-23
   4.2718293e+02   1.0141796e-23
   4.2816801e+02   1.0147407e-23
   4.2915537e+02   1.0153041e-23
   4.3014501e+02   1.0158698e-23
   4.3113692e+02   1.0164379e-23
   4.3213113e+02   1.0170083e-23
   4.3312763e+02   1.0175811e-23
   4.3412642e+02   1.0181563e-23
   4.3512752e+02   1.0187338e-23
   4.3613093e+02   1.0193138e-23
   4.3713665e+02   1.0198961e-23
   4.3814469e+02   1.0204809e-23
   4.3915506e+02   1.0210681e-23
   4.4016775e+02   1.0216577e-23
   4.4118278e+02   1.0222498e-23
   4.4220015e+02   1.0228444e-23
   4.4321987e+02   1.0234414e-23
   4.4424194e+02   1.0240409e-23
   4.4526636e+02   1.0246430e-23
   4.4629315e+02   1.0252475e-23
   4.4732231e+02   1.0258546e-23
   4.4835383e+02   1.0264643e-23
   4.4938774e+02   1.0270765e-23
   4.5042403e+02   1.0276914e-23
   4.5146271e+02   1.0283089e-23
   4.5250379e+02   1.0289290e-23
   4.5354727e+02   1.0295518e-23
   4.5459315e+02   1.0301773e-23
   4.5564145e+02   1.0308057e-23
   4.5669216e+02   1.0314368e-23
   4.5774529e+02   1.0320708e-23
   4.5880086e+02   1.0327077e-23
   4.5985886e+02   1.0333477e-23
   4.6091930e+02   1.0339909e-23
   4.6198218e+02   1.0346374e-23
   4.6304751e+02   1.0352873e-23
   4.6411530e+02   1.0359410e-23
   4.6518556e+02   1.0365988e-23
   4.6625828e+02   1.0372612e-23
   4.6733347e+02   1.0379288e-23
   4.6841115e+02   1.0386026e-23
   4.6949131e+02   1.0392842e-23
   4.7057396e+02   1.0399758e-23
   4.7165911e+02   1.0406814e-23
   4.7274676e+02   1.0414079e-23
   4.7383691e+02   1.0421684e-23
   4.7492958e+02   1.0429902e-23
   4.7602478e+02   1.0439392e-23
   4.7712249e+02   1.0452085e-23
   4.7822274e+02   1.0475905e-23
   4.7932553e+02   1.0577405e-23
   4.8043085e+02   4.1801715e-23
   4.8153873e+02   1.0570954e-23
   4.8264916e+02   1.0499886e-23
   4.8376216e+02   1.0491839e-23
   4.8487772e+02   1.0493521e-23
   4.8599585e+02   1.0498073e-23
   4.8711656e+02   1.0503777e-23
   4.8823985e+02   1.0510042e-23
   4.8936574e+02   1.0516618e-23
   4.9049422e+02   1.0523387e-23
   4.9162530e+02   1.0530286e-23
   4.9275899e+02   1.0537280e-23
   4.9389530e+02   1.0544349e-23
   4.9503423e+02   1.0551477e-23
   4.9617578e+02   1.0558658e-23
   4.9731996e+02   1.0565884e-23
   4.9846679e+02   1.0573152e-23
   4.9961626e+02   1.0580459e-23
   5.0076837e+02   1.0587803e-23
   5.0192315e+02   1.0595182e-23
   5.0308059e+02   1.0602595e-23
   5.0424070e+02   1.0610042e-23
   5.0540348e+02   1.0617522e-23
   5.0656894e+02   1.0625035e-23
   5.0773710e+02   1.0632579e-23
   5.0890794e+02   1.0640155e-23
   5.1008149e+02   1.0647762e-23
   5.1125774e+02   1.0655402e-23
   5.1243670e+02   1.0663072e-23
   5.1361839e+02   1.0670774e-23
   5.1480279e+02   1.0678507e-23
   5.1598993e+02   1.0686271e-23
   5.1717981e+02   1.0694066e-23
   5.1837243e+02   1.0701893e-23
   5.1956780e+02   1.0709751e-23
   5.2076593e+02   1.0717640e-23
   5.2196682e+02   1.0725561e-23
   5.2317048e+02   1.0733513e-23
   5.2437691e+02   1.0741497e-23
   5.2558613e+02   1.0749512e-23
   5.2679814e+02   1.0757559e-23
   5.2801294e+02   1.0765638e-23
   5.2923054e+02   1.0773749e-23
   5.3045095e+02   1.0781891e-23
   5.3167417e+02   1.0790065e-23
   5.3290022e+02   1.0798272e-23
   5.3412909e+02   1.0806510e-23
   5.3536079e+02   1.0814781e-23
   5.3659534e+02   1.0823084e-23
   5.3783273e+02   1.0831420e-23
   5.3907298e+02   1.0839788e-23
   5.4031609e+02   1.0848189e-23
   5.4156206e+02   1.0856623e-23
   5.4281090e+02   1.0865089e-23
   5.4406263e+02   1.0873588e-23
   5.4531724e+02   1.0882121e-23
   5.4657475e+02   1.0890686e-23
   5.4783515e+02   1.0899285e-23
   5.4909847e+02   1.0907917e-23
   5.5036469e+02   1.0916582e-23
   5.5163384e+02   1.0925281e-23
   5.5290591e+02   1.0934014e-23
   5.5418091e+02   1.0942780e-23
   5.5545886e+02   1.0951580e-23
   5.5673975e+02   1.0960414e-23
   5.5802360e+02   1.0969283e-23
   5.5931040e+02   1.0978185e-23
   5.6060018e+02   1.0987122e-23
   5.6189293e+02   1.0996093e-23
   5.6318866e+02   1.1005098e-23
   5.6448737e+02   1.1014138e-23
   5.6578909e+02   1.1023213e-23
   5.6709380e+02   1.1032323e-23
   5.6840152e+02   1.1041467e-23
   5.6971226e+02   1.1050647e-23
   5.7102602e+02   1.1059861e-23
   5.7234281e+02   1.1069111e-23
   5.7366264e+02   1.1078396e-23
   5.7498551e+02   1.1087717e-23
   5.7631143e+02   1.1097073e-23
   5.7764041e+02   1.1106465e-23
   5.7897245e+02   1.1115893e-23
   5.8030757e+02   1.1125356e-23
   5.8164576e+02   1.1134856e-23
   5.8298704e+02   1.1144392e-23
   5.8433141e+02   1.1153964e-23
   5.8567889e+02   1.1163572e-23
   5.8702947e+02   1.1173217e-23
   5.8838316e+02   1.1182898e-23
   5.8973998e+02   1.1192616e-23
   5.9109992e+02   1.1202371e-23
   5.9246300e+02   1.1212162e-23
   5.9382923e+02   1.1221991e-23
   5.9519860e+02   1.1231857e-23
   5.9657113e+02   1.1241760e-23
   5.9794683e+02   1.1251700e-23
   5.9932570e+02   1.1261678e-23
   6.0070775e+02   1.1271693e-23
   6.0209299e+02   1.1281746e-23
   6.0348142e+02   1.1291837e-23
   6.0487305e+02   1.1301966e-23
   6.0626789e+02   1.1312133e-23
   6.0766595e+02   1.1322338e-23
   6.0906723e+02   1.1332581e-23
   6.1047175e+02   1.1342863e-23
   6.1187950e+02   1.1353183e-23
   6.1329050e+02   1.1363542e-23
   6.1470475e+02   1.1373939e-23
   6.1612226e+02   1.1384376e-23
   6.1754305e+02   1.1394851e-23
   6.1896711e+02   1.1405365e-23
   6.2039445e+02   1.1415919e-23
   6.2182508e+02   1.1426511e-23
   6.2325902e+02   1.1437144e-23
   6.2469626e+02   1.1447815e-23
   6.2613681e+02   1.1458527e-23
   6.2758069e+02   1.1469278e-23
   6.2902789e+02   1.1480069e-23
   6.3047844e+02   1.1490900e-23
   6.3193232e+02   1.1501772e-23
   6.3338957e+02   1.1512683e-23
   6.3485017e+02   1.1523635e-23
   6.3631414e+02   1.1534627e-23
   6.3778148e+02   1.1545660e-23
   6.3925221e+02   1.1556734e-23
   6.4072633e+02   1.1567848e-23
   6.4220385e+02   1.1579004e-23
   6.4368478e+02   1.1590200e-23
   6.4516912e+02   1.1601438e-23
   6.4665688e+02   1.1612717e-23
   6.4814808e+02   1.1624038e-23
   6.4964271e+02   1.1635400e-23
   6.5114080e+02   1.1646804e-23
   6.5264233e+02   1.1658249e-23
   6.5414733e+02   1.1669737e-23
   6.5565580e+02   1.1681266e-23
   6.5716775e+02   1.1692838e-23
   6.5868318e+02   1.1704452e-23
   6.6020211e+02   1.1716108e-23
   6.6172454e+02   1.1727807e-23
   6.6325048e+02   1.1739549e-23
   6.6477994e+02   1.1751333e-23
   6.6631293e+02   1.1763161e-23
   6.6784945e+02   1.1775031e-23
   6.6938952e+02   1.1786944e-23
   6.7093314e+02   1.1798901e-23
   6.7248031e+02   1.1810901e-23
   6.7403106e+02   1.1822945e-23
   6.7558538e+02   1.1835032e-23
   6.7714328e+02   1.1847163e-23
   6.7870478e+02   1.1859338e-23
   6.8026988e+02   1.1871557e-23
   6.8183859e+02   1.1883820e-23
   6.8341091e+02   1.1896128e-23
   6.8498686e+02   1.1908479e-23
   6.8656645e+02   1.1920876e-23
   6.8814967e+02   1.1933317e-23
   6.8973655e+02   1.1945802e-23
   6.9132709e+02   1.1958333e-23
   6.9292130e+02   1.1970908e-23
   6.9451918e+02   1.1983529e-23
   6.9612074e+02   1.1996195e-23
   6.9772600e+02   1.2008907e-23
   6.9933497e+02   1.2021664e-23
   7.0094764e+02   1.2034466e-23
   7.0256403e+02   1.2047315e-23
   7.0418415e+02   1.2060209e-23
   7.0580800e+02   1.2073149e-23
   7.0743560e+02   1.2086136e-23
   7.0906695e+02   1.2099168e-23
   7.1070206e+02   1.2112248e-23
   7.1234095e+02   1.2125373e-23
   7.1398361e+02   1.2138546e-23
   7.1563006e+02   1.2151765e-23
   7.1728031e+02   1.2165031e-23
   7.1893437e+02   1.2178344e-23
   7.2059223e+02   1.2191705e-23
   7.2225393e+02   1.2205112e-23
   7.2391945e+02   1.2218568e-23
   7.2558881e+02   1.2232070e-23
   7.2726203e+02   1.2245621e-23
   7.2893910e+02   1.2259219e-23
   7.3062004e+02   1.2272865e-23
   7.3230485e+02   1.2286560e-23
   7.3399355e+02   1.2300302e-23
   7.3568615e+02   1.2314093e-23
   7.3738265e+02   1.2327933e-23
   7.3908306e+02   1.2341821e-23
   7.4078739e+02   1.2355758e-23
   7.4249565e+02   1.2369744e-23
   7.4420785e+02   1.2383778e-23
   7.4592400e+02   1.2397862e-23
   7.4764410e+02   1.2411996e-23
   7.4936818e+02   1.2426178e-23
   7.5109623e+02   1.2440410e-23
   7.5282826e+02   1.2454692e-23
   7.5456429e+02   1.2469024e-23
   7.5630432e+02   1.2483406e-23
   7.5804836e+02   1.2497837e-23
   7.5979643e+02   1.2512319e-23
   7.6154852e+02   1.2526852e-23
   7.6330466e+02   1.2541434e-23
   7.6506485e+02   1.2556068e-23
   7.6682909e+02   1.2570752e-23
   7.6859741e+02   1.2585487e-23
   7.7036980e+02   1.2600273e-23
   7.7214628e+02   1.2615111e-23
   7.7392685e+02   1.2629999e-23
   7.7571153e+02   1.2644939e-23
   7.7750033e+02   1.2659931e-23
   7.7929325e+02   1.2674974e-23
   7.8109031e+02   1.2690069e-23
   7.8289151e+02   1.2705216e-23
   7.8469686e+02   1.2720415e-23
   7.8650638e+02   1.2735667e-23
   7.8832007e+02   1.2750971e-23
   7.9013794e+02   1.2766327e-23
   7.9196000e+02   1.2781736e-23
   7.9378627e+02   1.2797198e-23
   7.9561675e+02   1.2812713e-23
   7.9745144e+02   1.2828281e-23
   7.9929037e+02   1.2843902e-23
   8.0113354e+02   1.2859576e-23
   8.0298096e+02   1.2875304e-23
   8.0483264e+02   1.2891085e-23
   8.0668859e+02   1.2906921e-23
   8.0854882e+02   1.2922810e-23
   8.1041334e+02   1.2938753e-23
   8.1228216e+02   1.2954751e-23
   8.1415529e+02   1.2970802e-23
   8.1603274e+02   1.2986909e-23
   8.1791452e+02   1.3003069e-23
   8.1980064e+02   1.3019285e-23
   8.2169110e+02   1.3035556e-23
   8.2358593e+02   1.3051881e-23
   8.2548512e+02   1.3068262e-23
   8.2738870e+02   1.3084698e-23
   8.2929666e+02   1.3101189e-23
   8.3120903e+02   1.3117736e-23
   8.3312580e+02   1.3134339e-23
   8.3504700e+02   1.3150997e-23
   8.3697262e+02   1.3167712e-23
   8.3890269e+02   1.3184483e-23
   8.4083720e+02   1.3201310e-23
   8.4277618e+02   1.3218193e-23
   8.4471963e+02   1.3235133e-23
   8.4666756e+02   1.3252130e-23
   8.4861998e+02   1.3269184e-23
   8.5057690e+02   1.3286295e-23
   8.5253834e+02   1.3303463e-23
   8.5450430e+02   1.3320688e-23
   8.5647479e+02   1.3337970e-23
   8.5844983e+02   1.3355311e-23
   8.6042942e+02   1.3372709e-23
   8.6241358e+02   1.3390164e-23
   8.6440231e+02   1.3407678e-23
   8.6639563e+02   1.3425250e-23
   8.6839354e+02   1.3442881e-23
   8.7039607e+02   1.3460570e-23
   8.7240321e+02   1.3478317e-23
   8.7441498e+02   1.3496123e-23
   8.7643138e+02   1.3513988e-23
   8.7845244e+02   1.3531912e-23
   8.8047816e+02   1.3549896e-23
   8.8250855e+02   1.3567938e-23
   8.8454362e+02   1.3586041e-23
   8.8658338e+02   1.3604202e-23
   8.8862785e+02   1.3622424e-23
   8.9067703e+02   1.3640705e-23
   8.9273094e+02   1.3659047e-23
   8.9478959e+02   1.3677449e-23
   8.9685298e+02   1.3695911e-23
   8.9892113e+02   1.3714434e-23
   9.0099405e+02   1.3733017e-23
   9.0307175e+02   1.3751661e-23
   9.0515424e+02   1.3770367e-23
   9.0724153e+02   1.3789133e-23
   9.0933364e+02   1.3807961e-23
   9.1143057e+02   1.3826850e-23
   9.1353233e+02   1.3845800e-23
   9.1563894e+02   1.3864813e-23
   9.1775041e+02   1.3883887e-23
   9.1986675e+02   1.3903024e-23
   9.2198797e+02   1.3922222e-23
   9.2411408e+02   1.3941483e-23
   9.2624510e+02   1.3960807e-23
   9.2838103e+02   1.3980193e-23
   9.3052188e+02   1.3999643e-23
   9.3266767e+02   1.4019155e-23
   9.3481841e+02   1.4038731e-23
   9.3697411e+02   1.4058371e-23
   9.3913478e+02   1.4078074e-23
   9.4130043e+02   1.4097843e-23
   9.4347108e+02   1.4117676e-23
   9.4564673e+02   1.4137576e-23
   9.4782740e+02   1.4157544e-23
   9.5001309e+02   1.4177583e-23
   9.5220383e+02   1.4197705e-23
   9.5439962e+02   1.4217935e-23
   9.5660047e+02   1.4238389e-23
   9.5880640e+02   1.4260136e-23
   9.6101742e+02   1.4400826e-23
   9.6323353e+02   1.4300181e-23
   9.6545475e+02   1.4319791e-23
   9.6768110e+02   1.4340153e-23
   9.6991258e+02   1.4360693e-23
   9.7214920e+02   1.4381333e-23
   9.7439099e+02   1.4402052e-23
   9.7663794e+02   1.4422844e-23
   9.7889008e+02   1.4443705e-23
   9.8114740e+02   1.4464635e-23
   9.8340994e+02   1.4485632e-23
   9.8567769e+02   1.4506697e-23
   9.8795067e+02   1.4527829e-23
   9.9022889e+02   1.4549029e-23
   9.9251237e+02   1.4570296e-23
   9.9480111e+02   1.4591630e-23
   9.9709513e+02   1.4613033e-23
   9.9939443e+02   1.4634502e-23
   1.0016990e+03   1.4656040e-23
   1.0040090e+03   1.4677645e-23
   1.0063242e+03   1.4699319e-23
   1.0086448e+03   1.4721061e-23
   1.0109708e+03   1.4742871e-23
   1.0133021e+03   1.4764750e-23
   1.0156387e+03   1.4786698e-23
   1.0179808e+03   1.4808714e-23
   1.0203283e+03   1.4830800e-23
   1.0226812e+03   1.4852954e-23
   1.0250395e+03   1.4875178e-23
   1.0274032e+03   1.4897472e-23
   1.0297724e+03   1.4919835e-23
   1.0321471e+03   1.4942268e-23
   1.0345272e+03   1.4964771e-23
   1.0369129e+03   1.4987344e-23
   1.0393040e+03   1.5009987e-23
   1.0417006e+03   1.5032701e-23
   1.0441028e+03   1.5055486e-23
   1.0465105e+03   1.5078341e-23
   1.0489238e+03   1.5101267e-23
   1.0513426e+03   1.5124265e-23
   1.0537670e+03   1.5147333e-23
   1.0561970e+03   1.5170473e-23
   1.0586326e+03   1.5193685e-23
   1.0610738e+03   1.5216968e-23
   1.0635207e+03   1.5240324e-23
   1.0659731e+03   1.5263751e-23
   1.0684313e+03   1.5287251e-23
   1.0708951e+03   1.5310823e-23
   1.0733646e+03   1.5334468e-23
   1.0758398e+03   1.5358186e-23
   1.0783207e+03   1.5381976e-23
   1.0808073e+03   1.5405840e-23
   1.0832996e+03   1.5429777e-23
   1.0857977e+03   1.5453787e-23
   1.0883016e+03   1.5477871e-23
   1.0908112e+03   1.5502028e-23
   1.0933266e+03   1.5526260e-23
   1.0958479e+03   1.5550566e-23
   1.0983749e+03   1.5574946e-23
   1.1009078e+03   1.5599400e-23
   1.1034465e+03   1.5623929e-23
   1.1059910e+03   1.5648533e-23
   1.1085414e+03   1.5673212e-23
   1.1110977e+03   1.5697965e-23
   1.1136599e+03   1.5722795e-23
   1.1162281e+03   1.5747699e-23
   1.1188021e+03   1.5772679e-23
   1.1213820e+03   1.5797735e-23
   1.1239680e+03   1.5822867e-23
   1.1265598e+03   1.5848076e-23
   1.1291577e+03   1.5873360e-23
   1.1317615e+03   1.5898721e-23
   1.1343714e+03   1.5924159e-23
   1.1369873e+03   1.5949673e-23
   1.1396092e+03   1.5975264e-23
   1.1422371e+03   1.6000933e-23
   1.1448711e+03   1.6026679e-23
   1.1475112e+03   1.6052502e-23
   1.1501574e+03   1.6078404e-23
   1.1528096e+03   1.6104383e-23
   1.1554680e+03   1.6130440e-23
   1.1581325e+03   1.6156575e-23
   1.1608032e+03   1.6182789e-23
   1.1634800e+03   1.6209081e-23
   1.1661630e+03   1.6235452e-23
   1.1688522e+03   1.6261902e-23
   1.1715476e+03   1.6288431e-23
   1.1742492e+03   1.6315039e-23
   1.1769570e+03   1.6341727e-23
   1.1796711e+03   1.6368494e-23
   1.1823914e+03   1.6395341e-23
   1.1851180e+03   1.6422269e-23
   1.1878509e+03   1.6449276e-23
   1.1905901e+03   1.6476364e-23
   1.1933356e+03   1.6503532e-23
   1.1960875e+03   1.6530781e-23
   1.1988456e+03   1.6558110e-23
   1.2016102e+03   1.6585521e-23
   1.2043811e+03   1.6613013e-23
   1.2071584e+03   1.6640587e-23
   1.2099421e+03   1.6668242e-23
   1.2127323e+03   1.6695979e-23
   1.2155288e+03   1.6723797e-23
   1.2183319e+03   1.6751698e-23
   1.2211413e+03   1.6779682e-23
   1.2239573e+03   1.6807747e-23
   1.2267798e+03   1.6835896e-23
   1.2296087e+03   1.6864127e-23
   1.2324442e+03   1.6892441e-23
   1.2352862e+03   1.6920839e-23
   1.2381348e+03   1.6949320e-23
   1.2409900e+03   1.6977884e-23
   1.2438517e+03   1.7006533e-23
   1.2467200e+03   1.7035265e-23
   1.2495950e+03   1.7064082e-23
   1.2524766e+03   1.7092983e-23
   1.2553648e+03   1.7121968e-23
   1.2582597e+03   1.7151038e-23
   1.2611612e+03   1.7180193e-23
   1.2640695e+03   1.7209433e-23
   1.2669844e+03   1.7238758e-23
   1.2699061e+03   1.7268169e-23
   1.2728345e+03   1.7297665e-23
   1.2757697e+03   1.7327248e-23
   1.2787116e+03   1.7356916e-23
   1.2816603e+03   1.7386670e-23
   1.2846158e+03   1.7416511e-23
   1.2875782e+03   1.7446438e-23
   1.2905473e+03   1.7476453e-23
   1.2935233e+03   1.7506554e-23
   1.2965062e+03   1.7536742e-23
   1.2994960e+03   1.7567018e-23
   1.3024926e+03   1.7597381e-23
   1.3054962e+03   1.7627832e-23
   1.3085067e+03   1.7658371e-23
   1.3115241e+03   1.7688998e-23
   1.3145485e+03   1.7719713e-23
   1.3175798e+03   1.7750517e-23
   1.3206182e+03   1.7781409e-23
   1.3236635e+03   1.7812390e-23
   1.3267159e+03   1.7843461e-23
   1.3297753e+03   1.7874620e-23
   1.3328418e+03   1.7905869e-23
   1.3359154e+03   1.7937208e-23
   1.3389960e+03   1.7968636e-23
   1.3420837e+03   1.8000155e-23
   1.3451786e+03   1.8031764e-23
   1.3482806e+03   1.8063463e-23
   1.3513897e+03   1.8095253e-23
   1.3545060e+03   1.8127134e-23
   1.3576295e+03   1.8159106e-23
   1.3607602e+03   1.8191169e-23
   1.3638982e+03   1.8223323e-23
   1.3670433e+03   1.8255569e-23
   1.3701957e+03   1.8287907e-23
   1.3733554e+03   1.8320337e-23
   1.3765224e+03   1.8352859e-23
   1.3796966e+03   1.8385473e-23
   1.3828782e+03   1.8418180e-23
   1.3860672e+03   1.8450980e-23
   1.3892634e+03   1.8483873e-23
   1.3924671e+03   1.8516859e-23
   1.3956781e+03   1.8549939e-23
   1.3988966e+03   1.8583112e-23
   1.4021224e+03   1.8616379e-23
   1.4053558e+03   1.8649741e-23
   1.4085965e+03   1.8683196e-23
   1.4118448e+03   1.8716746e-23
   1.4151005e+03   1.8750391e-23
   1.4183637e+03   1.8784130e-23
   1.4216345e+03   1.8817965e-23
   1.4249128e+03   1.8851896e-23
   1.4281986e+03   1.8885923e-23
   1.4314921e+03   1.8920050e-23
   1.4347931e+03   1.8954283e-23
   1.4381017e+03   1.8988692e-23
   1.4414180e+03   1.9040712e-23
   1.4447419e+03   1.9057570e-23
   1.4480735e+03   1.9092105e-23
   1.4514128e+03   1.9126791e-23
   1.4547598e+03   1.9161582e-23
   1.4581144e+03   1.9196473e-23
   1.4614769e+03   1.9231462e-23
   1.4648470e+03   1.9266550e-23
   1.4682250e+03   1.9301736e-23
   1.4716107e+03   1.9337020e-23
   1.4750043e+03   1.9372403e-23
   1.4784056e+03   1.9407884e-23
   1.4818149e+03   1.9443465e-23
   1.4852319e+03   1.9479144e-23
   1.4886569e+03   1.9514922e-23
   1.4920897e+03   1.9550800e-23
   1.4955305e+03   1.9586778e-23
   1.4989792e+03   1.9622855e-23
   1.5024359e+03   1.9659032e-23
   1.5059005e+03   1.9695310e-23
   1.5093731e+03   1.9731688e-23
   1.5128538e+03   1.9768167e-23
   1.5163424e+03   1.9804747e-23
   1.5198391e+03   1.9841428e-23
   1.5233439e+03   1.9878211e-23
   1.5268567e+03   1.9915095e-23
   1.5303776e+03   1.9952081e-23
   1.5339067e+03   1.9989169e-23
   1.5374439e+03   2.0026359e-23
   1.5409893e+03   2.0063651e-23
   1.5445428e+03   2.0101046e-23
   1.5481045e+03   2.0138544e-23
   1.5516745e+03   2.0176146e-23
   1.5552526e+03   2.0213850e-23
   1.5588391e+03   2.0251658e-23
   1.5624338e+03   2.0289570e-23
   1.5660367e+03   2.0327586e-23
   1.5696480e+03   2.0365706e-23
   1.5732677e+03   2.0403930e-23
   1.5768956e+03   2.0442260e-23
   1.5805320e+03   2.0480694e-23
   1.5841767e+03   2.0519233e-23
   1.5878298e+03   2.0557878e-23
   1.5914913e+03   2.0596628e-23
   1.5951613e+03   2.0635484e-23
   1.5988398e+03   2.0674445e-23
   1.6025267e+03   2.0713514e-23
   1.6062222e+03   2.0752688e-23
   1.6099261e+03   2.0791970e-23
   1.6136386e+03   2.0831358e-23
   1.6173597e+03   2.0870853e-23
   1.6210893e+03   2.0910456e-23
   1.6248276e+03   2.0950167e-23
   1.6285744e+03   2.0989985e-23
   1.6323300e+03   2.1029911e-23
   1.6360941e+03   2.1069946e-23
   1.6398670e+03   2.1110089e-23
   1.6436485e+03   2.1150341e-23
   1.6474388e+03   2.1190702e-23
   1.6512378e+03   2.1231172e-23
   1.6550456e+03   2.1271752e-23
   1.6588621e+03   2.1312441e-23
   1.6626874e+03   2.1353240e-23
   1.6665216e+03   2.1394150e-23
   1.6703646e+03   2.1435170e-23
   1.6742165e+03   2.1476300e-23
   1.6780773e+03   2.1517542e-23
   1.6819469e+03   2.1558894e-23
   1.6858255e+03   2.1600358e-23
   1.6897130e+03   2.1641933e-23
   1.6936095e+03   2.1683621e-23
   1.6975150e+03   2.1725420e-23
   1.7014295e+03   2.1767332e-23
   1.7053530e+03   2.1809356e-23
   1.7092855e+03   2.1851493e-23
   1.7132272e+03   2.1893743e-23
   1.7171779e+03   2.1936106e-23
   1.7211377e+03   2.1978583e-23
   1.7251067e+03   2.2021174e-23
   1.7290848e+03   2.2063878e-23
   1.7330721e+03   2.2106697e-23
   1.7370685e+03   2.2149630e-23
   1.7410742e+03   2.2192678e-23
   1.7450892e+03   2.2235841e-23
   1.7491133e+03   2.2279119e-23
   1.7531468e+03   2.2322513e-23
   1.7571896e+03   2.2366022e-23
   1.7612417e+03   2.2409648e-23
   1.7653031e+03   2.2453389e-23
   1.7693739e+03   2.2497247e-23
   1.7734541e+03   2.2541222e-23
   1.7775437e+03   2.2585313e-23
   1.7816427e+03   2.2629522e-23
   1.7857512e+03   2.2673848e-23
   1.7898692e+03   2.2718292e-23
   1.7939966e+03   2.2762854e-23
   1.7981336e+03   2.2807534e-23
   1.8022801e+03   2.2852333e-23
   1.8064362e+03   2.2897250e-23
   1.8106018e+03   2.2942287e-23
   1.8147771e+03   2.2987442e-23
   1.8189620e+03   2.3032717e-23
   1.8231565e+03   2.3078112e-23
   1.8273607e+03   2.3123626e-23
   1.8315746e+03   2.3169261e-23
   1.8357983e+03   2.3215017e-23
   1.8400316e+03   2.3260893e-23
   1.8442748e+03   2.3306890e-23
   1.8485277e+03   2.3353008e-23
   1.8527904e+03   2.3399248e-23
   1.8570629e+03   2.3445610e-23
   1.8613453e+03   2.3492094e-23
   1.8656376e+03   2.3538700e-23
   1.8699398e+03   2.3585429e-23
   1.8742519e+03   2.3632280e-23
   1.8785739e+03   2.3679255e-23
   1.8829059e+03   2.3726353e-23
   1.8872479e+03   2.3773574e-23
   1.8915999e+03   2.3820920e-23
   1.8959620e+03   2.3868390e-23
   1.9003341e+03   2.3915984e-23
   1.9047163e+03   2.3963703e-23
   1.9091086e+03   2.4011548e-23
   1.9135110e+03   2.4059520e-23
   1.9179235e+03   2.4107633e-23
   1.9223463e+03   2.4156325e-23
   1.9267792e+03   2.4204187e-23
   1.9312224e+03   2.4252651e-23
   1.9356758e+03   2.4301248e-23
   1.9401395e+03   2.4349973e-23
   1.9446135e+03   2.4398826e-23
   1.9490978e+03   2.4447806e-23
   1.9535924e+03   2.4496914e-23
   1.9580974e+03   2.4546150e-23
   1.9626128e+03   2.4595514e-23
   1.9671386e+03   2.4645006e-23
   1.9716748e+03   2.4694628e-23
   1.9762215e+03   2.4744378e-23
   1.9807787e+03   2.4794258e-23
   1.9853464e+03   2.4844267e-23
   1.9899246e+03   2.4894406e-23
   1.9945134e+03   2.4944675e-23
   1.9991128e+03   2.4995075e-23
   2.0037227e+03   2.5045605e-23
   2.0083433e+03   2.5096266e-23
   2.0129746e+03   2.5147058e-23
   2.0176165e+03   2.5197982e-23
   2.0222692e+03   2.5249038e-23
   2.0269325e+03   2.5300226e-23
   2.0316067e+03   2.5351546e-23
   2.0362916e+03   2.5402999e-23
   2.0409873e+03   2.5454585e-23
   2.0456938e+03   2.5506304e-23
   2.0504112e+03   2.5558157e-23
   2.0551394e+03   2.5610144e-23
   2.0598786e+03   2.5662264e-23
   2.0646287e+03   2.5714519e-23
   2.0693898e+03   2.5766909e-23
   2.0741618e+03   2.5819433e-23
   2.0789448e+03   2.5872093e-23
   2.0837389e+03   2.5924888e-23
   2.0885440e+03   2.5977819e-23
   2.0933602e+03   2.6030887e-23
   2.0981875e+03   2.6084090e-23
   2.1030259e+03   2.6137431e-23
   2.1078755e+03   2.6190908e-23
   2.1127363e+03   2.6244523e-23
   2.1176083e+03   2.6298275e-23
   2.1224915e+03   2.6352165e-23
   2.1273860e+03   2.6406193e-23
   2.1322918e+03   2.6460360e-23
   2.1372088e+03   2.6514665e-23
   2.1421373e+03   2.6569110e-23
   2.1470771e+03   2.6623694e-23
   2.1520282e+03   2.6678418e-23
   2.1569908e+03   2.6733281e-23
   2.1619649e+03   2.6788285e-23
   2.1669504e+03   2.6843429e-23
   2.1719474e+03   2.6898715e-23
   2.1769559e+03   2.6954141e-23
   2.1819760e+03   2.7009709e-23
   2.1870076e+03   2.7065419e-23
   2.1920509e+03   2.7121271e-23
   2.1971058e+03   2.7177265e-23
   2.2021723e+03   2.7233402e-23
   2.2072505e+03   2.7289682e-23
   2.2123405e+03   2.7346105e-23
   2.2174421e+03   2.7402672e-23
   2.2225556e+03   2.7459383e-23
   2.2276808e+03   2.7516238e-23
   2.2328179e+03   2.7573238e-23
   2.2379668e+03   2.7630382e-23
   2.2431275e+03   2.7687672e-23
   2.2483002e+03   2.7745107e-23
   2.2534848e+03   2.7802688e-23
   2.2586814e+03   2.7860415e-23
   2.2638899e+03   2.7918288e-23
   2.2691104e+03   2.7976309e-23
   2.2743430e+03   2.8034476e-23
   2.2795877e+03   2.8092791e-23
   2.2848444e+03   2.8151253e-23
   2.2901133e+03   2.8209864e-23
   2.2953943e+03   2.8268622e-23
   2.3006875e+03   2.8327530e-23
   2.3059929e+03   2.8386586e-23
   2.3113105e+03   2.8445792e-23
   2.3166404e+03   2.8505147e-23
   2.3219826e+03   2.8564653e-23
   2.3273371e+03   2.8624308e-23
   2.3327040e+03   2.8684114e-23
   2.3380832e+03   2.8744072e-23
   2.3434749e+03   2.8804180e-23
   2.3488789e+03   2.8864440e-23
   2.3542955e+03   2.8924852e-23
   2.3597245e+03   2.8985416e-23
   2.3651660e+03   2.9046132e-23
   2.3706201e+03   2.9107002e-23
   2.3760868e+03   2.9168025e-23
   2.3815661e+03   2.9229201e-23
   2.3870580e+03   2.9290532e-23
   2.3925626e+03   2.9352017e-23
   2.3980798e+03   2.9413662e-23
   2.4036098e+03   2.9475489e-23
   2.4091526e+03   2.9537399e-23
   2.4147081e+03   2.9599503e-23
   2.4202764e+03   2.9661763e-23
   2.4258576e+03   2.9724179e-23
   2.4314516e+03   2.9786753e-23
   2.4370586e+03   2.9849483e-23
   2.4426785e+03   2.9912370e-23
   2.4483113e+03   2.9975415e-23
   2.4539571e+03   3.0038618e-23
   2.4596160e+03   3.0101980e-23
   2.4652879e+03   3.0165500e-23
   2.4709728e+03   3.0229179e-23
   2.4766709e+03   3.0293017e-23
   2.4823821e+03   3.0357015e-23
   2.4881065e+03   3.0421172e-23
   2.4938441e+03   3.0485491e-23
   2.4995949e+03   3.0549970e-23
   2.5053590e+03   3.0614609e-23
   2.5111364e+03   3.0679411e-23
   2.5169271e+03   3.0744374e-23
   2.5227312e+03   3.0809499e-23
   2.5285486e+03   3.0874787e-23
   2.5343794e+03   3.0940237e-23
   2.5402237e+03   3.1005851e-23
   2.5460815e+03   3.1071628e-23
   2.5519528e+03   3.1137569e-23
   2.5578376e+03   3.1203674e-23
   2.5637360e+03   3.1269944e-23
   2.5696480e+03   3.1336378e-23
   2.5755736e+03   3.1402978e-23
   2.5815129e+03   3.1469744e-23
   2.5874659e+03   3.1536676e-23
   2.5934326e+03   3.1603774e-23
   2.5994131e+03   3.1671038e-23
   2.6054074e+03   3.1738470e-23
   2.6114155e+03   3.1806070e-23
   2.6174374e+03   3.1873837e-23
   2.6234732e+03   3.1941772e-23
   2.6295230e+03   3.2009876e-23
   2.6355867e+03   3.2078149e-23
   2.6416644e+03   3.2146591e-23
   2.6477561e+03   3.2215203e-23
   2.6538618e+03   3.2283985e-23
   2.6599816e+03   3.2352937e-23
   2.6661156e+03   3.2422060e-23
   2.6722637e+03   3.2491355e-23
   2.6784259e+03   3.2560820e-23
   2.6846024e+03   3.2630458e-23
   2.6907931e+03   3.2700268e-23
   2.6969981e+03   3.2770250e-23
   2.7032174e+03   3.2840406e-23
   2.7094510e+03   3.2910735e-23
   2.7156991e+03   3.2981238e-23
   2.7219615e+03   3.3051915e-23
   2.7282383e+03   3.3122766e-23
   2.7345297e+03   3.3193792e-23
   2.7408355e+03   3.3264994e-23
   2.7471559e+03   3.3336372e-23
   2.7534909e+03   3.3407925e-23
   2.7598405e+03   3.3479655e-23
   2.7662047e+03   3.3551562e-23
   2.7725836e+03   3.3623646e-23
   2.7789772e+03   3.3695907e-23
   2.7853855e+03   3.3768347e-23
   2.7918086e+03   3.3840965e-23
   2.7982465e+03   3.3913762e-23
   2.8046993e+03   3.3986738e-23
   2.8111670e+03   3.4059893e-23
   2.8176496e+03   3.4133229e-23
   2.8241471e+03   3.4206745e-23
   2.8306596e+03   3.4280442e-23
   2.8371871e+03   3.4354319e-23
   2.8437297e+03   3.4428379e-23
   2.8502873e+03   3.4502620e-23
   2.8568601e+03   3.4577044e-23
   2.8634481e+03   3.4651650e-23
   2.8700512e+03   3.4726440e-23
   2.8766696e+03   3.4801414e-23
   2.8833032e+03   3.4876621e-23
   2.8899521e+03   3.4951911e-23
   2.8966164e+03   3.5027437e-23
   2.9032960e+03   3.5103148e-23
   2.9099910e+03   3.5179045e-23
   2.9167015e+03   3.5255128e-23
   2.9234274e+03   3.5331397e-23
   2.9301688e+03   3.5407853e-23
   2.9369258e+03   3.5484496e-23
   2.9436984e+03   3.5561327e-23
   2.9504866e+03   3.5638345e-23
   2.9572904e+03   3.5715553e-23
   2.9641100e+03   3.5792949e-23
   2.9709452e+03   3.5870534e-23
   2.9777963e+03   3.5948309e-23
   2.9846631e+03   3.6026274e-23
   2.9915457e+03   3.6104430e-23
   2.9984443e+03   3.6182776e-23
   3.0053587e+03   3.6261314e-23
   3.0122891e+03   3.6340044e-23
   3.0192354e+03   3.6418966e-23
   3.0261978e+03   3.6498080e-23
   3.0331763e+03   3.6577388e-23
   3.0401708e+03   3.6656889e-23
   3.0471814e+03   3.6736583e-23
   3.0542083e+03   3.6816473e-23
   3.0612513e+03   3.6896557e-23
   3.0683106e+03   3.6976836e-23
   3.0753861e+03   3.7057310e-23
   3.0824780e+03   3.7137981e-23
   3.0895862e+03   3.7218848e-23
   3.0967108e+03   3.7299913e-23
   3.1038518e+03   3.7381174e-23
   3.1110093e+03   3.7462633e-23
   3.1181833e+03   3.7544291e-23
   3.1253739e+03   3.7626147e-23
   3.1325810e+03   3.7708202e-23
   3.1398048e+03   3.7790457e-23
   3.1470452e+03   3.7872911e-23
   3.1543023e+03   3.7955566e-23
   3.1615762e+03   3.8038422e-23
   3.1688668e+03   3.8121479e-23
   3.1761742e+03   3.8204738e-23
   3.1834985e+03   3.8288199e-23
   3.1908397e+03   3.8371863e-23
   3.1981978e+03   3.8455730e-23
   3.2055728e+03   3.8539800e-23
   3.2129649e+03   3.8624074e-23
   3.2203740e+03   3.8708553e-23
   3.2278002e+03   3.8793237e-23
   3.2352436e+03   3.8878125e-23
   3.2427041e+03   3.8963220e-23
   3.2501818e+03   3.9048521e-23
   3.2576767e+03   3.9134029e-23
   3.2651889e+03   3.9219743e-23
   3.2727185e+03   3.9305666e-23
   3.2802654e+03   3.9391796e-23
   3.2878297e+03   3.9478135e-23
   3.2954115e+03   3.9564683e-23
   3.3030107e+03   3.9651440e-23
   3.3106275e+03   3.9738407e-23
   3.3182618e+03   3.9825585e-23
   3.3259138e+03   3.9912973e-23
   3.3335833e+03   4.0000573e-23
   3.3412706e+03   4.0088384e-23
   3.3489756e+03   4.0176408e-23
   3.3566984e+03   4.0264645e-23
   3.3644389e+03   4.0353102e-23
   3.3721974e+03   4.0441758e-23
   3.3799737e+03   4.0530635e-23
   3.3877679e+03   4.0619727e-23
   3.3955801e+03   4.0709034e-23
   3.4034104e+03   4.0798557e-23
   3.4112587e+03   4.0888295e-23
   3.4191251e+03   4.0978251e-23
   3.4270096e+03   4.1068423e-23
   3.4349123e+03   4.1158812e-23
   3.4428332e+03   4.1249420e-23
   3.4507724e+03   4.1340246e-23
   3.4587299e+03   4.1431291e-23
   3.4667058e+03   4.1522555e-23
   3.4747000e+03   4.1614040e-23
   3.4827127e+03   4.1705744e-23
   3.4907439e+03   4.1797670e-23
   3.4987936e+03   4.1889817e-23
   3.5068618e+03   4.1982186e-23
   3.5149487e+03   4.2074777e-23
   3.5230542e+03   4.2167591e-23
   3.5311784e+03   4.2260628e-23
   3.5393213e+03   4.2353889e-23
   3.5474830e+03   4.2447375e-23
   3.5556635e+03   4.2541085e-23
   3.5638629e+03   4.2635020e-23
   3.5720812e+03   4.2729182e-23
   3.5803184e+03   4.2823570e-23
   3.5885747e+03   4.2918184e-23
   3.5968500e+03   4.3013026e-23
   3.6051443e+03   4.3108096e-23
   3.6134578e+03   4.3203394e-23
   3.6217905e+03   4.3298921e-23
   3.6301424e+03   4.3394678e-23
   3.6385135e+03   4.3490664e-23
   3.6469039e+03   4.3586881e-23
   3.6553137e+03   4.3683328e-23
   3.6637429e+03   4.3780007e-23
   3.6721915e+03   4.3876918e-23
   3.6806596e+03   4.3974061e-23
   3.6891472e+03   4.4071438e-23
   3.6976544e+03   4.4169048e-23
   3.7061813e+03   4.4266891e-23
   3.7147277e+03   4.4364970e-23
   3.7232939e+03   4.4463283e-23
   3.7318799e+03   4.4561832e-23
   3.7404856e+03   4.4660617e-23
   3.7491112e+03   4.4759639e-23
   3.7577567e+03   4.4858898e-23
   3.7664221e+03   4.4958394e-23
   3.7751075e+03   4.5058129e-23
   3.7838129e+03   4.5158103e-23
   3.7925384e+03   4.5258315e-23
   3.8012841e+03   4.5358768e-23
   3.8100498e+03   4.5459461e-23
   3.8188359e+03   4.5560395e-23
   3.8276421e+03   4.5661570e-23
   3.8364687e+03   4.5762988e-23
   3.8453156e+03   4.5864650e-23
   3.8541829e+03   4.5966550e-23
   3.8630707e+03   4.6068696e-23
   3.8719790e+03   4.6171087e-23
   3.8809078e+03   4.6273722e-23
   3.8898572e+03   4.6376602e-23
   3.8988272e+03   4.6479728e-23
   3.9078180e+03   4.6583101e-23
   3.9168294e+03   4.6686720e-23
   3.9258617e+03   4.6790587e-23
   3.9349147e+03   4.6894701e-23
   3.9439887e+03   4.6999064e-23
   3.9530835e+03   4.7103677e-23
   3.9621994e+03   4.7208539e-23
   3.9713362e+03   4.7313651e-23
   3.9804942e+03   4.7419014e-23
   3.9896732e+03   4.7524628e-23
   3.9988734e+03   4.7630494e-23
   4.0080949e+03   4.7736612e-23
   4.0173376e+03   4.7842984e-23
   4.0266016e+03   4.7949609e-23
   4.0358870e+03   4.8056488e-23
   4.0451937e+03   4.8163622e-23
   4.0545220e+03   4.8271011e-23
   4.0638718e+03   4.8378656e-23
   4.0732431e+03   4.8486558e-23
   4.0826360e+03   4.8594716e-23
   4.0920506e+03   4.8703132e-23
   4.1014869e+03   4.8811807e-23
   4.1109450e+03   4.8920740e-23
   4.1204248e+03   4.9029932e-23
   4.1299266e+03   4.9139384e-23
   4.1394502e+03   4.9249097e-23
   4.1489958e+03   4.9359070e-23
   4.1585634e+03   4.9469306e-23
   4.1681531e+03   4.9579803e-23
   4.1777649e+03   4.9690563e-23
   4.1873988e+03   4.9801587e-23
   4.1970550e+03   4.9912875e-23
   4.2067335e+03   5.0024427e-23
   4.2164342e+03   5.0136245e-23
   4.2261574e+03   5.0248328e-23
   4.2359029e+03   5.0360678e-23
   4.2456709e+03   5.0473294e-23
   4.2554615e+03   5.0586179e-23
   4.2652746e+03   5.0699331e-23
   4.2751104e+03   5.0812752e-23
   4.2849688e+03   5.0926443e-23
   4.2948500e+03   5.1040403e-23
   4.3047539e+03   5.1154634e-23
   4.3146807e+03   5.1269136e-23
   4.3246304e+03   5.1383916e-23
   4.3346030e+03   5.1498957e-23
   4.3445987e+03   5.1614276e-23
   4.3546173e+03   5.1729870e-23
   4.3646591e+03   5.1845737e-23
   4.3747241e+03   5.1961879e-23
   4.3848122e+03   5.2078297e-23
   4.3949236e+03   5.2194991e-23
   4.4050583e+03   5.2311961e-23
   4.4152164e+03   5.2429209e-23
   4.4253980e+03   5.2546735e-23
   4.4356030e+03   5.2664539e-23
   4.4458315e+03   5.2782623e-23
   4.4560836e+03   5.2900987e-23
   4.4663594e+03   5.3019631e-23
   4.4766588e+03   5.3138556e-23
   4.4869821e+03   5.3257763e-23
   4.4973291e+03   5.3377252e-23
   4.5076999e+03   5.3497024e-23
   4.5180947e+03   5.3617080e-23
   4.5285135e+03   5.3737420e-23
   4.5389563e+03   5.3858045e-23
   4.5494231e+03   5.3978956e-23
   4.5599142e+03   5.4100153e-23
   4.5704294e+03   5.4221636e-23
   4.5809688e+03   5.4343408e-23
   4.5915325e+03   5.4465467e-23
   4.6021207e+03   5.4587815e-23
   4.6127332e+03   5.4710453e-23
   4.6233702e+03   5.4833380e-23
   4.6340317e+03   5.4956599e-23
   4.6447178e+03   5.5080109e-23
   4.6554286e+03   5.5203911e-23
   4.6661640e+03   5.5328005e-23
   4.6769242e+03   5.5452393e-23
   4.6877093e+03   5.5577075e-23
   4.6985192e+03   5.5702052e-23
   4.7093540e+03   5.5827324e-23
   4.7202138e+03   5.5952892e-23
   4.7310986e+03   5.6078757e-23
   4.7420086e+03   5.6204919e-23
   4.7529437e+03   5.6331380e-23
   4.7639040e+03   5.6458139e-23
   4.7748896e+03   5.6585197e-23
   4.7859005e+03   5.6712555e-23
   4.7969369e+03   5.6840215e-23
   4.8079986e+03   5.6968175e-23
   4.8190859e+03   5.7096438e-23
   4.8301988e+03   5.7225003e-23
   4.8413372e+03   5.7353872e-23
   4.8525014e+03   5.7483045e-23
   4.8636913e+03   5.7612523e-23
   4.8749070e+03   5.7742306e-23
   4.8861486e+03   5.7872396e-23
   4.8974161e+03   5.8002792e-23
   4.9087096e+03   5.8133497e-23
   4.9200291e+03   5.8264509e-23
   4.9313747e+03   5.8395830e-23
   4.9427465e+03   5.8527461e-23
   4.9541445e+03   5.8659403e-23
   4.9655688e+03   5.8791655e-23
   4.9770194e+03   5.8924220e-23
   4.9884965e+03   5.9057096e-23
   5.0000000e+03   5.9190286e-23
