   5.0000000e+00   1.6455286e-20
   5.0115300e+00   1.6037215e-20
   5.0230867e+00   1.5631443e-20
   5.0346699e+00   1.5237913e-20
   5.0462799e+00   1.4856708e-20
   5.0579167e+00   1.4487666e-20
   5.0695803e+00   1.4125646e-20
   5.0812708e+00   1.3744743e-20
   5.0929882e+00   1.3356877e-20
   5.1047327e+00   1.3017061e-20
   5.1165042e+00   1.2697510e-20
   5.1283029e+00   1.2385444e-20
   5.1401288e+00   1.2080334e-20
   5.1519820e+00   1.1782439e-20
   5.1638625e+00   1.1491892e-20
   5.1757704e+00   1.1208701e-20
   5.1877058e+00   1.0932792e-20
   5.1996687e+00   1.0664043e-20
   5.2116592e+00   1.0402304e-20
   5.2236773e+00   1.0147411e-20
   5.2357231e+00   9.8991953e-21
   5.2477968e+00   9.6574850e-21
   5.2598982e+00   9.4221078e-21
   5.2720276e+00   9.1928930e-21
   5.2841849e+00   8.9696727e-21
   5.2963703e+00   8.7522825e-21
   5.3085838e+00   8.5405616e-21
   5.3208254e+00   8.3343531e-21
   5.3330953e+00   8.1335042e-21
   5.3453934e+00   7.9378662e-21
   5.3577199e+00   7.7472945e-21
   5.3700749e+00   7.5616485e-21
   5.3824583e+00   7.3807916e-21
   5.3948703e+00   7.2045913e-21
   5.4073109e+00   7.0329188e-21
   5.4197802e+00   6.8656490e-21
   5.4322783e+00   6.7026607e-21
   5.4448051e+00   6.5438361e-21
   5.4573609e+00   6.3890608e-21
   5.4699456e+00   6.2382238e-21
   5.4825594e+00   6.0912175e-21
   5.4952022e+00   5.9479373e-21
   5.5078742e+00   5.8082818e-21
   5.5205754e+00   5.6721524e-21
   5.5333058e+00   5.5394537e-21
   5.5460657e+00   5.4100928e-21
   5.5588550e+00   5.2839797e-21
   5.5716737e+00   5.1610268e-21
   5.5845220e+00   5.0411494e-21
   5.5974000e+00   4.9242650e-21
   5.6103076e+00   4.8102935e-21
   5.6232451e+00   4.6991573e-21
   5.6362123e+00   4.5907810e-21
   5.6492094e+00   4.4850912e-21
   5.6622366e+00   4.3820167e-21
   5.6752937e+00   4.2814885e-21
   5.6883810e+00   4.1834395e-21
   5.7014985e+00   4.0878043e-21
   5.7146461e+00   3.9945197e-21
   5.7278242e+00   3.9035240e-21
   5.7410326e+00   3.8147576e-21
   5.7542714e+00   3.7281623e-21
   5.7675408e+00   3.6436816e-21
   5.7808408e+00   3.5612607e-21
   5.7941715e+00   3.4808463e-21
   5.8075329e+00   3.4023865e-21
   5.8209251e+00   3.3258310e-21
   5.8343482e+00   3.2511308e-21
   5.8478023e+00   3.1782384e-21
   5.8612873e+00   3.1071074e-21
   5.8748035e+00   3.0376929e-21
   5.8883508e+00   2.9699511e-21
   5.9019294e+00   2.9038396e-21
   5.9155393e+00   2.8393170e-21
   5.9291806e+00   2.7763431e-21
   5.9428533e+00   2.7148788e-21
   5.9565576e+00   2.6548860e-21
   5.9702935e+00   2.5963278e-21
   5.9840610e+00   2.5391682e-21
   5.9978603e+00   2.4833721e-21
   6.0116914e+00   2.4289056e-21
   6.0255544e+00   2.3757355e-21
   6.0394494e+00   2.3238296e-21
   6.0533764e+00   2.2731565e-21
   6.0673355e+00   2.2236858e-21
   6.0813269e+00   2.1753876e-21
   6.0953505e+00   2.1282332e-21
   6.1094064e+00   2.0821944e-21
   6.1234947e+00   2.0372439e-21
   6.1376155e+00   1.9933549e-21
   6.1517689e+00   1.9505016e-21
   6.1659550e+00   1.9086588e-21
   6.1801737e+00   1.8678018e-21
   6.1944252e+00   1.8279068e-21
   6.2087096e+00   1.7889504e-21
   6.2230269e+00   1.7509100e-21
   6.2373773e+00   1.7137635e-21
   6.2517607e+00   1.6774894e-21
   6.2661773e+00   1.6420668e-21
   6.2806272e+00   1.6074752e-21
   6.2951104e+00   1.5736949e-21
   6.3096269e+00   1.5407065e-21
   6.3241770e+00   1.5084911e-21
   6.3387606e+00   1.4770304e-21
   6.3533778e+00   1.4463066e-21
   6.3680288e+00   1.4163022e-21
   6.3827135e+00   1.3870003e-21
   6.3974321e+00   1.3583843e-21
   6.4121846e+00   1.3304382e-21
   6.4269711e+00   1.3031463e-21
   6.4417918e+00   1.2764933e-21
   6.4566466e+00   1.2504643e-21
   6.4715357e+00   1.2250448e-21
   6.4864591e+00   1.2002207e-21
   6.5014169e+00   1.1759782e-21
   6.5164092e+00   1.1523039e-21
   6.5314361e+00   1.1291847e-21
   6.5464977e+00   1.1066079e-21
   6.5615939e+00   1.0845609e-21
   6.5767250e+00   1.0630318e-21
   6.5918910e+00   1.0420087e-21
   6.6070920e+00   1.0214801e-21
   6.6223280e+00   1.0014348e-21
   6.6375991e+00   9.8186188e-22
   6.6529055e+00   9.6275064e-22
   6.6682471e+00   9.4409070e-22
   6.6836241e+00   9.2587195e-22
   6.6990366e+00   9.0808451e-22
   6.7144846e+00   8.9071875e-22
   6.7299683e+00   8.7376529e-22
   6.7454877e+00   8.5721499e-22
   6.7610428e+00   8.4105891e-22
   6.7766338e+00   8.2528836e-22
   6.7922608e+00   8.0989488e-22
   6.8079238e+00   7.9487017e-22
   6.8236229e+00   7.8020620e-22
   6.8393582e+00   7.6589509e-22
   6.8551299e+00   7.5192919e-22
   6.8709378e+00   7.3830103e-22
   6.8867823e+00   7.2500332e-22
   6.9026632e+00   7.1202896e-22
   6.9185808e+00   6.9937103e-22
   6.9345351e+00   6.8702278e-22
   6.9505262e+00   6.7497762e-22
   6.9665542e+00   6.6322915e-22
   6.9826191e+00   6.5177112e-22
   6.9987211e+00   6.4059742e-22
   7.0148602e+00   6.2970211e-22
   7.0310365e+00   6.1907942e-22
   7.0472502e+00   6.0872368e-22
   7.0635012e+00   5.9862942e-22
   7.0797897e+00   5.8879126e-22
   7.0961157e+00   5.7920399e-22
   7.1124794e+00   5.6986253e-22
   7.1288808e+00   5.6076192e-22
   7.1453201e+00   5.5189735e-22
   7.1617972e+00   5.4326412e-22
   7.1783124e+00   5.3485765e-22
   7.1948656e+00   5.2667352e-22
   7.2114571e+00   5.1870739e-22
   7.2280867e+00   5.1095505e-22
   7.2447548e+00   5.0341242e-22
   7.2614612e+00   4.9607553e-22
   7.2782062e+00   4.8894050e-22
   7.2949898e+00   4.8200361e-22
   7.3118121e+00   4.7526120e-22
   7.3286732e+00   4.6870976e-22
   7.3455732e+00   4.6234586e-22
   7.3625121e+00   4.5616620e-22
   7.3794901e+00   4.5016757e-22
   7.3965073e+00   4.4434689e-22
   7.4135637e+00   4.3870115e-22
   7.4306594e+00   4.3322749e-22
   7.4477946e+00   4.2792311e-22
   7.4649693e+00   4.2278537e-22
   7.4821835e+00   4.1781168e-22
   7.4994375e+00   4.1299961e-22
   7.5167313e+00   4.0834680e-22
   7.5340649e+00   4.0385102e-22
   7.5514385e+00   3.9951014e-22
   7.5688522e+00   3.9532216e-22
   7.5863060e+00   3.9128518e-22
   7.6038001e+00   3.8739741e-22
   7.6213345e+00   3.8365720e-22
   7.6389094e+00   3.8006301e-22
   7.6565248e+00   3.7661342e-22
   7.6741808e+00   3.7330716e-22
   7.6918775e+00   3.7014308e-22
   7.7096150e+00   3.6712015e-22
   7.7273934e+00   3.6423751e-22
   7.7452129e+00   3.6149446e-22
   7.7630734e+00   3.5889041e-22
   7.7809751e+00   3.5642496e-22
   7.7989181e+00   3.5409789e-22
   7.8169025e+00   3.5190914e-22
   7.8349283e+00   3.4985884e-22
   7.8529957e+00   3.4794732e-22
   7.8711048e+00   3.4617512e-22
   7.8892556e+00   3.4454300e-22
   7.9074483e+00   3.4305197e-22
   7.9256829e+00   3.4170327e-22
   7.9439596e+00   3.4049841e-22
   7.9622784e+00   3.3943921e-22
   7.9806395e+00   3.3852776e-22
   7.9990429e+00   3.3776653e-22
   8.0174888e+00   3.3715831e-22
   8.0359772e+00   3.3670629e-22
   8.0545082e+00   3.3641407e-22
   8.0730819e+00   3.3628573e-22
   8.0916985e+00   3.3632580e-22
   8.1103581e+00   3.3653939e-22
   8.1290606e+00   3.3693219e-22
   8.1478063e+00   3.3751054e-22
   8.1665952e+00   3.3828147e-22
   8.1854274e+00   3.3925283e-22
   8.2043031e+00   3.4043331e-22
   8.2232223e+00   3.4183258e-22
   8.2421851e+00   3.4346137e-22
   8.2611916e+00   3.4533160e-22
   8.2802420e+00   3.4745655e-22
   8.2993363e+00   3.4985095e-22
   8.3184746e+00   3.5253125e-22
   8.3376571e+00   3.5551580e-22
   8.3568838e+00   3.5882507e-22
   8.3761548e+00   3.6248200e-22
   8.3954703e+00   3.6651230e-22
   8.4148303e+00   3.7094490e-22
   8.4342350e+00   3.7581239e-22
   8.4536844e+00   3.8115159e-22
   8.4731786e+00   3.8700427e-22
   8.4927179e+00   3.9341792e-22
   8.5123021e+00   4.0044675e-22
   8.5319316e+00   4.0815293e-22
   8.5516063e+00   4.1660796e-22
   8.5713263e+00   4.2589458e-22
   8.5910919e+00   4.3610892e-22
   8.6109030e+00   4.4736337e-22
   8.6307598e+00   4.5979007e-22
   8.6506624e+00   4.7354540e-22
   8.6706109e+00   4.8881558e-22
   8.6906054e+00   5.0582502e-22
   8.7106460e+00   5.2484502e-22
   8.7307328e+00   5.4620787e-22
   8.7508660e+00   5.7032456e-22
   8.7710455e+00   5.9770948e-22
   8.7912716e+00   6.2901516e-22
   8.8115444e+00   6.6508183e-22
   8.8318638e+00   7.0701019e-22
   8.8522302e+00   7.5627067e-22
   8.8726435e+00   8.1487303e-22
   8.8931039e+00   8.8563837e-22
   8.9136114e+00   9.7265463e-22
   8.9341663e+00   1.0820775e-21
   8.9547686e+00   1.2236269e-21
   8.9754183e+00   1.4136023e-21
   8.9961157e+00   1.6815833e-21
   9.0168608e+00   2.0874059e-21
   9.0376538e+00   2.7731169e-21
   9.0584947e+00   4.1779140e-21
   9.0793836e+00   8.6659044e-21
   9.1003208e+00   8.9941262e-20
   9.1213062e+00   7.1494997e-21
   9.1423400e+00   3.7013312e-21
   9.1634223e+00   2.4976929e-21
   9.1845532e+00   1.9009001e-21
   9.2057328e+00   1.5767503e-21
   9.2269613e+00   1.4673660e-21
   9.2482388e+00   1.8843299e-21
   9.2695653e+00   3.9194130e-20
   9.2909410e+00   1.7506749e-21
   9.3123660e+00   1.0458039e-21
   9.3338403e+00   8.1813305e-22
   9.3553642e+00   6.9674642e-22
   9.3769378e+00   6.1599843e-22
   9.3985611e+00   5.5590080e-22
   9.4202342e+00   5.0827297e-22
   9.4419574e+00   4.6904857e-22
   9.4637306e+00   4.3591105e-22
   9.4855540e+00   4.0740542e-22
   9.5074278e+00   3.8255027e-22
   9.5293520e+00   3.6064755e-22
   9.5513267e+00   3.4118039e-22
   9.5733522e+00   3.2375404e-22
   9.5954284e+00   3.0805947e-22
   9.6175555e+00   2.9384995e-22
   9.6397337e+00   2.8092528e-22
   9.6619630e+00   2.6912079e-22
   9.6842435e+00   2.5829943e-22
   9.7065755e+00   2.4834600e-22
   9.7289589e+00   2.3916281e-22
   9.7513940e+00   2.3066640e-22
   9.7738808e+00   2.2278496e-22
   9.7964194e+00   2.1545629e-22
   9.8190100e+00   2.0862627e-22
   9.8416527e+00   2.0224752e-22
   9.8643477e+00   1.9627840e-22
   9.8870949e+00   1.9068213e-22
   9.9098946e+00   1.8542613e-22
   9.9327469e+00   1.8048139e-22
   9.9556519e+00   1.7582202e-22
   9.9786097e+00   1.7142484e-22
   1.0001620e+01   1.6726930e-22
   1.0024684e+01   1.6333814e-22
   1.0047801e+01   1.5961048e-22
   1.0070972e+01   1.5607224e-22
   1.0094195e+01   1.5271053e-22
   1.0117473e+01   1.4951328e-22
   1.0140804e+01   1.4646864e-22
   1.0164188e+01   1.4356585e-22
   1.0187627e+01   1.4079507e-22
   1.0211120e+01   1.3814740e-22
   1.0234667e+01   1.3561510e-22
   1.0258268e+01   1.3319068e-22
   1.0281924e+01   1.3086718e-22
   1.0305634e+01   1.2863817e-22
   1.0329399e+01   1.2649803e-22
   1.0353218e+01   1.2444141e-22
   1.0377093e+01   1.2246325e-22
   1.0401023e+01   1.2055884e-22
   1.0425007e+01   1.1872401e-22
   1.0449048e+01   1.1695484e-22
   1.0473143e+01   1.1524758e-22
   1.0497294e+01   1.1359875e-22
   1.0521501e+01   1.1200517e-22
   1.0545764e+01   1.1046393e-22
   1.0570082e+01   1.0897223e-22
   1.0594457e+01   1.0752741e-22
   1.0618888e+01   1.0612705e-22
   1.0643375e+01   1.0476896e-22
   1.0667919e+01   1.0345098e-22
   1.0692519e+01   1.0217108e-22
   1.0717176e+01   1.0092742e-22
   1.0741890e+01   9.9718270e-23
   1.0766661e+01   9.8541986e-23
   1.0791489e+01   9.7397004e-23
   1.0816374e+01   9.6281871e-23
   1.0841317e+01   9.5195255e-23
   1.0866317e+01   9.4135862e-23
   1.0891375e+01   9.3102473e-23
   1.0916491e+01   9.2093945e-23
   1.0941664e+01   9.1109229e-23
   1.0966896e+01   9.0147304e-23
   1.0992185e+01   8.9207207e-23
   1.1017533e+01   8.8288033e-23
   1.1042940e+01   8.7388947e-23
   1.1068405e+01   8.6509135e-23
   1.1093929e+01   8.5647831e-23
   1.1119512e+01   8.4804313e-23
   1.1145153e+01   8.3977908e-23
   1.1170854e+01   8.3167966e-23
   1.1196614e+01   8.2373867e-23
   1.1222434e+01   8.1595033e-23
   1.1248313e+01   8.0830918e-23
   1.1274251e+01   8.0080995e-23
   1.1300250e+01   7.9344763e-23
   1.1326308e+01   7.8621752e-23
   1.1352427e+01   7.7911517e-23
   1.1378606e+01   7.7213627e-23
   1.1404845e+01   7.6527673e-23
   1.1431144e+01   7.5853272e-23
   1.1457505e+01   7.5190056e-23
   1.1483926e+01   7.4537671e-23
   1.1510408e+01   7.3895782e-23
   1.1536951e+01   7.3264070e-23
   1.1563555e+01   7.2642232e-23
   1.1590221e+01   7.2029974e-23
   1.1616948e+01   7.1427017e-23
   1.1643737e+01   7.0833098e-23
   1.1670587e+01   7.0247962e-23
   1.1697500e+01   6.9671363e-23
   1.1724474e+01   6.9103070e-23
   1.1751511e+01   6.8542860e-23
   1.1778610e+01   6.7990518e-23
   1.1805772e+01   6.7445839e-23
   1.1832996e+01   6.6908627e-23
   1.1860283e+01   6.6378693e-23
   1.1887633e+01   6.5855855e-23
   1.1915046e+01   6.5339939e-23
   1.1942522e+01   6.4830778e-23
   1.1970061e+01   6.4328211e-23
   1.1997664e+01   6.3832082e-23
   1.2025331e+01   6.3342242e-23
   1.2053062e+01   6.2858549e-23
   1.2080856e+01   6.2380863e-23
   1.2108715e+01   6.1909051e-23
   1.2136637e+01   6.1442984e-23
   1.2164625e+01   6.0982539e-23
   1.2192676e+01   6.0527594e-23
   1.2220793e+01   6.0078034e-23
   1.2248974e+01   5.9633747e-23
   1.2277220e+01   5.9194625e-23
   1.2305532e+01   5.8760563e-23
   1.2333908e+01   5.8331460e-23
   1.2362350e+01   5.7907218e-23
   1.2390858e+01   5.7487740e-23
   1.2419431e+01   5.7072936e-23
   1.2448071e+01   5.6662717e-23
   1.2476776e+01   5.6256994e-23
   1.2505548e+01   5.5855685e-23
   1.2534386e+01   5.5458708e-23
   1.2563290e+01   5.5065983e-23
   1.2592261e+01   5.4677433e-23
   1.2621299e+01   5.4292985e-23
   1.2650404e+01   5.3912564e-23
   1.2679576e+01   5.3536101e-23
   1.2708815e+01   5.3163526e-23
   1.2738121e+01   5.2794773e-23
   1.2767496e+01   5.2429776e-23
   1.2796938e+01   5.2068472e-23
   1.2826447e+01   5.1710799e-23
   1.2856025e+01   5.1356696e-23
   1.2885671e+01   5.1006106e-23
   1.2915386e+01   5.0658970e-23
   1.2945169e+01   5.0315234e-23
   1.2975020e+01   4.9974841e-23
   1.3004941e+01   4.9637740e-23
   1.3034930e+01   4.9303877e-23
   1.3064989e+01   4.8973204e-23
   1.3095117e+01   4.8645669e-23
   1.3125314e+01   4.8321224e-23
   1.3155582e+01   4.7999823e-23
   1.3185918e+01   4.7681419e-23
   1.3216325e+01   4.7365967e-23
   1.3246802e+01   4.7053423e-23
   1.3277349e+01   4.6743743e-23
   1.3307967e+01   4.6436885e-23
   1.3338655e+01   4.6132809e-23
   1.3369414e+01   4.5831473e-23
   1.3400244e+01   4.5532839e-23
   1.3431145e+01   4.5236866e-23
   1.3462118e+01   4.4943518e-23
   1.3493162e+01   4.4652757e-23
   1.3524277e+01   4.4364548e-23
   1.3555464e+01   4.4078853e-23
   1.3586723e+01   4.3795639e-23
   1.3618054e+01   4.3514871e-23
   1.3649457e+01   4.3236516e-23
   1.3680933e+01   4.2960541e-23
   1.3712481e+01   4.2686914e-23
   1.3744103e+01   4.2415603e-23
   1.3775797e+01   4.2146577e-23
   1.3807564e+01   4.1879807e-23
   1.3839404e+01   4.1615262e-23
   1.3871318e+01   4.1352913e-23
   1.3903305e+01   4.1092732e-23
   1.3935366e+01   4.0834691e-23
   1.3967501e+01   4.0578761e-23
   1.3999710e+01   4.0324917e-23
   1.4031994e+01   4.0073132e-23
   1.4064352e+01   3.9823380e-23
   1.4096784e+01   3.9575635e-23
   1.4129292e+01   3.9329872e-23
   1.4161874e+01   3.9086068e-23
   1.4194531e+01   3.8844197e-23
   1.4227264e+01   3.8604236e-23
   1.4260072e+01   3.8366162e-23
   1.4292956e+01   3.8129952e-23
   1.4325916e+01   3.7895583e-23
   1.4358951e+01   3.7663035e-23
   1.4392063e+01   3.7432285e-23
   1.4425251e+01   3.7203312e-23
   1.4458516e+01   3.6976095e-23
   1.4491858e+01   3.6750614e-23
   1.4525276e+01   3.6526848e-23
   1.4558771e+01   3.6304779e-23
   1.4592344e+01   3.6084386e-23
   1.4625994e+01   3.5865651e-23
   1.4659722e+01   3.5648554e-23
   1.4693527e+01   3.5433078e-23
   1.4727410e+01   3.5219205e-23
   1.4761372e+01   3.5006916e-23
   1.4795412e+01   3.4796195e-23
   1.4829530e+01   3.4587024e-23
   1.4863727e+01   3.4379386e-23
   1.4898003e+01   3.4173265e-23
   1.4932358e+01   3.3968644e-23
   1.4966792e+01   3.3765508e-23
   1.5001306e+01   3.3563840e-23
   1.5035899e+01   3.3363626e-23
   1.5070572e+01   3.3164849e-23
   1.5105324e+01   3.2967496e-23
   1.5140157e+01   3.2771551e-23
   1.5175071e+01   3.2577000e-23
   1.5210065e+01   3.2383829e-23
   1.5245139e+01   3.2192023e-23
   1.5280295e+01   3.2001569e-23
   1.5315531e+01   3.1812453e-23
   1.5350849e+01   3.1624663e-23
   1.5386248e+01   3.1438184e-23
   1.5421729e+01   3.1253004e-23
   1.5457291e+01   3.1069111e-23
   1.5492936e+01   3.0886491e-23
   1.5528663e+01   3.0705133e-23
   1.5564472e+01   3.0525024e-23
   1.5600364e+01   3.0346153e-23
   1.5636338e+01   3.0168507e-23
   1.5672396e+01   2.9992076e-23
   1.5708537e+01   2.9816847e-23
   1.5744761e+01   2.9642810e-23
   1.5781068e+01   2.9469954e-23
   1.5817459e+01   2.9298268e-23
   1.5853935e+01   2.9127740e-23
   1.5890494e+01   2.8958362e-23
   1.5927137e+01   2.8790121e-23
   1.5963866e+01   2.8623009e-23
   1.6000678e+01   2.8457014e-23
   1.6037576e+01   2.8292128e-23
   1.6074559e+01   2.8128340e-23
   1.6111627e+01   2.7965641e-23
   1.6148780e+01   2.7804021e-23
   1.6186020e+01   2.7643471e-23
   1.6223345e+01   2.7483982e-23
   1.6260756e+01   2.7325545e-23
   1.6298253e+01   2.7168150e-23
   1.6335837e+01   2.7011790e-23
   1.6373508e+01   2.6856455e-23
   1.6411265e+01   2.6702137e-23
   1.6449110e+01   2.6548827e-23
   1.6487041e+01   2.6396517e-23
   1.6525061e+01   2.6245199e-23
   1.6563168e+01   2.6094865e-23
   1.6601362e+01   2.5945507e-23
   1.6639645e+01   2.5797118e-23
   1.6678016e+01   2.5649688e-23
   1.6716476e+01   2.5503211e-23
   1.6755024e+01   2.5357680e-23
   1.6793662e+01   2.5213086e-23
   1.6832388e+01   2.5069423e-23
   1.6871203e+01   2.4926683e-23
   1.6910109e+01   2.4784859e-23
   1.6949103e+01   2.4643944e-23
   1.6988188e+01   2.4503931e-23
   1.7027363e+01   2.4364814e-23
   1.7066628e+01   2.4226586e-23
   1.7105984e+01   2.4089239e-23
   1.7145431e+01   2.3952768e-23
   1.7184968e+01   2.3817166e-23
   1.7224597e+01   2.3682426e-23
   1.7264317e+01   2.3548542e-23
   1.7304128e+01   2.3415509e-23
   1.7344032e+01   2.3283319e-23
   1.7384027e+01   2.3151967e-23
   1.7424115e+01   2.3021447e-23
   1.7464295e+01   2.2891753e-23
   1.7504568e+01   2.2762879e-23
   1.7544934e+01   2.2634819e-23
   1.7585392e+01   2.2507567e-23
   1.7625945e+01   2.2381119e-23
   1.7666590e+01   2.2255468e-23
   1.7707329e+01   2.2130608e-23
   1.7748163e+01   2.2006536e-23
   1.7789090e+01   2.1883244e-23
   1.7830112e+01   2.1760728e-23
   1.7871228e+01   2.1638983e-23
   1.7912439e+01   2.1518003e-23
   1.7953746e+01   2.1397784e-23
   1.7995147e+01   2.1278320e-23
   1.8036644e+01   2.1159606e-23
   1.8078237e+01   2.1041638e-23
   1.8119925e+01   2.0924411e-23
   1.8161710e+01   2.0807919e-23
   1.8203591e+01   2.0692158e-23
   1.8245569e+01   2.0577124e-23
   1.8287643e+01   2.0462811e-23
   1.8329814e+01   2.0349216e-23
   1.8372083e+01   2.0236333e-23
   1.8414449e+01   2.0124158e-23
   1.8456913e+01   2.0012687e-23
   1.8499475e+01   1.9901916e-23
   1.8542135e+01   1.9791840e-23
   1.8584893e+01   1.9682454e-23
   1.8627750e+01   1.9573755e-23
   1.8670706e+01   1.9465738e-23
   1.8713761e+01   1.9358400e-23
   1.8756915e+01   1.9251736e-23
   1.8800168e+01   1.9145742e-23
   1.8843522e+01   1.9040414e-23
   1.8886975e+01   1.8935749e-23
   1.8930528e+01   1.8831742e-23
   1.8974182e+01   1.8728389e-23
   1.9017937e+01   1.8625687e-23
   1.9061792e+01   1.8523632e-23
   1.9105749e+01   1.8422220e-23
   1.9149807e+01   1.8321448e-23
   1.9193967e+01   1.8221311e-23
   1.9238228e+01   1.8121807e-23
   1.9282592e+01   1.8022931e-23
   1.9327057e+01   1.7924680e-23
   1.9371626e+01   1.7827051e-23
   1.9416297e+01   1.7730040e-23
   1.9461071e+01   1.7633644e-23
   1.9505948e+01   1.7537859e-23
   1.9550929e+01   1.7442682e-23
   1.9596014e+01   1.7348110e-23
   1.9641202e+01   1.7254139e-23
   1.9686495e+01   1.7160766e-23
   1.9731892e+01   1.7067989e-23
   1.9777394e+01   1.6975803e-23
   1.9823001e+01   1.6884205e-23
   1.9868713e+01   1.6793193e-23
   1.9914530e+01   1.6702764e-23
   1.9960454e+01   1.6612913e-23
   2.0006482e+01   1.6523640e-23
   2.0052618e+01   1.6434939e-23
   2.0098859e+01   1.6346809e-23
   2.0145207e+01   1.6259246e-23
   2.0191662e+01   1.6172248e-23
   2.0238224e+01   1.6085811e-23
   2.0284894e+01   1.5999933e-23
   2.0331671e+01   1.5914612e-23
   2.0378556e+01   1.5829843e-23
   2.0425549e+01   1.5745625e-23
   2.0472650e+01   1.5661955e-23
   2.0519861e+01   1.5578830e-23
   2.0567180e+01   1.5496247e-23
   2.0614608e+01   1.5414203e-23
   2.0662145e+01   1.5332697e-23
   2.0709792e+01   1.5251725e-23
   2.0757549e+01   1.5171285e-23
   2.0805416e+01   1.5091375e-23
   2.0853394e+01   1.5011991e-23
   2.0901482e+01   1.4933131e-23
   2.0949681e+01   1.4854794e-23
   2.0997991e+01   1.4776975e-23
   2.1046412e+01   1.4699674e-23
   2.1094945e+01   1.4622887e-23
   2.1143591e+01   1.4546612e-23
   2.1192348e+01   1.4470847e-23
   2.1241218e+01   1.4395589e-23
   2.1290200e+01   1.4320836e-23
   2.1339295e+01   1.4246586e-23
   2.1388504e+01   1.4172837e-23
   2.1437826e+01   1.4099586e-23
   2.1487262e+01   1.4026830e-23
   2.1536812e+01   1.3954569e-23
   2.1586476e+01   1.3882798e-23
   2.1636254e+01   1.3811518e-23
   2.1686148e+01   1.3740724e-23
   2.1736156e+01   1.3670415e-23
   2.1786280e+01   1.3600590e-23
   2.1836519e+01   1.3531245e-23
   2.1886874e+01   1.3462378e-23
   2.1937346e+01   1.3393989e-23
   2.1987933e+01   1.3326074e-23
   2.2038638e+01   1.3258631e-23
   2.2089459e+01   1.3191659e-23
   2.2140397e+01   1.3125155e-23
   2.2191453e+01   1.3059118e-23
   2.2242627e+01   1.2993546e-23
   2.2293919e+01   1.2928435e-23
   2.2345328e+01   1.2863786e-23
   2.2396857e+01   1.2799595e-23
   2.2448504e+01   1.2735861e-23
   2.2500271e+01   1.2672582e-23
   2.2552157e+01   1.2609755e-23
   2.2604162e+01   1.2547380e-23
   2.2656287e+01   1.2485454e-23
   2.2708533e+01   1.2423975e-23
   2.2760899e+01   1.2362942e-23
   2.2813386e+01   1.2302353e-23
   2.2865994e+01   1.2242205e-23
   2.2918723e+01   1.2182498e-23
   2.2971574e+01   1.2123229e-23
   2.3024546e+01   1.2064396e-23
   2.3077641e+01   1.2005999e-23
   2.3130858e+01   1.1948034e-23
   2.3184198e+01   1.1890501e-23
   2.3237661e+01   1.1833397e-23
   2.3291247e+01   1.1776721e-23
   2.3344957e+01   1.1720472e-23
   2.3398791e+01   1.1664647e-23
   2.3452748e+01   1.1609244e-23
   2.3506831e+01   1.1554263e-23
   2.3561038e+01   1.1499702e-23
   2.3615370e+01   1.1445558e-23
   2.3669827e+01   1.1391830e-23
   2.3724410e+01   1.1338517e-23
   2.3779118e+01   1.1285617e-23
   2.3833953e+01   1.1233128e-23
   2.3888914e+01   1.1181049e-23
   2.3944002e+01   1.1129378e-23
   2.3999217e+01   1.1078113e-23
   2.4054560e+01   1.1027253e-23
   2.4110030e+01   1.0976797e-23
   2.4165628e+01   1.0926742e-23
   2.4221354e+01   1.0877088e-23
   2.4277208e+01   1.0827832e-23
   2.4333192e+01   1.0778973e-23
   2.4389304e+01   1.0730510e-23
   2.4445546e+01   1.0682440e-23
   2.4501918e+01   1.0634763e-23
   2.4558420e+01   1.0587477e-23
   2.4615051e+01   1.0540581e-23
   2.4671814e+01   1.0494072e-23
   2.4728707e+01   1.0447950e-23
   2.4785732e+01   1.0402212e-23
   2.4842888e+01   1.0356858e-23
   2.4900176e+01   1.0311885e-23
   2.4957596e+01   1.0267293e-23
   2.5015148e+01   1.0223080e-23
   2.5072833e+01   1.0179244e-23
   2.5130652e+01   1.0135784e-23
   2.5188603e+01   1.0092698e-23
   2.5246688e+01   1.0049985e-23
   2.5304907e+01   1.0007643e-23
   2.5363261e+01   9.9656717e-24
   2.5421748e+01   9.9240684e-24
   2.5480371e+01   9.8828321e-24
   2.5539129e+01   9.8419613e-24
   2.5598023e+01   9.8014545e-24
   2.5657052e+01   9.7613102e-24
   2.5716217e+01   9.7215270e-24
   2.5775519e+01   9.6821034e-24
   2.5834957e+01   9.6430379e-24
   2.5894533e+01   9.6043290e-24
   2.5954246e+01   9.5659753e-24
   2.6014097e+01   9.5279754e-24
   2.6074085e+01   9.4903277e-24
   2.6134212e+01   9.4530308e-24
   2.6194478e+01   9.4160832e-24
   2.6254883e+01   9.3794834e-24
   2.6315427e+01   9.3432300e-24
   2.6376110e+01   9.3073215e-24
   2.6436934e+01   9.2717565e-24
   2.6497898e+01   9.2365334e-24
   2.6559002e+01   9.2016508e-24
   2.6620247e+01   9.1671072e-24
   2.6681634e+01   9.1329012e-24
   2.6743162e+01   9.0990312e-24
   2.6804832e+01   9.0654957e-24
   2.6866644e+01   9.0322934e-24
   2.6928599e+01   8.9994227e-24
   2.6990696e+01   8.9668821e-24
   2.7052937e+01   8.9346701e-24
   2.7115321e+01   8.9027852e-24
   2.7177849e+01   8.8712260e-24
   2.7240522e+01   8.8399909e-24
   2.7303338e+01   8.8090785e-24
   2.7366300e+01   8.7784871e-24
   2.7429407e+01   8.7482155e-24
   2.7492659e+01   8.7182619e-24
   2.7556058e+01   8.6886249e-24
   2.7619602e+01   8.6593030e-24
   2.7683293e+01   8.6302946e-24
   2.7747131e+01   8.6015983e-24
   2.7811116e+01   8.5732125e-24
   2.7875249e+01   8.5451357e-24
   2.7939529e+01   8.5173663e-24
   2.8003958e+01   8.4899028e-24
   2.8068536e+01   8.4627436e-24
   2.8133262e+01   8.4358872e-24
   2.8198137e+01   8.4093321e-24
   2.8263162e+01   8.3830767e-24
   2.8328338e+01   8.3571194e-24
   2.8393663e+01   8.3314587e-24
   2.8459139e+01   8.3060929e-24
   2.8524766e+01   8.2810206e-24
   2.8590544e+01   8.2562401e-24
   2.8656474e+01   8.2317499e-24
   2.8722556e+01   8.2075484e-24
   2.8788791e+01   8.1836339e-24
   2.8855178e+01   8.1600049e-24
   2.8921718e+01   8.1366598e-24
   2.8988412e+01   8.1135970e-24
   2.9055259e+01   8.0908149e-24
   2.9122261e+01   8.0683118e-24
   2.9189417e+01   8.0460862e-24
   2.9256728e+01   8.0241364e-24
   2.9324194e+01   8.0024608e-24
   2.9391816e+01   7.9810578e-24
   2.9459594e+01   7.9599257e-24
   2.9527528e+01   7.9390630e-24
   2.9595619e+01   7.9184678e-24
   2.9663866e+01   7.8981388e-24
   2.9732272e+01   7.8780740e-24
   2.9800834e+01   7.8582720e-24
   2.9869555e+01   7.8387311e-24
   2.9938435e+01   7.8194495e-24
   3.0007473e+01   7.8004257e-24
   3.0076670e+01   7.7816580e-24
   3.0146028e+01   7.7631447e-24
   3.0215544e+01   7.7448841e-24
   3.0285222e+01   7.7268746e-24
   3.0355060e+01   7.7091144e-24
   3.0425059e+01   7.6916019e-24
   3.0495219e+01   7.6743355e-24
   3.0565541e+01   7.6573133e-24
   3.0636026e+01   7.6405338e-24
   3.0706673e+01   7.6239952e-24
   3.0777482e+01   7.6076959e-24
   3.0848456e+01   7.5916341e-24
   3.0919592e+01   7.5758082e-24
   3.0990893e+01   7.5602164e-24
   3.1062358e+01   7.5448571e-24
   3.1133988e+01   7.5297285e-24
   3.1205784e+01   7.5148289e-24
   3.1277744e+01   7.5001567e-24
   3.1349871e+01   7.4857101e-24
   3.1422164e+01   7.4714874e-24
   3.1494624e+01   7.4574869e-24
   3.1567251e+01   7.4437069e-24
   3.1640045e+01   7.4301457e-24
   3.1713007e+01   7.4168015e-24
   3.1786138e+01   7.4036727e-24
   3.1859437e+01   7.3907575e-24
   3.1932905e+01   7.3780543e-24
   3.2006542e+01   7.3655613e-24
   3.2080350e+01   7.3532768e-24
   3.2154327e+01   7.3411991e-24
   3.2228475e+01   7.3293265e-24
   3.2302794e+01   7.3176573e-24
   3.2377285e+01   7.3061898e-24
   3.2451947e+01   7.2949222e-24
   3.2526782e+01   7.2838529e-24
   3.2601789e+01   7.2729801e-24
   3.2676969e+01   7.2623022e-24
   3.2752322e+01   7.2518175e-24
   3.2827849e+01   7.2415242e-24
   3.2903550e+01   7.2314207e-24
   3.2979426e+01   7.2215053e-24
   3.3055477e+01   7.2117762e-24
   3.3131703e+01   7.2022319e-24
   3.3208105e+01   7.1928705e-24
   3.3284683e+01   7.1836905e-24
   3.3361438e+01   7.1746902e-24
   3.3438370e+01   7.1658679e-24
   3.3515479e+01   7.1572219e-24
   3.3592766e+01   7.1487505e-24
   3.3670231e+01   7.1404521e-24
   3.3747875e+01   7.1323251e-24
   3.3825698e+01   7.1243677e-24
   3.3903700e+01   7.1165784e-24
   3.3981882e+01   7.1089554e-24
   3.4060245e+01   7.1014972e-24
   3.4138788e+01   7.0942022e-24
   3.4217512e+01   7.0870686e-24
   3.4296418e+01   7.0800949e-24
   3.4375506e+01   7.0732794e-24
   3.4454776e+01   7.0666206e-24
   3.4534229e+01   7.0601168e-24
   3.4613865e+01   7.0537665e-24
   3.4693685e+01   7.0475680e-24
   3.4773689e+01   7.0415197e-24
   3.4853877e+01   7.0356202e-24
   3.4934251e+01   7.0298677e-24
   3.5014809e+01   7.0242607e-24
   3.5095554e+01   7.0187978e-24
   3.5176484e+01   7.0134772e-24
   3.5257602e+01   7.0082975e-24
   3.5338906e+01   7.0032572e-24
   3.5420398e+01   6.9983546e-24
   3.5502077e+01   6.9935883e-24
   3.5583945e+01   6.9889568e-24
   3.5666002e+01   6.9844585e-24
   3.5748248e+01   6.9800920e-24
   3.5830684e+01   6.9758558e-24
   3.5913310e+01   6.9717483e-24
   3.5996126e+01   6.9677681e-24
   3.6079134e+01   6.9639137e-24
   3.6162332e+01   6.9601836e-24
   3.6245723e+01   6.9565765e-24
   3.6329306e+01   6.9530909e-24
   3.6413082e+01   6.9497253e-24
   3.6497050e+01   6.9464782e-24
   3.6581213e+01   6.9433484e-24
   3.6665569e+01   6.9403344e-24
   3.6750120e+01   6.9374347e-24
   3.6834867e+01   6.9346480e-24
   3.6919808e+01   6.9319729e-24
   3.7004945e+01   6.9294080e-24
   3.7090279e+01   6.9269520e-24
   3.7175810e+01   6.9246035e-24
   3.7261537e+01   6.9223612e-24
   3.7347463e+01   6.9202237e-24
   3.7433586e+01   6.9181897e-24
   3.7519908e+01   6.9162579e-24
   3.7606429e+01   6.9144269e-24
   3.7693150e+01   6.9126956e-24
   3.7780071e+01   6.9110625e-24
   3.7867192e+01   6.9095264e-24
   3.7954514e+01   6.9080861e-24
   3.8042037e+01   6.9067403e-24
   3.8129763e+01   6.9054876e-24
   3.8217690e+01   6.9043270e-24
   3.8305821e+01   6.9032572e-24
   3.8394154e+01   6.9022768e-24
   3.8482691e+01   6.9013849e-24
   3.8571433e+01   6.9005800e-24
   3.8660379e+01   6.8998611e-24
   3.8749530e+01   6.8992269e-24
   3.8838886e+01   6.8986763e-24
   3.8928449e+01   6.8982082e-24
   3.9018219e+01   6.8978213e-24
   3.9108195e+01   6.8975145e-24
   3.9198379e+01   6.8972867e-24
   3.9288770e+01   6.8971368e-24
   3.9379371e+01   6.8970637e-24
   3.9470180e+01   6.8970663e-24
   3.9561198e+01   6.8971434e-24
   3.9652427e+01   6.8972939e-24
   3.9743865e+01   6.8975169e-24
   3.9835515e+01   6.8978113e-24
   3.9927376e+01   6.8981759e-24
   4.0019449e+01   6.8986098e-24
   4.0111734e+01   6.8991120e-24
   4.0204232e+01   6.8996813e-24
   4.0296943e+01   6.9003168e-24
   4.0389868e+01   6.9010175e-24
   4.0483008e+01   6.9017823e-24
   4.0576362e+01   6.9026104e-24
   4.0669931e+01   6.9035007e-24
   4.0763716e+01   6.9044522e-24
   4.0857718e+01   6.9054641e-24
   4.0951936e+01   6.9065353e-24
   4.1046372e+01   6.9076649e-24
   4.1141025e+01   6.9088520e-24
   4.1235896e+01   6.9100957e-24
   4.1330987e+01   6.9113950e-24
   4.1426296e+01   6.9127491e-24
   4.1521826e+01   6.9141571e-24
   4.1617575e+01   6.9156181e-24
   4.1713546e+01   6.9171312e-24
   4.1809737e+01   6.9186956e-24
   4.1906151e+01   6.9203103e-24
   4.2002787e+01   6.9219746e-24
   4.2099646e+01   6.9236877e-24
   4.2196728e+01   6.9254486e-24
   4.2294034e+01   6.9272567e-24
   4.2391564e+01   6.9291110e-24
   4.2489319e+01   6.9310108e-24
   4.2587300e+01   6.9329552e-24
   4.2685507e+01   6.9349436e-24
   4.2783940e+01   6.9369751e-24
   4.2882600e+01   6.9390489e-24
   4.2981488e+01   6.9411644e-24
   4.3080603e+01   6.9433207e-24
   4.3179947e+01   6.9455172e-24
   4.3279521e+01   6.9477530e-24
   4.3379324e+01   6.9500275e-24
   4.3479357e+01   6.9523399e-24
   4.3579620e+01   6.9546896e-24
   4.3680115e+01   6.9570759e-24
   4.3780842e+01   6.9594980e-24
   4.3881801e+01   6.9619553e-24
   4.3982993e+01   6.9644471e-24
   4.4084418e+01   6.9669727e-24
   4.4186077e+01   6.9695315e-24
   4.4287970e+01   6.9721228e-24
   4.4390099e+01   6.9747460e-24
   4.4492463e+01   6.9774005e-24
   4.4595062e+01   6.9800856e-24
   4.4697899e+01   6.9828007e-24
   4.4800973e+01   6.9855453e-24
   4.4904284e+01   6.9883185e-24
   4.5007834e+01   6.9911200e-24
   4.5111622e+01   6.9939491e-24
   4.5215650e+01   6.9968053e-24
   4.5319918e+01   6.9996878e-24
   4.5424426e+01   7.0025963e-24
   4.5529175e+01   7.0055300e-24
   4.5634165e+01   7.0084886e-24
   4.5739398e+01   7.0114713e-24
   4.5844873e+01   7.0144777e-24
   4.5950592e+01   7.0175073e-24
   4.6056554e+01   7.0205595e-24
   4.6162761e+01   7.0236338e-24
   4.6269213e+01   7.0267297e-24
   4.6375910e+01   7.0298466e-24
   4.6482853e+01   7.0329841e-24
   4.6590043e+01   7.0361417e-24
   4.6697480e+01   7.0393189e-24
   4.6805165e+01   7.0425153e-24
   4.6913098e+01   7.0457302e-24
   4.7021280e+01   7.0489634e-24
   4.7129711e+01   7.0522142e-24
   4.7238393e+01   7.0554824e-24
   4.7347325e+01   7.0587673e-24
   4.7456508e+01   7.0620686e-24
   4.7565943e+01   7.0653858e-24
   4.7675631e+01   7.0687185e-24
   4.7785571e+01   7.0720662e-24
   4.7895765e+01   7.0754286e-24
   4.8006213e+01   7.0788053e-24
   4.8116916e+01   7.0821958e-24
   4.8227874e+01   7.0855996e-24
   4.8339087e+01   7.0890165e-24
   4.8450558e+01   7.0924461e-24
   4.8562285e+01   7.0958878e-24
   4.8674270e+01   7.0993415e-24
   4.8786513e+01   7.1028066e-24
   4.8899015e+01   7.1062828e-24
   4.9011777e+01   7.1097698e-24
   4.9124798e+01   7.1132671e-24
   4.9238081e+01   7.1167745e-24
   4.9351624e+01   7.1202915e-24
   4.9465429e+01   7.1238179e-24
   4.9579497e+01   7.1273533e-24
   4.9693828e+01   7.1308973e-24
   4.9808422e+01   7.1344496e-24
   4.9923280e+01   7.1380100e-24
   5.0038404e+01   7.1415780e-24
   5.0153793e+01   7.1451533e-24
   5.0269448e+01   7.1487357e-24
   5.0385370e+01   7.1523249e-24
   5.0501559e+01   7.1559205e-24
   5.0618016e+01   7.1595222e-24
   5.0734741e+01   7.1631297e-24
   5.0851736e+01   7.1667428e-24
   5.0969000e+01   7.1703611e-24
   5.1086535e+01   7.1739845e-24
   5.1204341e+01   7.1776125e-24
   5.1322419e+01   7.1812449e-24
   5.1440769e+01   7.1848815e-24
   5.1559392e+01   7.1885220e-24
   5.1678288e+01   7.1921662e-24
   5.1797458e+01   7.1958137e-24
   5.1916904e+01   7.1994643e-24
   5.2036625e+01   7.2031178e-24
   5.2156621e+01   7.2067739e-24
   5.2276895e+01   7.2104324e-24
   5.2397446e+01   7.2140931e-24
   5.2518275e+01   7.2177556e-24
   5.2639382e+01   7.2214198e-24
   5.2760769e+01   7.2250855e-24
   5.2882436e+01   7.2287524e-24
   5.3004383e+01   7.2324204e-24
   5.3126612e+01   7.2360891e-24
   5.3249122e+01   7.2397583e-24
   5.3371915e+01   7.2434280e-24
   5.3494991e+01   7.2470978e-24
   5.3618351e+01   7.2507676e-24
   5.3741995e+01   7.2544371e-24
   5.3865925e+01   7.2581062e-24
   5.3990140e+01   7.2617746e-24
   5.4114642e+01   7.2654423e-24
   5.4239430e+01   7.2691089e-24
   5.4364507e+01   7.2727743e-24
   5.4489872e+01   7.2764384e-24
   5.4615526e+01   7.2801008e-24
   5.4741470e+01   7.2837616e-24
   5.4867704e+01   7.2874205e-24
   5.4994229e+01   7.2910773e-24
   5.5121046e+01   7.2947318e-24
   5.5248156e+01   7.2983840e-24
   5.5375559e+01   7.3020336e-24
   5.5503255e+01   7.3056805e-24
   5.5631246e+01   7.3093245e-24
   5.5759532e+01   7.3129654e-24
   5.5888114e+01   7.3166032e-24
   5.6016992e+01   7.3202377e-24
   5.6146168e+01   7.3238687e-24
   5.6275642e+01   7.3274961e-24
   5.6405414e+01   7.3311198e-24
   5.6535485e+01   7.3347395e-24
   5.6665856e+01   7.3383552e-24
   5.6796528e+01   7.3419668e-24
   5.6927501e+01   7.3455741e-24
   5.7058777e+01   7.3491770e-24
   5.7190355e+01   7.3527753e-24
   5.7322236e+01   7.3563690e-24
   5.7454421e+01   7.3599579e-24
   5.7586912e+01   7.3635419e-24
   5.7719708e+01   7.3671209e-24
   5.7852810e+01   7.3706948e-24
   5.7986219e+01   7.3742634e-24
   5.8119935e+01   7.3778267e-24
   5.8253960e+01   7.3813845e-24
   5.8388294e+01   7.3849367e-24
   5.8522938e+01   7.3884833e-24
   5.8657893e+01   7.3920241e-24
   5.8793158e+01   7.3955591e-24
   5.8928736e+01   7.3990881e-24
   5.9064626e+01   7.4026110e-24
   5.9200829e+01   7.4061278e-24
   5.9337347e+01   7.4096383e-24
   5.9474179e+01   7.4131425e-24
   5.9611327e+01   7.4166403e-24
   5.9748791e+01   7.4201315e-24
   5.9886572e+01   7.4236162e-24
   6.0024671e+01   7.4270942e-24
   6.0163089e+01   7.4305655e-24
   6.0301825e+01   7.4340299e-24
   6.0440882e+01   7.4374874e-24
   6.0580259e+01   7.4409379e-24
   6.0719957e+01   7.4443813e-24
   6.0859978e+01   7.4478177e-24
   6.1000322e+01   7.4512468e-24
   6.1140989e+01   7.4546686e-24
   6.1281980e+01   7.4580831e-24
   6.1423297e+01   7.4614902e-24
   6.1564940e+01   7.4648899e-24
   6.1706909e+01   7.4682820e-24
   6.1849206e+01   7.4716665e-24
   6.1991830e+01   7.4750433e-24
   6.2134784e+01   7.4784125e-24
   6.2278067e+01   7.4817738e-24
   6.2421681e+01   7.4851274e-24
   6.2565626e+01   7.4884731e-24
   6.2709903e+01   7.4918108e-24
   6.2854512e+01   7.4951405e-24
   6.2999455e+01   7.4984623e-24
   6.3144732e+01   7.5017759e-24
   6.3290345e+01   7.5050814e-24
   6.3436293e+01   7.5083788e-24
   6.3582577e+01   7.5116679e-24
   6.3729199e+01   7.5149488e-24
   6.3876159e+01   7.5182213e-24
   6.4023458e+01   7.5214855e-24
   6.4171097e+01   7.5247413e-24
   6.4319076e+01   7.5279887e-24
   6.4467396e+01   7.5312277e-24
   6.4616058e+01   7.5344581e-24
   6.4765063e+01   7.5376800e-24
   6.4914412e+01   7.5408933e-24
   6.5064105e+01   7.5440980e-24
   6.5214144e+01   7.5472941e-24
   6.5364528e+01   7.5504816e-24
   6.5515259e+01   7.5536603e-24
   6.5666338e+01   7.5568303e-24
   6.5817765e+01   7.5599916e-24
   6.5969541e+01   7.5631440e-24
   6.6121667e+01   7.5662877e-24
   6.6274144e+01   7.5694225e-24
   6.6426973e+01   7.5725485e-24
   6.6580154e+01   7.5756657e-24
   6.6733688e+01   7.5787739e-24
   6.6887577e+01   7.5818732e-24
   6.7041820e+01   7.5849635e-24
   6.7196419e+01   7.5880449e-24
   6.7351374e+01   7.5911174e-24
   6.7506687e+01   7.5941808e-24
   6.7662358e+01   7.5972352e-24
   6.7818388e+01   7.6002806e-24
   6.7974778e+01   7.6033170e-24
   6.8131528e+01   7.6063443e-24
   6.8288640e+01   7.6093625e-24
   6.8446114e+01   7.6123716e-24
   6.8603951e+01   7.6153717e-24
   6.8762153e+01   7.6183627e-24
   6.8920719e+01   7.6213445e-24
   6.9079650e+01   7.6243172e-24
   6.9238949e+01   7.6272808e-24
   6.9398614e+01   7.6302352e-24
   6.9558648e+01   7.6331805e-24
   6.9719051e+01   7.6361167e-24
   6.9879823e+01   7.6390437e-24
   7.0040967e+01   7.6419615e-24
   7.0202482e+01   7.6448702e-24
   7.0364369e+01   7.6477697e-24
   7.0526630e+01   7.6506600e-24
   7.0689265e+01   7.6535411e-24
   7.0852275e+01   7.6564131e-24
   7.1015661e+01   7.6592758e-24
   7.1179423e+01   7.6621294e-24
   7.1343564e+01   7.6649739e-24
   7.1508083e+01   7.6678091e-24
   7.1672981e+01   7.6706352e-24
   7.1838259e+01   7.6734520e-24
   7.2003919e+01   7.6762597e-24
   7.2169960e+01   7.6790583e-24
   7.2336385e+01   7.6818477e-24
   7.2503193e+01   7.6846279e-24
   7.2670386e+01   7.6873989e-24
   7.2837964e+01   7.6901608e-24
   7.3005929e+01   7.6929136e-24
   7.3174282e+01   7.6956572e-24
   7.3343022e+01   7.6983917e-24
   7.3512152e+01   7.7011171e-24
   7.3681671e+01   7.7038333e-24
   7.3851582e+01   7.7065404e-24
   7.4021884e+01   7.7092385e-24
   7.4192579e+01   7.7119274e-24
   7.4363668e+01   7.7146073e-24
   7.4535151e+01   7.7172780e-24
   7.4707029e+01   7.7199398e-24
   7.4879304e+01   7.7225924e-24
   7.5051977e+01   7.7252361e-24
   7.5225047e+01   7.7278707e-24
   7.5398517e+01   7.7304963e-24
   7.5572386e+01   7.7331129e-24
   7.5746657e+01   7.7357205e-24
   7.5921329e+01   7.7383191e-24
   7.6096404e+01   7.7409088e-24
   7.6271883e+01   7.7434895e-24
   7.6447767e+01   7.7460613e-24
   7.6624056e+01   7.7486242e-24
   7.6800751e+01   7.7511782e-24
   7.6977855e+01   7.7537233e-24
   7.7155366e+01   7.7562595e-24
   7.7333287e+01   7.7587869e-24
   7.7511618e+01   7.7613054e-24
   7.7690361e+01   7.7638152e-24
   7.7869515e+01   7.7663161e-24
   7.8049083e+01   7.7688082e-24
   7.8229065e+01   7.7712916e-24
   7.8409461e+01   7.7737662e-24
   7.8590274e+01   7.7762322e-24
   7.8771504e+01   7.7786894e-24
   7.8953152e+01   7.7811379e-24
   7.9135218e+01   7.7835777e-24
   7.9317705e+01   7.7860089e-24
   7.9500612e+01   7.7884315e-24
   7.9683941e+01   7.7908455e-24
   7.9867693e+01   7.7932509e-24
   8.0051868e+01   7.7956477e-24
   8.0236468e+01   7.7980360e-24
   8.0421494e+01   7.8004157e-24
   8.0606947e+01   7.8027870e-24
   8.0792827e+01   7.8051498e-24
   8.0979136e+01   7.8075041e-24
   8.1165874e+01   7.8098500e-24
   8.1353044e+01   7.8121875e-24
   8.1540644e+01   7.8145166e-24
   8.1728678e+01   7.8168373e-24
   8.1917145e+01   7.8191497e-24
   8.2106046e+01   7.8214538e-24
   8.2295383e+01   7.8237496e-24
   8.2485157e+01   7.8260372e-24
   8.2675369e+01   7.8283165e-24
   8.2866019e+01   7.8305875e-24
   8.3057108e+01   7.8328504e-24
   8.3248639e+01   7.8351052e-24
   8.3440611e+01   7.8373517e-24
   8.3633025e+01   7.8395902e-24
   8.3825884e+01   7.8418206e-24
   8.4019187e+01   7.8440429e-24
   8.4212936e+01   7.8462572e-24
   8.4407131e+01   7.8484635e-24
   8.4601775e+01   7.8506618e-24
   8.4796867e+01   7.8528521e-24
   8.4992409e+01   7.8550345e-24
   8.5188403e+01   7.8572090e-24
   8.5384848e+01   7.8593756e-24
   8.5581746e+01   7.8615344e-24
   8.5779098e+01   7.8636853e-24
   8.5976905e+01   7.8658285e-24
   8.6175169e+01   7.8679639e-24
   8.6373889e+01   7.8700915e-24
   8.6573068e+01   7.8722114e-24
   8.6772706e+01   7.8743237e-24
   8.6972805e+01   7.8764283e-24
   8.7173365e+01   7.8785253e-24
   8.7374387e+01   7.8806147e-24
   8.7575873e+01   7.8826965e-24
   8.7777824e+01   7.8847707e-24
   8.7980240e+01   7.8868375e-24
   8.8183123e+01   7.8888968e-24
   8.8386474e+01   7.8909486e-24
   8.8590294e+01   7.8929930e-24
   8.8794584e+01   7.8950300e-24
   8.8999345e+01   7.8970597e-24
   8.9204578e+01   7.8990820e-24
   8.9410285e+01   7.9010970e-24
   8.9616465e+01   7.9031047e-24
   8.9823122e+01   7.9051052e-24
   9.0030254e+01   7.9070985e-24
   9.0237865e+01   7.9090846e-24
   9.0445954e+01   7.9110635e-24
   9.0654523e+01   7.9130354e-24
   9.0863573e+01   7.9150001e-24
   9.1073105e+01   7.9169577e-24
   9.1283120e+01   7.9189084e-24
   9.1493620e+01   7.9208520e-24
   9.1704605e+01   7.9227886e-24
   9.1916077e+01   7.9247184e-24
   9.2128036e+01   7.9266412e-24
   9.2340484e+01   7.9285571e-24
   9.2553422e+01   7.9304662e-24
   9.2766850e+01   7.9323684e-24
   9.2980771e+01   7.9342639e-24
   9.3195186e+01   7.9361526e-24
   9.3410095e+01   7.9380346e-24
   9.3625499e+01   7.9399099e-24
   9.3841400e+01   7.9417786e-24
   9.4057799e+01   7.9436406e-24
   9.4274697e+01   7.9454961e-24
   9.4492095e+01   7.9473449e-24
   9.4709995e+01   7.9491872e-24
   9.4928397e+01   7.9510231e-24
   9.5147302e+01   7.9528524e-24
   9.5366713e+01   7.9546754e-24
   9.5586629e+01   7.9564919e-24
   9.5807053e+01   7.9583020e-24
   9.6027984e+01   7.9601058e-24
   9.6249426e+01   7.9619033e-24
   9.6471378e+01   7.9636945e-24
   9.6693841e+01   7.9654795e-24
   9.6916818e+01   7.9672582e-24
   9.7140309e+01   7.9690308e-24
   9.7364315e+01   7.9707972e-24
   9.7588838e+01   7.9725575e-24
   9.7813879e+01   7.9743118e-24
   9.8039438e+01   7.9760599e-24
   9.8265518e+01   7.9778021e-24
   9.8492119e+01   7.9795382e-24
   9.8719243e+01   7.9812685e-24
   9.8946890e+01   7.9829927e-24
   9.9175062e+01   7.9847111e-24
   9.9403761e+01   7.9864237e-24
   9.9632987e+01   7.9881304e-24
   9.9862741e+01   7.9898313e-24
   1.0009303e+02   7.9915265e-24
   1.0032384e+02   7.9932159e-24
   1.0055519e+02   7.9948996e-24
   1.0078707e+02   7.9965777e-24
   1.0101948e+02   7.9982501e-24
   1.0125244e+02   7.9999170e-24
   1.0148593e+02   8.0015783e-24
   1.0171995e+02   8.0032340e-24
   1.0195452e+02   8.0048843e-24
   1.0218963e+02   8.0065291e-24
   1.0242528e+02   8.0081684e-24
   1.0266147e+02   8.0098024e-24
   1.0289821e+02   8.0114309e-24
   1.0313549e+02   8.0130542e-24
   1.0337332e+02   8.0146721e-24
   1.0361170e+02   8.0162848e-24
   1.0385063e+02   8.0178923e-24
   1.0409011e+02   8.0194945e-24
   1.0433015e+02   8.0210916e-24
   1.0457073e+02   8.0226835e-24
   1.0481187e+02   8.0242703e-24
   1.0505357e+02   8.0258521e-24
   1.0529582e+02   8.0274288e-24
   1.0553864e+02   8.0290005e-24
   1.0578201e+02   8.0305672e-24
   1.0602594e+02   8.0321290e-24
   1.0627044e+02   8.0336859e-24
   1.0651550e+02   8.0352379e-24
   1.0676113e+02   8.0367850e-24
   1.0700732e+02   8.0383274e-24
   1.0725408e+02   8.0398650e-24
   1.0750141e+02   8.0413978e-24
   1.0774931e+02   8.0429259e-24
   1.0799778e+02   8.0444493e-24
   1.0824682e+02   8.0459681e-24
   1.0849644e+02   8.0474823e-24
   1.0874663e+02   8.0489919e-24
   1.0899740e+02   8.0504970e-24
   1.0924875e+02   8.0519975e-24
   1.0950068e+02   8.0534936e-24
   1.0975319e+02   8.0549852e-24
   1.1000628e+02   8.0564723e-24
   1.1025996e+02   8.0579552e-24
   1.1051422e+02   8.0594336e-24
   1.1076906e+02   8.0609077e-24
   1.1102450e+02   8.0623776e-24
   1.1128052e+02   8.0638432e-24
   1.1153714e+02   8.0653046e-24
   1.1179434e+02   8.0667618e-24
   1.1205214e+02   8.0682148e-24
   1.1231053e+02   8.0696637e-24
   1.1256952e+02   8.0711085e-24
   1.1282911e+02   8.0725493e-24
   1.1308929e+02   8.0739861e-24
   1.1335008e+02   8.0754188e-24
   1.1361146e+02   8.0768476e-24
   1.1387345e+02   8.0782725e-24
   1.1413605e+02   8.0796935e-24
   1.1439924e+02   8.0811106e-24
   1.1466305e+02   8.0825239e-24
   1.1492746e+02   8.0839334e-24
   1.1519249e+02   8.0853391e-24
   1.1545812e+02   8.0867411e-24
   1.1572437e+02   8.0881394e-24
   1.1599123e+02   8.0895340e-24
   1.1625871e+02   8.0909250e-24
   1.1652680e+02   8.0923125e-24
   1.1679551e+02   8.0936963e-24
   1.1706484e+02   8.0950766e-24
   1.1733480e+02   8.0964534e-24
   1.1760537e+02   8.0978267e-24
   1.1787657e+02   8.0991966e-24
   1.1814839e+02   8.1005631e-24
   1.1842085e+02   8.1019262e-24
   1.1869392e+02   8.1032860e-24
   1.1896763e+02   8.1046424e-24
   1.1924197e+02   8.1059956e-24
   1.1951695e+02   8.1073455e-24
   1.1979255e+02   8.1086923e-24
   1.2006880e+02   8.1100358e-24
   1.2034568e+02   8.1113762e-24
   1.2062319e+02   8.1127135e-24
   1.2090135e+02   8.1140477e-24
   1.2118015e+02   8.1153789e-24
   1.2145959e+02   8.1167070e-24
   1.2173968e+02   8.1180321e-24
   1.2202041e+02   8.1193543e-24
   1.2230179e+02   8.1206736e-24
   1.2258382e+02   8.1219900e-24
   1.2286650e+02   8.1233035e-24
   1.2314983e+02   8.1246142e-24
   1.2343382e+02   8.1259221e-24
   1.2371846e+02   8.1272272e-24
   1.2400375e+02   8.1285296e-24
   1.2428971e+02   8.1298294e-24
   1.2457632e+02   8.1311264e-24
   1.2486359e+02   8.1324208e-24
   1.2515153e+02   8.1337126e-24
   1.2544013e+02   8.1350019e-24
   1.2572940e+02   8.1362886e-24
   1.2601933e+02   8.1375728e-24
   1.2630993e+02   8.1388545e-24
   1.2660120e+02   8.1401338e-24
   1.2689314e+02   8.1414106e-24
   1.2718576e+02   8.1426851e-24
   1.2747905e+02   8.1439573e-24
   1.2777302e+02   8.1452271e-24
   1.2806767e+02   8.1464946e-24
   1.2836299e+02   8.1477599e-24
   1.2865900e+02   8.1490230e-24
   1.2895569e+02   8.1502839e-24
   1.2925306e+02   8.1515426e-24
   1.2955112e+02   8.1527992e-24
   1.2984986e+02   8.1540538e-24
   1.3014930e+02   8.1553062e-24
   1.3044942e+02   8.1565566e-24
   1.3075024e+02   8.1578051e-24
   1.3105175e+02   8.1590515e-24
   1.3135396e+02   8.1602960e-24
   1.3165686e+02   8.1615387e-24
   1.3196046e+02   8.1627794e-24
   1.3226476e+02   8.1640183e-24
   1.3256977e+02   8.1652554e-24
   1.3287547e+02   8.1664907e-24
   1.3318189e+02   8.1677243e-24
   1.3348901e+02   8.1689562e-24
   1.3379683e+02   8.1701864e-24
   1.3410537e+02   8.1714149e-24
   1.3441462e+02   8.1726418e-24
   1.3472458e+02   8.1738671e-24
   1.3503525e+02   8.1750909e-24
   1.3534665e+02   8.1763132e-24
   1.3565876e+02   8.1775339e-24
   1.3597159e+02   8.1787532e-24
   1.3628514e+02   8.1799710e-24
   1.3659941e+02   8.1811875e-24
   1.3691441e+02   8.1824026e-24
   1.3723014e+02   8.1836163e-24
   1.3754659e+02   8.1848288e-24
   1.3786377e+02   8.1860400e-24
   1.3818169e+02   8.1872499e-24
   1.3850034e+02   8.1884586e-24
   1.3881972e+02   8.1896662e-24
   1.3913984e+02   8.1908725e-24
   1.3946070e+02   8.1920778e-24
   1.3978229e+02   8.1932820e-24
   1.4010463e+02   8.1944851e-24
   1.4042772e+02   8.1956872e-24
   1.4075154e+02   8.1968884e-24
   1.4107612e+02   8.1980885e-24
   1.4140144e+02   8.1992877e-24
   1.4172751e+02   8.2004861e-24
   1.4205434e+02   8.2016835e-24
   1.4238192e+02   8.2028801e-24
   1.4271025e+02   8.2040759e-24
   1.4303934e+02   8.2052710e-24
   1.4336919e+02   8.2064653e-24
   1.4369980e+02   8.2076589e-24
   1.4403117e+02   8.2088518e-24
   1.4436331e+02   8.2100440e-24
   1.4469621e+02   8.2112357e-24
   1.4502988e+02   8.2124267e-24
   1.4536432e+02   8.2136172e-24
   1.4569954e+02   8.2148072e-24
   1.4603552e+02   8.2159967e-24
   1.4637228e+02   8.2171857e-24
   1.4670981e+02   8.2183743e-24
   1.4704813e+02   8.2195624e-24
   1.4738722e+02   8.2207503e-24
   1.4772710e+02   8.2219377e-24
   1.4806776e+02   8.2231249e-24
   1.4840920e+02   8.2243118e-24
   1.4875144e+02   8.2254984e-24
   1.4909446e+02   8.2266849e-24
   1.4943827e+02   8.2278711e-24
   1.4978288e+02   8.2290572e-24
   1.5012828e+02   8.2302432e-24
   1.5047447e+02   8.2314291e-24
   1.5082147e+02   8.2326149e-24
   1.5116927e+02   8.2338007e-24
   1.5151786e+02   8.2349865e-24
   1.5186726e+02   8.2361724e-24
   1.5221747e+02   8.2373583e-24
   1.5256849e+02   8.2385443e-24
   1.5292031e+02   8.2397304e-24
   1.5327295e+02   8.2409167e-24
   1.5362639e+02   8.2421032e-24
   1.5398066e+02   8.2432899e-24
   1.5433574e+02   8.2444769e-24
   1.5469164e+02   8.2456641e-24
   1.5504836e+02   8.2468517e-24
   1.5540590e+02   8.2480396e-24
   1.5576427e+02   8.2492279e-24
   1.5612346e+02   8.2504166e-24
   1.5648348e+02   8.2516057e-24
   1.5684434e+02   8.2527953e-24
   1.5720602e+02   8.2539854e-24
   1.5756854e+02   8.2551760e-24
   1.5793189e+02   8.2563672e-24
   1.5829608e+02   8.2575590e-24
   1.5866112e+02   8.2587515e-24
   1.5902699e+02   8.2599446e-24
   1.5939371e+02   8.2611383e-24
   1.5976127e+02   8.2623328e-24
   1.6012968e+02   8.2635281e-24
   1.6049894e+02   8.2647241e-24
   1.6086905e+02   8.2659209e-24
   1.6124002e+02   8.2671186e-24
   1.6161184e+02   8.2683172e-24
   1.6198452e+02   8.2695167e-24
   1.6235805e+02   8.2707171e-24
   1.6273245e+02   8.2719185e-24
   1.6310772e+02   8.2731209e-24
   1.6348384e+02   8.2743243e-24
   1.6386084e+02   8.2755288e-24
   1.6423870e+02   8.2767344e-24
   1.6461744e+02   8.2779411e-24
   1.6499705e+02   8.2791489e-24
   1.6537753e+02   8.2803580e-24
   1.6575889e+02   8.2815683e-24
   1.6614114e+02   8.2827798e-24
   1.6652426e+02   8.2839926e-24
   1.6690826e+02   8.2852068e-24
   1.6729316e+02   8.2864222e-24
   1.6767894e+02   8.2876391e-24
   1.6806560e+02   8.2888574e-24
   1.6845316e+02   8.2900771e-24
   1.6884162e+02   8.2912983e-24
   1.6923097e+02   8.2925210e-24
   1.6962122e+02   8.2937452e-24
   1.7001236e+02   8.2949710e-24
   1.7040441e+02   8.2961984e-24
   1.7079737e+02   8.2974274e-24
   1.7119123e+02   8.2986581e-24
   1.7158600e+02   8.2998905e-24
   1.7198168e+02   8.3011247e-24
   1.7237827e+02   8.3023605e-24
   1.7277577e+02   8.3035982e-24
   1.7317419e+02   8.3048377e-24
   1.7357354e+02   8.3060790e-24
   1.7397380e+02   8.3073223e-24
   1.7437498e+02   8.3085674e-24
   1.7477709e+02   8.3098145e-24
   1.7518013e+02   8.3110636e-24
   1.7558410e+02   8.3123147e-24
   1.7598899e+02   8.3135679e-24
   1.7639483e+02   8.3148231e-24
   1.7680159e+02   8.3160804e-24
   1.7720930e+02   8.3173399e-24
   1.7761795e+02   8.3186015e-24
   1.7802753e+02   8.3198654e-24
   1.7843807e+02   8.3211315e-24
   1.7884955e+02   8.3223999e-24
   1.7926198e+02   8.3236705e-24
   1.7967535e+02   8.3249435e-24
   1.8008969e+02   8.3262189e-24
   1.8050498e+02   8.3274967e-24
   1.8092122e+02   8.3287769e-24
   1.8133843e+02   8.3300595e-24
   1.8175659e+02   8.3313447e-24
   1.8217573e+02   8.3326324e-24
   1.8259583e+02   8.3339227e-24
   1.8301689e+02   8.3352155e-24
   1.8343893e+02   8.3365110e-24
   1.8386194e+02   8.3378091e-24
   1.8428593e+02   8.3391100e-24
   1.8471089e+02   8.3404135e-24
   1.8513684e+02   8.3417198e-24
   1.8556377e+02   8.3430290e-24
   1.8599168e+02   8.3443409e-24
   1.8642058e+02   8.3456557e-24
   1.8685046e+02   8.3469733e-24
   1.8728134e+02   8.3482939e-24
   1.8771321e+02   8.3496175e-24
   1.8814608e+02   8.3509440e-24
   1.8857995e+02   8.3522736e-24
   1.8901482e+02   8.3536062e-24
   1.8945068e+02   8.3549419e-24
   1.8988756e+02   8.3562807e-24
   1.9032544e+02   8.3576227e-24
   1.9076433e+02   8.3589679e-24
   1.9120424e+02   8.3603163e-24
   1.9164516e+02   8.3616679e-24
   1.9208709e+02   8.3630228e-24
   1.9253005e+02   8.3643811e-24
   1.9297402e+02   8.3657426e-24
   1.9341902e+02   8.3671076e-24
   1.9386505e+02   8.3684760e-24
   1.9431210e+02   8.3698479e-24
   1.9476019e+02   8.3712232e-24
   1.9520930e+02   8.3726021e-24
   1.9565946e+02   8.3739845e-24
   1.9611065e+02   8.3753705e-24
   1.9656288e+02   8.3767602e-24
   1.9701616e+02   8.3781535e-24
   1.9747048e+02   8.3795505e-24
   1.9792585e+02   8.3809512e-24
   1.9838227e+02   8.3823556e-24
   1.9883974e+02   8.3837639e-24
   1.9929826e+02   8.3851760e-24
   1.9975785e+02   8.3865919e-24
   2.0021849e+02   8.3880118e-24
   2.0068020e+02   8.3894355e-24
   2.0114297e+02   8.3908633e-24
   2.0160680e+02   8.3922950e-24
   2.0207171e+02   8.3937308e-24
   2.0253769e+02   8.3951706e-24
   2.0300474e+02   8.3966146e-24
   2.0347287e+02   8.3980626e-24
   2.0394208e+02   8.3995149e-24
   2.0441237e+02   8.4009714e-24
   2.0488375e+02   8.4024321e-24
   2.0535621e+02   8.4038970e-24
   2.0582977e+02   8.4053663e-24
   2.0630441e+02   8.4068399e-24
   2.0678015e+02   8.4083180e-24
   2.0725699e+02   8.4098004e-24
   2.0773492e+02   8.4112873e-24
   2.0821396e+02   8.4127786e-24
   2.0869411e+02   8.4142745e-24
   2.0917536e+02   8.4157750e-24
   2.0965772e+02   8.4172800e-24
   2.1014119e+02   8.4187897e-24
   2.1062578e+02   8.4203040e-24
   2.1111148e+02   8.4218230e-24
   2.1159831e+02   8.4233468e-24
   2.1208625e+02   8.4248754e-24
   2.1257533e+02   8.4264087e-24
   2.1306553e+02   8.4279469e-24
   2.1355686e+02   8.4294900e-24
   2.1404932e+02   8.4310379e-24
   2.1454292e+02   8.4325909e-24
   2.1503766e+02   8.4341488e-24
   2.1553354e+02   8.4357117e-24
   2.1603056e+02   8.4372797e-24
   2.1652873e+02   8.4388528e-24
   2.1702804e+02   8.4404311e-24
   2.1752851e+02   8.4420145e-24
   2.1803013e+02   8.4436031e-24
   2.1853291e+02   8.4451969e-24
   2.1903685e+02   8.4467961e-24
   2.1954195e+02   8.4484005e-24
   2.2004822e+02   8.4500103e-24
   2.2055565e+02   8.4516255e-24
   2.2106425e+02   8.4532461e-24
   2.2157403e+02   8.4548722e-24
   2.2208498e+02   8.4565038e-24
   2.2259711e+02   8.4581409e-24
   2.2311042e+02   8.4597836e-24
   2.2362491e+02   8.4614319e-24
   2.2414060e+02   8.4630859e-24
   2.2465747e+02   8.4647455e-24
   2.2517553e+02   8.4664109e-24
   2.2569478e+02   8.4680820e-24
   2.2621524e+02   8.4697589e-24
   2.2673689e+02   8.4714417e-24
   2.2725975e+02   8.4731304e-24
   2.2778381e+02   8.4748249e-24
   2.2830908e+02   8.4765255e-24
   2.2883556e+02   8.4782320e-24
   2.2936326e+02   8.4799445e-24
   2.2989217e+02   8.4816631e-24
   2.3042231e+02   8.4833879e-24
   2.3095366e+02   8.4851187e-24
   2.3148624e+02   8.4868558e-24
   2.3202005e+02   8.4885991e-24
   2.3255509e+02   8.4903486e-24
   2.3309137e+02   8.4921044e-24
   2.3362888e+02   8.4938666e-24
   2.3416763e+02   8.4956352e-24
   2.3470762e+02   8.4974101e-24
   2.3524886e+02   8.4991916e-24
   2.3579134e+02   8.5009795e-24
   2.3633508e+02   8.5027739e-24
   2.3688007e+02   8.5045750e-24
   2.3742632e+02   8.5063826e-24
   2.3797382e+02   8.5081969e-24
   2.3852259e+02   8.5100179e-24
   2.3907263e+02   8.5118457e-24
   2.3962393e+02   8.5136802e-24
   2.4017651e+02   8.5155215e-24
   2.4073036e+02   8.5173697e-24
   2.4128548e+02   8.5192248e-24
   2.4184189e+02   8.5210868e-24
   2.4239958e+02   8.5229558e-24
   2.4295855e+02   8.5248318e-24
   2.4351882e+02   8.5267148e-24
   2.4408037e+02   8.5286050e-24
   2.4464322e+02   8.5305023e-24
   2.4520737e+02   8.5324068e-24
   2.4577282e+02   8.5343185e-24
   2.4633958e+02   8.5362374e-24
   2.4690764e+02   8.5381637e-24
   2.4747701e+02   8.5400973e-24
   2.4804769e+02   8.5420383e-24
   2.4861969e+02   8.5439867e-24
   2.4919301e+02   8.5459426e-24
   2.4976765e+02   8.5479060e-24
   2.5034362e+02   8.5498769e-24
   2.5092091e+02   8.5518555e-24
   2.5149954e+02   8.5538417e-24
   2.5207950e+02   8.5558355e-24
   2.5266080e+02   8.5578371e-24
   2.5324343e+02   8.5598464e-24
   2.5382742e+02   8.5618636e-24
   2.5441274e+02   8.5638886e-24
   2.5499942e+02   8.5659215e-24
   2.5558745e+02   8.5679623e-24
   2.5617684e+02   8.5700111e-24
   2.5676758e+02   8.5720679e-24
   2.5735969e+02   8.5741328e-24
   2.5795317e+02   8.5762058e-24
   2.5854801e+02   8.5782869e-24
   2.5914422e+02   8.5803763e-24
   2.5974181e+02   8.5824738e-24
   2.6034078e+02   8.5845797e-24
   2.6094112e+02   8.5866939e-24
   2.6154286e+02   8.5888164e-24
   2.6214598e+02   8.5909473e-24
   2.6275049e+02   8.5930867e-24
   2.6335639e+02   8.5952347e-24
   2.6396369e+02   8.5973911e-24
   2.6457240e+02   8.5995561e-24
   2.6518250e+02   8.6017298e-24
   2.6579401e+02   8.6039122e-24
   2.6640694e+02   8.6061032e-24
   2.6702127e+02   8.6083031e-24
   2.6763703e+02   8.6105117e-24
   2.6825420e+02   8.6127292e-24
   2.6887280e+02   8.6149557e-24
   2.6949282e+02   8.6171910e-24
   2.7011427e+02   8.6194354e-24
   2.7073716e+02   8.6216888e-24
   2.7136148e+02   8.6239513e-24
   2.7198724e+02   8.6262229e-24
   2.7261444e+02   8.6285037e-24
   2.7324310e+02   8.6307937e-24
   2.7387320e+02   8.6330930e-24
   2.7450475e+02   8.6354016e-24
   2.7513776e+02   8.6377195e-24
   2.7577223e+02   8.6400469e-24
   2.7640816e+02   8.6423837e-24
   2.7704556e+02   8.6447300e-24
   2.7768443e+02   8.6470859e-24
   2.7832477e+02   8.6494514e-24
   2.7896659e+02   8.6518265e-24
   2.7960989e+02   8.6542113e-24
   2.8025467e+02   8.6566059e-24
   2.8090094e+02   8.6590102e-24
   2.8154870e+02   8.6614244e-24
   2.8219796e+02   8.6638484e-24
   2.8284871e+02   8.6662824e-24
   2.8350096e+02   8.6687263e-24
   2.8415471e+02   8.6711803e-24
   2.8480998e+02   8.6736444e-24
   2.8546675e+02   8.6761185e-24
   2.8612504e+02   8.6786029e-24
   2.8678485e+02   8.6810975e-24
   2.8744617e+02   8.6836023e-24
   2.8810903e+02   8.6861175e-24
   2.8877341e+02   8.6886430e-24
   2.8943932e+02   8.6911789e-24
   2.9010677e+02   8.6937253e-24
   2.9077576e+02   8.6962822e-24
   2.9144629e+02   8.6988497e-24
   2.9211837e+02   8.7014278e-24
   2.9279200e+02   8.7040166e-24
   2.9346718e+02   8.7066161e-24
   2.9414391e+02   8.7092263e-24
   2.9482221e+02   8.7118474e-24
   2.9550207e+02   8.7144793e-24
   2.9618350e+02   8.7171221e-24
   2.9686651e+02   8.7197760e-24
   2.9755108e+02   8.7224408e-24
   2.9823724e+02   8.7251167e-24
   2.9892498e+02   8.7278037e-24
   2.9961430e+02   8.7305019e-24
   3.0030521e+02   8.7332113e-24
   3.0099772e+02   8.7359320e-24
   3.0169182e+02   8.7386640e-24
   3.0238752e+02   8.7414074e-24
   3.0308483e+02   8.7441622e-24
   3.0378375e+02   8.7469285e-24
   3.0448428e+02   8.7497063e-24
   3.0518642e+02   8.7524958e-24
   3.0589018e+02   8.7552968e-24
   3.0659557e+02   8.7581096e-24
   3.0730258e+02   8.7609341e-24
   3.0801122e+02   8.7637704e-24
   3.0872150e+02   8.7666186e-24
   3.0943341e+02   8.7694786e-24
   3.1014697e+02   8.7723506e-24
   3.1086217e+02   8.7752347e-24
   3.1157902e+02   8.7781308e-24
   3.1229752e+02   8.7810390e-24
   3.1301768e+02   8.7839594e-24
   3.1373950e+02   8.7868920e-24
   3.1446299e+02   8.7898369e-24
   3.1518814e+02   8.7927941e-24
   3.1591497e+02   8.7957638e-24
   3.1664347e+02   8.7987458e-24
   3.1737365e+02   8.8017404e-24
   3.1810552e+02   8.8047475e-24
   3.1883907e+02   8.8077673e-24
   3.1957432e+02   8.8107997e-24
   3.2031126e+02   8.8138448e-24
   3.2104990e+02   8.8169027e-24
   3.2179024e+02   8.8199735e-24
   3.2253229e+02   8.8230571e-24
   3.2327606e+02   8.8261537e-24
   3.2402153e+02   8.8292633e-24
   3.2476873e+02   8.8323859e-24
   3.2551765e+02   8.8355217e-24
   3.2626829e+02   8.8386706e-24
   3.2702067e+02   8.8418328e-24
   3.2777478e+02   8.8450083e-24
   3.2853063e+02   8.8481970e-24
   3.2928823e+02   8.8513992e-24
   3.3004757e+02   8.8546149e-24
   3.3080866e+02   8.8578441e-24
   3.3157151e+02   8.8610868e-24
   3.3233612e+02   8.8643432e-24
   3.3310249e+02   8.8676133e-24
   3.3387062e+02   8.8708971e-24
   3.3464053e+02   8.8741947e-24
   3.3541221e+02   8.8775062e-24
   3.3618568e+02   8.8808316e-24
   3.3696092e+02   8.8841710e-24
   3.3773796e+02   8.8875245e-24
   3.3851679e+02   8.8908920e-24
   3.3929741e+02   8.8942737e-24
   3.4007983e+02   8.8976697e-24
   3.4086406e+02   8.9010799e-24
   3.4165009e+02   8.9045044e-24
   3.4243794e+02   8.9079434e-24
   3.4322760e+02   8.9113968e-24
   3.4401909e+02   8.9148648e-24
   3.4481240e+02   8.9183473e-24
   3.4560754e+02   8.9218445e-24
   3.4640451e+02   8.9253564e-24
   3.4720333e+02   8.9288830e-24
   3.4800398e+02   8.9324245e-24
   3.4880648e+02   8.9359808e-24
   3.4961083e+02   8.9395522e-24
   3.5041703e+02   8.9431385e-24
   3.5122510e+02   8.9467399e-24
   3.5203503e+02   8.9503564e-24
   3.5284682e+02   8.9539882e-24
   3.5366049e+02   8.9576352e-24
   3.5447603e+02   8.9612975e-24
   3.5529346e+02   8.9649752e-24
   3.5611277e+02   8.9686683e-24
   3.5693397e+02   8.9723770e-24
   3.5775706e+02   8.9761013e-24
   3.5858205e+02   8.9798412e-24
   3.5940894e+02   8.9835968e-24
   3.6023774e+02   8.9873681e-24
   3.6106845e+02   8.9911553e-24
   3.6190108e+02   8.9949584e-24
   3.6273563e+02   8.9987775e-24
   3.6357210e+02   9.0026125e-24
   3.6441050e+02   9.0064637e-24
   3.6525083e+02   9.0103310e-24
   3.6609310e+02   9.0142146e-24
   3.6693731e+02   9.0181144e-24
   3.6778347e+02   9.0220306e-24
   3.6863159e+02   9.0259632e-24
   3.6948165e+02   9.0299123e-24
   3.7033368e+02   9.0338779e-24
   3.7118767e+02   9.0378601e-24
   3.7204364e+02   9.0418591e-24
   3.7290157e+02   9.0458747e-24
   3.7376148e+02   9.0499072e-24
   3.7462338e+02   9.0539566e-24
   3.7548727e+02   9.0580229e-24
   3.7635314e+02   9.0621063e-24
   3.7722102e+02   9.0662067e-24
   3.7809089e+02   9.0703242e-24
   3.7896277e+02   9.0744590e-24
   3.7983666e+02   9.0786111e-24
   3.8071257e+02   9.0827805e-24
   3.8159049e+02   9.0869674e-24
   3.8247044e+02   9.0911717e-24
   3.8335242e+02   9.0953936e-24
   3.8423644e+02   9.0996332e-24
   3.8512249e+02   9.1038904e-24
   3.8601059e+02   9.1081654e-24
   3.8690073e+02   9.1124583e-24
   3.8779292e+02   9.1167690e-24
   3.8868718e+02   9.1210978e-24
   3.8958349e+02   9.1254445e-24
   3.9048188e+02   9.1298094e-24
   3.9138233e+02   9.1341925e-24
   3.9228486e+02   9.1385939e-24
   3.9318947e+02   9.1430136e-24
   3.9409617e+02   9.1474517e-24
   3.9500496e+02   9.1519082e-24
   3.9591584e+02   9.1563833e-24
   3.9682883e+02   9.1608771e-24
   3.9774392e+02   9.1653895e-24
   3.9866112e+02   9.1699207e-24
   3.9958044e+02   9.1744707e-24
   4.0050187e+02   9.1790396e-24
   4.0142543e+02   9.1836276e-24
   4.0235112e+02   9.1882345e-24
   4.0327895e+02   9.1928606e-24
   4.0420891e+02   9.1975059e-24
   4.0514102e+02   9.2021705e-24
   4.0607528e+02   9.2068545e-24
   4.0701169e+02   9.2115578e-24
   4.0795026e+02   9.2162807e-24
   4.0889100e+02   9.2210232e-24
   4.0983390e+02   9.2257853e-24
   4.1077898e+02   9.2305671e-24
   4.1172624e+02   9.2353687e-24
   4.1267569e+02   9.2401903e-24
   4.1362732e+02   9.2450317e-24
   4.1458115e+02   9.2498933e-24
   4.1553718e+02   9.2547749e-24
   4.1649541e+02   9.2596767e-24
   4.1745585e+02   9.2645988e-24
   4.1841851e+02   9.2695413e-24
   4.1938338e+02   9.2745042e-24
   4.2035048e+02   9.2794876e-24
   4.2131982e+02   9.2844916e-24
   4.2229138e+02   9.2895163e-24
   4.2326519e+02   9.2945617e-24
   4.2424124e+02   9.2996280e-24
   4.2521955e+02   9.3047152e-24
   4.2620010e+02   9.3098235e-24
   4.2718293e+02   9.3149528e-24
   4.2816801e+02   9.3201033e-24
   4.2915537e+02   9.3252751e-24
   4.3014501e+02   9.3304682e-24
   4.3113692e+02   9.3356828e-24
   4.3213113e+02   9.3409189e-24
   4.3312763e+02   9.3461767e-24
   4.3412642e+02   9.3514562e-24
   4.3512752e+02   9.3567575e-24
   4.3613093e+02   9.3620808e-24
   4.3713665e+02   9.3674261e-24
   4.3814469e+02   9.3727936e-24
   4.3915506e+02   9.3781833e-24
   4.4016775e+02   9.3835953e-24
   4.4118278e+02   9.3890299e-24
   4.4220015e+02   9.3944871e-24
   4.4321987e+02   9.3999670e-24
   4.4424194e+02   9.4054698e-24
   4.4526636e+02   9.4109956e-24
   4.4629315e+02   9.4165447e-24
   4.4732231e+02   9.4221171e-24
   4.4835383e+02   9.4277130e-24
   4.4938774e+02   9.4333327e-24
   4.5042403e+02   9.4389764e-24
   4.5146271e+02   9.4446444e-24
   4.5250379e+02   9.4503369e-24
   4.5354727e+02   9.4560542e-24
   4.5459315e+02   9.4617968e-24
   4.5564145e+02   9.4675652e-24
   4.5669216e+02   9.4733598e-24
   4.5774529e+02   9.4791812e-24
   4.5880086e+02   9.4850304e-24
   4.5985886e+02   9.4909082e-24
   4.6091930e+02   9.4968160e-24
   4.6198218e+02   9.5027552e-24
   4.6304751e+02   9.5087280e-24
   4.6411530e+02   9.5147370e-24
   4.6518556e+02   9.5207860e-24
   4.6625828e+02   9.5268802e-24
   4.6733347e+02   9.5330267e-24
   4.6841115e+02   9.5392364e-24
   4.6949131e+02   9.5455255e-24
   4.7057396e+02   9.5519197e-24
   4.7165911e+02   9.5584616e-24
   4.7274676e+02   9.5652263e-24
   4.7383691e+02   9.5723562e-24
   4.7492958e+02   9.5801497e-24
   4.7602478e+02   9.5893229e-24
   4.7712249e+02   9.6019776e-24
   4.7822274e+02   9.6267358e-24
   4.7932553e+02   9.7359352e-24
   4.8043085e+02   4.1596487e-23
   4.8153873e+02   9.7265940e-24
   4.8264916e+02   9.6481255e-24
   4.8376216e+02   9.6381764e-24
   4.8487772e+02   9.6388112e-24
   4.8599585e+02   9.6425654e-24
   4.8711656e+02   9.6475693e-24
   4.8823985e+02   9.6531778e-24
   4.8936574e+02   9.6591206e-24
   4.9049422e+02   9.6652686e-24
   4.9162530e+02   9.6715537e-24
   4.9275899e+02   9.6779373e-24
   4.9389530e+02   9.6843963e-24
   4.9503423e+02   9.6909161e-24
   4.9617578e+02   9.6974872e-24
   4.9731996e+02   9.7041033e-24
   4.9846679e+02   9.7107599e-24
   4.9961626e+02   9.7174539e-24
   5.0076837e+02   9.7241830e-24
   5.0192315e+02   9.7309456e-24
   5.0308059e+02   9.7377404e-24
   5.0424070e+02   9.7445666e-24
   5.0540348e+02   9.7514234e-24
   5.0656894e+02   9.7583104e-24
   5.0773710e+02   9.7652271e-24
   5.0890794e+02   9.7721732e-24
   5.1008149e+02   9.7791485e-24
   5.1125774e+02   9.7861528e-24
   5.1243670e+02   9.7931861e-24
   5.1361839e+02   9.8002482e-24
   5.1480279e+02   9.8073391e-24
   5.1598993e+02   9.8144587e-24
   5.1717981e+02   9.8216070e-24
   5.1837243e+02   9.8287842e-24
   5.1956780e+02   9.8359900e-24
   5.2076593e+02   9.8432247e-24
   5.2196682e+02   9.8504882e-24
   5.2317048e+02   9.8577806e-24
   5.2437691e+02   9.8651019e-24
   5.2558613e+02   9.8724522e-24
   5.2679814e+02   9.8798315e-24
   5.2801294e+02   9.8872400e-24
   5.2923054e+02   9.8946776e-24
   5.3045095e+02   9.9021446e-24
   5.3167417e+02   9.9096408e-24
   5.3290022e+02   9.9171665e-24
   5.3412909e+02   9.9247216e-24
   5.3536079e+02   9.9323064e-24
   5.3659534e+02   9.9399208e-24
   5.3783273e+02   9.9475649e-24
   5.3907298e+02   9.9552389e-24
   5.4031609e+02   9.9629428e-24
   5.4156206e+02   9.9706767e-24
   5.4281090e+02   9.9784407e-24
   5.4406263e+02   9.9862349e-24
   5.4531724e+02   9.9940594e-24
   5.4657475e+02   1.0001914e-23
   5.4783515e+02   1.0009800e-23
   5.4909847e+02   1.0017715e-23
   5.5036469e+02   1.0025662e-23
   5.5163384e+02   1.0033639e-23
   5.5290591e+02   1.0041647e-23
   5.5418091e+02   1.0049687e-23
   5.5545886e+02   1.0057757e-23
   5.5673975e+02   1.0065858e-23
   5.5802360e+02   1.0073990e-23
   5.5931040e+02   1.0082154e-23
   5.6060018e+02   1.0090349e-23
   5.6189293e+02   1.0098576e-23
   5.6318866e+02   1.0106834e-23
   5.6448737e+02   1.0115124e-23
   5.6578909e+02   1.0123446e-23
   5.6709380e+02   1.0131800e-23
   5.6840152e+02   1.0140186e-23
   5.6971226e+02   1.0148604e-23
   5.7102602e+02   1.0157054e-23
   5.7234281e+02   1.0165536e-23
   5.7366264e+02   1.0174051e-23
   5.7498551e+02   1.0182599e-23
   5.7631143e+02   1.0191179e-23
   5.7764041e+02   1.0199791e-23
   5.7897245e+02   1.0208437e-23
   5.8030757e+02   1.0217115e-23
   5.8164576e+02   1.0225827e-23
   5.8298704e+02   1.0234571e-23
   5.8433141e+02   1.0243349e-23
   5.8567889e+02   1.0252160e-23
   5.8702947e+02   1.0261005e-23
   5.8838316e+02   1.0269883e-23
   5.8973998e+02   1.0278794e-23
   5.9109992e+02   1.0287740e-23
   5.9246300e+02   1.0296719e-23
   5.9382923e+02   1.0305732e-23
   5.9519860e+02   1.0314779e-23
   5.9657113e+02   1.0323861e-23
   5.9794683e+02   1.0332977e-23
   5.9932570e+02   1.0342127e-23
   6.0070775e+02   1.0351311e-23
   6.0209299e+02   1.0360530e-23
   6.0348142e+02   1.0369784e-23
   6.0487305e+02   1.0379072e-23
   6.0626789e+02   1.0388396e-23
   6.0766595e+02   1.0397754e-23
   6.0906723e+02   1.0407148e-23
   6.1047175e+02   1.0416576e-23
   6.1187950e+02   1.0426040e-23
   6.1329050e+02   1.0435540e-23
   6.1470475e+02   1.0445075e-23
   6.1612226e+02   1.0454645e-23
   6.1754305e+02   1.0464252e-23
   6.1896711e+02   1.0473894e-23
   6.2039445e+02   1.0483572e-23
   6.2182508e+02   1.0493286e-23
   6.2325902e+02   1.0503036e-23
   6.2469626e+02   1.0512823e-23
   6.2613681e+02   1.0522646e-23
   6.2758069e+02   1.0532505e-23
   6.2902789e+02   1.0542401e-23
   6.3047844e+02   1.0552334e-23
   6.3193232e+02   1.0562304e-23
   6.3338957e+02   1.0572310e-23
   6.3485017e+02   1.0582354e-23
   6.3631414e+02   1.0592434e-23
   6.3778148e+02   1.0602552e-23
   6.3925221e+02   1.0612707e-23
   6.4072633e+02   1.0622900e-23
   6.4220385e+02   1.0633130e-23
   6.4368478e+02   1.0643398e-23
   6.4516912e+02   1.0653704e-23
   6.4665688e+02   1.0664048e-23
   6.4814808e+02   1.0674430e-23
   6.4964271e+02   1.0684850e-23
   6.5114080e+02   1.0695308e-23
   6.5264233e+02   1.0705804e-23
   6.5414733e+02   1.0716339e-23
   6.5565580e+02   1.0726913e-23
   6.5716775e+02   1.0737525e-23
   6.5868318e+02   1.0748176e-23
   6.6020211e+02   1.0758866e-23
   6.6172454e+02   1.0769595e-23
   6.6325048e+02   1.0780363e-23
   6.6477994e+02   1.0791170e-23
   6.6631293e+02   1.0802017e-23
   6.6784945e+02   1.0812903e-23
   6.6938952e+02   1.0823829e-23
   6.7093314e+02   1.0834795e-23
   6.7248031e+02   1.0845800e-23
   6.7403106e+02   1.0856845e-23
   6.7558538e+02   1.0867931e-23
   6.7714328e+02   1.0879056e-23
   6.7870478e+02   1.0890222e-23
   6.8026988e+02   1.0901428e-23
   6.8183859e+02   1.0912675e-23
   6.8341091e+02   1.0923962e-23
   6.8498686e+02   1.0935290e-23
   6.8656645e+02   1.0946659e-23
   6.8814967e+02   1.0958069e-23
   6.8973655e+02   1.0969520e-23
   6.9132709e+02   1.0981012e-23
   6.9292130e+02   1.0992545e-23
   6.9451918e+02   1.1004120e-23
   6.9612074e+02   1.1015736e-23
   6.9772600e+02   1.1027394e-23
   6.9933497e+02   1.1039094e-23
   7.0094764e+02   1.1050836e-23
   7.0256403e+02   1.1062620e-23
   7.0418415e+02   1.1074446e-23
   7.0580800e+02   1.1086314e-23
   7.0743560e+02   1.1098224e-23
   7.0906695e+02   1.1110177e-23
   7.1070206e+02   1.1122173e-23
   7.1234095e+02   1.1134211e-23
   7.1398361e+02   1.1146292e-23
   7.1563006e+02   1.1158416e-23
   7.1728031e+02   1.1170584e-23
   7.1893437e+02   1.1182794e-23
   7.2059223e+02   1.1195048e-23
   7.2225393e+02   1.1207345e-23
   7.2391945e+02   1.1219685e-23
   7.2558881e+02   1.1232070e-23
   7.2726203e+02   1.1244498e-23
   7.2893910e+02   1.1256970e-23
   7.3062004e+02   1.1269486e-23
   7.3230485e+02   1.1282046e-23
   7.3399355e+02   1.1294651e-23
   7.3568615e+02   1.1307299e-23
   7.3738265e+02   1.1319993e-23
   7.3908306e+02   1.1332731e-23
   7.4078739e+02   1.1345514e-23
   7.4249565e+02   1.1358341e-23
   7.4420785e+02   1.1371214e-23
   7.4592400e+02   1.1384132e-23
   7.4764410e+02   1.1397095e-23
   7.4936818e+02   1.1410103e-23
   7.5109623e+02   1.1423157e-23
   7.5282826e+02   1.1436256e-23
   7.5456429e+02   1.1449402e-23
   7.5630432e+02   1.1462593e-23
   7.5804836e+02   1.1475830e-23
   7.5979643e+02   1.1489113e-23
   7.6154852e+02   1.1502442e-23
   7.6330466e+02   1.1515818e-23
   7.6506485e+02   1.1529240e-23
   7.6682909e+02   1.1542709e-23
   7.6859741e+02   1.1556224e-23
   7.7036980e+02   1.1569786e-23
   7.7214628e+02   1.1583396e-23
   7.7392685e+02   1.1597052e-23
   7.7571153e+02   1.1610755e-23
   7.7750033e+02   1.1624506e-23
   7.7929325e+02   1.1638305e-23
   7.8109031e+02   1.1652151e-23
   7.8289151e+02   1.1666044e-23
   7.8469686e+02   1.1679986e-23
   7.8650638e+02   1.1693975e-23
   7.8832007e+02   1.1708013e-23
   7.9013794e+02   1.1722098e-23
   7.9196000e+02   1.1736233e-23
   7.9378627e+02   1.1750415e-23
   7.9561675e+02   1.1764646e-23
   7.9745144e+02   1.1778926e-23
   7.9929037e+02   1.1793255e-23
   8.0113354e+02   1.1807633e-23
   8.0298096e+02   1.1822059e-23
   8.0483264e+02   1.1836535e-23
   8.0668859e+02   1.1851061e-23
   8.0854882e+02   1.1865636e-23
   8.1041334e+02   1.1880260e-23
   8.1228216e+02   1.1894934e-23
   8.1415529e+02   1.1909659e-23
   8.1603274e+02   1.1924433e-23
   8.1791452e+02   1.1939257e-23
   8.1980064e+02   1.1954131e-23
   8.2169110e+02   1.1969056e-23
   8.2358593e+02   1.1984032e-23
   8.2548512e+02   1.1999058e-23
   8.2738870e+02   1.2014135e-23
   8.2929666e+02   1.2029262e-23
   8.3120903e+02   1.2044441e-23
   8.3312580e+02   1.2059671e-23
   8.3504700e+02   1.2074952e-23
   8.3697262e+02   1.2090285e-23
   8.3890269e+02   1.2105669e-23
   8.4083720e+02   1.2121105e-23
   8.4277618e+02   1.2136592e-23
   8.4471963e+02   1.2152132e-23
   8.4666756e+02   1.2167724e-23
   8.4861998e+02   1.2183368e-23
   8.5057690e+02   1.2199064e-23
   8.5253834e+02   1.2214813e-23
   8.5450430e+02   1.2230614e-23
   8.5647479e+02   1.2246468e-23
   8.5844983e+02   1.2262375e-23
   8.6042942e+02   1.2278335e-23
   8.6241358e+02   1.2294348e-23
   8.6440231e+02   1.2310415e-23
   8.6639563e+02   1.2326534e-23
   8.6839354e+02   1.2342708e-23
   8.7039607e+02   1.2358935e-23
   8.7240321e+02   1.2375215e-23
   8.7441498e+02   1.2391550e-23
   8.7643138e+02   1.2407939e-23
   8.7845244e+02   1.2424382e-23
   8.8047816e+02   1.2440879e-23
   8.8250855e+02   1.2457431e-23
   8.8454362e+02   1.2474038e-23
   8.8658338e+02   1.2490699e-23
   8.8862785e+02   1.2507415e-23
   8.9067703e+02   1.2524186e-23
   8.9273094e+02   1.2541013e-23
   8.9478959e+02   1.2557894e-23
   8.9685298e+02   1.2574831e-23
   8.9892113e+02   1.2591824e-23
   9.0099405e+02   1.2608872e-23
   9.0307175e+02   1.2625976e-23
   9.0515424e+02   1.2643136e-23
   9.0724153e+02   1.2660353e-23
   9.0933364e+02   1.2677625e-23
   9.1143057e+02   1.2694954e-23
   9.1353233e+02   1.2712340e-23
   9.1563894e+02   1.2729782e-23
   9.1775041e+02   1.2747281e-23
   9.1986675e+02   1.2764837e-23
   9.2198797e+02   1.2782450e-23
   9.2411408e+02   1.2800121e-23
   9.2624510e+02   1.2817849e-23
   9.2838103e+02   1.2835635e-23
   9.3052188e+02   1.2853478e-23
   9.3266767e+02   1.2871380e-23
   9.3481841e+02   1.2889340e-23
   9.3697411e+02   1.2907358e-23
   9.3913478e+02   1.2925435e-23
   9.4130043e+02   1.2943572e-23
   9.4347108e+02   1.2961769e-23
   9.4564673e+02   1.2980027e-23
   9.4782740e+02   1.2998348e-23
   9.5001309e+02   1.3016737e-23
   9.5220383e+02   1.3035204e-23
   9.5439962e+02   1.3053778e-23
   9.5660047e+02   1.3072585e-23
   9.5880640e+02   1.3092788e-23
   9.6101742e+02   1.3242428e-23
   9.6323353e+02   1.3129407e-23
   9.6545475e+02   1.3147250e-23
   9.6768110e+02   1.3165901e-23
   9.6991258e+02   1.3184735e-23
   9.7214920e+02   1.3203666e-23
   9.7439099e+02   1.3222672e-23
   9.7663794e+02   1.3241746e-23
   9.7889008e+02   1.3260885e-23
   9.8114740e+02   1.3280087e-23
   9.8340994e+02   1.3299351e-23
   9.8567769e+02   1.3318677e-23
   9.8795067e+02   1.3338065e-23
   9.9022889e+02   1.3357515e-23
   9.9251237e+02   1.3377027e-23
   9.9480111e+02   1.3396601e-23
   9.9709513e+02   1.3416237e-23
   9.9939443e+02   1.3435936e-23
   1.0016990e+03   1.3455696e-23
   1.0040090e+03   1.3475519e-23
   1.0063242e+03   1.3495404e-23
   1.0086448e+03   1.3515353e-23
   1.0109708e+03   1.3535363e-23
   1.0133021e+03   1.3555437e-23
   1.0156387e+03   1.3575574e-23
   1.0179808e+03   1.3595775e-23
   1.0203283e+03   1.3616038e-23
   1.0226812e+03   1.3636365e-23
   1.0250395e+03   1.3656756e-23
   1.0274032e+03   1.3677211e-23
   1.0297724e+03   1.3697729e-23
   1.0321471e+03   1.3718312e-23
   1.0345272e+03   1.3738959e-23
   1.0369129e+03   1.3759670e-23
   1.0393040e+03   1.3780446e-23
   1.0417006e+03   1.3801287e-23
   1.0441028e+03   1.3822192e-23
   1.0465105e+03   1.3843162e-23
   1.0489238e+03   1.3864198e-23
   1.0513426e+03   1.3885299e-23
   1.0537670e+03   1.3906465e-23
   1.0561970e+03   1.3927697e-23
   1.0586326e+03   1.3948995e-23
   1.0610738e+03   1.3970358e-23
   1.0635207e+03   1.3991788e-23
   1.0659731e+03   1.4013284e-23
   1.0684313e+03   1.4034846e-23
   1.0708951e+03   1.4056474e-23
   1.0733646e+03   1.4078170e-23
   1.0758398e+03   1.4099932e-23
   1.0783207e+03   1.4121761e-23
   1.0808073e+03   1.4143657e-23
   1.0832996e+03   1.4165621e-23
   1.0857977e+03   1.4187651e-23
   1.0883016e+03   1.4209750e-23
   1.0908112e+03   1.4231916e-23
   1.0933266e+03   1.4254150e-23
   1.0958479e+03   1.4276452e-23
   1.0983749e+03   1.4298823e-23
   1.1009078e+03   1.4321261e-23
   1.1034465e+03   1.4343768e-23
   1.1059910e+03   1.4366344e-23
   1.1085414e+03   1.4388989e-23
   1.1110977e+03   1.4411702e-23
   1.1136599e+03   1.4434485e-23
   1.1162281e+03   1.4457337e-23
   1.1188021e+03   1.4480259e-23
   1.1213820e+03   1.4503250e-23
   1.1239680e+03   1.4526310e-23
   1.1265598e+03   1.4549441e-23
   1.1291577e+03   1.4572642e-23
   1.1317615e+03   1.4595913e-23
   1.1343714e+03   1.4619254e-23
   1.1369873e+03   1.4642666e-23
   1.1396092e+03   1.4666149e-23
   1.1422371e+03   1.4689702e-23
   1.1448711e+03   1.4713327e-23
   1.1475112e+03   1.4737022e-23
   1.1501574e+03   1.4760789e-23
   1.1528096e+03   1.4784628e-23
   1.1554680e+03   1.4808538e-23
   1.1581325e+03   1.4832520e-23
   1.1608032e+03   1.4856574e-23
   1.1634800e+03   1.4880700e-23
   1.1661630e+03   1.4904898e-23
   1.1688522e+03   1.4929169e-23
   1.1715476e+03   1.4953513e-23
   1.1742492e+03   1.4977929e-23
   1.1769570e+03   1.5002418e-23
   1.1796711e+03   1.5026981e-23
   1.1823914e+03   1.5051616e-23
   1.1851180e+03   1.5076325e-23
   1.1878509e+03   1.5101108e-23
   1.1905901e+03   1.5125964e-23
   1.1933356e+03   1.5150894e-23
   1.1960875e+03   1.5175899e-23
   1.1988456e+03   1.5200978e-23
   1.2016102e+03   1.5226131e-23
   1.2043811e+03   1.5251358e-23
   1.2071584e+03   1.5276661e-23
   1.2099421e+03   1.5302038e-23
   1.2127323e+03   1.5327490e-23
   1.2155288e+03   1.5353018e-23
   1.2183319e+03   1.5378621e-23
   1.2211413e+03   1.5404300e-23
   1.2239573e+03   1.5430054e-23
   1.2267798e+03   1.5455885e-23
   1.2296087e+03   1.5481791e-23
   1.2324442e+03   1.5507774e-23
   1.2352862e+03   1.5533833e-23
   1.2381348e+03   1.5559968e-23
   1.2409900e+03   1.5586181e-23
   1.2438517e+03   1.5612470e-23
   1.2467200e+03   1.5638837e-23
   1.2495950e+03   1.5665280e-23
   1.2524766e+03   1.5691802e-23
   1.2553648e+03   1.5718400e-23
   1.2582597e+03   1.5745077e-23
   1.2611612e+03   1.5771831e-23
   1.2640695e+03   1.5798664e-23
   1.2669844e+03   1.5825575e-23
   1.2699061e+03   1.5852564e-23
   1.2728345e+03   1.5879632e-23
   1.2757697e+03   1.5906779e-23
   1.2787116e+03   1.5934004e-23
   1.2816603e+03   1.5961309e-23
   1.2846158e+03   1.5988694e-23
   1.2875782e+03   1.6016157e-23
   1.2905473e+03   1.6043701e-23
   1.2935233e+03   1.6071324e-23
   1.2965062e+03   1.6099027e-23
   1.2994960e+03   1.6126810e-23
   1.3024926e+03   1.6154674e-23
   1.3054962e+03   1.6182619e-23
   1.3085067e+03   1.6210644e-23
   1.3115241e+03   1.6238750e-23
   1.3145485e+03   1.6266937e-23
   1.3175798e+03   1.6295205e-23
   1.3206182e+03   1.6323554e-23
   1.3236635e+03   1.6351986e-23
   1.3267159e+03   1.6380499e-23
   1.3297753e+03   1.6409094e-23
   1.3328418e+03   1.6437771e-23
   1.3359154e+03   1.6466530e-23
   1.3389960e+03   1.6495372e-23
   1.3420837e+03   1.6524297e-23
   1.3451786e+03   1.6553304e-23
   1.3482806e+03   1.6582395e-23
   1.3513897e+03   1.6611569e-23
   1.3545060e+03   1.6640826e-23
   1.3576295e+03   1.6670166e-23
   1.3607602e+03   1.6699591e-23
   1.3638982e+03   1.6729099e-23
   1.3670433e+03   1.6758692e-23
   1.3701957e+03   1.6788369e-23
   1.3733554e+03   1.6818130e-23
   1.3765224e+03   1.6847976e-23
   1.3796966e+03   1.6877907e-23
   1.3828782e+03   1.6907922e-23
   1.3860672e+03   1.6938023e-23
   1.3892634e+03   1.6968210e-23
   1.3924671e+03   1.6998482e-23
   1.3956781e+03   1.7028840e-23
   1.3988966e+03   1.7059284e-23
   1.4021224e+03   1.7089813e-23
   1.4053558e+03   1.7120430e-23
   1.4085965e+03   1.7151133e-23
   1.4118448e+03   1.7181922e-23
   1.4151005e+03   1.7212799e-23
   1.4183637e+03   1.7243763e-23
   1.4216345e+03   1.7274814e-23
   1.4249128e+03   1.7305954e-23
   1.4281986e+03   1.7337182e-23
   1.4314921e+03   1.7368502e-23
   1.4347931e+03   1.7399922e-23
   1.4381017e+03   1.7431517e-23
   1.4414180e+03   1.7482278e-23
   1.4447419e+03   1.7494723e-23
   1.4480735e+03   1.7526406e-23
   1.4514128e+03   1.7558236e-23
   1.4547598e+03   1.7590164e-23
   1.4581144e+03   1.7622184e-23
   1.4614769e+03   1.7654296e-23
   1.4648470e+03   1.7686497e-23
   1.4682250e+03   1.7718789e-23
   1.4716107e+03   1.7751170e-23
   1.4750043e+03   1.7783643e-23
   1.4784056e+03   1.7816206e-23
   1.4818149e+03   1.7848859e-23
   1.4852319e+03   1.7881604e-23
   1.4886569e+03   1.7914439e-23
   1.4920897e+03   1.7947366e-23
   1.4955305e+03   1.7980385e-23
   1.4989792e+03   1.8013495e-23
   1.5024359e+03   1.8046697e-23
   1.5059005e+03   1.8079991e-23
   1.5093731e+03   1.8113377e-23
   1.5128538e+03   1.8146856e-23
   1.5163424e+03   1.8180428e-23
   1.5198391e+03   1.8214092e-23
   1.5233439e+03   1.8247849e-23
   1.5268567e+03   1.8281700e-23
   1.5303776e+03   1.8315644e-23
   1.5339067e+03   1.8349682e-23
   1.5374439e+03   1.8383814e-23
   1.5409893e+03   1.8418039e-23
   1.5445428e+03   1.8452359e-23
   1.5481045e+03   1.8486774e-23
   1.5516745e+03   1.8521283e-23
   1.5552526e+03   1.8555887e-23
   1.5588391e+03   1.8590586e-23
   1.5624338e+03   1.8625380e-23
   1.5660367e+03   1.8660270e-23
   1.5696480e+03   1.8695256e-23
   1.5732677e+03   1.8730337e-23
   1.5768956e+03   1.8765514e-23
   1.5805320e+03   1.8800788e-23
   1.5841767e+03   1.8836159e-23
   1.5878298e+03   1.8871626e-23
   1.5914913e+03   1.8907189e-23
   1.5951613e+03   1.8942851e-23
   1.5988398e+03   1.8978609e-23
   1.6025267e+03   1.9014465e-23
   1.6062222e+03   1.9050419e-23
   1.6099261e+03   1.9086470e-23
   1.6136386e+03   1.9122620e-23
   1.6173597e+03   1.9158868e-23
   1.6210893e+03   1.9195215e-23
   1.6248276e+03   1.9231661e-23
   1.6285744e+03   1.9268205e-23
   1.6323300e+03   1.9304849e-23
   1.6360941e+03   1.9341592e-23
   1.6398670e+03   1.9378435e-23
   1.6436485e+03   1.9415378e-23
   1.6474388e+03   1.9452421e-23
   1.6512378e+03   1.9489564e-23
   1.6550456e+03   1.9526807e-23
   1.6588621e+03   1.9564152e-23
   1.6626874e+03   1.9601597e-23
   1.6665216e+03   1.9639143e-23
   1.6703646e+03   1.9676791e-23
   1.6742165e+03   1.9714541e-23
   1.6780773e+03   1.9752392e-23
   1.6819469e+03   1.9790345e-23
   1.6858255e+03   1.9828400e-23
   1.6897130e+03   1.9866558e-23
   1.6936095e+03   1.9904818e-23
   1.6975150e+03   1.9943182e-23
   1.7014295e+03   1.9981648e-23
   1.7053530e+03   2.0020218e-23
   1.7092855e+03   2.0058891e-23
   1.7132272e+03   2.0097669e-23
   1.7171779e+03   2.0136550e-23
   1.7211377e+03   2.0175535e-23
   1.7251067e+03   2.0214625e-23
   1.7290848e+03   2.0253819e-23
   1.7330721e+03   2.0293118e-23
   1.7370685e+03   2.0332523e-23
   1.7410742e+03   2.0372033e-23
   1.7450892e+03   2.0411648e-23
   1.7491133e+03   2.0451369e-23
   1.7531468e+03   2.0491196e-23
   1.7571896e+03   2.0531129e-23
   1.7612417e+03   2.0571169e-23
   1.7653031e+03   2.0611315e-23
   1.7693739e+03   2.0651569e-23
   1.7734541e+03   2.0691929e-23
   1.7775437e+03   2.0732397e-23
   1.7816427e+03   2.0772972e-23
   1.7857512e+03   2.0813656e-23
   1.7898692e+03   2.0854447e-23
   1.7939966e+03   2.0895346e-23
   1.7981336e+03   2.0936355e-23
   1.8022801e+03   2.0977471e-23
   1.8064362e+03   2.1018697e-23
   1.8106018e+03   2.1060032e-23
   1.8147771e+03   2.1101477e-23
   1.8189620e+03   2.1143031e-23
   1.8231565e+03   2.1184695e-23
   1.8273607e+03   2.1226469e-23
   1.8315746e+03   2.1268354e-23
   1.8357983e+03   2.1310349e-23
   1.8400316e+03   2.1352455e-23
   1.8442748e+03   2.1394673e-23
   1.8485277e+03   2.1437001e-23
   1.8527904e+03   2.1479441e-23
   1.8570629e+03   2.1521993e-23
   1.8613453e+03   2.1564657e-23
   1.8656376e+03   2.1607434e-23
   1.8699398e+03   2.1650322e-23
   1.8742519e+03   2.1693324e-23
   1.8785739e+03   2.1736439e-23
   1.8829059e+03   2.1779666e-23
   1.8872479e+03   2.1823008e-23
   1.8915999e+03   2.1866463e-23
   1.8959620e+03   2.1910032e-23
   1.9003341e+03   2.1953716e-23
   1.9047163e+03   2.1997514e-23
   1.9091086e+03   2.2041427e-23
   1.9135110e+03   2.2085458e-23
   1.9179235e+03   2.2129621e-23
   1.9223463e+03   2.2174392e-23
   1.9267792e+03   2.2218239e-23
   1.9312224e+03   2.2262720e-23
   1.9356758e+03   2.2307324e-23
   1.9401395e+03   2.2352045e-23
   1.9446135e+03   2.2396884e-23
   1.9490978e+03   2.2441839e-23
   1.9535924e+03   2.2486912e-23
   1.9580974e+03   2.2532103e-23
   1.9626128e+03   2.2577411e-23
   1.9671386e+03   2.2622837e-23
   1.9716748e+03   2.2668381e-23
   1.9762215e+03   2.2714044e-23
   1.9807787e+03   2.2759826e-23
   1.9853464e+03   2.2805726e-23
   1.9899246e+03   2.2851746e-23
   1.9945134e+03   2.2897885e-23
   1.9991128e+03   2.2944143e-23
   2.0037227e+03   2.2990522e-23
   2.0083433e+03   2.3037021e-23
   2.0129746e+03   2.3083641e-23
   2.0176165e+03   2.3130381e-23
   2.0222692e+03   2.3177242e-23
   2.0269325e+03   2.3224225e-23
   2.0316067e+03   2.3271329e-23
   2.0362916e+03   2.3318555e-23
   2.0409873e+03   2.3365903e-23
   2.0456938e+03   2.3413373e-23
   2.0504112e+03   2.3460966e-23
   2.0551394e+03   2.3508681e-23
   2.0598786e+03   2.3556520e-23
   2.0646287e+03   2.3604482e-23
   2.0693898e+03   2.3652568e-23
   2.0741618e+03   2.3700777e-23
   2.0789448e+03   2.3749111e-23
   2.0837389e+03   2.3797569e-23
   2.0885440e+03   2.3846152e-23
   2.0933602e+03   2.3894860e-23
   2.0981875e+03   2.3943693e-23
   2.1030259e+03   2.3992651e-23
   2.1078755e+03   2.4041735e-23
   2.1127363e+03   2.4090946e-23
   2.1176083e+03   2.4140282e-23
   2.1224915e+03   2.4189746e-23
   2.1273860e+03   2.4239336e-23
   2.1322918e+03   2.4289053e-23
   2.1372088e+03   2.4338897e-23
   2.1421373e+03   2.4388870e-23
   2.1470771e+03   2.4438970e-23
   2.1520282e+03   2.4489198e-23
   2.1569908e+03   2.4539555e-23
   2.1619649e+03   2.4590041e-23
   2.1669504e+03   2.4640655e-23
   2.1719474e+03   2.4691399e-23
   2.1769559e+03   2.4742273e-23
   2.1819760e+03   2.4793277e-23
   2.1870076e+03   2.4844410e-23
   2.1920509e+03   2.4895674e-23
   2.1971058e+03   2.4947069e-23
   2.2021723e+03   2.4998595e-23
   2.2072505e+03   2.5050252e-23
   2.2123405e+03   2.5102041e-23
   2.2174421e+03   2.5153961e-23
   2.2225556e+03   2.5206014e-23
   2.2276808e+03   2.5258199e-23
   2.2328179e+03   2.5310517e-23
   2.2379668e+03   2.5362967e-23
   2.2431275e+03   2.5415551e-23
   2.2483002e+03   2.5468269e-23
   2.2534848e+03   2.5521121e-23
   2.2586814e+03   2.5574106e-23
   2.2638899e+03   2.5627226e-23
   2.2691104e+03   2.5680481e-23
   2.2743430e+03   2.5733871e-23
   2.2795877e+03   2.5787396e-23
   2.2848444e+03   2.5841056e-23
   2.2901133e+03   2.5894853e-23
   2.2953943e+03   2.5948785e-23
   2.3006875e+03   2.6002855e-23
   2.3059929e+03   2.6057061e-23
   2.3113105e+03   2.6111404e-23
   2.3166404e+03   2.6165884e-23
   2.3219826e+03   2.6220502e-23
   2.3273371e+03   2.6275258e-23
   2.3327040e+03   2.6330152e-23
   2.3380832e+03   2.6385185e-23
   2.3434749e+03   2.6440356e-23
   2.3488789e+03   2.6495667e-23
   2.3542955e+03   2.6551117e-23
   2.3597245e+03   2.6606707e-23
   2.3651660e+03   2.6662437e-23
   2.3706201e+03   2.6718308e-23
   2.3760868e+03   2.6774319e-23
   2.3815661e+03   2.6830471e-23
   2.3870580e+03   2.6886764e-23
   2.3925626e+03   2.6943200e-23
   2.3980798e+03   2.6999784e-23
   2.4036098e+03   2.7056538e-23
   2.4091526e+03   2.7113358e-23
   2.4147081e+03   2.7170360e-23
   2.4202764e+03   2.7227507e-23
   2.4258576e+03   2.7284798e-23
   2.4314516e+03   2.7342232e-23
   2.4370586e+03   2.7399811e-23
   2.4426785e+03   2.7457533e-23
   2.4483113e+03   2.7515401e-23
   2.4539571e+03   2.7573413e-23
   2.4596160e+03   2.7631571e-23
   2.4652879e+03   2.7689875e-23
   2.4709728e+03   2.7748324e-23
   2.4766709e+03   2.7806919e-23
   2.4823821e+03   2.7865662e-23
   2.4881065e+03   2.7924551e-23
   2.4938441e+03   2.7983587e-23
   2.4995949e+03   2.8042770e-23
   2.5053590e+03   2.8102102e-23
   2.5111364e+03   2.8161582e-23
   2.5169271e+03   2.8221210e-23
   2.5227312e+03   2.8280987e-23
   2.5285486e+03   2.8340913e-23
   2.5343794e+03   2.8400989e-23
   2.5402237e+03   2.8461214e-23
   2.5460815e+03   2.8521589e-23
   2.5519528e+03   2.8582115e-23
   2.5578376e+03   2.8642792e-23
   2.5637360e+03   2.8703620e-23
   2.5696480e+03   2.8764599e-23
   2.5755736e+03   2.8825730e-23
   2.5815129e+03   2.8887012e-23
   2.5874659e+03   2.8948448e-23
   2.5934326e+03   2.9010036e-23
   2.5994131e+03   2.9071777e-23
   2.6054074e+03   2.9133671e-23
   2.6114155e+03   2.9195720e-23
   2.6174374e+03   2.9257922e-23
   2.6234732e+03   2.9320279e-23
   2.6295230e+03   2.9382790e-23
   2.6355867e+03   2.9445457e-23
   2.6416644e+03   2.9508279e-23
   2.6477561e+03   2.9571256e-23
   2.6538618e+03   2.9634390e-23
   2.6599816e+03   2.9697680e-23
   2.6661156e+03   2.9761127e-23
   2.6722637e+03   2.9824731e-23
   2.6784259e+03   2.9888493e-23
   2.6846024e+03   2.9952412e-23
   2.6907931e+03   3.0016490e-23
   2.6969981e+03   3.0080726e-23
   2.7032174e+03   3.0145120e-23
   2.7094510e+03   3.0209674e-23
   2.7156991e+03   3.0274388e-23
   2.7219615e+03   3.0339261e-23
   2.7282383e+03   3.0404295e-23
   2.7345297e+03   3.0469489e-23
   2.7408355e+03   3.0534844e-23
   2.7471559e+03   3.0600361e-23
   2.7534909e+03   3.0666039e-23
   2.7598405e+03   3.0731879e-23
   2.7662047e+03   3.0797881e-23
   2.7725836e+03   3.0864046e-23
   2.7789772e+03   3.0930374e-23
   2.7853855e+03   3.0996866e-23
   2.7918086e+03   3.1063521e-23
   2.7982465e+03   3.1130340e-23
   2.8046993e+03   3.1197324e-23
   2.8111670e+03   3.1264473e-23
   2.8176496e+03   3.1331787e-23
   2.8241471e+03   3.1399266e-23
   2.8306596e+03   3.1466912e-23
   2.8371871e+03   3.1534723e-23
   2.8437297e+03   3.1602702e-23
   2.8502873e+03   3.1670847e-23
   2.8568601e+03   3.1739160e-23
   2.8634481e+03   3.1807640e-23
   2.8700512e+03   3.1876289e-23
   2.8766696e+03   3.1945108e-23
   2.8833032e+03   3.2014148e-23
   2.8899521e+03   3.2083248e-23
   2.8966164e+03   3.2152572e-23
   2.9032960e+03   3.2222067e-23
   2.9099910e+03   3.2291732e-23
   2.9167015e+03   3.2361567e-23
   2.9234274e+03   3.2431574e-23
   2.9301688e+03   3.2501753e-23
   2.9369258e+03   3.2572103e-23
   2.9436984e+03   3.2642625e-23
   2.9504866e+03   3.2713320e-23
   2.9572904e+03   3.2784188e-23
   2.9641100e+03   3.2855230e-23
   2.9709452e+03   3.2926445e-23
   2.9777963e+03   3.2997834e-23
   2.9846631e+03   3.3069397e-23
   2.9915457e+03   3.3141136e-23
   2.9984443e+03   3.3213050e-23
   3.0053587e+03   3.3285139e-23
   3.0122891e+03   3.3357405e-23
   3.0192354e+03   3.3429847e-23
   3.0261978e+03   3.3502466e-23
   3.0331763e+03   3.3575262e-23
   3.0401708e+03   3.3648235e-23
   3.0471814e+03   3.3721387e-23
   3.0542083e+03   3.3794717e-23
   3.0612513e+03   3.3868225e-23
   3.0683106e+03   3.3941913e-23
   3.0753861e+03   3.4015781e-23
   3.0824780e+03   3.4089828e-23
   3.0895862e+03   3.4164056e-23
   3.0967108e+03   3.4238464e-23
   3.1038518e+03   3.4313054e-23
   3.1110093e+03   3.4387825e-23
   3.1181833e+03   3.4462778e-23
   3.1253739e+03   3.4537914e-23
   3.1325810e+03   3.4613232e-23
   3.1398048e+03   3.4688733e-23
   3.1470452e+03   3.4764418e-23
   3.1543023e+03   3.4840287e-23
   3.1615762e+03   3.4916340e-23
   3.1688668e+03   3.4992578e-23
   3.1761742e+03   3.5069001e-23
   3.1834985e+03   3.5145610e-23
   3.1908397e+03   3.5222405e-23
   3.1981978e+03   3.5299386e-23
   3.2055728e+03   3.5376554e-23
   3.2129649e+03   3.5453909e-23
   3.2203740e+03   3.5531452e-23
   3.2278002e+03   3.5609183e-23
   3.2352436e+03   3.5687103e-23
   3.2427041e+03   3.5765211e-23
   3.2501818e+03   3.5843509e-23
   3.2576767e+03   3.5921996e-23
   3.2651889e+03   3.6000673e-23
   3.2727185e+03   3.6079541e-23
   3.2802654e+03   3.6158601e-23
   3.2878297e+03   3.6237851e-23
   3.2954115e+03   3.6317293e-23
   3.3030107e+03   3.6396928e-23
   3.3106275e+03   3.6476755e-23
   3.3182618e+03   3.6556775e-23
   3.3259138e+03   3.6636989e-23
   3.3335833e+03   3.6717397e-23
   3.3412706e+03   3.6798000e-23
   3.3489756e+03   3.6878797e-23
   3.3566984e+03   3.6959790e-23
   3.3644389e+03   3.7040986e-23
   3.3721974e+03   3.7122361e-23
   3.3799737e+03   3.7203942e-23
   3.3877679e+03   3.7285720e-23
   3.3955801e+03   3.7367695e-23
   3.4034104e+03   3.7449868e-23
   3.4112587e+03   3.7532239e-23
   3.4191251e+03   3.7614809e-23
   3.4270096e+03   3.7697578e-23
   3.4349123e+03   3.7780547e-23
   3.4428332e+03   3.7863716e-23
   3.4507724e+03   3.7947086e-23
   3.4587299e+03   3.8030656e-23
   3.4667058e+03   3.8114428e-23
   3.4747000e+03   3.8198402e-23
   3.4827127e+03   3.8282578e-23
   3.4907439e+03   3.8366956e-23
   3.4987936e+03   3.8451538e-23
   3.5068618e+03   3.8536324e-23
   3.5149487e+03   3.8621314e-23
   3.5230542e+03   3.8706508e-23
   3.5311784e+03   3.8791907e-23
   3.5393213e+03   3.8877512e-23
   3.5474830e+03   3.8963322e-23
   3.5556635e+03   3.9049339e-23
   3.5638629e+03   3.9135563e-23
   3.5720812e+03   3.9221995e-23
   3.5803184e+03   3.9308633e-23
   3.5885747e+03   3.9395481e-23
   3.5968500e+03   3.9482536e-23
   3.6051443e+03   3.9569801e-23
   3.6134578e+03   3.9657276e-23
   3.6217905e+03   3.9744961e-23
   3.6301424e+03   3.9832856e-23
   3.6385135e+03   3.9920962e-23
   3.6469039e+03   4.0009280e-23
   3.6553137e+03   4.0097810e-23
   3.6637429e+03   4.0186552e-23
   3.6721915e+03   4.0275507e-23
   3.6806596e+03   4.0364675e-23
   3.6891472e+03   4.0454058e-23
   3.6976544e+03   4.0543654e-23
   3.7061813e+03   4.0633466e-23
   3.7147277e+03   4.0723492e-23
   3.7232939e+03   4.0813735e-23
   3.7318799e+03   4.0904193e-23
   3.7404856e+03   4.0994869e-23
   3.7491112e+03   4.1085762e-23
   3.7577567e+03   4.1176872e-23
   3.7664221e+03   4.1268200e-23
   3.7751075e+03   4.1359748e-23
   3.7838129e+03   4.1451514e-23
   3.7925384e+03   4.1543500e-23
   3.8012841e+03   4.1635706e-23
   3.8100498e+03   4.1728133e-23
   3.8188359e+03   4.1820780e-23
   3.8276421e+03   4.1913650e-23
   3.8364687e+03   4.2006742e-23
   3.8453156e+03   4.2100059e-23
   3.8541829e+03   4.2193593e-23
   3.8630707e+03   4.2287354e-23
   3.8719790e+03   4.2381339e-23
   3.8809078e+03   4.2475548e-23
   3.8898572e+03   4.2569983e-23
   3.8988272e+03   4.2664643e-23
   3.9078180e+03   4.2759529e-23
   3.9168294e+03   4.2854642e-23
   3.9258617e+03   4.2949982e-23
   3.9349147e+03   4.3045550e-23
   3.9439887e+03   4.3141346e-23
   3.9530835e+03   4.3237370e-23
   3.9621994e+03   4.3333624e-23
   3.9713362e+03   4.3430107e-23
   3.9804942e+03   4.3526821e-23
   3.9896732e+03   4.3623765e-23
   3.9988734e+03   4.3720940e-23
   4.0080949e+03   4.3818347e-23
   4.0173376e+03   4.3915986e-23
   4.0266016e+03   4.4013858e-23
   4.0358870e+03   4.4111964e-23
   4.0451937e+03   4.4210303e-23
   4.0545220e+03   4.4308876e-23
   4.0638718e+03   4.4407685e-23
   4.0732431e+03   4.4506729e-23
   4.0826360e+03   4.4606008e-23
   4.0920506e+03   4.4705524e-23
   4.1014869e+03   4.4805277e-23
   4.1109450e+03   4.4905268e-23
   4.1204248e+03   4.5005496e-23
   4.1299266e+03   4.5105963e-23
   4.1394502e+03   4.5206670e-23
   4.1489958e+03   4.5307616e-23
   4.1585634e+03   4.5408802e-23
   4.1681531e+03   4.5510228e-23
   4.1777649e+03   4.5611896e-23
   4.1873988e+03   4.5713806e-23
   4.1970550e+03   4.5815958e-23
   4.2067335e+03   4.5918353e-23
   4.2164342e+03   4.6020991e-23
   4.2261574e+03   4.6123874e-23
   4.2359029e+03   4.6227001e-23
   4.2456709e+03   4.6330373e-23
   4.2554615e+03   4.6433990e-23
   4.2652746e+03   4.6537854e-23
   4.2751104e+03   4.6641964e-23
   4.2849688e+03   4.6746322e-23
   4.2948500e+03   4.6850927e-23
   4.3047539e+03   4.6955781e-23
   4.3146807e+03   4.7060884e-23
   4.3246304e+03   4.7166243e-23
   4.3346030e+03   4.7271839e-23
   4.3445987e+03   4.7377692e-23
   4.3546173e+03   4.7483796e-23
   4.3646591e+03   4.7590152e-23
   4.3747241e+03   4.7696760e-23
   4.3848122e+03   4.7803621e-23
   4.3949236e+03   4.7910736e-23
   4.4050583e+03   4.8018104e-23
   4.4152164e+03   4.8125727e-23
   4.4253980e+03   4.8233605e-23
   4.4356030e+03   4.8341739e-23
   4.4458315e+03   4.8450130e-23
   4.4560836e+03   4.8558777e-23
   4.4663594e+03   4.8667682e-23
   4.4766588e+03   4.8776844e-23
   4.4869821e+03   4.8886266e-23
   4.4973291e+03   4.8995946e-23
   4.5076999e+03   4.9105886e-23
   4.5180947e+03   4.9216087e-23
   4.5285135e+03   4.9326549e-23
   4.5389563e+03   4.9437272e-23
   4.5494231e+03   4.9548257e-23
   4.5599142e+03   4.9659505e-23
   4.5704294e+03   4.9771017e-23
   4.5809688e+03   4.9882792e-23
   4.5915325e+03   4.9994831e-23
   4.6021207e+03   5.0107136e-23
   4.6127332e+03   5.0219707e-23
   4.6233702e+03   5.0332544e-23
   4.6340317e+03   5.0445647e-23
   4.6447178e+03   5.0559018e-23
   4.6554286e+03   5.0672658e-23
   4.6661640e+03   5.0786566e-23
   4.6769242e+03   5.0900743e-23
   4.6877093e+03   5.1015190e-23
   4.6985192e+03   5.1129908e-23
   4.7093540e+03   5.1244897e-23
   4.7202138e+03   5.1360157e-23
   4.7310986e+03   5.1475690e-23
   4.7420086e+03   5.1591496e-23
   4.7529437e+03   5.1707576e-23
   4.7639040e+03   5.1823929e-23
   4.7748896e+03   5.1940557e-23
   4.7859005e+03   5.2057461e-23
   4.7969369e+03   5.2174641e-23
   4.8079986e+03   5.2292098e-23
   4.8190859e+03   5.2409832e-23
   4.8301988e+03   5.2527844e-23
   4.8413372e+03   5.2646134e-23
   4.8525014e+03   5.2764704e-23
   4.8636913e+03   5.2883553e-23
   4.8749070e+03   5.3002683e-23
   4.8861486e+03   5.3122094e-23
   4.8974161e+03   5.3241786e-23
   4.9087096e+03   5.3361761e-23
   4.9200291e+03   5.3482019e-23
   4.9313747e+03   5.3602561e-23
   4.9427465e+03   5.3723387e-23
   4.9541445e+03   5.3844497e-23
   4.9655688e+03   5.3965894e-23
   4.9770194e+03   5.4087576e-23
   4.9884965e+03   5.4209546e-23
   5.0000000e+03   5.4331802e-23
