   5.0000000e+00   1.6454677e-20
   5.0115300e+00   1.6036596e-20
   5.0230867e+00   1.5630815e-20
   5.0346699e+00   1.5237274e-20
   5.0462799e+00   1.4856058e-20
   5.0579167e+00   1.4487006e-20
   5.0695803e+00   1.4124975e-20
   5.0812708e+00   1.3744061e-20
   5.0929882e+00   1.3356181e-20
   5.1047327e+00   1.3016353e-20
   5.1165042e+00   1.2696791e-20
   5.1283029e+00   1.2384714e-20
   5.1401288e+00   1.2079593e-20
   5.1519820e+00   1.1781686e-20
   5.1638625e+00   1.1491126e-20
   5.1757704e+00   1.1207923e-20
   5.1877058e+00   1.0932003e-20
   5.1996687e+00   1.0663241e-20
   5.2116592e+00   1.0401489e-20
   5.2236773e+00   1.0146584e-20
   5.2357231e+00   9.8983551e-21
   5.2477968e+00   9.6566318e-21
   5.2598982e+00   9.4212413e-21
   5.2720276e+00   9.1920131e-21
   5.2841849e+00   8.9687793e-21
   5.2963703e+00   8.7513754e-21
   5.3085838e+00   8.5396407e-21
   5.3208254e+00   8.3334181e-21
   5.3330953e+00   8.1325550e-21
   5.3453934e+00   7.9369026e-21
   5.3577199e+00   7.7463163e-21
   5.3700749e+00   7.5606555e-21
   5.3824583e+00   7.3797837e-21
   5.3948703e+00   7.2035683e-21
   5.4073109e+00   7.0318806e-21
   5.4197802e+00   6.8645954e-21
   5.4322783e+00   6.7015914e-21
   5.4448051e+00   6.5427510e-21
   5.4573609e+00   6.3879597e-21
   5.4699456e+00   6.2371065e-21
   5.4825594e+00   6.0900838e-21
   5.4952022e+00   5.9467871e-21
   5.5078742e+00   5.8071148e-21
   5.5205754e+00   5.6709685e-21
   5.5333058e+00   5.5382526e-21
   5.5460657e+00   5.4088744e-21
   5.5588550e+00   5.2827437e-21
   5.5716737e+00   5.1597731e-21
   5.5845220e+00   5.0398778e-21
   5.5974000e+00   4.9229753e-21
   5.6103076e+00   4.8089855e-21
   5.6232451e+00   4.6978308e-21
   5.6362123e+00   4.5894357e-21
   5.6492094e+00   4.4837269e-21
   5.6622366e+00   4.3806333e-21
   5.6752937e+00   4.2800858e-21
   5.6883810e+00   4.1820171e-21
   5.7014985e+00   4.0863621e-21
   5.7146461e+00   3.9930575e-21
   5.7278242e+00   3.9020417e-21
   5.7410326e+00   3.8132548e-21
   5.7542714e+00   3.7266388e-21
   5.7675408e+00   3.6421373e-21
   5.7808408e+00   3.5596953e-21
   5.7941715e+00   3.4792595e-21
   5.8075329e+00   3.4007782e-21
   5.8209251e+00   3.3242009e-21
   5.8343482e+00   3.2494787e-21
   5.8478023e+00   3.1765640e-21
   5.8612873e+00   3.1054106e-21
   5.8748035e+00   3.0359734e-21
   5.8883508e+00   2.9682087e-21
   5.9019294e+00   2.9020741e-21
   5.9155393e+00   2.8375281e-21
   5.9291806e+00   2.7745306e-21
   5.9428533e+00   2.7130424e-21
   5.9565576e+00   2.6530255e-21
   5.9702935e+00   2.5944430e-21
   5.9840610e+00   2.5372588e-21
   5.9978603e+00   2.4814379e-21
   6.0116914e+00   2.4269464e-21
   6.0255544e+00   2.3737510e-21
   6.0394494e+00   2.3218196e-21
   6.0533764e+00   2.2711207e-21
   6.0673355e+00   2.2216239e-21
   6.0813269e+00   2.1732996e-21
   6.0953505e+00   2.1261187e-21
   6.1094064e+00   2.0800532e-21
   6.1234947e+00   2.0350756e-21
   6.1376155e+00   1.9911595e-21
   6.1517689e+00   1.9482788e-21
   6.1659550e+00   1.9064083e-21
   6.1801737e+00   1.8655234e-21
   6.1944252e+00   1.8256002e-21
   6.2087096e+00   1.7866154e-21
   6.2230269e+00   1.7485464e-21
   6.2373773e+00   1.7113711e-21
   6.2517607e+00   1.6750679e-21
   6.2661773e+00   1.6396159e-21
   6.2806272e+00   1.6049949e-21
   6.2951104e+00   1.5711848e-21
   6.3096269e+00   1.5381664e-21
   6.3241770e+00   1.5059208e-21
   6.3387606e+00   1.4744297e-21
   6.3533778e+00   1.4436752e-21
   6.3680288e+00   1.4136400e-21
   6.3827135e+00   1.3843070e-21
   6.3974321e+00   1.3556598e-21
   6.4121846e+00   1.3276822e-21
   6.4269711e+00   1.3003587e-21
   6.4417918e+00   1.2736738e-21
   6.4566466e+00   1.2476128e-21
   6.4715357e+00   1.2221612e-21
   6.4864591e+00   1.1973047e-21
   6.5014169e+00   1.1730297e-21
   6.5164092e+00   1.1493227e-21
   6.5314361e+00   1.1261706e-21
   6.5464977e+00   1.1035608e-21
   6.5615939e+00   1.0814807e-21
   6.5767250e+00   1.0599183e-21
   6.5918910e+00   1.0388618e-21
   6.6070920e+00   1.0182997e-21
   6.6223280e+00   9.9822079e-22
   6.6375991e+00   9.7861413e-22
   6.6529055e+00   9.5946909e-22
   6.6682471e+00   9.4077529e-22
   6.6836241e+00   9.2252261e-22
   6.6990366e+00   9.0470118e-22
   6.7144846e+00   8.8730140e-22
   6.7299683e+00   8.7031389e-22
   6.7454877e+00   8.5372951e-22
   6.7610428e+00   8.3753937e-22
   6.7766338e+00   8.2173477e-22
   6.7922608e+00   8.0630726e-22
   6.8079238e+00   7.9124858e-22
   6.8236229e+00   7.7655069e-22
   6.8393582e+00   7.6220574e-22
   6.8551299e+00   7.4820609e-22
   6.8709378e+00   7.3454430e-22
   6.8867823e+00   7.2121308e-22
   6.9026632e+00   7.0820537e-22
   6.9185808e+00   6.9551425e-22
   6.9345351e+00   6.8313300e-22
   6.9505262e+00   6.7105507e-22
   6.9665542e+00   6.5927405e-22
   6.9826191e+00   6.4778371e-22
   6.9987211e+00   6.3657799e-22
   7.0148602e+00   6.2565097e-22
   7.0310365e+00   6.1499687e-22
   7.0472502e+00   6.0461009e-22
   7.0635012e+00   5.9448515e-22
   7.0797897e+00   5.8461672e-22
   7.0961157e+00   5.7499961e-22
   7.1124794e+00   5.6562875e-22
   7.1288808e+00   5.5649923e-22
   7.1453201e+00   5.4760626e-22
   7.1617972e+00   5.3894516e-22
   7.1783124e+00   5.3051140e-22
   7.1948656e+00   5.2230056e-22
   7.2114571e+00   5.1430835e-22
   7.2280867e+00   5.0653058e-22
   7.2447548e+00   4.9896322e-22
   7.2614612e+00   4.9160230e-22
   7.2782062e+00   4.8444400e-22
   7.2949898e+00   4.7748461e-22
   7.3118121e+00   4.7072052e-22
   7.3286732e+00   4.6414823e-22
   7.3455732e+00   4.5776436e-22
   7.3625121e+00   4.5156564e-22
   7.3794901e+00   4.4554889e-22
   7.3965073e+00   4.3971105e-22
   7.4135637e+00   4.3404917e-22
   7.4306594e+00   4.2856038e-22
   7.4477946e+00   4.2324196e-22
   7.4649693e+00   4.1809126e-22
   7.4821835e+00   4.1310576e-22
   7.4994375e+00   4.0828302e-22
   7.5167313e+00   4.0362075e-22
   7.5340649e+00   3.9911672e-22
   7.5514385e+00   3.9476885e-22
   7.5688522e+00   3.9057516e-22
   7.5863060e+00   3.8653377e-22
   7.6038001e+00   3.8264294e-22
   7.6213345e+00   3.7890104e-22
   7.6389094e+00   3.7530655e-22
   7.6565248e+00   3.7185808e-22
   7.6741808e+00   3.6855439e-22
   7.6918775e+00   3.6539435e-22
   7.7096150e+00   3.6237696e-22
   7.7273934e+00   3.5950139e-22
   7.7452129e+00   3.5676693e-22
   7.7630734e+00   3.5417305e-22
   7.7809751e+00   3.5171936e-22
   7.7989181e+00   3.4940565e-22
   7.8169025e+00   3.4723189e-22
   7.8349283e+00   3.4519822e-22
   7.8529957e+00   3.4330500e-22
   7.8711048e+00   3.4155277e-22
   7.8892556e+00   3.3994232e-22
   7.9074483e+00   3.3847466e-22
   7.9256829e+00   3.3715106e-22
   7.9439596e+00   3.3597303e-22
   7.9622784e+00   3.3494241e-22
   7.9806395e+00   3.3406130e-22
   7.9990429e+00   3.3333217e-22
   8.0174888e+00   3.3275782e-22
   8.0359772e+00   3.3234146e-22
   8.0545082e+00   3.3208670e-22
   8.0730819e+00   3.3199760e-22
   8.0916985e+00   3.3207873e-22
   8.1103581e+00   3.3233518e-22
   8.1290606e+00   3.3277264e-22
   8.1478063e+00   3.3339746e-22
   8.1665952e+00   3.3421669e-22
   8.1854274e+00   3.3523815e-22
   8.2043031e+00   3.3647055e-22
   8.2232223e+00   3.3792355e-22
   8.2421851e+00   3.3960788e-22
   8.2611916e+00   3.4153546e-22
   8.2802420e+00   3.4371956e-22
   8.2993363e+00   3.4617491e-22
   8.3184746e+00   3.4891796e-22
   8.3376571e+00   3.5196703e-22
   8.3568838e+00   3.5534260e-22
   8.3761548e+00   3.5906760e-22
   8.3954703e+00   3.6316774e-22
   8.4148303e+00   3.6767192e-22
   8.4342350e+00   3.7261272e-22
   8.4536844e+00   3.7802695e-22
   8.4731786e+00   3.8395637e-22
   8.4927179e+00   3.9044844e-22
   8.5123021e+00   3.9755737e-22
   8.5319316e+00   4.0534528e-22
   8.5516063e+00   4.1388369e-22
   8.5713263e+00   4.2325528e-22
   8.5910919e+00   4.3355619e-22
   8.6109030e+00   4.4489875e-22
   8.6307598e+00   4.5741509e-22
   8.6506624e+00   4.7126154e-22
   8.6706109e+00   4.8662432e-22
   8.6906054e+00   5.0372778e-22
   8.7106460e+00   5.2284319e-22
   8.7307328e+00   5.4430281e-22
   8.7508660e+00   5.6851756e-22
   8.7710455e+00   5.9600182e-22
   8.7912716e+00   6.2740806e-22
   8.8115444e+00   6.6357646e-22
   8.8318638e+00   7.0560766e-22
   8.8522302e+00   7.5497206e-22
   8.8726435e+00   8.1367935e-22
   8.8931039e+00   8.8455058e-22
   8.9136114e+00   9.7167363e-22
   8.9341663e+00   1.0812041e-21
   8.9547686e+00   1.2228619e-21
   8.9754183e+00   1.4129465e-21
   8.9961157e+00   1.6810372e-21
   9.0168608e+00   2.0869701e-21
   9.0376538e+00   2.7727920e-21
   9.0584947e+00   4.1777004e-21
   9.0793836e+00   8.6658024e-21
   9.1003208e+00   8.9941252e-20
   9.1213062e+00   7.1493784e-21
   9.1423400e+00   3.7010991e-21
   9.1634223e+00   2.4973522e-21
   9.1845532e+00   1.9004567e-21
   9.2057328e+00   1.5762208e-21
   9.2269613e+00   1.4668024e-21
   9.2482388e+00   1.8838952e-21
   9.2695653e+00   3.9194110e-20
   9.2909410e+00   1.7502158e-21
   9.3123660e+00   1.0450426e-21
   9.3338403e+00   8.1716882e-22
   9.3553642e+00   6.9562470e-22
   9.3769378e+00   6.1474144e-22
   9.3985611e+00   5.5452084e-22
   9.4202342e+00   5.0677769e-22
   9.4419574e+00   4.6744324e-22
   9.4637306e+00   4.3419967e-22
   9.4855540e+00   4.0559122e-22
   9.5074278e+00   3.8063603e-22
   9.5293520e+00   3.5863577e-22
   9.5513267e+00   3.3907341e-22
   9.5733522e+00   3.2155409e-22
   9.5954284e+00   3.0576869e-22
   9.6175555e+00   2.9147045e-22
   9.6397337e+00   2.7845915e-22
   9.6619630e+00   2.6657009e-22
   9.6842435e+00   2.5566622e-22
   9.7065755e+00   2.4563233e-22
   9.7289589e+00   2.3637074e-22
   9.7513940e+00   2.2779797e-22
   9.7738808e+00   2.1984220e-22
   9.7964194e+00   2.1244124e-22
   9.8190100e+00   2.0554096e-22
   9.8416527e+00   1.9909397e-22
   9.8643477e+00   1.9305862e-22
   9.8870949e+00   1.8739812e-22
   9.9098946e+00   1.8207986e-22
   9.9327469e+00   1.7707483e-22
   9.9556519e+00   1.7235711e-22
   9.9786097e+00   1.6790350e-22
   1.0001620e+01   1.6369343e-22
   1.0024684e+01   1.5970966e-22
   1.0047801e+01   1.5593118e-22
   1.0070972e+01   1.5234391e-22
   1.0094195e+01   1.4893495e-22
   1.0117473e+01   1.4569224e-22
   1.0140804e+01   1.4260385e-22
   1.0164188e+01   1.3965900e-22
   1.0187627e+01   1.3684781e-22
   1.0211120e+01   1.3416134e-22
   1.0234667e+01   1.3159183e-22
   1.0258268e+01   1.2913175e-22
   1.0281924e+01   1.2677408e-22
   1.0305634e+01   1.2451238e-22
   1.0329399e+01   1.2234098e-22
   1.0353218e+01   1.2025451e-22
   1.0377093e+01   1.1824784e-22
   1.0401023e+01   1.1631626e-22
   1.0425007e+01   1.1445554e-22
   1.0449048e+01   1.1266174e-22
   1.0473143e+01   1.1093107e-22
   1.0497294e+01   1.0926000e-22
   1.0521501e+01   1.0764533e-22
   1.0545764e+01   1.0608412e-22
   1.0570082e+01   1.0457352e-22
   1.0594457e+01   1.0311086e-22
   1.0618888e+01   1.0169367e-22
   1.0643375e+01   1.0031973e-22
   1.0667919e+01   9.8986858e-23
   1.0692519e+01   9.7692997e-23
   1.0717176e+01   9.6436256e-23
   1.0741890e+01   9.5214903e-23
   1.0766661e+01   9.4027251e-23
   1.0791489e+01   9.2871711e-23
   1.0816374e+01   9.1746806e-23
   1.0841317e+01   9.0651179e-23
   1.0866317e+01   8.9583511e-23
   1.0891375e+01   8.8542557e-23
   1.0916491e+01   8.7527152e-23
   1.0941664e+01   8.6536226e-23
   1.0966896e+01   8.5568734e-23
   1.0992185e+01   8.4623693e-23
   1.1017533e+01   8.3700177e-23
   1.1042940e+01   8.2797332e-23
   1.1068405e+01   8.1914326e-23
   1.1093929e+01   8.1050371e-23
   1.1119512e+01   8.0204730e-23
   1.1145153e+01   7.9376712e-23
   1.1170854e+01   7.8565650e-23
   1.1196614e+01   7.7770909e-23
   1.1222434e+01   7.6991895e-23
   1.1248313e+01   7.6228047e-23
   1.1274251e+01   7.5478823e-23
   1.1300250e+01   7.4743709e-23
   1.1326308e+01   7.4022221e-23
   1.1352427e+01   7.3313902e-23
   1.1378606e+01   7.2618307e-23
   1.1404845e+01   7.1935016e-23
   1.1431144e+01   7.1263635e-23
   1.1457505e+01   7.0603784e-23
   1.1483926e+01   6.9955098e-23
   1.1510408e+01   6.9317231e-23
   1.1536951e+01   6.8689856e-23
   1.1563555e+01   6.8072659e-23
   1.1590221e+01   6.7465337e-23
   1.1616948e+01   6.6867603e-23
   1.1643737e+01   6.6279184e-23
   1.1670587e+01   6.5699816e-23
   1.1697500e+01   6.5129247e-23
   1.1724474e+01   6.4567237e-23
   1.1751511e+01   6.4013556e-23
   1.1778610e+01   6.3467982e-23
   1.1805772e+01   6.2930302e-23
   1.1832996e+01   6.2400314e-23
   1.1860283e+01   6.1877822e-23
   1.1887633e+01   6.1362639e-23
   1.1915046e+01   6.0854583e-23
   1.1942522e+01   6.0353483e-23
   1.1970061e+01   5.9859171e-23
   1.1997664e+01   5.9371487e-23
   1.2025331e+01   5.8890276e-23
   1.2053062e+01   5.8415389e-23
   1.2080856e+01   5.7946684e-23
   1.2108715e+01   5.7484021e-23
   1.2136637e+01   5.7027268e-23
   1.2164625e+01   5.6576296e-23
   1.2192676e+01   5.6130979e-23
   1.2220793e+01   5.5691199e-23
   1.2248974e+01   5.5256839e-23
   1.2277220e+01   5.4827787e-23
   1.2305532e+01   5.4403934e-23
   1.2333908e+01   5.3985174e-23
   1.2362350e+01   5.3571408e-23
   1.2390858e+01   5.3162534e-23
   1.2419431e+01   5.2758459e-23
   1.2448071e+01   5.2359089e-23
   1.2476776e+01   5.1964334e-23
   1.2505548e+01   5.1574107e-23
   1.2534386e+01   5.1188324e-23
   1.2563290e+01   5.0806902e-23
   1.2592261e+01   5.0429762e-23
   1.2621299e+01   5.0056825e-23
   1.2650404e+01   4.9688016e-23
   1.2679576e+01   4.9323262e-23
   1.2708815e+01   4.8962490e-23
   1.2738121e+01   4.8605633e-23
   1.2767496e+01   4.8252621e-23
   1.2796938e+01   4.7903390e-23
   1.2826447e+01   4.7557874e-23
   1.2856025e+01   4.7216011e-23
   1.2885671e+01   4.6877740e-23
   1.2915386e+01   4.6543001e-23
   1.2945169e+01   4.6211736e-23
   1.2975020e+01   4.5883889e-23
   1.3004941e+01   4.5559405e-23
   1.3034930e+01   4.5238228e-23
   1.3064989e+01   4.4920307e-23
   1.3095117e+01   4.4605590e-23
   1.3125314e+01   4.4294027e-23
   1.3155582e+01   4.3985568e-23
   1.3185918e+01   4.3680165e-23
   1.3216325e+01   4.3377772e-23
   1.3246802e+01   4.3078343e-23
   1.3277349e+01   4.2781831e-23
   1.3307967e+01   4.2488195e-23
   1.3338655e+01   4.2197390e-23
   1.3369414e+01   4.1909374e-23
   1.3400244e+01   4.1624107e-23
   1.3431145e+01   4.1341548e-23
   1.3462118e+01   4.1061657e-23
   1.3493162e+01   4.0784396e-23
   1.3524277e+01   4.0509726e-23
   1.3555464e+01   4.0237612e-23
   1.3586723e+01   3.9968016e-23
   1.3618054e+01   3.9700903e-23
   1.3649457e+01   3.9436239e-23
   1.3680933e+01   3.9173988e-23
   1.3712481e+01   3.8914117e-23
   1.3744103e+01   3.8656595e-23
   1.3775797e+01   3.8401387e-23
   1.3807564e+01   3.8148464e-23
   1.3839404e+01   3.7897793e-23
   1.3871318e+01   3.7649345e-23
   1.3903305e+01   3.7403090e-23
   1.3935366e+01   3.7158998e-23
   1.3967501e+01   3.6917042e-23
   1.3999710e+01   3.6677192e-23
   1.4031994e+01   3.6439422e-23
   1.4064352e+01   3.6203704e-23
   1.4096784e+01   3.5970012e-23
   1.4129292e+01   3.5738320e-23
   1.4161874e+01   3.5508602e-23
   1.4194531e+01   3.5280833e-23
   1.4227264e+01   3.5054989e-23
   1.4260072e+01   3.4831045e-23
   1.4292956e+01   3.4608978e-23
   1.4325916e+01   3.4388764e-23
   1.4358951e+01   3.4170381e-23
   1.4392063e+01   3.3953807e-23
   1.4425251e+01   3.3739018e-23
   1.4458516e+01   3.3525993e-23
   1.4491858e+01   3.3314712e-23
   1.4525276e+01   3.3105154e-23
   1.4558771e+01   3.2897297e-23
   1.4592344e+01   3.2691121e-23
   1.4625994e+01   3.2486608e-23
   1.4659722e+01   3.2283737e-23
   1.4693527e+01   3.2082490e-23
   1.4727410e+01   3.1882847e-23
   1.4761372e+01   3.1684791e-23
   1.4795412e+01   3.1488303e-23
   1.4829530e+01   3.1293365e-23
   1.4863727e+01   3.1099960e-23
   1.4898003e+01   3.0908070e-23
   1.4932358e+01   3.0717680e-23
   1.4966792e+01   3.0528771e-23
   1.5001306e+01   3.0341329e-23
   1.5035899e+01   3.0155336e-23
   1.5070572e+01   2.9970777e-23
   1.5105324e+01   2.9787638e-23
   1.5140157e+01   2.9605901e-23
   1.5175071e+01   2.9425553e-23
   1.5210065e+01   2.9246578e-23
   1.5245139e+01   2.9068963e-23
   1.5280295e+01   2.8892693e-23
   1.5315531e+01   2.8717753e-23
   1.5350849e+01   2.8544131e-23
   1.5386248e+01   2.8371812e-23
   1.5421729e+01   2.8200784e-23
   1.5457291e+01   2.8031033e-23
   1.5492936e+01   2.7862546e-23
   1.5528663e+01   2.7695311e-23
   1.5564472e+01   2.7529314e-23
   1.5600364e+01   2.7364545e-23
   1.5636338e+01   2.7200991e-23
   1.5672396e+01   2.7038639e-23
   1.5708537e+01   2.6877479e-23
   1.5744761e+01   2.6717499e-23
   1.5781068e+01   2.6558687e-23
   1.5817459e+01   2.6401032e-23
   1.5853935e+01   2.6244523e-23
   1.5890494e+01   2.6089150e-23
   1.5927137e+01   2.5934902e-23
   1.5963866e+01   2.5781768e-23
   1.6000678e+01   2.5629738e-23
   1.6037576e+01   2.5478802e-23
   1.6074559e+01   2.5328950e-23
   1.6111627e+01   2.5180173e-23
   1.6148780e+01   2.5032459e-23
   1.6186020e+01   2.4885801e-23
   1.6223345e+01   2.4740188e-23
   1.6260756e+01   2.4595612e-23
   1.6298253e+01   2.4452062e-23
   1.6335837e+01   2.4309531e-23
   1.6373508e+01   2.4168009e-23
   1.6411265e+01   2.4027488e-23
   1.6449110e+01   2.3887959e-23
   1.6487041e+01   2.3749414e-23
   1.6525061e+01   2.3611844e-23
   1.6563168e+01   2.3475241e-23
   1.6601362e+01   2.3339597e-23
   1.6639645e+01   2.3204904e-23
   1.6678016e+01   2.3071154e-23
   1.6716476e+01   2.2938340e-23
   1.6755024e+01   2.2806454e-23
   1.6793662e+01   2.2675488e-23
   1.6832388e+01   2.2545434e-23
   1.6871203e+01   2.2416287e-23
   1.6910109e+01   2.2288038e-23
   1.6949103e+01   2.2160680e-23
   1.6988188e+01   2.2034206e-23
   1.7027363e+01   2.1908610e-23
   1.7066628e+01   2.1783884e-23
   1.7105984e+01   2.1660023e-23
   1.7145431e+01   2.1537018e-23
   1.7184968e+01   2.1414864e-23
   1.7224597e+01   2.1293555e-23
   1.7264317e+01   2.1173083e-23
   1.7304128e+01   2.1053444e-23
   1.7344032e+01   2.0934629e-23
   1.7384027e+01   2.0816634e-23
   1.7424115e+01   2.0699452e-23
   1.7464295e+01   2.0583078e-23
   1.7504568e+01   2.0467505e-23
   1.7544934e+01   2.0352728e-23
   1.7585392e+01   2.0238742e-23
   1.7625945e+01   2.0125539e-23
   1.7666590e+01   2.0013116e-23
   1.7707329e+01   1.9901465e-23
   1.7748163e+01   1.9790583e-23
   1.7789090e+01   1.9680464e-23
   1.7830112e+01   1.9571102e-23
   1.7871228e+01   1.9462492e-23
   1.7912439e+01   1.9354629e-23
   1.7953746e+01   1.9247508e-23
   1.7995147e+01   1.9141123e-23
   1.8036644e+01   1.9035471e-23
   1.8078237e+01   1.8930546e-23
   1.8119925e+01   1.8826343e-23
   1.8161710e+01   1.8722858e-23
   1.8203591e+01   1.8620085e-23
   1.8245569e+01   1.8518021e-23
   1.8287643e+01   1.8416660e-23
   1.8329814e+01   1.8315998e-23
   1.8372083e+01   1.8216030e-23
   1.8414449e+01   1.8116753e-23
   1.8456913e+01   1.8018161e-23
   1.8499475e+01   1.7920250e-23
   1.8542135e+01   1.7823017e-23
   1.8584893e+01   1.7726457e-23
   1.8627750e+01   1.7630565e-23
   1.8670706e+01   1.7535338e-23
   1.8713761e+01   1.7440771e-23
   1.8756915e+01   1.7346861e-23
   1.8800168e+01   1.7253603e-23
   1.8843522e+01   1.7160994e-23
   1.8886975e+01   1.7069029e-23
   1.8930528e+01   1.6977706e-23
   1.8974182e+01   1.6887019e-23
   1.9017937e+01   1.6796965e-23
   1.9061792e+01   1.6707541e-23
   1.9105749e+01   1.6618743e-23
   1.9149807e+01   1.6530567e-23
   1.9193967e+01   1.6443010e-23
   1.9238228e+01   1.6356068e-23
   1.9282592e+01   1.6269737e-23
   1.9327057e+01   1.6184014e-23
   1.9371626e+01   1.6098896e-23
   1.9416297e+01   1.6014380e-23
   1.9461071e+01   1.5930461e-23
   1.9505948e+01   1.5847136e-23
   1.9550929e+01   1.5764403e-23
   1.9596014e+01   1.5682257e-23
   1.9641202e+01   1.5600697e-23
   1.9686495e+01   1.5519718e-23
   1.9731892e+01   1.5439317e-23
   1.9777394e+01   1.5359491e-23
   1.9823001e+01   1.5280238e-23
   1.9868713e+01   1.5201554e-23
   1.9914530e+01   1.5123435e-23
   1.9960454e+01   1.5045880e-23
   2.0006482e+01   1.4968885e-23
   2.0052618e+01   1.4892447e-23
   2.0098859e+01   1.4816563e-23
   2.0145207e+01   1.4741230e-23
   2.0191662e+01   1.4666446e-23
   2.0238224e+01   1.4592207e-23
   2.0284894e+01   1.4518512e-23
   2.0331671e+01   1.4445356e-23
   2.0378556e+01   1.4372737e-23
   2.0425549e+01   1.4300653e-23
   2.0472650e+01   1.4229101e-23
   2.0519861e+01   1.4158078e-23
   2.0567180e+01   1.4087581e-23
   2.0614608e+01   1.4017608e-23
   2.0662145e+01   1.3948157e-23
   2.0709792e+01   1.3879224e-23
   2.0757549e+01   1.3810807e-23
   2.0805416e+01   1.3742904e-23
   2.0853394e+01   1.3675512e-23
   2.0901482e+01   1.3608628e-23
   2.0949681e+01   1.3542250e-23
   2.0997991e+01   1.3476376e-23
   2.1046412e+01   1.3411003e-23
   2.1094945e+01   1.3346129e-23
   2.1143591e+01   1.3281751e-23
   2.1192348e+01   1.3217867e-23
   2.1241218e+01   1.3154475e-23
   2.1290200e+01   1.3091572e-23
   2.1339295e+01   1.3029156e-23
   2.1388504e+01   1.2967225e-23
   2.1437826e+01   1.2905776e-23
   2.1487262e+01   1.2844807e-23
   2.1536812e+01   1.2784315e-23
   2.1586476e+01   1.2724300e-23
   2.1636254e+01   1.2664757e-23
   2.1686148e+01   1.2605686e-23
   2.1736156e+01   1.2547084e-23
   2.1786280e+01   1.2488948e-23
   2.1836519e+01   1.2431277e-23
   2.1886874e+01   1.2374069e-23
   2.1937346e+01   1.2317321e-23
   2.1987933e+01   1.2261031e-23
   2.2038638e+01   1.2205197e-23
   2.2089459e+01   1.2149817e-23
   2.2140397e+01   1.2094888e-23
   2.2191453e+01   1.2040410e-23
   2.2242627e+01   1.1986379e-23
   2.2293919e+01   1.1932794e-23
   2.2345328e+01   1.1879653e-23
   2.2396857e+01   1.1826953e-23
   2.2448504e+01   1.1774693e-23
   2.2500271e+01   1.1722870e-23
   2.2552157e+01   1.1671483e-23
   2.2604162e+01   1.1620529e-23
   2.2656287e+01   1.1570007e-23
   2.2708533e+01   1.1519915e-23
   2.2760899e+01   1.1470250e-23
   2.2813386e+01   1.1421011e-23
   2.2865994e+01   1.1372196e-23
   2.2918723e+01   1.1323803e-23
   2.2971574e+01   1.1275829e-23
   2.3024546e+01   1.1228273e-23
   2.3077641e+01   1.1181133e-23
   2.3130858e+01   1.1134408e-23
   2.3184198e+01   1.1088094e-23
   2.3237661e+01   1.1042191e-23
   2.3291247e+01   1.0996697e-23
   2.3344957e+01   1.0951608e-23
   2.3398791e+01   1.0906925e-23
   2.3452748e+01   1.0862644e-23
   2.3506831e+01   1.0818764e-23
   2.3561038e+01   1.0775283e-23
   2.3615370e+01   1.0732199e-23
   2.3669827e+01   1.0689511e-23
   2.3724410e+01   1.0647216e-23
   2.3779118e+01   1.0605312e-23
   2.3833953e+01   1.0563799e-23
   2.3888914e+01   1.0522673e-23
   2.3944002e+01   1.0481933e-23
   2.3999217e+01   1.0441577e-23
   2.4054560e+01   1.0401604e-23
   2.4110030e+01   1.0362012e-23
   2.4165628e+01   1.0322798e-23
   2.4221354e+01   1.0283960e-23
   2.4277208e+01   1.0245498e-23
   2.4333192e+01   1.0207410e-23
   2.4389304e+01   1.0169692e-23
   2.4445546e+01   1.0132344e-23
   2.4501918e+01   1.0095364e-23
   2.4558420e+01   1.0058750e-23
   2.4615051e+01   1.0022500e-23
   2.4671814e+01   9.9866125e-24
   2.4728707e+01   9.9510853e-24
   2.4785732e+01   9.9159168e-24
   2.4842888e+01   9.8811051e-24
   2.4900176e+01   9.8466485e-24
   2.4957596e+01   9.8125450e-24
   2.5015148e+01   9.7787930e-24
   2.5072833e+01   9.7453906e-24
   2.5130652e+01   9.7123360e-24
   2.5188603e+01   9.6796273e-24
   2.5246688e+01   9.6472627e-24
   2.5304907e+01   9.6152405e-24
   2.5363261e+01   9.5835588e-24
   2.5421748e+01   9.5522157e-24
   2.5480371e+01   9.5212095e-24
   2.5539129e+01   9.4905384e-24
   2.5598023e+01   9.4602004e-24
   2.5657052e+01   9.4301939e-24
   2.5716217e+01   9.4005169e-24
   2.5775519e+01   9.3711677e-24
   2.5834957e+01   9.3421444e-24
   2.5894533e+01   9.3134451e-24
   2.5954246e+01   9.2850682e-24
   2.6014097e+01   9.2570116e-24
   2.6074085e+01   9.2292736e-24
   2.6134212e+01   9.2018524e-24
   2.6194478e+01   9.1747461e-24
   2.6254883e+01   9.1479529e-24
   2.6315427e+01   9.1214709e-24
   2.6376110e+01   9.0952983e-24
   2.6436934e+01   9.0694332e-24
   2.6497898e+01   9.0438739e-24
   2.6559002e+01   9.0186184e-24
   2.6620247e+01   8.9936649e-24
   2.6681634e+01   8.9690116e-24
   2.6743162e+01   8.9446566e-24
   2.6804832e+01   8.9205981e-24
   2.6866644e+01   8.8968341e-24
   2.6928599e+01   8.8733629e-24
   2.6990696e+01   8.8501826e-24
   2.7052937e+01   8.8272914e-24
   2.7115321e+01   8.8046873e-24
   2.7177849e+01   8.7823685e-24
   2.7240522e+01   8.7603331e-24
   2.7303338e+01   8.7385793e-24
   2.7366300e+01   8.7171053e-24
   2.7429407e+01   8.6959090e-24
   2.7492659e+01   8.6749888e-24
   2.7556058e+01   8.6543427e-24
   2.7619602e+01   8.6339688e-24
   2.7683293e+01   8.6138653e-24
   2.7747131e+01   8.5940303e-24
   2.7811116e+01   8.5744619e-24
   2.7875249e+01   8.5551582e-24
   2.7939529e+01   8.5361175e-24
   2.8003958e+01   8.5173377e-24
   2.8068536e+01   8.4988171e-24
   2.8133262e+01   8.4805538e-24
   2.8198137e+01   8.4625458e-24
   2.8263162e+01   8.4447914e-24
   2.8328338e+01   8.4272886e-24
   2.8393663e+01   8.4100356e-24
   2.8459139e+01   8.3930305e-24
   2.8524766e+01   8.3762714e-24
   2.8590544e+01   8.3597564e-24
   2.8656474e+01   8.3434838e-24
   2.8722556e+01   8.3274515e-24
   2.8788791e+01   8.3116579e-24
   2.8855178e+01   8.2961009e-24
   2.8921718e+01   8.2807787e-24
   2.8988412e+01   8.2656895e-24
   2.9055259e+01   8.2508313e-24
   2.9122261e+01   8.2362024e-24
   2.9189417e+01   8.2218009e-24
   2.9256728e+01   8.2076249e-24
   2.9324194e+01   8.1936725e-24
   2.9391816e+01   8.1799420e-24
   2.9459594e+01   8.1664314e-24
   2.9527528e+01   8.1531390e-24
   2.9595619e+01   8.1400628e-24
   2.9663866e+01   8.1272011e-24
   2.9732272e+01   8.1145520e-24
   2.9800834e+01   8.1021136e-24
   2.9869555e+01   8.0898841e-24
   2.9938435e+01   8.0778618e-24
   3.0007473e+01   8.0660448e-24
   3.0076670e+01   8.0544312e-24
   3.0146028e+01   8.0430193e-24
   3.0215544e+01   8.0318072e-24
   3.0285222e+01   8.0207931e-24
   3.0355060e+01   8.0099753e-24
   3.0425059e+01   7.9993520e-24
   3.0495219e+01   7.9889212e-24
   3.0565541e+01   7.9786814e-24
   3.0636026e+01   7.9686306e-24
   3.0706673e+01   7.9587671e-24
   3.0777482e+01   7.9490891e-24
   3.0848456e+01   7.9395949e-24
   3.0919592e+01   7.9302827e-24
   3.0990893e+01   7.9211507e-24
   3.1062358e+01   7.9121973e-24
   3.1133988e+01   7.9034206e-24
   3.1205784e+01   7.8948189e-24
   3.1277744e+01   7.8863906e-24
   3.1349871e+01   7.8781338e-24
   3.1422164e+01   7.8700468e-24
   3.1494624e+01   7.8621280e-24
   3.1567251e+01   7.8543757e-24
   3.1640045e+01   7.8467881e-24
   3.1713007e+01   7.8393635e-24
   3.1786138e+01   7.8321004e-24
   3.1859437e+01   7.8249970e-24
   3.1932905e+01   7.8180516e-24
   3.2006542e+01   7.8112626e-24
   3.2080350e+01   7.8046283e-24
   3.2154327e+01   7.7981471e-24
   3.2228475e+01   7.7918174e-24
   3.2302794e+01   7.7856375e-24
   3.2377285e+01   7.7796058e-24
   3.2451947e+01   7.7737208e-24
   3.2526782e+01   7.7679807e-24
   3.2601789e+01   7.7623841e-24
   3.2676969e+01   7.7569293e-24
   3.2752322e+01   7.7516148e-24
   3.2827849e+01   7.7464389e-24
   3.2903550e+01   7.7414002e-24
   3.2979426e+01   7.7364971e-24
   3.3055477e+01   7.7317280e-24
   3.3131703e+01   7.7270914e-24
   3.3208105e+01   7.7225858e-24
   3.3284683e+01   7.7182097e-24
   3.3361438e+01   7.7139616e-24
   3.3438370e+01   7.7098400e-24
   3.3515479e+01   7.7058434e-24
   3.3592766e+01   7.7019703e-24
   3.3670231e+01   7.6982193e-24
   3.3747875e+01   7.6945889e-24
   3.3825698e+01   7.6910776e-24
   3.3903700e+01   7.6876841e-24
   3.3981882e+01   7.6844069e-24
   3.4060245e+01   7.6812446e-24
   3.4138788e+01   7.6781958e-24
   3.4217512e+01   7.6752591e-24
   3.4296418e+01   7.6724330e-24
   3.4375506e+01   7.6697164e-24
   3.4454776e+01   7.6671076e-24
   3.4534229e+01   7.6646055e-24
   3.4613865e+01   7.6622087e-24
   3.4693685e+01   7.6599158e-24
   3.4773689e+01   7.6577255e-24
   3.4853877e+01   7.6556365e-24
   3.4934251e+01   7.6536474e-24
   3.5014809e+01   7.6517571e-24
   3.5095554e+01   7.6499642e-24
   3.5176484e+01   7.6482674e-24
   3.5257602e+01   7.6466655e-24
   3.5338906e+01   7.6451572e-24
   3.5420398e+01   7.6437413e-24
   3.5502077e+01   7.6424166e-24
   3.5583945e+01   7.6411817e-24
   3.5666002e+01   7.6400356e-24
   3.5748248e+01   7.6389770e-24
   3.5830684e+01   7.6380047e-24
   3.5913310e+01   7.6371176e-24
   3.5996126e+01   7.6363144e-24
   3.6079134e+01   7.6355940e-24
   3.6162332e+01   7.6349553e-24
   3.6245723e+01   7.6343972e-24
   3.6329306e+01   7.6339184e-24
   3.6413082e+01   7.6335178e-24
   3.6497050e+01   7.6331945e-24
   3.6581213e+01   7.6329472e-24
   3.6665569e+01   7.6327748e-24
   3.6750120e+01   7.6326764e-24
   3.6834867e+01   7.6326508e-24
   3.6919808e+01   7.6326970e-24
   3.7004945e+01   7.6328138e-24
   3.7090279e+01   7.6330004e-24
   3.7175810e+01   7.6332556e-24
   3.7261537e+01   7.6335785e-24
   3.7347463e+01   7.6339679e-24
   3.7433586e+01   7.6344230e-24
   3.7519908e+01   7.6349428e-24
   3.7606429e+01   7.6355261e-24
   3.7693150e+01   7.6361722e-24
   3.7780071e+01   7.6368800e-24
   3.7867192e+01   7.6376486e-24
   3.7954514e+01   7.6384770e-24
   3.8042037e+01   7.6393644e-24
   3.8129763e+01   7.6403097e-24
   3.8217690e+01   7.6413121e-24
   3.8305821e+01   7.6423707e-24
   3.8394154e+01   7.6434845e-24
   3.8482691e+01   7.6446527e-24
   3.8571433e+01   7.6458745e-24
   3.8660379e+01   7.6471489e-24
   3.8749530e+01   7.6484751e-24
   3.8838886e+01   7.6498522e-24
   3.8928449e+01   7.6512795e-24
   3.9018219e+01   7.6527561e-24
   3.9108195e+01   7.6542811e-24
   3.9198379e+01   7.6558538e-24
   3.9288770e+01   7.6574733e-24
   3.9379371e+01   7.6591389e-24
   3.9470180e+01   7.6608497e-24
   3.9561198e+01   7.6626051e-24
   3.9652427e+01   7.6644042e-24
   3.9743865e+01   7.6662462e-24
   3.9835515e+01   7.6681305e-24
   3.9927376e+01   7.6700563e-24
   4.0019449e+01   7.6720228e-24
   4.0111734e+01   7.6740293e-24
   4.0204232e+01   7.6760752e-24
   4.0296943e+01   7.6781596e-24
   4.0389868e+01   7.6802819e-24
   4.0483008e+01   7.6824415e-24
   4.0576362e+01   7.6846375e-24
   4.0669931e+01   7.6868694e-24
   4.0763716e+01   7.6891365e-24
   4.0857718e+01   7.6914381e-24
   4.0951936e+01   7.6937736e-24
   4.1046372e+01   7.6961423e-24
   4.1141025e+01   7.6985435e-24
   4.1235896e+01   7.7009767e-24
   4.1330987e+01   7.7034413e-24
   4.1426296e+01   7.7059365e-24
   4.1521826e+01   7.7084619e-24
   4.1617575e+01   7.7110168e-24
   4.1713546e+01   7.7136005e-24
   4.1809737e+01   7.7162127e-24
   4.1906151e+01   7.7188525e-24
   4.2002787e+01   7.7215196e-24
   4.2099646e+01   7.7242132e-24
   4.2196728e+01   7.7269330e-24
   4.2294034e+01   7.7296782e-24
   4.2391564e+01   7.7324484e-24
   4.2489319e+01   7.7352430e-24
   4.2587300e+01   7.7380615e-24
   4.2685507e+01   7.7409035e-24
   4.2783940e+01   7.7437682e-24
   4.2882600e+01   7.7466553e-24
   4.2981488e+01   7.7495643e-24
   4.3080603e+01   7.7524946e-24
   4.3179947e+01   7.7554458e-24
   4.3279521e+01   7.7584173e-24
   4.3379324e+01   7.7614088e-24
   4.3479357e+01   7.7644196e-24
   4.3579620e+01   7.7674494e-24
   4.3680115e+01   7.7704978e-24
   4.3780842e+01   7.7735641e-24
   4.3881801e+01   7.7766481e-24
   4.3982993e+01   7.7797492e-24
   4.4084418e+01   7.7828671e-24
   4.4186077e+01   7.7860012e-24
   4.4287970e+01   7.7891512e-24
   4.4390099e+01   7.7923166e-24
   4.4492463e+01   7.7954971e-24
   4.4595062e+01   7.7986922e-24
   4.4697899e+01   7.8019015e-24
   4.4800973e+01   7.8051246e-24
   4.4904284e+01   7.8083612e-24
   4.5007834e+01   7.8116108e-24
   4.5111622e+01   7.8148730e-24
   4.5215650e+01   7.8181476e-24
   4.5319918e+01   7.8214341e-24
   4.5424426e+01   7.8247321e-24
   4.5529175e+01   7.8280414e-24
   4.5634165e+01   7.8313614e-24
   4.5739398e+01   7.8346920e-24
   4.5844873e+01   7.8380327e-24
   4.5950592e+01   7.8413831e-24
   4.6056554e+01   7.8447431e-24
   4.6162761e+01   7.8481122e-24
   4.6269213e+01   7.8514901e-24
   4.6375910e+01   7.8548764e-24
   4.6482853e+01   7.8582710e-24
   4.6590043e+01   7.8616733e-24
   4.6697480e+01   7.8650833e-24
   4.6805165e+01   7.8685004e-24
   4.6913098e+01   7.8719245e-24
   4.7021280e+01   7.8753553e-24
   4.7129711e+01   7.8787924e-24
   4.7238393e+01   7.8822356e-24
   4.7347325e+01   7.8856845e-24
   4.7456508e+01   7.8891390e-24
   4.7565943e+01   7.8925986e-24
   4.7675631e+01   7.8960633e-24
   4.7785571e+01   7.8995326e-24
   4.7895765e+01   7.9030064e-24
   4.8006213e+01   7.9064843e-24
   4.8116916e+01   7.9099662e-24
   4.8227874e+01   7.9134517e-24
   4.8339087e+01   7.9169406e-24
   4.8450558e+01   7.9204327e-24
   4.8562285e+01   7.9239278e-24
   4.8674270e+01   7.9274255e-24
   4.8786513e+01   7.9309257e-24
   4.8899015e+01   7.9344281e-24
   4.9011777e+01   7.9379326e-24
   4.9124798e+01   7.9414388e-24
   4.9238081e+01   7.9449466e-24
   4.9351624e+01   7.9484558e-24
   4.9465429e+01   7.9519661e-24
   4.9579497e+01   7.9554774e-24
   4.9693828e+01   7.9589893e-24
   4.9808422e+01   7.9625018e-24
   4.9923280e+01   7.9660147e-24
   5.0038404e+01   7.9695276e-24
   5.0153793e+01   7.9730405e-24
   5.0269448e+01   7.9765532e-24
   5.0385370e+01   7.9800654e-24
   5.0501559e+01   7.9835770e-24
   5.0618016e+01   7.9870878e-24
   5.0734741e+01   7.9905976e-24
   5.0851736e+01   7.9941063e-24
   5.0969000e+01   7.9976136e-24
   5.1086535e+01   8.0011195e-24
   5.1204341e+01   8.0046236e-24
   5.1322419e+01   8.0081260e-24
   5.1440769e+01   8.0116264e-24
   5.1559392e+01   8.0151246e-24
   5.1678288e+01   8.0186206e-24
   5.1797458e+01   8.0221141e-24
   5.1916904e+01   8.0256050e-24
   5.2036625e+01   8.0290931e-24
   5.2156621e+01   8.0325784e-24
   5.2276895e+01   8.0360606e-24
   5.2397446e+01   8.0395397e-24
   5.2518275e+01   8.0430154e-24
   5.2639382e+01   8.0464877e-24
   5.2760769e+01   8.0499564e-24
   5.2882436e+01   8.0534214e-24
   5.3004383e+01   8.0568826e-24
   5.3126612e+01   8.0603398e-24
   5.3249122e+01   8.0637929e-24
   5.3371915e+01   8.0672418e-24
   5.3494991e+01   8.0706864e-24
   5.3618351e+01   8.0741266e-24
   5.3741995e+01   8.0775621e-24
   5.3865925e+01   8.0809930e-24
   5.3990140e+01   8.0844192e-24
   5.4114642e+01   8.0878404e-24
   5.4239430e+01   8.0912566e-24
   5.4364507e+01   8.0946678e-24
   5.4489872e+01   8.0980737e-24
   5.4615526e+01   8.1014743e-24
   5.4741470e+01   8.1048695e-24
   5.4867704e+01   8.1082593e-24
   5.4994229e+01   8.1116434e-24
   5.5121046e+01   8.1150218e-24
   5.5248156e+01   8.1183945e-24
   5.5375559e+01   8.1217613e-24
   5.5503255e+01   8.1251221e-24
   5.5631246e+01   8.1284769e-24
   5.5759532e+01   8.1318256e-24
   5.5888114e+01   8.1351681e-24
   5.6016992e+01   8.1385043e-24
   5.6146168e+01   8.1418341e-24
   5.6275642e+01   8.1451575e-24
   5.6405414e+01   8.1484743e-24
   5.6535485e+01   8.1517846e-24
   5.6665856e+01   8.1550882e-24
   5.6796528e+01   8.1583850e-24
   5.6927501e+01   8.1616751e-24
   5.7058777e+01   8.1649583e-24
   5.7190355e+01   8.1682346e-24
   5.7322236e+01   8.1715038e-24
   5.7454421e+01   8.1747660e-24
   5.7586912e+01   8.1780211e-24
   5.7719708e+01   8.1812689e-24
   5.7852810e+01   8.1845096e-24
   5.7986219e+01   8.1877429e-24
   5.8119935e+01   8.1909688e-24
   5.8253960e+01   8.1941874e-24
   5.8388294e+01   8.1973985e-24
   5.8522938e+01   8.2006020e-24
   5.8657893e+01   8.2037980e-24
   5.8793158e+01   8.2069864e-24
   5.8928736e+01   8.2101671e-24
   5.9064626e+01   8.2133401e-24
   5.9200829e+01   8.2165053e-24
   5.9337347e+01   8.2196628e-24
   5.9474179e+01   8.2228124e-24
   5.9611327e+01   8.2259540e-24
   5.9748791e+01   8.2290878e-24
   5.9886572e+01   8.2322136e-24
   6.0024671e+01   8.2353314e-24
   6.0163089e+01   8.2384411e-24
   6.0301825e+01   8.2415428e-24
   6.0440882e+01   8.2446363e-24
   6.0580259e+01   8.2477217e-24
   6.0719957e+01   8.2507989e-24
   6.0859978e+01   8.2538679e-24
   6.1000322e+01   8.2569286e-24
   6.1140989e+01   8.2599811e-24
   6.1281980e+01   8.2630252e-24
   6.1423297e+01   8.2660610e-24
   6.1564940e+01   8.2690885e-24
   6.1706909e+01   8.2721076e-24
   6.1849206e+01   8.2751182e-24
   6.1991830e+01   8.2781204e-24
   6.2134784e+01   8.2811142e-24
   6.2278067e+01   8.2840995e-24
   6.2421681e+01   8.2870762e-24
   6.2565626e+01   8.2900445e-24
   6.2709903e+01   8.2930042e-24
   6.2854512e+01   8.2959553e-24
   6.2999455e+01   8.2988979e-24
   6.3144732e+01   8.3018318e-24
   6.3290345e+01   8.3047572e-24
   6.3436293e+01   8.3076739e-24
   6.3582577e+01   8.3105819e-24
   6.3729199e+01   8.3134813e-24
   6.3876159e+01   8.3163721e-24
   6.4023458e+01   8.3192541e-24
   6.4171097e+01   8.3221275e-24
   6.4319076e+01   8.3249921e-24
   6.4467396e+01   8.3278481e-24
   6.4616058e+01   8.3306953e-24
   6.4765063e+01   8.3335337e-24
   6.4914412e+01   8.3363635e-24
   6.5064105e+01   8.3391844e-24
   6.5214144e+01   8.3419967e-24
   6.5364528e+01   8.3448001e-24
   6.5515259e+01   8.3475948e-24
   6.5666338e+01   8.3503807e-24
   6.5817765e+01   8.3531579e-24
   6.5969541e+01   8.3559262e-24
   6.6121667e+01   8.3586858e-24
   6.6274144e+01   8.3614366e-24
   6.6426973e+01   8.3641786e-24
   6.6580154e+01   8.3669118e-24
   6.6733688e+01   8.3696363e-24
   6.6887577e+01   8.3723519e-24
   6.7041820e+01   8.3750588e-24
   6.7196419e+01   8.3777568e-24
   6.7351374e+01   8.3804461e-24
   6.7506687e+01   8.3831266e-24
   6.7662358e+01   8.3857984e-24
   6.7818388e+01   8.3884613e-24
   6.7974778e+01   8.3911155e-24
   6.8131528e+01   8.3937609e-24
   6.8288640e+01   8.3963976e-24
   6.8446114e+01   8.3990255e-24
   6.8603951e+01   8.4016447e-24
   6.8762153e+01   8.4042551e-24
   6.8920719e+01   8.4068568e-24
   6.9079650e+01   8.4094498e-24
   6.9238949e+01   8.4120340e-24
   6.9398614e+01   8.4146095e-24
   6.9558648e+01   8.4171764e-24
   6.9719051e+01   8.4197345e-24
   6.9879823e+01   8.4222840e-24
   7.0040967e+01   8.4248247e-24
   7.0202482e+01   8.4273569e-24
   7.0364369e+01   8.4298803e-24
   7.0526630e+01   8.4323952e-24
   7.0689265e+01   8.4349014e-24
   7.0852275e+01   8.4373990e-24
   7.1015661e+01   8.4398879e-24
   7.1179423e+01   8.4423683e-24
   7.1343564e+01   8.4448402e-24
   7.1508083e+01   8.4473034e-24
   7.1672981e+01   8.4497581e-24
   7.1838259e+01   8.4522043e-24
   7.2003919e+01   8.4546420e-24
   7.2169960e+01   8.4570711e-24
   7.2336385e+01   8.4594918e-24
   7.2503193e+01   8.4619040e-24
   7.2670386e+01   8.4643077e-24
   7.2837964e+01   8.4667030e-24
   7.3005929e+01   8.4690899e-24
   7.3174282e+01   8.4714684e-24
   7.3343022e+01   8.4738385e-24
   7.3512152e+01   8.4762002e-24
   7.3681671e+01   8.4785535e-24
   7.3851582e+01   8.4808986e-24
   7.4021884e+01   8.4832353e-24
   7.4192579e+01   8.4855637e-24
   7.4363668e+01   8.4878838e-24
   7.4535151e+01   8.4901957e-24
   7.4707029e+01   8.4924994e-24
   7.4879304e+01   8.4947948e-24
   7.5051977e+01   8.4970820e-24
   7.5225047e+01   8.4993610e-24
   7.5398517e+01   8.5016319e-24
   7.5572386e+01   8.5038947e-24
   7.5746657e+01   8.5061493e-24
   7.5921329e+01   8.5083959e-24
   7.6096404e+01   8.5106344e-24
   7.6271883e+01   8.5128648e-24
   7.6447767e+01   8.5150872e-24
   7.6624056e+01   8.5173016e-24
   7.6800751e+01   8.5195080e-24
   7.6977855e+01   8.5217064e-24
   7.7155366e+01   8.5238970e-24
   7.7333287e+01   8.5260796e-24
   7.7511618e+01   8.5282543e-24
   7.7690361e+01   8.5304211e-24
   7.7869515e+01   8.5325801e-24
   7.8049083e+01   8.5347313e-24
   7.8229065e+01   8.5368747e-24
   7.8409461e+01   8.5390103e-24
   7.8590274e+01   8.5411382e-24
   7.8771504e+01   8.5432584e-24
   7.8953152e+01   8.5453708e-24
   7.9135218e+01   8.5474756e-24
   7.9317705e+01   8.5495728e-24
   7.9500612e+01   8.5516623e-24
   7.9683941e+01   8.5537442e-24
   7.9867693e+01   8.5558186e-24
   8.0051868e+01   8.5578854e-24
   8.0236468e+01   8.5599447e-24
   8.0421494e+01   8.5619965e-24
   8.0606947e+01   8.5640409e-24
   8.0792827e+01   8.5660778e-24
   8.0979136e+01   8.5681073e-24
   8.1165874e+01   8.5701294e-24
   8.1353044e+01   8.5721442e-24
   8.1540644e+01   8.5741516e-24
   8.1728678e+01   8.5761517e-24
   8.1917145e+01   8.5781446e-24
   8.2106046e+01   8.5801302e-24
   8.2295383e+01   8.5821086e-24
   8.2485157e+01   8.5840798e-24
   8.2675369e+01   8.5860438e-24
   8.2866019e+01   8.5880007e-24
   8.3057108e+01   8.5899505e-24
   8.3248639e+01   8.5918932e-24
   8.3440611e+01   8.5938288e-24
   8.3633025e+01   8.5957574e-24
   8.3825884e+01   8.5976790e-24
   8.4019187e+01   8.5995937e-24
   8.4212936e+01   8.6015014e-24
   8.4407131e+01   8.6034022e-24
   8.4601775e+01   8.6052961e-24
   8.4796867e+01   8.6071832e-24
   8.4992409e+01   8.6090635e-24
   8.5188403e+01   8.6109369e-24
   8.5384848e+01   8.6128036e-24
   8.5581746e+01   8.6146635e-24
   8.5779098e+01   8.6165168e-24
   8.5976905e+01   8.6183633e-24
   8.6175169e+01   8.6202033e-24
   8.6373889e+01   8.6220365e-24
   8.6573068e+01   8.6238633e-24
   8.6772706e+01   8.6256834e-24
   8.6972805e+01   8.6274970e-24
   8.7173365e+01   8.6293041e-24
   8.7374387e+01   8.6311048e-24
   8.7575873e+01   8.6328990e-24
   8.7777824e+01   8.6346868e-24
   8.7980240e+01   8.6364682e-24
   8.8183123e+01   8.6382432e-24
   8.8386474e+01   8.6400120e-24
   8.8590294e+01   8.6417744e-24
   8.8794584e+01   8.6435306e-24
   8.8999345e+01   8.6452806e-24
   8.9204578e+01   8.6470244e-24
   8.9410285e+01   8.6487620e-24
   8.9616465e+01   8.6504934e-24
   8.9823122e+01   8.6522188e-24
   9.0030254e+01   8.6539380e-24
   9.0237865e+01   8.6556513e-24
   9.0445954e+01   8.6573585e-24
   9.0654523e+01   8.6590597e-24
   9.0863573e+01   8.6607550e-24
   9.1073105e+01   8.6624443e-24
   9.1283120e+01   8.6641278e-24
   9.1493620e+01   8.6658054e-24
   9.1704605e+01   8.6674771e-24
   9.1916077e+01   8.6691431e-24
   9.2128036e+01   8.6708033e-24
   9.2340484e+01   8.6724577e-24
   9.2553422e+01   8.6741065e-24
   9.2766850e+01   8.6757496e-24
   9.2980771e+01   8.6773870e-24
   9.3195186e+01   8.6790188e-24
   9.3410095e+01   8.6806450e-24
   9.3625499e+01   8.6822657e-24
   9.3841400e+01   8.6838809e-24
   9.4057799e+01   8.6854905e-24
   9.4274697e+01   8.6870947e-24
   9.4492095e+01   8.6886935e-24
   9.4709995e+01   8.6902869e-24
   9.4928397e+01   8.6918749e-24
   9.5147302e+01   8.6934576e-24
   9.5366713e+01   8.6950350e-24
   9.5586629e+01   8.6966071e-24
   9.5807053e+01   8.6981740e-24
   9.6027984e+01   8.6997357e-24
   9.6249426e+01   8.7012922e-24
   9.6471378e+01   8.7028435e-24
   9.6693841e+01   8.7043897e-24
   9.6916818e+01   8.7059309e-24
   9.7140309e+01   8.7074670e-24
   9.7364315e+01   8.7089981e-24
   9.7588838e+01   8.7105241e-24
   9.7813879e+01   8.7120453e-24
   9.8039438e+01   8.7135615e-24
   9.8265518e+01   8.7150728e-24
   9.8492119e+01   8.7165792e-24
   9.8719243e+01   8.7180809e-24
   9.8946890e+01   8.7195777e-24
   9.9175062e+01   8.7210697e-24
   9.9403761e+01   8.7225570e-24
   9.9632987e+01   8.7240396e-24
   9.9862741e+01   8.7255176e-24
   1.0009303e+02   8.7269909e-24
   1.0032384e+02   8.7284595e-24
   1.0055519e+02   8.7299236e-24
   1.0078707e+02   8.7313832e-24
   1.0101948e+02   8.7328382e-24
   1.0125244e+02   8.7342888e-24
   1.0148593e+02   8.7357349e-24
   1.0171995e+02   8.7371765e-24
   1.0195452e+02   8.7386138e-24
   1.0218963e+02   8.7400467e-24
   1.0242528e+02   8.7414753e-24
   1.0266147e+02   8.7428996e-24
   1.0289821e+02   8.7443196e-24
   1.0313549e+02   8.7457354e-24
   1.0337332e+02   8.7471470e-24
   1.0361170e+02   8.7485544e-24
   1.0385063e+02   8.7499577e-24
   1.0409011e+02   8.7513569e-24
   1.0433015e+02   8.7527520e-24
   1.0457073e+02   8.7541430e-24
   1.0481187e+02   8.7555301e-24
   1.0505357e+02   8.7569131e-24
   1.0529582e+02   8.7582922e-24
   1.0553864e+02   8.7596674e-24
   1.0578201e+02   8.7610387e-24
   1.0602594e+02   8.7624061e-24
   1.0627044e+02   8.7637697e-24
   1.0651550e+02   8.7651295e-24
   1.0676113e+02   8.7664855e-24
   1.0700732e+02   8.7678379e-24
   1.0725408e+02   8.7691865e-24
   1.0750141e+02   8.7705314e-24
   1.0774931e+02   8.7718727e-24
   1.0799778e+02   8.7732104e-24
   1.0824682e+02   8.7745445e-24
   1.0849644e+02   8.7758751e-24
   1.0874663e+02   8.7772021e-24
   1.0899740e+02   8.7785257e-24
   1.0924875e+02   8.7798458e-24
   1.0950068e+02   8.7811625e-24
   1.0975319e+02   8.7824758e-24
   1.1000628e+02   8.7837857e-24
   1.1025996e+02   8.7850924e-24
   1.1051422e+02   8.7863957e-24
   1.1076906e+02   8.7876957e-24
   1.1102450e+02   8.7889925e-24
   1.1128052e+02   8.7902862e-24
   1.1153714e+02   8.7915766e-24
   1.1179434e+02   8.7928639e-24
   1.1205214e+02   8.7941481e-24
   1.1231053e+02   8.7954292e-24
   1.1256952e+02   8.7967073e-24
   1.1282911e+02   8.7979823e-24
   1.1308929e+02   8.7992544e-24
   1.1335008e+02   8.8005235e-24
   1.1361146e+02   8.8017896e-24
   1.1387345e+02   8.8030529e-24
   1.1413605e+02   8.8043133e-24
   1.1439924e+02   8.8055709e-24
   1.1466305e+02   8.8068257e-24
   1.1492746e+02   8.8080777e-24
   1.1519249e+02   8.8093270e-24
   1.1545812e+02   8.8105736e-24
   1.1572437e+02   8.8118174e-24
   1.1599123e+02   8.8130587e-24
   1.1625871e+02   8.8142973e-24
   1.1652680e+02   8.8155333e-24
   1.1679551e+02   8.8167668e-24
   1.1706484e+02   8.8179978e-24
   1.1733480e+02   8.8192262e-24
   1.1760537e+02   8.8204522e-24
   1.1787657e+02   8.8216758e-24
   1.1814839e+02   8.8228969e-24
   1.1842085e+02   8.8241157e-24
   1.1869392e+02   8.8253321e-24
   1.1896763e+02   8.8265463e-24
   1.1924197e+02   8.8277581e-24
   1.1951695e+02   8.8289677e-24
   1.1979255e+02   8.8301751e-24
   1.2006880e+02   8.8313803e-24
   1.2034568e+02   8.8325833e-24
   1.2062319e+02   8.8337843e-24
   1.2090135e+02   8.8349831e-24
   1.2118015e+02   8.8361798e-24
   1.2145959e+02   8.8373745e-24
   1.2173968e+02   8.8385672e-24
   1.2202041e+02   8.8397580e-24
   1.2230179e+02   8.8409467e-24
   1.2258382e+02   8.8421336e-24
   1.2286650e+02   8.8433186e-24
   1.2314983e+02   8.8445017e-24
   1.2343382e+02   8.8456830e-24
   1.2371846e+02   8.8468625e-24
   1.2400375e+02   8.8480403e-24
   1.2428971e+02   8.8492163e-24
   1.2457632e+02   8.8503906e-24
   1.2486359e+02   8.8515632e-24
   1.2515153e+02   8.8527342e-24
   1.2544013e+02   8.8539036e-24
   1.2572940e+02   8.8550714e-24
   1.2601933e+02   8.8562377e-24
   1.2630993e+02   8.8574024e-24
   1.2660120e+02   8.8585657e-24
   1.2689314e+02   8.8597274e-24
   1.2718576e+02   8.8608878e-24
   1.2747905e+02   8.8620467e-24
   1.2777302e+02   8.8632043e-24
   1.2806767e+02   8.8643606e-24
   1.2836299e+02   8.8655155e-24
   1.2865900e+02   8.8666691e-24
   1.2895569e+02   8.8678215e-24
   1.2925306e+02   8.8689727e-24
   1.2955112e+02   8.8701227e-24
   1.2984986e+02   8.8712716e-24
   1.3014930e+02   8.8724193e-24
   1.3044942e+02   8.8735659e-24
   1.3075024e+02   8.8747114e-24
   1.3105175e+02   8.8758559e-24
   1.3135396e+02   8.8769994e-24
   1.3165686e+02   8.8781419e-24
   1.3196046e+02   8.8792834e-24
   1.3226476e+02   8.8804241e-24
   1.3256977e+02   8.8815638e-24
   1.3287547e+02   8.8827027e-24
   1.3318189e+02   8.8838408e-24
   1.3348901e+02   8.8849780e-24
   1.3379683e+02   8.8861145e-24
   1.3410537e+02   8.8872503e-24
   1.3441462e+02   8.8883853e-24
   1.3472458e+02   8.8895197e-24
   1.3503525e+02   8.8906534e-24
   1.3534665e+02   8.8917865e-24
   1.3565876e+02   8.8929190e-24
   1.3597159e+02   8.8940510e-24
   1.3628514e+02   8.8951824e-24
   1.3659941e+02   8.8963133e-24
   1.3691441e+02   8.8974438e-24
   1.3723014e+02   8.8985738e-24
   1.3754659e+02   8.8997034e-24
   1.3786377e+02   8.9008326e-24
   1.3818169e+02   8.9019615e-24
   1.3850034e+02   8.9030900e-24
   1.3881972e+02   8.9042183e-24
   1.3913984e+02   8.9053463e-24
   1.3946070e+02   8.9064740e-24
   1.3978229e+02   8.9076016e-24
   1.4010463e+02   8.9087290e-24
   1.4042772e+02   8.9098563e-24
   1.4075154e+02   8.9109834e-24
   1.4107612e+02   8.9121105e-24
   1.4140144e+02   8.9132375e-24
   1.4172751e+02   8.9143645e-24
   1.4205434e+02   8.9154915e-24
   1.4238192e+02   8.9166185e-24
   1.4271025e+02   8.9177456e-24
   1.4303934e+02   8.9188729e-24
   1.4336919e+02   8.9200002e-24
   1.4369980e+02   8.9211277e-24
   1.4403117e+02   8.9222554e-24
   1.4436331e+02   8.9233833e-24
   1.4469621e+02   8.9245114e-24
   1.4502988e+02   8.9256399e-24
   1.4536432e+02   8.9267686e-24
   1.4569954e+02   8.9278977e-24
   1.4603552e+02   8.9290271e-24
   1.4637228e+02   8.9301570e-24
   1.4670981e+02   8.9312872e-24
   1.4704813e+02   8.9324180e-24
   1.4738722e+02   8.9335492e-24
   1.4772710e+02   8.9346809e-24
   1.4806776e+02   8.9358132e-24
   1.4840920e+02   8.9369461e-24
   1.4875144e+02   8.9380796e-24
   1.4909446e+02   8.9392137e-24
   1.4943827e+02   8.9403484e-24
   1.4978288e+02   8.9414839e-24
   1.5012828e+02   8.9426201e-24
   1.5047447e+02   8.9437571e-24
   1.5082147e+02   8.9448948e-24
   1.5116927e+02   8.9460334e-24
   1.5151786e+02   8.9471728e-24
   1.5186726e+02   8.9483131e-24
   1.5221747e+02   8.9494543e-24
   1.5256849e+02   8.9505965e-24
   1.5292031e+02   8.9517396e-24
   1.5327295e+02   8.9528837e-24
   1.5362639e+02   8.9540289e-24
   1.5398066e+02   8.9551751e-24
   1.5433574e+02   8.9563224e-24
   1.5469164e+02   8.9574708e-24
   1.5504836e+02   8.9586204e-24
   1.5540590e+02   8.9597711e-24
   1.5576427e+02   8.9609231e-24
   1.5612346e+02   8.9620763e-24
   1.5648348e+02   8.9632307e-24
   1.5684434e+02   8.9643865e-24
   1.5720602e+02   8.9655436e-24
   1.5756854e+02   8.9667021e-24
   1.5793189e+02   8.9678620e-24
   1.5829608e+02   8.9690233e-24
   1.5866112e+02   8.9701860e-24
   1.5902699e+02   8.9713502e-24
   1.5939371e+02   8.9725160e-24
   1.5976127e+02   8.9736833e-24
   1.6012968e+02   8.9748521e-24
   1.6049894e+02   8.9760226e-24
   1.6086905e+02   8.9771947e-24
   1.6124002e+02   8.9783685e-24
   1.6161184e+02   8.9795439e-24
   1.6198452e+02   8.9807212e-24
   1.6235805e+02   8.9819001e-24
   1.6273245e+02   8.9830809e-24
   1.6310772e+02   8.9842634e-24
   1.6348384e+02   8.9854479e-24
   1.6386084e+02   8.9866342e-24
   1.6423870e+02   8.9878224e-24
   1.6461744e+02   8.9890126e-24
   1.6499705e+02   8.9902047e-24
   1.6537753e+02   8.9913989e-24
   1.6575889e+02   8.9925950e-24
   1.6614114e+02   8.9937933e-24
   1.6652426e+02   8.9949936e-24
   1.6690826e+02   8.9961961e-24
   1.6729316e+02   8.9974008e-24
   1.6767894e+02   8.9986076e-24
   1.6806560e+02   8.9998167e-24
   1.6845316e+02   9.0010280e-24
   1.6884162e+02   9.0022416e-24
   1.6923097e+02   9.0034575e-24
   1.6962122e+02   9.0046757e-24
   1.7001236e+02   9.0058964e-24
   1.7040441e+02   9.0071194e-24
   1.7079737e+02   9.0083449e-24
   1.7119123e+02   9.0095729e-24
   1.7158600e+02   9.0108033e-24
   1.7198168e+02   9.0120363e-24
   1.7237827e+02   9.0132719e-24
   1.7277577e+02   9.0145101e-24
   1.7317419e+02   9.0157509e-24
   1.7357354e+02   9.0169943e-24
   1.7397380e+02   9.0182405e-24
   1.7437498e+02   9.0194893e-24
   1.7477709e+02   9.0207410e-24
   1.7518013e+02   9.0219954e-24
   1.7558410e+02   9.0232526e-24
   1.7598899e+02   9.0245127e-24
   1.7639483e+02   9.0257757e-24
   1.7680159e+02   9.0270416e-24
   1.7720930e+02   9.0283104e-24
   1.7761795e+02   9.0295822e-24
   1.7802753e+02   9.0308571e-24
   1.7843807e+02   9.0321349e-24
   1.7884955e+02   9.0334159e-24
   1.7926198e+02   9.0346999e-24
   1.7967535e+02   9.0359871e-24
   1.8008969e+02   9.0372775e-24
   1.8050498e+02   9.0385711e-24
   1.8092122e+02   9.0398679e-24
   1.8133843e+02   9.0411680e-24
   1.8175659e+02   9.0424713e-24
   1.8217573e+02   9.0437780e-24
   1.8259583e+02   9.0450881e-24
   1.8301689e+02   9.0464016e-24
   1.8343893e+02   9.0477185e-24
   1.8386194e+02   9.0490389e-24
   1.8428593e+02   9.0503627e-24
   1.8471089e+02   9.0516901e-24
   1.8513684e+02   9.0530211e-24
   1.8556377e+02   9.0543556e-24
   1.8599168e+02   9.0556938e-24
   1.8642058e+02   9.0570357e-24
   1.8685046e+02   9.0583812e-24
   1.8728134e+02   9.0597305e-24
   1.8771321e+02   9.0610835e-24
   1.8814608e+02   9.0624403e-24
   1.8857995e+02   9.0638010e-24
   1.8901482e+02   9.0651655e-24
   1.8945068e+02   9.0665339e-24
   1.8988756e+02   9.0679062e-24
   1.9032544e+02   9.0692825e-24
   1.9076433e+02   9.0706627e-24
   1.9120424e+02   9.0720470e-24
   1.9164516e+02   9.0734354e-24
   1.9208709e+02   9.0748279e-24
   1.9253005e+02   9.0762245e-24
   1.9297402e+02   9.0776252e-24
   1.9341902e+02   9.0790302e-24
   1.9386505e+02   9.0804393e-24
   1.9431210e+02   9.0818528e-24
   1.9476019e+02   9.0832705e-24
   1.9520930e+02   9.0846926e-24
   1.9565946e+02   9.0861190e-24
   1.9611065e+02   9.0875498e-24
   1.9656288e+02   9.0889851e-24
   1.9701616e+02   9.0904248e-24
   1.9747048e+02   9.0918691e-24
   1.9792585e+02   9.0933179e-24
   1.9838227e+02   9.0947712e-24
   1.9883974e+02   9.0962292e-24
   1.9929826e+02   9.0976918e-24
   1.9975785e+02   9.0991590e-24
   2.0021849e+02   9.1006310e-24
   2.0068020e+02   9.1021078e-24
   2.0114297e+02   9.1035893e-24
   2.0160680e+02   9.1050756e-24
   2.0207171e+02   9.1065668e-24
   2.0253769e+02   9.1080629e-24
   2.0300474e+02   9.1095639e-24
   2.0347287e+02   9.1110698e-24
   2.0394208e+02   9.1125807e-24
   2.0441237e+02   9.1140967e-24
   2.0488375e+02   9.1156177e-24
   2.0535621e+02   9.1171439e-24
   2.0582977e+02   9.1186751e-24
   2.0630441e+02   9.1202116e-24
   2.0678015e+02   9.1217532e-24
   2.0725699e+02   9.1233001e-24
   2.0773492e+02   9.1248523e-24
   2.0821396e+02   9.1264097e-24
   2.0869411e+02   9.1279726e-24
   2.0917536e+02   9.1295408e-24
   2.0965772e+02   9.1311144e-24
   2.1014119e+02   9.1326935e-24
   2.1062578e+02   9.1342781e-24
   2.1111148e+02   9.1358682e-24
   2.1159831e+02   9.1374639e-24
   2.1208625e+02   9.1390652e-24
   2.1257533e+02   9.1406721e-24
   2.1306553e+02   9.1422847e-24
   2.1355686e+02   9.1439031e-24
   2.1404932e+02   9.1455272e-24
   2.1454292e+02   9.1471570e-24
   2.1503766e+02   9.1487927e-24
   2.1553354e+02   9.1504343e-24
   2.1603056e+02   9.1520818e-24
   2.1652873e+02   9.1537352e-24
   2.1702804e+02   9.1553946e-24
   2.1752851e+02   9.1570600e-24
   2.1803013e+02   9.1587314e-24
   2.1853291e+02   9.1604089e-24
   2.1903685e+02   9.1620926e-24
   2.1954195e+02   9.1637824e-24
   2.2004822e+02   9.1654785e-24
   2.2055565e+02   9.1671808e-24
   2.2106425e+02   9.1688893e-24
   2.2157403e+02   9.1706042e-24
   2.2208498e+02   9.1723254e-24
   2.2259711e+02   9.1740530e-24
   2.2311042e+02   9.1757871e-24
   2.2362491e+02   9.1775276e-24
   2.2414060e+02   9.1792747e-24
   2.2465747e+02   9.1810283e-24
   2.2517553e+02   9.1827885e-24
   2.2569478e+02   9.1845553e-24
   2.2621524e+02   9.1863287e-24
   2.2673689e+02   9.1881089e-24
   2.2725975e+02   9.1898959e-24
   2.2778381e+02   9.1916896e-24
   2.2830908e+02   9.1934901e-24
   2.2883556e+02   9.1952975e-24
   2.2936326e+02   9.1971118e-24
   2.2989217e+02   9.1989331e-24
   2.3042231e+02   9.2007613e-24
   2.3095366e+02   9.2025966e-24
   2.3148624e+02   9.2044389e-24
   2.3202005e+02   9.2062883e-24
   2.3255509e+02   9.2081449e-24
   2.3309137e+02   9.2100087e-24
   2.3362888e+02   9.2118796e-24
   2.3416763e+02   9.2137579e-24
   2.3470762e+02   9.2156435e-24
   2.3524886e+02   9.2175364e-24
   2.3579134e+02   9.2194366e-24
   2.3633508e+02   9.2213444e-24
   2.3688007e+02   9.2232596e-24
   2.3742632e+02   9.2251823e-24
   2.3797382e+02   9.2271125e-24
   2.3852259e+02   9.2290504e-24
   2.3907263e+02   9.2309959e-24
   2.3962393e+02   9.2329490e-24
   2.4017651e+02   9.2349099e-24
   2.4073036e+02   9.2368786e-24
   2.4128548e+02   9.2388550e-24
   2.4184189e+02   9.2408393e-24
   2.4239958e+02   9.2428315e-24
   2.4295855e+02   9.2448316e-24
   2.4351882e+02   9.2468397e-24
   2.4408037e+02   9.2488558e-24
   2.4464322e+02   9.2508800e-24
   2.4520737e+02   9.2529122e-24
   2.4577282e+02   9.2549526e-24
   2.4633958e+02   9.2570012e-24
   2.4690764e+02   9.2590581e-24
   2.4747701e+02   9.2611232e-24
   2.4804769e+02   9.2631966e-24
   2.4861969e+02   9.2652784e-24
   2.4919301e+02   9.2673685e-24
   2.4976765e+02   9.2694672e-24
   2.5034362e+02   9.2715743e-24
   2.5092091e+02   9.2736899e-24
   2.5149954e+02   9.2758142e-24
   2.5207950e+02   9.2779470e-24
   2.5266080e+02   9.2800885e-24
   2.5324343e+02   9.2822388e-24
   2.5382742e+02   9.2843978e-24
   2.5441274e+02   9.2865656e-24
   2.5499942e+02   9.2887422e-24
   2.5558745e+02   9.2909277e-24
   2.5617684e+02   9.2931222e-24
   2.5676758e+02   9.2953257e-24
   2.5735969e+02   9.2975381e-24
   2.5795317e+02   9.2997597e-24
   2.5854801e+02   9.3019904e-24
   2.5914422e+02   9.3042302e-24
   2.5974181e+02   9.3064792e-24
   2.6034078e+02   9.3087375e-24
   2.6094112e+02   9.3110051e-24
   2.6154286e+02   9.3132821e-24
   2.6214598e+02   9.3155684e-24
   2.6275049e+02   9.3178642e-24
   2.6335639e+02   9.3201694e-24
   2.6396369e+02   9.3224842e-24
   2.6457240e+02   9.3248086e-24
   2.6518250e+02   9.3271426e-24
   2.6579401e+02   9.3294863e-24
   2.6640694e+02   9.3318397e-24
   2.6702127e+02   9.3342029e-24
   2.6763703e+02   9.3365759e-24
   2.6825420e+02   9.3389587e-24
   2.6887280e+02   9.3413515e-24
   2.6949282e+02   9.3437542e-24
   2.7011427e+02   9.3461669e-24
   2.7073716e+02   9.3485897e-24
   2.7136148e+02   9.3510226e-24
   2.7198724e+02   9.3534656e-24
   2.7261444e+02   9.3559189e-24
   2.7324310e+02   9.3583823e-24
   2.7387320e+02   9.3608561e-24
   2.7450475e+02   9.3633403e-24
   2.7513776e+02   9.3658348e-24
   2.7577223e+02   9.3683398e-24
   2.7640816e+02   9.3708552e-24
   2.7704556e+02   9.3733813e-24
   2.7768443e+02   9.3759179e-24
   2.7832477e+02   9.3784651e-24
   2.7896659e+02   9.3810231e-24
   2.7960989e+02   9.3835918e-24
   2.8025467e+02   9.3861712e-24
   2.8090094e+02   9.3887616e-24
   2.8154870e+02   9.3913628e-24
   2.8219796e+02   9.3939750e-24
   2.8284871e+02   9.3965981e-24
   2.8350096e+02   9.3992324e-24
   2.8415471e+02   9.4018777e-24
   2.8480998e+02   9.4045341e-24
   2.8546675e+02   9.4072018e-24
   2.8612504e+02   9.4098807e-24
   2.8678485e+02   9.4125710e-24
   2.8744617e+02   9.4152725e-24
   2.8810903e+02   9.4179855e-24
   2.8877341e+02   9.4207100e-24
   2.8943932e+02   9.4234459e-24
   2.9010677e+02   9.4261935e-24
   2.9077576e+02   9.4289526e-24
   2.9144629e+02   9.4317234e-24
   2.9211837e+02   9.4345060e-24
   2.9279200e+02   9.4373003e-24
   2.9346718e+02   9.4401064e-24
   2.9414391e+02   9.4429244e-24
   2.9482221e+02   9.4457544e-24
   2.9550207e+02   9.4485964e-24
   2.9618350e+02   9.4514504e-24
   2.9686651e+02   9.4543165e-24
   2.9755108e+02   9.4571947e-24
   2.9823724e+02   9.4600852e-24
   2.9892498e+02   9.4629879e-24
   2.9961430e+02   9.4659029e-24
   3.0030521e+02   9.4688303e-24
   3.0099772e+02   9.4717701e-24
   3.0169182e+02   9.4747224e-24
   3.0238752e+02   9.4776873e-24
   3.0308483e+02   9.4806647e-24
   3.0378375e+02   9.4836548e-24
   3.0448428e+02   9.4866576e-24
   3.0518642e+02   9.4896731e-24
   3.0589018e+02   9.4927015e-24
   3.0659557e+02   9.4957427e-24
   3.0730258e+02   9.4987968e-24
   3.0801122e+02   9.5018639e-24
   3.0872150e+02   9.5049441e-24
   3.0943341e+02   9.5080374e-24
   3.1014697e+02   9.5111438e-24
   3.1086217e+02   9.5142634e-24
   3.1157902e+02   9.5173963e-24
   3.1229752e+02   9.5205425e-24
   3.1301768e+02   9.5237021e-24
   3.1373950e+02   9.5268752e-24
   3.1446299e+02   9.5300617e-24
   3.1518814e+02   9.5332618e-24
   3.1591497e+02   9.5364755e-24
   3.1664347e+02   9.5397029e-24
   3.1737365e+02   9.5429440e-24
   3.1810552e+02   9.5461989e-24
   3.1883907e+02   9.5494677e-24
   3.1957432e+02   9.5527503e-24
   3.2031126e+02   9.5560470e-24
   3.2104990e+02   9.5593576e-24
   3.2179024e+02   9.5626824e-24
   3.2253229e+02   9.5660213e-24
   3.2327606e+02   9.5693744e-24
   3.2402153e+02   9.5727418e-24
   3.2476873e+02   9.5761235e-24
   3.2551765e+02   9.5795195e-24
   3.2626829e+02   9.5829301e-24
   3.2702067e+02   9.5863551e-24
   3.2777478e+02   9.5897947e-24
   3.2853063e+02   9.5932490e-24
   3.2928823e+02   9.5967179e-24
   3.3004757e+02   9.6002016e-24
   3.3080866e+02   9.6037001e-24
   3.3157151e+02   9.6072135e-24
   3.3233612e+02   9.6107418e-24
   3.3310249e+02   9.6142852e-24
   3.3387062e+02   9.6178436e-24
   3.3464053e+02   9.6214171e-24
   3.3541221e+02   9.6250058e-24
   3.3618568e+02   9.6286098e-24
   3.3696092e+02   9.6322290e-24
   3.3773796e+02   9.6358637e-24
   3.3851679e+02   9.6395138e-24
   3.3929741e+02   9.6431794e-24
   3.4007983e+02   9.6468606e-24
   3.4086406e+02   9.6505574e-24
   3.4165009e+02   9.6542700e-24
   3.4243794e+02   9.6579982e-24
   3.4322760e+02   9.6617424e-24
   3.4401909e+02   9.6655024e-24
   3.4481240e+02   9.6692783e-24
   3.4560754e+02   9.6730703e-24
   3.4640451e+02   9.6768784e-24
   3.4720333e+02   9.6807026e-24
   3.4800398e+02   9.6845431e-24
   3.4880648e+02   9.6883998e-24
   3.4961083e+02   9.6922729e-24
   3.5041703e+02   9.6961624e-24
   3.5122510e+02   9.7000684e-24
   3.5203503e+02   9.7039909e-24
   3.5284682e+02   9.7079301e-24
   3.5366049e+02   9.7118859e-24
   3.5447603e+02   9.7158585e-24
   3.5529346e+02   9.7198479e-24
   3.5611277e+02   9.7238543e-24
   3.5693397e+02   9.7278775e-24
   3.5775706e+02   9.7319178e-24
   3.5858205e+02   9.7359752e-24
   3.5940894e+02   9.7400497e-24
   3.6023774e+02   9.7441415e-24
   3.6106845e+02   9.7482505e-24
   3.6190108e+02   9.7523769e-24
   3.6273563e+02   9.7565208e-24
   3.6357210e+02   9.7606821e-24
   3.6441050e+02   9.7648611e-24
   3.6525083e+02   9.7690577e-24
   3.6609310e+02   9.7732719e-24
   3.6693731e+02   9.7775040e-24
   3.6778347e+02   9.7817539e-24
   3.6863159e+02   9.7860218e-24
   3.6948165e+02   9.7903076e-24
   3.7033368e+02   9.7946116e-24
   3.7118767e+02   9.7989336e-24
   3.7204364e+02   9.8032739e-24
   3.7290157e+02   9.8076324e-24
   3.7376148e+02   9.8120093e-24
   3.7462338e+02   9.8164046e-24
   3.7548727e+02   9.8208184e-24
   3.7635314e+02   9.8252508e-24
   3.7722102e+02   9.8297018e-24
   3.7809089e+02   9.8341715e-24
   3.7896277e+02   9.8386600e-24
   3.7983666e+02   9.8431674e-24
   3.8071257e+02   9.8476937e-24
   3.8159049e+02   9.8522390e-24
   3.8247044e+02   9.8568034e-24
   3.8335242e+02   9.8613869e-24
   3.8423644e+02   9.8659897e-24
   3.8512249e+02   9.8706117e-24
   3.8601059e+02   9.8752532e-24
   3.8690073e+02   9.8799141e-24
   3.8779292e+02   9.8845945e-24
   3.8868718e+02   9.8892945e-24
   3.8958349e+02   9.8940142e-24
   3.9048188e+02   9.8987537e-24
   3.9138233e+02   9.9035129e-24
   3.9228486e+02   9.9082921e-24
   3.9318947e+02   9.9130913e-24
   3.9409617e+02   9.9179105e-24
   3.9500496e+02   9.9227499e-24
   3.9591584e+02   9.9276094e-24
   3.9682883e+02   9.9324893e-24
   3.9774392e+02   9.9373895e-24
   3.9866112e+02   9.9423102e-24
   3.9958044e+02   9.9472514e-24
   4.0050187e+02   9.9522132e-24
   4.0142543e+02   9.9571957e-24
   4.0235112e+02   9.9621989e-24
   4.0327895e+02   9.9672230e-24
   4.0420891e+02   9.9722680e-24
   4.0514102e+02   9.9773340e-24
   4.0607528e+02   9.9824211e-24
   4.0701169e+02   9.9875293e-24
   4.0795026e+02   9.9926587e-24
   4.0889100e+02   9.9978095e-24
   4.0983390e+02   1.0002982e-23
   4.1077898e+02   1.0008175e-23
   4.1172624e+02   1.0013391e-23
   4.1267569e+02   1.0018627e-23
   4.1362732e+02   1.0023886e-23
   4.1458115e+02   1.0029167e-23
   4.1553718e+02   1.0034469e-23
   4.1649541e+02   1.0039793e-23
   4.1745585e+02   1.0045140e-23
   4.1841851e+02   1.0050508e-23
   4.1938338e+02   1.0055899e-23
   4.2035048e+02   1.0061312e-23
   4.2131982e+02   1.0066747e-23
   4.2229138e+02   1.0072205e-23
   4.2326519e+02   1.0077686e-23
   4.2424124e+02   1.0083189e-23
   4.2521955e+02   1.0088715e-23
   4.2620010e+02   1.0094264e-23
   4.2718293e+02   1.0099836e-23
   4.2816801e+02   1.0105431e-23
   4.2915537e+02   1.0111048e-23
   4.3014501e+02   1.0116690e-23
   4.3113692e+02   1.0122354e-23
   4.3213113e+02   1.0128042e-23
   4.3312763e+02   1.0133753e-23
   4.3412642e+02   1.0139488e-23
   4.3512752e+02   1.0145247e-23
   4.3613093e+02   1.0151030e-23
   4.3713665e+02   1.0156836e-23
   4.3814469e+02   1.0162667e-23
   4.3915506e+02   1.0168522e-23
   4.4016775e+02   1.0174400e-23
   4.4118278e+02   1.0180304e-23
   4.4220015e+02   1.0186232e-23
   4.4321987e+02   1.0192184e-23
   4.4424194e+02   1.0198162e-23
   4.4526636e+02   1.0204164e-23
   4.4629315e+02   1.0210191e-23
   4.4732231e+02   1.0216244e-23
   4.4835383e+02   1.0222322e-23
   4.4938774e+02   1.0228426e-23
   4.5042403e+02   1.0234556e-23
   4.5146271e+02   1.0240712e-23
   4.5250379e+02   1.0246894e-23
   4.5354727e+02   1.0253103e-23
   4.5459315e+02   1.0259339e-23
   4.5564145e+02   1.0265603e-23
   4.5669216e+02   1.0271895e-23
   4.5774529e+02   1.0278215e-23
   4.5880086e+02   1.0284565e-23
   4.5985886e+02   1.0290945e-23
   4.6091930e+02   1.0297357e-23
   4.6198218e+02   1.0303801e-23
   4.6304751e+02   1.0310281e-23
   4.6411530e+02   1.0316798e-23
   4.6518556e+02   1.0323355e-23
   4.6625828e+02   1.0329959e-23
   4.6733347e+02   1.0336614e-23
   4.6841115e+02   1.0343332e-23
   4.6949131e+02   1.0350127e-23
   4.7057396e+02   1.0357023e-23
   4.7165911e+02   1.0364059e-23
   4.7274676e+02   1.0371305e-23
   4.7383691e+02   1.0378892e-23
   4.7492958e+02   1.0387094e-23
   4.7602478e+02   1.0396574e-23
   4.7712249e+02   1.0409269e-23
   4.7822274e+02   1.0433135e-23
   4.7932553e+02   1.0534998e-23
   4.8043085e+02   4.1790992e-23
   4.8153873e+02   1.0528420e-23
   4.8264916e+02   1.0457011e-23
   4.8376216e+02   1.0448879e-23
   4.8487772e+02   1.0450517e-23
   4.8599585e+02   1.0455035e-23
   4.8711656e+02   1.0460711e-23
   4.8823985e+02   1.0466949e-23
   4.8936574e+02   1.0473499e-23
   4.9049422e+02   1.0480242e-23
   4.9162530e+02   1.0487117e-23
   4.9275899e+02   1.0494086e-23
   4.9389530e+02   1.0501129e-23
   4.9503423e+02   1.0508233e-23
   4.9617578e+02   1.0515388e-23
   4.9731996e+02   1.0522589e-23
   4.9846679e+02   1.0529832e-23
   4.9961626e+02   1.0537114e-23
   5.0076837e+02   1.0544433e-23
   5.0192315e+02   1.0551786e-23
   5.0308059e+02   1.0559174e-23
   5.0424070e+02   1.0566596e-23
   5.0540348e+02   1.0574050e-23
   5.0656894e+02   1.0581536e-23
   5.0773710e+02   1.0589054e-23
   5.0890794e+02   1.0596604e-23
   5.1008149e+02   1.0604185e-23
   5.1125774e+02   1.0611798e-23
   5.1243670e+02   1.0619442e-23
   5.1361839e+02   1.0627117e-23
   5.1480279e+02   1.0634823e-23
   5.1598993e+02   1.0642560e-23
   5.1717981e+02   1.0650328e-23
   5.1837243e+02   1.0658127e-23
   5.1956780e+02   1.0665958e-23
   5.2076593e+02   1.0673819e-23
   5.2196682e+02   1.0681712e-23
   5.2317048e+02   1.0689636e-23
   5.2437691e+02   1.0697592e-23
   5.2558613e+02   1.0705579e-23
   5.2679814e+02   1.0713598e-23
   5.2801294e+02   1.0721648e-23
   5.2923054e+02   1.0729730e-23
   5.3045095e+02   1.0737843e-23
   5.3167417e+02   1.0745988e-23
   5.3290022e+02   1.0754166e-23
   5.3412909e+02   1.0762375e-23
   5.3536079e+02   1.0770616e-23
   5.3659534e+02   1.0778890e-23
   5.3783273e+02   1.0787196e-23
   5.3907298e+02   1.0795534e-23
   5.4031609e+02   1.0803905e-23
   5.4156206e+02   1.0812308e-23
   5.4281090e+02   1.0820744e-23
   5.4406263e+02   1.0829213e-23
   5.4531724e+02   1.0837714e-23
   5.4657475e+02   1.0846249e-23
   5.4783515e+02   1.0854816e-23
   5.4909847e+02   1.0863417e-23
   5.5036469e+02   1.0872051e-23
   5.5163384e+02   1.0880719e-23
   5.5290591e+02   1.0889420e-23
   5.5418091e+02   1.0898154e-23
   5.5545886e+02   1.0906923e-23
   5.5673975e+02   1.0915725e-23
   5.5802360e+02   1.0924560e-23
   5.5931040e+02   1.0933430e-23
   5.6060018e+02   1.0942334e-23
   5.6189293e+02   1.0951273e-23
   5.6318866e+02   1.0960245e-23
   5.6448737e+02   1.0969252e-23
   5.6578909e+02   1.0978294e-23
   5.6709380e+02   1.0987370e-23
   5.6840152e+02   1.0996481e-23
   5.6971226e+02   1.1005627e-23
   5.7102602e+02   1.1014807e-23
   5.7234281e+02   1.1024023e-23
   5.7366264e+02   1.1033274e-23
   5.7498551e+02   1.1042561e-23
   5.7631143e+02   1.1051882e-23
   5.7764041e+02   1.1061240e-23
   5.7897245e+02   1.1070632e-23
   5.8030757e+02   1.1080061e-23
   5.8164576e+02   1.1089525e-23
   5.8298704e+02   1.1099026e-23
   5.8433141e+02   1.1108562e-23
   5.8567889e+02   1.1118135e-23
   5.8702947e+02   1.1127744e-23
   5.8838316e+02   1.1137389e-23
   5.8973998e+02   1.1147071e-23
   5.9109992e+02   1.1156789e-23
   5.9246300e+02   1.1166544e-23
   5.9382923e+02   1.1176336e-23
   5.9519860e+02   1.1186165e-23
   5.9657113e+02   1.1196031e-23
   5.9794683e+02   1.1205934e-23
   5.9932570e+02   1.1215875e-23
   6.0070775e+02   1.1225853e-23
   6.0209299e+02   1.1235868e-23
   6.0348142e+02   1.1245921e-23
   6.0487305e+02   1.1256012e-23
   6.0626789e+02   1.1266140e-23
   6.0766595e+02   1.1276307e-23
   6.0906723e+02   1.1286512e-23
   6.1047175e+02   1.1296755e-23
   6.1187950e+02   1.1307036e-23
   6.1329050e+02   1.1317356e-23
   6.1470475e+02   1.1327714e-23
   6.1612226e+02   1.1338111e-23
   6.1754305e+02   1.1348546e-23
   6.1896711e+02   1.1359021e-23
   6.2039445e+02   1.1369534e-23
   6.2182508e+02   1.1380087e-23
   6.2325902e+02   1.1390679e-23
   6.2469626e+02   1.1401310e-23
   6.2613681e+02   1.1411981e-23
   6.2758069e+02   1.1422692e-23
   6.2902789e+02   1.1433442e-23
   6.3047844e+02   1.1444232e-23
   6.3193232e+02   1.1455061e-23
   6.3338957e+02   1.1465931e-23
   6.3485017e+02   1.1476842e-23
   6.3631414e+02   1.1487792e-23
   6.3778148e+02   1.1498783e-23
   6.3925221e+02   1.1509814e-23
   6.4072633e+02   1.1520886e-23
   6.4220385e+02   1.1531999e-23
   6.4368478e+02   1.1543153e-23
   6.4516912e+02   1.1554348e-23
   6.4665688e+02   1.1565584e-23
   6.4814808e+02   1.1576861e-23
   6.4964271e+02   1.1588179e-23
   6.5114080e+02   1.1599540e-23
   6.5264233e+02   1.1610941e-23
   6.5414733e+02   1.1622385e-23
   6.5565580e+02   1.1633870e-23
   6.5716775e+02   1.1645397e-23
   6.5868318e+02   1.1656967e-23
   6.6020211e+02   1.1668578e-23
   6.6172454e+02   1.1680232e-23
   6.6325048e+02   1.1691929e-23
   6.6477994e+02   1.1703668e-23
   6.6631293e+02   1.1715449e-23
   6.6784945e+02   1.1727274e-23
   6.6938952e+02   1.1739141e-23
   6.7093314e+02   1.1751052e-23
   6.7248031e+02   1.1763006e-23
   6.7403106e+02   1.1775003e-23
   6.7558538e+02   1.1787044e-23
   6.7714328e+02   1.1799128e-23
   6.7870478e+02   1.1811256e-23
   6.8026988e+02   1.1823427e-23
   6.8183859e+02   1.1835643e-23
   6.8341091e+02   1.1847903e-23
   6.8498686e+02   1.1860207e-23
   6.8656645e+02   1.1872555e-23
   6.8814967e+02   1.1884948e-23
   6.8973655e+02   1.1897385e-23
   6.9132709e+02   1.1909867e-23
   6.9292130e+02   1.1922394e-23
   6.9451918e+02   1.1934965e-23
   6.9612074e+02   1.1947582e-23
   6.9772600e+02   1.1960244e-23
   6.9933497e+02   1.1972952e-23
   7.0094764e+02   1.1985704e-23
   7.0256403e+02   1.1998503e-23
   7.0418415e+02   1.2011347e-23
   7.0580800e+02   1.2024237e-23
   7.0743560e+02   1.2037173e-23
   7.0906695e+02   1.2050155e-23
   7.1070206e+02   1.2063183e-23
   7.1234095e+02   1.2076258e-23
   7.1398361e+02   1.2089379e-23
   7.1563006e+02   1.2102546e-23
   7.1728031e+02   1.2115761e-23
   7.1893437e+02   1.2129022e-23
   7.2059223e+02   1.2142330e-23
   7.2225393e+02   1.2155685e-23
   7.2391945e+02   1.2169088e-23
   7.2558881e+02   1.2182538e-23
   7.2726203e+02   1.2196035e-23
   7.2893910e+02   1.2209580e-23
   7.3062004e+02   1.2223173e-23
   7.3230485e+02   1.2236814e-23
   7.3399355e+02   1.2250503e-23
   7.3568615e+02   1.2264240e-23
   7.3738265e+02   1.2278025e-23
   7.3908306e+02   1.2291859e-23
   7.4078739e+02   1.2305741e-23
   7.4249565e+02   1.2319672e-23
   7.4420785e+02   1.2333652e-23
   7.4592400e+02   1.2347680e-23
   7.4764410e+02   1.2361758e-23
   7.4936818e+02   1.2375885e-23
   7.5109623e+02   1.2390061e-23
   7.5282826e+02   1.2404287e-23
   7.5456429e+02   1.2418562e-23
   7.5630432e+02   1.2432888e-23
   7.5804836e+02   1.2447263e-23
   7.5979643e+02   1.2461688e-23
   7.6154852e+02   1.2476163e-23
   7.6330466e+02   1.2490688e-23
   7.6506485e+02   1.2505264e-23
   7.6682909e+02   1.2519890e-23
   7.6859741e+02   1.2534567e-23
   7.7036980e+02   1.2549295e-23
   7.7214628e+02   1.2564074e-23
   7.7392685e+02   1.2578904e-23
   7.7571153e+02   1.2593785e-23
   7.7750033e+02   1.2608718e-23
   7.7929325e+02   1.2623702e-23
   7.8109031e+02   1.2638737e-23
   7.8289151e+02   1.2653824e-23
   7.8469686e+02   1.2668964e-23
   7.8650638e+02   1.2684155e-23
   7.8832007e+02   1.2699398e-23
   7.9013794e+02   1.2714694e-23
   7.9196000e+02   1.2730042e-23
   7.9378627e+02   1.2745443e-23
   7.9561675e+02   1.2760896e-23
   7.9745144e+02   1.2776403e-23
   7.9929037e+02   1.2791962e-23
   8.0113354e+02   1.2807574e-23
   8.0298096e+02   1.2823240e-23
   8.0483264e+02   1.2838959e-23
   8.0668859e+02   1.2854732e-23
   8.0854882e+02   1.2870558e-23
   8.1041334e+02   1.2886438e-23
   8.1228216e+02   1.2902372e-23
   8.1415529e+02   1.2918360e-23
   8.1603274e+02   1.2934403e-23
   8.1791452e+02   1.2950500e-23
   8.1980064e+02   1.2966651e-23
   8.2169110e+02   1.2982857e-23
   8.2358593e+02   1.2999118e-23
   8.2548512e+02   1.3015433e-23
   8.2738870e+02   1.3031804e-23
   8.2929666e+02   1.3048230e-23
   8.3120903e+02   1.3064711e-23
   8.3312580e+02   1.3081248e-23
   8.3504700e+02   1.3097841e-23
   8.3697262e+02   1.3114489e-23
   8.3890269e+02   1.3131193e-23
   8.4083720e+02   1.3147954e-23
   8.4277618e+02   1.3164770e-23
   8.4471963e+02   1.3181643e-23
   8.4666756e+02   1.3198572e-23
   8.4861998e+02   1.3215558e-23
   8.5057690e+02   1.3232601e-23
   8.5253834e+02   1.3249700e-23
   8.5450430e+02   1.3266857e-23
   8.5647479e+02   1.3284071e-23
   8.5844983e+02   1.3301342e-23
   8.6042942e+02   1.3318671e-23
   8.6241358e+02   1.3336057e-23
   8.6440231e+02   1.3353502e-23
   8.6639563e+02   1.3371004e-23
   8.6839354e+02   1.3388564e-23
   8.7039607e+02   1.3406182e-23
   8.7240321e+02   1.3423859e-23
   8.7441498e+02   1.3441594e-23
   8.7643138e+02   1.3459388e-23
   8.7845244e+02   1.3477241e-23
   8.8047816e+02   1.3495153e-23
   8.8250855e+02   1.3513124e-23
   8.8454362e+02   1.3531154e-23
   8.8658338e+02   1.3549243e-23
   8.8862785e+02   1.3567392e-23
   8.9067703e+02   1.3585601e-23
   8.9273094e+02   1.3603869e-23
   8.9478959e+02   1.3622197e-23
   8.9685298e+02   1.3640586e-23
   8.9892113e+02   1.3659035e-23
   9.0099405e+02   1.3677544e-23
   9.0307175e+02   1.3696114e-23
   9.0515424e+02   1.3714745e-23
   9.0724153e+02   1.3733436e-23
   9.0933364e+02   1.3752189e-23
   9.1143057e+02   1.3771002e-23
   9.1353233e+02   1.3789877e-23
   9.1563894e+02   1.3808814e-23
   9.1775041e+02   1.3827812e-23
   9.1986675e+02   1.3846872e-23
   9.2198797e+02   1.3865994e-23
   9.2411408e+02   1.3885178e-23
   9.2624510e+02   1.3904425e-23
   9.2838103e+02   1.3923733e-23
   9.3052188e+02   1.3943105e-23
   9.3266767e+02   1.3962540e-23
   9.3481841e+02   1.3982037e-23
   9.3697411e+02   1.4001599e-23
   9.3913478e+02   1.4021224e-23
   9.4130043e+02   1.4040913e-23
   9.4347108e+02   1.4060667e-23
   9.4564673e+02   1.4080487e-23
   9.4782740e+02   1.4100375e-23
   9.5001309e+02   1.4120335e-23
   9.5220383e+02   1.4140376e-23
   9.5439962e+02   1.4160526e-23
   9.5660047e+02   1.4180900e-23
   9.5880640e+02   1.4202572e-23
   9.6101742e+02   1.4343664e-23
   9.6323353e+02   1.4242451e-23
   9.6545475e+02   1.4261976e-23
   9.6768110e+02   1.4282254e-23
   9.6991258e+02   1.4302712e-23
   9.7214920e+02   1.4323269e-23
   9.7439099e+02   1.4343905e-23
   9.7663794e+02   1.4364613e-23
   9.7889008e+02   1.4385391e-23
   9.8114740e+02   1.4406237e-23
   9.8340994e+02   1.4427150e-23
   9.8567769e+02   1.4448131e-23
   9.8795067e+02   1.4469178e-23
   9.9022889e+02   1.4490293e-23
   9.9251237e+02   1.4511475e-23
   9.9480111e+02   1.4532724e-23
   9.9709513e+02   1.4554040e-23
   9.9939443e+02   1.4575424e-23
   1.0016990e+03   1.4596875e-23
   1.0040090e+03   1.4618394e-23
   1.0063242e+03   1.4639981e-23
   1.0086448e+03   1.4661636e-23
   1.0109708e+03   1.4683358e-23
   1.0133021e+03   1.4705150e-23
   1.0156387e+03   1.4727009e-23
   1.0179808e+03   1.4748937e-23
   1.0203283e+03   1.4770934e-23
   1.0226812e+03   1.4793000e-23
   1.0250395e+03   1.4815135e-23
   1.0274032e+03   1.4837339e-23
   1.0297724e+03   1.4859612e-23
   1.0321471e+03   1.4881955e-23
   1.0345272e+03   1.4904368e-23
   1.0369129e+03   1.4926851e-23
   1.0393040e+03   1.4949403e-23
   1.0417006e+03   1.4972026e-23
   1.0441028e+03   1.4994719e-23
   1.0465105e+03   1.5017483e-23
   1.0489238e+03   1.5040317e-23
   1.0513426e+03   1.5063222e-23
   1.0537670e+03   1.5086198e-23
   1.0561970e+03   1.5109245e-23
   1.0586326e+03   1.5132364e-23
   1.0610738e+03   1.5155554e-23
   1.0635207e+03   1.5178815e-23
   1.0659731e+03   1.5202149e-23
   1.0684313e+03   1.5225554e-23
   1.0708951e+03   1.5249032e-23
   1.0733646e+03   1.5272581e-23
   1.0758398e+03   1.5296204e-23
   1.0783207e+03   1.5319899e-23
   1.0808073e+03   1.5343666e-23
   1.0832996e+03   1.5367507e-23
   1.0857977e+03   1.5391421e-23
   1.0883016e+03   1.5415408e-23
   1.0908112e+03   1.5439469e-23
   1.0933266e+03   1.5463603e-23
   1.0958479e+03   1.5487811e-23
   1.0983749e+03   1.5512093e-23
   1.1009078e+03   1.5536449e-23
   1.1034465e+03   1.5560880e-23
   1.1059910e+03   1.5585385e-23
   1.1085414e+03   1.5609964e-23
   1.1110977e+03   1.5634618e-23
   1.1136599e+03   1.5659348e-23
   1.1162281e+03   1.5684152e-23
   1.1188021e+03   1.5709032e-23
   1.1213820e+03   1.5733987e-23
   1.1239680e+03   1.5759018e-23
   1.1265598e+03   1.5784125e-23
   1.1291577e+03   1.5809308e-23
   1.1317615e+03   1.5834567e-23
   1.1343714e+03   1.5859902e-23
   1.1369873e+03   1.5885314e-23
   1.1396092e+03   1.5910803e-23
   1.1422371e+03   1.5936368e-23
   1.1448711e+03   1.5962010e-23
   1.1475112e+03   1.5987730e-23
   1.1501574e+03   1.6013527e-23
   1.1528096e+03   1.6039402e-23
   1.1554680e+03   1.6065354e-23
   1.1581325e+03   1.6091384e-23
   1.1608032e+03   1.6117492e-23
   1.1634800e+03   1.6143679e-23
   1.1661630e+03   1.6169944e-23
   1.1688522e+03   1.6196287e-23
   1.1715476e+03   1.6222710e-23
   1.1742492e+03   1.6249211e-23
   1.1769570e+03   1.6275791e-23
   1.1796711e+03   1.6302451e-23
   1.1823914e+03   1.6329190e-23
   1.1851180e+03   1.6356009e-23
   1.1878509e+03   1.6382907e-23
   1.1905901e+03   1.6409886e-23
   1.1933356e+03   1.6436945e-23
   1.1960875e+03   1.6464084e-23
   1.1988456e+03   1.6491304e-23
   1.2016102e+03   1.6518604e-23
   1.2043811e+03   1.6545986e-23
   1.2071584e+03   1.6573448e-23
   1.2099421e+03   1.6600992e-23
   1.2127323e+03   1.6628617e-23
   1.2155288e+03   1.6656324e-23
   1.2183319e+03   1.6684113e-23
   1.2211413e+03   1.6711983e-23
   1.2239573e+03   1.6739936e-23
   1.2267798e+03   1.6767971e-23
   1.2296087e+03   1.6796089e-23
   1.2324442e+03   1.6824289e-23
   1.2352862e+03   1.6852572e-23
   1.2381348e+03   1.6880939e-23
   1.2409900e+03   1.6909388e-23
   1.2438517e+03   1.6937921e-23
   1.2467200e+03   1.6966538e-23
   1.2495950e+03   1.6995238e-23
   1.2524766e+03   1.7024023e-23
   1.2553648e+03   1.7052892e-23
   1.2582597e+03   1.7081844e-23
   1.2611612e+03   1.7110882e-23
   1.2640695e+03   1.7140004e-23
   1.2669844e+03   1.7169212e-23
   1.2699061e+03   1.7198504e-23
   1.2728345e+03   1.7227881e-23
   1.2757697e+03   1.7257344e-23
   1.2787116e+03   1.7286893e-23
   1.2816603e+03   1.7316528e-23
   1.2846158e+03   1.7346248e-23
   1.2875782e+03   1.7376055e-23
   1.2905473e+03   1.7405949e-23
   1.2935233e+03   1.7435929e-23
   1.2965062e+03   1.7465995e-23
   1.2994960e+03   1.7496149e-23
   1.3024926e+03   1.7526390e-23
   1.3054962e+03   1.7556718e-23
   1.3085067e+03   1.7587134e-23
   1.3115241e+03   1.7617637e-23
   1.3145485e+03   1.7648229e-23
   1.3175798e+03   1.7678908e-23
   1.3206182e+03   1.7709676e-23
   1.3236635e+03   1.7740533e-23
   1.3267159e+03   1.7771478e-23
   1.3297753e+03   1.7802512e-23
   1.3328418e+03   1.7833635e-23
   1.3359154e+03   1.7864848e-23
   1.3389960e+03   1.7896150e-23
   1.3420837e+03   1.7927541e-23
   1.3451786e+03   1.7959023e-23
   1.3482806e+03   1.7990594e-23
   1.3513897e+03   1.8022256e-23
   1.3545060e+03   1.8054008e-23
   1.3576295e+03   1.8085851e-23
   1.3607602e+03   1.8117785e-23
   1.3638982e+03   1.8149810e-23
   1.3670433e+03   1.8181926e-23
   1.3701957e+03   1.8214133e-23
   1.3733554e+03   1.8246433e-23
   1.3765224e+03   1.8278824e-23
   1.3796966e+03   1.8311307e-23
   1.3828782e+03   1.8343882e-23
   1.3860672e+03   1.8376550e-23
   1.3892634e+03   1.8409310e-23
   1.3924671e+03   1.8442163e-23
   1.3956781e+03   1.8475110e-23
   1.3988966e+03   1.8508149e-23
   1.4021224e+03   1.8541282e-23
   1.4053558e+03   1.8574509e-23
   1.4085965e+03   1.8607829e-23
   1.4118448e+03   1.8641244e-23
   1.4151005e+03   1.8674753e-23
   1.4183637e+03   1.8708357e-23
   1.4216345e+03   1.8742055e-23
   1.4249128e+03   1.8775849e-23
   1.4281986e+03   1.8809740e-23
   1.4314921e+03   1.8843728e-23
   1.4347931e+03   1.8877823e-23
   1.4381017e+03   1.8912095e-23
   1.4414180e+03   1.8964047e-23
   1.4447419e+03   1.8980695e-23
   1.4480735e+03   1.9015090e-23
   1.4514128e+03   1.9049636e-23
   1.4547598e+03   1.9084287e-23
   1.4581144e+03   1.9119037e-23
   1.4614769e+03   1.9153886e-23
   1.4648470e+03   1.9188832e-23
   1.4682250e+03   1.9223876e-23
   1.4716107e+03   1.9259018e-23
   1.4750043e+03   1.9294258e-23
   1.4784056e+03   1.9329596e-23
   1.4818149e+03   1.9365033e-23
   1.4852319e+03   1.9400568e-23
   1.4886569e+03   1.9436202e-23
   1.4920897e+03   1.9471936e-23
   1.4955305e+03   1.9507768e-23
   1.4989792e+03   1.9543700e-23
   1.5024359e+03   1.9579732e-23
   1.5059005e+03   1.9615863e-23
   1.5093731e+03   1.9652095e-23
   1.5128538e+03   1.9688427e-23
   1.5163424e+03   1.9724859e-23
   1.5198391e+03   1.9761392e-23
   1.5233439e+03   1.9798026e-23
   1.5268567e+03   1.9834761e-23
   1.5303776e+03   1.9871598e-23
   1.5339067e+03   1.9908536e-23
   1.5374439e+03   1.9945576e-23
   1.5409893e+03   1.9982719e-23
   1.5445428e+03   2.0019963e-23
   1.5481045e+03   2.0057310e-23
   1.5516745e+03   2.0094759e-23
   1.5552526e+03   2.0132312e-23
   1.5588391e+03   2.0169967e-23
   1.5624338e+03   2.0207726e-23
   1.5660367e+03   2.0245589e-23
   1.5696480e+03   2.0283555e-23
   1.5732677e+03   2.0321626e-23
   1.5768956e+03   2.0359800e-23
   1.5805320e+03   2.0398079e-23
   1.5841767e+03   2.0436463e-23
   1.5878298e+03   2.0474952e-23
   1.5914913e+03   2.0513546e-23
   1.5951613e+03   2.0552245e-23
   1.5988398e+03   2.0591050e-23
   1.6025267e+03   2.0629960e-23
   1.6062222e+03   2.0668977e-23
   1.6099261e+03   2.0708100e-23
   1.6136386e+03   2.0747329e-23
   1.6173597e+03   2.0786665e-23
   1.6210893e+03   2.0826108e-23
   1.6248276e+03   2.0865659e-23
   1.6285744e+03   2.0905316e-23
   1.6323300e+03   2.0945082e-23
   1.6360941e+03   2.0984955e-23
   1.6398670e+03   2.1024936e-23
   1.6436485e+03   2.1065026e-23
   1.6474388e+03   2.1105224e-23
   1.6512378e+03   2.1145531e-23
   1.6550456e+03   2.1185947e-23
   1.6588621e+03   2.1226472e-23
   1.6626874e+03   2.1267107e-23
   1.6665216e+03   2.1307851e-23
   1.6703646e+03   2.1348706e-23
   1.6742165e+03   2.1389670e-23
   1.6780773e+03   2.1430745e-23
   1.6819469e+03   2.1471931e-23
   1.6858255e+03   2.1513228e-23
   1.6897130e+03   2.1554635e-23
   1.6936095e+03   2.1596154e-23
   1.6975150e+03   2.1637785e-23
   1.7014295e+03   2.1679528e-23
   1.7053530e+03   2.1721382e-23
   1.7092855e+03   2.1763349e-23
   1.7132272e+03   2.1805429e-23
   1.7171779e+03   2.1847621e-23
   1.7211377e+03   2.1889927e-23
   1.7251067e+03   2.1932346e-23
   1.7290848e+03   2.1974878e-23
   1.7330721e+03   2.2017524e-23
   1.7370685e+03   2.2060284e-23
   1.7410742e+03   2.2103158e-23
   1.7450892e+03   2.2146147e-23
   1.7491133e+03   2.2189251e-23
   1.7531468e+03   2.2232469e-23
   1.7571896e+03   2.2275803e-23
   1.7612417e+03   2.2319252e-23
   1.7653031e+03   2.2362817e-23
   1.7693739e+03   2.2406499e-23
   1.7734541e+03   2.2450296e-23
   1.7775437e+03   2.2494210e-23
   1.7816427e+03   2.2538240e-23
   1.7857512e+03   2.2582387e-23
   1.7898692e+03   2.2626652e-23
   1.7939966e+03   2.2671034e-23
   1.7981336e+03   2.2715534e-23
   1.8022801e+03   2.2760152e-23
   1.8064362e+03   2.2804888e-23
   1.8106018e+03   2.2849743e-23
   1.8147771e+03   2.2894716e-23
   1.8189620e+03   2.2939808e-23
   1.8231565e+03   2.2985020e-23
   1.8273607e+03   2.3030351e-23
   1.8315746e+03   2.3075802e-23
   1.8357983e+03   2.3121372e-23
   1.8400316e+03   2.3167064e-23
   1.8442748e+03   2.3212875e-23
   1.8485277e+03   2.3258807e-23
   1.8527904e+03   2.3304861e-23
   1.8570629e+03   2.3351036e-23
   1.8613453e+03   2.3397332e-23
   1.8656376e+03   2.3443750e-23
   1.8699398e+03   2.3490290e-23
   1.8742519e+03   2.3536953e-23
   1.8785739e+03   2.3583738e-23
   1.8829059e+03   2.3630646e-23
   1.8872479e+03   2.3677677e-23
   1.8915999e+03   2.3724831e-23
   1.8959620e+03   2.3772110e-23
   1.9003341e+03   2.3819512e-23
   1.9047163e+03   2.3867039e-23
   1.9091086e+03   2.3914690e-23
   1.9135110e+03   2.3962468e-23
   1.9179235e+03   2.4010388e-23
   1.9223463e+03   2.4058887e-23
   1.9267792e+03   2.4106552e-23
   1.9312224e+03   2.4154821e-23
   1.9356758e+03   2.4203222e-23
   1.9401395e+03   2.4251750e-23
   1.9446135e+03   2.4300406e-23
   1.9490978e+03   2.4349188e-23
   1.9535924e+03   2.4398098e-23
   1.9580974e+03   2.4447135e-23
   1.9626128e+03   2.4496300e-23
   1.9671386e+03   2.4545593e-23
   1.9716748e+03   2.4595014e-23
   1.9762215e+03   2.4644564e-23
   1.9807787e+03   2.4694242e-23
   1.9853464e+03   2.4744049e-23
   1.9899246e+03   2.4793986e-23
   1.9945134e+03   2.4844052e-23
   1.9991128e+03   2.4894249e-23
   2.0037227e+03   2.4944575e-23
   2.0083433e+03   2.4995032e-23
   2.0129746e+03   2.5045619e-23
   2.0176165e+03   2.5096338e-23
   2.0222692e+03   2.5147188e-23
   2.0269325e+03   2.5198169e-23
   2.0316067e+03   2.5249282e-23
   2.0362916e+03   2.5300528e-23
   2.0409873e+03   2.5351906e-23
   2.0456938e+03   2.5403416e-23
   2.0504112e+03   2.5455059e-23
   2.0551394e+03   2.5506836e-23
   2.0598786e+03   2.5558746e-23
   2.0646287e+03   2.5610790e-23
   2.0693898e+03   2.5662969e-23
   2.0741618e+03   2.5715281e-23
   2.0789448e+03   2.5767729e-23
   2.0837389e+03   2.5820311e-23
   2.0885440e+03   2.5873028e-23
   2.0933602e+03   2.5925882e-23
   2.0981875e+03   2.5978870e-23
   2.1030259e+03   2.6031996e-23
   2.1078755e+03   2.6085257e-23
   2.1127363e+03   2.6138656e-23
   2.1176083e+03   2.6192191e-23
   2.1224915e+03   2.6245864e-23
   2.1273860e+03   2.6299674e-23
   2.1322918e+03   2.6353622e-23
   2.1372088e+03   2.6407708e-23
   2.1421373e+03   2.6461933e-23
   2.1470771e+03   2.6516297e-23
   2.1520282e+03   2.6570800e-23
   2.1569908e+03   2.6625442e-23
   2.1619649e+03   2.6680224e-23
   2.1669504e+03   2.6735146e-23
   2.1719474e+03   2.6790208e-23
   2.1769559e+03   2.6845411e-23
   2.1819760e+03   2.6900755e-23
   2.1870076e+03   2.6956240e-23
   2.1920509e+03   2.7011866e-23
   2.1971058e+03   2.7067635e-23
   2.2021723e+03   2.7123545e-23
   2.2072505e+03   2.7179598e-23
   2.2123405e+03   2.7235794e-23
   2.2174421e+03   2.7292132e-23
   2.2225556e+03   2.7348614e-23
   2.2276808e+03   2.7405240e-23
   2.2328179e+03   2.7462009e-23
   2.2379668e+03   2.7518923e-23
   2.2431275e+03   2.7575982e-23
   2.2483002e+03   2.7633185e-23
   2.2534848e+03   2.7690534e-23
   2.2586814e+03   2.7748028e-23
   2.2638899e+03   2.7805668e-23
   2.2691104e+03   2.7863454e-23
   2.2743430e+03   2.7921387e-23
   2.2795877e+03   2.7979466e-23
   2.2848444e+03   2.8037693e-23
   2.2901133e+03   2.8096067e-23
   2.2953943e+03   2.8154589e-23
   2.3006875e+03   2.8213258e-23
   2.3059929e+03   2.8272076e-23
   2.3113105e+03   2.8331043e-23
   2.3166404e+03   2.8390159e-23
   2.3219826e+03   2.8449424e-23
   2.3273371e+03   2.8508839e-23
   2.3327040e+03   2.8568404e-23
   2.3380832e+03   2.8628119e-23
   2.3434749e+03   2.8687985e-23
   2.3488789e+03   2.8748002e-23
   2.3542955e+03   2.8808170e-23
   2.3597245e+03   2.8868490e-23
   2.3651660e+03   2.8928961e-23
   2.3706201e+03   2.8989585e-23
   2.3760868e+03   2.9050362e-23
   2.3815661e+03   2.9111292e-23
   2.3870580e+03   2.9172375e-23
   2.3925626e+03   2.9233612e-23
   2.3980798e+03   2.9295008e-23
   2.4036098e+03   2.9356586e-23
   2.4091526e+03   2.9418246e-23
   2.4147081e+03   2.9480099e-23
   2.4202764e+03   2.9542108e-23
   2.4258576e+03   2.9604273e-23
   2.4314516e+03   2.9666593e-23
   2.4370586e+03   2.9729071e-23
   2.4426785e+03   2.9791704e-23
   2.4483113e+03   2.9854495e-23
   2.4539571e+03   2.9917443e-23
   2.4596160e+03   2.9980549e-23
   2.4652879e+03   3.0043812e-23
   2.4709728e+03   3.0107234e-23
   2.4766709e+03   3.0170815e-23
   2.4823821e+03   3.0234554e-23
   2.4881065e+03   3.0298453e-23
   2.4938441e+03   3.0362512e-23
   2.4995949e+03   3.0426731e-23
   2.5053590e+03   3.0491110e-23
   2.5111364e+03   3.0555650e-23
   2.5169271e+03   3.0620351e-23
   2.5227312e+03   3.0685213e-23
   2.5285486e+03   3.0750237e-23
   2.5343794e+03   3.0815424e-23
   2.5402237e+03   3.0880773e-23
   2.5460815e+03   3.0946284e-23
   2.5519528e+03   3.1011959e-23
   2.5578376e+03   3.1077798e-23
   2.5637360e+03   3.1143800e-23
   2.5696480e+03   3.1209967e-23
   2.5755736e+03   3.1276298e-23
   2.5815129e+03   3.1342794e-23
   2.5874659e+03   3.1409456e-23
   2.5934326e+03   3.1476283e-23
   2.5994131e+03   3.1543277e-23
   2.6054074e+03   3.1610436e-23
   2.6114155e+03   3.1677763e-23
   2.6174374e+03   3.1745257e-23
   2.6234732e+03   3.1812918e-23
   2.6295230e+03   3.1880747e-23
   2.6355867e+03   3.1948745e-23
   2.6416644e+03   3.2016911e-23
   2.6477561e+03   3.2085246e-23
   2.6538618e+03   3.2153750e-23
   2.6599816e+03   3.2222424e-23
   2.6661156e+03   3.2291268e-23
   2.6722637e+03   3.2360283e-23
   2.6784259e+03   3.2429468e-23
   2.6846024e+03   3.2498825e-23
   2.6907931e+03   3.2568353e-23
   2.6969981e+03   3.2638053e-23
   2.7032174e+03   3.2707926e-23
   2.7094510e+03   3.2777971e-23
   2.7156991e+03   3.2848189e-23
   2.7219615e+03   3.2918581e-23
   2.7282383e+03   3.2989147e-23
   2.7345297e+03   3.3059887e-23
   2.7408355e+03   3.3130801e-23
   2.7471559e+03   3.3201890e-23
   2.7534909e+03   3.3273155e-23
   2.7598405e+03   3.3344596e-23
   2.7662047e+03   3.3416212e-23
   2.7725836e+03   3.3488006e-23
   2.7789772e+03   3.3559976e-23
   2.7853855e+03   3.3632123e-23
   2.7918086e+03   3.3704448e-23
   2.7982465e+03   3.3776951e-23
   2.8046993e+03   3.3849633e-23
   2.8111670e+03   3.3922493e-23
   2.8176496e+03   3.3995533e-23
   2.8241471e+03   3.4068752e-23
   2.8306596e+03   3.4142151e-23
   2.8371871e+03   3.4215731e-23
   2.8437297e+03   3.4289491e-23
   2.8502873e+03   3.4363433e-23
   2.8568601e+03   3.4437557e-23
   2.8634481e+03   3.4511862e-23
   2.8700512e+03   3.4586350e-23
   2.8766696e+03   3.4661022e-23
   2.8833032e+03   3.4735926e-23
   2.8899521e+03   3.4810912e-23
   2.8966164e+03   3.4886133e-23
   2.9032960e+03   3.4961538e-23
   2.9099910e+03   3.5037129e-23
   2.9167015e+03   3.5112905e-23
   2.9234274e+03   3.5188866e-23
   2.9301688e+03   3.5265014e-23
   2.9369258e+03   3.5341348e-23
   2.9436984e+03   3.5417868e-23
   2.9504866e+03   3.5494576e-23
   2.9572904e+03   3.5571472e-23
   2.9641100e+03   3.5648556e-23
   2.9709452e+03   3.5725828e-23
   2.9777963e+03   3.5803289e-23
   2.9846631e+03   3.5880940e-23
   2.9915457e+03   3.5958780e-23
   2.9984443e+03   3.6036810e-23
   3.0053587e+03   3.6115032e-23
   3.0122891e+03   3.6193444e-23
   3.0192354e+03   3.6272047e-23
   3.0261978e+03   3.6350842e-23
   3.0331763e+03   3.6429830e-23
   3.0401708e+03   3.6509010e-23
   3.0471814e+03   3.6588383e-23
   3.0542083e+03   3.6667950e-23
   3.0612513e+03   3.6747711e-23
   3.0683106e+03   3.6827666e-23
   3.0753861e+03   3.6907816e-23
   3.0824780e+03   3.6988162e-23
   3.0895862e+03   3.7068703e-23
   3.0967108e+03   3.7149440e-23
   3.1038518e+03   3.7230373e-23
   3.1110093e+03   3.7311504e-23
   3.1181833e+03   3.7392832e-23
   3.1253739e+03   3.7474358e-23
   3.1325810e+03   3.7556082e-23
   3.1398048e+03   3.7638005e-23
   3.1470452e+03   3.7720126e-23
   3.1543023e+03   3.7802448e-23
   3.1615762e+03   3.7884970e-23
   3.1688668e+03   3.7967692e-23
   3.1761742e+03   3.8050615e-23
   3.1834985e+03   3.8133739e-23
   3.1908397e+03   3.8217065e-23
   3.1981978e+03   3.8300594e-23
   3.2055728e+03   3.8384325e-23
   3.2129649e+03   3.8468259e-23
   3.2203740e+03   3.8552397e-23
   3.2278002e+03   3.8636739e-23
   3.2352436e+03   3.8721285e-23
   3.2427041e+03   3.8806036e-23
   3.2501818e+03   3.8890993e-23
   3.2576767e+03   3.8976156e-23
   3.2651889e+03   3.9061524e-23
   3.2727185e+03   3.9147100e-23
   3.2802654e+03   3.9232883e-23
   3.2878297e+03   3.9318873e-23
   3.2954115e+03   3.9405072e-23
   3.3030107e+03   3.9491479e-23
   3.3106275e+03   3.9578096e-23
   3.3182618e+03   3.9664922e-23
   3.3259138e+03   3.9751957e-23
   3.3335833e+03   3.9839204e-23
   3.3412706e+03   3.9926661e-23
   3.3489756e+03   4.0014330e-23
   3.3566984e+03   4.0102211e-23
   3.3644389e+03   4.0190311e-23
   3.3721974e+03   4.0278609e-23
   3.3799737e+03   4.0367127e-23
   3.3877679e+03   4.0455860e-23
   3.3955801e+03   4.0544807e-23
   3.4034104e+03   4.0633968e-23
   3.4112587e+03   4.0723345e-23
   3.4191251e+03   4.0812937e-23
   3.4270096e+03   4.0902745e-23
   3.4349123e+03   4.0992770e-23
   3.4428332e+03   4.1083012e-23
   3.4507724e+03   4.1173472e-23
   3.4587299e+03   4.1264150e-23
   3.4667058e+03   4.1355046e-23
   3.4747000e+03   4.1446161e-23
   3.4827127e+03   4.1537496e-23
   3.4907439e+03   4.1629050e-23
   3.4987936e+03   4.1720825e-23
   3.5068618e+03   4.1812822e-23
   3.5149487e+03   4.1905039e-23
   3.5230542e+03   4.1997479e-23
   3.5311784e+03   4.2090141e-23
   3.5393213e+03   4.2183025e-23
   3.5474830e+03   4.2276134e-23
   3.5556635e+03   4.2369466e-23
   3.5638629e+03   4.2463023e-23
   3.5720812e+03   4.2556804e-23
   3.5803184e+03   4.2650811e-23
   3.5885747e+03   4.2745044e-23
   3.5968500e+03   4.2839503e-23
   3.6051443e+03   4.2934189e-23
   3.6134578e+03   4.3029103e-23
   3.6217905e+03   4.3124245e-23
   3.6301424e+03   4.3219615e-23
   3.6385135e+03   4.3315214e-23
   3.6469039e+03   4.3411042e-23
   3.6553137e+03   4.3507101e-23
   3.6637429e+03   4.3603390e-23
   3.6721915e+03   4.3699910e-23
   3.6806596e+03   4.3796661e-23
   3.6891472e+03   4.3893645e-23
   3.6976544e+03   4.3990861e-23
   3.7061813e+03   4.4088310e-23
   3.7147277e+03   4.4185992e-23
   3.7232939e+03   4.4283909e-23
   3.7318799e+03   4.4382060e-23
   3.7404856e+03   4.4480447e-23
   3.7491112e+03   4.4579069e-23
   3.7577567e+03   4.4677928e-23
   3.7664221e+03   4.4777023e-23
   3.7751075e+03   4.4876355e-23
   3.7838129e+03   4.4975925e-23
   3.7925384e+03   4.5075734e-23
   3.8012841e+03   4.5175781e-23
   3.8100498e+03   4.5276068e-23
   3.8188359e+03   4.5376594e-23
   3.8276421e+03   4.5477361e-23
   3.8364687e+03   4.5578370e-23
   3.8453156e+03   4.5679622e-23
   3.8541829e+03   4.5781111e-23
   3.8630707e+03   4.5882845e-23
   3.8719790e+03   4.5984822e-23
   3.8809078e+03   4.6087043e-23
   3.8898572e+03   4.6189509e-23
   3.8988272e+03   4.6292219e-23
   3.9078180e+03   4.6395174e-23
   3.9168294e+03   4.6498375e-23
   3.9258617e+03   4.6601823e-23
   3.9349147e+03   4.6705518e-23
   3.9439887e+03   4.6809460e-23
   3.9530835e+03   4.6913650e-23
   3.9621994e+03   4.7018089e-23
   3.9713362e+03   4.7122777e-23
   3.9804942e+03   4.7227715e-23
   3.9896732e+03   4.7332903e-23
   3.9988734e+03   4.7438342e-23
   4.0080949e+03   4.7544032e-23
   4.0173376e+03   4.7649974e-23
   4.0266016e+03   4.7756169e-23
   4.0358870e+03   4.7862617e-23
   4.0451937e+03   4.7969319e-23
   4.0545220e+03   4.8076275e-23
   4.0638718e+03   4.8183486e-23
   4.0732431e+03   4.8290952e-23
   4.0826360e+03   4.8398674e-23
   4.0920506e+03   4.8506653e-23
   4.1014869e+03   4.8614889e-23
   4.1109450e+03   4.8723382e-23
   4.1204248e+03   4.8832134e-23
   4.1299266e+03   4.8941144e-23
   4.1394502e+03   4.9050414e-23
   4.1489958e+03   4.9159944e-23
   4.1585634e+03   4.9269735e-23
   4.1681531e+03   4.9379787e-23
   4.1777649e+03   4.9490100e-23
   4.1873988e+03   4.9600676e-23
   4.1970550e+03   4.9711515e-23
   4.2067335e+03   4.9822617e-23
   4.2164342e+03   4.9933983e-23
   4.2261574e+03   5.0045614e-23
   4.2359029e+03   5.0157511e-23
   4.2456709e+03   5.0269673e-23
   4.2554615e+03   5.0382102e-23
   4.2652746e+03   5.0494798e-23
   4.2751104e+03   5.0607761e-23
   4.2849688e+03   5.0720993e-23
   4.2948500e+03   5.0834494e-23
   4.3047539e+03   5.0948264e-23
   4.3146807e+03   5.1062304e-23
   4.3246304e+03   5.1176621e-23
   4.3346030e+03   5.1291198e-23
   4.3445987e+03   5.1406052e-23
   4.3546173e+03   5.1521179e-23
   4.3646591e+03   5.1636578e-23
   4.3747241e+03   5.1752252e-23
   4.3848122e+03   5.1868200e-23
   4.3949236e+03   5.1984423e-23
   4.4050583e+03   5.2100922e-23
   4.4152164e+03   5.2217697e-23
   4.4253980e+03   5.2334748e-23
   4.4356030e+03   5.2452078e-23
   4.4458315e+03   5.2569685e-23
   4.4560836e+03   5.2687571e-23
   4.4663594e+03   5.2805736e-23
   4.4766588e+03   5.2924182e-23
   4.4869821e+03   5.3042908e-23
   4.4973291e+03   5.3161915e-23
   4.5076999e+03   5.3281204e-23
   4.5180947e+03   5.3400775e-23
   4.5285135e+03   5.3520630e-23
   4.5389563e+03   5.3640768e-23
   4.5494231e+03   5.3761191e-23
   4.5599142e+03   5.3881899e-23
   4.5704294e+03   5.4002893e-23
   4.5809688e+03   5.4124173e-23
   4.5915325e+03   5.4245740e-23
   4.6021207e+03   5.4367594e-23
   4.6127332e+03   5.4489737e-23
   4.6233702e+03   5.4612169e-23
   4.6340317e+03   5.4734890e-23
   4.6447178e+03   5.4857902e-23
   4.6554286e+03   5.4981204e-23
   4.6661640e+03   5.5104798e-23
   4.6769242e+03   5.5228684e-23
   4.6877093e+03   5.5352863e-23
   4.6985192e+03   5.5477336e-23
   4.7093540e+03   5.5602103e-23
   4.7202138e+03   5.5727164e-23
   4.7310986e+03   5.5852521e-23
   4.7420086e+03   5.5978174e-23
   4.7529437e+03   5.6104125e-23
   4.7639040e+03   5.6230372e-23
   4.7748896e+03   5.6356918e-23
   4.7859005e+03   5.6483762e-23
   4.7969369e+03   5.6610907e-23
   4.8079986e+03   5.6738351e-23
   4.8190859e+03   5.6866096e-23
   4.8301988e+03   5.6994143e-23
   4.8413372e+03   5.7122492e-23
   4.8525014e+03   5.7251144e-23
   4.8636913e+03   5.7380099e-23
   4.8749070e+03   5.7509359e-23
   4.8861486e+03   5.7638924e-23
   4.8974161e+03   5.7768794e-23
   4.9087096e+03   5.7898971e-23
   4.9200291e+03   5.8029455e-23
   4.9313747e+03   5.8160246e-23
   4.9427465e+03   5.8291346e-23
   4.9541445e+03   5.8422755e-23
   4.9655688e+03   5.8554474e-23
   4.9770194e+03   5.8686504e-23
   4.9884965e+03   5.8818845e-23
   5.0000000e+03   5.8951497e-23
