   5.0000000e+00   1.6453795e-20
   5.0115300e+00   1.6035699e-20
   5.0230867e+00   1.5629903e-20
   5.0346699e+00   1.5236347e-20
   5.0462799e+00   1.4855117e-20
   5.0579167e+00   1.4486050e-20
   5.0695803e+00   1.4124004e-20
   5.0812708e+00   1.3743072e-20
   5.0929882e+00   1.3355173e-20
   5.1047327e+00   1.3015329e-20
   5.1165042e+00   1.2695751e-20
   5.1283029e+00   1.2383658e-20
   5.1401288e+00   1.2078520e-20
   5.1519820e+00   1.1780597e-20
   5.1638625e+00   1.1490020e-20
   5.1757704e+00   1.1206800e-20
   5.1877058e+00   1.0930862e-20
   5.1996687e+00   1.0662083e-20
   5.2116592e+00   1.0400313e-20
   5.2236773e+00   1.0145389e-20
   5.2357231e+00   9.8971425e-21
   5.2477968e+00   9.6554007e-21
   5.2598982e+00   9.4199914e-21
   5.2720276e+00   9.1907442e-21
   5.2841849e+00   8.9674912e-21
   5.2963703e+00   8.7500678e-21
   5.3085838e+00   8.5383134e-21
   5.3208254e+00   8.3320709e-21
   5.3330953e+00   8.1311876e-21
   5.3453934e+00   7.9355148e-21
   5.3577199e+00   7.7449079e-21
   5.3700749e+00   7.5592263e-21
   5.3824583e+00   7.3783334e-21
   5.3948703e+00   7.2020966e-21
   5.4073109e+00   7.0303873e-21
   5.4197802e+00   6.8630802e-21
   5.4322783e+00   6.7000542e-21
   5.4448051e+00   6.5411914e-21
   5.4573609e+00   6.3863776e-21
   5.4699456e+00   6.2355015e-21
   5.4825594e+00   6.0884557e-21
   5.4952022e+00   5.9451357e-21
   5.5078742e+00   5.8054398e-21
   5.5205754e+00   5.6692696e-21
   5.5333058e+00   5.5365296e-21
   5.5460657e+00   5.4071270e-21
   5.5588550e+00   5.2809717e-21
   5.5716737e+00   5.1579761e-21
   5.5845220e+00   5.0380556e-21
   5.5974000e+00   4.9211276e-21
   5.6103076e+00   4.8071120e-21
   5.6232451e+00   4.6959313e-21
   5.6362123e+00   4.5875099e-21
   5.6492094e+00   4.4817745e-21
   5.6622366e+00   4.3786541e-21
   5.6752937e+00   4.2780794e-21
   5.6883810e+00   4.1799833e-21
   5.7014985e+00   4.0843006e-21
   5.7146461e+00   3.9909679e-21
   5.7278242e+00   3.8999238e-21
   5.7410326e+00   3.8111083e-21
   5.7542714e+00   3.7244634e-21
   5.7675408e+00   3.6399327e-21
   5.7808408e+00   3.5574612e-21
   5.7941715e+00   3.4769956e-21
   5.8075329e+00   3.3984842e-21
   5.8209251e+00   3.3218765e-21
   5.8343482e+00   3.2471236e-21
   5.8478023e+00   3.1741780e-21
   5.8612873e+00   3.1029932e-21
   5.8748035e+00   3.0335244e-21
   5.8883508e+00   2.9657278e-21
   5.9019294e+00   2.8995609e-21
   5.9155393e+00   2.8349824e-21
   5.9291806e+00   2.7719520e-21
   5.9428533e+00   2.7104306e-21
   5.9565576e+00   2.6503803e-21
   5.9702935e+00   2.5917639e-21
   5.9840610e+00   2.5345456e-21
   5.9978603e+00   2.4786903e-21
   6.0116914e+00   2.4241640e-21
   6.0255544e+00   2.3709336e-21
   6.0394494e+00   2.3189667e-21
   6.0533764e+00   2.2682322e-21
   6.0673355e+00   2.2186994e-21
   6.0813269e+00   2.1703387e-21
   6.0953505e+00   2.1231211e-21
   6.1094064e+00   2.0770186e-21
   6.1234947e+00   2.0320038e-21
   6.1376155e+00   1.9880501e-21
   6.1517689e+00   1.9451315e-21
   6.1659550e+00   1.9032227e-21
   6.1801737e+00   1.8622993e-21
   6.1944252e+00   1.8223373e-21
   6.2087096e+00   1.7833133e-21
   6.2230269e+00   1.7452049e-21
   6.2373773e+00   1.7079897e-21
   6.2517607e+00   1.6716465e-21
   6.2661773e+00   1.6361542e-21
   6.2806272e+00   1.6014924e-21
   6.2951104e+00   1.5676414e-21
   6.3096269e+00   1.5345817e-21
   6.3241770e+00   1.5022946e-21
   6.3387606e+00   1.4707617e-21
   6.3533778e+00   1.4399652e-21
   6.3680288e+00   1.4098876e-21
   6.3827135e+00   1.3805120e-21
   6.3974321e+00   1.3518219e-21
   6.4121846e+00   1.3238012e-21
   6.4269711e+00   1.2964343e-21
   6.4417918e+00   1.2697058e-21
   6.4566466e+00   1.2436009e-21
   6.4715357e+00   1.2181052e-21
   6.4864591e+00   1.1932044e-21
   6.5014169e+00   1.1688848e-21
   6.5164092e+00   1.1451331e-21
   6.5314361e+00   1.1219361e-21
   6.5464977e+00   1.0992812e-21
   6.5615939e+00   1.0771559e-21
   6.5767250e+00   1.0555481e-21
   6.5918910e+00   1.0344460e-21
   6.6070920e+00   1.0138382e-21
   6.6223280e+00   9.9371341e-22
   6.6375991e+00   9.7406081e-22
   6.6529055e+00   9.5486972e-22
   6.6682471e+00   9.3612979e-22
   6.6836241e+00   9.1783092e-22
   6.6990366e+00   8.9996325e-22
   6.7144846e+00   8.8251719e-22
   6.7299683e+00   8.6548339e-22
   6.7454877e+00   8.4885273e-22
   6.7610428e+00   8.3261632e-22
   6.7766338e+00   8.1676549e-22
   6.7922608e+00   8.0129182e-22
   6.8079238e+00   7.8618706e-22
   6.8236229e+00   7.7144319e-22
   6.8393582e+00   7.5705240e-22
   6.8551299e+00   7.4300707e-22
   6.8709378e+00   7.2929976e-22
   6.8867823e+00   7.1592323e-22
   6.9026632e+00   7.0287044e-22
   6.9185808e+00   6.9013450e-22
   6.9345351e+00   6.7770872e-22
   6.9505262e+00   6.6558656e-22
   6.9665542e+00   6.5376167e-22
   6.9826191e+00   6.4222783e-22
   6.9987211e+00   6.3097902e-22
   7.0148602e+00   6.2000934e-22
   7.0310365e+00   6.0931308e-22
   7.0472502e+00   5.9888463e-22
   7.0635012e+00   5.8871856e-22
   7.0797897e+00   5.7880959e-22
   7.0961157e+00   5.6915255e-22
   7.1124794e+00   5.5974242e-22
   7.1288808e+00   5.5057432e-22
   7.1453201e+00   5.4164350e-22
   7.1617972e+00   5.3294533e-22
   7.1783124e+00   5.2447531e-22
   7.1948656e+00   5.1622907e-22
   7.2114571e+00   5.0820236e-22
   7.2280867e+00   5.0039103e-22
   7.2447548e+00   4.9279108e-22
   7.2614612e+00   4.8539861e-22
   7.2782062e+00   4.7820983e-22
   7.2949898e+00   4.7122107e-22
   7.3118121e+00   4.6442877e-22
   7.3286732e+00   4.5782948e-22
   7.3455732e+00   4.5141987e-22
   7.3625121e+00   4.4519670e-22
   7.3794901e+00   4.3915684e-22
   7.3965073e+00   4.3329728e-22
   7.4135637e+00   4.2761511e-22
   7.4306594e+00   4.2210752e-22
   7.4477946e+00   4.1677182e-22
   7.4649693e+00   4.1160541e-22
   7.4821835e+00   4.0660582e-22
   7.4994375e+00   4.0177065e-22
   7.5167313e+00   3.9709764e-22
   7.5340649e+00   3.9258463e-22
   7.5514385e+00   3.8822957e-22
   7.5688522e+00   3.8403051e-22
   7.5863060e+00   3.7998563e-22
   7.6038001e+00   3.7609323e-22
   7.6213345e+00   3.7235170e-22
   7.6389094e+00   3.6875956e-22
   7.6565248e+00   3.6531549e-22
   7.6741808e+00   3.6201825e-22
   7.6918775e+00   3.5886675e-22
   7.7096150e+00   3.5586004e-22
   7.7273934e+00   3.5299731e-22
   7.7452129e+00   3.5027789e-22
   7.7630734e+00   3.4770127e-22
   7.7809751e+00   3.4526708e-22
   7.7989181e+00   3.4297515e-22
   7.8169025e+00   3.4082546e-22
   7.8349283e+00   3.3881820e-22
   7.8529957e+00   3.3695372e-22
   7.8711048e+00   3.3523260e-22
   7.8892556e+00   3.3365563e-22
   7.9074483e+00   3.3222386e-22
   7.9256829e+00   3.3093854e-22
   7.9439596e+00   3.2980123e-22
   7.9622784e+00   3.2881375e-22
   7.9806395e+00   3.2797824e-22
   7.9990429e+00   3.2729714e-22
   8.0174888e+00   3.2677329e-22
   8.0359772e+00   3.2640988e-22
   8.0545082e+00   3.2621052e-22
   8.0730819e+00   3.2617929e-22
   8.0916985e+00   3.2632074e-22
   8.1103581e+00   3.2663997e-22
   8.1290606e+00   3.2714267e-22
   8.1478063e+00   3.2783516e-22
   8.1665952e+00   3.2872449e-22
   8.1854274e+00   3.2981849e-22
   8.2043031e+00   3.3112583e-22
   8.2232223e+00   3.3265618e-22
   8.2421851e+00   3.3442025e-22
   8.2611916e+00   3.3642993e-22
   8.2802420e+00   3.3869848e-22
   8.2993363e+00   3.4124062e-22
   8.3184746e+00   3.4407276e-22
   8.3376571e+00   3.4721322e-22
   8.3568838e+00   3.5068245e-22
   8.3761548e+00   3.5450334e-22
   8.3954703e+00   3.5870158e-22
   8.4148303e+00   3.6330604e-22
   8.4342350e+00   3.6834927e-22
   8.4536844e+00   3.7386806e-22
   8.4731786e+00   3.7990411e-22
   8.4927179e+00   3.8650487e-22
   8.5123021e+00   3.9372450e-22
   8.5319316e+00   4.0162508e-22
   8.5516063e+00   4.1027809e-22
   8.5713263e+00   4.1976617e-22
   8.5910919e+00   4.3018540e-22
   8.6109030e+00   4.4164808e-22
   8.6307598e+00   4.5428629e-22
   8.6506624e+00   4.6825630e-22
   8.6706109e+00   4.8374428e-22
   8.6906054e+00   5.0097453e-22
   8.7106460e+00   5.2021825e-22
   8.7307328e+00   5.4180764e-22
   8.7508660e+00   5.6615358e-22
   8.7710455e+00   5.9377036e-22
   8.7912716e+00   6.2531040e-22
   8.8115444e+00   6.6161381e-22
   8.8318638e+00   7.0378115e-22
   8.8522302e+00   7.5328277e-22
   8.8726435e+00   8.1212827e-22
   8.8931039e+00   8.8313862e-22
   8.9136114e+00   9.7040165e-22
   8.9341663e+00   1.0800729e-21
   8.9547686e+00   1.2218721e-21
   8.9754183e+00   1.4120987e-21
   8.9961157e+00   1.6803321e-21
   9.0168608e+00   2.0864080e-21
   9.0376538e+00   2.7723733e-21
   9.0584947e+00   4.1774254e-21
   9.0793836e+00   8.6656712e-21
   9.1003208e+00   8.9941240e-20
   9.1213062e+00   7.1492226e-21
   9.1423400e+00   3.7008013e-21
   9.1634223e+00   2.4969154e-21
   9.1845532e+00   1.8998886e-21
   9.2057328e+00   1.5755429e-21
   9.2269613e+00   1.4660814e-21
   9.2482388e+00   1.8833398e-21
   9.2695653e+00   3.9194083e-20
   9.2909410e+00   1.7496303e-21
   9.3123660e+00   1.0440718e-21
   9.3338403e+00   8.1593994e-22
   9.3553642e+00   6.9419573e-22
   9.3769378e+00   6.1314086e-22
   9.3985611e+00   5.5276443e-22
   9.4202342e+00   5.0487530e-22
   9.4419574e+00   4.6540166e-22
   9.4637306e+00   4.3202403e-22
   9.4855540e+00   4.0328568e-22
   9.5074278e+00   3.7820418e-22
   9.5293520e+00   3.5608081e-22
   9.5513267e+00   3.3639833e-22
   9.5733522e+00   3.1876171e-22
   9.5954284e+00   3.0286176e-22
   9.6175555e+00   2.8845165e-22
   9.6397337e+00   2.7533111e-22
   9.6619630e+00   2.6333543e-22
   9.6842435e+00   2.5232754e-22
   9.7065755e+00   2.4219222e-22
   9.7289589e+00   2.3283179e-22
   9.7513940e+00   2.2416276e-22
   9.7738808e+00   2.1611331e-22
   9.7964194e+00   2.0862125e-22
   9.8190100e+00   2.0163243e-22
   9.8416527e+00   1.9509945e-22
   9.8643477e+00   1.8898067e-22
   9.8870949e+00   1.8323927e-22
   9.9098946e+00   1.7784262e-22
   9.9327469e+00   1.7276171e-22
   9.9556519e+00   1.6797058e-22
   9.9786097e+00   1.6344603e-22
   1.0001620e+01   1.5916745e-22
   1.0024684e+01   1.5511763e-22
   1.0047801e+01   1.5127541e-22
   1.0070972e+01   1.4762670e-22
   1.0094195e+01   1.4415863e-22
   1.0117473e+01   1.4085908e-22
   1.0140804e+01   1.3771611e-22
   1.0164188e+01   1.3471888e-22
   1.0187627e+01   1.3185747e-22
   1.0211120e+01   1.2912288e-22
   1.0234667e+01   1.2650733e-22
   1.0258268e+01   1.2400325e-22
   1.0281924e+01   1.2160358e-22
   1.0305634e+01   1.1930181e-22
   1.0329399e+01   1.1709225e-22
   1.0353218e+01   1.1496949e-22
   1.0377093e+01   1.1292835e-22
   1.0401023e+01   1.1096406e-22
   1.0425007e+01   1.0907236e-22
   1.0449048e+01   1.0724927e-22
   1.0473143e+01   1.0549096e-22
   1.0497294e+01   1.0379384e-22
   1.0521501e+01   1.0215468e-22
   1.0545764e+01   1.0057050e-22
   1.0570082e+01   9.9038406e-23
   1.0594457e+01   9.7555675e-23
   1.0618888e+01   9.6119819e-23
   1.0643375e+01   9.4728564e-23
   1.0667919e+01   9.3379687e-23
   1.0692519e+01   9.2071102e-23
   1.0717176e+01   9.0800875e-23
   1.0741890e+01   8.9567242e-23
   1.0766661e+01   8.8368480e-23
   1.0791489e+01   8.7202963e-23
   1.0816374e+01   8.6069179e-23
   1.0841317e+01   8.4965741e-23
   1.0866317e+01   8.3891298e-23
   1.0891375e+01   8.2844572e-23
   1.0916491e+01   8.1824368e-23
   1.0941664e+01   8.0829587e-23
   1.0966896e+01   7.9859156e-23
   1.0992185e+01   7.8912062e-23
   1.1017533e+01   7.7987354e-23
   1.1042940e+01   7.7084150e-23
   1.1068405e+01   7.6201594e-23
   1.1093929e+01   7.5338873e-23
   1.1119512e+01   7.4495225e-23
   1.1145153e+01   7.3669938e-23
   1.1170854e+01   7.2862322e-23
   1.1196614e+01   7.2071719e-23
   1.1222434e+01   7.1297514e-23
   1.1248313e+01   7.0539127e-23
   1.1274251e+01   6.9795997e-23
   1.1300250e+01   6.9067590e-23
   1.1326308e+01   6.8353404e-23
   1.1352427e+01   6.7652963e-23
   1.1378606e+01   6.6965808e-23
   1.1404845e+01   6.6291499e-23
   1.1431144e+01   6.5629628e-23
   1.1457505e+01   6.4979799e-23
   1.1483926e+01   6.4341633e-23
   1.1510408e+01   6.3714769e-23
   1.1536951e+01   6.3098866e-23
   1.1563555e+01   6.2493596e-23
   1.1590221e+01   6.1898644e-23
   1.1616948e+01   6.1313710e-23
   1.1643737e+01   6.0738509e-23
   1.1670587e+01   6.0172766e-23
   1.1697500e+01   5.9616217e-23
   1.1724474e+01   5.9068610e-23
   1.1751511e+01   5.8529706e-23
   1.1778610e+01   5.7999273e-23
   1.1805772e+01   5.7477086e-23
   1.1832996e+01   5.6962936e-23
   1.1860283e+01   5.6456616e-23
   1.1887633e+01   5.5957931e-23
   1.1915046e+01   5.5466690e-23
   1.1942522e+01   5.4982712e-23
   1.1970061e+01   5.4505824e-23
   1.1997664e+01   5.4035855e-23
   1.2025331e+01   5.3572644e-23
   1.2053062e+01   5.3116036e-23
   1.2080856e+01   5.2665878e-23
   1.2108715e+01   5.2222026e-23
   1.2136637e+01   5.1784340e-23
   1.2164625e+01   5.1352684e-23
   1.2192676e+01   5.0926927e-23
   1.2220793e+01   5.0506943e-23
   1.2248974e+01   5.0092610e-23
   1.2277220e+01   4.9683810e-23
   1.2305532e+01   4.9280428e-23
   1.2333908e+01   4.8882354e-23
   1.2362350e+01   4.8489480e-23
   1.2390858e+01   4.8101702e-23
   1.2419431e+01   4.7718919e-23
   1.2448071e+01   4.7341034e-23
   1.2476776e+01   4.6967952e-23
   1.2505548e+01   4.6599581e-23
   1.2534386e+01   4.6235831e-23
   1.2563290e+01   4.5876615e-23
   1.2592261e+01   4.5521849e-23
   1.2621299e+01   4.5171451e-23
   1.2650404e+01   4.4825342e-23
   1.2679576e+01   4.4483442e-23
   1.2708815e+01   4.4145678e-23
   1.2738121e+01   4.3811974e-23
   1.2767496e+01   4.3482260e-23
   1.2796938e+01   4.3156465e-23
   1.2826447e+01   4.2834522e-23
   1.2856025e+01   4.2516363e-23
   1.2885671e+01   4.2201925e-23
   1.2915386e+01   4.1891144e-23
   1.2945169e+01   4.1583959e-23
   1.2975020e+01   4.1280309e-23
   1.3004941e+01   4.0980135e-23
   1.3034930e+01   4.0683380e-23
   1.3064989e+01   4.0389989e-23
   1.3095117e+01   4.0099906e-23
   1.3125314e+01   3.9813078e-23
   1.3155582e+01   3.9529452e-23
   1.3185918e+01   3.9248978e-23
   1.3216325e+01   3.8971605e-23
   1.3246802e+01   3.8697285e-23
   1.3277349e+01   3.8425969e-23
   1.3307967e+01   3.8157611e-23
   1.3338655e+01   3.7892165e-23
   1.3369414e+01   3.7629586e-23
   1.3400244e+01   3.7369830e-23
   1.3431145e+01   3.7112855e-23
   1.3462118e+01   3.6858617e-23
   1.3493162e+01   3.6607076e-23
   1.3524277e+01   3.6358192e-23
   1.3555464e+01   3.6111924e-23
   1.3586723e+01   3.5868234e-23
   1.3618054e+01   3.5627084e-23
   1.3649457e+01   3.5388436e-23
   1.3680933e+01   3.5152255e-23
   1.3712481e+01   3.4918504e-23
   1.3744103e+01   3.4687148e-23
   1.3775797e+01   3.4458153e-23
   1.3807564e+01   3.4231485e-23
   1.3839404e+01   3.4007111e-23
   1.3871318e+01   3.3784998e-23
   1.3903305e+01   3.3565114e-23
   1.3935366e+01   3.3347429e-23
   1.3967501e+01   3.3131911e-23
   1.3999710e+01   3.2918531e-23
   1.4031994e+01   3.2707259e-23
   1.4064352e+01   3.2498066e-23
   1.4096784e+01   3.2290923e-23
   1.4129292e+01   3.2085803e-23
   1.4161874e+01   3.1882678e-23
   1.4194531e+01   3.1681521e-23
   1.4227264e+01   3.1482306e-23
   1.4260072e+01   3.1285008e-23
   1.4292956e+01   3.1089600e-23
   1.4325916e+01   3.0896057e-23
   1.4358951e+01   3.0704356e-23
   1.4392063e+01   3.0514472e-23
   1.4425251e+01   3.0326381e-23
   1.4458516e+01   3.0140060e-23
   1.4491858e+01   2.9955486e-23
   1.4525276e+01   2.9772637e-23
   1.4558771e+01   2.9591491e-23
   1.4592344e+01   2.9412026e-23
   1.4625994e+01   2.9234222e-23
   1.4659722e+01   2.9058056e-23
   1.4693527e+01   2.8883509e-23
   1.4727410e+01   2.8710561e-23
   1.4761372e+01   2.8539191e-23
   1.4795412e+01   2.8369381e-23
   1.4829530e+01   2.8201111e-23
   1.4863727e+01   2.8034362e-23
   1.4898003e+01   2.7869116e-23
   1.4932358e+01   2.7705355e-23
   1.4966792e+01   2.7543061e-23
   1.5001306e+01   2.7382217e-23
   1.5035899e+01   2.7222805e-23
   1.5070572e+01   2.7064808e-23
   1.5105324e+01   2.6908210e-23
   1.5140157e+01   2.6752994e-23
   1.5175071e+01   2.6599144e-23
   1.5210065e+01   2.6446645e-23
   1.5245139e+01   2.6295481e-23
   1.5280295e+01   2.6145637e-23
   1.5315531e+01   2.5997097e-23
   1.5350849e+01   2.5849847e-23
   1.5386248e+01   2.5703872e-23
   1.5421729e+01   2.5559159e-23
   1.5457291e+01   2.5415692e-23
   1.5492936e+01   2.5273458e-23
   1.5528663e+01   2.5132444e-23
   1.5564472e+01   2.4992636e-23
   1.5600364e+01   2.4854021e-23
   1.5636338e+01   2.4716586e-23
   1.5672396e+01   2.4580318e-23
   1.5708537e+01   2.4445205e-23
   1.5744761e+01   2.4311235e-23
   1.5781068e+01   2.4178395e-23
   1.5817459e+01   2.4046673e-23
   1.5853935e+01   2.3916057e-23
   1.5890494e+01   2.3786537e-23
   1.5927137e+01   2.3658100e-23
   1.5963866e+01   2.3530735e-23
   1.6000678e+01   2.3404432e-23
   1.6037576e+01   2.3279180e-23
   1.6074559e+01   2.3154967e-23
   1.6111627e+01   2.3031783e-23
   1.6148780e+01   2.2909619e-23
   1.6186020e+01   2.2788463e-23
   1.6223345e+01   2.2668305e-23
   1.6260756e+01   2.2549137e-23
   1.6298253e+01   2.2430947e-23
   1.6335837e+01   2.2313727e-23
   1.6373508e+01   2.2197466e-23
   1.6411265e+01   2.2082157e-23
   1.6449110e+01   2.1967788e-23
   1.6487041e+01   2.1854352e-23
   1.6525061e+01   2.1741839e-23
   1.6563168e+01   2.1630241e-23
   1.6601362e+01   2.1519549e-23
   1.6639645e+01   2.1409755e-23
   1.6678016e+01   2.1300849e-23
   1.6716476e+01   2.1192825e-23
   1.6755024e+01   2.1085672e-23
   1.6793662e+01   2.0979385e-23
   1.6832388e+01   2.0873954e-23
   1.6871203e+01   2.0769372e-23
   1.6910109e+01   2.0665630e-23
   1.6949103e+01   2.0562723e-23
   1.6988188e+01   2.0460641e-23
   1.7027363e+01   2.0359378e-23
   1.7066628e+01   2.0258926e-23
   1.7105984e+01   2.0159278e-23
   1.7145431e+01   2.0060427e-23
   1.7184968e+01   1.9962366e-23
   1.7224597e+01   1.9865088e-23
   1.7264317e+01   1.9768587e-23
   1.7304128e+01   1.9672855e-23
   1.7344032e+01   1.9577886e-23
   1.7384027e+01   1.9483673e-23
   1.7424115e+01   1.9390210e-23
   1.7464295e+01   1.9297490e-23
   1.7504568e+01   1.9205508e-23
   1.7544934e+01   1.9114257e-23
   1.7585392e+01   1.9023730e-23
   1.7625945e+01   1.8933923e-23
   1.7666590e+01   1.8844828e-23
   1.7707329e+01   1.8756440e-23
   1.7748163e+01   1.8668753e-23
   1.7789090e+01   1.8581762e-23
   1.7830112e+01   1.8495460e-23
   1.7871228e+01   1.8409842e-23
   1.7912439e+01   1.8324902e-23
   1.7953746e+01   1.8240636e-23
   1.7995147e+01   1.8157037e-23
   1.8036644e+01   1.8074100e-23
   1.8078237e+01   1.7991821e-23
   1.8119925e+01   1.7910193e-23
   1.8161710e+01   1.7829211e-23
   1.8203591e+01   1.7748871e-23
   1.8245569e+01   1.7669168e-23
   1.8287643e+01   1.7590096e-23
   1.8329814e+01   1.7511650e-23
   1.8372083e+01   1.7433826e-23
   1.8414449e+01   1.7356619e-23
   1.8456913e+01   1.7280024e-23
   1.8499475e+01   1.7204036e-23
   1.8542135e+01   1.7128651e-23
   1.8584893e+01   1.7053864e-23
   1.8627750e+01   1.6979671e-23
   1.8670706e+01   1.6906067e-23
   1.8713761e+01   1.6833047e-23
   1.8756915e+01   1.6760607e-23
   1.8800168e+01   1.6688744e-23
   1.8843522e+01   1.6617452e-23
   1.8886975e+01   1.6546727e-23
   1.8930528e+01   1.6476565e-23
   1.8974182e+01   1.6406961e-23
   1.9017937e+01   1.6337913e-23
   1.9061792e+01   1.6269415e-23
   1.9105749e+01   1.6201464e-23
   1.9149807e+01   1.6134055e-23
   1.9193967e+01   1.6067185e-23
   1.9238228e+01   1.6000850e-23
   1.9282592e+01   1.5935045e-23
   1.9327057e+01   1.5869767e-23
   1.9371626e+01   1.5805012e-23
   1.9416297e+01   1.5740777e-23
   1.9461071e+01   1.5677057e-23
   1.9505948e+01   1.5613849e-23
   1.9550929e+01   1.5551149e-23
   1.9596014e+01   1.5488954e-23
   1.9641202e+01   1.5427260e-23
   1.9686495e+01   1.5366063e-23
   1.9731892e+01   1.5305359e-23
   1.9777394e+01   1.5245147e-23
   1.9823001e+01   1.5185421e-23
   1.9868713e+01   1.5126178e-23
   1.9914530e+01   1.5067415e-23
   1.9960454e+01   1.5009129e-23
   2.0006482e+01   1.4951317e-23
   2.0052618e+01   1.4893974e-23
   2.0098859e+01   1.4837098e-23
   2.0145207e+01   1.4780685e-23
   2.0191662e+01   1.4724732e-23
   2.0238224e+01   1.4669237e-23
   2.0284894e+01   1.4614195e-23
   2.0331671e+01   1.4559603e-23
   2.0378556e+01   1.4505459e-23
   2.0425549e+01   1.4451760e-23
   2.0472650e+01   1.4398502e-23
   2.0519861e+01   1.4345681e-23
   2.0567180e+01   1.4293297e-23
   2.0614608e+01   1.4241344e-23
   2.0662145e+01   1.4189820e-23
   2.0709792e+01   1.4138723e-23
   2.0757549e+01   1.4088049e-23
   2.0805416e+01   1.4037795e-23
   2.0853394e+01   1.3987959e-23
   2.0901482e+01   1.3938537e-23
   2.0949681e+01   1.3889527e-23
   2.0997991e+01   1.3840926e-23
   2.1046412e+01   1.3792732e-23
   2.1094945e+01   1.3744940e-23
   2.1143591e+01   1.3697549e-23
   2.1192348e+01   1.3650556e-23
   2.1241218e+01   1.3603958e-23
   2.1290200e+01   1.3557753e-23
   2.1339295e+01   1.3511937e-23
   2.1388504e+01   1.3466508e-23
   2.1437826e+01   1.3421463e-23
   2.1487262e+01   1.3376801e-23
   2.1536812e+01   1.3332517e-23
   2.1586476e+01   1.3288610e-23
   2.1636254e+01   1.3245077e-23
   2.1686148e+01   1.3201915e-23
   2.1736156e+01   1.3159122e-23
   2.1786280e+01   1.3116696e-23
   2.1836519e+01   1.3074633e-23
   2.1886874e+01   1.3032932e-23
   2.1937346e+01   1.2991589e-23
   2.1987933e+01   1.2950603e-23
   2.2038638e+01   1.2909971e-23
   2.2089459e+01   1.2869690e-23
   2.2140397e+01   1.2829758e-23
   2.2191453e+01   1.2790173e-23
   2.2242627e+01   1.2750932e-23
   2.2293919e+01   1.2712033e-23
   2.2345328e+01   1.2673474e-23
   2.2396857e+01   1.2635252e-23
   2.2448504e+01   1.2597365e-23
   2.2500271e+01   1.2559810e-23
   2.2552157e+01   1.2522586e-23
   2.2604162e+01   1.2485690e-23
   2.2656287e+01   1.2449119e-23
   2.2708533e+01   1.2412872e-23
   2.2760899e+01   1.2376946e-23
   2.2813386e+01   1.2341339e-23
   2.2865994e+01   1.2306049e-23
   2.2918723e+01   1.2271073e-23
   2.2971574e+01   1.2236409e-23
   2.3024546e+01   1.2202056e-23
   2.3077641e+01   1.2168011e-23
   2.3130858e+01   1.2134271e-23
   2.3184198e+01   1.2100836e-23
   2.3237661e+01   1.2067701e-23
   2.3291247e+01   1.2034867e-23
   2.3344957e+01   1.2002329e-23
   2.3398791e+01   1.1970087e-23
   2.3452748e+01   1.1938138e-23
   2.3506831e+01   1.1906480e-23
   2.3561038e+01   1.1875110e-23
   2.3615370e+01   1.1844028e-23
   2.3669827e+01   1.1813231e-23
   2.3724410e+01   1.1782716e-23
   2.3779118e+01   1.1752483e-23
   2.3833953e+01   1.1722528e-23
   2.3888914e+01   1.1692850e-23
   2.3944002e+01   1.1663446e-23
   2.3999217e+01   1.1634316e-23
   2.4054560e+01   1.1605456e-23
   2.4110030e+01   1.1576866e-23
   2.4165628e+01   1.1548542e-23
   2.4221354e+01   1.1520483e-23
   2.4277208e+01   1.1492688e-23
   2.4333192e+01   1.1465153e-23
   2.4389304e+01   1.1437878e-23
   2.4445546e+01   1.1410861e-23
   2.4501918e+01   1.1384098e-23
   2.4558420e+01   1.1357590e-23
   2.4615051e+01   1.1331333e-23
   2.4671814e+01   1.1305326e-23
   2.4728707e+01   1.1279567e-23
   2.4785732e+01   1.1254054e-23
   2.4842888e+01   1.1228786e-23
   2.4900176e+01   1.1203760e-23
   2.4957596e+01   1.1178975e-23
   2.5015148e+01   1.1154428e-23
   2.5072833e+01   1.1130119e-23
   2.5130652e+01   1.1106046e-23
   2.5188603e+01   1.1082205e-23
   2.5246688e+01   1.1058597e-23
   2.5304907e+01   1.1035219e-23
   2.5363261e+01   1.1012069e-23
   2.5421748e+01   1.0989145e-23
   2.5480371e+01   1.0966447e-23
   2.5539129e+01   1.0943971e-23
   2.5598023e+01   1.0921717e-23
   2.5657052e+01   1.0899683e-23
   2.5716217e+01   1.0877866e-23
   2.5775519e+01   1.0856266e-23
   2.5834957e+01   1.0834881e-23
   2.5894533e+01   1.0813709e-23
   2.5954246e+01   1.0792748e-23
   2.6014097e+01   1.0771996e-23
   2.6074085e+01   1.0751453e-23
   2.6134212e+01   1.0731116e-23
   2.6194478e+01   1.0710984e-23
   2.6254883e+01   1.0691055e-23
   2.6315427e+01   1.0671328e-23
   2.6376110e+01   1.0651800e-23
   2.6436934e+01   1.0632471e-23
   2.6497898e+01   1.0613339e-23
   2.6559002e+01   1.0594402e-23
   2.6620247e+01   1.0575658e-23
   2.6681634e+01   1.0557107e-23
   2.6743162e+01   1.0538746e-23
   2.6804832e+01   1.0520575e-23
   2.6866644e+01   1.0502590e-23
   2.6928599e+01   1.0484792e-23
   2.6990696e+01   1.0467178e-23
   2.7052937e+01   1.0449748e-23
   2.7115321e+01   1.0432498e-23
   2.7177849e+01   1.0415429e-23
   2.7240522e+01   1.0398538e-23
   2.7303338e+01   1.0381824e-23
   2.7366300e+01   1.0365285e-23
   2.7429407e+01   1.0348921e-23
   2.7492659e+01   1.0332730e-23
   2.7556058e+01   1.0316709e-23
   2.7619602e+01   1.0300859e-23
   2.7683293e+01   1.0285176e-23
   2.7747131e+01   1.0269661e-23
   2.7811116e+01   1.0254311e-23
   2.7875249e+01   1.0239125e-23
   2.7939529e+01   1.0224103e-23
   2.8003958e+01   1.0209241e-23
   2.8068536e+01   1.0194539e-23
   2.8133262e+01   1.0179997e-23
   2.8198137e+01   1.0165611e-23
   2.8263162e+01   1.0151381e-23
   2.8328338e+01   1.0137306e-23
   2.8393663e+01   1.0123384e-23
   2.8459139e+01   1.0109614e-23
   2.8524766e+01   1.0095995e-23
   2.8590544e+01   1.0082525e-23
   2.8656474e+01   1.0069203e-23
   2.8722556e+01   1.0056027e-23
   2.8788791e+01   1.0042998e-23
   2.8855178e+01   1.0030112e-23
   2.8921718e+01   1.0017369e-23
   2.8988412e+01   1.0004768e-23
   2.9055259e+01   9.9923067e-24
   2.9122261e+01   9.9799849e-24
   2.9189417e+01   9.9678010e-24
   2.9256728e+01   9.9557537e-24
   2.9324194e+01   9.9438418e-24
   2.9391816e+01   9.9320642e-24
   2.9459594e+01   9.9204196e-24
   2.9527528e+01   9.9089068e-24
   2.9595619e+01   9.8975246e-24
   2.9663866e+01   9.8862719e-24
   2.9732272e+01   9.8751474e-24
   2.9800834e+01   9.8641500e-24
   2.9869555e+01   9.8532785e-24
   2.9938435e+01   9.8425319e-24
   3.0007473e+01   9.8319088e-24
   3.0076670e+01   9.8214083e-24
   3.0146028e+01   9.8110291e-24
   3.0215544e+01   9.8007702e-24
   3.0285222e+01   9.7906305e-24
   3.0355060e+01   9.7806088e-24
   3.0425059e+01   9.7707040e-24
   3.0495219e+01   9.7609150e-24
   3.0565541e+01   9.7512409e-24
   3.0636026e+01   9.7416804e-24
   3.0706673e+01   9.7322325e-24
   3.0777482e+01   9.7228962e-24
   3.0848456e+01   9.7136704e-24
   3.0919592e+01   9.7045541e-24
   3.0990893e+01   9.6955461e-24
   3.1062358e+01   9.6866456e-24
   3.1133988e+01   9.6778514e-24
   3.1205784e+01   9.6691626e-24
   3.1277744e+01   9.6605782e-24
   3.1349871e+01   9.6520970e-24
   3.1422164e+01   9.6437182e-24
   3.1494624e+01   9.6354408e-24
   3.1567251e+01   9.6272638e-24
   3.1640045e+01   9.6191861e-24
   3.1713007e+01   9.6112069e-24
   3.1786138e+01   9.6033252e-24
   3.1859437e+01   9.5955400e-24
   3.1932905e+01   9.5878505e-24
   3.2006542e+01   9.5802555e-24
   3.2080350e+01   9.5727543e-24
   3.2154327e+01   9.5653459e-24
   3.2228475e+01   9.5580293e-24
   3.2302794e+01   9.5508038e-24
   3.2377285e+01   9.5436683e-24
   3.2451947e+01   9.5366220e-24
   3.2526782e+01   9.5296640e-24
   3.2601789e+01   9.5227933e-24
   3.2676969e+01   9.5160093e-24
   3.2752322e+01   9.5093109e-24
   3.2827849e+01   9.5026973e-24
   3.2903550e+01   9.4961676e-24
   3.2979426e+01   9.4897211e-24
   3.3055477e+01   9.4833568e-24
   3.3131703e+01   9.4770740e-24
   3.3208105e+01   9.4708717e-24
   3.3284683e+01   9.4647493e-24
   3.3361438e+01   9.4587058e-24
   3.3438370e+01   9.4527404e-24
   3.3515479e+01   9.4468525e-24
   3.3592766e+01   9.4410411e-24
   3.3670231e+01   9.4353055e-24
   3.3747875e+01   9.4296449e-24
   3.3825698e+01   9.4240585e-24
   3.3903700e+01   9.4185455e-24
   3.3981882e+01   9.4131053e-24
   3.4060245e+01   9.4077370e-24
   3.4138788e+01   9.4024399e-24
   3.4217512e+01   9.3972132e-24
   3.4296418e+01   9.3920562e-24
   3.4375506e+01   9.3869683e-24
   3.4454776e+01   9.3819485e-24
   3.4534229e+01   9.3769963e-24
   3.4613865e+01   9.3721109e-24
   3.4693685e+01   9.3672916e-24
   3.4773689e+01   9.3625378e-24
   3.4853877e+01   9.3578486e-24
   3.4934251e+01   9.3532235e-24
   3.5014809e+01   9.3486617e-24
   3.5095554e+01   9.3441626e-24
   3.5176484e+01   9.3397255e-24
   3.5257602e+01   9.3353498e-24
   3.5338906e+01   9.3310347e-24
   3.5420398e+01   9.3267796e-24
   3.5502077e+01   9.3225839e-24
   3.5583945e+01   9.3184469e-24
   3.5666002e+01   9.3143680e-24
   3.5748248e+01   9.3103466e-24
   3.5830684e+01   9.3063820e-24
   3.5913310e+01   9.3024736e-24
   3.5996126e+01   9.2986209e-24
   3.6079134e+01   9.2948231e-24
   3.6162332e+01   9.2910797e-24
   3.6245723e+01   9.2873902e-24
   3.6329306e+01   9.2837538e-24
   3.6413082e+01   9.2801700e-24
   3.6497050e+01   9.2766383e-24
   3.6581213e+01   9.2731580e-24
   3.6665569e+01   9.2697286e-24
   3.6750120e+01   9.2663495e-24
   3.6834867e+01   9.2630201e-24
   3.6919808e+01   9.2597400e-24
   3.7004945e+01   9.2565085e-24
   3.7090279e+01   9.2533252e-24
   3.7175810e+01   9.2501893e-24
   3.7261537e+01   9.2471006e-24
   3.7347463e+01   9.2440583e-24
   3.7433586e+01   9.2410620e-24
   3.7519908e+01   9.2381111e-24
   3.7606429e+01   9.2352051e-24
   3.7693150e+01   9.2323436e-24
   3.7780071e+01   9.2295260e-24
   3.7867192e+01   9.2267519e-24
   3.7954514e+01   9.2240206e-24
   3.8042037e+01   9.2213318e-24
   3.8129763e+01   9.2186849e-24
   3.8217690e+01   9.2160794e-24
   3.8305821e+01   9.2135150e-24
   3.8394154e+01   9.2109910e-24
   3.8482691e+01   9.2085071e-24
   3.8571433e+01   9.2060628e-24
   3.8660379e+01   9.2036575e-24
   3.8749530e+01   9.2012909e-24
   3.8838886e+01   9.1989626e-24
   3.8928449e+01   9.1966719e-24
   3.9018219e+01   9.1944186e-24
   3.9108195e+01   9.1922022e-24
   3.9198379e+01   9.1900222e-24
   3.9288770e+01   9.1878782e-24
   3.9379371e+01   9.1857699e-24
   3.9470180e+01   9.1836966e-24
   3.9561198e+01   9.1816582e-24
   3.9652427e+01   9.1796540e-24
   3.9743865e+01   9.1776838e-24
   3.9835515e+01   9.1757471e-24
   3.9927376e+01   9.1738435e-24
   4.0019449e+01   9.1719727e-24
   4.0111734e+01   9.1701342e-24
   4.0204232e+01   9.1683276e-24
   4.0296943e+01   9.1665526e-24
   4.0389868e+01   9.1648087e-24
   4.0483008e+01   9.1630957e-24
   4.0576362e+01   9.1614130e-24
   4.0669931e+01   9.1597605e-24
   4.0763716e+01   9.1581376e-24
   4.0857718e+01   9.1565440e-24
   4.0951936e+01   9.1549794e-24
   4.1046372e+01   9.1534434e-24
   4.1141025e+01   9.1519357e-24
   4.1235896e+01   9.1504559e-24
   4.1330987e+01   9.1490036e-24
   4.1426296e+01   9.1475786e-24
   4.1521826e+01   9.1461805e-24
   4.1617575e+01   9.1448089e-24
   4.1713546e+01   9.1434635e-24
   4.1809737e+01   9.1421440e-24
   4.1906151e+01   9.1408501e-24
   4.2002787e+01   9.1395815e-24
   4.2099646e+01   9.1383378e-24
   4.2196728e+01   9.1371187e-24
   4.2294034e+01   9.1359239e-24
   4.2391564e+01   9.1347532e-24
   4.2489319e+01   9.1336061e-24
   4.2587300e+01   9.1324824e-24
   4.2685507e+01   9.1313818e-24
   4.2783940e+01   9.1303041e-24
   4.2882600e+01   9.1292488e-24
   4.2981488e+01   9.1282158e-24
   4.3080603e+01   9.1272047e-24
   4.3179947e+01   9.1262153e-24
   4.3279521e+01   9.1252472e-24
   4.3379324e+01   9.1243003e-24
   4.3479357e+01   9.1233741e-24
   4.3579620e+01   9.1224686e-24
   4.3680115e+01   9.1215833e-24
   4.3780842e+01   9.1207181e-24
   4.3881801e+01   9.1198726e-24
   4.3982993e+01   9.1190466e-24
   4.4084418e+01   9.1182399e-24
   4.4186077e+01   9.1174521e-24
   4.4287970e+01   9.1166832e-24
   4.4390099e+01   9.1159327e-24
   4.4492463e+01   9.1152004e-24
   4.4595062e+01   9.1144862e-24
   4.4697899e+01   9.1137897e-24
   4.4800973e+01   9.1131108e-24
   4.4904284e+01   9.1124491e-24
   4.5007834e+01   9.1118046e-24
   4.5111622e+01   9.1111768e-24
   4.5215650e+01   9.1105657e-24
   4.5319918e+01   9.1099709e-24
   4.5424426e+01   9.1093923e-24
   4.5529175e+01   9.1088297e-24
   4.5634165e+01   9.1082827e-24
   4.5739398e+01   9.1077513e-24
   4.5844873e+01   9.1072351e-24
   4.5950592e+01   9.1067341e-24
   4.6056554e+01   9.1062479e-24
   4.6162761e+01   9.1057764e-24
   4.6269213e+01   9.1053193e-24
   4.6375910e+01   9.1048766e-24
   4.6482853e+01   9.1044478e-24
   4.6590043e+01   9.1040330e-24
   4.6697480e+01   9.1036318e-24
   4.6805165e+01   9.1032441e-24
   4.6913098e+01   9.1028698e-24
   4.7021280e+01   9.1025085e-24
   4.7129711e+01   9.1021601e-24
   4.7238393e+01   9.1018245e-24
   4.7347325e+01   9.1015014e-24
   4.7456508e+01   9.1011907e-24
   4.7565943e+01   9.1008922e-24
   4.7675631e+01   9.1006057e-24
   4.7785571e+01   9.1003311e-24
   4.7895765e+01   9.1000681e-24
   4.8006213e+01   9.0998167e-24
   4.8116916e+01   9.0995765e-24
   4.8227874e+01   9.0993476e-24
   4.8339087e+01   9.0991297e-24
   4.8450558e+01   9.0989226e-24
   4.8562285e+01   9.0987262e-24
   4.8674270e+01   9.0985404e-24
   4.8786513e+01   9.0983649e-24
   4.8899015e+01   9.0981996e-24
   4.9011777e+01   9.0980445e-24
   4.9124798e+01   9.0978992e-24
   4.9238081e+01   9.0977637e-24
   4.9351624e+01   9.0976378e-24
   4.9465429e+01   9.0975214e-24
   4.9579497e+01   9.0974143e-24
   4.9693828e+01   9.0973165e-24
   4.9808422e+01   9.0972276e-24
   4.9923280e+01   9.0971477e-24
   5.0038404e+01   9.0970766e-24
   5.0153793e+01   9.0970141e-24
   5.0269448e+01   9.0969601e-24
   5.0385370e+01   9.0969144e-24
   5.0501559e+01   9.0968771e-24
   5.0618016e+01   9.0968478e-24
   5.0734741e+01   9.0968265e-24
   5.0851736e+01   9.0968131e-24
   5.0969000e+01   9.0968074e-24
   5.1086535e+01   9.0968093e-24
   5.1204341e+01   9.0968187e-24
   5.1322419e+01   9.0968355e-24
   5.1440769e+01   9.0968595e-24
   5.1559392e+01   9.0968907e-24
   5.1678288e+01   9.0969289e-24
   5.1797458e+01   9.0969740e-24
   5.1916904e+01   9.0970259e-24
   5.2036625e+01   9.0970845e-24
   5.2156621e+01   9.0971496e-24
   5.2276895e+01   9.0972212e-24
   5.2397446e+01   9.0972992e-24
   5.2518275e+01   9.0973834e-24
   5.2639382e+01   9.0974737e-24
   5.2760769e+01   9.0975701e-24
   5.2882436e+01   9.0976724e-24
   5.3004383e+01   9.0977806e-24
   5.3126612e+01   9.0978945e-24
   5.3249122e+01   9.0980141e-24
   5.3371915e+01   9.0981392e-24
   5.3494991e+01   9.0982697e-24
   5.3618351e+01   9.0984056e-24
   5.3741995e+01   9.0985468e-24
   5.3865925e+01   9.0986931e-24
   5.3990140e+01   9.0988445e-24
   5.4114642e+01   9.0990009e-24
   5.4239430e+01   9.0991621e-24
   5.4364507e+01   9.0993282e-24
   5.4489872e+01   9.0994991e-24
   5.4615526e+01   9.0996745e-24
   5.4741470e+01   9.0998545e-24
   5.4867704e+01   9.1000390e-24
   5.4994229e+01   9.1002279e-24
   5.5121046e+01   9.1004211e-24
   5.5248156e+01   9.1006185e-24
   5.5375559e+01   9.1008200e-24
   5.5503255e+01   9.1010257e-24
   5.5631246e+01   9.1012353e-24
   5.5759532e+01   9.1014488e-24
   5.5888114e+01   9.1016662e-24
   5.6016992e+01   9.1018874e-24
   5.6146168e+01   9.1021123e-24
   5.6275642e+01   9.1023408e-24
   5.6405414e+01   9.1025728e-24
   5.6535485e+01   9.1028084e-24
   5.6665856e+01   9.1030473e-24
   5.6796528e+01   9.1032896e-24
   5.6927501e+01   9.1035352e-24
   5.7058777e+01   9.1037840e-24
   5.7190355e+01   9.1040359e-24
   5.7322236e+01   9.1042910e-24
   5.7454421e+01   9.1045491e-24
   5.7586912e+01   9.1048101e-24
   5.7719708e+01   9.1050740e-24
   5.7852810e+01   9.1053408e-24
   5.7986219e+01   9.1056103e-24
   5.8119935e+01   9.1058826e-24
   5.8253960e+01   9.1061575e-24
   5.8388294e+01   9.1064350e-24
   5.8522938e+01   9.1067151e-24
   5.8657893e+01   9.1069977e-24
   5.8793158e+01   9.1072827e-24
   5.8928736e+01   9.1075701e-24
   5.9064626e+01   9.1078598e-24
   5.9200829e+01   9.1081518e-24
   5.9337347e+01   9.1084460e-24
   5.9474179e+01   9.1087424e-24
   5.9611327e+01   9.1090409e-24
   5.9748791e+01   9.1093415e-24
   5.9886572e+01   9.1096441e-24
   6.0024671e+01   9.1099487e-24
   6.0163089e+01   9.1102552e-24
   6.0301825e+01   9.1105636e-24
   6.0440882e+01   9.1108739e-24
   6.0580259e+01   9.1111859e-24
   6.0719957e+01   9.1114997e-24
   6.0859978e+01   9.1118151e-24
   6.1000322e+01   9.1121323e-24
   6.1140989e+01   9.1124510e-24
   6.1281980e+01   9.1127713e-24
   6.1423297e+01   9.1130932e-24
   6.1564940e+01   9.1134165e-24
   6.1706909e+01   9.1137413e-24
   6.1849206e+01   9.1140676e-24
   6.1991830e+01   9.1143951e-24
   6.2134784e+01   9.1147241e-24
   6.2278067e+01   9.1150543e-24
   6.2421681e+01   9.1153857e-24
   6.2565626e+01   9.1157185e-24
   6.2709903e+01   9.1160523e-24
   6.2854512e+01   9.1163874e-24
   6.2999455e+01   9.1167235e-24
   6.3144732e+01   9.1170608e-24
   6.3290345e+01   9.1173991e-24
   6.3436293e+01   9.1177384e-24
   6.3582577e+01   9.1180787e-24
   6.3729199e+01   9.1184199e-24
   6.3876159e+01   9.1187621e-24
   6.4023458e+01   9.1191052e-24
   6.4171097e+01   9.1194491e-24
   6.4319076e+01   9.1197939e-24
   6.4467396e+01   9.1201394e-24
   6.4616058e+01   9.1204858e-24
   6.4765063e+01   9.1208328e-24
   6.4914412e+01   9.1211806e-24
   6.5064105e+01   9.1215291e-24
   6.5214144e+01   9.1218783e-24
   6.5364528e+01   9.1222281e-24
   6.5515259e+01   9.1225785e-24
   6.5666338e+01   9.1229294e-24
   6.5817765e+01   9.1232810e-24
   6.5969541e+01   9.1236331e-24
   6.6121667e+01   9.1239857e-24
   6.6274144e+01   9.1243387e-24
   6.6426973e+01   9.1246923e-24
   6.6580154e+01   9.1250463e-24
   6.6733688e+01   9.1254007e-24
   6.6887577e+01   9.1257555e-24
   6.7041820e+01   9.1261107e-24
   6.7196419e+01   9.1264663e-24
   6.7351374e+01   9.1268222e-24
   6.7506687e+01   9.1271784e-24
   6.7662358e+01   9.1275349e-24
   6.7818388e+01   9.1278917e-24
   6.7974778e+01   9.1282487e-24
   6.8131528e+01   9.1286060e-24
   6.8288640e+01   9.1289635e-24
   6.8446114e+01   9.1293212e-24
   6.8603951e+01   9.1296791e-24
   6.8762153e+01   9.1300372e-24
   6.8920719e+01   9.1303954e-24
   6.9079650e+01   9.1307538e-24
   6.9238949e+01   9.1311123e-24
   6.9398614e+01   9.1314709e-24
   6.9558648e+01   9.1318296e-24
   6.9719051e+01   9.1321883e-24
   6.9879823e+01   9.1325472e-24
   7.0040967e+01   9.1329061e-24
   7.0202482e+01   9.1332650e-24
   7.0364369e+01   9.1336239e-24
   7.0526630e+01   9.1339829e-24
   7.0689265e+01   9.1343418e-24
   7.0852275e+01   9.1347008e-24
   7.1015661e+01   9.1350597e-24
   7.1179423e+01   9.1354185e-24
   7.1343564e+01   9.1357773e-24
   7.1508083e+01   9.1361361e-24
   7.1672981e+01   9.1364948e-24
   7.1838259e+01   9.1368534e-24
   7.2003919e+01   9.1372119e-24
   7.2169960e+01   9.1375703e-24
   7.2336385e+01   9.1379286e-24
   7.2503193e+01   9.1382868e-24
   7.2670386e+01   9.1386448e-24
   7.2837964e+01   9.1390027e-24
   7.3005929e+01   9.1393605e-24
   7.3174282e+01   9.1397181e-24
   7.3343022e+01   9.1400755e-24
   7.3512152e+01   9.1404328e-24
   7.3681671e+01   9.1407899e-24
   7.3851582e+01   9.1411468e-24
   7.4021884e+01   9.1415035e-24
   7.4192579e+01   9.1418600e-24
   7.4363668e+01   9.1422163e-24
   7.4535151e+01   9.1425724e-24
   7.4707029e+01   9.1429283e-24
   7.4879304e+01   9.1432839e-24
   7.5051977e+01   9.1436393e-24
   7.5225047e+01   9.1439945e-24
   7.5398517e+01   9.1443495e-24
   7.5572386e+01   9.1447042e-24
   7.5746657e+01   9.1450587e-24
   7.5921329e+01   9.1454129e-24
   7.6096404e+01   9.1457669e-24
   7.6271883e+01   9.1461206e-24
   7.6447767e+01   9.1464741e-24
   7.6624056e+01   9.1468272e-24
   7.6800751e+01   9.1471802e-24
   7.6977855e+01   9.1475328e-24
   7.7155366e+01   9.1478852e-24
   7.7333287e+01   9.1482373e-24
   7.7511618e+01   9.1485891e-24
   7.7690361e+01   9.1489407e-24
   7.7869515e+01   9.1492919e-24
   7.8049083e+01   9.1496429e-24
   7.8229065e+01   9.1499936e-24
   7.8409461e+01   9.1503441e-24
   7.8590274e+01   9.1506942e-24
   7.8771504e+01   9.1510441e-24
   7.8953152e+01   9.1513936e-24
   7.9135218e+01   9.1517429e-24
   7.9317705e+01   9.1520919e-24
   7.9500612e+01   9.1524406e-24
   7.9683941e+01   9.1527890e-24
   7.9867693e+01   9.1531372e-24
   8.0051868e+01   9.1534850e-24
   8.0236468e+01   9.1538326e-24
   8.0421494e+01   9.1541799e-24
   8.0606947e+01   9.1545269e-24
   8.0792827e+01   9.1548736e-24
   8.0979136e+01   9.1552200e-24
   8.1165874e+01   9.1555662e-24
   8.1353044e+01   9.1559121e-24
   8.1540644e+01   9.1562577e-24
   8.1728678e+01   9.1566030e-24
   8.1917145e+01   9.1569481e-24
   8.2106046e+01   9.1572929e-24
   8.2295383e+01   9.1576375e-24
   8.2485157e+01   9.1579818e-24
   8.2675369e+01   9.1583258e-24
   8.2866019e+01   9.1586696e-24
   8.3057108e+01   9.1590131e-24
   8.3248639e+01   9.1593563e-24
   8.3440611e+01   9.1596994e-24
   8.3633025e+01   9.1600422e-24
   8.3825884e+01   9.1603847e-24
   8.4019187e+01   9.1607270e-24
   8.4212936e+01   9.1610691e-24
   8.4407131e+01   9.1614110e-24
   8.4601775e+01   9.1617526e-24
   8.4796867e+01   9.1620940e-24
   8.4992409e+01   9.1624352e-24
   8.5188403e+01   9.1627762e-24
   8.5384848e+01   9.1631170e-24
   8.5581746e+01   9.1634576e-24
   8.5779098e+01   9.1637980e-24
   8.5976905e+01   9.1641383e-24
   8.6175169e+01   9.1644783e-24
   8.6373889e+01   9.1648182e-24
   8.6573068e+01   9.1651579e-24
   8.6772706e+01   9.1654974e-24
   8.6972805e+01   9.1658368e-24
   8.7173365e+01   9.1661760e-24
   8.7374387e+01   9.1665151e-24
   8.7575873e+01   9.1668540e-24
   8.7777824e+01   9.1671928e-24
   8.7980240e+01   9.1675315e-24
   8.8183123e+01   9.1678701e-24
   8.8386474e+01   9.1682085e-24
   8.8590294e+01   9.1685468e-24
   8.8794584e+01   9.1688851e-24
   8.8999345e+01   9.1692232e-24
   8.9204578e+01   9.1695613e-24
   8.9410285e+01   9.1698993e-24
   8.9616465e+01   9.1702372e-24
   8.9823122e+01   9.1705750e-24
   9.0030254e+01   9.1709128e-24
   9.0237865e+01   9.1712505e-24
   9.0445954e+01   9.1715882e-24
   9.0654523e+01   9.1719259e-24
   9.0863573e+01   9.1722636e-24
   9.1073105e+01   9.1726012e-24
   9.1283120e+01   9.1729388e-24
   9.1493620e+01   9.1732764e-24
   9.1704605e+01   9.1736140e-24
   9.1916077e+01   9.1739517e-24
   9.2128036e+01   9.1742894e-24
   9.2340484e+01   9.1746271e-24
   9.2553422e+01   9.1749648e-24
   9.2766850e+01   9.1753026e-24
   9.2980771e+01   9.1756405e-24
   9.3195186e+01   9.1759784e-24
   9.3410095e+01   9.1763164e-24
   9.3625499e+01   9.1766545e-24
   9.3841400e+01   9.1769927e-24
   9.4057799e+01   9.1773309e-24
   9.4274697e+01   9.1776694e-24
   9.4492095e+01   9.1780079e-24
   9.4709995e+01   9.1783466e-24
   9.4928397e+01   9.1786854e-24
   9.5147302e+01   9.1790243e-24
   9.5366713e+01   9.1793635e-24
   9.5586629e+01   9.1797028e-24
   9.5807053e+01   9.1800422e-24
   9.6027984e+01   9.1803819e-24
   9.6249426e+01   9.1807218e-24
   9.6471378e+01   9.1810619e-24
   9.6693841e+01   9.1814022e-24
   9.6916818e+01   9.1817428e-24
   9.7140309e+01   9.1820836e-24
   9.7364315e+01   9.1824246e-24
   9.7588838e+01   9.1827659e-24
   9.7813879e+01   9.1831075e-24
   9.8039438e+01   9.1834494e-24
   9.8265518e+01   9.1837916e-24
   9.8492119e+01   9.1841341e-24
   9.8719243e+01   9.1844769e-24
   9.8946890e+01   9.1848200e-24
   9.9175062e+01   9.1851635e-24
   9.9403761e+01   9.1855074e-24
   9.9632987e+01   9.1858516e-24
   9.9862741e+01   9.1861961e-24
   1.0009303e+02   9.1865411e-24
   1.0032384e+02   9.1868865e-24
   1.0055519e+02   9.1872322e-24
   1.0078707e+02   9.1875784e-24
   1.0101948e+02   9.1879250e-24
   1.0125244e+02   9.1882721e-24
   1.0148593e+02   9.1886196e-24
   1.0171995e+02   9.1889676e-24
   1.0195452e+02   9.1893161e-24
   1.0218963e+02   9.1896651e-24
   1.0242528e+02   9.1900145e-24
   1.0266147e+02   9.1903645e-24
   1.0289821e+02   9.1907150e-24
   1.0313549e+02   9.1910661e-24
   1.0337332e+02   9.1914177e-24
   1.0361170e+02   9.1917698e-24
   1.0385063e+02   9.1921226e-24
   1.0409011e+02   9.1924759e-24
   1.0433015e+02   9.1928298e-24
   1.0457073e+02   9.1931844e-24
   1.0481187e+02   9.1935395e-24
   1.0505357e+02   9.1938953e-24
   1.0529582e+02   9.1942518e-24
   1.0553864e+02   9.1946089e-24
   1.0578201e+02   9.1949667e-24
   1.0602594e+02   9.1953252e-24
   1.0627044e+02   9.1956844e-24
   1.0651550e+02   9.1960443e-24
   1.0676113e+02   9.1964050e-24
   1.0700732e+02   9.1967663e-24
   1.0725408e+02   9.1971285e-24
   1.0750141e+02   9.1974914e-24
   1.0774931e+02   9.1978551e-24
   1.0799778e+02   9.1982195e-24
   1.0824682e+02   9.1985848e-24
   1.0849644e+02   9.1989509e-24
   1.0874663e+02   9.1993179e-24
   1.0899740e+02   9.1996857e-24
   1.0924875e+02   9.2000543e-24
   1.0950068e+02   9.2004238e-24
   1.0975319e+02   9.2007942e-24
   1.1000628e+02   9.2011656e-24
   1.1025996e+02   9.2015378e-24
   1.1051422e+02   9.2019110e-24
   1.1076906e+02   9.2022851e-24
   1.1102450e+02   9.2026601e-24
   1.1128052e+02   9.2030361e-24
   1.1153714e+02   9.2034132e-24
   1.1179434e+02   9.2037912e-24
   1.1205214e+02   9.2041702e-24
   1.1231053e+02   9.2045503e-24
   1.1256952e+02   9.2049314e-24
   1.1282911e+02   9.2053135e-24
   1.1308929e+02   9.2056967e-24
   1.1335008e+02   9.2060810e-24
   1.1361146e+02   9.2064664e-24
   1.1387345e+02   9.2068530e-24
   1.1413605e+02   9.2072406e-24
   1.1439924e+02   9.2076294e-24
   1.1466305e+02   9.2080193e-24
   1.1492746e+02   9.2084104e-24
   1.1519249e+02   9.2088027e-24
   1.1545812e+02   9.2091962e-24
   1.1572437e+02   9.2095909e-24
   1.1599123e+02   9.2099869e-24
   1.1625871e+02   9.2103841e-24
   1.1652680e+02   9.2107825e-24
   1.1679551e+02   9.2111822e-24
   1.1706484e+02   9.2115832e-24
   1.1733480e+02   9.2119855e-24
   1.1760537e+02   9.2123892e-24
   1.1787657e+02   9.2127941e-24
   1.1814839e+02   9.2132004e-24
   1.1842085e+02   9.2136081e-24
   1.1869392e+02   9.2140172e-24
   1.1896763e+02   9.2144276e-24
   1.1924197e+02   9.2148395e-24
   1.1951695e+02   9.2152527e-24
   1.1979255e+02   9.2156675e-24
   1.2006880e+02   9.2160836e-24
   1.2034568e+02   9.2165013e-24
   1.2062319e+02   9.2169204e-24
   1.2090135e+02   9.2173411e-24
   1.2118015e+02   9.2177632e-24
   1.2145959e+02   9.2181869e-24
   1.2173968e+02   9.2186122e-24
   1.2202041e+02   9.2190390e-24
   1.2230179e+02   9.2194674e-24
   1.2258382e+02   9.2198973e-24
   1.2286650e+02   9.2203289e-24
   1.2314983e+02   9.2207622e-24
   1.2343382e+02   9.2211970e-24
   1.2371846e+02   9.2216336e-24
   1.2400375e+02   9.2220718e-24
   1.2428971e+02   9.2225117e-24
   1.2457632e+02   9.2229533e-24
   1.2486359e+02   9.2233966e-24
   1.2515153e+02   9.2238417e-24
   1.2544013e+02   9.2242885e-24
   1.2572940e+02   9.2247371e-24
   1.2601933e+02   9.2251875e-24
   1.2630993e+02   9.2256397e-24
   1.2660120e+02   9.2260937e-24
   1.2689314e+02   9.2265496e-24
   1.2718576e+02   9.2270073e-24
   1.2747905e+02   9.2274669e-24
   1.2777302e+02   9.2279284e-24
   1.2806767e+02   9.2283918e-24
   1.2836299e+02   9.2288571e-24
   1.2865900e+02   9.2293243e-24
   1.2895569e+02   9.2297935e-24
   1.2925306e+02   9.2302647e-24
   1.2955112e+02   9.2307379e-24
   1.2984986e+02   9.2312130e-24
   1.3014930e+02   9.2316902e-24
   1.3044942e+02   9.2321695e-24
   1.3075024e+02   9.2326508e-24
   1.3105175e+02   9.2331341e-24
   1.3135396e+02   9.2336196e-24
   1.3165686e+02   9.2341072e-24
   1.3196046e+02   9.2345968e-24
   1.3226476e+02   9.2350887e-24
   1.3256977e+02   9.2355827e-24
   1.3287547e+02   9.2360789e-24
   1.3318189e+02   9.2365772e-24
   1.3348901e+02   9.2370778e-24
   1.3379683e+02   9.2375807e-24
   1.3410537e+02   9.2380857e-24
   1.3441462e+02   9.2385931e-24
   1.3472458e+02   9.2391027e-24
   1.3503525e+02   9.2396146e-24
   1.3534665e+02   9.2401288e-24
   1.3565876e+02   9.2406454e-24
   1.3597159e+02   9.2411644e-24
   1.3628514e+02   9.2416857e-24
   1.3659941e+02   9.2422094e-24
   1.3691441e+02   9.2427355e-24
   1.3723014e+02   9.2432640e-24
   1.3754659e+02   9.2437950e-24
   1.3786377e+02   9.2443284e-24
   1.3818169e+02   9.2448643e-24
   1.3850034e+02   9.2454028e-24
   1.3881972e+02   9.2459437e-24
   1.3913984e+02   9.2464872e-24
   1.3946070e+02   9.2470332e-24
   1.3978229e+02   9.2475818e-24
   1.4010463e+02   9.2481330e-24
   1.4042772e+02   9.2486868e-24
   1.4075154e+02   9.2492432e-24
   1.4107612e+02   9.2498023e-24
   1.4140144e+02   9.2503641e-24
   1.4172751e+02   9.2509285e-24
   1.4205434e+02   9.2514956e-24
   1.4238192e+02   9.2520655e-24
   1.4271025e+02   9.2526381e-24
   1.4303934e+02   9.2532135e-24
   1.4336919e+02   9.2537916e-24
   1.4369980e+02   9.2543725e-24
   1.4403117e+02   9.2549563e-24
   1.4436331e+02   9.2555429e-24
   1.4469621e+02   9.2561323e-24
   1.4502988e+02   9.2567247e-24
   1.4536432e+02   9.2573199e-24
   1.4569954e+02   9.2579180e-24
   1.4603552e+02   9.2585191e-24
   1.4637228e+02   9.2591231e-24
   1.4670981e+02   9.2597301e-24
   1.4704813e+02   9.2603401e-24
   1.4738722e+02   9.2609531e-24
   1.4772710e+02   9.2615691e-24
   1.4806776e+02   9.2621882e-24
   1.4840920e+02   9.2628103e-24
   1.4875144e+02   9.2634355e-24
   1.4909446e+02   9.2640639e-24
   1.4943827e+02   9.2646954e-24
   1.4978288e+02   9.2653300e-24
   1.5012828e+02   9.2659678e-24
   1.5047447e+02   9.2666088e-24
   1.5082147e+02   9.2672530e-24
   1.5116927e+02   9.2679004e-24
   1.5151786e+02   9.2685511e-24
   1.5186726e+02   9.2692050e-24
   1.5221747e+02   9.2698623e-24
   1.5256849e+02   9.2705228e-24
   1.5292031e+02   9.2711867e-24
   1.5327295e+02   9.2718539e-24
   1.5362639e+02   9.2725246e-24
   1.5398066e+02   9.2731986e-24
   1.5433574e+02   9.2738760e-24
   1.5469164e+02   9.2745569e-24
   1.5504836e+02   9.2752412e-24
   1.5540590e+02   9.2759290e-24
   1.5576427e+02   9.2766203e-24
   1.5612346e+02   9.2773151e-24
   1.5648348e+02   9.2780134e-24
   1.5684434e+02   9.2787154e-24
   1.5720602e+02   9.2794209e-24
   1.5756854e+02   9.2801300e-24
   1.5793189e+02   9.2808427e-24
   1.5829608e+02   9.2815591e-24
   1.5866112e+02   9.2822791e-24
   1.5902699e+02   9.2830029e-24
   1.5939371e+02   9.2837303e-24
   1.5976127e+02   9.2844615e-24
   1.6012968e+02   9.2851964e-24
   1.6049894e+02   9.2859352e-24
   1.6086905e+02   9.2866777e-24
   1.6124002e+02   9.2874240e-24
   1.6161184e+02   9.2881742e-24
   1.6198452e+02   9.2889282e-24
   1.6235805e+02   9.2896862e-24
   1.6273245e+02   9.2904480e-24
   1.6310772e+02   9.2912138e-24
   1.6348384e+02   9.2919835e-24
   1.6386084e+02   9.2927572e-24
   1.6423870e+02   9.2935349e-24
   1.6461744e+02   9.2943166e-24
   1.6499705e+02   9.2951024e-24
   1.6537753e+02   9.2958923e-24
   1.6575889e+02   9.2966862e-24
   1.6614114e+02   9.2974842e-24
   1.6652426e+02   9.2982864e-24
   1.6690826e+02   9.2990927e-24
   1.6729316e+02   9.2999032e-24
   1.6767894e+02   9.3007179e-24
   1.6806560e+02   9.3015369e-24
   1.6845316e+02   9.3023600e-24
   1.6884162e+02   9.3031875e-24
   1.6923097e+02   9.3040193e-24
   1.6962122e+02   9.3048553e-24
   1.7001236e+02   9.3056958e-24
   1.7040441e+02   9.3065405e-24
   1.7079737e+02   9.3073897e-24
   1.7119123e+02   9.3082433e-24
   1.7158600e+02   9.3091013e-24
   1.7198168e+02   9.3099638e-24
   1.7237827e+02   9.3108308e-24
   1.7277577e+02   9.3117023e-24
   1.7317419e+02   9.3125783e-24
   1.7357354e+02   9.3134589e-24
   1.7397380e+02   9.3143440e-24
   1.7437498e+02   9.3152338e-24
   1.7477709e+02   9.3161282e-24
   1.7518013e+02   9.3170272e-24
   1.7558410e+02   9.3179310e-24
   1.7598899e+02   9.3188394e-24
   1.7639483e+02   9.3197526e-24
   1.7680159e+02   9.3206705e-24
   1.7720930e+02   9.3215932e-24
   1.7761795e+02   9.3225206e-24
   1.7802753e+02   9.3234530e-24
   1.7843807e+02   9.3243901e-24
   1.7884955e+02   9.3253322e-24
   1.7926198e+02   9.3262791e-24
   1.7967535e+02   9.3272310e-24
   1.8008969e+02   9.3281879e-24
   1.8050498e+02   9.3291497e-24
   1.8092122e+02   9.3301165e-24
   1.8133843e+02   9.3310883e-24
   1.8175659e+02   9.3320652e-24
   1.8217573e+02   9.3330472e-24
   1.8259583e+02   9.3340343e-24
   1.8301689e+02   9.3350265e-24
   1.8343893e+02   9.3360239e-24
   1.8386194e+02   9.3370265e-24
   1.8428593e+02   9.3380343e-24
   1.8471089e+02   9.3390473e-24
   1.8513684e+02   9.3400656e-24
   1.8556377e+02   9.3410892e-24
   1.8599168e+02   9.3421180e-24
   1.8642058e+02   9.3431523e-24
   1.8685046e+02   9.3441919e-24
   1.8728134e+02   9.3452369e-24
   1.8771321e+02   9.3462873e-24
   1.8814608e+02   9.3473432e-24
   1.8857995e+02   9.3484045e-24
   1.8901482e+02   9.3494714e-24
   1.8945068e+02   9.3505438e-24
   1.8988756e+02   9.3516217e-24
   1.9032544e+02   9.3527052e-24
   1.9076433e+02   9.3537944e-24
   1.9120424e+02   9.3548892e-24
   1.9164516e+02   9.3559896e-24
   1.9208709e+02   9.3570958e-24
   1.9253005e+02   9.3582077e-24
   1.9297402e+02   9.3593253e-24
   1.9341902e+02   9.3604487e-24
   1.9386505e+02   9.3615779e-24
   1.9431210e+02   9.3627130e-24
   1.9476019e+02   9.3638539e-24
   1.9520930e+02   9.3650007e-24
   1.9565946e+02   9.3661534e-24
   1.9611065e+02   9.3673121e-24
   1.9656288e+02   9.3684768e-24
   1.9701616e+02   9.3696474e-24
   1.9747048e+02   9.3708242e-24
   1.9792585e+02   9.3720069e-24
   1.9838227e+02   9.3731958e-24
   1.9883974e+02   9.3743908e-24
   1.9929826e+02   9.3755919e-24
   1.9975785e+02   9.3767992e-24
   2.0021849e+02   9.3780128e-24
   2.0068020e+02   9.3792325e-24
   2.0114297e+02   9.3804586e-24
   2.0160680e+02   9.3816909e-24
   2.0207171e+02   9.3829296e-24
   2.0253769e+02   9.3841746e-24
   2.0300474e+02   9.3854261e-24
   2.0347287e+02   9.3866839e-24
   2.0394208e+02   9.3879482e-24
   2.0441237e+02   9.3892190e-24
   2.0488375e+02   9.3904962e-24
   2.0535621e+02   9.3917801e-24
   2.0582977e+02   9.3930704e-24
   2.0630441e+02   9.3943674e-24
   2.0678015e+02   9.3956711e-24
   2.0725699e+02   9.3969814e-24
   2.0773492e+02   9.3982983e-24
   2.0821396e+02   9.3996221e-24
   2.0869411e+02   9.4009525e-24
   2.0917536e+02   9.4022898e-24
   2.0965772e+02   9.4036339e-24
   2.1014119e+02   9.4049848e-24
   2.1062578e+02   9.4063426e-24
   2.1111148e+02   9.4077073e-24
   2.1159831e+02   9.4090790e-24
   2.1208625e+02   9.4104576e-24
   2.1257533e+02   9.4118433e-24
   2.1306553e+02   9.4132360e-24
   2.1355686e+02   9.4146358e-24
   2.1404932e+02   9.4160427e-24
   2.1454292e+02   9.4174567e-24
   2.1503766e+02   9.4188779e-24
   2.1553354e+02   9.4203063e-24
   2.1603056e+02   9.4217419e-24
   2.1652873e+02   9.4231849e-24
   2.1702804e+02   9.4246351e-24
   2.1752851e+02   9.4260926e-24
   2.1803013e+02   9.4275575e-24
   2.1853291e+02   9.4290299e-24
   2.1903685e+02   9.4305096e-24
   2.1954195e+02   9.4319969e-24
   2.2004822e+02   9.4334916e-24
   2.2055565e+02   9.4349939e-24
   2.2106425e+02   9.4365037e-24
   2.2157403e+02   9.4380212e-24
   2.2208498e+02   9.4395463e-24
   2.2259711e+02   9.4410791e-24
   2.2311042e+02   9.4426195e-24
   2.2362491e+02   9.4441678e-24
   2.2414060e+02   9.4457238e-24
   2.2465747e+02   9.4472876e-24
   2.2517553e+02   9.4488592e-24
   2.2569478e+02   9.4504388e-24
   2.2621524e+02   9.4520263e-24
   2.2673689e+02   9.4536217e-24
   2.2725975e+02   9.4552251e-24
   2.2778381e+02   9.4568365e-24
   2.2830908e+02   9.4584560e-24
   2.2883556e+02   9.4600836e-24
   2.2936326e+02   9.4617193e-24
   2.2989217e+02   9.4633632e-24
   2.3042231e+02   9.4650153e-24
   2.3095366e+02   9.4666756e-24
   2.3148624e+02   9.4683442e-24
   2.3202005e+02   9.4700211e-24
   2.3255509e+02   9.4717064e-24
   2.3309137e+02   9.4734000e-24
   2.3362888e+02   9.4751021e-24
   2.3416763e+02   9.4768127e-24
   2.3470762e+02   9.4785317e-24
   2.3524886e+02   9.4802593e-24
   2.3579134e+02   9.4819954e-24
   2.3633508e+02   9.4837401e-24
   2.3688007e+02   9.4854935e-24
   2.3742632e+02   9.4872556e-24
   2.3797382e+02   9.4890264e-24
   2.3852259e+02   9.4908059e-24
   2.3907263e+02   9.4925943e-24
   2.3962393e+02   9.4943915e-24
   2.4017651e+02   9.4961976e-24
   2.4073036e+02   9.4980125e-24
   2.4128548e+02   9.4998365e-24
   2.4184189e+02   9.5016694e-24
   2.4239958e+02   9.5035113e-24
   2.4295855e+02   9.5053624e-24
   2.4351882e+02   9.5072225e-24
   2.4408037e+02   9.5090918e-24
   2.4464322e+02   9.5109702e-24
   2.4520737e+02   9.5128579e-24
   2.4577282e+02   9.5147549e-24
   2.4633958e+02   9.5166611e-24
   2.4690764e+02   9.5185767e-24
   2.4747701e+02   9.5205017e-24
   2.4804769e+02   9.5224361e-24
   2.4861969e+02   9.5243800e-24
   2.4919301e+02   9.5263334e-24
   2.4976765e+02   9.5282963e-24
   2.5034362e+02   9.5302688e-24
   2.5092091e+02   9.5322510e-24
   2.5149954e+02   9.5342428e-24
   2.5207950e+02   9.5362444e-24
   2.5266080e+02   9.5382556e-24
   2.5324343e+02   9.5402767e-24
   2.5382742e+02   9.5423076e-24
   2.5441274e+02   9.5443484e-24
   2.5499942e+02   9.5463992e-24
   2.5558745e+02   9.5484598e-24
   2.5617684e+02   9.5505305e-24
   2.5676758e+02   9.5526113e-24
   2.5735969e+02   9.5547021e-24
   2.5795317e+02   9.5568030e-24
   2.5854801e+02   9.5589141e-24
   2.5914422e+02   9.5610355e-24
   2.5974181e+02   9.5631671e-24
   2.6034078e+02   9.5653090e-24
   2.6094112e+02   9.5674613e-24
   2.6154286e+02   9.5696239e-24
   2.6214598e+02   9.5717970e-24
   2.6275049e+02   9.5739805e-24
   2.6335639e+02   9.5761746e-24
   2.6396369e+02   9.5783793e-24
   2.6457240e+02   9.5805945e-24
   2.6518250e+02   9.5828204e-24
   2.6579401e+02   9.5850570e-24
   2.6640694e+02   9.5873044e-24
   2.6702127e+02   9.5895625e-24
   2.6763703e+02   9.5918315e-24
   2.6825420e+02   9.5941114e-24
   2.6887280e+02   9.5964022e-24
   2.6949282e+02   9.5987039e-24
   2.7011427e+02   9.6010167e-24
   2.7073716e+02   9.6033405e-24
   2.7136148e+02   9.6056755e-24
   2.7198724e+02   9.6080216e-24
   2.7261444e+02   9.6103789e-24
   2.7324310e+02   9.6127474e-24
   2.7387320e+02   9.6151272e-24
   2.7450475e+02   9.6175184e-24
   2.7513776e+02   9.6199210e-24
   2.7577223e+02   9.6223350e-24
   2.7640816e+02   9.6247604e-24
   2.7704556e+02   9.6271974e-24
   2.7768443e+02   9.6296460e-24
   2.7832477e+02   9.6321062e-24
   2.7896659e+02   9.6345781e-24
   2.7960989e+02   9.6370617e-24
   2.8025467e+02   9.6395571e-24
   2.8090094e+02   9.6420642e-24
   2.8154870e+02   9.6445833e-24
   2.8219796e+02   9.6471142e-24
   2.8284871e+02   9.6496572e-24
   2.8350096e+02   9.6522121e-24
   2.8415471e+02   9.6547791e-24
   2.8480998e+02   9.6573582e-24
   2.8546675e+02   9.6599494e-24
   2.8612504e+02   9.6625529e-24
   2.8678485e+02   9.6651686e-24
   2.8744617e+02   9.6677967e-24
   2.8810903e+02   9.6704371e-24
   2.8877341e+02   9.6730899e-24
   2.8943932e+02   9.6757551e-24
   2.9010677e+02   9.6784329e-24
   2.9077576e+02   9.6811232e-24
   2.9144629e+02   9.6838261e-24
   2.9211837e+02   9.6865418e-24
   2.9279200e+02   9.6892701e-24
   2.9346718e+02   9.6920112e-24
   2.9414391e+02   9.6947651e-24
   2.9482221e+02   9.6975318e-24
   2.9550207e+02   9.7003115e-24
   2.9618350e+02   9.7031042e-24
   2.9686651e+02   9.7059099e-24
   2.9755108e+02   9.7087286e-24
   2.9823724e+02   9.7115605e-24
   2.9892498e+02   9.7144056e-24
   2.9961430e+02   9.7172639e-24
   3.0030521e+02   9.7201355e-24
   3.0099772e+02   9.7230205e-24
   3.0169182e+02   9.7259188e-24
   3.0238752e+02   9.7288306e-24
   3.0308483e+02   9.7317559e-24
   3.0378375e+02   9.7346948e-24
   3.0448428e+02   9.7376472e-24
   3.0518642e+02   9.7406134e-24
   3.0589018e+02   9.7435932e-24
   3.0659557e+02   9.7465869e-24
   3.0730258e+02   9.7495943e-24
   3.0801122e+02   9.7526157e-24
   3.0872150e+02   9.7556510e-24
   3.0943341e+02   9.7587003e-24
   3.1014697e+02   9.7617636e-24
   3.1086217e+02   9.7648411e-24
   3.1157902e+02   9.7679327e-24
   3.1229752e+02   9.7710385e-24
   3.1301768e+02   9.7741586e-24
   3.1373950e+02   9.7772931e-24
   3.1446299e+02   9.7804419e-24
   3.1518814e+02   9.7836052e-24
   3.1591497e+02   9.7867830e-24
   3.1664347e+02   9.7899754e-24
   3.1737365e+02   9.7931823e-24
   3.1810552e+02   9.7964040e-24
   3.1883907e+02   9.7996404e-24
   3.1957432e+02   9.8028915e-24
   3.2031126e+02   9.8061576e-24
   3.2104990e+02   9.8094385e-24
   3.2179024e+02   9.8127344e-24
   3.2253229e+02   9.8160453e-24
   3.2327606e+02   9.8193714e-24
   3.2402153e+02   9.8227125e-24
   3.2476873e+02   9.8260689e-24
   3.2551765e+02   9.8294405e-24
   3.2626829e+02   9.8328275e-24
   3.2702067e+02   9.8362298e-24
   3.2777478e+02   9.8396476e-24
   3.2853063e+02   9.8430809e-24
   3.2928823e+02   9.8465297e-24
   3.3004757e+02   9.8499942e-24
   3.3080866e+02   9.8534744e-24
   3.3157151e+02   9.8569703e-24
   3.3233612e+02   9.8604820e-24
   3.3310249e+02   9.8640096e-24
   3.3387062e+02   9.8675531e-24
   3.3464053e+02   9.8711126e-24
   3.3541221e+02   9.8746882e-24
   3.3618568e+02   9.8782798e-24
   3.3696092e+02   9.8818877e-24
   3.3773796e+02   9.8855118e-24
   3.3851679e+02   9.8891522e-24
   3.3929741e+02   9.8928090e-24
   3.4007983e+02   9.8964822e-24
   3.4086406e+02   9.9001719e-24
   3.4165009e+02   9.9038781e-24
   3.4243794e+02   9.9076010e-24
   3.4322760e+02   9.9113406e-24
   3.4401909e+02   9.9150969e-24
   3.4481240e+02   9.9188700e-24
   3.4560754e+02   9.9226600e-24
   3.4640451e+02   9.9264670e-24
   3.4720333e+02   9.9302909e-24
   3.4800398e+02   9.9341320e-24
   3.4880648e+02   9.9379901e-24
   3.4961083e+02   9.9418655e-24
   3.5041703e+02   9.9457581e-24
   3.5122510e+02   9.9496681e-24
   3.5203503e+02   9.9535955e-24
   3.5284682e+02   9.9575404e-24
   3.5366049e+02   9.9615027e-24
   3.5447603e+02   9.9654827e-24
   3.5529346e+02   9.9694804e-24
   3.5611277e+02   9.9734958e-24
   3.5693397e+02   9.9775290e-24
   3.5775706e+02   9.9815800e-24
   3.5858205e+02   9.9856491e-24
   3.5940894e+02   9.9897361e-24
   3.6023774e+02   9.9938411e-24
   3.6106845e+02   9.9979644e-24
   3.6190108e+02   1.0002106e-23
   3.6273563e+02   1.0006266e-23
   3.6357210e+02   1.0010444e-23
   3.6441050e+02   1.0014640e-23
   3.6525083e+02   1.0018855e-23
   3.6609310e+02   1.0023089e-23
   3.6693731e+02   1.0027341e-23
   3.6778347e+02   1.0031612e-23
   3.6863159e+02   1.0035901e-23
   3.6948165e+02   1.0040210e-23
   3.7033368e+02   1.0044537e-23
   3.7118767e+02   1.0048883e-23
   3.7204364e+02   1.0053249e-23
   3.7290157e+02   1.0057633e-23
   3.7376148e+02   1.0062037e-23
   3.7462338e+02   1.0066460e-23
   3.7548727e+02   1.0070902e-23
   3.7635314e+02   1.0075364e-23
   3.7722102e+02   1.0079845e-23
   3.7809089e+02   1.0084346e-23
   3.7896277e+02   1.0088867e-23
   3.7983666e+02   1.0093407e-23
   3.8071257e+02   1.0097967e-23
   3.8159049e+02   1.0102546e-23
   3.8247044e+02   1.0107146e-23
   3.8335242e+02   1.0111766e-23
   3.8423644e+02   1.0116405e-23
   3.8512249e+02   1.0121065e-23
   3.8601059e+02   1.0125745e-23
   3.8690073e+02   1.0130446e-23
   3.8779292e+02   1.0135166e-23
   3.8868718e+02   1.0139907e-23
   3.8958349e+02   1.0144669e-23
   3.9048188e+02   1.0149451e-23
   3.9138233e+02   1.0154254e-23
   3.9228486e+02   1.0159078e-23
   3.9318947e+02   1.0163923e-23
   3.9409617e+02   1.0168788e-23
   3.9500496e+02   1.0173674e-23
   3.9591584e+02   1.0178582e-23
   3.9682883e+02   1.0183511e-23
   3.9774392e+02   1.0188460e-23
   3.9866112e+02   1.0193431e-23
   3.9958044e+02   1.0198424e-23
   4.0050187e+02   1.0203438e-23
   4.0142543e+02   1.0208473e-23
   4.0235112e+02   1.0213530e-23
   4.0327895e+02   1.0218609e-23
   4.0420891e+02   1.0223710e-23
   4.0514102e+02   1.0228832e-23
   4.0607528e+02   1.0233976e-23
   4.0701169e+02   1.0239142e-23
   4.0795026e+02   1.0244331e-23
   4.0889100e+02   1.0249541e-23
   4.0983390e+02   1.0254774e-23
   4.1077898e+02   1.0260029e-23
   4.1172624e+02   1.0265307e-23
   4.1267569e+02   1.0270607e-23
   4.1362732e+02   1.0275929e-23
   4.1458115e+02   1.0281274e-23
   4.1553718e+02   1.0286642e-23
   4.1649541e+02   1.0292033e-23
   4.1745585e+02   1.0297447e-23
   4.1841851e+02   1.0302884e-23
   4.1938338e+02   1.0308343e-23
   4.2035048e+02   1.0313826e-23
   4.2131982e+02   1.0319333e-23
   4.2229138e+02   1.0324862e-23
   4.2326519e+02   1.0330415e-23
   4.2424124e+02   1.0335992e-23
   4.2521955e+02   1.0341592e-23
   4.2620010e+02   1.0347216e-23
   4.2718293e+02   1.0352863e-23
   4.2816801e+02   1.0358535e-23
   4.2915537e+02   1.0364231e-23
   4.3014501e+02   1.0369950e-23
   4.3113692e+02   1.0375694e-23
   4.3213113e+02   1.0381462e-23
   4.3312763e+02   1.0387254e-23
   4.3412642e+02   1.0393071e-23
   4.3512752e+02   1.0398913e-23
   4.3613093e+02   1.0404779e-23
   4.3713665e+02   1.0410670e-23
   4.3814469e+02   1.0416586e-23
   4.3915506e+02   1.0422526e-23
   4.4016775e+02   1.0428492e-23
   4.4118278e+02   1.0434484e-23
   4.4220015e+02   1.0440500e-23
   4.4321987e+02   1.0446542e-23
   4.4424194e+02   1.0452610e-23
   4.4526636e+02   1.0458704e-23
   4.4629315e+02   1.0464823e-23
   4.4732231e+02   1.0470969e-23
   4.4835383e+02   1.0477141e-23
   4.4938774e+02   1.0483339e-23
   4.5042403e+02   1.0489565e-23
   4.5146271e+02   1.0495817e-23
   4.5250379e+02   1.0502096e-23
   4.5354727e+02   1.0508403e-23
   4.5459315e+02   1.0514738e-23
   4.5564145e+02   1.0521102e-23
   4.5669216e+02   1.0527494e-23
   4.5774529e+02   1.0533916e-23
   4.5880086e+02   1.0540368e-23
   4.5985886e+02   1.0546851e-23
   4.6091930e+02   1.0553366e-23
   4.6198218e+02   1.0559915e-23
   4.6304751e+02   1.0566499e-23
   4.6411530e+02   1.0573122e-23
   4.6518556e+02   1.0579785e-23
   4.6625828e+02   1.0586495e-23
   4.6733347e+02   1.0593257e-23
   4.6841115e+02   1.0600082e-23
   4.6949131e+02   1.0606983e-23
   4.7057396e+02   1.0613985e-23
   4.7165911e+02   1.0621125e-23
   4.7274676e+02   1.0628471e-23
   4.7383691e+02   1.0636151e-23
   4.7492958e+02   1.0644434e-23
   4.7602478e+02   1.0653964e-23
   4.7712249e+02   1.0666634e-23
   4.7822274e+02   1.0690208e-23
   4.7932553e+02   1.0789925e-23
   4.8043085e+02   4.1856056e-23
   4.8153873e+02   1.0784071e-23
   4.8264916e+02   1.0714655e-23
   4.8376216e+02   1.0707009e-23
   4.8487772e+02   1.0708899e-23
   4.8599585e+02   1.0713602e-23
   4.8711656e+02   1.0719436e-23
   4.8823985e+02   1.0725820e-23
   4.8936574e+02   1.0732510e-23
   4.9049422e+02   1.0739391e-23
   4.9162530e+02   1.0746401e-23
   4.9275899e+02   1.0753506e-23
   4.9389530e+02   1.0760684e-23
   4.9503423e+02   1.0767923e-23
   4.9617578e+02   1.0775213e-23
   4.9731996e+02   1.0782551e-23
   4.9846679e+02   1.0789930e-23
   4.9961626e+02   1.0797349e-23
   5.0076837e+02   1.0804805e-23
   5.0192315e+02   1.0812298e-23
   5.0308059e+02   1.0819825e-23
   5.0424070e+02   1.0827387e-23
   5.0540348e+02   1.0834982e-23
   5.0656894e+02   1.0842610e-23
   5.0773710e+02   1.0850271e-23
   5.0890794e+02   1.0857965e-23
   5.1008149e+02   1.0865691e-23
   5.1125774e+02   1.0873449e-23
   5.1243670e+02   1.0881239e-23
   5.1361839e+02   1.0889062e-23
   5.1480279e+02   1.0896916e-23
   5.1598993e+02   1.0904802e-23
   5.1717981e+02   1.0912721e-23
   5.1837243e+02   1.0920671e-23
   5.1956780e+02   1.0928654e-23
   5.2076593e+02   1.0936668e-23
   5.2196682e+02   1.0944715e-23
   5.2317048e+02   1.0952794e-23
   5.2437691e+02   1.0960906e-23
   5.2558613e+02   1.0969049e-23
   5.2679814e+02   1.0977225e-23
   5.2801294e+02   1.0985434e-23
   5.2923054e+02   1.0993676e-23
   5.3045095e+02   1.1001950e-23
   5.3167417e+02   1.1010256e-23
   5.3290022e+02   1.1018596e-23
   5.3412909e+02   1.1026969e-23
   5.3536079e+02   1.1035374e-23
   5.3659534e+02   1.1043813e-23
   5.3783273e+02   1.1052285e-23
   5.3907298e+02   1.1060791e-23
   5.4031609e+02   1.1069330e-23
   5.4156206e+02   1.1077902e-23
   5.4281090e+02   1.1086508e-23
   5.4406263e+02   1.1095148e-23
   5.4531724e+02   1.1103822e-23
   5.4657475e+02   1.1112529e-23
   5.4783515e+02   1.1121271e-23
   5.4909847e+02   1.1130047e-23
   5.5036469e+02   1.1138857e-23
   5.5163384e+02   1.1147701e-23
   5.5290591e+02   1.1156580e-23
   5.5418091e+02   1.1165494e-23
   5.5545886e+02   1.1174442e-23
   5.5673975e+02   1.1183425e-23
   5.5802360e+02   1.1192443e-23
   5.5931040e+02   1.1201496e-23
   5.6060018e+02   1.1210584e-23
   5.6189293e+02   1.1219707e-23
   5.6318866e+02   1.1228865e-23
   5.6448737e+02   1.1238059e-23
   5.6578909e+02   1.1247288e-23
   5.6709380e+02   1.1256554e-23
   5.6840152e+02   1.1265854e-23
   5.6971226e+02   1.1275191e-23
   5.7102602e+02   1.1284564e-23
   5.7234281e+02   1.1293973e-23
   5.7366264e+02   1.1303418e-23
   5.7498551e+02   1.1312899e-23
   5.7631143e+02   1.1322416e-23
   5.7764041e+02   1.1331971e-23
   5.7897245e+02   1.1341562e-23
   5.8030757e+02   1.1351189e-23
   5.8164576e+02   1.1360854e-23
   5.8298704e+02   1.1370555e-23
   5.8433141e+02   1.1380294e-23
   5.8567889e+02   1.1390069e-23
   5.8702947e+02   1.1399882e-23
   5.8838316e+02   1.1409733e-23
   5.8973998e+02   1.1419621e-23
   5.9109992e+02   1.1429547e-23
   5.9246300e+02   1.1439510e-23
   5.9382923e+02   1.1449511e-23
   5.9519860e+02   1.1459551e-23
   5.9657113e+02   1.1469628e-23
   5.9794683e+02   1.1479744e-23
   5.9932570e+02   1.1489898e-23
   6.0070775e+02   1.1500090e-23
   6.0209299e+02   1.1510321e-23
   6.0348142e+02   1.1520591e-23
   6.0487305e+02   1.1530900e-23
   6.0626789e+02   1.1541247e-23
   6.0766595e+02   1.1551634e-23
   6.0906723e+02   1.1562059e-23
   6.1047175e+02   1.1572524e-23
   6.1187950e+02   1.1583029e-23
   6.1329050e+02   1.1593572e-23
   6.1470475e+02   1.1604156e-23
   6.1612226e+02   1.1614779e-23
   6.1754305e+02   1.1625442e-23
   6.1896711e+02   1.1636145e-23
   6.2039445e+02   1.1646888e-23
   6.2182508e+02   1.1657672e-23
   6.2325902e+02   1.1668495e-23
   6.2469626e+02   1.1679359e-23
   6.2613681e+02   1.1690264e-23
   6.2758069e+02   1.1701209e-23
   6.2902789e+02   1.1712196e-23
   6.3047844e+02   1.1723223e-23
   6.3193232e+02   1.1734291e-23
   6.3338957e+02   1.1745400e-23
   6.3485017e+02   1.1756551e-23
   6.3631414e+02   1.1767743e-23
   6.3778148e+02   1.1778976e-23
   6.3925221e+02   1.1790252e-23
   6.4072633e+02   1.1801569e-23
   6.4220385e+02   1.1812927e-23
   6.4368478e+02   1.1824328e-23
   6.4516912e+02   1.1835771e-23
   6.4665688e+02   1.1847257e-23
   6.4814808e+02   1.1858784e-23
   6.4964271e+02   1.1870354e-23
   6.5114080e+02   1.1881967e-23
   6.5264233e+02   1.1893623e-23
   6.5414733e+02   1.1905321e-23
   6.5565580e+02   1.1917063e-23
   6.5716775e+02   1.1928847e-23
   6.5868318e+02   1.1940675e-23
   6.6020211e+02   1.1952546e-23
   6.6172454e+02   1.1964461e-23
   6.6325048e+02   1.1976419e-23
   6.6477994e+02   1.1988421e-23
   6.6631293e+02   1.2000467e-23
   6.6784945e+02   1.2012557e-23
   6.6938952e+02   1.2024690e-23
   6.7093314e+02   1.2036869e-23
   6.7248031e+02   1.2049091e-23
   6.7403106e+02   1.2061358e-23
   6.7558538e+02   1.2073670e-23
   6.7714328e+02   1.2086026e-23
   6.7870478e+02   1.2098428e-23
   6.8026988e+02   1.2110874e-23
   6.8183859e+02   1.2123365e-23
   6.8341091e+02   1.2135902e-23
   6.8498686e+02   1.2148484e-23
   6.8656645e+02   1.2161111e-23
   6.8814967e+02   1.2173785e-23
   6.8973655e+02   1.2186503e-23
   6.9132709e+02   1.2199268e-23
   6.9292130e+02   1.2212079e-23
   6.9451918e+02   1.2224936e-23
   6.9612074e+02   1.2237839e-23
   6.9772600e+02   1.2250789e-23
   6.9933497e+02   1.2263785e-23
   7.0094764e+02   1.2276828e-23
   7.0256403e+02   1.2289917e-23
   7.0418415e+02   1.2303054e-23
   7.0580800e+02   1.2316238e-23
   7.0743560e+02   1.2329468e-23
   7.0906695e+02   1.2342746e-23
   7.1070206e+02   1.2356072e-23
   7.1234095e+02   1.2369445e-23
   7.1398361e+02   1.2382866e-23
   7.1563006e+02   1.2396334e-23
   7.1728031e+02   1.2409851e-23
   7.1893437e+02   1.2423415e-23
   7.2059223e+02   1.2437028e-23
   7.2225393e+02   1.2450689e-23
   7.2391945e+02   1.2464399e-23
   7.2558881e+02   1.2478157e-23
   7.2726203e+02   1.2491964e-23
   7.2893910e+02   1.2505820e-23
   7.3062004e+02   1.2519725e-23
   7.3230485e+02   1.2533679e-23
   7.3399355e+02   1.2547683e-23
   7.3568615e+02   1.2561736e-23
   7.3738265e+02   1.2575838e-23
   7.3908306e+02   1.2589990e-23
   7.4078739e+02   1.2604192e-23
   7.4249565e+02   1.2618444e-23
   7.4420785e+02   1.2632746e-23
   7.4592400e+02   1.2647098e-23
   7.4764410e+02   1.2661500e-23
   7.4936818e+02   1.2675953e-23
   7.5109623e+02   1.2690457e-23
   7.5282826e+02   1.2705011e-23
   7.5456429e+02   1.2719616e-23
   7.5630432e+02   1.2734272e-23
   7.5804836e+02   1.2748980e-23
   7.5979643e+02   1.2763738e-23
   7.6154852e+02   1.2778549e-23
   7.6330466e+02   1.2793410e-23
   7.6506485e+02   1.2808324e-23
   7.6682909e+02   1.2823289e-23
   7.6859741e+02   1.2838306e-23
   7.7036980e+02   1.2853376e-23
   7.7214628e+02   1.2868497e-23
   7.7392685e+02   1.2883671e-23
   7.7571153e+02   1.2898898e-23
   7.7750033e+02   1.2914177e-23
   7.7929325e+02   1.2929509e-23
   7.8109031e+02   1.2944894e-23
   7.8289151e+02   1.2960332e-23
   7.8469686e+02   1.2975824e-23
   7.8650638e+02   1.2991368e-23
   7.8832007e+02   1.3006967e-23
   7.9013794e+02   1.3022619e-23
   7.9196000e+02   1.3038324e-23
   7.9378627e+02   1.3054084e-23
   7.9561675e+02   1.3069897e-23
   7.9745144e+02   1.3085765e-23
   7.9929037e+02   1.3101687e-23
   8.0113354e+02   1.3117664e-23
   8.0298096e+02   1.3133695e-23
   8.0483264e+02   1.3149781e-23
   8.0668859e+02   1.3165922e-23
   8.0854882e+02   1.3182118e-23
   8.1041334e+02   1.3198370e-23
   8.1228216e+02   1.3214676e-23
   8.1415529e+02   1.3231038e-23
   8.1603274e+02   1.3247456e-23
   8.1791452e+02   1.3263929e-23
   8.1980064e+02   1.3280458e-23
   8.2169110e+02   1.3297044e-23
   8.2358593e+02   1.3313685e-23
   8.2548512e+02   1.3330383e-23
   8.2738870e+02   1.3347137e-23
   8.2929666e+02   1.3363948e-23
   8.3120903e+02   1.3380816e-23
   8.3312580e+02   1.3397741e-23
   8.3504700e+02   1.3414722e-23
   8.3697262e+02   1.3431761e-23
   8.3890269e+02   1.3448858e-23
   8.4083720e+02   1.3466011e-23
   8.4277618e+02   1.3483223e-23
   8.4471963e+02   1.3500492e-23
   8.4666756e+02   1.3517819e-23
   8.4861998e+02   1.3535204e-23
   8.5057690e+02   1.3552647e-23
   8.5253834e+02   1.3570149e-23
   8.5450430e+02   1.3587709e-23
   8.5647479e+02   1.3605328e-23
   8.5844983e+02   1.3623005e-23
   8.6042942e+02   1.3640742e-23
   8.6241358e+02   1.3658538e-23
   8.6440231e+02   1.3676393e-23
   8.6639563e+02   1.3694307e-23
   8.6839354e+02   1.3712281e-23
   8.7039607e+02   1.3730314e-23
   8.7240321e+02   1.3748408e-23
   8.7441498e+02   1.3766561e-23
   8.7643138e+02   1.3784775e-23
   8.7845244e+02   1.3803048e-23
   8.8047816e+02   1.3821383e-23
   8.8250855e+02   1.3839777e-23
   8.8454362e+02   1.3858233e-23
   8.8658338e+02   1.3876749e-23
   8.8862785e+02   1.3895327e-23
   8.9067703e+02   1.3913965e-23
   8.9273094e+02   1.3932665e-23
   8.9478959e+02   1.3951427e-23
   8.9685298e+02   1.3970250e-23
   8.9892113e+02   1.3989134e-23
   9.0099405e+02   1.4008081e-23
   9.0307175e+02   1.4027090e-23
   9.0515424e+02   1.4046161e-23
   9.0724153e+02   1.4065295e-23
   9.0933364e+02   1.4084491e-23
   9.1143057e+02   1.4103750e-23
   9.1353233e+02   1.4123071e-23
   9.1563894e+02   1.4142456e-23
   9.1775041e+02   1.4161904e-23
   9.1986675e+02   1.4181415e-23
   9.2198797e+02   1.4200990e-23
   9.2411408e+02   1.4220629e-23
   9.2624510e+02   1.4240331e-23
   9.2838103e+02   1.4260097e-23
   9.3052188e+02   1.4279928e-23
   9.3266767e+02   1.4299823e-23
   9.3481841e+02   1.4319783e-23
   9.3697411e+02   1.4339808e-23
   9.3913478e+02   1.4359898e-23
   9.4130043e+02   1.4380054e-23
   9.4347108e+02   1.4400277e-23
   9.4564673e+02   1.4420567e-23
   9.4782740e+02   1.4440926e-23
   9.5001309e+02   1.4461359e-23
   9.5220383e+02   1.4481874e-23
   9.5439962e+02   1.4502498e-23
   9.5660047e+02   1.4523345e-23
   9.5880640e+02   1.4545461e-23
   9.6101742e+02   1.4684210e-23
   9.6323353e+02   1.4586322e-23
   9.6545475e+02   1.4606351e-23
   9.6768110e+02   1.4627120e-23
   9.6991258e+02   1.4648067e-23
   9.7214920e+02   1.4669114e-23
   9.7439099e+02   1.4690241e-23
   9.7663794e+02   1.4711442e-23
   9.7889008e+02   1.4732715e-23
   9.8114740e+02   1.4754057e-23
   9.8340994e+02   1.4775467e-23
   9.8567769e+02   1.4796947e-23
   9.8795067e+02   1.4818496e-23
   9.9022889e+02   1.4840113e-23
   9.9251237e+02   1.4861799e-23
   9.9480111e+02   1.4883554e-23
   9.9709513e+02   1.4905377e-23
   9.9939443e+02   1.4927270e-23
   1.0016990e+03   1.4949232e-23
   1.0040090e+03   1.4971264e-23
   1.0063242e+03   1.4993365e-23
   1.0086448e+03   1.5015535e-23
   1.0109708e+03   1.5037776e-23
   1.0133021e+03   1.5060086e-23
   1.0156387e+03   1.5082466e-23
   1.0179808e+03   1.5104917e-23
   1.0203283e+03   1.5127438e-23
   1.0226812e+03   1.5150030e-23
   1.0250395e+03   1.5172693e-23
   1.0274032e+03   1.5195426e-23
   1.0297724e+03   1.5218231e-23
   1.0321471e+03   1.5241106e-23
   1.0345272e+03   1.5264054e-23
   1.0369129e+03   1.5287072e-23
   1.0393040e+03   1.5310163e-23
   1.0417006e+03   1.5333325e-23
   1.0441028e+03   1.5356560e-23
   1.0465105e+03   1.5379867e-23
   1.0489238e+03   1.5403246e-23
   1.0513426e+03   1.5426698e-23
   1.0537670e+03   1.5450222e-23
   1.0561970e+03   1.5473819e-23
   1.0586326e+03   1.5497490e-23
   1.0610738e+03   1.5521234e-23
   1.0635207e+03   1.5545051e-23
   1.0659731e+03   1.5568941e-23
   1.0684313e+03   1.5592906e-23
   1.0708951e+03   1.5616944e-23
   1.0733646e+03   1.5641056e-23
   1.0758398e+03   1.5665243e-23
   1.0783207e+03   1.5689504e-23
   1.0808073e+03   1.5713840e-23
   1.0832996e+03   1.5738250e-23
   1.0857977e+03   1.5762736e-23
   1.0883016e+03   1.5787296e-23
   1.0908112e+03   1.5811932e-23
   1.0933266e+03   1.5836643e-23
   1.0958479e+03   1.5861430e-23
   1.0983749e+03   1.5886292e-23
   1.1009078e+03   1.5911231e-23
   1.1034465e+03   1.5936246e-23
   1.1059910e+03   1.5961337e-23
   1.1085414e+03   1.5986504e-23
   1.1110977e+03   1.6011748e-23
   1.1136599e+03   1.6037069e-23
   1.1162281e+03   1.6062467e-23
   1.1188021e+03   1.6087942e-23
   1.1213820e+03   1.6113494e-23
   1.1239680e+03   1.6139124e-23
   1.1265598e+03   1.6164832e-23
   1.1291577e+03   1.6190617e-23
   1.1317615e+03   1.6216481e-23
   1.1343714e+03   1.6242422e-23
   1.1369873e+03   1.6268443e-23
   1.1396092e+03   1.6294541e-23
   1.1422371e+03   1.6320719e-23
   1.1448711e+03   1.6346975e-23
   1.1475112e+03   1.6373310e-23
   1.1501574e+03   1.6399725e-23
   1.1528096e+03   1.6426219e-23
   1.1554680e+03   1.6452793e-23
   1.1581325e+03   1.6479447e-23
   1.1608032e+03   1.6506180e-23
   1.1634800e+03   1.6532994e-23
   1.1661630e+03   1.6559888e-23
   1.1688522e+03   1.6586863e-23
   1.1715476e+03   1.6613918e-23
   1.1742492e+03   1.6641054e-23
   1.1769570e+03   1.6668272e-23
   1.1796711e+03   1.6695570e-23
   1.1823914e+03   1.6722950e-23
   1.1851180e+03   1.6750412e-23
   1.1878509e+03   1.6777955e-23
   1.1905901e+03   1.6805580e-23
   1.1933356e+03   1.6833288e-23
   1.1960875e+03   1.6861077e-23
   1.1988456e+03   1.6888950e-23
   1.2016102e+03   1.6916905e-23
   1.2043811e+03   1.6944943e-23
   1.2071584e+03   1.6973064e-23
   1.2099421e+03   1.7001268e-23
   1.2127323e+03   1.7029555e-23
   1.2155288e+03   1.7057927e-23
   1.2183319e+03   1.7086382e-23
   1.2211413e+03   1.7114921e-23
   1.2239573e+03   1.7143544e-23
   1.2267798e+03   1.7172251e-23
   1.2296087e+03   1.7201043e-23
   1.2324442e+03   1.7229920e-23
   1.2352862e+03   1.7258882e-23
   1.2381348e+03   1.7287929e-23
   1.2409900e+03   1.7317061e-23
   1.2438517e+03   1.7346278e-23
   1.2467200e+03   1.7375582e-23
   1.2495950e+03   1.7404971e-23
   1.2524766e+03   1.7434446e-23
   1.2553648e+03   1.7464007e-23
   1.2582597e+03   1.7493655e-23
   1.2611612e+03   1.7523390e-23
   1.2640695e+03   1.7553211e-23
   1.2669844e+03   1.7583119e-23
   1.2699061e+03   1.7613114e-23
   1.2728345e+03   1.7643197e-23
   1.2757697e+03   1.7673367e-23
   1.2787116e+03   1.7703626e-23
   1.2816603e+03   1.7733972e-23
   1.2846158e+03   1.7764406e-23
   1.2875782e+03   1.7794928e-23
   1.2905473e+03   1.7825539e-23
   1.2935233e+03   1.7856239e-23
   1.2965062e+03   1.7887028e-23
   1.2994960e+03   1.7917905e-23
   1.3024926e+03   1.7948872e-23
   1.3054962e+03   1.7979929e-23
   1.3085067e+03   1.8011075e-23
   1.3115241e+03   1.8042311e-23
   1.3145485e+03   1.8073637e-23
   1.3175798e+03   1.8105054e-23
   1.3206182e+03   1.8136561e-23
   1.3236635e+03   1.8168158e-23
   1.3267159e+03   1.8199847e-23
   1.3297753e+03   1.8231626e-23
   1.3328418e+03   1.8263497e-23
   1.3359154e+03   1.8295460e-23
   1.3389960e+03   1.8327513e-23
   1.3420837e+03   1.8359659e-23
   1.3451786e+03   1.8391897e-23
   1.3482806e+03   1.8424227e-23
   1.3513897e+03   1.8456650e-23
   1.3545060e+03   1.8489165e-23
   1.3576295e+03   1.8521773e-23
   1.3607602e+03   1.8554474e-23
   1.3638982e+03   1.8587268e-23
   1.3670433e+03   1.8620156e-23
   1.3701957e+03   1.8653138e-23
   1.3733554e+03   1.8686213e-23
   1.3765224e+03   1.8719383e-23
   1.3796966e+03   1.8752646e-23
   1.3828782e+03   1.8786005e-23
   1.3860672e+03   1.8819457e-23
   1.3892634e+03   1.8853005e-23
   1.3924671e+03   1.8886648e-23
   1.3956781e+03   1.8920386e-23
   1.3988966e+03   1.8954220e-23
   1.4021224e+03   1.8988150e-23
   1.4053558e+03   1.9022175e-23
   1.4085965e+03   1.9056297e-23
   1.4118448e+03   1.9090514e-23
   1.4151005e+03   1.9124829e-23
   1.4183637e+03   1.9159241e-23
   1.4216345e+03   1.9193749e-23
   1.4249128e+03   1.9228356e-23
   1.4281986e+03   1.9263061e-23
   1.4314921e+03   1.9297866e-23
   1.4347931e+03   1.9332781e-23
   1.4381017e+03   1.9367872e-23
   1.4414180e+03   1.9420232e-23
   1.4447419e+03   1.9438123e-23
   1.4480735e+03   1.9473349e-23
   1.4514128e+03   1.9508726e-23
   1.4547598e+03   1.9544210e-23
   1.4581144e+03   1.9579796e-23
   1.4614769e+03   1.9615483e-23
   1.4648470e+03   1.9651269e-23
   1.4682250e+03   1.9687156e-23
   1.4716107e+03   1.9723144e-23
   1.4750043e+03   1.9759231e-23
   1.4784056e+03   1.9795419e-23
   1.4818149e+03   1.9831709e-23
   1.4852319e+03   1.9868099e-23
   1.4886569e+03   1.9904590e-23
   1.4920897e+03   1.9941183e-23
   1.4955305e+03   1.9977877e-23
   1.4989792e+03   2.0014673e-23
   1.5024359e+03   2.0051572e-23
   1.5059005e+03   2.0088572e-23
   1.5093731e+03   2.0125676e-23
   1.5128538e+03   2.0162881e-23
   1.5163424e+03   2.0200190e-23
   1.5198391e+03   2.0237602e-23
   1.5233439e+03   2.0275118e-23
   1.5268567e+03   2.0312737e-23
   1.5303776e+03   2.0350460e-23
   1.5339067e+03   2.0388287e-23
   1.5374439e+03   2.0426218e-23
   1.5409893e+03   2.0464254e-23
   1.5445428e+03   2.0502394e-23
   1.5481045e+03   2.0540640e-23
   1.5516745e+03   2.0578991e-23
   1.5552526e+03   2.0617447e-23
   1.5588391e+03   2.0656008e-23
   1.5624338e+03   2.0694676e-23
   1.5660367e+03   2.0733450e-23
   1.5696480e+03   2.0772330e-23
   1.5732677e+03   2.0811316e-23
   1.5768956e+03   2.0850409e-23
   1.5805320e+03   2.0889610e-23
   1.5841767e+03   2.0928917e-23
   1.5878298e+03   2.0968332e-23
   1.5914913e+03   2.1007855e-23
   1.5951613e+03   2.1047485e-23
   1.5988398e+03   2.1087224e-23
   1.6025267e+03   2.1127071e-23
   1.6062222e+03   2.1167027e-23
   1.6099261e+03   2.1207091e-23
   1.6136386e+03   2.1247265e-23
   1.6173597e+03   2.1287548e-23
   1.6210893e+03   2.1327940e-23
   1.6248276e+03   2.1368442e-23
   1.6285744e+03   2.1409054e-23
   1.6323300e+03   2.1449777e-23
   1.6360941e+03   2.1490610e-23
   1.6398670e+03   2.1531553e-23
   1.6436485e+03   2.1572608e-23
   1.6474388e+03   2.1613774e-23
   1.6512378e+03   2.1655051e-23
   1.6550456e+03   2.1696440e-23
   1.6588621e+03   2.1737941e-23
   1.6626874e+03   2.1779554e-23
   1.6665216e+03   2.1821279e-23
   1.6703646e+03   2.1863117e-23
   1.6742165e+03   2.1905067e-23
   1.6780773e+03   2.1947131e-23
   1.6819469e+03   2.1989308e-23
   1.6858255e+03   2.2031599e-23
   1.6897130e+03   2.2074004e-23
   1.6936095e+03   2.2116523e-23
   1.6975150e+03   2.2159156e-23
   1.7014295e+03   2.2201903e-23
   1.7053530e+03   2.2244765e-23
   1.7092855e+03   2.2287743e-23
   1.7132272e+03   2.2330836e-23
   1.7171779e+03   2.2374044e-23
   1.7211377e+03   2.2417368e-23
   1.7251067e+03   2.2460808e-23
   1.7290848e+03   2.2504364e-23
   1.7330721e+03   2.2548037e-23
   1.7370685e+03   2.2591827e-23
   1.7410742e+03   2.2635733e-23
   1.7450892e+03   2.2679757e-23
   1.7491133e+03   2.2723899e-23
   1.7531468e+03   2.2768158e-23
   1.7571896e+03   2.2812535e-23
   1.7612417e+03   2.2857030e-23
   1.7653031e+03   2.2901645e-23
   1.7693739e+03   2.2946377e-23
   1.7734541e+03   2.2991229e-23
   1.7775437e+03   2.3036200e-23
   1.7816427e+03   2.3081291e-23
   1.7857512e+03   2.3126502e-23
   1.7898692e+03   2.3171832e-23
   1.7939966e+03   2.3217283e-23
   1.7981336e+03   2.3262855e-23
   1.8022801e+03   2.3308547e-23
   1.8064362e+03   2.3354360e-23
   1.8106018e+03   2.3400295e-23
   1.8147771e+03   2.3446351e-23
   1.8189620e+03   2.3492529e-23
   1.8231565e+03   2.3538830e-23
   1.8273607e+03   2.3585252e-23
   1.8315746e+03   2.3631798e-23
   1.8357983e+03   2.3678466e-23
   1.8400316e+03   2.3725257e-23
   1.8442748e+03   2.3772172e-23
   1.8485277e+03   2.3819211e-23
   1.8527904e+03   2.3866373e-23
   1.8570629e+03   2.3913660e-23
   1.8613453e+03   2.3961071e-23
   1.8656376e+03   2.4008607e-23
   1.8699398e+03   2.4056268e-23
   1.8742519e+03   2.4104055e-23
   1.8785739e+03   2.4151967e-23
   1.8829059e+03   2.4200004e-23
   1.8872479e+03   2.4248168e-23
   1.8915999e+03   2.4296458e-23
   1.8959620e+03   2.4344875e-23
   1.9003341e+03   2.4393419e-23
   1.9047163e+03   2.4442090e-23
   1.9091086e+03   2.4490890e-23
   1.9135110e+03   2.4539819e-23
   1.9179235e+03   2.4588892e-23
   1.9223463e+03   2.4638536e-23
   1.9267792e+03   2.4687372e-23
   1.9312224e+03   2.4736804e-23
   1.9356758e+03   2.4786371e-23
   1.9401395e+03   2.4836068e-23
   1.9446135e+03   2.4885896e-23
   1.9490978e+03   2.4935853e-23
   1.9535924e+03   2.4985941e-23
   1.9580974e+03   2.5036159e-23
   1.9626128e+03   2.5086508e-23
   1.9671386e+03   2.5136988e-23
   1.9716748e+03   2.5187600e-23
   1.9762215e+03   2.5238343e-23
   1.9807787e+03   2.5289218e-23
   1.9853464e+03   2.5340225e-23
   1.9899246e+03   2.5391365e-23
   1.9945134e+03   2.5442637e-23
   1.9991128e+03   2.5494042e-23
   2.0037227e+03   2.5545581e-23
   2.0083433e+03   2.5597253e-23
   2.0129746e+03   2.5649059e-23
   2.0176165e+03   2.5700999e-23
   2.0222692e+03   2.5753074e-23
   2.0269325e+03   2.5805284e-23
   2.0316067e+03   2.5857628e-23
   2.0362916e+03   2.5910108e-23
   2.0409873e+03   2.5962723e-23
   2.0456938e+03   2.6015474e-23
   2.0504112e+03   2.6068362e-23
   2.0551394e+03   2.6121386e-23
   2.0598786e+03   2.6174546e-23
   2.0646287e+03   2.6227844e-23
   2.0693898e+03   2.6281279e-23
   2.0741618e+03   2.6334852e-23
   2.0789448e+03   2.6388563e-23
   2.0837389e+03   2.6442412e-23
   2.0885440e+03   2.6496399e-23
   2.0933602e+03   2.6550526e-23
   2.0981875e+03   2.6604791e-23
   2.1030259e+03   2.6659196e-23
   2.1078755e+03   2.6713741e-23
   2.1127363e+03   2.6768425e-23
   2.1176083e+03   2.6823250e-23
   2.1224915e+03   2.6878216e-23
   2.1273860e+03   2.6933322e-23
   2.1322918e+03   2.6988570e-23
   2.1372088e+03   2.7043960e-23
   2.1421373e+03   2.7099491e-23
   2.1470771e+03   2.7155164e-23
   2.1520282e+03   2.7210980e-23
   2.1569908e+03   2.7266939e-23
   2.1619649e+03   2.7323040e-23
   2.1669504e+03   2.7379285e-23
   2.1719474e+03   2.7435674e-23
   2.1769559e+03   2.7492207e-23
   2.1819760e+03   2.7548884e-23
   2.1870076e+03   2.7605705e-23
   2.1920509e+03   2.7662672e-23
   2.1971058e+03   2.7719784e-23
   2.2021723e+03   2.7777041e-23
   2.2072505e+03   2.7834444e-23
   2.2123405e+03   2.7891994e-23
   2.2174421e+03   2.7949690e-23
   2.2225556e+03   2.8007532e-23
   2.2276808e+03   2.8065522e-23
   2.2328179e+03   2.8123660e-23
   2.2379668e+03   2.8181945e-23
   2.2431275e+03   2.8240378e-23
   2.2483002e+03   2.8298959e-23
   2.2534848e+03   2.8357690e-23
   2.2586814e+03   2.8416569e-23
   2.2638899e+03   2.8475597e-23
   2.2691104e+03   2.8534776e-23
   2.2743430e+03   2.8594104e-23
   2.2795877e+03   2.8653583e-23
   2.2848444e+03   2.8713212e-23
   2.2901133e+03   2.8772992e-23
   2.2953943e+03   2.8832924e-23
   2.3006875e+03   2.8893007e-23
   2.3059929e+03   2.8953243e-23
   2.3113105e+03   2.9013630e-23
   2.3166404e+03   2.9074170e-23
   2.3219826e+03   2.9134863e-23
   2.3273371e+03   2.9195709e-23
   2.3327040e+03   2.9256709e-23
   2.3380832e+03   2.9317863e-23
   2.3434749e+03   2.9379171e-23
   2.3488789e+03   2.9440634e-23
   2.3542955e+03   2.9502252e-23
   2.3597245e+03   2.9564025e-23
   2.3651660e+03   2.9625953e-23
   2.3706201e+03   2.9688038e-23
   2.3760868e+03   2.9750279e-23
   2.3815661e+03   2.9812676e-23
   2.3870580e+03   2.9875231e-23
   2.3925626e+03   2.9937943e-23
   2.3980798e+03   3.0000819e-23
   2.4036098e+03   3.0063879e-23
   2.4091526e+03   3.0127027e-23
   2.4147081e+03   3.0190369e-23
   2.4202764e+03   3.0253872e-23
   2.4258576e+03   3.0317535e-23
   2.4314516e+03   3.0381357e-23
   2.4370586e+03   3.0445339e-23
   2.4426785e+03   3.0509482e-23
   2.4483113e+03   3.0573786e-23
   2.4539571e+03   3.0638250e-23
   2.4596160e+03   3.0702876e-23
   2.4652879e+03   3.0767664e-23
   2.4709728e+03   3.0832614e-23
   2.4766709e+03   3.0897727e-23
   2.4823821e+03   3.0963002e-23
   2.4881065e+03   3.1028441e-23
   2.4938441e+03   3.1094043e-23
   2.4995949e+03   3.1159809e-23
   2.5053590e+03   3.1225739e-23
   2.5111364e+03   3.1291834e-23
   2.5169271e+03   3.1358094e-23
   2.5227312e+03   3.1424519e-23
   2.5285486e+03   3.1491110e-23
   2.5343794e+03   3.1557867e-23
   2.5402237e+03   3.1624790e-23
   2.5460815e+03   3.1691880e-23
   2.5519528e+03   3.1759137e-23
   2.5578376e+03   3.1826562e-23
   2.5637360e+03   3.1894155e-23
   2.5696480e+03   3.1961915e-23
   2.5755736e+03   3.2029845e-23
   2.5815129e+03   3.2097943e-23
   2.5874659e+03   3.2166211e-23
   2.5934326e+03   3.2234648e-23
   2.5994131e+03   3.2303256e-23
   2.6054074e+03   3.2372034e-23
   2.6114155e+03   3.2440983e-23
   2.6174374e+03   3.2510103e-23
   2.6234732e+03   3.2579394e-23
   2.6295230e+03   3.2648858e-23
   2.6355867e+03   3.2718493e-23
   2.6416644e+03   3.2788302e-23
   2.6477561e+03   3.2858283e-23
   2.6538618e+03   3.2928438e-23
   2.6599816e+03   3.2998767e-23
   2.6661156e+03   3.3069270e-23
   2.6722637e+03   3.3139947e-23
   2.6784259e+03   3.3210799e-23
   2.6846024e+03   3.3281827e-23
   2.6907931e+03   3.3353031e-23
   2.6969981e+03   3.3424410e-23
   2.7032174e+03   3.3495966e-23
   2.7094510e+03   3.3567699e-23
   2.7156991e+03   3.3639609e-23
   2.7219615e+03   3.3711697e-23
   2.7282383e+03   3.3783963e-23
   2.7345297e+03   3.3856407e-23
   2.7408355e+03   3.3929030e-23
   2.7471559e+03   3.4001832e-23
   2.7534909e+03   3.4074814e-23
   2.7598405e+03   3.4147976e-23
   2.7662047e+03   3.4221318e-23
   2.7725836e+03   3.4294841e-23
   2.7789772e+03   3.4368545e-23
   2.7853855e+03   3.4442431e-23
   2.7918086e+03   3.4516499e-23
   2.7982465e+03   3.4590749e-23
   2.8046993e+03   3.4665182e-23
   2.8111670e+03   3.4739797e-23
   2.8176496e+03   3.4814597e-23
   2.8241471e+03   3.4889580e-23
   2.8306596e+03   3.4964748e-23
   2.8371871e+03   3.5040101e-23
   2.8437297e+03   3.5115638e-23
   2.8502873e+03   3.5191362e-23
   2.8568601e+03   3.5267271e-23
   2.8634481e+03   3.5343367e-23
   2.8700512e+03   3.5419650e-23
   2.8766696e+03   3.5496120e-23
   2.8833032e+03   3.5572827e-23
   2.8899521e+03   3.5649622e-23
   2.8966164e+03   3.5726655e-23
   2.9032960e+03   3.5803878e-23
   2.9099910e+03   3.5881290e-23
   2.9167015e+03   3.5958891e-23
   2.9234274e+03   3.6036683e-23
   2.9301688e+03   3.6114665e-23
   2.9369258e+03   3.6192838e-23
   2.9436984e+03   3.6271203e-23
   2.9504866e+03   3.6349759e-23
   2.9572904e+03   3.6428508e-23
   2.9641100e+03   3.6507449e-23
   2.9709452e+03   3.6586583e-23
   2.9777963e+03   3.6665910e-23
   2.9846631e+03   3.6745432e-23
   2.9915457e+03   3.6825148e-23
   2.9984443e+03   3.6905058e-23
   3.0053587e+03   3.6985164e-23
   3.0122891e+03   3.7065465e-23
   3.0192354e+03   3.7145963e-23
   3.0261978e+03   3.7226656e-23
   3.0331763e+03   3.7307547e-23
   3.0401708e+03   3.7388635e-23
   3.0471814e+03   3.7469921e-23
   3.0542083e+03   3.7551405e-23
   3.0612513e+03   3.7633087e-23
   3.0683106e+03   3.7714969e-23
   3.0753861e+03   3.7797050e-23
   3.0824780e+03   3.7879332e-23
   3.0895862e+03   3.7961813e-23
   3.0967108e+03   3.8044496e-23
   3.1038518e+03   3.8127379e-23
   3.1110093e+03   3.8210465e-23
   3.1181833e+03   3.8293752e-23
   3.1253739e+03   3.8377242e-23
   3.1325810e+03   3.8460935e-23
   3.1398048e+03   3.8544832e-23
   3.1470452e+03   3.8628933e-23
   3.1543023e+03   3.8713238e-23
   3.1615762e+03   3.8797748e-23
   3.1688668e+03   3.8882463e-23
   3.1761742e+03   3.8967384e-23
   3.1834985e+03   3.9052511e-23
   3.1908397e+03   3.9137845e-23
   3.1981978e+03   3.9223386e-23
   3.2055728e+03   3.9309135e-23
   3.2129649e+03   3.9395091e-23
   3.2203740e+03   3.9481256e-23
   3.2278002e+03   3.9567630e-23
   3.2352436e+03   3.9654214e-23
   3.2427041e+03   3.9741007e-23
   3.2501818e+03   3.9828011e-23
   3.2576767e+03   3.9915225e-23
   3.2651889e+03   4.0002651e-23
   3.2727185e+03   4.0090289e-23
   3.2802654e+03   4.0178138e-23
   3.2878297e+03   4.0266201e-23
   3.2954115e+03   4.0354476e-23
   3.3030107e+03   4.0442966e-23
   3.3106275e+03   4.0531669e-23
   3.3182618e+03   4.0620587e-23
   3.3259138e+03   4.0709720e-23
   3.3335833e+03   4.0799068e-23
   3.3412706e+03   4.0888633e-23
   3.3489756e+03   4.0978414e-23
   3.3566984e+03   4.1068412e-23
   3.3644389e+03   4.1158635e-23
   3.3721974e+03   4.1249060e-23
   3.3799737e+03   4.1339712e-23
   3.3877679e+03   4.1430582e-23
   3.3955801e+03   4.1521672e-23
   3.4034104e+03   4.1612982e-23
   3.4112587e+03   4.1704512e-23
   3.4191251e+03   4.1796263e-23
   3.4270096e+03   4.1888235e-23
   3.4349123e+03   4.1980429e-23
   3.4428332e+03   4.2072846e-23
   3.4507724e+03   4.2165485e-23
   3.4587299e+03   4.2258348e-23
   3.4667058e+03   4.2351434e-23
   3.4747000e+03   4.2444744e-23
   3.4827127e+03   4.2538280e-23
   3.4907439e+03   4.2632040e-23
   3.4987936e+03   4.2726027e-23
   3.5068618e+03   4.2820240e-23
   3.5149487e+03   4.2914679e-23
   3.5230542e+03   4.3009346e-23
   3.5311784e+03   4.3104240e-23
   3.5393213e+03   4.3199363e-23
   3.5474830e+03   4.3294715e-23
   3.5556635e+03   4.3390296e-23
   3.5638629e+03   4.3486107e-23
   3.5720812e+03   4.3582148e-23
   3.5803184e+03   4.3678420e-23
   3.5885747e+03   4.3774923e-23
   3.5968500e+03   4.3871659e-23
   3.6051443e+03   4.3968626e-23
   3.6134578e+03   4.4065827e-23
   3.6217905e+03   4.4163261e-23
   3.6301424e+03   4.4260929e-23
   3.6385135e+03   4.4358831e-23
   3.6469039e+03   4.4456969e-23
   3.6553137e+03   4.4555341e-23
   3.6637429e+03   4.4653950e-23
   3.6721915e+03   4.4752796e-23
   3.6806596e+03   4.4851879e-23
   3.6891472e+03   4.4951199e-23
   3.6976544e+03   4.5050757e-23
   3.7061813e+03   4.5150554e-23
   3.7147277e+03   4.5250591e-23
   3.7232939e+03   4.5350867e-23
   3.7318799e+03   4.5451383e-23
   3.7404856e+03   4.5552140e-23
   3.7491112e+03   4.5653138e-23
   3.7577567e+03   4.5754379e-23
   3.7664221e+03   4.5855862e-23
   3.7751075e+03   4.5957587e-23
   3.7838129e+03   4.6059557e-23
   3.7925384e+03   4.6161770e-23
   3.8012841e+03   4.6264228e-23
   3.8100498e+03   4.6366931e-23
   3.8188359e+03   4.6469880e-23
   3.8276421e+03   4.6573075e-23
   3.8364687e+03   4.6676517e-23
   3.8453156e+03   4.6780208e-23
   3.8541829e+03   4.6884142e-23
   3.8630707e+03   4.6988328e-23
   3.8719790e+03   4.7092762e-23
   3.8809078e+03   4.7197446e-23
   3.8898572e+03   4.7302380e-23
   3.8988272e+03   4.7407565e-23
   3.9078180e+03   4.7513001e-23
   3.9168294e+03   4.7618689e-23
   3.9258617e+03   4.7724629e-23
   3.9349147e+03   4.7830822e-23
   3.9439887e+03   4.7937269e-23
   3.9530835e+03   4.8043969e-23
   3.9621994e+03   4.8150925e-23
   3.9713362e+03   4.8258135e-23
   3.9804942e+03   4.8365601e-23
   3.9896732e+03   4.8473324e-23
   3.9988734e+03   4.8581303e-23
   4.0080949e+03   4.8689540e-23
   4.0173376e+03   4.8798035e-23
   4.0266016e+03   4.8906789e-23
   4.0358870e+03   4.9015802e-23
   4.0451937e+03   4.9125074e-23
   4.0545220e+03   4.9234607e-23
   4.0638718e+03   4.9344401e-23
   4.0732431e+03   4.9454457e-23
   4.0826360e+03   4.9564774e-23
   4.0920506e+03   4.9675355e-23
   4.1014869e+03   4.9786198e-23
   4.1109450e+03   4.9897306e-23
   4.1204248e+03   5.0008678e-23
   4.1299266e+03   5.0120315e-23
   4.1394502e+03   5.0232218e-23
   4.1489958e+03   5.0344387e-23
   4.1585634e+03   5.0456823e-23
   4.1681531e+03   5.0569526e-23
   4.1777649e+03   5.0682497e-23
   4.1873988e+03   5.0795737e-23
   4.1970550e+03   5.0909247e-23
   4.2067335e+03   5.1023026e-23
   4.2164342e+03   5.1137076e-23
   4.2261574e+03   5.1251396e-23
   4.2359029e+03   5.1365989e-23
   4.2456709e+03   5.1480854e-23
   4.2554615e+03   5.1595991e-23
   4.2652746e+03   5.1711402e-23
   4.2751104e+03   5.1827088e-23
   4.2849688e+03   5.1943048e-23
   4.2948500e+03   5.2059283e-23
   4.3047539e+03   5.2175795e-23
   4.3146807e+03   5.2292583e-23
   4.3246304e+03   5.2409654e-23
   4.3346030e+03   5.2526991e-23
   4.3445987e+03   5.2644612e-23
   4.3546173e+03   5.2762513e-23
   4.3646591e+03   5.2880694e-23
   4.3747241e+03   5.2999154e-23
   4.3848122e+03   5.3117896e-23
   4.3949236e+03   5.3236919e-23
   4.4050583e+03   5.3356225e-23
   4.4152164e+03   5.3475813e-23
   4.4253980e+03   5.3595685e-23
   4.4356030e+03   5.3715841e-23
   4.4458315e+03   5.3836282e-23
   4.4560836e+03   5.3957009e-23
   4.4663594e+03   5.4078021e-23
   4.4766588e+03   5.4199320e-23
   4.4869821e+03   5.4320907e-23
   4.4973291e+03   5.4442781e-23
   4.5076999e+03   5.4564945e-23
   4.5180947e+03   5.4687397e-23
   4.5285135e+03   5.4810140e-23
   4.5389563e+03   5.4933173e-23
   4.5494231e+03   5.5056497e-23
   4.5599142e+03   5.5180113e-23
   4.5704294e+03   5.5304022e-23
   4.5809688e+03   5.5428224e-23
   4.5915325e+03   5.5552720e-23
   4.6021207e+03   5.5677511e-23
   4.6127332e+03   5.5802596e-23
   4.6233702e+03   5.5927978e-23
   4.6340317e+03   5.6053656e-23
   4.6447178e+03   5.6179632e-23
   4.6554286e+03   5.6305905e-23
   4.6661640e+03   5.6432477e-23
   4.6769242e+03   5.6559348e-23
   4.6877093e+03   5.6686519e-23
   4.6985192e+03   5.6813991e-23
   4.7093540e+03   5.6941763e-23
   4.7202138e+03   5.7069838e-23
   4.7310986e+03   5.7198216e-23
   4.7420086e+03   5.7326896e-23
   4.7529437e+03   5.7455881e-23
   4.7639040e+03   5.7585170e-23
   4.7748896e+03   5.7714765e-23
   4.7859005e+03   5.7844666e-23
   4.7969369e+03   5.7974874e-23
   4.8079986e+03   5.8105389e-23
   4.8190859e+03   5.8236212e-23
   4.8301988e+03   5.8367343e-23
   4.8413372e+03   5.8498785e-23
   4.8525014e+03   5.8630537e-23
   4.8636913e+03   5.8762599e-23
   4.8749070e+03   5.8894973e-23
   4.8861486e+03   5.9027660e-23
   4.8974161e+03   5.9160659e-23
   4.9087096e+03   5.9293973e-23
   4.9200291e+03   5.9427600e-23
   4.9313747e+03   5.9561543e-23
   4.9427465e+03   5.9695802e-23
   4.9541445e+03   5.9830377e-23
   4.9655688e+03   5.9965270e-23
   4.9770194e+03   6.0100480e-23
   4.9884965e+03   6.0236010e-23
   5.0000000e+03   6.0371858e-23
