   5.0000000e+00   2.7073532e-40
   5.0115300e+00   2.5715153e-40
   5.0230867e+00   2.4430168e-40
   5.0346699e+00   2.3215403e-40
   5.0462799e+00   2.2068217e-40
   5.0579167e+00   2.0985324e-40
   5.0695803e+00   1.9949502e-40
   5.0812708e+00   1.8887949e-40
   5.0929882e+00   1.7836804e-40
   5.1047327e+00   1.6940611e-40
   5.1165042e+00   1.6118934e-40
   5.1283029e+00   1.5336216e-40
   5.1401288e+00   1.4589777e-40
   5.1519820e+00   1.3878951e-40
   5.1638625e+00   1.3202755e-40
   5.1757704e+00   1.2559929e-40
   5.1877058e+00   1.1949060e-40
   5.1996687e+00   1.1368680e-40
   5.2116592e+00   1.0817324e-40
   5.2236773e+00   1.0293559e-40
   5.2357231e+00   9.7960033e-41
   5.2477968e+00   9.3233303e-41
   5.2598982e+00   8.8742718e-41
   5.2720276e+00   8.4476199e-41
   5.2841849e+00   8.0422257e-41
   5.2963703e+00   7.6569987e-41
   5.3085838e+00   7.2909036e-41
   5.3208254e+00   6.9429588e-41
   5.3330953e+00   6.6122337e-41
   5.3453934e+00   6.2978464e-41
   5.3577199e+00   5.9989610e-41
   5.3700749e+00   5.7147857e-41
   5.3824583e+00   5.4445703e-41
   5.3948703e+00   5.1876040e-41
   5.4073109e+00   4.9432135e-41
   5.4197802e+00   4.7107606e-41
   5.4322783e+00   4.4896409e-41
   5.4448051e+00   4.2792815e-41
   5.4573609e+00   4.0791395e-41
   5.4699456e+00   3.8887004e-41
   5.4825594e+00   3.7074766e-41
   5.4952022e+00   3.5350060e-41
   5.5078742e+00   3.3708502e-41
   5.5205754e+00   3.2145939e-41
   5.5333058e+00   3.0658431e-41
   5.5460657e+00   2.9242244e-41
   5.5588550e+00   2.7893835e-41
   5.5716737e+00   2.6609842e-41
   5.5845220e+00   2.5387081e-41
   5.5974000e+00   2.4222526e-41
   5.6103076e+00   2.3113308e-41
   5.6232451e+00   2.2056706e-41
   5.6362123e+00   2.1050136e-41
   5.6492094e+00   2.0091147e-41
   5.6622366e+00   1.9177410e-41
   5.6752937e+00   1.8306716e-41
   5.6883810e+00   1.7476969e-41
   5.7014985e+00   1.6686176e-41
   5.7146461e+00   1.5932446e-41
   5.7278242e+00   1.5213983e-41
   5.7410326e+00   1.4529081e-41
   5.7542714e+00   1.3876120e-41
   5.7675408e+00   1.3253560e-41
   5.7808408e+00   1.2659939e-41
   5.7941715e+00   1.2093866e-41
   5.8075329e+00   1.1554021e-41
   5.8209251e+00   1.1039150e-41
   5.8343482e+00   1.0548058e-41
   5.8478023e+00   1.0079612e-41
   5.8612873e+00   9.6327332e-42
   5.8748035e+00   9.2063976e-42
   5.8883508e+00   8.7996302e-42
   5.9019294e+00   8.4115039e-42
   5.9155393e+00   8.0411375e-42
   5.9291806e+00   7.6876925e-42
   5.9428533e+00   7.3503716e-42
   5.9565576e+00   7.0284160e-42
   5.9702935e+00   6.7211041e-42
   5.9840610e+00   6.4277490e-42
   5.9978603e+00   6.1476974e-42
   6.0116914e+00   5.8803272e-42
   6.0255544e+00   5.6250468e-42
   6.0394494e+00   5.3812926e-42
   6.0533764e+00   5.1485286e-42
   6.0673355e+00   4.9262440e-42
   6.0813269e+00   4.7139530e-42
   6.0953505e+00   4.5111927e-42
   6.1094064e+00   4.3175225e-42
   6.1234947e+00   4.1325226e-42
   6.1376155e+00   3.9557934e-42
   6.1517689e+00   3.7869542e-42
   6.1659550e+00   3.6256424e-42
   6.1801737e+00   3.4715125e-42
   6.1944252e+00   3.3242354e-42
   6.2087096e+00   3.1834975e-42
   6.2230269e+00   3.0490001e-42
   6.2373773e+00   2.9204584e-42
   6.2517607e+00   2.7976010e-42
   6.2661773e+00   2.6801695e-42
   6.2806272e+00   2.5679172e-42
   6.2951104e+00   2.4606092e-42
   6.3096269e+00   2.3580215e-42
   6.3241770e+00   2.2599405e-42
   6.3387606e+00   2.1661627e-42
   6.3533778e+00   2.0764939e-42
   6.3680288e+00   1.9907490e-42
   6.3827135e+00   1.9087514e-42
   6.3974321e+00   1.8303328e-42
   6.4121846e+00   1.7553326e-42
   6.4269711e+00   1.6835976e-42
   6.4417918e+00   1.6149816e-42
   6.4566466e+00   1.5493454e-42
   6.4715357e+00   1.4865559e-42
   6.4864591e+00   1.4264863e-42
   6.5014169e+00   1.3690154e-42
   6.5164092e+00   1.3140278e-42
   6.5314361e+00   1.2614132e-42
   6.5464977e+00   1.2110664e-42
   6.5615939e+00   1.1628870e-42
   6.5767250e+00   1.1167792e-42
   6.5918910e+00   1.0726515e-42
   6.6070920e+00   1.0304165e-42
   6.6223280e+00   9.8999098e-43
   6.6375991e+00   9.5129525e-43
   6.6529055e+00   9.1425336e-43
   6.6682471e+00   8.7879275e-43
   6.6836241e+00   8.4484417e-43
   6.6990366e+00   8.1234146e-43
   6.7144846e+00   7.8122144e-43
   6.7299683e+00   7.5142380e-43
   6.7454877e+00   7.2289092e-43
   6.7610428e+00   6.9556777e-43
   6.7766338e+00   6.6940179e-43
   6.7922608e+00   6.4434278e-43
   6.8079238e+00   6.2034278e-43
   6.8236229e+00   5.9735597e-43
   6.8393582e+00   5.7533859e-43
   6.8551299e+00   5.5424883e-43
   6.8709378e+00   5.3404674e-43
   6.8867823e+00   5.1469414e-43
   6.9026632e+00   4.9615458e-43
   6.9185808e+00   4.7839320e-43
   6.9345351e+00   4.6137671e-43
   6.9505262e+00   4.4507329e-43
   6.9665542e+00   4.2945253e-43
   6.9826191e+00   4.1448539e-43
   6.9987211e+00   4.0014408e-43
   7.0148602e+00   3.8640209e-43
   7.0310365e+00   3.7323405e-43
   7.0472502e+00   3.6061572e-43
   7.0635012e+00   3.4852394e-43
   7.0797897e+00   3.3693657e-43
   7.0961157e+00   3.2583247e-43
   7.1124794e+00   3.1519141e-43
   7.1288808e+00   3.0499407e-43
   7.1453201e+00   2.9522198e-43
   7.1617972e+00   2.8585751e-43
   7.1783124e+00   2.7688377e-43
   7.1948656e+00   2.6828468e-43
   7.2114571e+00   2.6004483e-43
   7.2280867e+00   2.5214950e-43
   7.2447548e+00   2.4458464e-43
   7.2614612e+00   2.3733684e-43
   7.2782062e+00   2.3039326e-43
   7.2949898e+00   2.2374166e-43
   7.3118121e+00   2.1737034e-43
   7.3286732e+00   2.1126814e-43
   7.3455732e+00   2.0542440e-43
   7.3625121e+00   1.9982894e-43
   7.3794901e+00   1.9447205e-43
   7.3965073e+00   1.8934449e-43
   7.4135637e+00   1.8443741e-43
   7.4306594e+00   1.7974241e-43
   7.4477946e+00   1.7525145e-43
   7.4649693e+00   1.7095691e-43
   7.4821835e+00   1.6685152e-43
   7.4994375e+00   1.6292835e-43
   7.5167313e+00   1.5918084e-43
   7.5340649e+00   1.5560274e-43
   7.5514385e+00   1.5218812e-43
   7.5688522e+00   1.4893135e-43
   7.5863060e+00   1.4582714e-43
   7.6038001e+00   1.4287044e-43
   7.6213345e+00   1.4005650e-43
   7.6389094e+00   1.3738085e-43
   7.6565248e+00   1.3483929e-43
   7.6741808e+00   1.3242786e-43
   7.6918775e+00   1.3014289e-43
   7.7096150e+00   1.2798093e-43
   7.7273934e+00   1.2593879e-43
   7.7452129e+00   1.2401355e-43
   7.7630734e+00   1.2220249e-43
   7.7809751e+00   1.2050317e-43
   7.7989181e+00   1.1891338e-43
   7.8169025e+00   1.1743115e-43
   7.8349283e+00   1.1605476e-43
   7.8529957e+00   1.1478275e-43
   7.8711048e+00   1.1361390e-43
   7.8892556e+00   1.1254727e-43
   7.9074483e+00   1.1158216e-43
   7.9256829e+00   1.1071819e-43
   7.9439596e+00   1.0995523e-43
   7.9622784e+00   1.0929347e-43
   7.9806395e+00   1.0873343e-43
   7.9990429e+00   1.0827595e-43
   8.0174888e+00   1.0792224e-43
   8.0359772e+00   1.0767390e-43
   8.0545082e+00   1.0753293e-43
   8.0730819e+00   1.0750179e-43
   8.0916985e+00   1.0758342e-43
   8.1103581e+00   1.0778130e-43
   8.1290606e+00   1.0809949e-43
   8.1478063e+00   1.0854269e-43
   8.1665952e+00   1.0911632e-43
   8.1854274e+00   1.0982659e-43
   8.2043031e+00   1.1068059e-43
   8.2232223e+00   1.1168643e-43
   8.2421851e+00   1.1285330e-43
   8.2611916e+00   1.1419170e-43
   8.2802420e+00   1.1571355e-43
   8.2993363e+00   1.1743244e-43
   8.3184746e+00   1.1936382e-43
   8.3376571e+00   1.2152533e-43
   8.3568838e+00   1.2393714e-43
   8.3761548e+00   1.2662232e-43
   8.3954703e+00   1.2960735e-43
   8.4148303e+00   1.3292271e-43
   8.4342350e+00   1.3660362e-43
   8.4536844e+00   1.4069084e-43
   8.4731786e+00   1.4523181e-43
   8.4927179e+00   1.5028193e-43
   8.5123021e+00   1.5590623e-43
   8.5319316e+00   1.6218136e-43
   8.5516063e+00   1.6919826e-43
   8.5713263e+00   1.7706535e-43
   8.5910919e+00   1.8591284e-43
   8.6109030e+00   1.9589812e-43
   8.6307598e+00   2.0721293e-43
   8.6506624e+00   2.2009274e-43
   8.6706109e+00   2.3482926e-43
   8.6906054e+00   2.5178825e-43
   8.7106460e+00   2.7143190e-43
   8.7307328e+00   2.9435258e-43
   8.7508660e+00   3.2131918e-43
   8.7710455e+00   3.5334488e-43
   8.7912716e+00   3.9178713e-43
   8.8115444e+00   4.3849934e-43
   8.8318638e+00   4.9606696e-43
   8.8522302e+00   5.6818660e-43
   8.8726435e+00   6.6029666e-43
   8.8931039e+00   7.8067091e-43
   8.9136114e+00   9.4240927e-43
   8.9341663e+00   1.1672802e-42
   8.9547686e+00   1.4936871e-42
   8.9754183e+00   1.9947316e-42
   8.9961157e+00   2.8242178e-42
   9.0168608e+00   4.3537935e-42
   9.0376538e+00   7.6867420e-42
   9.0584947e+00   1.7451564e-41
   9.0793836e+00   7.5094532e-41
   9.1003208e+00   8.0894273e-39
   9.1213062e+00   5.1112046e-41
   9.1423400e+00   1.3696586e-41
   9.1634223e+00   6.2352354e-42
   9.1845532e+00   3.6102192e-42
   9.2057328e+00   2.4829716e-42
   9.2269613e+00   2.1500246e-42
   9.2482388e+00   3.5475924e-42
   9.2695653e+00   1.5361768e-39
   9.2909410e+00   3.0618177e-42
   9.3123660e+00   1.0906915e-42
   9.3338403e+00   6.6635758e-43
   9.3553642e+00   4.8250142e-43
   9.3769378e+00   3.7652959e-43
   9.3985611e+00   3.0613060e-43
   9.4202342e+00   2.5547543e-43
   9.4419574e+00   2.1716940e-43
   9.4637306e+00   1.8720983e-43
   9.4855540e+00   1.6319884e-43
   9.5074278e+00   1.4359239e-43
   9.5293520e+00   1.2734207e-43
   9.5513267e+00   1.1370695e-43
   9.5733522e+00   1.0214678e-43
   9.5954284e+00   9.2257689e-44
   9.6175555e+00   8.3731537e-44
   9.6397337e+00   7.6329194e-44
   9.6619630e+00   6.9862361e-44
   9.6842435e+00   6.4180888e-44
   9.7065755e+00   5.9163710e-44
   9.7289589e+00   5.4712263e-44
   9.7513940e+00   5.0745594e-44
   9.7738808e+00   4.7196692e-44
   9.7964194e+00   4.4009678e-44
   9.8190100e+00   4.1137659e-44
   9.8416527e+00   3.8541036e-44
   9.8643477e+00   3.6186193e-44
   9.8870949e+00   3.4044434e-44
   9.9098946e+00   3.2091154e-44
   9.9327469e+00   3.0305156e-44
   9.9556519e+00   2.8668103e-44
   9.9786097e+00   2.7164071e-44
   1.0001620e+01   2.5779266e-44
   1.0024684e+01   2.4502033e-44
   1.0047801e+01   2.3320410e-44
   1.0070972e+01   2.2225453e-44
   1.0094195e+01   2.1209209e-44
   1.0117473e+01   2.0264510e-44
   1.0140804e+01   1.9384727e-44
   1.0164188e+01   1.8563986e-44
   1.0187627e+01   1.7797052e-44
   1.0211120e+01   1.7079268e-44
   1.0234667e+01   1.6406582e-44
   1.0258268e+01   1.5775251e-44
   1.0281924e+01   1.5181881e-44
   1.0305634e+01   1.4623415e-44
   1.0329399e+01   1.4097169e-44
   1.0353218e+01   1.3600673e-44
   1.0377093e+01   1.3131657e-44
   1.0401023e+01   1.2688058e-44
   1.0425007e+01   1.2268041e-44
   1.0449048e+01   1.1869929e-44
   1.0473143e+01   1.1492162e-44
   1.0497294e+01   1.1133315e-44
   1.0521501e+01   1.0792100e-44
   1.0545764e+01   1.0467349e-44
   1.0570082e+01   1.0157964e-44
   1.0594457e+01   9.8629374e-45
   1.0618888e+01   9.5813504e-45
   1.0643375e+01   9.3123677e-45
   1.0667919e+01   9.0552018e-45
   1.0692519e+01   8.8091252e-45
   1.0717176e+01   8.5734701e-45
   1.0741890e+01   8.3476278e-45
   1.0766661e+01   8.1310224e-45
   1.0791489e+01   7.9231196e-45
   1.0816374e+01   7.7234261e-45
   1.0841317e+01   7.5314902e-45
   1.0866317e+01   7.3468838e-45
   1.0891375e+01   7.1692081e-45
   1.0916491e+01   6.9980933e-45
   1.0941664e+01   6.8331988e-45
   1.0966896e+01   6.6742014e-45
   1.0992185e+01   6.5207992e-45
   1.1017533e+01   6.3727108e-45
   1.1042940e+01   6.2296760e-45
   1.1068405e+01   6.0914473e-45
   1.1093929e+01   5.9577928e-45
   1.1119512e+01   5.8284960e-45
   1.1145153e+01   5.7033551e-45
   1.1170854e+01   5.5821782e-45
   1.1196614e+01   5.4647850e-45
   1.1222434e+01   5.3510066e-45
   1.1248313e+01   5.2406848e-45
   1.1274251e+01   5.1336690e-45
   1.1300250e+01   5.0298172e-45
   1.1326308e+01   4.9289962e-45
   1.1352427e+01   4.8310804e-45
   1.1378606e+01   4.7359503e-45
   1.1404845e+01   4.6434927e-45
   1.1431144e+01   4.5536016e-45
   1.1457505e+01   4.4661761e-45
   1.1483926e+01   4.3811201e-45
   1.1510408e+01   4.2983428e-45
   1.1536951e+01   4.2177585e-45
   1.1563555e+01   4.1392854e-45
   1.1590221e+01   4.0628456e-45
   1.1616948e+01   3.9883653e-45
   1.1643737e+01   3.9157746e-45
   1.1670587e+01   3.8450065e-45
   1.1697500e+01   3.7759972e-45
   1.1724474e+01   3.7086861e-45
   1.1751511e+01   3.6430156e-45
   1.1778610e+01   3.5789303e-45
   1.1805772e+01   3.5163774e-45
   1.1832996e+01   3.4553069e-45
   1.1860283e+01   3.3956705e-45
   1.1887633e+01   3.3374223e-45
   1.1915046e+01   3.2805182e-45
   1.1942522e+01   3.2249162e-45
   1.1970061e+01   3.1705759e-45
   1.1997664e+01   3.1174586e-45
   1.2025331e+01   3.0655272e-45
   1.2053062e+01   3.0147462e-45
   1.2080856e+01   2.9650814e-45
   1.2108715e+01   2.9165000e-45
   1.2136637e+01   2.8689707e-45
   1.2164625e+01   2.8224629e-45
   1.2192676e+01   2.7769478e-45
   1.2220793e+01   2.7323971e-45
   1.2248974e+01   2.6887840e-45
   1.2277220e+01   2.6460826e-45
   1.2305532e+01   2.6042677e-45
   1.2333908e+01   2.5633152e-45
   1.2362350e+01   2.5232020e-45
   1.2390858e+01   2.4839056e-45
   1.2419431e+01   2.4454043e-45
   1.2448071e+01   2.4076772e-45
   1.2476776e+01   2.3707042e-45
   1.2505548e+01   2.3344658e-45
   1.2534386e+01   2.2989431e-45
   1.2563290e+01   2.2641179e-45
   1.2592261e+01   2.2299726e-45
   1.2621299e+01   2.1964902e-45
   1.2650404e+01   2.1636541e-45
   1.2679576e+01   2.1314484e-45
   1.2708815e+01   2.0998576e-45
   1.2738121e+01   2.0688667e-45
   1.2767496e+01   2.0384612e-45
   1.2796938e+01   2.0086271e-45
   1.2826447e+01   1.9793507e-45
   1.2856025e+01   1.9506187e-45
   1.2885671e+01   1.9224184e-45
   1.2915386e+01   1.8947372e-45
   1.2945169e+01   1.8675632e-45
   1.2975020e+01   1.8408845e-45
   1.3004941e+01   1.8146898e-45
   1.3034930e+01   1.7889679e-45
   1.3064989e+01   1.7637083e-45
   1.3095117e+01   1.7389003e-45
   1.3125314e+01   1.7145338e-45
   1.3155582e+01   1.6905990e-45
   1.3185918e+01   1.6670864e-45
   1.3216325e+01   1.6439864e-45
   1.3246802e+01   1.6212902e-45
   1.3277349e+01   1.5989887e-45
   1.3307967e+01   1.5770736e-45
   1.3338655e+01   1.5555363e-45
   1.3369414e+01   1.5343688e-45
   1.3400244e+01   1.5135631e-45
   1.3431145e+01   1.4931115e-45
   1.3462118e+01   1.4730065e-45
   1.3493162e+01   1.4532408e-45
   1.3524277e+01   1.4338073e-45
   1.3555464e+01   1.4146989e-45
   1.3586723e+01   1.3959091e-45
   1.3618054e+01   1.3774310e-45
   1.3649457e+01   1.3592584e-45
   1.3680933e+01   1.3413850e-45
   1.3712481e+01   1.3238046e-45
   1.3744103e+01   1.3065113e-45
   1.3775797e+01   1.2894993e-45
   1.3807564e+01   1.2727629e-45
   1.3839404e+01   1.2562966e-45
   1.3871318e+01   1.2400950e-45
   1.3903305e+01   1.2241529e-45
   1.3935366e+01   1.2084651e-45
   1.3967501e+01   1.1930266e-45
   1.3999710e+01   1.1778326e-45
   1.4031994e+01   1.1628781e-45
   1.4064352e+01   1.1481587e-45
   1.4096784e+01   1.1336698e-45
   1.4129292e+01   1.1194068e-45
   1.4161874e+01   1.1053656e-45
   1.4194531e+01   1.0915417e-45
   1.4227264e+01   1.0779312e-45
   1.4260072e+01   1.0645300e-45
   1.4292956e+01   1.0513341e-45
   1.4325916e+01   1.0383397e-45
   1.4358951e+01   1.0255430e-45
   1.4392063e+01   1.0129403e-45
   1.4425251e+01   1.0005280e-45
   1.4458516e+01   9.8830271e-46
   1.4491858e+01   9.7626086e-46
   1.4525276e+01   9.6439914e-46
   1.4558771e+01   9.5271427e-46
   1.4592344e+01   9.4120303e-46
   1.4625994e+01   9.2986229e-46
   1.4659722e+01   9.1868898e-46
   1.4693527e+01   9.0768009e-46
   1.4727410e+01   8.9683269e-46
   1.4761372e+01   8.8614391e-46
   1.4795412e+01   8.7561095e-46
   1.4829530e+01   8.6523105e-46
   1.4863727e+01   8.5500152e-46
   1.4898003e+01   8.4491974e-46
   1.4932358e+01   8.3498312e-46
   1.4966792e+01   8.2518916e-46
   1.5001306e+01   8.1553539e-46
   1.5035899e+01   8.0601939e-46
   1.5070572e+01   7.9663880e-46
   1.5105324e+01   7.8739130e-46
   1.5140157e+01   7.7827465e-46
   1.5175071e+01   7.6928660e-46
   1.5210065e+01   7.6042501e-46
   1.5245139e+01   7.5168773e-46
   1.5280295e+01   7.4307269e-46
   1.5315531e+01   7.3457785e-46
   1.5350849e+01   7.2620121e-46
   1.5386248e+01   7.1794081e-46
   1.5421729e+01   7.0979474e-46
   1.5457291e+01   7.0176112e-46
   1.5492936e+01   6.9383811e-46
   1.5528663e+01   6.8602390e-46
   1.5564472e+01   6.7831673e-46
   1.5600364e+01   6.7071486e-46
   1.5636338e+01   6.6321659e-46
   1.5672396e+01   6.5582027e-46
   1.5708537e+01   6.4852426e-46
   1.5744761e+01   6.4132696e-46
   1.5781068e+01   6.3422680e-46
   1.5817459e+01   6.2722224e-46
   1.5853935e+01   6.2031178e-46
   1.5890494e+01   6.1349393e-46
   1.5927137e+01   6.0676725e-46
   1.5963866e+01   6.0013031e-46
   1.6000678e+01   5.9358171e-46
   1.6037576e+01   5.8712009e-46
   1.6074559e+01   5.8074411e-46
   1.6111627e+01   5.7445244e-46
   1.6148780e+01   5.6824379e-46
   1.6186020e+01   5.6211689e-46
   1.6223345e+01   5.5607050e-46
   1.6260756e+01   5.5010339e-46
   1.6298253e+01   5.4421437e-46
   1.6335837e+01   5.3840225e-46
   1.6373508e+01   5.3266588e-46
   1.6411265e+01   5.2700413e-46
   1.6449110e+01   5.2141587e-46
   1.6487041e+01   5.1590002e-46
   1.6525061e+01   5.1045550e-46
   1.6563168e+01   5.0508126e-46
   1.6601362e+01   4.9977625e-46
   1.6639645e+01   4.9453947e-46
   1.6678016e+01   4.8936990e-46
   1.6716476e+01   4.8426658e-46
   1.6755024e+01   4.7922852e-46
   1.6793662e+01   4.7425480e-46
   1.6832388e+01   4.6934447e-46
   1.6871203e+01   4.6449662e-46
   1.6910109e+01   4.5971035e-46
   1.6949103e+01   4.5498477e-46
   1.6988188e+01   4.5031902e-46
   1.7027363e+01   4.4571225e-46
   1.7066628e+01   4.4116362e-46
   1.7105984e+01   4.3667229e-46
   1.7145431e+01   4.3223746e-46
   1.7184968e+01   4.2785834e-46
   1.7224597e+01   4.2353414e-46
   1.7264317e+01   4.1926409e-46
   1.7304128e+01   4.1504742e-46
   1.7344032e+01   4.1088341e-46
   1.7384027e+01   4.0677131e-46
   1.7424115e+01   4.0271041e-46
   1.7464295e+01   3.9869998e-46
   1.7504568e+01   3.9473935e-46
   1.7544934e+01   3.9082783e-46
   1.7585392e+01   3.8696473e-46
   1.7625945e+01   3.8314939e-46
   1.7666590e+01   3.7938117e-46
   1.7707329e+01   3.7565942e-46
   1.7748163e+01   3.7198351e-46
   1.7789090e+01   3.6835282e-46
   1.7830112e+01   3.6476673e-46
   1.7871228e+01   3.6122464e-46
   1.7912439e+01   3.5772597e-46
   1.7953746e+01   3.5427012e-46
   1.7995147e+01   3.5085653e-46
   1.8036644e+01   3.4748463e-46
   1.8078237e+01   3.4415386e-46
   1.8119925e+01   3.4086368e-46
   1.8161710e+01   3.3761355e-46
   1.8203591e+01   3.3440293e-46
   1.8245569e+01   3.3123130e-46
   1.8287643e+01   3.2809816e-46
   1.8329814e+01   3.2500299e-46
   1.8372083e+01   3.2194529e-46
   1.8414449e+01   3.1892458e-46
   1.8456913e+01   3.1594037e-46
   1.8499475e+01   3.1299218e-46
   1.8542135e+01   3.1007954e-46
   1.8584893e+01   3.0720200e-46
   1.8627750e+01   3.0435910e-46
   1.8670706e+01   3.0155038e-46
   1.8713761e+01   2.9877542e-46
   1.8756915e+01   2.9603376e-46
   1.8800168e+01   2.9332499e-46
   1.8843522e+01   2.9064868e-46
   1.8886975e+01   2.8800442e-46
   1.8930528e+01   2.8539179e-46
   1.8974182e+01   2.8281039e-46
   1.9017937e+01   2.8025983e-46
   1.9061792e+01   2.7773971e-46
   1.9105749e+01   2.7524964e-46
   1.9149807e+01   2.7278925e-46
   1.9193967e+01   2.7035815e-46
   1.9238228e+01   2.6795599e-46
   1.9282592e+01   2.6558238e-46
   1.9327057e+01   2.6323698e-46
   1.9371626e+01   2.6091944e-46
   1.9416297e+01   2.5862939e-46
   1.9461071e+01   2.5636650e-46
   1.9505948e+01   2.5413042e-46
   1.9550929e+01   2.5192083e-46
   1.9596014e+01   2.4973739e-46
   1.9641202e+01   2.4757977e-46
   1.9686495e+01   2.4544766e-46
   1.9731892e+01   2.4334074e-46
   1.9777394e+01   2.4125870e-46
   1.9823001e+01   2.3920123e-46
   1.9868713e+01   2.3716802e-46
   1.9914530e+01   2.3515878e-46
   1.9960454e+01   2.3317322e-46
   2.0006482e+01   2.3121104e-46
   2.0052618e+01   2.2927195e-46
   2.0098859e+01   2.2735567e-46
   2.0145207e+01   2.2546193e-46
   2.0191662e+01   2.2359045e-46
   2.0238224e+01   2.2174095e-46
   2.0284894e+01   2.1991317e-46
   2.0331671e+01   2.1810684e-46
   2.0378556e+01   2.1632170e-46
   2.0425549e+01   2.1455751e-46
   2.0472650e+01   2.1281399e-46
   2.0519861e+01   2.1109091e-46
   2.0567180e+01   2.0938801e-46
   2.0614608e+01   2.0770506e-46
   2.0662145e+01   2.0604180e-46
   2.0709792e+01   2.0439801e-46
   2.0757549e+01   2.0277345e-46
   2.0805416e+01   2.0116789e-46
   2.0853394e+01   1.9958110e-46
   2.0901482e+01   1.9801286e-46
   2.0949681e+01   1.9646294e-46
   2.0997991e+01   1.9493113e-46
   2.1046412e+01   1.9341720e-46
   2.1094945e+01   1.9192096e-46
   2.1143591e+01   1.9044217e-46
   2.1192348e+01   1.8898065e-46
   2.1241218e+01   1.8753618e-46
   2.1290200e+01   1.8610855e-46
   2.1339295e+01   1.8469758e-46
   2.1388504e+01   1.8330307e-46
   2.1437826e+01   1.8192481e-46
   2.1487262e+01   1.8056261e-46
   2.1536812e+01   1.7921630e-46
   2.1586476e+01   1.7788567e-46
   2.1636254e+01   1.7657055e-46
   2.1686148e+01   1.7527075e-46
   2.1736156e+01   1.7398609e-46
   2.1786280e+01   1.7271639e-46
   2.1836519e+01   1.7146149e-46
   2.1886874e+01   1.7022120e-46
   2.1937346e+01   1.6899535e-46
   2.1987933e+01   1.6778378e-46
   2.2038638e+01   1.6658631e-46
   2.2089459e+01   1.6540279e-46
   2.2140397e+01   1.6423305e-46
   2.2191453e+01   1.6307693e-46
   2.2242627e+01   1.6193427e-46
   2.2293919e+01   1.6080491e-46
   2.2345328e+01   1.5968871e-46
   2.2396857e+01   1.5858550e-46
   2.2448504e+01   1.5749513e-46
   2.2500271e+01   1.5641746e-46
   2.2552157e+01   1.5535235e-46
   2.2604162e+01   1.5429963e-46
   2.2656287e+01   1.5325918e-46
   2.2708533e+01   1.5223085e-46
   2.2760899e+01   1.5121449e-46
   2.2813386e+01   1.5020998e-46
   2.2865994e+01   1.4921717e-46
   2.2918723e+01   1.4823593e-46
   2.2971574e+01   1.4726612e-46
   2.3024546e+01   1.4630762e-46
   2.3077641e+01   1.4536029e-46
   2.3130858e+01   1.4442401e-46
   2.3184198e+01   1.4349865e-46
   2.3237661e+01   1.4258408e-46
   2.3291247e+01   1.4168018e-46
   2.3344957e+01   1.4078683e-46
   2.3398791e+01   1.3990390e-46
   2.3452748e+01   1.3903128e-46
   2.3506831e+01   1.3816885e-46
   2.3561038e+01   1.3731649e-46
   2.3615370e+01   1.3647409e-46
   2.3669827e+01   1.3564153e-46
   2.3724410e+01   1.3481871e-46
   2.3779118e+01   1.3400550e-46
   2.3833953e+01   1.3320181e-46
   2.3888914e+01   1.3240751e-46
   2.3944002e+01   1.3162251e-46
   2.3999217e+01   1.3084670e-46
   2.4054560e+01   1.3007998e-46
   2.4110030e+01   1.2932224e-46
   2.4165628e+01   1.2857337e-46
   2.4221354e+01   1.2783329e-46
   2.4277208e+01   1.2710188e-46
   2.4333192e+01   1.2637905e-46
   2.4389304e+01   1.2566471e-46
   2.4445546e+01   1.2495875e-46
   2.4501918e+01   1.2426109e-46
   2.4558420e+01   1.2357162e-46
   2.4615051e+01   1.2289026e-46
   2.4671814e+01   1.2221691e-46
   2.4728707e+01   1.2155148e-46
   2.4785732e+01   1.2089388e-46
   2.4842888e+01   1.2024403e-46
   2.4900176e+01   1.1960184e-46
   2.4957596e+01   1.1896722e-46
   2.5015148e+01   1.1834008e-46
   2.5072833e+01   1.1772034e-46
   2.5130652e+01   1.1710792e-46
   2.5188603e+01   1.1650273e-46
   2.5246688e+01   1.1590470e-46
   2.5304907e+01   1.1531373e-46
   2.5363261e+01   1.1472976e-46
   2.5421748e+01   1.1415271e-46
   2.5480371e+01   1.1358249e-46
   2.5539129e+01   1.1301902e-46
   2.5598023e+01   1.1246224e-46
   2.5657052e+01   1.1191207e-46
   2.5716217e+01   1.1136843e-46
   2.5775519e+01   1.1083126e-46
   2.5834957e+01   1.1030046e-46
   2.5894533e+01   1.0977599e-46
   2.5954246e+01   1.0925776e-46
   2.6014097e+01   1.0874570e-46
   2.6074085e+01   1.0823975e-46
   2.6134212e+01   1.0773983e-46
   2.6194478e+01   1.0724588e-46
   2.6254883e+01   1.0675784e-46
   2.6315427e+01   1.0627562e-46
   2.6376110e+01   1.0579918e-46
   2.6436934e+01   1.0532845e-46
   2.6497898e+01   1.0486335e-46
   2.6559002e+01   1.0440383e-46
   2.6620247e+01   1.0394983e-46
   2.6681634e+01   1.0350128e-46
   2.6743162e+01   1.0305813e-46
   2.6804832e+01   1.0262030e-46
   2.6866644e+01   1.0218775e-46
   2.6928599e+01   1.0176041e-46
   2.6990696e+01   1.0133822e-46
   2.7052937e+01   1.0092113e-46
   2.7115321e+01   1.0050908e-46
   2.7177849e+01   1.0010202e-46
   2.7240522e+01   9.9699880e-47
   2.7303338e+01   9.9302613e-47
   2.7366300e+01   9.8910164e-47
   2.7429407e+01   9.8522479e-47
   2.7492659e+01   9.8139504e-47
   2.7556058e+01   9.7761186e-47
   2.7619602e+01   9.7387474e-47
   2.7683293e+01   9.7018315e-47
   2.7747131e+01   9.6653659e-47
   2.7811116e+01   9.6293455e-47
   2.7875249e+01   9.5937654e-47
   2.7939529e+01   9.5586205e-47
   2.8003958e+01   9.5239061e-47
   2.8068536e+01   9.4896173e-47
   2.8133262e+01   9.4557493e-47
   2.8198137e+01   9.4222975e-47
   2.8263162e+01   9.3892571e-47
   2.8328338e+01   9.3566236e-47
   2.8393663e+01   9.3243923e-47
   2.8459139e+01   9.2925589e-47
   2.8524766e+01   9.2611187e-47
   2.8590544e+01   9.2300675e-47
   2.8656474e+01   9.1994008e-47
   2.8722556e+01   9.1691143e-47
   2.8788791e+01   9.1392038e-47
   2.8855178e+01   9.1096651e-47
   2.8921718e+01   9.0804940e-47
   2.8988412e+01   9.0516863e-47
   2.9055259e+01   9.0232380e-47
   2.9122261e+01   8.9951451e-47
   2.9189417e+01   8.9674035e-47
   2.9256728e+01   8.9400094e-47
   2.9324194e+01   8.9129587e-47
   2.9391816e+01   8.8862477e-47
   2.9459594e+01   8.8598725e-47
   2.9527528e+01   8.8338295e-47
   2.9595619e+01   8.8081147e-47
   2.9663866e+01   8.7827246e-47
   2.9732272e+01   8.7576555e-47
   2.9800834e+01   8.7329037e-47
   2.9869555e+01   8.7084658e-47
   2.9938435e+01   8.6843381e-47
   3.0007473e+01   8.6605172e-47
   3.0076670e+01   8.6369997e-47
   3.0146028e+01   8.6137820e-47
   3.0215544e+01   8.5908609e-47
   3.0285222e+01   8.5682330e-47
   3.0355060e+01   8.5458950e-47
   3.0425059e+01   8.5238436e-47
   3.0495219e+01   8.5020755e-47
   3.0565541e+01   8.4805877e-47
   3.0636026e+01   8.4593769e-47
   3.0706673e+01   8.4384399e-47
   3.0777482e+01   8.4177738e-47
   3.0848456e+01   8.3973754e-47
   3.0919592e+01   8.3772417e-47
   3.0990893e+01   8.3573697e-47
   3.1062358e+01   8.3377565e-47
   3.1133988e+01   8.3183991e-47
   3.1205784e+01   8.2992946e-47
   3.1277744e+01   8.2804402e-47
   3.1349871e+01   8.2618330e-47
   3.1422164e+01   8.2434703e-47
   3.1494624e+01   8.2253492e-47
   3.1567251e+01   8.2074670e-47
   3.1640045e+01   8.1898209e-47
   3.1713007e+01   8.1724084e-47
   3.1786138e+01   8.1552268e-47
   3.1859437e+01   8.1382734e-47
   3.1932905e+01   8.1215456e-47
   3.2006542e+01   8.1050409e-47
   3.2080350e+01   8.0887567e-47
   3.2154327e+01   8.0726906e-47
   3.2228475e+01   8.0568399e-47
   3.2302794e+01   8.0412024e-47
   3.2377285e+01   8.0257754e-47
   3.2451947e+01   8.0105567e-47
   3.2526782e+01   7.9955439e-47
   3.2601789e+01   7.9807345e-47
   3.2676969e+01   7.9661263e-47
   3.2752322e+01   7.9517170e-47
   3.2827849e+01   7.9375043e-47
   3.2903550e+01   7.9234859e-47
   3.2979426e+01   7.9096596e-47
   3.3055477e+01   7.8960233e-47
   3.3131703e+01   7.8825746e-47
   3.3208105e+01   7.8693115e-47
   3.3284683e+01   7.8562319e-47
   3.3361438e+01   7.8433335e-47
   3.3438370e+01   7.8306144e-47
   3.3515479e+01   7.8180725e-47
   3.3592766e+01   7.8057057e-47
   3.3670231e+01   7.7935120e-47
   3.3747875e+01   7.7814894e-47
   3.3825698e+01   7.7696360e-47
   3.3903700e+01   7.7579497e-47
   3.3981882e+01   7.7464286e-47
   3.4060245e+01   7.7350709e-47
   3.4138788e+01   7.7238747e-47
   3.4217512e+01   7.7128380e-47
   3.4296418e+01   7.7019590e-47
   3.4375506e+01   7.6912358e-47
   3.4454776e+01   7.6806668e-47
   3.4534229e+01   7.6702500e-47
   3.4613865e+01   7.6599838e-47
   3.4693685e+01   7.6498662e-47
   3.4773689e+01   7.6398957e-47
   3.4853877e+01   7.6300705e-47
   3.4934251e+01   7.6203889e-47
   3.5014809e+01   7.6108493e-47
   3.5095554e+01   7.6014499e-47
   3.5176484e+01   7.5921891e-47
   3.5257602e+01   7.5830653e-47
   3.5338906e+01   7.5740769e-47
   3.5420398e+01   7.5652222e-47
   3.5502077e+01   7.5564999e-47
   3.5583945e+01   7.5479081e-47
   3.5666002e+01   7.5394456e-47
   3.5748248e+01   7.5311106e-47
   3.5830684e+01   7.5229017e-47
   3.5913310e+01   7.5148175e-47
   3.5996126e+01   7.5068564e-47
   3.6079134e+01   7.4990169e-47
   3.6162332e+01   7.4912977e-47
   3.6245723e+01   7.4836974e-47
   3.6329306e+01   7.4762144e-47
   3.6413082e+01   7.4688475e-47
   3.6497050e+01   7.4615951e-47
   3.6581213e+01   7.4544561e-47
   3.6665569e+01   7.4474290e-47
   3.6750120e+01   7.4405124e-47
   3.6834867e+01   7.4337051e-47
   3.6919808e+01   7.4270058e-47
   3.7004945e+01   7.4204131e-47
   3.7090279e+01   7.4139259e-47
   3.7175810e+01   7.4075427e-47
   3.7261537e+01   7.4012624e-47
   3.7347463e+01   7.3950838e-47
   3.7433586e+01   7.3890055e-47
   3.7519908e+01   7.3830265e-47
   3.7606429e+01   7.3771454e-47
   3.7693150e+01   7.3713612e-47
   3.7780071e+01   7.3656726e-47
   3.7867192e+01   7.3600785e-47
   3.7954514e+01   7.3545778e-47
   3.8042037e+01   7.3491692e-47
   3.8129763e+01   7.3438518e-47
   3.8217690e+01   7.3386243e-47
   3.8305821e+01   7.3334858e-47
   3.8394154e+01   7.3284350e-47
   3.8482691e+01   7.3234709e-47
   3.8571433e+01   7.3185925e-47
   3.8660379e+01   7.3137988e-47
   3.8749530e+01   7.3090886e-47
   3.8838886e+01   7.3044609e-47
   3.8928449e+01   7.2999148e-47
   3.9018219e+01   7.2954492e-47
   3.9108195e+01   7.2910632e-47
   3.9198379e+01   7.2867557e-47
   3.9288770e+01   7.2825258e-47
   3.9379371e+01   7.2783726e-47
   3.9470180e+01   7.2742950e-47
   3.9561198e+01   7.2702921e-47
   3.9652427e+01   7.2663630e-47
   3.9743865e+01   7.2625068e-47
   3.9835515e+01   7.2587226e-47
   3.9927376e+01   7.2550095e-47
   4.0019449e+01   7.2513666e-47
   4.0111734e+01   7.2477929e-47
   4.0204232e+01   7.2442877e-47
   4.0296943e+01   7.2408501e-47
   4.0389868e+01   7.2374792e-47
   4.0483008e+01   7.2341741e-47
   4.0576362e+01   7.2309342e-47
   4.0669931e+01   7.2277584e-47
   4.0763716e+01   7.2246461e-47
   4.0857718e+01   7.2215963e-47
   4.0951936e+01   7.2186084e-47
   4.1046372e+01   7.2156815e-47
   4.1141025e+01   7.2128149e-47
   4.1235896e+01   7.2100077e-47
   4.1330987e+01   7.2072592e-47
   4.1426296e+01   7.2045687e-47
   4.1521826e+01   7.2019354e-47
   4.1617575e+01   7.1993586e-47
   4.1713546e+01   7.1968375e-47
   4.1809737e+01   7.1943714e-47
   4.1906151e+01   7.1919597e-47
   4.2002787e+01   7.1896016e-47
   4.2099646e+01   7.1872964e-47
   4.2196728e+01   7.1850434e-47
   4.2294034e+01   7.1828420e-47
   4.2391564e+01   7.1806914e-47
   4.2489319e+01   7.1785910e-47
   4.2587300e+01   7.1765402e-47
   4.2685507e+01   7.1745383e-47
   4.2783940e+01   7.1725847e-47
   4.2882600e+01   7.1706786e-47
   4.2981488e+01   7.1688195e-47
   4.3080603e+01   7.1670068e-47
   4.3179947e+01   7.1652399e-47
   4.3279521e+01   7.1635180e-47
   4.3379324e+01   7.1618408e-47
   4.3479357e+01   7.1602074e-47
   4.3579620e+01   7.1586174e-47
   4.3680115e+01   7.1570702e-47
   4.3780842e+01   7.1555652e-47
   4.3881801e+01   7.1541017e-47
   4.3982993e+01   7.1526794e-47
   4.4084418e+01   7.1512976e-47
   4.4186077e+01   7.1499557e-47
   4.4287970e+01   7.1486532e-47
   4.4390099e+01   7.1473896e-47
   4.4492463e+01   7.1461644e-47
   4.4595062e+01   7.1449770e-47
   4.4697899e+01   7.1438268e-47
   4.4800973e+01   7.1427135e-47
   4.4904284e+01   7.1416364e-47
   4.5007834e+01   7.1405951e-47
   4.5111622e+01   7.1395891e-47
   4.5215650e+01   7.1386179e-47
   4.5319918e+01   7.1376810e-47
   4.5424426e+01   7.1367779e-47
   4.5529175e+01   7.1359082e-47
   4.5634165e+01   7.1350714e-47
   4.5739398e+01   7.1342669e-47
   4.5844873e+01   7.1334945e-47
   4.5950592e+01   7.1327535e-47
   4.6056554e+01   7.1320436e-47
   4.6162761e+01   7.1313644e-47
   4.6269213e+01   7.1307153e-47
   4.6375910e+01   7.1300959e-47
   4.6482853e+01   7.1295059e-47
   4.6590043e+01   7.1289448e-47
   4.6697480e+01   7.1284122e-47
   4.6805165e+01   7.1279076e-47
   4.6913098e+01   7.1274307e-47
   4.7021280e+01   7.1269811e-47
   4.7129711e+01   7.1265583e-47
   4.7238393e+01   7.1261620e-47
   4.7347325e+01   7.1257918e-47
   4.7456508e+01   7.1254473e-47
   4.7565943e+01   7.1251281e-47
   4.7675631e+01   7.1248338e-47
   4.7785571e+01   7.1245641e-47
   4.7895765e+01   7.1243186e-47
   4.8006213e+01   7.1240969e-47
   4.8116916e+01   7.1238987e-47
   4.8227874e+01   7.1237237e-47
   4.8339087e+01   7.1235714e-47
   4.8450558e+01   7.1234415e-47
   4.8562285e+01   7.1233338e-47
   4.8674270e+01   7.1232478e-47
   4.8786513e+01   7.1231832e-47
   4.8899015e+01   7.1231396e-47
   4.9011777e+01   7.1231169e-47
   4.9124798e+01   7.1231146e-47
   4.9238081e+01   7.1231324e-47
   4.9351624e+01   7.1231700e-47
   4.9465429e+01   7.1232271e-47
   4.9579497e+01   7.1233034e-47
   4.9693828e+01   7.1233986e-47
   4.9808422e+01   7.1235124e-47
   4.9923280e+01   7.1236444e-47
   5.0038404e+01   7.1237945e-47
   5.0153793e+01   7.1239622e-47
   5.0269448e+01   7.1241474e-47
   5.0385370e+01   7.1243497e-47
   5.0501559e+01   7.1245689e-47
   5.0618016e+01   7.1248047e-47
   5.0734741e+01   7.1250568e-47
   5.0851736e+01   7.1253249e-47
   5.0969000e+01   7.1256088e-47
   5.1086535e+01   7.1259082e-47
   5.1204341e+01   7.1262229e-47
   5.1322419e+01   7.1265526e-47
   5.1440769e+01   7.1268970e-47
   5.1559392e+01   7.1272559e-47
   5.1678288e+01   7.1276291e-47
   5.1797458e+01   7.1280163e-47
   5.1916904e+01   7.1284173e-47
   5.2036625e+01   7.1288318e-47
   5.2156621e+01   7.1292596e-47
   5.2276895e+01   7.1297004e-47
   5.2397446e+01   7.1301541e-47
   5.2518275e+01   7.1306204e-47
   5.2639382e+01   7.1310991e-47
   5.2760769e+01   7.1315900e-47
   5.2882436e+01   7.1320928e-47
   5.3004383e+01   7.1326074e-47
   5.3126612e+01   7.1331334e-47
   5.3249122e+01   7.1336708e-47
   5.3371915e+01   7.1342193e-47
   5.3494991e+01   7.1347787e-47
   5.3618351e+01   7.1353488e-47
   5.3741995e+01   7.1359294e-47
   5.3865925e+01   7.1365203e-47
   5.3990140e+01   7.1371213e-47
   5.4114642e+01   7.1377322e-47
   5.4239430e+01   7.1383528e-47
   5.4364507e+01   7.1389830e-47
   5.4489872e+01   7.1396226e-47
   5.4615526e+01   7.1402713e-47
   5.4741470e+01   7.1409290e-47
   5.4867704e+01   7.1415956e-47
   5.4994229e+01   7.1422707e-47
   5.5121046e+01   7.1429544e-47
   5.5248156e+01   7.1436463e-47
   5.5375559e+01   7.1443464e-47
   5.5503255e+01   7.1450545e-47
   5.5631246e+01   7.1457703e-47
   5.5759532e+01   7.1464938e-47
   5.5888114e+01   7.1472248e-47
   5.6016992e+01   7.1479631e-47
   5.6146168e+01   7.1487086e-47
   5.6275642e+01   7.1494611e-47
   5.6405414e+01   7.1502204e-47
   5.6535485e+01   7.1509865e-47
   5.6665856e+01   7.1517591e-47
   5.6796528e+01   7.1525381e-47
   5.6927501e+01   7.1533235e-47
   5.7058777e+01   7.1541149e-47
   5.7190355e+01   7.1549124e-47
   5.7322236e+01   7.1557157e-47
   5.7454421e+01   7.1565248e-47
   5.7586912e+01   7.1573394e-47
   5.7719708e+01   7.1581595e-47
   5.7852810e+01   7.1589849e-47
   5.7986219e+01   7.1598155e-47
   5.8119935e+01   7.1606512e-47
   5.8253960e+01   7.1614918e-47
   5.8388294e+01   7.1623373e-47
   5.8522938e+01   7.1631875e-47
   5.8657893e+01   7.1640422e-47
   5.8793158e+01   7.1649014e-47
   5.8928736e+01   7.1657650e-47
   5.9064626e+01   7.1666328e-47
   5.9200829e+01   7.1675047e-47
   5.9337347e+01   7.1683806e-47
   5.9474179e+01   7.1692604e-47
   5.9611327e+01   7.1701441e-47
   5.9748791e+01   7.1710314e-47
   5.9886572e+01   7.1719222e-47
   6.0024671e+01   7.1728166e-47
   6.0163089e+01   7.1737143e-47
   6.0301825e+01   7.1746153e-47
   6.0440882e+01   7.1755195e-47
   6.0580259e+01   7.1764267e-47
   6.0719957e+01   7.1773370e-47
   6.0859978e+01   7.1782501e-47
   6.1000322e+01   7.1791660e-47
   6.1140989e+01   7.1800846e-47
   6.1281980e+01   7.1810058e-47
   6.1423297e+01   7.1819295e-47
   6.1564940e+01   7.1828556e-47
   6.1706909e+01   7.1837841e-47
   6.1849206e+01   7.1847149e-47
   6.1991830e+01   7.1856478e-47
   6.2134784e+01   7.1865828e-47
   6.2278067e+01   7.1875198e-47
   6.2421681e+01   7.1884588e-47
   6.2565626e+01   7.1893996e-47
   6.2709903e+01   7.1903422e-47
   6.2854512e+01   7.1912865e-47
   6.2999455e+01   7.1922324e-47
   6.3144732e+01   7.1931798e-47
   6.3290345e+01   7.1941287e-47
   6.3436293e+01   7.1950791e-47
   6.3582577e+01   7.1960307e-47
   6.3729199e+01   7.1969836e-47
   6.3876159e+01   7.1979378e-47
   6.4023458e+01   7.1988930e-47
   6.4171097e+01   7.1998493e-47
   6.4319076e+01   7.2008066e-47
   6.4467396e+01   7.2017648e-47
   6.4616058e+01   7.2027239e-47
   6.4765063e+01   7.2036838e-47
   6.4914412e+01   7.2046445e-47
   6.5064105e+01   7.2056058e-47
   6.5214144e+01   7.2065678e-47
   6.5364528e+01   7.2075303e-47
   6.5515259e+01   7.2084934e-47
   6.5666338e+01   7.2094569e-47
   6.5817765e+01   7.2104208e-47
   6.5969541e+01   7.2113851e-47
   6.6121667e+01   7.2123497e-47
   6.6274144e+01   7.2133145e-47
   6.6426973e+01   7.2142795e-47
   6.6580154e+01   7.2152447e-47
   6.6733688e+01   7.2162100e-47
   6.6887577e+01   7.2171753e-47
   6.7041820e+01   7.2181406e-47
   6.7196419e+01   7.2191059e-47
   6.7351374e+01   7.2200710e-47
   6.7506687e+01   7.2210361e-47
   6.7662358e+01   7.2220009e-47
   6.7818388e+01   7.2229656e-47
   6.7974778e+01   7.2239300e-47
   6.8131528e+01   7.2248941e-47
   6.8288640e+01   7.2258578e-47
   6.8446114e+01   7.2268212e-47
   6.8603951e+01   7.2277841e-47
   6.8762153e+01   7.2287466e-47
   6.8920719e+01   7.2297086e-47
   6.9079650e+01   7.2306700e-47
   6.9238949e+01   7.2316309e-47
   6.9398614e+01   7.2325912e-47
   6.9558648e+01   7.2335508e-47
   6.9719051e+01   7.2345098e-47
   6.9879823e+01   7.2354680e-47
   7.0040967e+01   7.2364256e-47
   7.0202482e+01   7.2373823e-47
   7.0364369e+01   7.2383383e-47
   7.0526630e+01   7.2392935e-47
   7.0689265e+01   7.2402477e-47
   7.0852275e+01   7.2412012e-47
   7.1015661e+01   7.2421536e-47
   7.1179423e+01   7.2431052e-47
   7.1343564e+01   7.2440558e-47
   7.1508083e+01   7.2450054e-47
   7.1672981e+01   7.2459540e-47
   7.1838259e+01   7.2469016e-47
   7.2003919e+01   7.2478481e-47
   7.2169960e+01   7.2487935e-47
   7.2336385e+01   7.2497378e-47
   7.2503193e+01   7.2506809e-47
   7.2670386e+01   7.2516229e-47
   7.2837964e+01   7.2525638e-47
   7.3005929e+01   7.2535035e-47
   7.3174282e+01   7.2544419e-47
   7.3343022e+01   7.2553791e-47
   7.3512152e+01   7.2563151e-47
   7.3681671e+01   7.2572498e-47
   7.3851582e+01   7.2581832e-47
   7.4021884e+01   7.2591153e-47
   7.4192579e+01   7.2600461e-47
   7.4363668e+01   7.2609756e-47
   7.4535151e+01   7.2619037e-47
   7.4707029e+01   7.2628305e-47
   7.4879304e+01   7.2637559e-47
   7.5051977e+01   7.2646799e-47
   7.5225047e+01   7.2656025e-47
   7.5398517e+01   7.2665237e-47
   7.5572386e+01   7.2674434e-47
   7.5746657e+01   7.2683618e-47
   7.5921329e+01   7.2692786e-47
   7.6096404e+01   7.2701941e-47
   7.6271883e+01   7.2711080e-47
   7.6447767e+01   7.2720205e-47
   7.6624056e+01   7.2729315e-47
   7.6800751e+01   7.2738410e-47
   7.6977855e+01   7.2747489e-47
   7.7155366e+01   7.2756554e-47
   7.7333287e+01   7.2765604e-47
   7.7511618e+01   7.2774638e-47
   7.7690361e+01   7.2783657e-47
   7.7869515e+01   7.2792661e-47
   7.8049083e+01   7.2801649e-47
   7.8229065e+01   7.2810622e-47
   7.8409461e+01   7.2819579e-47
   7.8590274e+01   7.2828521e-47
   7.8771504e+01   7.2837447e-47
   7.8953152e+01   7.2846357e-47
   7.9135218e+01   7.2855252e-47
   7.9317705e+01   7.2864131e-47
   7.9500612e+01   7.2872995e-47
   7.9683941e+01   7.2881842e-47
   7.9867693e+01   7.2890674e-47
   8.0051868e+01   7.2899490e-47
   8.0236468e+01   7.2908291e-47
   8.0421494e+01   7.2917075e-47
   8.0606947e+01   7.2925844e-47
   8.0792827e+01   7.2934597e-47
   8.0979136e+01   7.2943334e-47
   8.1165874e+01   7.2952056e-47
   8.1353044e+01   7.2960761e-47
   8.1540644e+01   7.2969451e-47
   8.1728678e+01   7.2978126e-47
   8.1917145e+01   7.2986784e-47
   8.2106046e+01   7.2995427e-47
   8.2295383e+01   7.3004055e-47
   8.2485157e+01   7.3012667e-47
   8.2675369e+01   7.3021263e-47
   8.2866019e+01   7.3029844e-47
   8.3057108e+01   7.3038409e-47
   8.3248639e+01   7.3046959e-47
   8.3440611e+01   7.3055493e-47
   8.3633025e+01   7.3064012e-47
   8.3825884e+01   7.3072516e-47
   8.4019187e+01   7.3081005e-47
   8.4212936e+01   7.3089478e-47
   8.4407131e+01   7.3097937e-47
   8.4601775e+01   7.3106380e-47
   8.4796867e+01   7.3114809e-47
   8.4992409e+01   7.3123222e-47
   8.5188403e+01   7.3131621e-47
   8.5384848e+01   7.3140005e-47
   8.5581746e+01   7.3148375e-47
   8.5779098e+01   7.3156730e-47
   8.5976905e+01   7.3165070e-47
   8.6175169e+01   7.3173396e-47
   8.6373889e+01   7.3181708e-47
   8.6573068e+01   7.3190005e-47
   8.6772706e+01   7.3198289e-47
   8.6972805e+01   7.3206558e-47
   8.7173365e+01   7.3214814e-47
   8.7374387e+01   7.3223056e-47
   8.7575873e+01   7.3231284e-47
   8.7777824e+01   7.3239498e-47
   8.7980240e+01   7.3247699e-47
   8.8183123e+01   7.3255887e-47
   8.8386474e+01   7.3264061e-47
   8.8590294e+01   7.3272223e-47
   8.8794584e+01   7.3280371e-47
   8.8999345e+01   7.3288506e-47
   8.9204578e+01   7.3296629e-47
   8.9410285e+01   7.3304739e-47
   8.9616465e+01   7.3312836e-47
   8.9823122e+01   7.3320921e-47
   9.0030254e+01   7.3328994e-47
   9.0237865e+01   7.3337055e-47
   9.0445954e+01   7.3345104e-47
   9.0654523e+01   7.3353140e-47
   9.0863573e+01   7.3361166e-47
   9.1073105e+01   7.3369179e-47
   9.1283120e+01   7.3377181e-47
   9.1493620e+01   7.3385172e-47
   9.1704605e+01   7.3393152e-47
   9.1916077e+01   7.3401121e-47
   9.2128036e+01   7.3409079e-47
   9.2340484e+01   7.3417027e-47
   9.2553422e+01   7.3424963e-47
   9.2766850e+01   7.3432890e-47
   9.2980771e+01   7.3440806e-47
   9.3195186e+01   7.3448713e-47
   9.3410095e+01   7.3456609e-47
   9.3625499e+01   7.3464496e-47
   9.3841400e+01   7.3472373e-47
   9.4057799e+01   7.3480241e-47
   9.4274697e+01   7.3488099e-47
   9.4492095e+01   7.3495949e-47
   9.4709995e+01   7.3503790e-47
   9.4928397e+01   7.3511622e-47
   9.5147302e+01   7.3519445e-47
   9.5366713e+01   7.3527261e-47
   9.5586629e+01   7.3535068e-47
   9.5807053e+01   7.3542867e-47
   9.6027984e+01   7.3550658e-47
   9.6249426e+01   7.3558442e-47
   9.6471378e+01   7.3566218e-47
   9.6693841e+01   7.3573987e-47
   9.6916818e+01   7.3581749e-47
   9.7140309e+01   7.3589505e-47
   9.7364315e+01   7.3597253e-47
   9.7588838e+01   7.3604995e-47
   9.7813879e+01   7.3612731e-47
   9.8039438e+01   7.3620461e-47
   9.8265518e+01   7.3628185e-47
   9.8492119e+01   7.3635903e-47
   9.8719243e+01   7.3643615e-47
   9.8946890e+01   7.3651323e-47
   9.9175062e+01   7.3659025e-47
   9.9403761e+01   7.3666723e-47
   9.9632987e+01   7.3674415e-47
   9.9862741e+01   7.3682104e-47
   1.0009303e+02   7.3689788e-47
   1.0032384e+02   7.3697468e-47
   1.0055519e+02   7.3705144e-47
   1.0078707e+02   7.3712816e-47
   1.0101948e+02   7.3720485e-47
   1.0125244e+02   7.3728151e-47
   1.0148593e+02   7.3735814e-47
   1.0171995e+02   7.3743474e-47
   1.0195452e+02   7.3751132e-47
   1.0218963e+02   7.3758787e-47
   1.0242528e+02   7.3766440e-47
   1.0266147e+02   7.3774091e-47
   1.0289821e+02   7.3781741e-47
   1.0313549e+02   7.3789389e-47
   1.0337332e+02   7.3797035e-47
   1.0361170e+02   7.3804681e-47
   1.0385063e+02   7.3812326e-47
   1.0409011e+02   7.3819971e-47
   1.0433015e+02   7.3827615e-47
   1.0457073e+02   7.3835259e-47
   1.0481187e+02   7.3842903e-47
   1.0505357e+02   7.3850548e-47
   1.0529582e+02   7.3858193e-47
   1.0553864e+02   7.3865839e-47
   1.0578201e+02   7.3873486e-47
   1.0602594e+02   7.3881134e-47
   1.0627044e+02   7.3888784e-47
   1.0651550e+02   7.3896436e-47
   1.0676113e+02   7.3904089e-47
   1.0700732e+02   7.3911745e-47
   1.0725408e+02   7.3919404e-47
   1.0750141e+02   7.3927065e-47
   1.0774931e+02   7.3934729e-47
   1.0799778e+02   7.3942397e-47
   1.0824682e+02   7.3950067e-47
   1.0849644e+02   7.3957742e-47
   1.0874663e+02   7.3965421e-47
   1.0899740e+02   7.3973103e-47
   1.0924875e+02   7.3980790e-47
   1.0950068e+02   7.3988482e-47
   1.0975319e+02   7.3996179e-47
   1.1000628e+02   7.4003881e-47
   1.1025996e+02   7.4011589e-47
   1.1051422e+02   7.4019302e-47
   1.1076906e+02   7.4027021e-47
   1.1102450e+02   7.4034747e-47
   1.1128052e+02   7.4042478e-47
   1.1153714e+02   7.4050217e-47
   1.1179434e+02   7.4057963e-47
   1.1205214e+02   7.4065716e-47
   1.1231053e+02   7.4073476e-47
   1.1256952e+02   7.4081244e-47
   1.1282911e+02   7.4089020e-47
   1.1308929e+02   7.4096805e-47
   1.1335008e+02   7.4104598e-47
   1.1361146e+02   7.4112399e-47
   1.1387345e+02   7.4120210e-47
   1.1413605e+02   7.4128030e-47
   1.1439924e+02   7.4135860e-47
   1.1466305e+02   7.4143700e-47
   1.1492746e+02   7.4151550e-47
   1.1519249e+02   7.4159410e-47
   1.1545812e+02   7.4167281e-47
   1.1572437e+02   7.4175163e-47
   1.1599123e+02   7.4183056e-47
   1.1625871e+02   7.4190961e-47
   1.1652680e+02   7.4198877e-47
   1.1679551e+02   7.4206805e-47
   1.1706484e+02   7.4214746e-47
   1.1733480e+02   7.4222699e-47
   1.1760537e+02   7.4230666e-47
   1.1787657e+02   7.4238645e-47
   1.1814839e+02   7.4246637e-47
   1.1842085e+02   7.4254644e-47
   1.1869392e+02   7.4262664e-47
   1.1896763e+02   7.4270699e-47
   1.1924197e+02   7.4278748e-47
   1.1951695e+02   7.4286812e-47
   1.1979255e+02   7.4294891e-47
   1.2006880e+02   7.4302985e-47
   1.2034568e+02   7.4311095e-47
   1.2062319e+02   7.4319221e-47
   1.2090135e+02   7.4327364e-47
   1.2118015e+02   7.4335522e-47
   1.2145959e+02   7.4343698e-47
   1.2173968e+02   7.4351891e-47
   1.2202041e+02   7.4360101e-47
   1.2230179e+02   7.4368328e-47
   1.2258382e+02   7.4376574e-47
   1.2286650e+02   7.4384838e-47
   1.2314983e+02   7.4393120e-47
   1.2343382e+02   7.4401421e-47
   1.2371846e+02   7.4409741e-47
   1.2400375e+02   7.4418081e-47
   1.2428971e+02   7.4426441e-47
   1.2457632e+02   7.4434820e-47
   1.2486359e+02   7.4443220e-47
   1.2515153e+02   7.4451640e-47
   1.2544013e+02   7.4460081e-47
   1.2572940e+02   7.4468544e-47
   1.2601933e+02   7.4477027e-47
   1.2630993e+02   7.4485533e-47
   1.2660120e+02   7.4494061e-47
   1.2689314e+02   7.4502611e-47
   1.2718576e+02   7.4511184e-47
   1.2747905e+02   7.4519779e-47
   1.2777302e+02   7.4528398e-47
   1.2806767e+02   7.4537041e-47
   1.2836299e+02   7.4545707e-47
   1.2865900e+02   7.4554398e-47
   1.2895569e+02   7.4563113e-47
   1.2925306e+02   7.4571853e-47
   1.2955112e+02   7.4580619e-47
   1.2984986e+02   7.4589409e-47
   1.3014930e+02   7.4598225e-47
   1.3044942e+02   7.4607068e-47
   1.3075024e+02   7.4615936e-47
   1.3105175e+02   7.4624832e-47
   1.3135396e+02   7.4633754e-47
   1.3165686e+02   7.4642704e-47
   1.3196046e+02   7.4651681e-47
   1.3226476e+02   7.4660686e-47
   1.3256977e+02   7.4669720e-47
   1.3287547e+02   7.4678782e-47
   1.3318189e+02   7.4687873e-47
   1.3348901e+02   7.4696993e-47
   1.3379683e+02   7.4706142e-47
   1.3410537e+02   7.4715322e-47
   1.3441462e+02   7.4724531e-47
   1.3472458e+02   7.4733771e-47
   1.3503525e+02   7.4743042e-47
   1.3534665e+02   7.4752344e-47
   1.3565876e+02   7.4761677e-47
   1.3597159e+02   7.4771042e-47
   1.3628514e+02   7.4780439e-47
   1.3659941e+02   7.4789869e-47
   1.3691441e+02   7.4799331e-47
   1.3723014e+02   7.4808826e-47
   1.3754659e+02   7.4818355e-47
   1.3786377e+02   7.4827918e-47
   1.3818169e+02   7.4837514e-47
   1.3850034e+02   7.4847145e-47
   1.3881972e+02   7.4856811e-47
   1.3913984e+02   7.4866511e-47
   1.3946070e+02   7.4876247e-47
   1.3978229e+02   7.4886019e-47
   1.4010463e+02   7.4895827e-47
   1.4042772e+02   7.4905671e-47
   1.4075154e+02   7.4915552e-47
   1.4107612e+02   7.4925470e-47
   1.4140144e+02   7.4935425e-47
   1.4172751e+02   7.4945418e-47
   1.4205434e+02   7.4955449e-47
   1.4238192e+02   7.4965518e-47
   1.4271025e+02   7.4975627e-47
   1.4303934e+02   7.4985774e-47
   1.4336919e+02   7.4995961e-47
   1.4369980e+02   7.5006187e-47
   1.4403117e+02   7.5016454e-47
   1.4436331e+02   7.5026761e-47
   1.4469621e+02   7.5037109e-47
   1.4502988e+02   7.5047498e-47
   1.4536432e+02   7.5057929e-47
   1.4569954e+02   7.5068401e-47
   1.4603552e+02   7.5078916e-47
   1.4637228e+02   7.5089473e-47
   1.4670981e+02   7.5100074e-47
   1.4704813e+02   7.5110717e-47
   1.4738722e+02   7.5121404e-47
   1.4772710e+02   7.5132135e-47
   1.4806776e+02   7.5142911e-47
   1.4840920e+02   7.5153731e-47
   1.4875144e+02   7.5164596e-47
   1.4909446e+02   7.5175506e-47
   1.4943827e+02   7.5186463e-47
   1.4978288e+02   7.5197465e-47
   1.5012828e+02   7.5208514e-47
   1.5047447e+02   7.5219610e-47
   1.5082147e+02   7.5230753e-47
   1.5116927e+02   7.5241943e-47
   1.5151786e+02   7.5253182e-47
   1.5186726e+02   7.5264469e-47
   1.5221747e+02   7.5275804e-47
   1.5256849e+02   7.5287189e-47
   1.5292031e+02   7.5298623e-47
   1.5327295e+02   7.5310107e-47
   1.5362639e+02   7.5321641e-47
   1.5398066e+02   7.5333225e-47
   1.5433574e+02   7.5344861e-47
   1.5469164e+02   7.5356547e-47
   1.5504836e+02   7.5368286e-47
   1.5540590e+02   7.5380076e-47
   1.5576427e+02   7.5391919e-47
   1.5612346e+02   7.5403814e-47
   1.5648348e+02   7.5415763e-47
   1.5684434e+02   7.5427765e-47
   1.5720602e+02   7.5439822e-47
   1.5756854e+02   7.5451932e-47
   1.5793189e+02   7.5464098e-47
   1.5829608e+02   7.5476318e-47
   1.5866112e+02   7.5488594e-47
   1.5902699e+02   7.5500925e-47
   1.5939371e+02   7.5513313e-47
   1.5976127e+02   7.5525758e-47
   1.6012968e+02   7.5538260e-47
   1.6049894e+02   7.5550819e-47
   1.6086905e+02   7.5563436e-47
   1.6124002e+02   7.5576111e-47
   1.6161184e+02   7.5588844e-47
   1.6198452e+02   7.5601637e-47
   1.6235805e+02   7.5614489e-47
   1.6273245e+02   7.5627401e-47
   1.6310772e+02   7.5640373e-47
   1.6348384e+02   7.5653406e-47
   1.6386084e+02   7.5666499e-47
   1.6423870e+02   7.5679655e-47
   1.6461744e+02   7.5692872e-47
   1.6499705e+02   7.5706151e-47
   1.6537753e+02   7.5719492e-47
   1.6575889e+02   7.5732897e-47
   1.6614114e+02   7.5746366e-47
   1.6652426e+02   7.5759898e-47
   1.6690826e+02   7.5773494e-47
   1.6729316e+02   7.5787155e-47
   1.6767894e+02   7.5800881e-47
   1.6806560e+02   7.5814673e-47
   1.6845316e+02   7.5828531e-47
   1.6884162e+02   7.5842455e-47
   1.6923097e+02   7.5856445e-47
   1.6962122e+02   7.5870503e-47
   1.7001236e+02   7.5884629e-47
   1.7040441e+02   7.5898823e-47
   1.7079737e+02   7.5913085e-47
   1.7119123e+02   7.5927416e-47
   1.7158600e+02   7.5941816e-47
   1.7198168e+02   7.5956286e-47
   1.7237827e+02   7.5970826e-47
   1.7277577e+02   7.5985437e-47
   1.7317419e+02   7.6000119e-47
   1.7357354e+02   7.6014872e-47
   1.7397380e+02   7.6029698e-47
   1.7437498e+02   7.6044595e-47
   1.7477709e+02   7.6059566e-47
   1.7518013e+02   7.6074609e-47
   1.7558410e+02   7.6089727e-47
   1.7598899e+02   7.6104918e-47
   1.7639483e+02   7.6120184e-47
   1.7680159e+02   7.6135525e-47
   1.7720930e+02   7.6150942e-47
   1.7761795e+02   7.6166434e-47
   1.7802753e+02   7.6182003e-47
   1.7843807e+02   7.6197649e-47
   1.7884955e+02   7.6213371e-47
   1.7926198e+02   7.6229172e-47
   1.7967535e+02   7.6245051e-47
   1.8008969e+02   7.6261008e-47
   1.8050498e+02   7.6277044e-47
   1.8092122e+02   7.6293160e-47
   1.8133843e+02   7.6309356e-47
   1.8175659e+02   7.6325633e-47
   1.8217573e+02   7.6341990e-47
   1.8259583e+02   7.6358429e-47
   1.8301689e+02   7.6374950e-47
   1.8343893e+02   7.6391553e-47
   1.8386194e+02   7.6408239e-47
   1.8428593e+02   7.6425008e-47
   1.8471089e+02   7.6441861e-47
   1.8513684e+02   7.6458799e-47
   1.8556377e+02   7.6475821e-47
   1.8599168e+02   7.6492928e-47
   1.8642058e+02   7.6510121e-47
   1.8685046e+02   7.6527400e-47
   1.8728134e+02   7.6544765e-47
   1.8771321e+02   7.6562218e-47
   1.8814608e+02   7.6579759e-47
   1.8857995e+02   7.6597387e-47
   1.8901482e+02   7.6615105e-47
   1.8945068e+02   7.6632911e-47
   1.8988756e+02   7.6650807e-47
   1.9032544e+02   7.6668793e-47
   1.9076433e+02   7.6686870e-47
   1.9120424e+02   7.6705037e-47
   1.9164516e+02   7.6723297e-47
   1.9208709e+02   7.6741648e-47
   1.9253005e+02   7.6760092e-47
   1.9297402e+02   7.6778630e-47
   1.9341902e+02   7.6797261e-47
   1.9386505e+02   7.6815986e-47
   1.9431210e+02   7.6834805e-47
   1.9476019e+02   7.6853720e-47
   1.9520930e+02   7.6872731e-47
   1.9565946e+02   7.6891837e-47
   1.9611065e+02   7.6911041e-47
   1.9656288e+02   7.6930342e-47
   1.9701616e+02   7.6949740e-47
   1.9747048e+02   7.6969237e-47
   1.9792585e+02   7.6988832e-47
   1.9838227e+02   7.7008527e-47
   1.9883974e+02   7.7028322e-47
   1.9929826e+02   7.7048218e-47
   1.9975785e+02   7.7068214e-47
   2.0021849e+02   7.7088312e-47
   2.0068020e+02   7.7108512e-47
   2.0114297e+02   7.7128814e-47
   2.0160680e+02   7.7149219e-47
   2.0207171e+02   7.7169729e-47
   2.0253769e+02   7.7190342e-47
   2.0300474e+02   7.7211060e-47
   2.0347287e+02   7.7231884e-47
   2.0394208e+02   7.7252813e-47
   2.0441237e+02   7.7273849e-47
   2.0488375e+02   7.7294992e-47
   2.0535621e+02   7.7316242e-47
   2.0582977e+02   7.7337601e-47
   2.0630441e+02   7.7359068e-47
   2.0678015e+02   7.7380644e-47
   2.0725699e+02   7.7402331e-47
   2.0773492e+02   7.7424127e-47
   2.0821396e+02   7.7446035e-47
   2.0869411e+02   7.7468054e-47
   2.0917536e+02   7.7490185e-47
   2.0965772e+02   7.7512429e-47
   2.1014119e+02   7.7534786e-47
   2.1062578e+02   7.7557257e-47
   2.1111148e+02   7.7579843e-47
   2.1159831e+02   7.7602543e-47
   2.1208625e+02   7.7625359e-47
   2.1257533e+02   7.7648292e-47
   2.1306553e+02   7.7671341e-47
   2.1355686e+02   7.7694507e-47
   2.1404932e+02   7.7717792e-47
   2.1454292e+02   7.7741195e-47
   2.1503766e+02   7.7764718e-47
   2.1553354e+02   7.7788360e-47
   2.1603056e+02   7.7812123e-47
   2.1652873e+02   7.7836006e-47
   2.1702804e+02   7.7860012e-47
   2.1752851e+02   7.7884139e-47
   2.1803013e+02   7.7908390e-47
   2.1853291e+02   7.7932764e-47
   2.1903685e+02   7.7957262e-47
   2.1954195e+02   7.7981885e-47
   2.2004822e+02   7.8006633e-47
   2.2055565e+02   7.8031508e-47
   2.2106425e+02   7.8056509e-47
   2.2157403e+02   7.8081637e-47
   2.2208498e+02   7.8106893e-47
   2.2259711e+02   7.8132278e-47
   2.2311042e+02   7.8157792e-47
   2.2362491e+02   7.8183436e-47
   2.2414060e+02   7.8209211e-47
   2.2465747e+02   7.8235116e-47
   2.2517553e+02   7.8261154e-47
   2.2569478e+02   7.8287324e-47
   2.2621524e+02   7.8313627e-47
   2.2673689e+02   7.8340064e-47
   2.2725975e+02   7.8366635e-47
   2.2778381e+02   7.8393341e-47
   2.2830908e+02   7.8420184e-47
   2.2883556e+02   7.8447162e-47
   2.2936326e+02   7.8474278e-47
   2.2989217e+02   7.8501532e-47
   2.3042231e+02   7.8528924e-47
   2.3095366e+02   7.8556456e-47
   2.3148624e+02   7.8584127e-47
   2.3202005e+02   7.8611939e-47
   2.3255509e+02   7.8639892e-47
   2.3309137e+02   7.8667987e-47
   2.3362888e+02   7.8696225e-47
   2.3416763e+02   7.8724606e-47
   2.3470762e+02   7.8753131e-47
   2.3524886e+02   7.8781801e-47
   2.3579134e+02   7.8810616e-47
   2.3633508e+02   7.8839578e-47
   2.3688007e+02   7.8868686e-47
   2.3742632e+02   7.8897942e-47
   2.3797382e+02   7.8927346e-47
   2.3852259e+02   7.8956900e-47
   2.3907263e+02   7.8986603e-47
   2.3962393e+02   7.9016457e-47
   2.4017651e+02   7.9046462e-47
   2.4073036e+02   7.9076619e-47
   2.4128548e+02   7.9106928e-47
   2.4184189e+02   7.9137392e-47
   2.4239958e+02   7.9168009e-47
   2.4295855e+02   7.9198781e-47
   2.4351882e+02   7.9229709e-47
   2.4408037e+02   7.9260794e-47
   2.4464322e+02   7.9292035e-47
   2.4520737e+02   7.9323435e-47
   2.4577282e+02   7.9354994e-47
   2.4633958e+02   7.9386712e-47
   2.4690764e+02   7.9418590e-47
   2.4747701e+02   7.9450629e-47
   2.4804769e+02   7.9482830e-47
   2.4861969e+02   7.9515194e-47
   2.4919301e+02   7.9547721e-47
   2.4976765e+02   7.9580412e-47
   2.5034362e+02   7.9613269e-47
   2.5092091e+02   7.9646291e-47
   2.5149954e+02   7.9679479e-47
   2.5207950e+02   7.9712835e-47
   2.5266080e+02   7.9746359e-47
   2.5324343e+02   7.9780052e-47
   2.5382742e+02   7.9813915e-47
   2.5441274e+02   7.9847949e-47
   2.5499942e+02   7.9882153e-47
   2.5558745e+02   7.9916530e-47
   2.5617684e+02   7.9951081e-47
   2.5676758e+02   7.9985805e-47
   2.5735969e+02   8.0020703e-47
   2.5795317e+02   8.0055778e-47
   2.5854801e+02   8.0091028e-47
   2.5914422e+02   8.0126456e-47
   2.5974181e+02   8.0162062e-47
   2.6034078e+02   8.0197847e-47
   2.6094112e+02   8.0233811e-47
   2.6154286e+02   8.0269957e-47
   2.6214598e+02   8.0306283e-47
   2.6275049e+02   8.0342792e-47
   2.6335639e+02   8.0379485e-47
   2.6396369e+02   8.0416361e-47
   2.6457240e+02   8.0453422e-47
   2.6518250e+02   8.0490669e-47
   2.6579401e+02   8.0528103e-47
   2.6640694e+02   8.0565725e-47
   2.6702127e+02   8.0603534e-47
   2.6763703e+02   8.0641534e-47
   2.6825420e+02   8.0679723e-47
   2.6887280e+02   8.0718104e-47
   2.6949282e+02   8.0756677e-47
   2.7011427e+02   8.0795443e-47
   2.7073716e+02   8.0834402e-47
   2.7136148e+02   8.0873557e-47
   2.7198724e+02   8.0912907e-47
   2.7261444e+02   8.0952454e-47
   2.7324310e+02   8.0992199e-47
   2.7387320e+02   8.1032142e-47
   2.7450475e+02   8.1072284e-47
   2.7513776e+02   8.1112627e-47
   2.7577223e+02   8.1153172e-47
   2.7640816e+02   8.1193918e-47
   2.7704556e+02   8.1234868e-47
   2.7768443e+02   8.1276022e-47
   2.7832477e+02   8.1317381e-47
   2.7896659e+02   8.1358947e-47
   2.7960989e+02   8.1400719e-47
   2.8025467e+02   8.1442699e-47
   2.8090094e+02   8.1484889e-47
   2.8154870e+02   8.1527289e-47
   2.8219796e+02   8.1569899e-47
   2.8284871e+02   8.1612722e-47
   2.8350096e+02   8.1655757e-47
   2.8415471e+02   8.1699007e-47
   2.8480998e+02   8.1742472e-47
   2.8546675e+02   8.1786152e-47
   2.8612504e+02   8.1830050e-47
   2.8678485e+02   8.1874166e-47
   2.8744617e+02   8.1918500e-47
   2.8810903e+02   8.1963055e-47
   2.8877341e+02   8.2007831e-47
   2.8943932e+02   8.2052829e-47
   2.9010677e+02   8.2098051e-47
   2.9077576e+02   8.2143496e-47
   2.9144629e+02   8.2189167e-47
   2.9211837e+02   8.2235064e-47
   2.9279200e+02   8.2281189e-47
   2.9346718e+02   8.2327542e-47
   2.9414391e+02   8.2374125e-47
   2.9482221e+02   8.2420938e-47
   2.9550207e+02   8.2467983e-47
   2.9618350e+02   8.2515260e-47
   2.9686651e+02   8.2562772e-47
   2.9755108e+02   8.2610518e-47
   2.9823724e+02   8.2658501e-47
   2.9892498e+02   8.2706720e-47
   2.9961430e+02   8.2755178e-47
   3.0030521e+02   8.2803875e-47
   3.0099772e+02   8.2852813e-47
   3.0169182e+02   8.2901992e-47
   3.0238752e+02   8.2951414e-47
   3.0308483e+02   8.3001080e-47
   3.0378375e+02   8.3050991e-47
   3.0448428e+02   8.3101148e-47
   3.0518642e+02   8.3151552e-47
   3.0589018e+02   8.3202204e-47
   3.0659557e+02   8.3253106e-47
   3.0730258e+02   8.3304259e-47
   3.0801122e+02   8.3355664e-47
   3.0872150e+02   8.3407322e-47
   3.0943341e+02   8.3459234e-47
   3.1014697e+02   8.3511401e-47
   3.1086217e+02   8.3563825e-47
   3.1157902e+02   8.3616507e-47
   3.1229752e+02   8.3669448e-47
   3.1301768e+02   8.3722649e-47
   3.1373950e+02   8.3776111e-47
   3.1446299e+02   8.3829836e-47
   3.1518814e+02   8.3883825e-47
   3.1591497e+02   8.3938079e-47
   3.1664347e+02   8.3992599e-47
   3.1737365e+02   8.4047387e-47
   3.1810552e+02   8.4102444e-47
   3.1883907e+02   8.4157770e-47
   3.1957432e+02   8.4213368e-47
   3.2031126e+02   8.4269238e-47
   3.2104990e+02   8.4325383e-47
   3.2179024e+02   8.4381802e-47
   3.2253229e+02   8.4438497e-47
   3.2327606e+02   8.4495470e-47
   3.2402153e+02   8.4552722e-47
   3.2476873e+02   8.4610255e-47
   3.2551765e+02   8.4668068e-47
   3.2626829e+02   8.4726165e-47
   3.2702067e+02   8.4784546e-47
   3.2777478e+02   8.4843212e-47
   3.2853063e+02   8.4902164e-47
   3.2928823e+02   8.4961405e-47
   3.3004757e+02   8.5020935e-47
   3.3080866e+02   8.5080756e-47
   3.3157151e+02   8.5140869e-47
   3.3233612e+02   8.5201276e-47
   3.3310249e+02   8.5261977e-47
   3.3387062e+02   8.5322974e-47
   3.3464053e+02   8.5384269e-47
   3.3541221e+02   8.5445863e-47
   3.3618568e+02   8.5507757e-47
   3.3696092e+02   8.5569953e-47
   3.3773796e+02   8.5632451e-47
   3.3851679e+02   8.5695255e-47
   3.3929741e+02   8.5758364e-47
   3.4007983e+02   8.5821780e-47
   3.4086406e+02   8.5885505e-47
   3.4165009e+02   8.5949540e-47
   3.4243794e+02   8.6013887e-47
   3.4322760e+02   8.6078547e-47
   3.4401909e+02   8.6143521e-47
   3.4481240e+02   8.6208811e-47
   3.4560754e+02   8.6274419e-47
   3.4640451e+02   8.6340345e-47
   3.4720333e+02   8.6406591e-47
   3.4800398e+02   8.6473160e-47
   3.4880648e+02   8.6540051e-47
   3.4961083e+02   8.6607268e-47
   3.5041703e+02   8.6674810e-47
   3.5122510e+02   8.6742680e-47
   3.5203503e+02   8.6810880e-47
   3.5284682e+02   8.6879410e-47
   3.5366049e+02   8.6948273e-47
   3.5447603e+02   8.7017470e-47
   3.5529346e+02   8.7087001e-47
   3.5611277e+02   8.7156870e-47
   3.5693397e+02   8.7227078e-47
   3.5775706e+02   8.7297625e-47
   3.5858205e+02   8.7368514e-47
   3.5940894e+02   8.7439746e-47
   3.6023774e+02   8.7511323e-47
   3.6106845e+02   8.7583246e-47
   3.6190108e+02   8.7655517e-47
   3.6273563e+02   8.7728138e-47
   3.6357210e+02   8.7801110e-47
   3.6441050e+02   8.7874435e-47
   3.6525083e+02   8.7948114e-47
   3.6609310e+02   8.8022150e-47
   3.6693731e+02   8.8096543e-47
   3.6778347e+02   8.8171295e-47
   3.6863159e+02   8.8246408e-47
   3.6948165e+02   8.8321884e-47
   3.7033368e+02   8.8397725e-47
   3.7118767e+02   8.8473931e-47
   3.7204364e+02   8.8550505e-47
   3.7290157e+02   8.8627449e-47
   3.7376148e+02   8.8704764e-47
   3.7462338e+02   8.8782451e-47
   3.7548727e+02   8.8860513e-47
   3.7635314e+02   8.8938951e-47
   3.7722102e+02   8.9017768e-47
   3.7809089e+02   8.9096964e-47
   3.7896277e+02   8.9176542e-47
   3.7983666e+02   8.9256503e-47
   3.8071257e+02   8.9336848e-47
   3.8159049e+02   8.9417581e-47
   3.8247044e+02   8.9498703e-47
   3.8335242e+02   8.9580214e-47
   3.8423644e+02   8.9662118e-47
   3.8512249e+02   8.9744416e-47
   3.8601059e+02   8.9827110e-47
   3.8690073e+02   8.9910202e-47
   3.8779292e+02   8.9993693e-47
   3.8868718e+02   9.0077585e-47
   3.8958349e+02   9.0161881e-47
   3.9048188e+02   9.0246581e-47
   3.9138233e+02   9.0331689e-47
   3.9228486e+02   9.0417205e-47
   3.9318947e+02   9.0503132e-47
   3.9409617e+02   9.0589472e-47
   3.9500496e+02   9.0676226e-47
   3.9591584e+02   9.0763397e-47
   3.9682883e+02   9.0850986e-47
   3.9774392e+02   9.0938996e-47
   3.9866112e+02   9.1027427e-47
   3.9958044e+02   9.1116283e-47
   4.0050187e+02   9.1205565e-47
   4.0142543e+02   9.1295275e-47
   4.0235112e+02   9.1385416e-47
   4.0327895e+02   9.1475988e-47
   4.0420891e+02   9.1566995e-47
   4.0514102e+02   9.1658438e-47
   4.0607528e+02   9.1750319e-47
   4.0701169e+02   9.1842641e-47
   4.0795026e+02   9.1935404e-47
   4.0889100e+02   9.2028613e-47
   4.0983390e+02   9.2122267e-47
   4.1077898e+02   9.2216370e-47
   4.1172624e+02   9.2310924e-47
   4.1267569e+02   9.2405931e-47
   4.1362732e+02   9.2501392e-47
   4.1458115e+02   9.2597311e-47
   4.1553718e+02   9.2693689e-47
   4.1649541e+02   9.2790528e-47
   4.1745585e+02   9.2887831e-47
   4.1841851e+02   9.2985599e-47
   4.1938338e+02   9.3083836e-47
   4.2035048e+02   9.3182542e-47
   4.2131982e+02   9.3281722e-47
   4.2229138e+02   9.3381376e-47
   4.2326519e+02   9.3481507e-47
   4.2424124e+02   9.3582117e-47
   4.2521955e+02   9.3683209e-47
   4.2620010e+02   9.3784785e-47
   4.2718293e+02   9.3886848e-47
   4.2816801e+02   9.3989399e-47
   4.2915537e+02   9.4092441e-47
   4.3014501e+02   9.4195978e-47
   4.3113692e+02   9.4300010e-47
   4.3213113e+02   9.4404542e-47
   4.3312763e+02   9.4509574e-47
   4.3412642e+02   9.4615111e-47
   4.3512752e+02   9.4721154e-47
   4.3613093e+02   9.4827707e-47
   4.3713665e+02   9.4934771e-47
   4.3814469e+02   9.5042351e-47
   4.3915506e+02   9.5150449e-47
   4.4016775e+02   9.5259068e-47
   4.4118278e+02   9.5368210e-47
   4.4220015e+02   9.5477880e-47
   4.4321987e+02   9.5588081e-47
   4.4424194e+02   9.5698816e-47
   4.4526636e+02   9.5810089e-47
   4.4629315e+02   9.5921904e-47
   4.4732231e+02   9.6034265e-47
   4.4835383e+02   9.6147176e-47
   4.4938774e+02   9.6260643e-47
   4.5042403e+02   9.6374670e-47
   4.5146271e+02   9.6489264e-47
   4.5250379e+02   9.6604431e-47
   4.5354727e+02   9.6720178e-47
   4.5459315e+02   9.6836514e-47
   4.5564145e+02   9.6953448e-47
   4.5669216e+02   9.7070991e-47
   4.5774529e+02   9.7189158e-47
   4.5880086e+02   9.7307963e-47
   4.5985886e+02   9.7427427e-47
   4.6091930e+02   9.7547574e-47
   4.6198218e+02   9.7668436e-47
   4.6304751e+02   9.7790053e-47
   4.6411530e+02   9.7912479e-47
   4.6518556e+02   9.8035784e-47
   4.6625828e+02   9.8160070e-47
   4.6733347e+02   9.8285476e-47
   4.6841115e+02   9.8412210e-47
   4.6949131e+02   9.8540585e-47
   4.7057396e+02   9.8671095e-47
   4.7165911e+02   9.8804559e-47
   4.7274676e+02   9.8942418e-47
   4.7383691e+02   9.9087409e-47
   4.7492958e+02   9.9245263e-47
   4.7602478e+02   9.9429747e-47
   4.7712249e+02   9.9681295e-47
   4.7822274e+02   1.0016610e-46
   4.7932553e+02   1.0228928e-46
   4.8043085e+02   1.7377774e-45
   4.8153873e+02   1.0212520e-46
   4.8264916e+02   1.0061382e-46
   4.8376216e+02   1.0043093e-46
   4.8487772e+02   1.0045220e-46
   4.8599585e+02   1.0053367e-46
   4.8711656e+02   1.0063933e-46
   4.8823985e+02   1.0075677e-46
   4.8936574e+02   1.0088078e-46
   4.9049422e+02   1.0100887e-46
   4.9162530e+02   1.0113975e-46
   4.9275899e+02   1.0127266e-46
   4.9389530e+02   1.0140716e-46
   4.9503423e+02   1.0154298e-46
   4.9617578e+02   1.0167993e-46
   4.9731996e+02   1.0181790e-46
   4.9846679e+02   1.0195679e-46
   4.9961626e+02   1.0209655e-46
   5.0076837e+02   1.0223713e-46
   5.0192315e+02   1.0237851e-46
   5.0308059e+02   1.0252066e-46
   5.0424070e+02   1.0266357e-46
   5.0540348e+02   1.0280722e-46
   5.0656894e+02   1.0295161e-46
   5.0773710e+02   1.0309673e-46
   5.0890794e+02   1.0324258e-46
   5.1008149e+02   1.0338914e-46
   5.1125774e+02   1.0353643e-46
   5.1243670e+02   1.0368444e-46
   5.1361839e+02   1.0383316e-46
   5.1480279e+02   1.0398261e-46
   5.1598993e+02   1.0413278e-46
   5.1717981e+02   1.0428367e-46
   5.1837243e+02   1.0443528e-46
   5.1956780e+02   1.0458762e-46
   5.2076593e+02   1.0474068e-46
   5.2196682e+02   1.0489448e-46
   5.2317048e+02   1.0504900e-46
   5.2437691e+02   1.0520427e-46
   5.2558613e+02   1.0536026e-46
   5.2679814e+02   1.0551700e-46
   5.2801294e+02   1.0567448e-46
   5.2923054e+02   1.0583271e-46
   5.3045095e+02   1.0599169e-46
   5.3167417e+02   1.0615141e-46
   5.3290022e+02   1.0631190e-46
   5.3412909e+02   1.0647314e-46
   5.3536079e+02   1.0663514e-46
   5.3659534e+02   1.0679790e-46
   5.3783273e+02   1.0696144e-46
   5.3907298e+02   1.0712574e-46
   5.4031609e+02   1.0729082e-46
   5.4156206e+02   1.0745668e-46
   5.4281090e+02   1.0762332e-46
   5.4406263e+02   1.0779074e-46
   5.4531724e+02   1.0795895e-46
   5.4657475e+02   1.0812795e-46
   5.4783515e+02   1.0829775e-46
   5.4909847e+02   1.0846835e-46
   5.5036469e+02   1.0863975e-46
   5.5163384e+02   1.0881195e-46
   5.5290591e+02   1.0898497e-46
   5.5418091e+02   1.0915880e-46
   5.5545886e+02   1.0933344e-46
   5.5673975e+02   1.0950891e-46
   5.5802360e+02   1.0968520e-46
   5.5931040e+02   1.0986232e-46
   5.6060018e+02   1.1004027e-46
   5.6189293e+02   1.1021906e-46
   5.6318866e+02   1.1039869e-46
   5.6448737e+02   1.1057915e-46
   5.6578909e+02   1.1076047e-46
   5.6709380e+02   1.1094264e-46
   5.6840152e+02   1.1112566e-46
   5.6971226e+02   1.1130955e-46
   5.7102602e+02   1.1149429e-46
   5.7234281e+02   1.1167990e-46
   5.7366264e+02   1.1186639e-46
   5.7498551e+02   1.1205374e-46
   5.7631143e+02   1.1224198e-46
   5.7764041e+02   1.1243110e-46
   5.7897245e+02   1.1262110e-46
   5.8030757e+02   1.1281200e-46
   5.8164576e+02   1.1300379e-46
   5.8298704e+02   1.1319648e-46
   5.8433141e+02   1.1339008e-46
   5.8567889e+02   1.1358458e-46
   5.8702947e+02   1.1377999e-46
   5.8838316e+02   1.1397632e-46
   5.8973998e+02   1.1417356e-46
   5.9109992e+02   1.1437174e-46
   5.9246300e+02   1.1457084e-46
   5.9382923e+02   1.1477087e-46
   5.9519860e+02   1.1497184e-46
   5.9657113e+02   1.1517375e-46
   5.9794683e+02   1.1537661e-46
   5.9932570e+02   1.1558041e-46
   6.0070775e+02   1.1578517e-46
   6.0209299e+02   1.1599089e-46
   6.0348142e+02   1.1619757e-46
   6.0487305e+02   1.1640522e-46
   6.0626789e+02   1.1661384e-46
   6.0766595e+02   1.1682344e-46
   6.0906723e+02   1.1703402e-46
   6.1047175e+02   1.1724558e-46
   6.1187950e+02   1.1745814e-46
   6.1329050e+02   1.1767169e-46
   6.1470475e+02   1.1788623e-46
   6.1612226e+02   1.1810178e-46
   6.1754305e+02   1.1831834e-46
   6.1896711e+02   1.1853591e-46
   6.2039445e+02   1.1875450e-46
   6.2182508e+02   1.1897411e-46
   6.2325902e+02   1.1919475e-46
   6.2469626e+02   1.1941642e-46
   6.2613681e+02   1.1963913e-46
   6.2758069e+02   1.1986287e-46
   6.2902789e+02   1.2008766e-46
   6.3047844e+02   1.2031351e-46
   6.3193232e+02   1.2054041e-46
   6.3338957e+02   1.2076837e-46
   6.3485017e+02   1.2099739e-46
   6.3631414e+02   1.2122748e-46
   6.3778148e+02   1.2145865e-46
   6.3925221e+02   1.2169090e-46
   6.4072633e+02   1.2192424e-46
   6.4220385e+02   1.2215866e-46
   6.4368478e+02   1.2239418e-46
   6.4516912e+02   1.2263080e-46
   6.4665688e+02   1.2286852e-46
   6.4814808e+02   1.2310736e-46
   6.4964271e+02   1.2334731e-46
   6.5114080e+02   1.2358838e-46
   6.5264233e+02   1.2383057e-46
   6.5414733e+02   1.2407390e-46
   6.5565580e+02   1.2431836e-46
   6.5716775e+02   1.2456396e-46
   6.5868318e+02   1.2481071e-46
   6.6020211e+02   1.2505862e-46
   6.6172454e+02   1.2530767e-46
   6.6325048e+02   1.2555789e-46
   6.6477994e+02   1.2580928e-46
   6.6631293e+02   1.2606184e-46
   6.6784945e+02   1.2631558e-46
   6.6938952e+02   1.2657051e-46
   6.7093314e+02   1.2682662e-46
   6.7248031e+02   1.2708393e-46
   6.7403106e+02   1.2734243e-46
   6.7558538e+02   1.2760215e-46
   6.7714328e+02   1.2786307e-46
   6.7870478e+02   1.2812522e-46
   6.8026988e+02   1.2838858e-46
   6.8183859e+02   1.2865317e-46
   6.8341091e+02   1.2891900e-46
   6.8498686e+02   1.2918606e-46
   6.8656645e+02   1.2945437e-46
   6.8814967e+02   1.2972394e-46
   6.8973655e+02   1.2999475e-46
   6.9132709e+02   1.3026683e-46
   6.9292130e+02   1.3054018e-46
   6.9451918e+02   1.3081481e-46
   6.9612074e+02   1.3109071e-46
   6.9772600e+02   1.3136790e-46
   6.9933497e+02   1.3164638e-46
   7.0094764e+02   1.3192616e-46
   7.0256403e+02   1.3220724e-46
   7.0418415e+02   1.3248963e-46
   7.0580800e+02   1.3277334e-46
   7.0743560e+02   1.3305837e-46
   7.0906695e+02   1.3334472e-46
   7.1070206e+02   1.3363242e-46
   7.1234095e+02   1.3392145e-46
   7.1398361e+02   1.3421182e-46
   7.1563006e+02   1.3450355e-46
   7.1728031e+02   1.3479664e-46
   7.1893437e+02   1.3509110e-46
   7.2059223e+02   1.3538692e-46
   7.2225393e+02   1.3568412e-46
   7.2391945e+02   1.3598271e-46
   7.2558881e+02   1.3628268e-46
   7.2726203e+02   1.3658406e-46
   7.2893910e+02   1.3688683e-46
   7.3062004e+02   1.3719102e-46
   7.3230485e+02   1.3749662e-46
   7.3399355e+02   1.3780365e-46
   7.3568615e+02   1.3811210e-46
   7.3738265e+02   1.3842199e-46
   7.3908306e+02   1.3873332e-46
   7.4078739e+02   1.3904610e-46
   7.4249565e+02   1.3936034e-46
   7.4420785e+02   1.3967604e-46
   7.4592400e+02   1.3999320e-46
   7.4764410e+02   1.4031185e-46
   7.4936818e+02   1.4063197e-46
   7.5109623e+02   1.4095359e-46
   7.5282826e+02   1.4127670e-46
   7.5456429e+02   1.4160131e-46
   7.5630432e+02   1.4192744e-46
   7.5804836e+02   1.4225508e-46
   7.5979643e+02   1.4258425e-46
   7.6154852e+02   1.4291495e-46
   7.6330466e+02   1.4324718e-46
   7.6506485e+02   1.4358096e-46
   7.6682909e+02   1.4391630e-46
   7.6859741e+02   1.4425319e-46
   7.7036980e+02   1.4459165e-46
   7.7214628e+02   1.4493168e-46
   7.7392685e+02   1.4527329e-46
   7.7571153e+02   1.4561650e-46
   7.7750033e+02   1.4596130e-46
   7.7929325e+02   1.4630770e-46
   7.8109031e+02   1.4665571e-46
   7.8289151e+02   1.4700534e-46
   7.8469686e+02   1.4735660e-46
   7.8650638e+02   1.4770948e-46
   7.8832007e+02   1.4806401e-46
   7.9013794e+02   1.4842019e-46
   7.9196000e+02   1.4877802e-46
   7.9378627e+02   1.4913752e-46
   7.9561675e+02   1.4949868e-46
   7.9745144e+02   1.4986153e-46
   7.9929037e+02   1.5022606e-46
   8.0113354e+02   1.5059228e-46
   8.0298096e+02   1.5096021e-46
   8.0483264e+02   1.5132985e-46
   8.0668859e+02   1.5170120e-46
   8.0854882e+02   1.5207428e-46
   8.1041334e+02   1.5244909e-46
   8.1228216e+02   1.5282565e-46
   8.1415529e+02   1.5320395e-46
   8.1603274e+02   1.5358401e-46
   8.1791452e+02   1.5396584e-46
   8.1980064e+02   1.5434944e-46
   8.2169110e+02   1.5473482e-46
   8.2358593e+02   1.5512199e-46
   8.2548512e+02   1.5551096e-46
   8.2738870e+02   1.5590174e-46
   8.2929666e+02   1.5629433e-46
   8.3120903e+02   1.5668875e-46
   8.3312580e+02   1.5708500e-46
   8.3504700e+02   1.5748308e-46
   8.3697262e+02   1.5788302e-46
   8.3890269e+02   1.5828481e-46
   8.4083720e+02   1.5868847e-46
   8.4277618e+02   1.5909400e-46
   8.4471963e+02   1.5950142e-46
   8.4666756e+02   1.5991073e-46
   8.4861998e+02   1.6032194e-46
   8.5057690e+02   1.6073505e-46
   8.5253834e+02   1.6115009e-46
   8.5450430e+02   1.6156705e-46
   8.5647479e+02   1.6198595e-46
   8.5844983e+02   1.6240679e-46
   8.6042942e+02   1.6282959e-46
   8.6241358e+02   1.6325434e-46
   8.6440231e+02   1.6368107e-46
   8.6639563e+02   1.6410978e-46
   8.6839354e+02   1.6454049e-46
   8.7039607e+02   1.6497318e-46
   8.7240321e+02   1.6540789e-46
   8.7441498e+02   1.6584462e-46
   8.7643138e+02   1.6628337e-46
   8.7845244e+02   1.6672416e-46
   8.8047816e+02   1.6716699e-46
   8.8250855e+02   1.6761188e-46
   8.8454362e+02   1.6805883e-46
   8.8658338e+02   1.6850786e-46
   8.8862785e+02   1.6895897e-46
   8.9067703e+02   1.6941217e-46
   8.9273094e+02   1.6986748e-46
   8.9478959e+02   1.7032490e-46
   8.9685298e+02   1.7078444e-46
   8.9892113e+02   1.7124611e-46
   9.0099405e+02   1.7170993e-46
   9.0307175e+02   1.7217590e-46
   9.0515424e+02   1.7264402e-46
   9.0724153e+02   1.7311433e-46
   9.0933364e+02   1.7358681e-46
   9.1143057e+02   1.7406149e-46
   9.1353233e+02   1.7453836e-46
   9.1563894e+02   1.7501746e-46
   9.1775041e+02   1.7549877e-46
   9.1986675e+02   1.7598232e-46
   9.2198797e+02   1.7646811e-46
   9.2411408e+02   1.7695616e-46
   9.2624510e+02   1.7744648e-46
   9.2838103e+02   1.7793907e-46
   9.3052188e+02   1.7843395e-46
   9.3266767e+02   1.7893114e-46
   9.3481841e+02   1.7943064e-46
   9.3697411e+02   1.7993247e-46
   9.3913478e+02   1.8043664e-46
   9.4130043e+02   1.8094318e-46
   9.4347108e+02   1.8145211e-46
   9.4564673e+02   1.8196347e-46
   9.4782740e+02   1.8247732e-46
   9.5001309e+02   1.8299378e-46
   9.5220383e+02   1.8351311e-46
   9.5439962e+02   1.8403611e-46
   9.5660047e+02   1.8456608e-46
   9.5880640e+02   1.8513349e-46
   9.6101742e+02   1.8911324e-46
   9.6323353e+02   1.8617182e-46
   9.6545475e+02   1.8668001e-46
   9.6768110e+02   1.8721028e-46
   9.6991258e+02   1.8774626e-46
   9.7214920e+02   1.8828570e-46
   9.7439099e+02   1.8882804e-46
   9.7663794e+02   1.8937308e-46
   9.7889008e+02   1.8992075e-46
   9.8114740e+02   1.9047102e-46
   9.8340994e+02   1.9102387e-46
   9.8567769e+02   1.9157931e-46
   9.8795067e+02   1.9213734e-46
   9.9022889e+02   1.9269797e-46
   9.9251237e+02   1.9326120e-46
   9.9480111e+02   1.9382705e-46
   9.9709513e+02   1.9439553e-46
   9.9939443e+02   1.9496664e-46
   1.0016990e+03   1.9554041e-46
   1.0040090e+03   1.9611683e-46
   1.0063242e+03   1.9669593e-46
   1.0086448e+03   1.9727771e-46
   1.0109708e+03   1.9786219e-46
   1.0133021e+03   1.9844937e-46
   1.0156387e+03   1.9903928e-46
   1.0179808e+03   1.9963192e-46
   1.0203283e+03   2.0022731e-46
   1.0226812e+03   2.0082546e-46
   1.0250395e+03   2.0142638e-46
   1.0274032e+03   2.0203008e-46
   1.0297724e+03   2.0263658e-46
   1.0321471e+03   2.0324589e-46
   1.0345272e+03   2.0385802e-46
   1.0369129e+03   2.0447299e-46
   1.0393040e+03   2.0509080e-46
   1.0417006e+03   2.0571148e-46
   1.0441028e+03   2.0633503e-46
   1.0465105e+03   2.0696147e-46
   1.0489238e+03   2.0759082e-46
   1.0513426e+03   2.0822307e-46
   1.0537670e+03   2.0885826e-46
   1.0561970e+03   2.0949639e-46
   1.0586326e+03   2.1013747e-46
   1.0610738e+03   2.1078152e-46
   1.0635207e+03   2.1142856e-46
   1.0659731e+03   2.1207859e-46
   1.0684313e+03   2.1273163e-46
   1.0708951e+03   2.1338769e-46
   1.0733646e+03   2.1404680e-46
   1.0758398e+03   2.1470895e-46
   1.0783207e+03   2.1537417e-46
   1.0808073e+03   2.1604247e-46
   1.0832996e+03   2.1671387e-46
   1.0857977e+03   2.1738838e-46
   1.0883016e+03   2.1806600e-46
   1.0908112e+03   2.1874677e-46
   1.0933266e+03   2.1943069e-46
   1.0958479e+03   2.2011777e-46
   1.0983749e+03   2.2080804e-46
   1.1009078e+03   2.2150150e-46
   1.1034465e+03   2.2219817e-46
   1.1059910e+03   2.2289807e-46
   1.1085414e+03   2.2360120e-46
   1.1110977e+03   2.2430760e-46
   1.1136599e+03   2.2501726e-46
   1.1162281e+03   2.2573021e-46
   1.1188021e+03   2.2644645e-46
   1.1213820e+03   2.2716602e-46
   1.1239680e+03   2.2788891e-46
   1.1265598e+03   2.2861515e-46
   1.1291577e+03   2.2934476e-46
   1.1317615e+03   2.3007774e-46
   1.1343714e+03   2.3081411e-46
   1.1369873e+03   2.3155389e-46
   1.1396092e+03   2.3229710e-46
   1.1422371e+03   2.3304374e-46
   1.1448711e+03   2.3379384e-46
   1.1475112e+03   2.3454742e-46
   1.1501574e+03   2.3530448e-46
   1.1528096e+03   2.3606504e-46
   1.1554680e+03   2.3682913e-46
   1.1581325e+03   2.3759675e-46
   1.1608032e+03   2.3836792e-46
   1.1634800e+03   2.3914266e-46
   1.1661630e+03   2.3992099e-46
   1.1688522e+03   2.4070292e-46
   1.1715476e+03   2.4148847e-46
   1.1742492e+03   2.4227766e-46
   1.1769570e+03   2.4307049e-46
   1.1796711e+03   2.4386700e-46
   1.1823914e+03   2.4466719e-46
   1.1851180e+03   2.4547108e-46
   1.1878509e+03   2.4627870e-46
   1.1905901e+03   2.4709005e-46
   1.1933356e+03   2.4790515e-46
   1.1960875e+03   2.4872403e-46
   1.1988456e+03   2.4954669e-46
   1.2016102e+03   2.5037317e-46
   1.2043811e+03   2.5120346e-46
   1.2071584e+03   2.5203760e-46
   1.2099421e+03   2.5287560e-46
   1.2127323e+03   2.5371748e-46
   1.2155288e+03   2.5456325e-46
   1.2183319e+03   2.5541293e-46
   1.2211413e+03   2.5626654e-46
   1.2239573e+03   2.5712411e-46
   1.2267798e+03   2.5798564e-46
   1.2296087e+03   2.5885116e-46
   1.2324442e+03   2.5972068e-46
   1.2352862e+03   2.6059422e-46
   1.2381348e+03   2.6147181e-46
   1.2409900e+03   2.6235345e-46
   1.2438517e+03   2.6323918e-46
   1.2467200e+03   2.6412900e-46
   1.2495950e+03   2.6502294e-46
   1.2524766e+03   2.6592101e-46
   1.2553648e+03   2.6682324e-46
   1.2582597e+03   2.6772964e-46
   1.2611612e+03   2.6864024e-46
   1.2640695e+03   2.6955504e-46
   1.2669844e+03   2.7047408e-46
   1.2699061e+03   2.7139737e-46
   1.2728345e+03   2.7232493e-46
   1.2757697e+03   2.7325678e-46
   1.2787116e+03   2.7419294e-46
   1.2816603e+03   2.7513344e-46
   1.2846158e+03   2.7607828e-46
   1.2875782e+03   2.7702749e-46
   1.2905473e+03   2.7798109e-46
   1.2935233e+03   2.7893910e-46
   1.2965062e+03   2.7990155e-46
   1.2994960e+03   2.8086844e-46
   1.3024926e+03   2.8183981e-46
   1.3054962e+03   2.8281567e-46
   1.3085067e+03   2.8379605e-46
   1.3115241e+03   2.8478095e-46
   1.3145485e+03   2.8577042e-46
   1.3175798e+03   2.8676446e-46
   1.3206182e+03   2.8776309e-46
   1.3236635e+03   2.8876635e-46
   1.3267159e+03   2.8977424e-46
   1.3297753e+03   2.9078680e-46
   1.3328418e+03   2.9180404e-46
   1.3359154e+03   2.9282598e-46
   1.3389960e+03   2.9385265e-46
   1.3420837e+03   2.9488406e-46
   1.3451786e+03   2.9592025e-46
   1.3482806e+03   2.9696123e-46
   1.3513897e+03   2.9800702e-46
   1.3545060e+03   2.9905765e-46
   1.3576295e+03   3.0011314e-46
   1.3607602e+03   3.0117350e-46
   1.3638982e+03   3.0223878e-46
   1.3670433e+03   3.0330897e-46
   1.3701957e+03   3.0438412e-46
   1.3733554e+03   3.0546424e-46
   1.3765224e+03   3.0654935e-46
   1.3796966e+03   3.0763948e-46
   1.3828782e+03   3.0873465e-46
   1.3860672e+03   3.0983488e-46
   1.3892634e+03   3.1094021e-46
   1.3924671e+03   3.1205064e-46
   1.3956781e+03   3.1316621e-46
   1.3988966e+03   3.1428693e-46
   1.4021224e+03   3.1541284e-46
   1.4053558e+03   3.1654396e-46
   1.4085965e+03   3.1768031e-46
   1.4118448e+03   3.1882192e-46
   1.4151005e+03   3.1996880e-46
   1.4183637e+03   3.2112100e-46
   1.4216345e+03   3.2227853e-46
   1.4249128e+03   3.2344144e-46
   1.4281986e+03   3.2460977e-46
   1.4314921e+03   3.2578362e-46
   1.4347931e+03   3.2696331e-46
   1.4381017e+03   3.2815151e-46
   1.4414180e+03   3.3001185e-46
   1.4447419e+03   3.3053562e-46
   1.4480735e+03   3.3173410e-46
   1.4514128e+03   3.3294016e-46
   1.4547598e+03   3.3415212e-46
   1.4581144e+03   3.3536978e-46
   1.4614769e+03   3.3659312e-46
   1.4648470e+03   3.3782212e-46
   1.4682250e+03   3.3905682e-46
   1.4716107e+03   3.4029723e-46
   1.4750043e+03   3.4154337e-46
   1.4784056e+03   3.4279529e-46
   1.4818149e+03   3.4405298e-46
   1.4852319e+03   3.4531650e-46
   1.4886569e+03   3.4658586e-46
   1.4920897e+03   3.4786108e-46
   1.4955305e+03   3.4914220e-46
   1.4989792e+03   3.5042924e-46
   1.5024359e+03   3.5172224e-46
   1.5059005e+03   3.5302121e-46
   1.5093731e+03   3.5432618e-46
   1.5128538e+03   3.5563719e-46
   1.5163424e+03   3.5695425e-46
   1.5198391e+03   3.5827741e-46
   1.5233439e+03   3.5960668e-46
   1.5268567e+03   3.6094209e-46
   1.5303776e+03   3.6228368e-46
   1.5339067e+03   3.6363147e-46
   1.5374439e+03   3.6498549e-46
   1.5409893e+03   3.6634577e-46
   1.5445428e+03   3.6771233e-46
   1.5481045e+03   3.6908521e-46
   1.5516745e+03   3.7046444e-46
   1.5552526e+03   3.7185004e-46
   1.5588391e+03   3.7324205e-46
   1.5624338e+03   3.7464049e-46
   1.5660367e+03   3.7604539e-46
   1.5696480e+03   3.7745679e-46
   1.5732677e+03   3.7887471e-46
   1.5768956e+03   3.8029919e-46
   1.5805320e+03   3.8173024e-46
   1.5841767e+03   3.8316792e-46
   1.5878298e+03   3.8461223e-46
   1.5914913e+03   3.8606322e-46
   1.5951613e+03   3.8752092e-46
   1.5988398e+03   3.8898536e-46
   1.6025267e+03   3.9045656e-46
   1.6062222e+03   3.9193456e-46
   1.6099261e+03   3.9341940e-46
   1.6136386e+03   3.9491109e-46
   1.6173597e+03   3.9640968e-46
   1.6210893e+03   3.9791520e-46
   1.6248276e+03   3.9942767e-46
   1.6285744e+03   4.0094713e-46
   1.6323300e+03   4.0247362e-46
   1.6360941e+03   4.0400716e-46
   1.6398670e+03   4.0554779e-46
   1.6436485e+03   4.0709553e-46
   1.6474388e+03   4.0865043e-46
   1.6512378e+03   4.1021252e-46
   1.6550456e+03   4.1178182e-46
   1.6588621e+03   4.1335838e-46
   1.6626874e+03   4.1494222e-46
   1.6665216e+03   4.1653338e-46
   1.6703646e+03   4.1813190e-46
   1.6742165e+03   4.1973780e-46
   1.6780773e+03   4.2135112e-46
   1.6819469e+03   4.2297190e-46
   1.6858255e+03   4.2460017e-46
   1.6897130e+03   4.2623596e-46
   1.6936095e+03   4.2787931e-46
   1.6975150e+03   4.2953026e-46
   1.7014295e+03   4.3118883e-46
   1.7053530e+03   4.3285507e-46
   1.7092855e+03   4.3452901e-46
   1.7132272e+03   4.3621068e-46
   1.7171779e+03   4.3790013e-46
   1.7211377e+03   4.3959738e-46
   1.7251067e+03   4.4130247e-46
   1.7290848e+03   4.4301544e-46
   1.7330721e+03   4.4473633e-46
   1.7370685e+03   4.4646517e-46
   1.7410742e+03   4.4820200e-46
   1.7450892e+03   4.4994686e-46
   1.7491133e+03   4.5169977e-46
   1.7531468e+03   4.5346079e-46
   1.7571896e+03   4.5522994e-46
   1.7612417e+03   4.5700727e-46
   1.7653031e+03   4.5879281e-46
   1.7693739e+03   4.6058660e-46
   1.7734541e+03   4.6238868e-46
   1.7775437e+03   4.6419909e-46
   1.7816427e+03   4.6601786e-46
   1.7857512e+03   4.6784503e-46
   1.7898692e+03   4.6968065e-46
   1.7939966e+03   4.7152475e-46
   1.7981336e+03   4.7337737e-46
   1.8022801e+03   4.7523855e-46
   1.8064362e+03   4.7710833e-46
   1.8106018e+03   4.7898674e-46
   1.8147771e+03   4.8087384e-46
   1.8189620e+03   4.8276966e-46
   1.8231565e+03   4.8467423e-46
   1.8273607e+03   4.8658761e-46
   1.8315746e+03   4.8850983e-46
   1.8357983e+03   4.9044092e-46
   1.8400316e+03   4.9238094e-46
   1.8442748e+03   4.9432992e-46
   1.8485277e+03   4.9628791e-46
   1.8527904e+03   4.9825495e-46
   1.8570629e+03   5.0023107e-46
   1.8613453e+03   5.0221632e-46
   1.8656376e+03   5.0421075e-46
   1.8699398e+03   5.0621439e-46
   1.8742519e+03   5.0822728e-46
   1.8785739e+03   5.1024948e-46
   1.8829059e+03   5.1228102e-46
   1.8872479e+03   5.1432195e-46
   1.8915999e+03   5.1637230e-46
   1.8959620e+03   5.1843214e-46
   1.9003341e+03   5.2050149e-46
   1.9047163e+03   5.2258041e-46
   1.9091086e+03   5.2466897e-46
   1.9135110e+03   5.2676726e-46
   1.9179235e+03   5.2887604e-46
   1.9223463e+03   5.3101640e-46
   1.9267792e+03   5.3312038e-46
   1.9312224e+03   5.3525719e-46
   1.9356758e+03   5.3740418e-46
   1.9401395e+03   5.3956114e-46
   1.9446135e+03   5.4172808e-46
   1.9490978e+03   5.4390504e-46
   1.9535924e+03   5.4609206e-46
   1.9580974e+03   5.4828918e-46
   1.9626128e+03   5.5049646e-46
   1.9671386e+03   5.5271393e-46
   1.9716748e+03   5.5494165e-46
   1.9762215e+03   5.5717966e-46
   1.9807787e+03   5.5942801e-46
   1.9853464e+03   5.6168675e-46
   1.9899246e+03   5.6395592e-46
   1.9945134e+03   5.6623558e-46
   1.9991128e+03   5.6852577e-46
   2.0037227e+03   5.7082653e-46
   2.0083433e+03   5.7313793e-46
   2.0129746e+03   5.7546000e-46
   2.0176165e+03   5.7779280e-46
   2.0222692e+03   5.8013638e-46
   2.0269325e+03   5.8249078e-46
   2.0316067e+03   5.8485606e-46
   2.0362916e+03   5.8723226e-46
   2.0409873e+03   5.8961945e-46
   2.0456938e+03   5.9201766e-46
   2.0504112e+03   5.9442695e-46
   2.0551394e+03   5.9684736e-46
   2.0598786e+03   5.9927896e-46
   2.0646287e+03   6.0172180e-46
   2.0693898e+03   6.0417591e-46
   2.0741618e+03   6.0664137e-46
   2.0789448e+03   6.0911821e-46
   2.0837389e+03   6.1160649e-46
   2.0885440e+03   6.1410627e-46
   2.0933602e+03   6.1661760e-46
   2.0981875e+03   6.1914052e-46
   2.1030259e+03   6.2167511e-46
   2.1078755e+03   6.2422139e-46
   2.1127363e+03   6.2677945e-46
   2.1176083e+03   6.2934931e-46
   2.1224915e+03   6.3193105e-46
   2.1273860e+03   6.3452472e-46
   2.1322918e+03   6.3713036e-46
   2.1372088e+03   6.3974804e-46
   2.1421373e+03   6.4237782e-46
   2.1470771e+03   6.4501974e-46
   2.1520282e+03   6.4767386e-46
   2.1569908e+03   6.5034025e-46
   2.1619649e+03   6.5301895e-46
   2.1669504e+03   6.5571002e-46
   2.1719474e+03   6.5841353e-46
   2.1769559e+03   6.6112952e-46
   2.1819760e+03   6.6385806e-46
   2.1870076e+03   6.6659920e-46
   2.1920509e+03   6.6935301e-46
   2.1971058e+03   6.7211953e-46
   2.2021723e+03   6.7489883e-46
   2.2072505e+03   6.7769097e-46
   2.2123405e+03   6.8049601e-46
   2.2174421e+03   6.8331401e-46
   2.2225556e+03   6.8614502e-46
   2.2276808e+03   6.8898911e-46
   2.2328179e+03   6.9184633e-46
   2.2379668e+03   6.9471675e-46
   2.2431275e+03   6.9760043e-46
   2.2483002e+03   7.0049744e-46
   2.2534848e+03   7.0340782e-46
   2.2586814e+03   7.0633164e-46
   2.2638899e+03   7.0926897e-46
   2.2691104e+03   7.1221987e-46
   2.2743430e+03   7.1518440e-46
   2.2795877e+03   7.1816262e-46
   2.2848444e+03   7.2115460e-46
   2.2901133e+03   7.2416039e-46
   2.2953943e+03   7.2718007e-46
   2.3006875e+03   7.3021370e-46
   2.3059929e+03   7.3326134e-46
   2.3113105e+03   7.3632306e-46
   2.3166404e+03   7.3939891e-46
   2.3219826e+03   7.4248898e-46
   2.3273371e+03   7.4559332e-46
   2.3327040e+03   7.4871199e-46
   2.3380832e+03   7.5184507e-46
   2.3434749e+03   7.5499263e-46
   2.3488789e+03   7.5815472e-46
   2.3542955e+03   7.6133141e-46
   2.3597245e+03   7.6452278e-46
   2.3651660e+03   7.6772889e-46
   2.3706201e+03   7.7094981e-46
   2.3760868e+03   7.7418560e-46
   2.3815661e+03   7.7743635e-46
   2.3870580e+03   7.8070211e-46
   2.3925626e+03   7.8398300e-46
   2.3980798e+03   7.8727937e-46
   2.4036098e+03   7.9059251e-46
   2.4091526e+03   7.9391676e-46
   2.4147081e+03   7.9725854e-46
   2.4202764e+03   8.0061582e-46
   2.4258576e+03   8.0398863e-46
   2.4314516e+03   8.0737701e-46
   2.4370586e+03   8.1078105e-46
   2.4426785e+03   8.1420081e-46
   2.4483113e+03   8.1763637e-46
   2.4539571e+03   8.2108779e-46
   2.4596160e+03   8.2455515e-46
   2.4652879e+03   8.2803853e-46
   2.4709728e+03   8.3153800e-46
   2.4766709e+03   8.3505363e-46
   2.4823821e+03   8.3858550e-46
   2.4881065e+03   8.4213368e-46
   2.4938441e+03   8.4569825e-46
   2.4995949e+03   8.4927928e-46
   2.5053590e+03   8.5287685e-46
   2.5111364e+03   8.5649103e-46
   2.5169271e+03   8.6012191e-46
   2.5227312e+03   8.6376956e-46
   2.5285486e+03   8.6743405e-46
   2.5343794e+03   8.7111547e-46
   2.5402237e+03   8.7481389e-46
   2.5460815e+03   8.7852939e-46
   2.5519528e+03   8.8226206e-46
   2.5578376e+03   8.8601196e-46
   2.5637360e+03   8.8977918e-46
   2.5696480e+03   8.9356380e-46
   2.5755736e+03   8.9736590e-46
   2.5815129e+03   9.0118556e-46
   2.5874659e+03   9.0502286e-46
   2.5934326e+03   9.0887788e-46
   2.5994131e+03   9.1275071e-46
   2.6054074e+03   9.1664142e-46
   2.6114155e+03   9.2055010e-46
   2.6174374e+03   9.2447684e-46
   2.6234732e+03   9.2842170e-46
   2.6295230e+03   9.3238479e-46
   2.6355867e+03   9.3636618e-46
   2.6416644e+03   9.4036596e-46
   2.6477561e+03   9.4438421e-46
   2.6538618e+03   9.4842102e-46
   2.6599816e+03   9.5247648e-46
   2.6661156e+03   9.5655066e-46
   2.6722637e+03   9.6064366e-46
   2.6784259e+03   9.6475556e-46
   2.6846024e+03   9.6888645e-46
   2.6907931e+03   9.7303642e-46
   2.6969981e+03   9.7720556e-46
   2.7032174e+03   9.8139395e-46
   2.7094510e+03   9.8560168e-46
   2.7156991e+03   9.8982885e-46
   2.7219615e+03   9.9407554e-46
   2.7282383e+03   9.9834184e-46
   2.7345297e+03   1.0026278e-45
   2.7408355e+03   1.0069336e-45
   2.7471559e+03   1.0112593e-45
   2.7534909e+03   1.0156050e-45
   2.7598405e+03   1.0199707e-45
   2.7662047e+03   1.0243566e-45
   2.7725836e+03   1.0287628e-45
   2.7789772e+03   1.0331893e-45
   2.7853855e+03   1.0376362e-45
   2.7918086e+03   1.0421037e-45
   2.7982465e+03   1.0465918e-45
   2.8046993e+03   1.0511006e-45
   2.8111670e+03   1.0556303e-45
   2.8176496e+03   1.0601808e-45
   2.8241471e+03   1.0647524e-45
   2.8306596e+03   1.0693451e-45
   2.8371871e+03   1.0739591e-45
   2.8437297e+03   1.0785943e-45
   2.8502873e+03   1.0832509e-45
   2.8568601e+03   1.0879290e-45
   2.8634481e+03   1.0926288e-45
   2.8700512e+03   1.0973502e-45
   2.8766696e+03   1.1020936e-45
   2.8833032e+03   1.1068622e-45
   2.8899521e+03   1.1116458e-45
   2.8966164e+03   1.1164551e-45
   2.9032960e+03   1.1212865e-45
   2.9099910e+03   1.1261403e-45
   2.9167015e+03   1.1310165e-45
   2.9234274e+03   1.1359152e-45
   2.9301688e+03   1.1408366e-45
   2.9369258e+03   1.1457807e-45
   2.9436984e+03   1.1507476e-45
   2.9504866e+03   1.1557374e-45
   2.9572904e+03   1.1607503e-45
   2.9641100e+03   1.1657863e-45
   2.9709452e+03   1.1708456e-45
   2.9777963e+03   1.1759283e-45
   2.9846631e+03   1.1810344e-45
   2.9915457e+03   1.1861641e-45
   2.9984443e+03   1.1913175e-45
   3.0053587e+03   1.1964947e-45
   3.0122891e+03   1.2016959e-45
   3.0192354e+03   1.2069210e-45
   3.0261978e+03   1.2121702e-45
   3.0331763e+03   1.2174437e-45
   3.0401708e+03   1.2227416e-45
   3.0471814e+03   1.2280639e-45
   3.0542083e+03   1.2334108e-45
   3.0612513e+03   1.2387824e-45
   3.0683106e+03   1.2441788e-45
   3.0753861e+03   1.2496001e-45
   3.0824780e+03   1.2550465e-45
   3.0895862e+03   1.2605180e-45
   3.0967108e+03   1.2660147e-45
   3.1038518e+03   1.2715369e-45
   3.1110093e+03   1.2770845e-45
   3.1181833e+03   1.2826578e-45
   3.1253739e+03   1.2882568e-45
   3.1325810e+03   1.2938817e-45
   3.1398048e+03   1.2995325e-45
   3.1470452e+03   1.3052095e-45
   3.1543023e+03   1.3109126e-45
   3.1615762e+03   1.3166421e-45
   3.1688668e+03   1.3223981e-45
   3.1761742e+03   1.3281806e-45
   3.1834985e+03   1.3339899e-45
   3.1908397e+03   1.3398259e-45
   3.1981978e+03   1.3456889e-45
   3.2055728e+03   1.3515790e-45
   3.2129649e+03   1.3574963e-45
   3.2203740e+03   1.3634409e-45
   3.2278002e+03   1.3694130e-45
   3.2352436e+03   1.3754126e-45
   3.2427041e+03   1.3814400e-45
   3.2501818e+03   1.3874952e-45
   3.2576767e+03   1.3935783e-45
   3.2651889e+03   1.3996896e-45
   3.2727185e+03   1.4058290e-45
   3.2802654e+03   1.4119968e-45
   3.2878297e+03   1.4181931e-45
   3.2954115e+03   1.4244180e-45
   3.3030107e+03   1.4306717e-45
   3.3106275e+03   1.4369542e-45
   3.3182618e+03   1.4432658e-45
   3.3259138e+03   1.4496065e-45
   3.3335833e+03   1.4559764e-45
   3.3412706e+03   1.4623758e-45
   3.3489756e+03   1.4688048e-45
   3.3566984e+03   1.4752634e-45
   3.3644389e+03   1.4817525e-45
   3.3721974e+03   1.4882703e-45
   3.3799737e+03   1.4948188e-45
   3.3877679e+03   1.5013975e-45
   3.3955801e+03   1.5080067e-45
   3.4034104e+03   1.5146463e-45
   3.4112587e+03   1.5213166e-45
   3.4191251e+03   1.5280178e-45
   3.4270096e+03   1.5347498e-45
   3.4349123e+03   1.5415130e-45
   3.4428332e+03   1.5483074e-45
   3.4507724e+03   1.5551331e-45
   3.4587299e+03   1.5619904e-45
   3.4667058e+03   1.5688793e-45
   3.4747000e+03   1.5758001e-45
   3.4827127e+03   1.5827528e-45
   3.4907439e+03   1.5897376e-45
   3.4987936e+03   1.5967547e-45
   3.5068618e+03   1.6038042e-45
   3.5149487e+03   1.6108862e-45
   3.5230542e+03   1.6180010e-45
   3.5311784e+03   1.6251486e-45
   3.5393213e+03   1.6323292e-45
   3.5474830e+03   1.6395429e-45
   3.5556635e+03   1.6467900e-45
   3.5638629e+03   1.6540705e-45
   3.5720812e+03   1.6613847e-45
   3.5803184e+03   1.6687326e-45
   3.5885747e+03   1.6761145e-45
   3.5968500e+03   1.6835304e-45
   3.6051443e+03   1.6909806e-45
   3.6134578e+03   1.6984652e-45
   3.6217905e+03   1.7059844e-45
   3.6301424e+03   1.7135382e-45
   3.6385135e+03   1.7211270e-45
   3.6469039e+03   1.7287508e-45
   3.6553137e+03   1.7364098e-45
   3.6637429e+03   1.7441042e-45
   3.6721915e+03   1.7518341e-45
   3.6806596e+03   1.7595997e-45
   3.6891472e+03   1.7674012e-45
   3.6976544e+03   1.7752387e-45
   3.7061813e+03   1.7831123e-45
   3.7147277e+03   1.7910224e-45
   3.7232939e+03   1.7989689e-45
   3.7318799e+03   1.8069522e-45
   3.7404856e+03   1.8149723e-45
   3.7491112e+03   1.8230295e-45
   3.7577567e+03   1.8311239e-45
   3.7664221e+03   1.8392556e-45
   3.7751075e+03   1.8474249e-45
   3.7838129e+03   1.8556319e-45
   3.7925384e+03   1.8638768e-45
   3.8012841e+03   1.8721598e-45
   3.8100498e+03   1.8804810e-45
   3.8188359e+03   1.8888407e-45
   3.8276421e+03   1.8972390e-45
   3.8364687e+03   1.9056760e-45
   3.8453156e+03   1.9141523e-45
   3.8541829e+03   1.9226672e-45
   3.8630707e+03   1.9312216e-45
   3.8719790e+03   1.9398156e-45
   3.8809078e+03   1.9484492e-45
   3.8898572e+03   1.9571228e-45
   3.8988272e+03   1.9658363e-45
   3.9078180e+03   1.9745901e-45
   3.9168294e+03   1.9833844e-45
   3.9258617e+03   1.9922192e-45
   3.9349147e+03   2.0010948e-45
   3.9439887e+03   2.0100115e-45
   3.9530835e+03   2.0189693e-45
   3.9621994e+03   2.0279684e-45
   3.9713362e+03   2.0370091e-45
   3.9804942e+03   2.0460916e-45
   3.9896732e+03   2.0552160e-45
   3.9988734e+03   2.0643825e-45
   4.0080949e+03   2.0735914e-45
   4.0173376e+03   2.0828428e-45
   4.0266016e+03   2.0921369e-45
   4.0358870e+03   2.1014739e-45
   4.0451937e+03   2.1108540e-45
   4.0545220e+03   2.1202775e-45
   4.0638718e+03   2.1297444e-45
   4.0732431e+03   2.1392551e-45
   4.0826360e+03   2.1488097e-45
   4.0920506e+03   2.1584084e-45
   4.1014869e+03   2.1680515e-45
   4.1109450e+03   2.1777390e-45
   4.1204248e+03   2.1874713e-45
   4.1299266e+03   2.1972486e-45
   4.1394502e+03   2.2070710e-45
   4.1489958e+03   2.2169387e-45
   4.1585634e+03   2.2268520e-45
   4.1681531e+03   2.2368111e-45
   4.1777649e+03   2.2468162e-45
   4.1873988e+03   2.2568675e-45
   4.1970550e+03   2.2669652e-45
   4.2067335e+03   2.2771095e-45
   4.2164342e+03   2.2873006e-45
   4.2261574e+03   2.2975389e-45
   4.2359029e+03   2.3078244e-45
   4.2456709e+03   2.3181573e-45
   4.2554615e+03   2.3285380e-45
   4.2652746e+03   2.3389667e-45
   4.2751104e+03   2.3494435e-45
   4.2849688e+03   2.3599686e-45
   4.2948500e+03   2.3705424e-45
   4.3047539e+03   2.3811650e-45
   4.3146807e+03   2.3918367e-45
   4.3246304e+03   2.4025582e-45
   4.3346030e+03   2.4133280e-45
   4.3445987e+03   2.4241482e-45
   4.3546173e+03   2.4350183e-45
   4.3646591e+03   2.4459386e-45
   4.3747241e+03   2.4569094e-45
   4.3848122e+03   2.4679308e-45
   4.3949236e+03   2.4790031e-45
   4.4050583e+03   2.4901265e-45
   4.4152164e+03   2.5013013e-45
   4.4253980e+03   2.5125277e-45
   4.4356030e+03   2.5238059e-45
   4.4458315e+03   2.5351362e-45
   4.4560836e+03   2.5465188e-45
   4.4663594e+03   2.5579540e-45
   4.4766588e+03   2.5694420e-45
   4.4869821e+03   2.5809830e-45
   4.4973291e+03   2.5925773e-45
   4.5076999e+03   2.6042252e-45
   4.5180947e+03   2.6159269e-45
   4.5285135e+03   2.6276825e-45
   4.5389563e+03   2.6394925e-45
   4.5494231e+03   2.6513570e-45
   4.5599142e+03   2.6632763e-45
   4.5704294e+03   2.6752506e-45
   4.5809688e+03   2.6872802e-45
   4.5915325e+03   2.6993654e-45
   4.6021207e+03   2.7115063e-45
   4.6127332e+03   2.7237034e-45
   4.6233702e+03   2.7359567e-45
   4.6340317e+03   2.7482666e-45
   4.6447178e+03   2.7606334e-45
   4.6554286e+03   2.7730573e-45
   4.6661640e+03   2.7855385e-45
   4.6769242e+03   2.7980774e-45
   4.6877093e+03   2.8106742e-45
   4.6985192e+03   2.8233291e-45
   4.7093540e+03   2.8360425e-45
   4.7202138e+03   2.8488146e-45
   4.7310986e+03   2.8616456e-45
   4.7420086e+03   2.8745359e-45
   4.7529437e+03   2.8874858e-45
   4.7639040e+03   2.9004954e-45
   4.7748896e+03   2.9135650e-45
   4.7859005e+03   2.9266951e-45
   4.7969369e+03   2.9398858e-45
   4.8079986e+03   2.9531374e-45
   4.8190859e+03   2.9664501e-45
   4.8301988e+03   2.9798243e-45
   4.8413372e+03   2.9932603e-45
   4.8525014e+03   3.0067584e-45
   4.8636913e+03   3.0203187e-45
   4.8749070e+03   3.0339417e-45
   4.8861486e+03   3.0476276e-45
   4.8974161e+03   3.0613767e-45
   4.9087096e+03   3.0751893e-45
   4.9200291e+03   3.0890656e-45
   4.9313747e+03   3.1030060e-45
   4.9427465e+03   3.1170108e-45
   4.9541445e+03   3.1310803e-45
   4.9655688e+03   3.1452147e-45
   4.9770194e+03   3.1594144e-45
   4.9884965e+03   3.1736797e-45
   5.0000000e+03   3.1880108e-45
