   5.0000000e+00   1.6454040e-20
   5.0115300e+00   1.6035948e-20
   5.0230867e+00   1.5630156e-20
   5.0346699e+00   1.5236605e-20
   5.0462799e+00   1.4855379e-20
   5.0579167e+00   1.4486315e-20
   5.0695803e+00   1.4124274e-20
   5.0812708e+00   1.3743347e-20
   5.0929882e+00   1.3355453e-20
   5.1047327e+00   1.3015613e-20
   5.1165042e+00   1.2696040e-20
   5.1283029e+00   1.2383951e-20
   5.1401288e+00   1.2078818e-20
   5.1519820e+00   1.1780899e-20
   5.1638625e+00   1.1490327e-20
   5.1757704e+00   1.1207112e-20
   5.1877058e+00   1.0931179e-20
   5.1996687e+00   1.0662404e-20
   5.2116592e+00   1.0400639e-20
   5.2236773e+00   1.0145721e-20
   5.2357231e+00   9.8974789e-21
   5.2477968e+00   9.6557421e-21
   5.2598982e+00   9.4203380e-21
   5.2720276e+00   9.1910960e-21
   5.2841849e+00   8.9678483e-21
   5.2963703e+00   8.7504303e-21
   5.3085838e+00   8.5386812e-21
   5.3208254e+00   8.3324442e-21
   5.3330953e+00   8.1315665e-21
   5.3453934e+00   7.9358993e-21
   5.3577199e+00   7.7452981e-21
   5.3700749e+00   7.5596221e-21
   5.3824583e+00   7.3787350e-21
   5.3948703e+00   7.2025041e-21
   5.4073109e+00   7.0308007e-21
   5.4197802e+00   6.8634997e-21
   5.4322783e+00   6.7004797e-21
   5.4448051e+00   6.5416230e-21
   5.4573609e+00   6.3868153e-21
   5.4699456e+00   6.2359456e-21
   5.4825594e+00   6.0889061e-21
   5.4952022e+00   5.9455924e-21
   5.5078742e+00   5.8059030e-21
   5.5205754e+00   5.6697394e-21
   5.5333058e+00   5.5370060e-21
   5.5460657e+00   5.4076101e-21
   5.5588550e+00   5.2814615e-21
   5.5716737e+00   5.1584728e-21
   5.5845220e+00   5.0385591e-21
   5.5974000e+00   4.9216380e-21
   5.6103076e+00   4.8076295e-21
   5.6232451e+00   4.6964559e-21
   5.6362123e+00   4.5880417e-21
   5.6492094e+00   4.4823136e-21
   5.6622366e+00   4.3792005e-21
   5.6752937e+00   4.2786332e-21
   5.6883810e+00   4.1805446e-21
   5.7014985e+00   4.0848695e-21
   5.7146461e+00   3.9915445e-21
   5.7278242e+00   3.9005081e-21
   5.7410326e+00   3.8117004e-21
   5.7542714e+00   3.7250634e-21
   5.7675408e+00   3.6405406e-21
   5.7808408e+00   3.5580771e-21
   5.7941715e+00   3.4776197e-21
   5.8075329e+00   3.3991165e-21
   5.8209251e+00   3.3225171e-21
   5.8343482e+00   3.2477725e-21
   5.8478023e+00   3.1748353e-21
   5.8612873e+00   3.1036590e-21
   5.8748035e+00   3.0341988e-21
   5.8883508e+00   2.9664110e-21
   5.9019294e+00   2.9002528e-21
   5.9155393e+00   2.8356831e-21
   5.9291806e+00   2.7726617e-21
   5.9428533e+00   2.7111493e-21
   5.9565576e+00   2.6511081e-21
   5.9702935e+00   2.5925009e-21
   5.9840610e+00   2.5352918e-21
   5.9978603e+00   2.4794459e-21
   6.0116914e+00   2.4249290e-21
   6.0255544e+00   2.3717081e-21
   6.0394494e+00   2.3197509e-21
   6.0533764e+00   2.2690260e-21
   6.0673355e+00   2.2195030e-21
   6.0813269e+00   2.1711521e-21
   6.0953505e+00   2.1239445e-21
   6.1094064e+00   2.0778520e-21
   6.1234947e+00   2.0328473e-21
   6.1376155e+00   1.9889038e-21
   6.1517689e+00   1.9459954e-21
   6.1659550e+00   1.9040970e-21
   6.1801737e+00   1.8631840e-21
   6.1944252e+00   1.8232325e-21
   6.2087096e+00   1.7842191e-21
   6.2230269e+00   1.7461213e-21
   6.2373773e+00   1.7089170e-21
   6.2517607e+00   1.6725845e-21
   6.2661773e+00   1.6371031e-21
   6.2806272e+00   1.6024524e-21
   6.2951104e+00   1.5686124e-21
   6.3096269e+00   1.5355639e-21
   6.3241770e+00   1.5032880e-21
   6.3387606e+00   1.4717663e-21
   6.3533778e+00   1.4409811e-21
   6.3680288e+00   1.4109150e-21
   6.3827135e+00   1.3815509e-21
   6.3974321e+00   1.3528723e-21
   6.4121846e+00   1.3248633e-21
   6.4269711e+00   1.2975080e-21
   6.4417918e+00   1.2707913e-21
   6.4566466e+00   1.2446982e-21
   6.4715357e+00   1.2192143e-21
   6.4864591e+00   1.1943254e-21
   6.5014169e+00   1.1700179e-21
   6.5164092e+00   1.1462782e-21
   6.5314361e+00   1.1230933e-21
   6.5464977e+00   1.1004504e-21
   6.5615939e+00   1.0783372e-21
   6.5767250e+00   1.0567416e-21
   6.5918910e+00   1.0356518e-21
   6.6070920e+00   1.0150562e-21
   6.6223280e+00   9.9494378e-22
   6.6375991e+00   9.7530350e-22
   6.6529055e+00   9.5612476e-22
   6.6682471e+00   9.3739719e-22
   6.6836241e+00   9.1911069e-22
   6.6990366e+00   9.0125540e-22
   6.7144846e+00   8.8382173e-22
   6.7299683e+00   8.6680031e-22
   6.7454877e+00   8.5018203e-22
   6.7610428e+00   8.3395799e-22
   6.7766338e+00   8.1811953e-22
   6.7922608e+00   8.0265819e-22
   6.8079238e+00   7.8756573e-22
   6.8236229e+00   7.7283414e-22
   6.8393582e+00   7.5845558e-22
   6.8551299e+00   7.4442243e-22
   6.8709378e+00   7.3072726e-22
   6.8867823e+00   7.1736281e-22
   6.9026632e+00   7.0432202e-22
   6.9185808e+00   6.9159801e-22
   6.9345351e+00   6.7918408e-22
   6.9505262e+00   6.6707368e-22
   6.9665542e+00   6.5526045e-22
   6.9826191e+00   6.4373817e-22
   6.9987211e+00   6.3250079e-22
   7.0148602e+00   6.2154243e-22
   7.0310365e+00   6.1085734e-22
   7.0472502e+00   6.0043992e-22
   7.0635012e+00   5.9028474e-22
   7.0797897e+00   5.8038649e-22
   7.0961157e+00   5.7074000e-22
   7.1124794e+00   5.6134024e-22
   7.1288808e+00   5.5218231e-22
   7.1453201e+00   5.4326146e-22
   7.1617972e+00   5.3457304e-22
   7.1783124e+00   5.2611254e-22
   7.1948656e+00   5.1787559e-22
   7.2114571e+00   5.0985791e-22
   7.2280867e+00   5.0205536e-22
   7.2447548e+00   4.9446392e-22
   7.2614612e+00   4.8707967e-22
   7.2782062e+00   4.7989881e-22
   7.2949898e+00   4.7291767e-22
   7.3118121e+00   4.6613266e-22
   7.3286732e+00   4.5954034e-22
   7.3455732e+00   4.5313734e-22
   7.3625121e+00   4.4692042e-22
   7.3794901e+00   4.4088645e-22
   7.3965073e+00   4.3503240e-22
   7.4135637e+00   4.2935533e-22
   7.4306594e+00   4.2385245e-22
   7.4477946e+00   4.1852102e-22
   7.4649693e+00   4.1335847e-22
   7.4821835e+00   4.0836227e-22
   7.4994375e+00   4.0353005e-22
   7.5167313e+00   3.9885951e-22
   7.5340649e+00   3.9434850e-22
   7.5514385e+00   3.8999494e-22
   7.5688522e+00   3.8579689e-22
   7.5863060e+00   3.8175250e-22
   7.6038001e+00   3.7786005e-22
   7.6213345e+00   3.7411795e-22
   7.6389094e+00   3.7052470e-22
   7.6565248e+00   3.6707895e-22
   7.6741808e+00   3.6377947e-22
   7.6918775e+00   3.6062516e-22
   7.7096150e+00   3.5761505e-22
   7.7273934e+00   3.5474833e-22
   7.7452129e+00   3.5202432e-22
   7.7630734e+00   3.4944250e-22
   7.7809751e+00   3.4700251e-22
   7.7989181e+00   3.4470414e-22
   7.8169025e+00   3.4254740e-22
   7.8349283e+00   3.4053245e-22
   7.8529957e+00   3.3865964e-22
   7.8711048e+00   3.3692956e-22
   7.8892556e+00   3.3534298e-22
   7.9074483e+00   3.3390094e-22
   7.9256829e+00   3.3260471e-22
   7.9439596e+00   3.3145583e-22
   7.9622784e+00   3.3045613e-22
   7.9806395e+00   3.2960772e-22
   7.9990429e+00   3.2891308e-22
   8.0174888e+00   3.2837503e-22
   8.0359772e+00   3.2799675e-22
   8.0545082e+00   3.2778188e-22
   8.0730819e+00   3.2773447e-22
   8.0916985e+00   3.2785908e-22
   8.1103581e+00   3.2816082e-22
   8.1290606e+00   3.2864538e-22
   8.1478063e+00   3.2931908e-22
   8.1665952e+00   3.3018898e-22
   8.1854274e+00   3.3126291e-22
   8.2043031e+00   3.3254955e-22
   8.2232223e+00   3.3405856e-22
   8.2421851e+00   3.3580066e-22
   8.2611916e+00   3.3778777e-22
   8.2802420e+00   3.4003312e-22
   8.2993363e+00   3.4255147e-22
   8.3184746e+00   3.4535922e-22
   8.3376571e+00   3.4847469e-22
   8.3568838e+00   3.5191835e-22
   8.3761548e+00   3.5571310e-22
   8.3954703e+00   3.5988463e-22
   8.4148303e+00   3.6446184e-22
   8.4342350e+00   3.6947727e-22
   8.4536844e+00   3.7496772e-22
   8.4731786e+00   3.8097492e-22
   8.4927179e+00   3.8754630e-22
   8.5123021e+00   3.9473606e-22
   8.5319316e+00   4.0260629e-22
   8.5516063e+00   4.1122847e-22
   8.5713263e+00   4.2068525e-22
   8.5910919e+00   4.3107274e-22
   8.6109030e+00   4.4250325e-22
   8.6307598e+00   4.5510886e-22
   8.6506624e+00   4.6904588e-22
   8.6706109e+00   4.8450046e-22
   8.6906054e+00   5.0169695e-22
   8.7106460e+00   5.2090655e-22
   8.7307328e+00   5.4246148e-22
   8.7508660e+00   5.6677264e-22
   8.7710455e+00   5.9435434e-22
   8.7912716e+00   6.2585900e-22
   8.8115444e+00   6.6212676e-22
   8.8318638e+00   7.0425822e-22
   8.8522302e+00   7.5372371e-22
   8.8726435e+00   8.1253287e-22
   8.8931039e+00   8.8350670e-22
   8.9136114e+00   9.7073303e-22
   8.9341663e+00   1.0803674e-21
   8.9547686e+00   1.2221296e-21
   8.9754183e+00   1.4123192e-21
   8.9961157e+00   1.6805154e-21
   9.0168608e+00   2.0865540e-21
   9.0376538e+00   2.7724820e-21
   9.0584947e+00   4.1774967e-21
   9.0793836e+00   8.6657052e-21
   9.1003208e+00   8.9941243e-20
   9.1213062e+00   7.1492630e-21
   9.1423400e+00   3.7008784e-21
   9.1634223e+00   2.4970284e-21
   9.1845532e+00   1.9000355e-21
   9.2057328e+00   1.5757181e-21
   9.2269613e+00   1.4662676e-21
   9.2482388e+00   1.8834831e-21
   9.2695653e+00   3.9194090e-20
   9.2909410e+00   1.7497812e-21
   9.3123660e+00   1.0443220e-21
   9.3338403e+00   8.1625647e-22
   9.3553642e+00   6.9456365e-22
   9.3769378e+00   6.1355279e-22
   9.3985611e+00   5.5321627e-22
   9.4202342e+00   5.0536449e-22
   9.4419574e+00   4.6592643e-22
   9.4637306e+00   4.3258303e-22
   9.4855540e+00   4.0387783e-22
   9.5074278e+00   3.7882852e-22
   9.5293520e+00   3.5673651e-22
   9.5513267e+00   3.3708460e-22
   9.5733522e+00   3.1947780e-22
   9.5954284e+00   3.0360696e-22
   9.6175555e+00   2.8922525e-22
   9.6397337e+00   2.7613242e-22
   9.6619630e+00   2.6416376e-22
   9.6842435e+00   2.5318221e-22
   9.7065755e+00   2.4307256e-22
   9.7289589e+00   2.3373711e-22
   9.7513940e+00   2.2509239e-22
   9.7738808e+00   2.1706657e-22
   9.7964194e+00   2.0959747e-22
   9.8190100e+00   2.0263094e-22
   9.8416527e+00   1.9611959e-22
   9.8643477e+00   1.9002176e-22
   9.8870949e+00   1.8430066e-22
   9.9098946e+00   1.7892365e-22
   9.9327469e+00   1.7386172e-22
   9.9556519e+00   1.6908893e-22
   9.9786097e+00   1.6458206e-22
   1.0001620e+01   1.6032053e-22
   1.0024684e+01   1.5628712e-22
   1.0047801e+01   1.5246070e-22
   1.0070972e+01   1.4882719e-22
   1.0094195e+01   1.4537370e-22
   1.0117473e+01   1.4208814e-22
   1.0140804e+01   1.3895857e-22
   1.0164188e+01   1.3597415e-22
   1.0187627e+01   1.3312499e-22
   1.0211120e+01   1.3040209e-22
   1.0234667e+01   1.2779768e-22
   1.0258268e+01   1.2530421e-22
   1.0281924e+01   1.2291461e-22
   1.0305634e+01   1.2062241e-22
   1.0329399e+01   1.1842191e-22
   1.0353218e+01   1.1630770e-22
   1.0377093e+01   1.1427465e-22
   1.0401023e+01   1.1231797e-22
   1.0425007e+01   1.1043342e-22
   1.0449048e+01   1.0861703e-22
   1.0473143e+01   1.0686498e-22
   1.0497294e+01   1.0517370e-22
   1.0521501e+01   1.0353996e-22
   1.0545764e+01   1.0196079e-22
   1.0570082e+01   1.0043332e-22
   1.0594457e+01   9.8954820e-23
   1.0618888e+01   9.7522825e-23
   1.0643375e+01   9.6135067e-23
   1.0667919e+01   9.4789334e-23
   1.0692519e+01   9.3483549e-23
   1.0717176e+01   9.2215788e-23
   1.0741890e+01   9.0984296e-23
   1.0766661e+01   8.9787359e-23
   1.0791489e+01   8.8623361e-23
   1.0816374e+01   8.7490799e-23
   1.0841317e+01   8.6388294e-23
   1.0866317e+01   8.5314502e-23
   1.0891375e+01   8.4268155e-23
   1.0916491e+01   8.3248067e-23
   1.0941664e+01   8.2253143e-23
   1.0966896e+01   8.1282321e-23
   1.0992185e+01   8.0334594e-23
   1.1017533e+01   7.9409018e-23
   1.1042940e+01   7.8504719e-23
   1.1068405e+01   7.7620846e-23
   1.1093929e+01   7.6756594e-23
   1.1119512e+01   7.5911207e-23
   1.1145153e+01   7.5083978e-23
   1.1170854e+01   7.4274224e-23
   1.1196614e+01   7.3481292e-23
   1.1222434e+01   7.2704575e-23
   1.1248313e+01   7.1943495e-23
   1.1274251e+01   7.1197498e-23
   1.1300250e+01   7.0466054e-23
   1.1326308e+01   6.9748668e-23
   1.1352427e+01   6.9044867e-23
   1.1378606e+01   6.8354196e-23
   1.1404845e+01   6.7676221e-23
   1.1431144e+01   6.7010538e-23
   1.1457505e+01   6.6356754e-23
   1.1483926e+01   6.5714495e-23
   1.1510408e+01   6.5083403e-23
   1.1536951e+01   6.4463143e-23
   1.1563555e+01   6.3853388e-23
   1.1590221e+01   6.3253827e-23
   1.1616948e+01   6.2664165e-23
   1.1643737e+01   6.2084118e-23
   1.1670587e+01   6.1513416e-23
   1.1697500e+01   6.0951797e-23
   1.1724474e+01   6.0399013e-23
   1.1751511e+01   5.9854827e-23
   1.1778610e+01   5.9319009e-23
   1.1805772e+01   5.8791339e-23
   1.1832996e+01   5.8271608e-23
   1.1860283e+01   5.7759615e-23
   1.1887633e+01   5.7255163e-23
   1.1915046e+01   5.6758067e-23
   1.1942522e+01   5.6268148e-23
   1.1970061e+01   5.5785232e-23
   1.1997664e+01   5.5309154e-23
   1.2025331e+01   5.4839754e-23
   1.2053062e+01   5.4376877e-23
   1.2080856e+01   5.3920375e-23
   1.2108715e+01   5.3470104e-23
   1.2136637e+01   5.3025926e-23
   1.2164625e+01   5.2587708e-23
   1.2192676e+01   5.2155321e-23
   1.2220793e+01   5.1728639e-23
   1.2248974e+01   5.1307543e-23
   1.2277220e+01   5.0891916e-23
   1.2305532e+01   5.0481645e-23
   1.2333908e+01   5.0076620e-23
   1.2362350e+01   4.9676738e-23
   1.2390858e+01   4.9281894e-23
   1.2419431e+01   4.8891989e-23
   1.2448071e+01   4.8506928e-23
   1.2476776e+01   4.8126616e-23
   1.2505548e+01   4.7750963e-23
   1.2534386e+01   4.7379881e-23
   1.2563290e+01   4.7013285e-23
   1.2592261e+01   4.6651091e-23
   1.2621299e+01   4.6293218e-23
   1.2650404e+01   4.5939589e-23
   1.2679576e+01   4.5590125e-23
   1.2708815e+01   4.5244754e-23
   1.2738121e+01   4.4903402e-23
   1.2767496e+01   4.4565998e-23
   1.2796938e+01   4.4232476e-23
   1.2826447e+01   4.3902766e-23
   1.2856025e+01   4.3576804e-23
   1.2885671e+01   4.3254527e-23
   1.2915386e+01   4.2935872e-23
   1.2945169e+01   4.2620778e-23
   1.2975020e+01   4.2309187e-23
   1.3004941e+01   4.2001040e-23
   1.3034930e+01   4.1696282e-23
   1.3064989e+01   4.1394857e-23
   1.3095117e+01   4.1096712e-23
   1.3125314e+01   4.0801793e-23
   1.3155582e+01   4.0510050e-23
   1.3185918e+01   4.0221432e-23
   1.3216325e+01   3.9935891e-23
   1.3246802e+01   3.9653378e-23
   1.3277349e+01   3.9373846e-23
   1.3307967e+01   3.9097249e-23
   1.3338655e+01   3.8823543e-23
   1.3369414e+01   3.8552682e-23
   1.3400244e+01   3.8284625e-23
   1.3431145e+01   3.8019329e-23
   1.3462118e+01   3.7756753e-23
   1.3493162e+01   3.7496855e-23
   1.3524277e+01   3.7239598e-23
   1.3555464e+01   3.6984941e-23
   1.3586723e+01   3.6732846e-23
   1.3618054e+01   3.6483277e-23
   1.3649457e+01   3.6236197e-23
   1.3680933e+01   3.5991570e-23
   1.3712481e+01   3.5749361e-23
   1.3744103e+01   3.5509535e-23
   1.3775797e+01   3.5272060e-23
   1.3807564e+01   3.5036901e-23
   1.3839404e+01   3.4804026e-23
   1.3871318e+01   3.4573404e-23
   1.3903305e+01   3.4345003e-23
   1.3935366e+01   3.4118793e-23
   1.3967501e+01   3.3894743e-23
   1.3999710e+01   3.3672825e-23
   1.4031994e+01   3.3453009e-23
   1.4064352e+01   3.3235267e-23
   1.4096784e+01   3.3019571e-23
   1.4129292e+01   3.2805893e-23
   1.4161874e+01   3.2594208e-23
   1.4194531e+01   3.2384489e-23
   1.4227264e+01   3.2176709e-23
   1.4260072e+01   3.1970844e-23
   1.4292956e+01   3.1766868e-23
   1.4325916e+01   3.1564758e-23
   1.4358951e+01   3.1364489e-23
   1.4392063e+01   3.1166037e-23
   1.4425251e+01   3.0969380e-23
   1.4458516e+01   3.0774494e-23
   1.4491858e+01   3.0581359e-23
   1.4525276e+01   3.0389950e-23
   1.4558771e+01   3.0200248e-23
   1.4592344e+01   3.0012231e-23
   1.4625994e+01   2.9825878e-23
   1.4659722e+01   2.9641168e-23
   1.4693527e+01   2.9458083e-23
   1.4727410e+01   2.9276601e-23
   1.4761372e+01   2.9096704e-23
   1.4795412e+01   2.8918373e-23
   1.4829530e+01   2.8741589e-23
   1.4863727e+01   2.8566334e-23
   1.4898003e+01   2.8392589e-23
   1.4932358e+01   2.8220338e-23
   1.4966792e+01   2.8049562e-23
   1.5001306e+01   2.7880244e-23
   1.5035899e+01   2.7712368e-23
   1.5070572e+01   2.7545917e-23
   1.5105324e+01   2.7380876e-23
   1.5140157e+01   2.7217227e-23
   1.5175071e+01   2.7054955e-23
   1.5210065e+01   2.6894045e-23
   1.5245139e+01   2.6734481e-23
   1.5280295e+01   2.6576249e-23
   1.5315531e+01   2.6419335e-23
   1.5350849e+01   2.6263722e-23
   1.5386248e+01   2.6109399e-23
   1.5421729e+01   2.5956349e-23
   1.5457291e+01   2.5804561e-23
   1.5492936e+01   2.5654019e-23
   1.5528663e+01   2.5504712e-23
   1.5564472e+01   2.5356625e-23
   1.5600364e+01   2.5209746e-23
   1.5636338e+01   2.5064063e-23
   1.5672396e+01   2.4919563e-23
   1.5708537e+01   2.4776233e-23
   1.5744761e+01   2.4634062e-23
   1.5781068e+01   2.4493038e-23
   1.5817459e+01   2.4353150e-23
   1.5853935e+01   2.4214385e-23
   1.5890494e+01   2.4076732e-23
   1.5927137e+01   2.3940181e-23
   1.5963866e+01   2.3804720e-23
   1.6000678e+01   2.3670339e-23
   1.6037576e+01   2.3537027e-23
   1.6074559e+01   2.3404773e-23
   1.6111627e+01   2.3273568e-23
   1.6148780e+01   2.3143401e-23
   1.6186020e+01   2.3014263e-23
   1.6223345e+01   2.2886142e-23
   1.6260756e+01   2.2759031e-23
   1.6298253e+01   2.2632919e-23
   1.6335837e+01   2.2507797e-23
   1.6373508e+01   2.2383656e-23
   1.6411265e+01   2.2260487e-23
   1.6449110e+01   2.2138280e-23
   1.6487041e+01   2.2017027e-23
   1.6525061e+01   2.1896720e-23
   1.6563168e+01   2.1777349e-23
   1.6601362e+01   2.1658906e-23
   1.6639645e+01   2.1541384e-23
   1.6678016e+01   2.1424773e-23
   1.6716476e+01   2.1309066e-23
   1.6755024e+01   2.1194254e-23
   1.6793662e+01   2.1080331e-23
   1.6832388e+01   2.0967288e-23
   1.6871203e+01   2.0855117e-23
   1.6910109e+01   2.0743812e-23
   1.6949103e+01   2.0633364e-23
   1.6988188e+01   2.0523766e-23
   1.7027363e+01   2.0415012e-23
   1.7066628e+01   2.0307094e-23
   1.7105984e+01   2.0200005e-23
   1.7145431e+01   2.0093738e-23
   1.7184968e+01   1.9988287e-23
   1.7224597e+01   1.9883644e-23
   1.7264317e+01   1.9779804e-23
   1.7304128e+01   1.9676759e-23
   1.7344032e+01   1.9574503e-23
   1.7384027e+01   1.9473030e-23
   1.7424115e+01   1.9372334e-23
   1.7464295e+01   1.9272407e-23
   1.7504568e+01   1.9173245e-23
   1.7544934e+01   1.9074841e-23
   1.7585392e+01   1.8977189e-23
   1.7625945e+01   1.8880284e-23
   1.7666590e+01   1.8784119e-23
   1.7707329e+01   1.8688689e-23
   1.7748163e+01   1.8593988e-23
   1.7789090e+01   1.8500011e-23
   1.7830112e+01   1.8406752e-23
   1.7871228e+01   1.8314205e-23
   1.7912439e+01   1.8222366e-23
   1.7953746e+01   1.8131228e-23
   1.7995147e+01   1.8040788e-23
   1.8036644e+01   1.7951038e-23
   1.8078237e+01   1.7861976e-23
   1.8119925e+01   1.7773594e-23
   1.8161710e+01   1.7685889e-23
   1.8203591e+01   1.7598856e-23
   1.8245569e+01   1.7512489e-23
   1.8287643e+01   1.7426783e-23
   1.8329814e+01   1.7341735e-23
   1.8372083e+01   1.7257339e-23
   1.8414449e+01   1.7173591e-23
   1.8456913e+01   1.7090485e-23
   1.8499475e+01   1.7008019e-23
   1.8542135e+01   1.6926186e-23
   1.8584893e+01   1.6844982e-23
   1.8627750e+01   1.6764404e-23
   1.8670706e+01   1.6684447e-23
   1.8713761e+01   1.6605106e-23
   1.8756915e+01   1.6526377e-23
   1.8800168e+01   1.6448256e-23
   1.8843522e+01   1.6370740e-23
   1.8886975e+01   1.6293823e-23
   1.8930528e+01   1.6217502e-23
   1.8974182e+01   1.6141772e-23
   1.9017937e+01   1.6066630e-23
   1.9061792e+01   1.5992072e-23
   1.9105749e+01   1.5918093e-23
   1.9149807e+01   1.5844691e-23
   1.9193967e+01   1.5771861e-23
   1.9238228e+01   1.5699599e-23
   1.9282592e+01   1.5627902e-23
   1.9327057e+01   1.5556765e-23
   1.9371626e+01   1.5486186e-23
   1.9416297e+01   1.5416160e-23
   1.9461071e+01   1.5346685e-23
   1.9505948e+01   1.5277756e-23
   1.9550929e+01   1.5209369e-23
   1.9596014e+01   1.5141522e-23
   1.9641202e+01   1.5074211e-23
   1.9686495e+01   1.5007432e-23
   1.9731892e+01   1.4941183e-23
   1.9777394e+01   1.4875459e-23
   1.9823001e+01   1.4810257e-23
   1.9868713e+01   1.4745575e-23
   1.9914530e+01   1.4681408e-23
   1.9960454e+01   1.4617753e-23
   2.0006482e+01   1.4554608e-23
   2.0052618e+01   1.4491969e-23
   2.0098859e+01   1.4429833e-23
   2.0145207e+01   1.4368196e-23
   2.0191662e+01   1.4307056e-23
   2.0238224e+01   1.4246410e-23
   2.0284894e+01   1.4186254e-23
   2.0331671e+01   1.4126585e-23
   2.0378556e+01   1.4067401e-23
   2.0425549e+01   1.4008698e-23
   2.0472650e+01   1.3950474e-23
   2.0519861e+01   1.3892725e-23
   2.0567180e+01   1.3835448e-23
   2.0614608e+01   1.3778641e-23
   2.0662145e+01   1.3722301e-23
   2.0709792e+01   1.3666425e-23
   2.0757549e+01   1.3611010e-23
   2.0805416e+01   1.3556053e-23
   2.0853394e+01   1.3501551e-23
   2.0901482e+01   1.3447502e-23
   2.0949681e+01   1.3393903e-23
   2.0997991e+01   1.3340751e-23
   2.1046412e+01   1.3288044e-23
   2.1094945e+01   1.3235778e-23
   2.1143591e+01   1.3183951e-23
   2.1192348e+01   1.3132561e-23
   2.1241218e+01   1.3081604e-23
   2.1290200e+01   1.3031079e-23
   2.1339295e+01   1.2980982e-23
   2.1388504e+01   1.2931310e-23
   2.1437826e+01   1.2882063e-23
   2.1487262e+01   1.2833235e-23
   2.1536812e+01   1.2784826e-23
   2.1586476e+01   1.2736833e-23
   2.1636254e+01   1.2689253e-23
   2.1686148e+01   1.2642083e-23
   2.1736156e+01   1.2595322e-23
   2.1786280e+01   1.2548966e-23
   2.1836519e+01   1.2503014e-23
   2.1886874e+01   1.2457462e-23
   2.1937346e+01   1.2412308e-23
   2.1987933e+01   1.2367551e-23
   2.2038638e+01   1.2323187e-23
   2.2089459e+01   1.2279214e-23
   2.2140397e+01   1.2235629e-23
   2.2191453e+01   1.2192431e-23
   2.2242627e+01   1.2149617e-23
   2.2293919e+01   1.2107185e-23
   2.2345328e+01   1.2065132e-23
   2.2396857e+01   1.2023456e-23
   2.2448504e+01   1.1982155e-23
   2.2500271e+01   1.1941225e-23
   2.2552157e+01   1.1900667e-23
   2.2604162e+01   1.1860475e-23
   2.2656287e+01   1.1820650e-23
   2.2708533e+01   1.1781187e-23
   2.2760899e+01   1.1742086e-23
   2.2813386e+01   1.1703343e-23
   2.2865994e+01   1.1664957e-23
   2.2918723e+01   1.1626926e-23
   2.2971574e+01   1.1589246e-23
   2.3024546e+01   1.1551917e-23
   2.3077641e+01   1.1514935e-23
   2.3130858e+01   1.1478298e-23
   2.3184198e+01   1.1442005e-23
   2.3237661e+01   1.1406054e-23
   2.3291247e+01   1.1370441e-23
   2.3344957e+01   1.1335165e-23
   2.3398791e+01   1.1300225e-23
   2.3452748e+01   1.1265616e-23
   2.3506831e+01   1.1231339e-23
   2.3561038e+01   1.1197389e-23
   2.3615370e+01   1.1163766e-23
   2.3669827e+01   1.1130467e-23
   2.3724410e+01   1.1097491e-23
   2.3779118e+01   1.1064834e-23
   2.3833953e+01   1.1032495e-23
   2.3888914e+01   1.1000473e-23
   2.3944002e+01   1.0968764e-23
   2.3999217e+01   1.0937367e-23
   2.4054560e+01   1.0906279e-23
   2.4110030e+01   1.0875500e-23
   2.4165628e+01   1.0845026e-23
   2.4221354e+01   1.0814855e-23
   2.4277208e+01   1.0784987e-23
   2.4333192e+01   1.0755418e-23
   2.4389304e+01   1.0726146e-23
   2.4445546e+01   1.0697170e-23
   2.4501918e+01   1.0668488e-23
   2.4558420e+01   1.0640098e-23
   2.4615051e+01   1.0611997e-23
   2.4671814e+01   1.0584184e-23
   2.4728707e+01   1.0556656e-23
   2.4785732e+01   1.0529413e-23
   2.4842888e+01   1.0502451e-23
   2.4900176e+01   1.0475769e-23
   2.4957596e+01   1.0449365e-23
   2.5015148e+01   1.0423237e-23
   2.5072833e+01   1.0397383e-23
   2.5130652e+01   1.0371802e-23
   2.5188603e+01   1.0346490e-23
   2.5246688e+01   1.0321447e-23
   2.5304907e+01   1.0296671e-23
   2.5363261e+01   1.0272159e-23
   2.5421748e+01   1.0247909e-23
   2.5480371e+01   1.0223921e-23
   2.5539129e+01   1.0200191e-23
   2.5598023e+01   1.0176719e-23
   2.5657052e+01   1.0153501e-23
   2.5716217e+01   1.0130537e-23
   2.5775519e+01   1.0107824e-23
   2.5834957e+01   1.0085362e-23
   2.5894533e+01   1.0063146e-23
   2.5954246e+01   1.0041177e-23
   2.6014097e+01   1.0019452e-23
   2.6074085e+01   9.9979692e-24
   2.6134212e+01   9.9767270e-24
   2.6194478e+01   9.9557234e-24
   2.6254883e+01   9.9349567e-24
   2.6315427e+01   9.9144251e-24
   2.6376110e+01   9.8941268e-24
   2.6436934e+01   9.8740601e-24
   2.6497898e+01   9.8542230e-24
   2.6559002e+01   9.8346140e-24
   2.6620247e+01   9.8152312e-24
   2.6681634e+01   9.7960729e-24
   2.6743162e+01   9.7771372e-24
   2.6804832e+01   9.7584225e-24
   2.6866644e+01   9.7399271e-24
   2.6928599e+01   9.7216492e-24
   2.6990696e+01   9.7035870e-24
   2.7052937e+01   9.6857389e-24
   2.7115321e+01   9.6681031e-24
   2.7177849e+01   9.6506780e-24
   2.7240522e+01   9.6334618e-24
   2.7303338e+01   9.6164528e-24
   2.7366300e+01   9.5996495e-24
   2.7429407e+01   9.5830500e-24
   2.7492659e+01   9.5666527e-24
   2.7556058e+01   9.5504560e-24
   2.7619602e+01   9.5344582e-24
   2.7683293e+01   9.5186576e-24
   2.7747131e+01   9.5030527e-24
   2.7811116e+01   9.4876417e-24
   2.7875249e+01   9.4724230e-24
   2.7939529e+01   9.4573950e-24
   2.8003958e+01   9.4425562e-24
   2.8068536e+01   9.4279048e-24
   2.8133262e+01   9.4134394e-24
   2.8198137e+01   9.3991582e-24
   2.8263162e+01   9.3850597e-24
   2.8328338e+01   9.3711423e-24
   2.8393663e+01   9.3574046e-24
   2.8459139e+01   9.3438447e-24
   2.8524766e+01   9.3304614e-24
   2.8590544e+01   9.3172529e-24
   2.8656474e+01   9.3042177e-24
   2.8722556e+01   9.2913544e-24
   2.8788791e+01   9.2786613e-24
   2.8855178e+01   9.2661370e-24
   2.8921718e+01   9.2537800e-24
   2.8988412e+01   9.2415886e-24
   2.9055259e+01   9.2295615e-24
   2.9122261e+01   9.2176972e-24
   2.9189417e+01   9.2059941e-24
   2.9256728e+01   9.1944508e-24
   2.9324194e+01   9.1830659e-24
   2.9391816e+01   9.1718378e-24
   2.9459594e+01   9.1607651e-24
   2.9527528e+01   9.1498464e-24
   2.9595619e+01   9.1390802e-24
   2.9663866e+01   9.1284652e-24
   2.9732272e+01   9.1179998e-24
   2.9800834e+01   9.1076827e-24
   2.9869555e+01   9.0975125e-24
   2.9938435e+01   9.0874878e-24
   3.0007473e+01   9.0776071e-24
   3.0076670e+01   9.0678692e-24
   3.0146028e+01   9.0582726e-24
   3.0215544e+01   9.0488159e-24
   3.0285222e+01   9.0394979e-24
   3.0355060e+01   9.0303172e-24
   3.0425059e+01   9.0212724e-24
   3.0495219e+01   9.0123621e-24
   3.0565541e+01   9.0035852e-24
   3.0636026e+01   8.9949402e-24
   3.0706673e+01   8.9864259e-24
   3.0777482e+01   8.9780409e-24
   3.0848456e+01   8.9697840e-24
   3.0919592e+01   8.9616538e-24
   3.0990893e+01   8.9536492e-24
   3.1062358e+01   8.9457688e-24
   3.1133988e+01   8.9380114e-24
   3.1205784e+01   8.9303757e-24
   3.1277744e+01   8.9228606e-24
   3.1349871e+01   8.9154646e-24
   3.1422164e+01   8.9081867e-24
   3.1494624e+01   8.9010257e-24
   3.1567251e+01   8.8939802e-24
   3.1640045e+01   8.8870491e-24
   3.1713007e+01   8.8802313e-24
   3.1786138e+01   8.8735255e-24
   3.1859437e+01   8.8669306e-24
   3.1932905e+01   8.8604453e-24
   3.2006542e+01   8.8540686e-24
   3.2080350e+01   8.8477993e-24
   3.2154327e+01   8.8416362e-24
   3.2228475e+01   8.8355782e-24
   3.2302794e+01   8.8296242e-24
   3.2377285e+01   8.8237730e-24
   3.2451947e+01   8.8180236e-24
   3.2526782e+01   8.8123749e-24
   3.2601789e+01   8.8068257e-24
   3.2676969e+01   8.8013750e-24
   3.2752322e+01   8.7960217e-24
   3.2827849e+01   8.7907648e-24
   3.2903550e+01   8.7856031e-24
   3.2979426e+01   8.7805356e-24
   3.3055477e+01   8.7755613e-24
   3.3131703e+01   8.7706792e-24
   3.3208105e+01   8.7658881e-24
   3.3284683e+01   8.7611872e-24
   3.3361438e+01   8.7565753e-24
   3.3438370e+01   8.7520516e-24
   3.3515479e+01   8.7476149e-24
   3.3592766e+01   8.7432642e-24
   3.3670231e+01   8.7389988e-24
   3.3747875e+01   8.7348174e-24
   3.3825698e+01   8.7307193e-24
   3.3903700e+01   8.7267033e-24
   3.3981882e+01   8.7227687e-24
   3.4060245e+01   8.7189144e-24
   3.4138788e+01   8.7151394e-24
   3.4217512e+01   8.7114430e-24
   3.4296418e+01   8.7078241e-24
   3.4375506e+01   8.7042819e-24
   3.4454776e+01   8.7008155e-24
   3.4534229e+01   8.6974239e-24
   3.4613865e+01   8.6941063e-24
   3.4693685e+01   8.6908618e-24
   3.4773689e+01   8.6876895e-24
   3.4853877e+01   8.6845886e-24
   3.4934251e+01   8.6815582e-24
   3.5014809e+01   8.6785974e-24
   3.5095554e+01   8.6757055e-24
   3.5176484e+01   8.6728816e-24
   3.5257602e+01   8.6701248e-24
   3.5338906e+01   8.6674344e-24
   3.5420398e+01   8.6648095e-24
   3.5502077e+01   8.6622493e-24
   3.5583945e+01   8.6597531e-24
   3.5666002e+01   8.6573200e-24
   3.5748248e+01   8.6549493e-24
   3.5830684e+01   8.6526402e-24
   3.5913310e+01   8.6503919e-24
   3.5996126e+01   8.6482036e-24
   3.6079134e+01   8.6460747e-24
   3.6162332e+01   8.6440043e-24
   3.6245723e+01   8.6419918e-24
   3.6329306e+01   8.6400363e-24
   3.6413082e+01   8.6381373e-24
   3.6497050e+01   8.6362938e-24
   3.6581213e+01   8.6345053e-24
   3.6665569e+01   8.6327710e-24
   3.6750120e+01   8.6310903e-24
   3.6834867e+01   8.6294624e-24
   3.6919808e+01   8.6278866e-24
   3.7004945e+01   8.6263624e-24
   3.7090279e+01   8.6248889e-24
   3.7175810e+01   8.6234656e-24
   3.7261537e+01   8.6220917e-24
   3.7347463e+01   8.6207667e-24
   3.7433586e+01   8.6194899e-24
   3.7519908e+01   8.6182606e-24
   3.7606429e+01   8.6170782e-24
   3.7693150e+01   8.6159421e-24
   3.7780071e+01   8.6148517e-24
   3.7867192e+01   8.6138063e-24
   3.7954514e+01   8.6128054e-24
   3.8042037e+01   8.6118483e-24
   3.8129763e+01   8.6109344e-24
   3.8217690e+01   8.6100632e-24
   3.8305821e+01   8.6092341e-24
   3.8394154e+01   8.6084465e-24
   3.8482691e+01   8.6076997e-24
   3.8571433e+01   8.6069934e-24
   3.8660379e+01   8.6063268e-24
   3.8749530e+01   8.6056994e-24
   3.8838886e+01   8.6051108e-24
   3.8928449e+01   8.6045603e-24
   3.9018219e+01   8.6040474e-24
   3.9108195e+01   8.6035716e-24
   3.9198379e+01   8.6031323e-24
   3.9288770e+01   8.6027291e-24
   3.9379371e+01   8.6023614e-24
   3.9470180e+01   8.6020286e-24
   3.9561198e+01   8.6017304e-24
   3.9652427e+01   8.6014662e-24
   3.9743865e+01   8.6012355e-24
   3.9835515e+01   8.6010378e-24
   3.9927376e+01   8.6008727e-24
   4.0019449e+01   8.6007396e-24
   4.0111734e+01   8.6006381e-24
   4.0204232e+01   8.6005677e-24
   4.0296943e+01   8.6005279e-24
   4.0389868e+01   8.6005184e-24
   4.0483008e+01   8.6005386e-24
   4.0576362e+01   8.6005881e-24
   4.0669931e+01   8.6006665e-24
   4.0763716e+01   8.6007733e-24
   4.0857718e+01   8.6009080e-24
   4.0951936e+01   8.6010703e-24
   4.1046372e+01   8.6012598e-24
   4.1141025e+01   8.6014759e-24
   4.1235896e+01   8.6017184e-24
   4.1330987e+01   8.6019867e-24
   4.1426296e+01   8.6022806e-24
   4.1521826e+01   8.6025995e-24
   4.1617575e+01   8.6029431e-24
   4.1713546e+01   8.6033110e-24
   4.1809737e+01   8.6037028e-24
   4.1906151e+01   8.6041181e-24
   4.2002787e+01   8.6045566e-24
   4.2099646e+01   8.6050178e-24
   4.2196728e+01   8.6055015e-24
   4.2294034e+01   8.6060072e-24
   4.2391564e+01   8.6065346e-24
   4.2489319e+01   8.6070833e-24
   4.2587300e+01   8.6076529e-24
   4.2685507e+01   8.6082432e-24
   4.2783940e+01   8.6088537e-24
   4.2882600e+01   8.6094842e-24
   4.2981488e+01   8.6101343e-24
   4.3080603e+01   8.6108036e-24
   4.3179947e+01   8.6114919e-24
   4.3279521e+01   8.6121988e-24
   4.3379324e+01   8.6129240e-24
   4.3479357e+01   8.6136671e-24
   4.3579620e+01   8.6144279e-24
   4.3680115e+01   8.6152060e-24
   4.3780842e+01   8.6160012e-24
   4.3881801e+01   8.6168131e-24
   4.3982993e+01   8.6176415e-24
   4.4084418e+01   8.6184860e-24
   4.4186077e+01   8.6193463e-24
   4.4287970e+01   8.6202222e-24
   4.4390099e+01   8.6211134e-24
   4.4492463e+01   8.6220195e-24
   4.4595062e+01   8.6229404e-24
   4.4697899e+01   8.6238757e-24
   4.4800973e+01   8.6248252e-24
   4.4904284e+01   8.6257886e-24
   4.5007834e+01   8.6267656e-24
   4.5111622e+01   8.6277560e-24
   4.5215650e+01   8.6287595e-24
   4.5319918e+01   8.6297759e-24
   4.5424426e+01   8.6308049e-24
   4.5529175e+01   8.6318462e-24
   4.5634165e+01   8.6328996e-24
   4.5739398e+01   8.6339650e-24
   4.5844873e+01   8.6350419e-24
   4.5950592e+01   8.6361302e-24
   4.6056554e+01   8.6372297e-24
   4.6162761e+01   8.6383402e-24
   4.6269213e+01   8.6394613e-24
   4.6375910e+01   8.6405929e-24
   4.6482853e+01   8.6417347e-24
   4.6590043e+01   8.6428866e-24
   4.6697480e+01   8.6440483e-24
   4.6805165e+01   8.6452196e-24
   4.6913098e+01   8.6464003e-24
   4.7021280e+01   8.6475902e-24
   4.7129711e+01   8.6487890e-24
   4.7238393e+01   8.6499966e-24
   4.7347325e+01   8.6512128e-24
   4.7456508e+01   8.6524374e-24
   4.7565943e+01   8.6536701e-24
   4.7675631e+01   8.6549108e-24
   4.7785571e+01   8.6561594e-24
   4.7895765e+01   8.6574155e-24
   4.8006213e+01   8.6586791e-24
   4.8116916e+01   8.6599498e-24
   4.8227874e+01   8.6612277e-24
   4.8339087e+01   8.6625124e-24
   4.8450558e+01   8.6638038e-24
   4.8562285e+01   8.6651018e-24
   4.8674270e+01   8.6664061e-24
   4.8786513e+01   8.6677166e-24
   4.8899015e+01   8.6690332e-24
   4.9011777e+01   8.6703556e-24
   4.9124798e+01   8.6716837e-24
   4.9238081e+01   8.6730173e-24
   4.9351624e+01   8.6743563e-24
   4.9465429e+01   8.6757005e-24
   4.9579497e+01   8.6770498e-24
   4.9693828e+01   8.6784040e-24
   4.9808422e+01   8.6797630e-24
   4.9923280e+01   8.6811266e-24
   5.0038404e+01   8.6824947e-24
   5.0153793e+01   8.6838671e-24
   5.0269448e+01   8.6852437e-24
   5.0385370e+01   8.6866244e-24
   5.0501559e+01   8.6880090e-24
   5.0618016e+01   8.6893973e-24
   5.0734741e+01   8.6907893e-24
   5.0851736e+01   8.6921848e-24
   5.0969000e+01   8.6935837e-24
   5.1086535e+01   8.6949859e-24
   5.1204341e+01   8.6963911e-24
   5.1322419e+01   8.6977994e-24
   5.1440769e+01   8.6992106e-24
   5.1559392e+01   8.7006245e-24
   5.1678288e+01   8.7020411e-24
   5.1797458e+01   8.7034601e-24
   5.1916904e+01   8.7048816e-24
   5.2036625e+01   8.7063054e-24
   5.2156621e+01   8.7077314e-24
   5.2276895e+01   8.7091595e-24
   5.2397446e+01   8.7105895e-24
   5.2518275e+01   8.7120213e-24
   5.2639382e+01   8.7134549e-24
   5.2760769e+01   8.7148902e-24
   5.2882436e+01   8.7163270e-24
   5.3004383e+01   8.7177652e-24
   5.3126612e+01   8.7192048e-24
   5.3249122e+01   8.7206456e-24
   5.3371915e+01   8.7220876e-24
   5.3494991e+01   8.7235306e-24
   5.3618351e+01   8.7249746e-24
   5.3741995e+01   8.7264194e-24
   5.3865925e+01   8.7278651e-24
   5.3990140e+01   8.7293113e-24
   5.4114642e+01   8.7307582e-24
   5.4239430e+01   8.7322056e-24
   5.4364507e+01   8.7336535e-24
   5.4489872e+01   8.7351016e-24
   5.4615526e+01   8.7365500e-24
   5.4741470e+01   8.7379986e-24
   5.4867704e+01   8.7394473e-24
   5.4994229e+01   8.7408960e-24
   5.5121046e+01   8.7423447e-24
   5.5248156e+01   8.7437932e-24
   5.5375559e+01   8.7452415e-24
   5.5503255e+01   8.7466895e-24
   5.5631246e+01   8.7481371e-24
   5.5759532e+01   8.7495843e-24
   5.5888114e+01   8.7510310e-24
   5.6016992e+01   8.7524772e-24
   5.6146168e+01   8.7539226e-24
   5.6275642e+01   8.7553674e-24
   5.6405414e+01   8.7568115e-24
   5.6535485e+01   8.7582546e-24
   5.6665856e+01   8.7596969e-24
   5.6796528e+01   8.7611382e-24
   5.6927501e+01   8.7625785e-24
   5.7058777e+01   8.7640177e-24
   5.7190355e+01   8.7654558e-24
   5.7322236e+01   8.7668927e-24
   5.7454421e+01   8.7683283e-24
   5.7586912e+01   8.7697626e-24
   5.7719708e+01   8.7711955e-24
   5.7852810e+01   8.7726270e-24
   5.7986219e+01   8.7740570e-24
   5.8119935e+01   8.7754855e-24
   5.8253960e+01   8.7769124e-24
   5.8388294e+01   8.7783377e-24
   5.8522938e+01   8.7797613e-24
   5.8657893e+01   8.7811832e-24
   5.8793158e+01   8.7826032e-24
   5.8928736e+01   8.7840215e-24
   5.9064626e+01   8.7854379e-24
   5.9200829e+01   8.7868524e-24
   5.9337347e+01   8.7882649e-24
   5.9474179e+01   8.7896754e-24
   5.9611327e+01   8.7910839e-24
   5.9748791e+01   8.7924903e-24
   5.9886572e+01   8.7938946e-24
   6.0024671e+01   8.7952967e-24
   6.0163089e+01   8.7966965e-24
   6.0301825e+01   8.7980942e-24
   6.0440882e+01   8.7994896e-24
   6.0580259e+01   8.8008826e-24
   6.0719957e+01   8.8022733e-24
   6.0859978e+01   8.8036616e-24
   6.1000322e+01   8.8050475e-24
   6.1140989e+01   8.8064309e-24
   6.1281980e+01   8.8078119e-24
   6.1423297e+01   8.8091903e-24
   6.1564940e+01   8.8105661e-24
   6.1706909e+01   8.8119394e-24
   6.1849206e+01   8.8133101e-24
   6.1991830e+01   8.8146781e-24
   6.2134784e+01   8.8160434e-24
   6.2278067e+01   8.8174061e-24
   6.2421681e+01   8.8187660e-24
   6.2565626e+01   8.8201232e-24
   6.2709903e+01   8.8214775e-24
   6.2854512e+01   8.8228291e-24
   6.2999455e+01   8.8241779e-24
   6.3144732e+01   8.8255237e-24
   6.3290345e+01   8.8268667e-24
   6.3436293e+01   8.8282069e-24
   6.3582577e+01   8.8295440e-24
   6.3729199e+01   8.8308783e-24
   6.3876159e+01   8.8322095e-24
   6.4023458e+01   8.8335378e-24
   6.4171097e+01   8.8348631e-24
   6.4319076e+01   8.8361853e-24
   6.4467396e+01   8.8375045e-24
   6.4616058e+01   8.8388207e-24
   6.4765063e+01   8.8401337e-24
   6.4914412e+01   8.8414437e-24
   6.5064105e+01   8.8427505e-24
   6.5214144e+01   8.8440542e-24
   6.5364528e+01   8.8453547e-24
   6.5515259e+01   8.8466521e-24
   6.5666338e+01   8.8479463e-24
   6.5817765e+01   8.8492374e-24
   6.5969541e+01   8.8505252e-24
   6.6121667e+01   8.8518098e-24
   6.6274144e+01   8.8530911e-24
   6.6426973e+01   8.8543692e-24
   6.6580154e+01   8.8556441e-24
   6.6733688e+01   8.8569157e-24
   6.6887577e+01   8.8581840e-24
   6.7041820e+01   8.8594490e-24
   6.7196419e+01   8.8607107e-24
   6.7351374e+01   8.8619691e-24
   6.7506687e+01   8.8632242e-24
   6.7662358e+01   8.8644760e-24
   6.7818388e+01   8.8657244e-24
   6.7974778e+01   8.8669695e-24
   6.8131528e+01   8.8682112e-24
   6.8288640e+01   8.8694496e-24
   6.8446114e+01   8.8706846e-24
   6.8603951e+01   8.8719163e-24
   6.8762153e+01   8.8731446e-24
   6.8920719e+01   8.8743695e-24
   6.9079650e+01   8.8755910e-24
   6.9238949e+01   8.8768091e-24
   6.9398614e+01   8.8780238e-24
   6.9558648e+01   8.8792351e-24
   6.9719051e+01   8.8804430e-24
   6.9879823e+01   8.8816475e-24
   7.0040967e+01   8.8828486e-24
   7.0202482e+01   8.8840463e-24
   7.0364369e+01   8.8852406e-24
   7.0526630e+01   8.8864314e-24
   7.0689265e+01   8.8876189e-24
   7.0852275e+01   8.8888029e-24
   7.1015661e+01   8.8899835e-24
   7.1179423e+01   8.8911607e-24
   7.1343564e+01   8.8923344e-24
   7.1508083e+01   8.8935047e-24
   7.1672981e+01   8.8946717e-24
   7.1838259e+01   8.8958352e-24
   7.2003919e+01   8.8969952e-24
   7.2169960e+01   8.8981519e-24
   7.2336385e+01   8.8993051e-24
   7.2503193e+01   8.9004550e-24
   7.2670386e+01   8.9016014e-24
   7.2837964e+01   8.9027444e-24
   7.3005929e+01   8.9038840e-24
   7.3174282e+01   8.9050202e-24
   7.3343022e+01   8.9061530e-24
   7.3512152e+01   8.9072824e-24
   7.3681671e+01   8.9084084e-24
   7.3851582e+01   8.9095310e-24
   7.4021884e+01   8.9106502e-24
   7.4192579e+01   8.9117661e-24
   7.4363668e+01   8.9128785e-24
   7.4535151e+01   8.9139876e-24
   7.4707029e+01   8.9150934e-24
   7.4879304e+01   8.9161958e-24
   7.5051977e+01   8.9172948e-24
   7.5225047e+01   8.9183904e-24
   7.5398517e+01   8.9194828e-24
   7.5572386e+01   8.9205718e-24
   7.5746657e+01   8.9216574e-24
   7.5921329e+01   8.9227398e-24
   7.6096404e+01   8.9238188e-24
   7.6271883e+01   8.9248945e-24
   7.6447767e+01   8.9259669e-24
   7.6624056e+01   8.9270360e-24
   7.6800751e+01   8.9281019e-24
   7.6977855e+01   8.9291644e-24
   7.7155366e+01   8.9302237e-24
   7.7333287e+01   8.9312798e-24
   7.7511618e+01   8.9323325e-24
   7.7690361e+01   8.9333821e-24
   7.7869515e+01   8.9344284e-24
   7.8049083e+01   8.9354714e-24
   7.8229065e+01   8.9365113e-24
   7.8409461e+01   8.9375480e-24
   7.8590274e+01   8.9385814e-24
   7.8771504e+01   8.9396117e-24
   7.8953152e+01   8.9406388e-24
   7.9135218e+01   8.9416627e-24
   7.9317705e+01   8.9426835e-24
   7.9500612e+01   8.9437011e-24
   7.9683941e+01   8.9447156e-24
   7.9867693e+01   8.9457270e-24
   8.0051868e+01   8.9467353e-24
   8.0236468e+01   8.9477404e-24
   8.0421494e+01   8.9487425e-24
   8.0606947e+01   8.9497415e-24
   8.0792827e+01   8.9507374e-24
   8.0979136e+01   8.9517303e-24
   8.1165874e+01   8.9527202e-24
   8.1353044e+01   8.9537070e-24
   8.1540644e+01   8.9546908e-24
   8.1728678e+01   8.9556715e-24
   8.1917145e+01   8.9566493e-24
   8.2106046e+01   8.9576241e-24
   8.2295383e+01   8.9585960e-24
   8.2485157e+01   8.9595649e-24
   8.2675369e+01   8.9605308e-24
   8.2866019e+01   8.9614939e-24
   8.3057108e+01   8.9624540e-24
   8.3248639e+01   8.9634112e-24
   8.3440611e+01   8.9643655e-24
   8.3633025e+01   8.9653170e-24
   8.3825884e+01   8.9662656e-24
   8.4019187e+01   8.9672113e-24
   8.4212936e+01   8.9681542e-24
   8.4407131e+01   8.9690943e-24
   8.4601775e+01   8.9700316e-24
   8.4796867e+01   8.9709661e-24
   8.4992409e+01   8.9718979e-24
   8.5188403e+01   8.9728268e-24
   8.5384848e+01   8.9737531e-24
   8.5581746e+01   8.9746766e-24
   8.5779098e+01   8.9755974e-24
   8.5976905e+01   8.9765155e-24
   8.6175169e+01   8.9774309e-24
   8.6373889e+01   8.9783436e-24
   8.6573068e+01   8.9792537e-24
   8.6772706e+01   8.9801611e-24
   8.6972805e+01   8.9810659e-24
   8.7173365e+01   8.9819682e-24
   8.7374387e+01   8.9828678e-24
   8.7575873e+01   8.9837648e-24
   8.7777824e+01   8.9846593e-24
   8.7980240e+01   8.9855512e-24
   8.8183123e+01   8.9864407e-24
   8.8386474e+01   8.9873276e-24
   8.8590294e+01   8.9882120e-24
   8.8794584e+01   8.9890939e-24
   8.8999345e+01   8.9899734e-24
   8.9204578e+01   8.9908504e-24
   8.9410285e+01   8.9917250e-24
   8.9616465e+01   8.9925972e-24
   8.9823122e+01   8.9934669e-24
   9.0030254e+01   8.9943344e-24
   9.0237865e+01   8.9951994e-24
   9.0445954e+01   8.9960621e-24
   9.0654523e+01   8.9969225e-24
   9.0863573e+01   8.9977805e-24
   9.1073105e+01   8.9986363e-24
   9.1283120e+01   8.9994898e-24
   9.1493620e+01   9.0003410e-24
   9.1704605e+01   9.0011900e-24
   9.1916077e+01   9.0020367e-24
   9.2128036e+01   9.0028813e-24
   9.2340484e+01   9.0037236e-24
   9.2553422e+01   9.0045638e-24
   9.2766850e+01   9.0054018e-24
   9.2980771e+01   9.0062377e-24
   9.3195186e+01   9.0070715e-24
   9.3410095e+01   9.0079032e-24
   9.3625499e+01   9.0087328e-24
   9.3841400e+01   9.0095603e-24
   9.4057799e+01   9.0103858e-24
   9.4274697e+01   9.0112092e-24
   9.4492095e+01   9.0120306e-24
   9.4709995e+01   9.0128501e-24
   9.4928397e+01   9.0136675e-24
   9.5147302e+01   9.0144830e-24
   9.5366713e+01   9.0152966e-24
   9.5586629e+01   9.0161083e-24
   9.5807053e+01   9.0169180e-24
   9.6027984e+01   9.0177259e-24
   9.6249426e+01   9.0185319e-24
   9.6471378e+01   9.0193360e-24
   9.6693841e+01   9.0201384e-24
   9.6916818e+01   9.0209389e-24
   9.7140309e+01   9.0217376e-24
   9.7364315e+01   9.0225346e-24
   9.7588838e+01   9.0233298e-24
   9.7813879e+01   9.0241232e-24
   9.8039438e+01   9.0249150e-24
   9.8265518e+01   9.0257050e-24
   9.8492119e+01   9.0264934e-24
   9.8719243e+01   9.0272801e-24
   9.8946890e+01   9.0280652e-24
   9.9175062e+01   9.0288487e-24
   9.9403761e+01   9.0296305e-24
   9.9632987e+01   9.0304108e-24
   9.9862741e+01   9.0311895e-24
   1.0009303e+02   9.0319667e-24
   1.0032384e+02   9.0327424e-24
   1.0055519e+02   9.0335165e-24
   1.0078707e+02   9.0342892e-24
   1.0101948e+02   9.0350604e-24
   1.0125244e+02   9.0358301e-24
   1.0148593e+02   9.0365985e-24
   1.0171995e+02   9.0373654e-24
   1.0195452e+02   9.0381309e-24
   1.0218963e+02   9.0388951e-24
   1.0242528e+02   9.0396579e-24
   1.0266147e+02   9.0404194e-24
   1.0289821e+02   9.0411795e-24
   1.0313549e+02   9.0419384e-24
   1.0337332e+02   9.0426960e-24
   1.0361170e+02   9.0434524e-24
   1.0385063e+02   9.0442075e-24
   1.0409011e+02   9.0449614e-24
   1.0433015e+02   9.0457142e-24
   1.0457073e+02   9.0464657e-24
   1.0481187e+02   9.0472161e-24
   1.0505357e+02   9.0479654e-24
   1.0529582e+02   9.0487136e-24
   1.0553864e+02   9.0494607e-24
   1.0578201e+02   9.0502067e-24
   1.0602594e+02   9.0509516e-24
   1.0627044e+02   9.0516955e-24
   1.0651550e+02   9.0524385e-24
   1.0676113e+02   9.0531804e-24
   1.0700732e+02   9.0539213e-24
   1.0725408e+02   9.0546613e-24
   1.0750141e+02   9.0554004e-24
   1.0774931e+02   9.0561386e-24
   1.0799778e+02   9.0568758e-24
   1.0824682e+02   9.0576122e-24
   1.0849644e+02   9.0583478e-24
   1.0874663e+02   9.0590825e-24
   1.0899740e+02   9.0598164e-24
   1.0924875e+02   9.0605496e-24
   1.0950068e+02   9.0612819e-24
   1.0975319e+02   9.0620135e-24
   1.1000628e+02   9.0627444e-24
   1.1025996e+02   9.0634746e-24
   1.1051422e+02   9.0642041e-24
   1.1076906e+02   9.0649329e-24
   1.1102450e+02   9.0656611e-24
   1.1128052e+02   9.0663887e-24
   1.1153714e+02   9.0671157e-24
   1.1179434e+02   9.0678420e-24
   1.1205214e+02   9.0685678e-24
   1.1231053e+02   9.0692931e-24
   1.1256952e+02   9.0700179e-24
   1.1282911e+02   9.0707421e-24
   1.1308929e+02   9.0714659e-24
   1.1335008e+02   9.0721892e-24
   1.1361146e+02   9.0729121e-24
   1.1387345e+02   9.0736346e-24
   1.1413605e+02   9.0743566e-24
   1.1439924e+02   9.0750783e-24
   1.1466305e+02   9.0757996e-24
   1.1492746e+02   9.0765206e-24
   1.1519249e+02   9.0772413e-24
   1.1545812e+02   9.0779617e-24
   1.1572437e+02   9.0786819e-24
   1.1599123e+02   9.0794017e-24
   1.1625871e+02   9.0801214e-24
   1.1652680e+02   9.0808408e-24
   1.1679551e+02   9.0815601e-24
   1.1706484e+02   9.0822792e-24
   1.1733480e+02   9.0829981e-24
   1.1760537e+02   9.0837169e-24
   1.1787657e+02   9.0844356e-24
   1.1814839e+02   9.0851543e-24
   1.1842085e+02   9.0858729e-24
   1.1869392e+02   9.0865914e-24
   1.1896763e+02   9.0873099e-24
   1.1924197e+02   9.0880284e-24
   1.1951695e+02   9.0887470e-24
   1.1979255e+02   9.0894656e-24
   1.2006880e+02   9.0901842e-24
   1.2034568e+02   9.0909030e-24
   1.2062319e+02   9.0916218e-24
   1.2090135e+02   9.0923408e-24
   1.2118015e+02   9.0930600e-24
   1.2145959e+02   9.0937793e-24
   1.2173968e+02   9.0944988e-24
   1.2202041e+02   9.0952185e-24
   1.2230179e+02   9.0959385e-24
   1.2258382e+02   9.0966587e-24
   1.2286650e+02   9.0973792e-24
   1.2314983e+02   9.0981000e-24
   1.2343382e+02   9.0988212e-24
   1.2371846e+02   9.0995427e-24
   1.2400375e+02   9.1002645e-24
   1.2428971e+02   9.1009868e-24
   1.2457632e+02   9.1017094e-24
   1.2486359e+02   9.1024325e-24
   1.2515153e+02   9.1031560e-24
   1.2544013e+02   9.1038800e-24
   1.2572940e+02   9.1046045e-24
   1.2601933e+02   9.1053296e-24
   1.2630993e+02   9.1060551e-24
   1.2660120e+02   9.1067813e-24
   1.2689314e+02   9.1075080e-24
   1.2718576e+02   9.1082353e-24
   1.2747905e+02   9.1089632e-24
   1.2777302e+02   9.1096918e-24
   1.2806767e+02   9.1104211e-24
   1.2836299e+02   9.1111511e-24
   1.2865900e+02   9.1118818e-24
   1.2895569e+02   9.1126132e-24
   1.2925306e+02   9.1133454e-24
   1.2955112e+02   9.1140783e-24
   1.2984986e+02   9.1148121e-24
   1.3014930e+02   9.1155467e-24
   1.3044942e+02   9.1162821e-24
   1.3075024e+02   9.1170184e-24
   1.3105175e+02   9.1177556e-24
   1.3135396e+02   9.1184937e-24
   1.3165686e+02   9.1192328e-24
   1.3196046e+02   9.1199728e-24
   1.3226476e+02   9.1207138e-24
   1.3256977e+02   9.1214557e-24
   1.3287547e+02   9.1221988e-24
   1.3318189e+02   9.1229428e-24
   1.3348901e+02   9.1236880e-24
   1.3379683e+02   9.1244342e-24
   1.3410537e+02   9.1251815e-24
   1.3441462e+02   9.1259300e-24
   1.3472458e+02   9.1266796e-24
   1.3503525e+02   9.1274305e-24
   1.3534665e+02   9.1281825e-24
   1.3565876e+02   9.1289357e-24
   1.3597159e+02   9.1296902e-24
   1.3628514e+02   9.1304460e-24
   1.3659941e+02   9.1312031e-24
   1.3691441e+02   9.1319615e-24
   1.3723014e+02   9.1327212e-24
   1.3754659e+02   9.1334823e-24
   1.3786377e+02   9.1342447e-24
   1.3818169e+02   9.1350086e-24
   1.3850034e+02   9.1357739e-24
   1.3881972e+02   9.1365407e-24
   1.3913984e+02   9.1373089e-24
   1.3946070e+02   9.1380787e-24
   1.3978229e+02   9.1388499e-24
   1.4010463e+02   9.1396227e-24
   1.4042772e+02   9.1403971e-24
   1.4075154e+02   9.1411731e-24
   1.4107612e+02   9.1419506e-24
   1.4140144e+02   9.1427299e-24
   1.4172751e+02   9.1435107e-24
   1.4205434e+02   9.1442933e-24
   1.4238192e+02   9.1450775e-24
   1.4271025e+02   9.1458635e-24
   1.4303934e+02   9.1466513e-24
   1.4336919e+02   9.1474408e-24
   1.4369980e+02   9.1482321e-24
   1.4403117e+02   9.1490253e-24
   1.4436331e+02   9.1498203e-24
   1.4469621e+02   9.1506171e-24
   1.4502988e+02   9.1514159e-24
   1.4536432e+02   9.1522165e-24
   1.4569954e+02   9.1530191e-24
   1.4603552e+02   9.1538237e-24
   1.4637228e+02   9.1546303e-24
   1.4670981e+02   9.1554388e-24
   1.4704813e+02   9.1562494e-24
   1.4738722e+02   9.1570621e-24
   1.4772710e+02   9.1578768e-24
   1.4806776e+02   9.1586937e-24
   1.4840920e+02   9.1595126e-24
   1.4875144e+02   9.1603337e-24
   1.4909446e+02   9.1611570e-24
   1.4943827e+02   9.1619825e-24
   1.4978288e+02   9.1628103e-24
   1.5012828e+02   9.1636402e-24
   1.5047447e+02   9.1644725e-24
   1.5082147e+02   9.1653070e-24
   1.5116927e+02   9.1661439e-24
   1.5151786e+02   9.1669830e-24
   1.5186726e+02   9.1678246e-24
   1.5221747e+02   9.1686686e-24
   1.5256849e+02   9.1695149e-24
   1.5292031e+02   9.1703638e-24
   1.5327295e+02   9.1712150e-24
   1.5362639e+02   9.1720688e-24
   1.5398066e+02   9.1729251e-24
   1.5433574e+02   9.1737839e-24
   1.5469164e+02   9.1746453e-24
   1.5504836e+02   9.1755093e-24
   1.5540590e+02   9.1763758e-24
   1.5576427e+02   9.1772450e-24
   1.5612346e+02   9.1781169e-24
   1.5648348e+02   9.1789915e-24
   1.5684434e+02   9.1798687e-24
   1.5720602e+02   9.1807488e-24
   1.5756854e+02   9.1816315e-24
   1.5793189e+02   9.1825171e-24
   1.5829608e+02   9.1834054e-24
   1.5866112e+02   9.1842966e-24
   1.5902699e+02   9.1851907e-24
   1.5939371e+02   9.1860876e-24
   1.5976127e+02   9.1869874e-24
   1.6012968e+02   9.1878902e-24
   1.6049894e+02   9.1887960e-24
   1.6086905e+02   9.1897047e-24
   1.6124002e+02   9.1906164e-24
   1.6161184e+02   9.1915312e-24
   1.6198452e+02   9.1924490e-24
   1.6235805e+02   9.1933699e-24
   1.6273245e+02   9.1942940e-24
   1.6310772e+02   9.1952211e-24
   1.6348384e+02   9.1961515e-24
   1.6386084e+02   9.1970850e-24
   1.6423870e+02   9.1980217e-24
   1.6461744e+02   9.1989617e-24
   1.6499705e+02   9.1999049e-24
   1.6537753e+02   9.2008514e-24
   1.6575889e+02   9.2018013e-24
   1.6614114e+02   9.2027545e-24
   1.6652426e+02   9.2037110e-24
   1.6690826e+02   9.2046710e-24
   1.6729316e+02   9.2056343e-24
   1.6767894e+02   9.2066011e-24
   1.6806560e+02   9.2075714e-24
   1.6845316e+02   9.2085452e-24
   1.6884162e+02   9.2095225e-24
   1.6923097e+02   9.2105034e-24
   1.6962122e+02   9.2114879e-24
   1.7001236e+02   9.2124759e-24
   1.7040441e+02   9.2134676e-24
   1.7079737e+02   9.2144630e-24
   1.7119123e+02   9.2154620e-24
   1.7158600e+02   9.2164647e-24
   1.7198168e+02   9.2174712e-24
   1.7237827e+02   9.2184815e-24
   1.7277577e+02   9.2194955e-24
   1.7317419e+02   9.2205133e-24
   1.7357354e+02   9.2215351e-24
   1.7397380e+02   9.2225606e-24
   1.7437498e+02   9.2235901e-24
   1.7477709e+02   9.2246235e-24
   1.7518013e+02   9.2256609e-24
   1.7558410e+02   9.2267022e-24
   1.7598899e+02   9.2277476e-24
   1.7639483e+02   9.2287970e-24
   1.7680159e+02   9.2298504e-24
   1.7720930e+02   9.2309080e-24
   1.7761795e+02   9.2319696e-24
   1.7802753e+02   9.2330354e-24
   1.7843807e+02   9.2341054e-24
   1.7884955e+02   9.2351796e-24
   1.7926198e+02   9.2362580e-24
   1.7967535e+02   9.2373407e-24
   1.8008969e+02   9.2384277e-24
   1.8050498e+02   9.2395190e-24
   1.8092122e+02   9.2406146e-24
   1.8133843e+02   9.2417146e-24
   1.8175659e+02   9.2428190e-24
   1.8217573e+02   9.2439278e-24
   1.8259583e+02   9.2450411e-24
   1.8301689e+02   9.2461588e-24
   1.8343893e+02   9.2472811e-24
   1.8386194e+02   9.2484079e-24
   1.8428593e+02   9.2495393e-24
   1.8471089e+02   9.2506753e-24
   1.8513684e+02   9.2518159e-24
   1.8556377e+02   9.2529612e-24
   1.8599168e+02   9.2541112e-24
   1.8642058e+02   9.2552659e-24
   1.8685046e+02   9.2564253e-24
   1.8728134e+02   9.2575895e-24
   1.8771321e+02   9.2587585e-24
   1.8814608e+02   9.2599323e-24
   1.8857995e+02   9.2611110e-24
   1.8901482e+02   9.2622946e-24
   1.8945068e+02   9.2634831e-24
   1.8988756e+02   9.2646765e-24
   1.9032544e+02   9.2658750e-24
   1.9076433e+02   9.2670784e-24
   1.9120424e+02   9.2682869e-24
   1.9164516e+02   9.2695004e-24
   1.9208709e+02   9.2707191e-24
   1.9253005e+02   9.2719429e-24
   1.9297402e+02   9.2731718e-24
   1.9341902e+02   9.2744060e-24
   1.9386505e+02   9.2756453e-24
   1.9431210e+02   9.2768899e-24
   1.9476019e+02   9.2781398e-24
   1.9520930e+02   9.2793950e-24
   1.9565946e+02   9.2806556e-24
   1.9611065e+02   9.2819215e-24
   1.9656288e+02   9.2831928e-24
   1.9701616e+02   9.2844696e-24
   1.9747048e+02   9.2857518e-24
   1.9792585e+02   9.2870395e-24
   1.9838227e+02   9.2883328e-24
   1.9883974e+02   9.2896316e-24
   1.9929826e+02   9.2909360e-24
   1.9975785e+02   9.2922460e-24
   2.0021849e+02   9.2935617e-24
   2.0068020e+02   9.2948830e-24
   2.0114297e+02   9.2962101e-24
   2.0160680e+02   9.2975430e-24
   2.0207171e+02   9.2988816e-24
   2.0253769e+02   9.3002260e-24
   2.0300474e+02   9.3015763e-24
   2.0347287e+02   9.3029324e-24
   2.0394208e+02   9.3042945e-24
   2.0441237e+02   9.3056625e-24
   2.0488375e+02   9.3070365e-24
   2.0535621e+02   9.3084165e-24
   2.0582977e+02   9.3098025e-24
   2.0630441e+02   9.3111946e-24
   2.0678015e+02   9.3125928e-24
   2.0725699e+02   9.3139971e-24
   2.0773492e+02   9.3154076e-24
   2.0821396e+02   9.3168243e-24
   2.0869411e+02   9.3182473e-24
   2.0917536e+02   9.3196765e-24
   2.0965772e+02   9.3211120e-24
   2.1014119e+02   9.3225539e-24
   2.1062578e+02   9.3240021e-24
   2.1111148e+02   9.3254568e-24
   2.1159831e+02   9.3269178e-24
   2.1208625e+02   9.3283854e-24
   2.1257533e+02   9.3298594e-24
   2.1306553e+02   9.3313400e-24
   2.1355686e+02   9.3328272e-24
   2.1404932e+02   9.3343210e-24
   2.1454292e+02   9.3358214e-24
   2.1503766e+02   9.3373285e-24
   2.1553354e+02   9.3388423e-24
   2.1603056e+02   9.3403629e-24
   2.1652873e+02   9.3418902e-24
   2.1702804e+02   9.3434243e-24
   2.1752851e+02   9.3449653e-24
   2.1803013e+02   9.3465132e-24
   2.1853291e+02   9.3480680e-24
   2.1903685e+02   9.3496298e-24
   2.1954195e+02   9.3511985e-24
   2.2004822e+02   9.3527743e-24
   2.2055565e+02   9.3543571e-24
   2.2106425e+02   9.3559471e-24
   2.2157403e+02   9.3575441e-24
   2.2208498e+02   9.3591484e-24
   2.2259711e+02   9.3607598e-24
   2.2311042e+02   9.3623785e-24
   2.2362491e+02   9.3640045e-24
   2.2414060e+02   9.3656378e-24
   2.2465747e+02   9.3672784e-24
   2.2517553e+02   9.3689264e-24
   2.2569478e+02   9.3705818e-24
   2.2621524e+02   9.3722447e-24
   2.2673689e+02   9.3739151e-24
   2.2725975e+02   9.3755930e-24
   2.2778381e+02   9.3772785e-24
   2.2830908e+02   9.3789717e-24
   2.2883556e+02   9.3806724e-24
   2.2936326e+02   9.3823808e-24
   2.2989217e+02   9.3840970e-24
   2.3042231e+02   9.3858209e-24
   2.3095366e+02   9.3875526e-24
   2.3148624e+02   9.3892922e-24
   2.3202005e+02   9.3910396e-24
   2.3255509e+02   9.3927949e-24
   2.3309137e+02   9.3945582e-24
   2.3362888e+02   9.3963294e-24
   2.3416763e+02   9.3981087e-24
   2.3470762e+02   9.3998961e-24
   2.3524886e+02   9.4016915e-24
   2.3579134e+02   9.4034951e-24
   2.3633508e+02   9.4053069e-24
   2.3688007e+02   9.4071268e-24
   2.3742632e+02   9.4089551e-24
   2.3797382e+02   9.4107916e-24
   2.3852259e+02   9.4126365e-24
   2.3907263e+02   9.4144898e-24
   2.3962393e+02   9.4163514e-24
   2.4017651e+02   9.4182216e-24
   2.4073036e+02   9.4201002e-24
   2.4128548e+02   9.4219873e-24
   2.4184189e+02   9.4238831e-24
   2.4239958e+02   9.4257874e-24
   2.4295855e+02   9.4277004e-24
   2.4351882e+02   9.4296221e-24
   2.4408037e+02   9.4315525e-24
   2.4464322e+02   9.4334918e-24
   2.4520737e+02   9.4354398e-24
   2.4577282e+02   9.4373967e-24
   2.4633958e+02   9.4393625e-24
   2.4690764e+02   9.4413372e-24
   2.4747701e+02   9.4433209e-24
   2.4804769e+02   9.4453137e-24
   2.4861969e+02   9.4473155e-24
   2.4919301e+02   9.4493264e-24
   2.4976765e+02   9.4513465e-24
   2.5034362e+02   9.4533757e-24
   2.5092091e+02   9.4554142e-24
   2.5149954e+02   9.4574620e-24
   2.5207950e+02   9.4595191e-24
   2.5266080e+02   9.4615856e-24
   2.5324343e+02   9.4636614e-24
   2.5382742e+02   9.4657467e-24
   2.5441274e+02   9.4678415e-24
   2.5499942e+02   9.4699459e-24
   2.5558745e+02   9.4720598e-24
   2.5617684e+02   9.4741833e-24
   2.5676758e+02   9.4763165e-24
   2.5735969e+02   9.4784594e-24
   2.5795317e+02   9.4806121e-24
   2.5854801e+02   9.4827745e-24
   2.5914422e+02   9.4849468e-24
   2.5974181e+02   9.4871290e-24
   2.6034078e+02   9.4893211e-24
   2.6094112e+02   9.4915232e-24
   2.6154286e+02   9.4937353e-24
   2.6214598e+02   9.4959574e-24
   2.6275049e+02   9.4981897e-24
   2.6335639e+02   9.5004321e-24
   2.6396369e+02   9.5026847e-24
   2.6457240e+02   9.5049475e-24
   2.6518250e+02   9.5072207e-24
   2.6579401e+02   9.5095042e-24
   2.6640694e+02   9.5117980e-24
   2.6702127e+02   9.5141023e-24
   2.6763703e+02   9.5164170e-24
   2.6825420e+02   9.5187423e-24
   2.6887280e+02   9.5210781e-24
   2.6949282e+02   9.5234246e-24
   2.7011427e+02   9.5257817e-24
   2.7073716e+02   9.5281495e-24
   2.7136148e+02   9.5305280e-24
   2.7198724e+02   9.5329174e-24
   2.7261444e+02   9.5353176e-24
   2.7324310e+02   9.5377287e-24
   2.7387320e+02   9.5401507e-24
   2.7450475e+02   9.5425837e-24
   2.7513776e+02   9.5450278e-24
   2.7577223e+02   9.5474829e-24
   2.7640816e+02   9.5499492e-24
   2.7704556e+02   9.5524266e-24
   2.7768443e+02   9.5549153e-24
   2.7832477e+02   9.5574153e-24
   2.7896659e+02   9.5599266e-24
   2.7960989e+02   9.5624492e-24
   2.8025467e+02   9.5649833e-24
   2.8090094e+02   9.5675288e-24
   2.8154870e+02   9.5700859e-24
   2.8219796e+02   9.5726546e-24
   2.8284871e+02   9.5752348e-24
   2.8350096e+02   9.5778268e-24
   2.8415471e+02   9.5804304e-24
   2.8480998e+02   9.5830459e-24
   2.8546675e+02   9.5856731e-24
   2.8612504e+02   9.5883123e-24
   2.8678485e+02   9.5909633e-24
   2.8744617e+02   9.5936263e-24
   2.8810903e+02   9.5963014e-24
   2.8877341e+02   9.5989885e-24
   2.8943932e+02   9.6016878e-24
   2.9010677e+02   9.6043992e-24
   2.9077576e+02   9.6071229e-24
   2.9144629e+02   9.6098588e-24
   2.9211837e+02   9.6126071e-24
   2.9279200e+02   9.6153678e-24
   2.9346718e+02   9.6181409e-24
   2.9414391e+02   9.6209265e-24
   2.9482221e+02   9.6237246e-24
   2.9550207e+02   9.6265353e-24
   2.9618350e+02   9.6293587e-24
   2.9686651e+02   9.6321948e-24
   2.9755108e+02   9.6350436e-24
   2.9823724e+02   9.6379053e-24
   2.9892498e+02   9.6407798e-24
   2.9961430e+02   9.6436672e-24
   3.0030521e+02   9.6465676e-24
   3.0099772e+02   9.6494810e-24
   3.0169182e+02   9.6524075e-24
   3.0238752e+02   9.6553471e-24
   3.0308483e+02   9.6583000e-24
   3.0378375e+02   9.6612660e-24
   3.0448428e+02   9.6642454e-24
   3.0518642e+02   9.6672381e-24
   3.0589018e+02   9.6702442e-24
   3.0659557e+02   9.6732638e-24
   3.0730258e+02   9.6762969e-24
   3.0801122e+02   9.6793435e-24
   3.0872150e+02   9.6824038e-24
   3.0943341e+02   9.6854778e-24
   3.1014697e+02   9.6885655e-24
   3.1086217e+02   9.6916670e-24
   3.1157902e+02   9.6947824e-24
   3.1229752e+02   9.6979117e-24
   3.1301768e+02   9.7010550e-24
   3.1373950e+02   9.7042123e-24
   3.1446299e+02   9.7073836e-24
   3.1518814e+02   9.7105691e-24
   3.1591497e+02   9.7137688e-24
   3.1664347e+02   9.7169828e-24
   3.1737365e+02   9.7202111e-24
   3.1810552e+02   9.7234537e-24
   3.1883907e+02   9.7267108e-24
   3.1957432e+02   9.7299824e-24
   3.2031126e+02   9.7332685e-24
   3.2104990e+02   9.7365693e-24
   3.2179024e+02   9.7398847e-24
   3.2253229e+02   9.7432148e-24
   3.2327606e+02   9.7465597e-24
   3.2402153e+02   9.7499194e-24
   3.2476873e+02   9.7532941e-24
   3.2551765e+02   9.7566837e-24
   3.2626829e+02   9.7600884e-24
   3.2702067e+02   9.7635081e-24
   3.2777478e+02   9.7669430e-24
   3.2853063e+02   9.7703931e-24
   3.2928823e+02   9.7738584e-24
   3.3004757e+02   9.7773391e-24
   3.3080866e+02   9.7808352e-24
   3.3157151e+02   9.7843467e-24
   3.3233612e+02   9.7878738e-24
   3.3310249e+02   9.7914164e-24
   3.3387062e+02   9.7949746e-24
   3.3464053e+02   9.7985486e-24
   3.3541221e+02   9.8021383e-24
   3.3618568e+02   9.8057439e-24
   3.3696092e+02   9.8093653e-24
   3.3773796e+02   9.8130027e-24
   3.3851679e+02   9.8166561e-24
   3.3929741e+02   9.8203255e-24
   3.4007983e+02   9.8240111e-24
   3.4086406e+02   9.8277130e-24
   3.4165009e+02   9.8314310e-24
   3.4243794e+02   9.8351655e-24
   3.4322760e+02   9.8389163e-24
   3.4401909e+02   9.8426836e-24
   3.4481240e+02   9.8464674e-24
   3.4560754e+02   9.8502678e-24
   3.4640451e+02   9.8540848e-24
   3.4720333e+02   9.8579186e-24
   3.4800398e+02   9.8617691e-24
   3.4880648e+02   9.8656366e-24
   3.4961083e+02   9.8695209e-24
   3.5041703e+02   9.8734222e-24
   3.5122510e+02   9.8773406e-24
   3.5203503e+02   9.8812761e-24
   3.5284682e+02   9.8852287e-24
   3.5366049e+02   9.8891987e-24
   3.5447603e+02   9.8931859e-24
   3.5529346e+02   9.8971905e-24
   3.5611277e+02   9.9012126e-24
   3.5693397e+02   9.9052522e-24
   3.5775706e+02   9.9093094e-24
   3.5858205e+02   9.9133842e-24
   3.5940894e+02   9.9174768e-24
   3.6023774e+02   9.9215872e-24
   3.6106845e+02   9.9257154e-24
   3.6190108e+02   9.9298615e-24
   3.6273563e+02   9.9340257e-24
   3.6357210e+02   9.9382079e-24
   3.6441050e+02   9.9424083e-24
   3.6525083e+02   9.9466269e-24
   3.6609310e+02   9.9508637e-24
   3.6693731e+02   9.9551189e-24
   3.6778347e+02   9.9593925e-24
   3.6863159e+02   9.9636846e-24
   3.6948165e+02   9.9679953e-24
   3.7033368e+02   9.9723246e-24
   3.7118767e+02   9.9766726e-24
   3.7204364e+02   9.9810394e-24
   3.7290157e+02   9.9854250e-24
   3.7376148e+02   9.9898295e-24
   3.7462338e+02   9.9942531e-24
   3.7548727e+02   9.9986956e-24
   3.7635314e+02   1.0003157e-23
   3.7722102e+02   1.0007638e-23
   3.7809089e+02   1.0012138e-23
   3.7896277e+02   1.0016658e-23
   3.7983666e+02   1.0021197e-23
   3.8071257e+02   1.0025755e-23
   3.8159049e+02   1.0030334e-23
   3.8247044e+02   1.0034931e-23
   3.8335242e+02   1.0039549e-23
   3.8423644e+02   1.0044186e-23
   3.8512249e+02   1.0048843e-23
   3.8601059e+02   1.0053520e-23
   3.8690073e+02   1.0058217e-23
   3.8779292e+02   1.0062934e-23
   3.8868718e+02   1.0067671e-23
   3.8958349e+02   1.0072429e-23
   3.9048188e+02   1.0077207e-23
   3.9138233e+02   1.0082005e-23
   3.9228486e+02   1.0086824e-23
   3.9318947e+02   1.0091663e-23
   3.9409617e+02   1.0096523e-23
   3.9500496e+02   1.0101404e-23
   3.9591584e+02   1.0106305e-23
   3.9682883e+02   1.0111227e-23
   3.9774392e+02   1.0116171e-23
   3.9866112e+02   1.0121135e-23
   3.9958044e+02   1.0126120e-23
   4.0050187e+02   1.0131127e-23
   4.0142543e+02   1.0136154e-23
   4.0235112e+02   1.0141203e-23
   4.0327895e+02   1.0146274e-23
   4.0420891e+02   1.0151366e-23
   4.0514102e+02   1.0156479e-23
   4.0607528e+02   1.0161615e-23
   4.0701169e+02   1.0166772e-23
   4.0795026e+02   1.0171950e-23
   4.0889100e+02   1.0177151e-23
   4.0983390e+02   1.0182374e-23
   4.1077898e+02   1.0187618e-23
   4.1172624e+02   1.0192885e-23
   4.1267569e+02   1.0198174e-23
   4.1362732e+02   1.0203485e-23
   4.1458115e+02   1.0208819e-23
   4.1553718e+02   1.0214175e-23
   4.1649541e+02   1.0219554e-23
   4.1745585e+02   1.0224956e-23
   4.1841851e+02   1.0230380e-23
   4.1938338e+02   1.0235827e-23
   4.2035048e+02   1.0241296e-23
   4.2131982e+02   1.0246789e-23
   4.2229138e+02   1.0252305e-23
   4.2326519e+02   1.0257844e-23
   4.2424124e+02   1.0263407e-23
   4.2521955e+02   1.0268992e-23
   4.2620010e+02   1.0274601e-23
   4.2718293e+02   1.0280234e-23
   4.2816801e+02   1.0285890e-23
   4.2915537e+02   1.0291570e-23
   4.3014501e+02   1.0297274e-23
   4.3113692e+02   1.0303002e-23
   4.3213113e+02   1.0308753e-23
   4.3312763e+02   1.0314529e-23
   4.3412642e+02   1.0320329e-23
   4.3512752e+02   1.0326153e-23
   4.3613093e+02   1.0332002e-23
   4.3713665e+02   1.0337875e-23
   4.3814469e+02   1.0343773e-23
   4.3915506e+02   1.0349695e-23
   4.4016775e+02   1.0355643e-23
   4.4118278e+02   1.0361615e-23
   4.4220015e+02   1.0367613e-23
   4.4321987e+02   1.0373635e-23
   4.4424194e+02   1.0379684e-23
   4.4526636e+02   1.0385757e-23
   4.4629315e+02   1.0391857e-23
   4.4732231e+02   1.0397982e-23
   4.4835383e+02   1.0404133e-23
   4.4938774e+02   1.0410311e-23
   4.5042403e+02   1.0416515e-23
   4.5146271e+02   1.0422745e-23
   4.5250379e+02   1.0429003e-23
   4.5354727e+02   1.0435288e-23
   4.5459315e+02   1.0441601e-23
   4.5564145e+02   1.0447942e-23
   4.5669216e+02   1.0454311e-23
   4.5774529e+02   1.0460710e-23
   4.5880086e+02   1.0467138e-23
   4.5985886e+02   1.0473598e-23
   4.6091930e+02   1.0480089e-23
   4.6198218e+02   1.0486614e-23
   4.6304751e+02   1.0493174e-23
   4.6411530e+02   1.0499772e-23
   4.6518556e+02   1.0506412e-23
   4.6625828e+02   1.0513097e-23
   4.6733347e+02   1.0519834e-23
   4.6841115e+02   1.0526634e-23
   4.6949131e+02   1.0533510e-23
   4.7057396e+02   1.0540487e-23
   4.7165911e+02   1.0547603e-23
   4.7274676e+02   1.0554926e-23
   4.7383691e+02   1.0562585e-23
   4.7492958e+02   1.0570850e-23
   4.7602478e+02   1.0580371e-23
   4.7712249e+02   1.0593053e-23
   4.7822274e+02   1.0616714e-23
   4.7932553e+02   1.0717039e-23
   4.8043085e+02   4.1837307e-23
   4.8153873e+02   1.0710991e-23
   4.8264916e+02   1.0641020e-23
   4.8376216e+02   1.0633242e-23
   4.8487772e+02   1.0635066e-23
   4.8599585e+02   1.0639722e-23
   4.8711656e+02   1.0645516e-23
   4.8823985e+02   1.0651864e-23
   4.8936574e+02   1.0658519e-23
   4.9049422e+02   1.0665366e-23
   4.9162530e+02   1.0672343e-23
   4.9275899e+02   1.0679414e-23
   4.9389530e+02   1.0686559e-23
   4.9503423e+02   1.0693764e-23
   4.9617578e+02   1.0701021e-23
   4.9731996e+02   1.0708325e-23
   4.9846679e+02   1.0715670e-23
   4.9961626e+02   1.0723055e-23
   5.0076837e+02   1.0730477e-23
   5.0192315e+02   1.0737935e-23
   5.0308059e+02   1.0745428e-23
   5.0424070e+02   1.0752954e-23
   5.0540348e+02   1.0760514e-23
   5.0656894e+02   1.0768107e-23
   5.0773710e+02   1.0775732e-23
   5.0890794e+02   1.0783389e-23
   5.1008149e+02   1.0791079e-23
   5.1125774e+02   1.0798800e-23
   5.1243670e+02   1.0806554e-23
   5.1361839e+02   1.0814339e-23
   5.1480279e+02   1.0822156e-23
   5.1598993e+02   1.0830004e-23
   5.1717981e+02   1.0837884e-23
   5.1837243e+02   1.0845796e-23
   5.1956780e+02   1.0853740e-23
   5.2076593e+02   1.0861716e-23
   5.2196682e+02   1.0869724e-23
   5.2317048e+02   1.0877763e-23
   5.2437691e+02   1.0885835e-23
   5.2558613e+02   1.0893938e-23
   5.2679814e+02   1.0902074e-23
   5.2801294e+02   1.0910242e-23
   5.2923054e+02   1.0918443e-23
   5.3045095e+02   1.0926675e-23
   5.3167417e+02   1.0934941e-23
   5.3290022e+02   1.0943238e-23
   5.3412909e+02   1.0951569e-23
   5.3536079e+02   1.0959932e-23
   5.3659534e+02   1.0968329e-23
   5.3783273e+02   1.0976758e-23
   5.3907298e+02   1.0985220e-23
   5.4031609e+02   1.0993715e-23
   5.4156206e+02   1.1002244e-23
   5.4281090e+02   1.1010806e-23
   5.4406263e+02   1.1019401e-23
   5.4531724e+02   1.1028030e-23
   5.4657475e+02   1.1036693e-23
   5.4783515e+02   1.1045389e-23
   5.4909847e+02   1.1054119e-23
   5.5036469e+02   1.1062883e-23
   5.5163384e+02   1.1071682e-23
   5.5290591e+02   1.1080514e-23
   5.5418091e+02   1.1089381e-23
   5.5545886e+02   1.1098282e-23
   5.5673975e+02   1.1107217e-23
   5.5802360e+02   1.1116187e-23
   5.5931040e+02   1.1125192e-23
   5.6060018e+02   1.1134232e-23
   5.6189293e+02   1.1143306e-23
   5.6318866e+02   1.1152416e-23
   5.6448737e+02   1.1161561e-23
   5.6578909e+02   1.1170741e-23
   5.6709380e+02   1.1179956e-23
   5.6840152e+02   1.1189207e-23
   5.6971226e+02   1.1198493e-23
   5.7102602e+02   1.1207815e-23
   5.7234281e+02   1.1217173e-23
   5.7366264e+02   1.1226566e-23
   5.7498551e+02   1.1235996e-23
   5.7631143e+02   1.1245462e-23
   5.7764041e+02   1.1254964e-23
   5.7897245e+02   1.1264502e-23
   5.8030757e+02   1.1274077e-23
   5.8164576e+02   1.1283688e-23
   5.8298704e+02   1.1293336e-23
   5.8433141e+02   1.1303021e-23
   5.8567889e+02   1.1312743e-23
   5.8702947e+02   1.1322502e-23
   5.8838316e+02   1.1332297e-23
   5.8973998e+02   1.1342131e-23
   5.9109992e+02   1.1352001e-23
   5.9246300e+02   1.1361909e-23
   5.9382923e+02   1.1371854e-23
   5.9519860e+02   1.1381837e-23
   5.9657113e+02   1.1391858e-23
   5.9794683e+02   1.1401917e-23
   5.9932570e+02   1.1412014e-23
   6.0070775e+02   1.1422149e-23
   6.0209299e+02   1.1432322e-23
   6.0348142e+02   1.1442534e-23
   6.0487305e+02   1.1452784e-23
   6.0626789e+02   1.1463073e-23
   6.0766595e+02   1.1473400e-23
   6.0906723e+02   1.1483767e-23
   6.1047175e+02   1.1494172e-23
   6.1187950e+02   1.1504616e-23
   6.1329050e+02   1.1515100e-23
   6.1470475e+02   1.1525623e-23
   6.1612226e+02   1.1536185e-23
   6.1754305e+02   1.1546787e-23
   6.1896711e+02   1.1557428e-23
   6.2039445e+02   1.1568109e-23
   6.2182508e+02   1.1578831e-23
   6.2325902e+02   1.1589592e-23
   6.2469626e+02   1.1600393e-23
   6.2613681e+02   1.1611234e-23
   6.2758069e+02   1.1622116e-23
   6.2902789e+02   1.1633039e-23
   6.3047844e+02   1.1644002e-23
   6.3193232e+02   1.1655005e-23
   6.3338957e+02   1.1666050e-23
   6.3485017e+02   1.1677135e-23
   6.3631414e+02   1.1688262e-23
   6.3778148e+02   1.1699430e-23
   6.3925221e+02   1.1710639e-23
   6.4072633e+02   1.1721890e-23
   6.4220385e+02   1.1733182e-23
   6.4368478e+02   1.1744515e-23
   6.4516912e+02   1.1755891e-23
   6.4665688e+02   1.1767309e-23
   6.4814808e+02   1.1778768e-23
   6.4964271e+02   1.1790270e-23
   6.5114080e+02   1.1801814e-23
   6.5264233e+02   1.1813401e-23
   6.5414733e+02   1.1825030e-23
   6.5565580e+02   1.1836701e-23
   6.5716775e+02   1.1848416e-23
   6.5868318e+02   1.1860173e-23
   6.6020211e+02   1.1871974e-23
   6.6172454e+02   1.1883817e-23
   6.6325048e+02   1.1895704e-23
   6.6477994e+02   1.1907634e-23
   6.6631293e+02   1.1919608e-23
   6.6784945e+02   1.1931626e-23
   6.6938952e+02   1.1943687e-23
   6.7093314e+02   1.1955792e-23
   6.7248031e+02   1.1967941e-23
   6.7403106e+02   1.1980134e-23
   6.7558538e+02   1.1992372e-23
   6.7714328e+02   1.2004654e-23
   6.7870478e+02   1.2016980e-23
   6.8026988e+02   1.2029352e-23
   6.8183859e+02   1.2041767e-23
   6.8341091e+02   1.2054228e-23
   6.8498686e+02   1.2066734e-23
   6.8656645e+02   1.2079285e-23
   6.8814967e+02   1.2091881e-23
   6.8973655e+02   1.2104523e-23
   6.9132709e+02   1.2117210e-23
   6.9292130e+02   1.2129943e-23
   6.9451918e+02   1.2142722e-23
   6.9612074e+02   1.2155547e-23
   6.9772600e+02   1.2168417e-23
   6.9933497e+02   1.2181334e-23
   7.0094764e+02   1.2194298e-23
   7.0256403e+02   1.2207307e-23
   7.0418415e+02   1.2220363e-23
   7.0580800e+02   1.2233466e-23
   7.0743560e+02   1.2246616e-23
   7.0906695e+02   1.2259813e-23
   7.1070206e+02   1.2273056e-23
   7.1234095e+02   1.2286347e-23
   7.1398361e+02   1.2299686e-23
   7.1563006e+02   1.2313071e-23
   7.1728031e+02   1.2326505e-23
   7.1893437e+02   1.2339986e-23
   7.2059223e+02   1.2353515e-23
   7.2225393e+02   1.2367092e-23
   7.2391945e+02   1.2380717e-23
   7.2558881e+02   1.2394390e-23
   7.2726203e+02   1.2408112e-23
   7.2893910e+02   1.2421882e-23
   7.3062004e+02   1.2435701e-23
   7.3230485e+02   1.2449569e-23
   7.3399355e+02   1.2463485e-23
   7.3568615e+02   1.2477451e-23
   7.3738265e+02   1.2491466e-23
   7.3908306e+02   1.2505530e-23
   7.4078739e+02   1.2519643e-23
   7.4249565e+02   1.2533807e-23
   7.4420785e+02   1.2548020e-23
   7.4592400e+02   1.2562282e-23
   7.4764410e+02   1.2576595e-23
   7.4936818e+02   1.2590958e-23
   7.5109623e+02   1.2605371e-23
   7.5282826e+02   1.2619835e-23
   7.5456429e+02   1.2634349e-23
   7.5630432e+02   1.2648913e-23
   7.5804836e+02   1.2663529e-23
   7.5979643e+02   1.2678195e-23
   7.6154852e+02   1.2692912e-23
   7.6330466e+02   1.2707681e-23
   7.6506485e+02   1.2722501e-23
   7.6682909e+02   1.2737373e-23
   7.6859741e+02   1.2752296e-23
   7.7036980e+02   1.2767270e-23
   7.7214628e+02   1.2782297e-23
   7.7392685e+02   1.2797376e-23
   7.7571153e+02   1.2812507e-23
   7.7750033e+02   1.2827690e-23
   7.7929325e+02   1.2842925e-23
   7.8109031e+02   1.2858213e-23
   7.8289151e+02   1.2873554e-23
   7.8469686e+02   1.2888948e-23
   7.8650638e+02   1.2904395e-23
   7.8832007e+02   1.2919894e-23
   7.9013794e+02   1.2935447e-23
   7.9196000e+02   1.2951054e-23
   7.9378627e+02   1.2966714e-23
   7.9561675e+02   1.2982427e-23
   7.9745144e+02   1.2998195e-23
   7.9929037e+02   1.3014016e-23
   8.0113354e+02   1.3029892e-23
   8.0298096e+02   1.3045822e-23
   8.0483264e+02   1.3061806e-23
   8.0668859e+02   1.3077844e-23
   8.0854882e+02   1.3093938e-23
   8.1041334e+02   1.3110086e-23
   8.1228216e+02   1.3126289e-23
   8.1415529e+02   1.3142547e-23
   8.1603274e+02   1.3158860e-23
   8.1791452e+02   1.3175229e-23
   8.1980064e+02   1.3191653e-23
   8.2169110e+02   1.3208133e-23
   8.2358593e+02   1.3224668e-23
   8.2548512e+02   1.3241260e-23
   8.2738870e+02   1.3257908e-23
   8.2929666e+02   1.3274611e-23
   8.3120903e+02   1.3291372e-23
   8.3312580e+02   1.3308188e-23
   8.3504700e+02   1.3325062e-23
   8.3697262e+02   1.3341992e-23
   8.3890269e+02   1.3358979e-23
   8.4083720e+02   1.3376023e-23
   8.4277618e+02   1.3393124e-23
   8.4471963e+02   1.3410283e-23
   8.4666756e+02   1.3427499e-23
   8.4861998e+02   1.3444773e-23
   8.5057690e+02   1.3462105e-23
   8.5253834e+02   1.3479494e-23
   8.5450430e+02   1.3496942e-23
   8.5647479e+02   1.3514448e-23
   8.5844983e+02   1.3532012e-23
   8.6042942e+02   1.3549635e-23
   8.6241358e+02   1.3567317e-23
   8.6440231e+02   1.3585057e-23
   8.6639563e+02   1.3602857e-23
   8.6839354e+02   1.3620715e-23
   8.7039607e+02   1.3638633e-23
   8.7240321e+02   1.3656610e-23
   8.7441498e+02   1.3674647e-23
   8.7643138e+02   1.3692743e-23
   8.7845244e+02   1.3710899e-23
   8.8047816e+02   1.3729116e-23
   8.8250855e+02   1.3747392e-23
   8.8454362e+02   1.3765729e-23
   8.8658338e+02   1.3784126e-23
   8.8862785e+02   1.3802584e-23
   8.9067703e+02   1.3821102e-23
   8.9273094e+02   1.3839682e-23
   8.9478959e+02   1.3858322e-23
   8.9685298e+02   1.3877024e-23
   8.9892113e+02   1.3895787e-23
   9.0099405e+02   1.3914612e-23
   9.0307175e+02   1.3933498e-23
   9.0515424e+02   1.3952446e-23
   9.0724153e+02   1.3971456e-23
   9.0933364e+02   1.3990528e-23
   9.1143057e+02   1.4009662e-23
   9.1353233e+02   1.4028859e-23
   9.1563894e+02   1.4048119e-23
   9.1775041e+02   1.4067441e-23
   9.1986675e+02   1.4086826e-23
   9.2198797e+02   1.4106274e-23
   9.2411408e+02   1.4125786e-23
   9.2624510e+02   1.4145361e-23
   9.2838103e+02   1.4164999e-23
   9.3052188e+02   1.4184701e-23
   9.3266767e+02   1.4204468e-23
   9.3481841e+02   1.4224298e-23
   9.3697411e+02   1.4244193e-23
   9.3913478e+02   1.4264153e-23
   9.4130043e+02   1.4284179e-23
   9.4347108e+02   1.4304270e-23
   9.4564673e+02   1.4324429e-23
   9.4782740e+02   1.4344656e-23
   9.5001309e+02   1.4364957e-23
   9.5220383e+02   1.4385339e-23
   9.5439962e+02   1.4405831e-23
   9.5660047e+02   1.4426545e-23
   9.5880640e+02   1.4448537e-23
   9.6101742e+02   1.4587936e-23
   9.6323353e+02   1.4489123e-23
   9.6545475e+02   1.4509011e-23
   9.6768110e+02   1.4529642e-23
   9.6991258e+02   1.4550452e-23
   9.7214920e+02   1.4571362e-23
   9.7439099e+02   1.4592352e-23
   9.7663794e+02   1.4613415e-23
   9.7889008e+02   1.4634548e-23
   9.8114740e+02   1.4655751e-23
   9.8340994e+02   1.4677023e-23
   9.8567769e+02   1.4698363e-23
   9.8795067e+02   1.4719771e-23
   9.9022889e+02   1.4741247e-23
   9.9251237e+02   1.4762792e-23
   9.9480111e+02   1.4784405e-23
   9.9709513e+02   1.4806087e-23
   9.9939443e+02   1.4827837e-23
   1.0016990e+03   1.4849656e-23
   1.0040090e+03   1.4871543e-23
   1.0063242e+03   1.4893500e-23
   1.0086448e+03   1.4915526e-23
   1.0109708e+03   1.4937621e-23
   1.0133021e+03   1.4959786e-23
   1.0156387e+03   1.4982020e-23
   1.0179808e+03   1.5004325e-23
   1.0203283e+03   1.5026699e-23
   1.0226812e+03   1.5049143e-23
   1.0250395e+03   1.5071658e-23
   1.0274032e+03   1.5094243e-23
   1.0297724e+03   1.5116898e-23
   1.0321471e+03   1.5139625e-23
   1.0345272e+03   1.5162422e-23
   1.0369129e+03   1.5185290e-23
   1.0393040e+03   1.5208230e-23
   1.0417006e+03   1.5231241e-23
   1.0441028e+03   1.5254323e-23
   1.0465105e+03   1.5277478e-23
   1.0489238e+03   1.5300704e-23
   1.0513426e+03   1.5324002e-23
   1.0537670e+03   1.5347373e-23
   1.0561970e+03   1.5370816e-23
   1.0586326e+03   1.5394331e-23
   1.0610738e+03   1.5417920e-23
   1.0635207e+03   1.5441581e-23
   1.0659731e+03   1.5465315e-23
   1.0684313e+03   1.5489123e-23
   1.0708951e+03   1.5513004e-23
   1.0733646e+03   1.5536958e-23
   1.0758398e+03   1.5560986e-23
   1.0783207e+03   1.5585088e-23
   1.0808073e+03   1.5609265e-23
   1.0832996e+03   1.5633515e-23
   1.0857977e+03   1.5657840e-23
   1.0883016e+03   1.5682239e-23
   1.0908112e+03   1.5706714e-23
   1.0933266e+03   1.5731263e-23
   1.0958479e+03   1.5755887e-23
   1.0983749e+03   1.5780587e-23
   1.1009078e+03   1.5805361e-23
   1.1034465e+03   1.5830212e-23
   1.1059910e+03   1.5855138e-23
   1.1085414e+03   1.5880141e-23
   1.1110977e+03   1.5905219e-23
   1.1136599e+03   1.5930374e-23
   1.1162281e+03   1.5955605e-23
   1.1188021e+03   1.5980913e-23
   1.1213820e+03   1.6006297e-23
   1.1239680e+03   1.6031759e-23
   1.1265598e+03   1.6057298e-23
   1.1291577e+03   1.6082914e-23
   1.1317615e+03   1.6108608e-23
   1.1343714e+03   1.6134379e-23
   1.1369873e+03   1.6160228e-23
   1.1396092e+03   1.6186155e-23
   1.1422371e+03   1.6212161e-23
   1.1448711e+03   1.6238244e-23
   1.1475112e+03   1.6264407e-23
   1.1501574e+03   1.6290648e-23
   1.1528096e+03   1.6316968e-23
   1.1554680e+03   1.6343367e-23
   1.1581325e+03   1.6369845e-23
   1.1608032e+03   1.6396403e-23
   1.1634800e+03   1.6423041e-23
   1.1661630e+03   1.6449758e-23
   1.1688522e+03   1.6476555e-23
   1.1715476e+03   1.6503432e-23
   1.1742492e+03   1.6530390e-23
   1.1769570e+03   1.6557428e-23
   1.1796711e+03   1.6584547e-23
   1.1823914e+03   1.6611747e-23
   1.1851180e+03   1.6639028e-23
   1.1878509e+03   1.6666390e-23
   1.1905901e+03   1.6693833e-23
   1.1933356e+03   1.6721358e-23
   1.1960875e+03   1.6748965e-23
   1.1988456e+03   1.6776654e-23
   1.2016102e+03   1.6804425e-23
   1.2043811e+03   1.6832278e-23
   1.2071584e+03   1.6860214e-23
   1.2099421e+03   1.6888232e-23
   1.2127323e+03   1.6916333e-23
   1.2155288e+03   1.6944518e-23
   1.2183319e+03   1.6972785e-23
   1.2211413e+03   1.7001136e-23
   1.2239573e+03   1.7029571e-23
   1.2267798e+03   1.7058089e-23
   1.2296087e+03   1.7086692e-23
   1.2324442e+03   1.7115378e-23
   1.2352862e+03   1.7144149e-23
   1.2381348e+03   1.7173004e-23
   1.2409900e+03   1.7201944e-23
   1.2438517e+03   1.7230969e-23
   1.2467200e+03   1.7260080e-23
   1.2495950e+03   1.7289275e-23
   1.2524766e+03   1.7318556e-23
   1.2553648e+03   1.7347922e-23
   1.2582597e+03   1.7377374e-23
   1.2611612e+03   1.7406913e-23
   1.2640695e+03   1.7436537e-23
   1.2669844e+03   1.7466248e-23
   1.2699061e+03   1.7496046e-23
   1.2728345e+03   1.7525930e-23
   1.2757697e+03   1.7555901e-23
   1.2787116e+03   1.7585960e-23
   1.2816603e+03   1.7616106e-23
   1.2846158e+03   1.7646339e-23
   1.2875782e+03   1.7676660e-23
   1.2905473e+03   1.7707069e-23
   1.2935233e+03   1.7737566e-23
   1.2965062e+03   1.7768152e-23
   1.2994960e+03   1.7798825e-23
   1.3024926e+03   1.7829588e-23
   1.3054962e+03   1.7860440e-23
   1.3085067e+03   1.7891380e-23
   1.3115241e+03   1.7922410e-23
   1.3145485e+03   1.7953529e-23
   1.3175798e+03   1.7984738e-23
   1.3206182e+03   1.8016037e-23
   1.3236635e+03   1.8047426e-23
   1.3267159e+03   1.8078906e-23
   1.3297753e+03   1.8110475e-23
   1.3328418e+03   1.8142135e-23
   1.3359154e+03   1.8173887e-23
   1.3389960e+03   1.8205729e-23
   1.3420837e+03   1.8237662e-23
   1.3451786e+03   1.8269687e-23
   1.3482806e+03   1.8301804e-23
   1.3513897e+03   1.8334012e-23
   1.3545060e+03   1.8366312e-23
   1.3576295e+03   1.8398705e-23
   1.3607602e+03   1.8431190e-23
   1.3638982e+03   1.8463768e-23
   1.3670433e+03   1.8496438e-23
   1.3701957e+03   1.8529202e-23
   1.3733554e+03   1.8562059e-23
   1.3765224e+03   1.8595009e-23
   1.3796966e+03   1.8628053e-23
   1.3828782e+03   1.8661190e-23
   1.3860672e+03   1.8694422e-23
   1.3892634e+03   1.8727748e-23
   1.3924671e+03   1.8761169e-23
   1.3956781e+03   1.8794684e-23
   1.3988966e+03   1.8828294e-23
   1.4021224e+03   1.8861999e-23
   1.4053558e+03   1.8895799e-23
   1.4085965e+03   1.8929695e-23
   1.4118448e+03   1.8963687e-23
   1.4151005e+03   1.8997775e-23
   1.4183637e+03   1.9031959e-23
   1.4216345e+03   1.9066239e-23
   1.4249128e+03   1.9100617e-23
   1.4281986e+03   1.9135092e-23
   1.4314921e+03   1.9169668e-23
   1.4347931e+03   1.9204351e-23
   1.4381017e+03   1.9239212e-23
   1.4414180e+03   1.9291456e-23
   1.4447419e+03   1.9308998e-23
   1.4480735e+03   1.9343989e-23
   1.4514128e+03   1.9379132e-23
   1.4547598e+03   1.9414382e-23
   1.4581144e+03   1.9449732e-23
   1.4614769e+03   1.9485183e-23
   1.4648470e+03   1.9520733e-23
   1.4682250e+03   1.9556382e-23
   1.4716107e+03   1.9592131e-23
   1.4750043e+03   1.9627980e-23
   1.4784056e+03   1.9663929e-23
   1.4818149e+03   1.9699978e-23
   1.4852319e+03   1.9736127e-23
   1.4886569e+03   1.9772377e-23
   1.4920897e+03   1.9808727e-23
   1.4955305e+03   1.9845179e-23
   1.4989792e+03   1.9881732e-23
   1.5024359e+03   1.9918386e-23
   1.5059005e+03   1.9955142e-23
   1.5093731e+03   1.9991999e-23
   1.5128538e+03   2.0028959e-23
   1.5163424e+03   2.0066021e-23
   1.5198391e+03   2.0103185e-23
   1.5233439e+03   2.0140452e-23
   1.5268567e+03   2.0177822e-23
   1.5303776e+03   2.0215295e-23
   1.5339067e+03   2.0252872e-23
   1.5374439e+03   2.0290552e-23
   1.5409893e+03   2.0328336e-23
   1.5445428e+03   2.0366224e-23
   1.5481045e+03   2.0404216e-23
   1.5516745e+03   2.0442313e-23
   1.5552526e+03   2.0480514e-23
   1.5588391e+03   2.0518821e-23
   1.5624338e+03   2.0557232e-23
   1.5660367e+03   2.0595749e-23
   1.5696480e+03   2.0634372e-23
   1.5732677e+03   2.0673100e-23
   1.5768956e+03   2.0711934e-23
   1.5805320e+03   2.0750875e-23
   1.5841767e+03   2.0789922e-23
   1.5878298e+03   2.0829076e-23
   1.5914913e+03   2.0868337e-23
   1.5951613e+03   2.0907705e-23
   1.5988398e+03   2.0947180e-23
   1.6025267e+03   2.0986763e-23
   1.6062222e+03   2.1026454e-23
   1.6099261e+03   2.1066253e-23
   1.6136386e+03   2.1106161e-23
   1.6173597e+03   2.1146177e-23
   1.6210893e+03   2.1186302e-23
   1.6248276e+03   2.1226536e-23
   1.6285744e+03   2.1266879e-23
   1.6323300e+03   2.1307331e-23
   1.6360941e+03   2.1347894e-23
   1.6398670e+03   2.1388566e-23
   1.6436485e+03   2.1429349e-23
   1.6474388e+03   2.1470242e-23
   1.6512378e+03   2.1511245e-23
   1.6550456e+03   2.1552360e-23
   1.6588621e+03   2.1593586e-23
   1.6626874e+03   2.1634923e-23
   1.6665216e+03   2.1676372e-23
   1.6703646e+03   2.1717932e-23
   1.6742165e+03   2.1759605e-23
   1.6780773e+03   2.1801390e-23
   1.6819469e+03   2.1843288e-23
   1.6858255e+03   2.1885298e-23
   1.6897130e+03   2.1927422e-23
   1.6936095e+03   2.1969659e-23
   1.6975150e+03   2.2012009e-23
   1.7014295e+03   2.2054474e-23
   1.7053530e+03   2.2097052e-23
   1.7092855e+03   2.2139744e-23
   1.7132272e+03   2.2182551e-23
   1.7171779e+03   2.2225473e-23
   1.7211377e+03   2.2268510e-23
   1.7251067e+03   2.2311662e-23
   1.7290848e+03   2.2354930e-23
   1.7330721e+03   2.2398313e-23
   1.7370685e+03   2.2441812e-23
   1.7410742e+03   2.2485428e-23
   1.7450892e+03   2.2529160e-23
   1.7491133e+03   2.2573009e-23
   1.7531468e+03   2.2616975e-23
   1.7571896e+03   2.2661058e-23
   1.7612417e+03   2.2705258e-23
   1.7653031e+03   2.2749577e-23
   1.7693739e+03   2.2794013e-23
   1.7734541e+03   2.2838567e-23
   1.7775437e+03   2.2883240e-23
   1.7816427e+03   2.2928032e-23
   1.7857512e+03   2.2972943e-23
   1.7898692e+03   2.3017973e-23
   1.7939966e+03   2.3063123e-23
   1.7981336e+03   2.3108392e-23
   1.8022801e+03   2.3153781e-23
   1.8064362e+03   2.3199291e-23
   1.8106018e+03   2.3244921e-23
   1.8147771e+03   2.3290672e-23
   1.8189620e+03   2.3336544e-23
   1.8231565e+03   2.3382537e-23
   1.8273607e+03   2.3428652e-23
   1.8315746e+03   2.3474889e-23
   1.8357983e+03   2.3521247e-23
   1.8400316e+03   2.3567729e-23
   1.8442748e+03   2.3614332e-23
   1.8485277e+03   2.3661059e-23
   1.8527904e+03   2.3707909e-23
   1.8570629e+03   2.3754882e-23
   1.8613453e+03   2.3801979e-23
   1.8656376e+03   2.3849199e-23
   1.8699398e+03   2.3896544e-23
   1.8742519e+03   2.3944014e-23
   1.8785739e+03   2.3991608e-23
   1.8829059e+03   2.4039327e-23
   1.8872479e+03   2.4087172e-23
   1.8915999e+03   2.4135141e-23
   1.8959620e+03   2.4183237e-23
   1.9003341e+03   2.4231459e-23
   1.9047163e+03   2.4279808e-23
   1.9091086e+03   2.4328283e-23
   1.9135110e+03   2.4376888e-23
   1.9179235e+03   2.4425635e-23
   1.9223463e+03   2.4474957e-23
   1.9267792e+03   2.4523463e-23
   1.9312224e+03   2.4572566e-23
   1.9356758e+03   2.4621805e-23
   1.9401395e+03   2.4671172e-23
   1.9446135e+03   2.4720669e-23
   1.9490978e+03   2.4770295e-23
   1.9535924e+03   2.4820051e-23
   1.9580974e+03   2.4869936e-23
   1.9626128e+03   2.4919951e-23
   1.9671386e+03   2.4970097e-23
   1.9716748e+03   2.5020372e-23
   1.9762215e+03   2.5070779e-23
   1.9807787e+03   2.5121316e-23
   1.9853464e+03   2.5171985e-23
   1.9899246e+03   2.5222785e-23
   1.9945134e+03   2.5273718e-23
   1.9991128e+03   2.5324782e-23
   2.0037227e+03   2.5375979e-23
   2.0083433e+03   2.5427308e-23
   2.0129746e+03   2.5478770e-23
   2.0176165e+03   2.5530366e-23
   2.0222692e+03   2.5582095e-23
   2.0269325e+03   2.5633958e-23
   2.0316067e+03   2.5685956e-23
   2.0362916e+03   2.5738087e-23
   2.0409873e+03   2.5790354e-23
   2.0456938e+03   2.5842755e-23
   2.0504112e+03   2.5895291e-23
   2.0551394e+03   2.5947964e-23
   2.0598786e+03   2.6000772e-23
   2.0646287e+03   2.6053716e-23
   2.0693898e+03   2.6106796e-23
   2.0741618e+03   2.6160014e-23
   2.0789448e+03   2.6213368e-23
   2.0837389e+03   2.6266860e-23
   2.0885440e+03   2.6320489e-23
   2.0933602e+03   2.6374256e-23
   2.0981875e+03   2.6428162e-23
   2.1030259e+03   2.6482206e-23
   2.1078755e+03   2.6536388e-23
   2.1127363e+03   2.6590710e-23
   2.1176083e+03   2.6645171e-23
   2.1224915e+03   2.6699772e-23
   2.1273860e+03   2.6754513e-23
   2.1322918e+03   2.6809395e-23
   2.1372088e+03   2.6864416e-23
   2.1421373e+03   2.6919579e-23
   2.1470771e+03   2.6974883e-23
   2.1520282e+03   2.7030329e-23
   2.1569908e+03   2.7085916e-23
   2.1619649e+03   2.7141645e-23
   2.1669504e+03   2.7197517e-23
   2.1719474e+03   2.7253532e-23
   2.1769559e+03   2.7309689e-23
   2.1819760e+03   2.7365990e-23
   2.1870076e+03   2.7422435e-23
   2.1920509e+03   2.7479023e-23
   2.1971058e+03   2.7535756e-23
   2.2021723e+03   2.7592634e-23
   2.2072505e+03   2.7649656e-23
   2.2123405e+03   2.7706824e-23
   2.2174421e+03   2.7764137e-23
   2.2225556e+03   2.7821596e-23
   2.2276808e+03   2.7879201e-23
   2.2328179e+03   2.7936952e-23
   2.2379668e+03   2.7994850e-23
   2.2431275e+03   2.8052896e-23
   2.2483002e+03   2.8111089e-23
   2.2534848e+03   2.8169429e-23
   2.2586814e+03   2.8227918e-23
   2.2638899e+03   2.8286555e-23
   2.2691104e+03   2.8345340e-23
   2.2743430e+03   2.8404275e-23
   2.2795877e+03   2.8463359e-23
   2.2848444e+03   2.8522592e-23
   2.2901133e+03   2.8581976e-23
   2.2953943e+03   2.8641510e-23
   2.3006875e+03   2.8701194e-23
   2.3059929e+03   2.8761030e-23
   2.3113105e+03   2.8821017e-23
   2.3166404e+03   2.8881155e-23
   2.3219826e+03   2.8941445e-23
   2.3273371e+03   2.9001888e-23
   2.3327040e+03   2.9062483e-23
   2.3380832e+03   2.9123231e-23
   2.3434749e+03   2.9184132e-23
   2.3488789e+03   2.9245187e-23
   2.3542955e+03   2.9306396e-23
   2.3597245e+03   2.9367759e-23
   2.3651660e+03   2.9429277e-23
   2.3706201e+03   2.9490949e-23
   2.3760868e+03   2.9552777e-23
   2.3815661e+03   2.9614760e-23
   2.3870580e+03   2.9676900e-23
   2.3925626e+03   2.9739196e-23
   2.3980798e+03   2.9801654e-23
   2.4036098e+03   2.9864296e-23
   2.4091526e+03   2.9927024e-23
   2.4147081e+03   2.9989947e-23
   2.4202764e+03   3.0053028e-23
   2.4258576e+03   3.0116268e-23
   2.4314516e+03   3.0179667e-23
   2.4370586e+03   3.0243225e-23
   2.4426785e+03   3.0306942e-23
   2.4483113e+03   3.0370818e-23
   2.4539571e+03   3.0434855e-23
   2.4596160e+03   3.0499052e-23
   2.4652879e+03   3.0563410e-23
   2.4709728e+03   3.0627929e-23
   2.4766709e+03   3.0692609e-23
   2.4823821e+03   3.0757452e-23
   2.4881065e+03   3.0822456e-23
   2.4938441e+03   3.0887622e-23
   2.4995949e+03   3.0952952e-23
   2.5053590e+03   3.1018445e-23
   2.5111364e+03   3.1084101e-23
   2.5169271e+03   3.1149921e-23
   2.5227312e+03   3.1215905e-23
   2.5285486e+03   3.1282054e-23
   2.5343794e+03   3.1348368e-23
   2.5402237e+03   3.1414847e-23
   2.5460815e+03   3.1481492e-23
   2.5519528e+03   3.1548303e-23
   2.5578376e+03   3.1615280e-23
   2.5637360e+03   3.1682424e-23
   2.5696480e+03   3.1749735e-23
   2.5755736e+03   3.1817214e-23
   2.5815129e+03   3.1884860e-23
   2.5874659e+03   3.1952675e-23
   2.5934326e+03   3.2020658e-23
   2.5994131e+03   3.2088810e-23
   2.6054074e+03   3.2157131e-23
   2.6114155e+03   3.2225623e-23
   2.6174374e+03   3.2294284e-23
   2.6234732e+03   3.2363115e-23
   2.6295230e+03   3.2432118e-23
   2.6355867e+03   3.2501291e-23
   2.6416644e+03   3.2570636e-23
   2.6477561e+03   3.2640153e-23
   2.6538618e+03   3.2709842e-23
   2.6599816e+03   3.2779704e-23
   2.6661156e+03   3.2849739e-23
   2.6722637e+03   3.2919948e-23
   2.6784259e+03   3.2990330e-23
   2.6846024e+03   3.3060886e-23
   2.6907931e+03   3.3131617e-23
   2.6969981e+03   3.3202523e-23
   2.7032174e+03   3.3273604e-23
   2.7094510e+03   3.3344861e-23
   2.7156991e+03   3.3416293e-23
   2.7219615e+03   3.3487903e-23
   2.7282383e+03   3.3559689e-23
   2.7345297e+03   3.3631652e-23
   2.7408355e+03   3.3703793e-23
   2.7471559e+03   3.3776112e-23
   2.7534909e+03   3.3848610e-23
   2.7598405e+03   3.3921286e-23
   2.7662047e+03   3.3994141e-23
   2.7725836e+03   3.4067176e-23
   2.7789772e+03   3.4140391e-23
   2.7853855e+03   3.4213786e-23
   2.7918086e+03   3.4287362e-23
   2.7982465e+03   3.4361120e-23
   2.8046993e+03   3.4435058e-23
   2.8111670e+03   3.4509179e-23
   2.8176496e+03   3.4583482e-23
   2.8241471e+03   3.4657968e-23
   2.8306596e+03   3.4732636e-23
   2.8371871e+03   3.4807489e-23
   2.8437297e+03   3.4882525e-23
   2.8502873e+03   3.4957746e-23
   2.8568601e+03   3.5033151e-23
   2.8634481e+03   3.5108742e-23
   2.8700512e+03   3.5184518e-23
   2.8766696e+03   3.5260482e-23
   2.8833032e+03   3.5336679e-23
   2.8899521e+03   3.5412965e-23
   2.8966164e+03   3.5489486e-23
   2.9032960e+03   3.5566196e-23
   2.9099910e+03   3.5643094e-23
   2.9167015e+03   3.5720181e-23
   2.9234274e+03   3.5797456e-23
   2.9301688e+03   3.5874921e-23
   2.9369258e+03   3.5952575e-23
   2.9436984e+03   3.6030419e-23
   2.9504866e+03   3.6108454e-23
   2.9572904e+03   3.6186680e-23
   2.9641100e+03   3.6265097e-23
   2.9709452e+03   3.6343706e-23
   2.9777963e+03   3.6422507e-23
   2.9846631e+03   3.6501500e-23
   2.9915457e+03   3.6580687e-23
   2.9984443e+03   3.6660067e-23
   3.0053587e+03   3.6739641e-23
   3.0122891e+03   3.6819409e-23
   3.0192354e+03   3.6899372e-23
   3.0261978e+03   3.6979530e-23
   3.0331763e+03   3.7059884e-23
   3.0401708e+03   3.7140434e-23
   3.0471814e+03   3.7221180e-23
   3.0542083e+03   3.7302123e-23
   3.0612513e+03   3.7383264e-23
   3.0683106e+03   3.7464602e-23
   3.0753861e+03   3.7546138e-23
   3.0824780e+03   3.7627873e-23
   3.0895862e+03   3.7709807e-23
   3.0967108e+03   3.7791941e-23
   3.1038518e+03   3.7874274e-23
   3.1110093e+03   3.7956808e-23
   3.1181833e+03   3.8039543e-23
   3.1253739e+03   3.8122479e-23
   3.1325810e+03   3.8205616e-23
   3.1398048e+03   3.8288956e-23
   3.1470452e+03   3.8372499e-23
   3.1543023e+03   3.8456244e-23
   3.1615762e+03   3.8540193e-23
   3.1688668e+03   3.8624346e-23
   3.1761742e+03   3.8708703e-23
   3.1834985e+03   3.8793265e-23
   3.1908397e+03   3.8878033e-23
   3.1981978e+03   3.8963006e-23
   3.2055728e+03   3.9048185e-23
   3.2129649e+03   3.9133571e-23
   3.2203740e+03   3.9219164e-23
   3.2278002e+03   3.9304965e-23
   3.2352436e+03   3.9390974e-23
   3.2427041e+03   3.9477191e-23
   3.2501818e+03   3.9563617e-23
   3.2576767e+03   3.9650253e-23
   3.2651889e+03   3.9737098e-23
   3.2727185e+03   3.9824154e-23
   3.2802654e+03   3.9911420e-23
   3.2878297e+03   3.9998898e-23
   3.2954115e+03   4.0086588e-23
   3.3030107e+03   4.0174490e-23
   3.3106275e+03   4.0262604e-23
   3.3182618e+03   4.0350932e-23
   3.3259138e+03   4.0439473e-23
   3.3335833e+03   4.0528229e-23
   3.3412706e+03   4.0617198e-23
   3.3489756e+03   4.0706383e-23
   3.3566984e+03   4.0795785e-23
   3.3644389e+03   4.0885408e-23
   3.3721974e+03   4.0975234e-23
   3.3799737e+03   4.1065283e-23
   3.3877679e+03   4.1155551e-23
   3.3955801e+03   4.1246036e-23
   3.4034104e+03   4.1336739e-23
   3.4112587e+03   4.1427662e-23
   3.4191251e+03   4.1518804e-23
   3.4270096e+03   4.1610166e-23
   3.4349123e+03   4.1701748e-23
   3.4428332e+03   4.1793551e-23
   3.4507724e+03   4.1885575e-23
   3.4587299e+03   4.1977821e-23
   3.4667058e+03   4.2070289e-23
   3.4747000e+03   4.2162980e-23
   3.4827127e+03   4.2255895e-23
   3.4907439e+03   4.2349033e-23
   3.4987936e+03   4.2442395e-23
   3.5068618e+03   4.2535983e-23
   3.5149487e+03   4.2629795e-23
   3.5230542e+03   4.2723834e-23
   3.5311784e+03   4.2818098e-23
   3.5393213e+03   4.2912590e-23
   3.5474830e+03   4.3007309e-23
   3.5556635e+03   4.3102255e-23
   3.5638629e+03   4.3197430e-23
   3.5720812e+03   4.3292833e-23
   3.5803184e+03   4.3388466e-23
   3.5885747e+03   4.3484329e-23
   3.5968500e+03   4.3580422e-23
   3.6051443e+03   4.3676746e-23
   3.6134578e+03   4.3773302e-23
   3.6217905e+03   4.3870089e-23
   3.6301424e+03   4.3967108e-23
   3.6385135e+03   4.4064361e-23
   3.6469039e+03   4.4161847e-23
   3.6553137e+03   4.4259567e-23
   3.6637429e+03   4.4357521e-23
   3.6721915e+03   4.4455710e-23
   3.6806596e+03   4.4554135e-23
   3.6891472e+03   4.4652796e-23
   3.6976544e+03   4.4751694e-23
   3.7061813e+03   4.4850828e-23
   3.7147277e+03   4.4950201e-23
   3.7232939e+03   4.5049811e-23
   3.7318799e+03   4.5149660e-23
   3.7404856e+03   4.5249748e-23
   3.7491112e+03   4.5350076e-23
   3.7577567e+03   4.5450644e-23
   3.7664221e+03   4.5551454e-23
   3.7751075e+03   4.5652504e-23
   3.7838129e+03   4.5753796e-23
   3.7925384e+03   4.5855331e-23
   3.8012841e+03   4.5957109e-23
   3.8100498e+03   4.6059130e-23
   3.8188359e+03   4.6161396e-23
   3.8276421e+03   4.6263906e-23
   3.8364687e+03   4.6366661e-23
   3.8453156e+03   4.6469664e-23
   3.8541829e+03   4.6572909e-23
   3.8630707e+03   4.6676402e-23
   3.8719790e+03   4.6780143e-23
   3.8809078e+03   4.6884133e-23
   3.8898572e+03   4.6988370e-23
   3.8988272e+03   4.7092857e-23
   3.9078180e+03   4.7197593e-23
   3.9168294e+03   4.7302579e-23
   3.9258617e+03   4.7407816e-23
   3.9349147e+03   4.7513304e-23
   3.9439887e+03   4.7619044e-23
   3.9530835e+03   4.7725036e-23
   3.9621994e+03   4.7831281e-23
   3.9713362e+03   4.7937780e-23
   3.9804942e+03   4.8044533e-23
   3.9896732e+03   4.8151540e-23
   3.9988734e+03   4.8258803e-23
   4.0080949e+03   4.8366322e-23
   4.0173376e+03   4.8474096e-23
   4.0266016e+03   4.8582128e-23
   4.0358870e+03   4.8690417e-23
   4.0451937e+03   4.8798964e-23
   4.0545220e+03   4.8907770e-23
   4.0638718e+03   4.9016835e-23
   4.0732431e+03   4.9126160e-23
   4.0826360e+03   4.9235746e-23
   4.0920506e+03   4.9345592e-23
   4.1014869e+03   4.9455700e-23
   4.1109450e+03   4.9566070e-23
   4.1204248e+03   4.9676702e-23
   4.1299266e+03   4.9787598e-23
   4.1394502e+03   4.9898758e-23
   4.1489958e+03   5.0010183e-23
   4.1585634e+03   5.0121872e-23
   4.1681531e+03   5.0233827e-23
   4.1777649e+03   5.0346049e-23
   4.1873988e+03   5.0458537e-23
   4.1970550e+03   5.0571293e-23
   4.2067335e+03   5.0684317e-23
   4.2164342e+03   5.0797609e-23
   4.2261574e+03   5.0911171e-23
   4.2359029e+03   5.1025003e-23
   4.2456709e+03   5.1139105e-23
   4.2554615e+03   5.1253479e-23
   4.2652746e+03   5.1368124e-23
   4.2751104e+03   5.1483041e-23
   4.2849688e+03   5.1598231e-23
   4.2948500e+03   5.1713695e-23
   4.3047539e+03   5.1829433e-23
   4.3146807e+03   5.1945446e-23
   4.3246304e+03   5.2061740e-23
   4.3346030e+03   5.2178298e-23
   4.3445987e+03   5.2295139e-23
   4.3546173e+03   5.2412257e-23
   4.3646591e+03   5.2529653e-23
   4.3747241e+03   5.2647327e-23
   4.3848122e+03   5.2765280e-23
   4.3949236e+03   5.2883514e-23
   4.4050583e+03   5.3002027e-23
   4.4152164e+03   5.3120822e-23
   4.4253980e+03   5.3239898e-23
   4.4356030e+03   5.3359257e-23
   4.4458315e+03   5.3478898e-23
   4.4560836e+03   5.3598823e-23
   4.4663594e+03   5.3719032e-23
   4.4766588e+03   5.3839526e-23
   4.4869821e+03   5.3960305e-23
   4.4973291e+03   5.4081371e-23
   4.5076999e+03   5.4202723e-23
   4.5180947e+03   5.4324363e-23
   4.5285135e+03   5.4446290e-23
   4.5389563e+03   5.4568507e-23
   4.5494231e+03   5.4691012e-23
   4.5599142e+03   5.4813808e-23
   4.5704294e+03   5.4936894e-23
   4.5809688e+03   5.5060272e-23
   4.5915325e+03   5.5183942e-23
   4.6021207e+03   5.5307904e-23
   4.6127332e+03   5.5432159e-23
   4.6233702e+03   5.5556708e-23
   4.6340317e+03   5.5681552e-23
   4.6447178e+03   5.5806691e-23
   4.6554286e+03   5.5932126e-23
   4.6661640e+03   5.6057858e-23
   4.6769242e+03   5.6183887e-23
   4.6877093e+03   5.6310214e-23
   4.6985192e+03   5.6436839e-23
   4.7093540e+03   5.6563764e-23
   4.7202138e+03   5.6690988e-23
   4.7310986e+03   5.6818514e-23
   4.7420086e+03   5.6946340e-23
   4.7529437e+03   5.7074469e-23
   4.7639040e+03   5.7202900e-23
   4.7748896e+03   5.7331634e-23
   4.7859005e+03   5.7460673e-23
   4.7969369e+03   5.7590016e-23
   4.8079986e+03   5.7719665e-23
   4.8190859e+03   5.7849619e-23
   4.8301988e+03   5.7979881e-23
   4.8413372e+03   5.8110449e-23
   4.8525014e+03   5.8241326e-23
   4.8636913e+03   5.8372512e-23
   4.8749070e+03   5.8504008e-23
   4.8861486e+03   5.8635813e-23
   4.8974161e+03   5.8767930e-23
   4.9087096e+03   5.8900358e-23
   4.9200291e+03   5.9033099e-23
   4.9313747e+03   5.9166153e-23
   4.9427465e+03   5.9299520e-23
   4.9541445e+03   5.9433202e-23
   4.9655688e+03   5.9567199e-23
   4.9770194e+03   5.9701512e-23
   4.9884965e+03   5.9836142e-23
   5.0000000e+03   5.9971089e-23
