   5.0000000e+00   2.7074101e-40
   5.0115300e+00   2.5715717e-40
   5.0230867e+00   2.4430726e-40
   5.0346699e+00   2.3215955e-40
   5.0462799e+00   2.2068765e-40
   5.0579167e+00   2.0985866e-40
   5.0695803e+00   1.9950039e-40
   5.0812708e+00   1.8888481e-40
   5.0929882e+00   1.7837331e-40
   5.1047327e+00   1.6941133e-40
   5.1165042e+00   1.6119451e-40
   5.1283029e+00   1.5336728e-40
   5.1401288e+00   1.4590284e-40
   5.1519820e+00   1.3879453e-40
   5.1638625e+00   1.3203252e-40
   5.1757704e+00   1.2560422e-40
   5.1877058e+00   1.1949548e-40
   5.1996687e+00   1.1369163e-40
   5.2116592e+00   1.0817802e-40
   5.2236773e+00   1.0294033e-40
   5.2357231e+00   9.7964729e-41
   5.2477968e+00   9.3237954e-41
   5.2598982e+00   8.8747326e-41
   5.2720276e+00   8.4480762e-41
   5.2841849e+00   8.0426777e-41
   5.2963703e+00   7.6574464e-41
   5.3085838e+00   7.2913470e-41
   5.3208254e+00   6.9433980e-41
   5.3330953e+00   6.6126687e-41
   5.3453934e+00   6.2982772e-41
   5.3577199e+00   5.9993877e-41
   5.3700749e+00   5.7152083e-41
   5.3824583e+00   5.4449889e-41
   5.3948703e+00   5.1880186e-41
   5.4073109e+00   4.9436241e-41
   5.4197802e+00   4.7111673e-41
   5.4322783e+00   4.4900437e-41
   5.4448051e+00   4.2796804e-41
   5.4573609e+00   4.0795346e-41
   5.4699456e+00   3.8890917e-41
   5.4825594e+00   3.7078642e-41
   5.4952022e+00   3.5353899e-41
   5.5078742e+00   3.3712304e-41
   5.5205754e+00   3.2149704e-41
   5.5333058e+00   3.0662161e-41
   5.5460657e+00   2.9245938e-41
   5.5588550e+00   2.7897493e-41
   5.5716737e+00   2.6613466e-41
   5.5845220e+00   2.5390669e-41
   5.5974000e+00   2.4226080e-41
   5.6103076e+00   2.3116828e-41
   5.6232451e+00   2.2060192e-41
   5.6362123e+00   2.1053589e-41
   5.6492094e+00   2.0094566e-41
   5.6622366e+00   1.9180796e-41
   5.6752937e+00   1.8310070e-41
   5.6883810e+00   1.7480291e-41
   5.7014985e+00   1.6689466e-41
   5.7146461e+00   1.5935704e-41
   5.7278242e+00   1.5217210e-41
   5.7410326e+00   1.4532277e-41
   5.7542714e+00   1.3879286e-41
   5.7675408e+00   1.3256695e-41
   5.7808408e+00   1.2663043e-41
   5.7941715e+00   1.2096941e-41
   5.8075329e+00   1.1557067e-41
   5.8209251e+00   1.1042165e-41
   5.8343482e+00   1.0551044e-41
   5.8478023e+00   1.0082570e-41
   5.8612873e+00   9.6356627e-42
   5.8748035e+00   9.2092988e-42
   5.8883508e+00   8.8025034e-42
   5.9019294e+00   8.4143494e-42
   5.9155393e+00   8.0439555e-42
   5.9291806e+00   7.6904834e-42
   5.9428533e+00   7.3531355e-42
   5.9565576e+00   7.0311533e-42
   5.9702935e+00   6.7238149e-42
   5.9840610e+00   6.4304336e-42
   5.9978603e+00   6.1503560e-42
   6.0116914e+00   5.8829602e-42
   6.0255544e+00   5.6276543e-42
   6.0394494e+00   5.3838749e-42
   6.0533764e+00   5.1510859e-42
   6.0673355e+00   4.9287766e-42
   6.0813269e+00   4.7164611e-42
   6.0953505e+00   4.5136765e-42
   6.1094064e+00   4.3199822e-42
   6.1234947e+00   4.1349585e-42
   6.1376155e+00   3.9582057e-42
   6.1517689e+00   3.7893431e-42
   6.1659550e+00   3.6280081e-42
   6.1801737e+00   3.4738553e-42
   6.1944252e+00   3.3265555e-42
   6.2087096e+00   3.1857951e-42
   6.2230269e+00   3.0512754e-42
   6.2373773e+00   2.9227116e-42
   6.2517607e+00   2.7998324e-42
   6.2661773e+00   2.6823791e-42
   6.2806272e+00   2.5701053e-42
   6.2951104e+00   2.4627761e-42
   6.3096269e+00   2.3601673e-42
   6.3241770e+00   2.2620654e-42
   6.3387606e+00   2.1682670e-42
   6.3533778e+00   2.0785777e-42
   6.3680288e+00   1.9928125e-42
   6.3827135e+00   1.9107948e-42
   6.3974321e+00   1.8323563e-42
   6.4121846e+00   1.7573364e-42
   6.4269711e+00   1.6855818e-42
   6.4417918e+00   1.6169466e-42
   6.4566466e+00   1.5512912e-42
   6.4715357e+00   1.4884827e-42
   6.4864591e+00   1.4283943e-42
   6.5014169e+00   1.3709048e-42
   6.5164092e+00   1.3158987e-42
   6.5314361e+00   1.2632658e-42
   6.5464977e+00   1.2129009e-42
   6.5615939e+00   1.1647036e-42
   6.5767250e+00   1.1185781e-42
   6.5918910e+00   1.0744327e-42
   6.6070920e+00   1.0321804e-42
   6.6223280e+00   9.9173755e-43
   6.6375991e+00   9.5302472e-43
   6.6529055e+00   9.1596589e-43
   6.6682471e+00   8.8048851e-43
   6.6836241e+00   8.4652331e-43
   6.6990366e+00   8.1400414e-43
   6.7144846e+00   7.8286782e-43
   6.7299683e+00   7.5305403e-43
   6.7454877e+00   7.2450515e-43
   6.7610428e+00   6.9716616e-43
   6.7766338e+00   6.7098448e-43
   6.7922608e+00   6.4590992e-43
   6.8079238e+00   6.2189452e-43
   6.8236229e+00   5.9889246e-43
   6.8393582e+00   5.7685997e-43
   6.8551299e+00   5.5575524e-43
   6.8709378e+00   5.3553832e-43
   6.8867823e+00   5.1617104e-43
   6.9026632e+00   4.9761694e-43
   6.9185808e+00   4.7984115e-43
   6.9345351e+00   4.6281039e-43
   6.9505262e+00   4.4649283e-43
   6.9665542e+00   4.3085808e-43
   6.9826191e+00   4.1587707e-43
   6.9987211e+00   4.0152203e-43
   7.0148602e+00   3.8776643e-43
   7.0310365e+00   3.7458491e-43
   7.0472502e+00   3.6195323e-43
   7.0635012e+00   3.4984823e-43
   7.0797897e+00   3.3824777e-43
   7.0961157e+00   3.2713070e-43
   7.1124794e+00   3.1647679e-43
   7.1288808e+00   3.0626672e-43
   7.1453201e+00   2.9648203e-43
   7.1617972e+00   2.8710507e-43
   7.1783124e+00   2.7811897e-43
   7.1948656e+00   2.6950763e-43
   7.2114571e+00   2.6125564e-43
   7.2280867e+00   2.5334830e-43
   7.2447548e+00   2.4577154e-43
   7.2614612e+00   2.3851195e-43
   7.2782062e+00   2.3155669e-43
   7.2949898e+00   2.2489353e-43
   7.3118121e+00   2.1851075e-43
   7.3286732e+00   2.1239720e-43
   7.3455732e+00   2.0654222e-43
   7.3625121e+00   2.0093563e-43
   7.3794901e+00   1.9556772e-43
   7.3965073e+00   1.9042924e-43
   7.4135637e+00   1.8551135e-43
   7.4306594e+00   1.8080563e-43
   7.4477946e+00   1.7630406e-43
   7.4649693e+00   1.7199902e-43
   7.4821835e+00   1.6788321e-43
   7.4994375e+00   1.6394974e-43
   7.5167313e+00   1.6019201e-43
   7.5340649e+00   1.5660380e-43
   7.5514385e+00   1.5317916e-43
   7.5688522e+00   1.4991248e-43
   7.5863060e+00   1.4679843e-43
   7.6038001e+00   1.4383200e-43
   7.6213345e+00   1.4100842e-43
   7.6389094e+00   1.3832322e-43
   7.6565248e+00   1.3577220e-43
   7.6741808e+00   1.3335141e-43
   7.6918775e+00   1.3105716e-43
   7.7096150e+00   1.2888601e-43
   7.7273934e+00   1.2683478e-43
   7.7452129e+00   1.2490052e-43
   7.7630734e+00   1.2308054e-43
   7.7809751e+00   1.2137238e-43
   7.7989181e+00   1.1977383e-43
   7.8169025e+00   1.1828293e-43
   7.8349283e+00   1.1689795e-43
   7.8529957e+00   1.1561744e-43
   7.8711048e+00   1.1444016e-43
   7.8892556e+00   1.1336518e-43
   7.9074483e+00   1.1239181e-43
   7.9256829e+00   1.1151965e-43
   7.9439596e+00   1.1074859e-43
   7.9622784e+00   1.1007880e-43
   7.9806395e+00   1.0951081e-43
   7.9990429e+00   1.0904545e-43
   8.0174888e+00   1.0868394e-43
   8.0359772e+00   1.0842788e-43
   8.0545082e+00   1.0827926e-43
   8.0730819e+00   1.0824054e-43
   8.0916985e+00   1.0831467e-43
   8.1103581e+00   1.0850512e-43
   8.1290606e+00   1.0881595e-43
   8.1478063e+00   1.0925186e-43
   8.1665952e+00   1.0981827e-43
   8.1854274e+00   1.1052138e-43
   8.2043031e+00   1.1136831e-43
   8.2232223e+00   1.1236713e-43
   8.2421851e+00   1.1352705e-43
   8.2611916e+00   1.1485857e-43
   8.2802420e+00   1.1637362e-43
   8.2993363e+00   1.1808575e-43
   8.3184746e+00   1.2001045e-43
   8.3376571e+00   1.2216535e-43
   8.3568838e+00   1.2457060e-43
   8.3761548e+00   1.2724929e-43
   8.3954703e+00   1.3022789e-43
   8.4148303e+00   1.3353689e-43
   8.4342350e+00   1.3721149e-43
   8.4536844e+00   1.4129247e-43
   8.4731786e+00   1.4582725e-43
   8.4927179e+00   1.5087126e-43
   8.5123021e+00   1.5648949e-43
   8.5319316e+00   1.6275862e-43
   8.5516063e+00   1.6976956e-43
   8.5713263e+00   1.7763077e-43
   8.5910919e+00   1.8647243e-43
   8.6109030e+00   1.9645193e-43
   8.6307598e+00   2.0776101e-43
   8.6506624e+00   2.2063516e-43
   8.6706109e+00   2.3536607e-43
   8.6906054e+00   2.5231950e-43
   8.7106460e+00   2.7195765e-43
   8.7307328e+00   2.9487288e-43
   8.7508660e+00   3.2183409e-43
   8.7710455e+00   3.5385444e-43
   8.7912716e+00   3.9229140e-43
   8.8115444e+00   4.3899837e-43
   8.8318638e+00   4.9656080e-43
   8.8522302e+00   5.6867529e-43
   8.8726435e+00   6.6078027e-43
   8.8931039e+00   7.8114948e-43
   8.9136114e+00   9.4288284e-43
   8.9341663e+00   1.1677489e-42
   8.9547686e+00   1.4941509e-42
   8.9754183e+00   1.9951905e-42
   8.9961157e+00   2.8246719e-42
   9.0168608e+00   4.3542428e-42
   9.0376538e+00   7.6871867e-42
   9.0584947e+00   1.7452004e-41
   9.0793836e+00   7.5094967e-41
   9.1003208e+00   8.0894277e-39
   9.1213062e+00   5.1112472e-41
   9.1423400e+00   1.3697007e-41
   9.1634223e+00   6.2356527e-42
   9.1845532e+00   3.6106321e-42
   9.2057328e+00   2.4833802e-42
   9.2269613e+00   2.1504289e-42
   9.2482388e+00   3.5479924e-42
   9.2695653e+00   1.5361772e-39
   9.2909410e+00   3.0622093e-42
   9.3123660e+00   1.0910790e-42
   9.3338403e+00   6.6674094e-43
   9.3553642e+00   4.8288072e-43
   9.3769378e+00   3.7690486e-43
   9.3985611e+00   3.0650189e-43
   9.4202342e+00   2.5584277e-43
   9.4419574e+00   2.1753284e-43
   9.4637306e+00   1.8756940e-43
   9.4855540e+00   1.6355458e-43
   9.5074278e+00   1.4394433e-43
   9.5293520e+00   1.2769026e-43
   9.5513267e+00   1.1405142e-43
   9.5733522e+00   1.0248757e-43
   9.5954284e+00   9.2594835e-44
   9.6175555e+00   8.4065073e-44
   9.6397337e+00   7.6659155e-44
   9.6619630e+00   7.0188782e-44
   9.6842435e+00   6.4503804e-44
   9.7065755e+00   5.9483156e-44
   9.7289589e+00   5.5028273e-44
   9.7513940e+00   5.1058202e-44
   9.7738808e+00   4.7505930e-44
   9.7964194e+00   4.4315581e-44
   9.8190100e+00   4.1440259e-44
   9.8416527e+00   3.8840366e-44
   9.8643477e+00   3.6482284e-44
   9.8870949e+00   3.4337320e-44
   9.9098946e+00   3.2380865e-44
   9.9327469e+00   3.0591724e-44
   9.9556519e+00   2.8951559e-44
   9.9786097e+00   2.7444445e-44
   1.0001620e+01   2.6056589e-44
   1.0024684e+01   2.4776336e-44
   1.0047801e+01   2.3591721e-44
   1.0070972e+01   2.2493804e-44
   1.0094195e+01   2.1474627e-44
   1.0117473e+01   2.0527025e-44
   1.0140804e+01   1.9644368e-44
   1.0164188e+01   1.8820782e-44
   1.0187627e+01   1.8051030e-44
   1.0211120e+01   1.7330456e-44
   1.0234667e+01   1.6655008e-44
   1.0258268e+01   1.6020943e-44
   1.0281924e+01   1.5424865e-44
   1.0305634e+01   1.4863718e-44
   1.0329399e+01   1.4334819e-44
   1.0353218e+01   1.3835695e-44
   1.0377093e+01   1.3364077e-44
   1.0401023e+01   1.2917903e-44
   1.0425007e+01   1.2495336e-44
   1.0449048e+01   1.2094700e-44
   1.0473143e+01   1.1714434e-44
   1.0497294e+01   1.1353111e-44
   1.0521501e+01   1.1009446e-44
   1.0545764e+01   1.0682270e-44
   1.0570082e+01   1.0370484e-44
   1.0594457e+01   1.0073081e-44
   1.0618888e+01   9.7891400e-45
   1.0643375e+01   9.5178273e-45
   1.0667919e+01   9.2583548e-45
   1.0692519e+01   9.0099945e-45
   1.0717176e+01   8.7720787e-45
   1.0741890e+01   8.5439982e-45
   1.0766661e+01   8.3251771e-45
   1.0791489e+01   8.1150807e-45
   1.0816374e+01   7.9132157e-45
   1.0841317e+01   7.7191300e-45
   1.0866317e+01   7.5323955e-45
   1.0891375e+01   7.3526129e-45
   1.0916491e+01   7.1794124e-45
   1.0941664e+01   7.0124531e-45
   1.0966896e+01   6.8514118e-45
   1.0992185e+01   6.6959861e-45
   1.1017533e+01   6.5458947e-45
   1.1042940e+01   6.4008769e-45
   1.1068405e+01   6.2606853e-45
   1.1093929e+01   6.1250877e-45
   1.1119512e+01   5.9938672e-45
   1.1145153e+01   5.8668221e-45
   1.1170854e+01   5.7437603e-45
   1.1196614e+01   5.6245011e-45
   1.1222434e+01   5.5088757e-45
   1.1248313e+01   5.3967255e-45
   1.1274251e+01   5.2878997e-45
   1.1300250e+01   5.1822562e-45
   1.1326308e+01   5.0796617e-45
   1.1352427e+01   4.9799904e-45
   1.1378606e+01   4.8831225e-45
   1.1404845e+01   4.7889449e-45
   1.1431144e+01   4.6973511e-45
   1.1457505e+01   4.6082401e-45
   1.1483926e+01   4.5215158e-45
   1.1510408e+01   4.4370872e-45
   1.1536951e+01   4.3548683e-45
   1.1563555e+01   4.2747773e-45
   1.1590221e+01   4.1967360e-45
   1.1616948e+01   4.1206706e-45
   1.1643737e+01   4.0465108e-45
   1.1670587e+01   3.9741897e-45
   1.1697500e+01   3.9036432e-45
   1.1724474e+01   3.8348106e-45
   1.1751511e+01   3.7676341e-45
   1.1778610e+01   3.7020582e-45
   1.1805772e+01   3.6380301e-45
   1.1832996e+01   3.5754993e-45
   1.1860283e+01   3.5144176e-45
   1.1887633e+01   3.4547389e-45
   1.1915046e+01   3.3964190e-45
   1.1942522e+01   3.3394156e-45
   1.1970061e+01   3.2836884e-45
   1.1997664e+01   3.2291983e-45
   1.2025331e+01   3.1759083e-45
   1.2053062e+01   3.1237826e-45
   1.2080856e+01   3.0727871e-45
   1.2108715e+01   3.0228886e-45
   1.2136637e+01   2.9740556e-45
   1.2164625e+01   2.9262577e-45
   1.2192676e+01   2.8794657e-45
   1.2220793e+01   2.8336514e-45
   1.2248974e+01   2.7887877e-45
   1.2277220e+01   2.7448486e-45
   1.2305532e+01   2.7018087e-45
   1.2333908e+01   2.6596441e-45
   1.2362350e+01   2.6183312e-45
   1.2390858e+01   2.5778475e-45
   1.2419431e+01   2.5381712e-45
   1.2448071e+01   2.4992814e-45
   1.2476776e+01   2.4611577e-45
   1.2505548e+01   2.4237805e-45
   1.2534386e+01   2.3871309e-45
   1.2563290e+01   2.3511905e-45
   1.2592261e+01   2.3159416e-45
   1.2621299e+01   2.2813670e-45
   1.2650404e+01   2.2474502e-45
   1.2679576e+01   2.2141750e-45
   1.2708815e+01   2.1815259e-45
   1.2738121e+01   2.1494878e-45
   1.2767496e+01   2.1180460e-45
   1.2796938e+01   2.0871865e-45
   1.2826447e+01   2.0568953e-45
   1.2856025e+01   2.0271592e-45
   1.2885671e+01   1.9979653e-45
   1.2915386e+01   1.9693010e-45
   1.2945169e+01   1.9411542e-45
   1.2975020e+01   1.9135128e-45
   1.3004941e+01   1.8863656e-45
   1.3034930e+01   1.8597013e-45
   1.3064989e+01   1.8335091e-45
   1.3095117e+01   1.8077784e-45
   1.3125314e+01   1.7824989e-45
   1.3155582e+01   1.7576608e-45
   1.3185918e+01   1.7332543e-45
   1.3216325e+01   1.7092700e-45
   1.3246802e+01   1.6856987e-45
   1.3277349e+01   1.6625315e-45
   1.3307967e+01   1.6397598e-45
   1.3338655e+01   1.6173750e-45
   1.3369414e+01   1.5953690e-45
   1.3400244e+01   1.5737337e-45
   1.3431145e+01   1.5524613e-45
   1.3462118e+01   1.5315443e-45
   1.3493162e+01   1.5109752e-45
   1.3524277e+01   1.4907468e-45
   1.3555464e+01   1.4708521e-45
   1.3586723e+01   1.4512843e-45
   1.3618054e+01   1.4320366e-45
   1.3649457e+01   1.4131026e-45
   1.3680933e+01   1.3944759e-45
   1.3712481e+01   1.3761503e-45
   1.3744103e+01   1.3581198e-45
   1.3775797e+01   1.3403785e-45
   1.3807564e+01   1.3229206e-45
   1.3839404e+01   1.3057406e-45
   1.3871318e+01   1.2888330e-45
   1.3903305e+01   1.2721925e-45
   1.3935366e+01   1.2558138e-45
   1.3967501e+01   1.2396919e-45
   1.3999710e+01   1.2238217e-45
   1.4031994e+01   1.2081986e-45
   1.4064352e+01   1.1928177e-45
   1.4096784e+01   1.1776744e-45
   1.4129292e+01   1.1627642e-45
   1.4161874e+01   1.1480827e-45
   1.4194531e+01   1.1336256e-45
   1.4227264e+01   1.1193887e-45
   1.4260072e+01   1.1053679e-45
   1.4292956e+01   1.0915592e-45
   1.4325916e+01   1.0779587e-45
   1.4358951e+01   1.0645625e-45
   1.4392063e+01   1.0513668e-45
   1.4425251e+01   1.0383681e-45
   1.4458516e+01   1.0255628e-45
   1.4491858e+01   1.0129472e-45
   1.4525276e+01   1.0005181e-45
   1.4558771e+01   9.8827210e-46
   1.4592344e+01   9.7620588e-46
   1.4625994e+01   9.6431628e-46
   1.4659722e+01   9.5260014e-46
   1.4693527e+01   9.4105443e-46
   1.4727410e+01   9.2967613e-46
   1.4761372e+01   9.1846233e-46
   1.4795412e+01   9.0741015e-46
   1.4829530e+01   8.9651679e-46
   1.4863727e+01   8.8577950e-46
   1.4898003e+01   8.7519560e-46
   1.4932358e+01   8.6476245e-46
   1.4966792e+01   8.5447749e-46
   1.5001306e+01   8.4433818e-46
   1.5035899e+01   8.3434206e-46
   1.5070572e+01   8.2448672e-46
   1.5105324e+01   8.1476979e-46
   1.5140157e+01   8.0518895e-46
   1.5175071e+01   7.9574194e-46
   1.5210065e+01   7.8642652e-46
   1.5245139e+01   7.7724052e-46
   1.5280295e+01   7.6818182e-46
   1.5315531e+01   7.5924831e-46
   1.5350849e+01   7.5043795e-46
   1.5386248e+01   7.4174873e-46
   1.5421729e+01   7.3317870e-46
   1.5457291e+01   7.2472591e-46
   1.5492936e+01   7.1638849e-46
   1.5528663e+01   7.0816458e-46
   1.5564472e+01   7.0005236e-46
   1.5600364e+01   6.9205006e-46
   1.5636338e+01   6.8415593e-46
   1.5672396e+01   6.7636826e-46
   1.5708537e+01   6.6868537e-46
   1.5744761e+01   6.6110563e-46
   1.5781068e+01   6.5362741e-46
   1.5817459e+01   6.4624913e-46
   1.5853935e+01   6.3896924e-46
   1.5890494e+01   6.3178623e-46
   1.5927137e+01   6.2469859e-46
   1.5963866e+01   6.1770485e-46
   1.6000678e+01   6.1080359e-46
   1.6037576e+01   6.0399339e-46
   1.6074559e+01   5.9727286e-46
   1.6111627e+01   5.9064065e-46
   1.6148780e+01   5.8409542e-46
   1.6186020e+01   5.7763587e-46
   1.6223345e+01   5.7126070e-46
   1.6260756e+01   5.6496865e-46
   1.6298253e+01   5.5875849e-46
   1.6335837e+01   5.5262900e-46
   1.6373508e+01   5.4657899e-46
   1.6411265e+01   5.4060728e-46
   1.6449110e+01   5.3471271e-46
   1.6487041e+01   5.2889417e-46
   1.6525061e+01   5.2315053e-46
   1.6563168e+01   5.1748070e-46
   1.6601362e+01   5.1188362e-46
   1.6639645e+01   5.0635823e-46
   1.6678016e+01   5.0090348e-46
   1.6716476e+01   4.9551838e-46
   1.6755024e+01   4.9020191e-46
   1.6793662e+01   4.8495309e-46
   1.6832388e+01   4.7977097e-46
   1.6871203e+01   4.7465458e-46
   1.6910109e+01   4.6960300e-46
   1.6949103e+01   4.6461531e-46
   1.6988188e+01   4.5969060e-46
   1.7027363e+01   4.5482800e-46
   1.7066628e+01   4.5002664e-46
   1.7105984e+01   4.4528564e-46
   1.7145431e+01   4.4060418e-46
   1.7184968e+01   4.3598143e-46
   1.7224597e+01   4.3141656e-46
   1.7264317e+01   4.2690879e-46
   1.7304128e+01   4.2245731e-46
   1.7344032e+01   4.1806137e-46
   1.7384027e+01   4.1372018e-46
   1.7424115e+01   4.0943301e-46
   1.7464295e+01   4.0519912e-46
   1.7504568e+01   4.0101778e-46
   1.7544934e+01   3.9688828e-46
   1.7585392e+01   3.9280991e-46
   1.7625945e+01   3.8878198e-46
   1.7666590e+01   3.8480381e-46
   1.7707329e+01   3.8087474e-46
   1.7748163e+01   3.7699410e-46
   1.7789090e+01   3.7316125e-46
   1.7830112e+01   3.6937554e-46
   1.7871228e+01   3.6563636e-46
   1.7912439e+01   3.6194307e-46
   1.7953746e+01   3.5829507e-46
   1.7995147e+01   3.5469176e-46
   1.8036644e+01   3.5113256e-46
   1.8078237e+01   3.4761687e-46
   1.8119925e+01   3.4414413e-46
   1.8161710e+01   3.4071377e-46
   1.8203591e+01   3.3732525e-46
   1.8245569e+01   3.3397800e-46
   1.8287643e+01   3.3067150e-46
   1.8329814e+01   3.2740521e-46
   1.8372083e+01   3.2417861e-46
   1.8414449e+01   3.2099119e-46
   1.8456913e+01   3.1784244e-46
   1.8499475e+01   3.1473186e-46
   1.8542135e+01   3.1165896e-46
   1.8584893e+01   3.0862325e-46
   1.8627750e+01   3.0562426e-46
   1.8670706e+01   3.0266152e-46
   1.8713761e+01   2.9973457e-46
   1.8756915e+01   2.9684293e-46
   1.8800168e+01   2.9398618e-46
   1.8843522e+01   2.9116386e-46
   1.8886975e+01   2.8837554e-46
   1.8930528e+01   2.8562078e-46
   1.8974182e+01   2.8289917e-46
   1.9017937e+01   2.8021028e-46
   1.9061792e+01   2.7755370e-46
   1.9105749e+01   2.7492902e-46
   1.9149807e+01   2.7233585e-46
   1.9193967e+01   2.6977379e-46
   1.9238228e+01   2.6724245e-46
   1.9282592e+01   2.6474144e-46
   1.9327057e+01   2.6227039e-46
   1.9371626e+01   2.5982893e-46
   1.9416297e+01   2.5741668e-46
   1.9461071e+01   2.5503328e-46
   1.9505948e+01   2.5267838e-46
   1.9550929e+01   2.5035163e-46
   1.9596014e+01   2.4805267e-46
   1.9641202e+01   2.4578116e-46
   1.9686495e+01   2.4353676e-46
   1.9731892e+01   2.4131915e-46
   1.9777394e+01   2.3912798e-46
   1.9823001e+01   2.3696294e-46
   1.9868713e+01   2.3482371e-46
   1.9914530e+01   2.3270997e-46
   1.9960454e+01   2.3062141e-46
   2.0006482e+01   2.2855773e-46
   2.0052618e+01   2.2651861e-46
   2.0098859e+01   2.2450376e-46
   2.0145207e+01   2.2251288e-46
   2.0191662e+01   2.2054569e-46
   2.0238224e+01   2.1860190e-46
   2.0284894e+01   2.1668122e-46
   2.0331671e+01   2.1478338e-46
   2.0378556e+01   2.1290809e-46
   2.0425549e+01   2.1105509e-46
   2.0472650e+01   2.0922411e-46
   2.0519861e+01   2.0741488e-46
   2.0567180e+01   2.0562714e-46
   2.0614608e+01   2.0386064e-46
   2.0662145e+01   2.0211512e-46
   2.0709792e+01   2.0039032e-46
   2.0757549e+01   1.9868600e-46
   2.0805416e+01   1.9700192e-46
   2.0853394e+01   1.9533784e-46
   2.0901482e+01   1.9369350e-46
   2.0949681e+01   1.9206869e-46
   2.0997991e+01   1.9046317e-46
   2.1046412e+01   1.8887670e-46
   2.1094945e+01   1.8730907e-46
   2.1143591e+01   1.8576004e-46
   2.1192348e+01   1.8422940e-46
   2.1241218e+01   1.8271694e-46
   2.1290200e+01   1.8122243e-46
   2.1339295e+01   1.7974566e-46
   2.1388504e+01   1.7828643e-46
   2.1437826e+01   1.7684452e-46
   2.1487262e+01   1.7541974e-46
   2.1536812e+01   1.7401188e-46
   2.1586476e+01   1.7262074e-46
   2.1636254e+01   1.7124613e-46
   2.1686148e+01   1.6988785e-46
   2.1736156e+01   1.6854571e-46
   2.1786280e+01   1.6721952e-46
   2.1836519e+01   1.6590909e-46
   2.1886874e+01   1.6461425e-46
   2.1937346e+01   1.6333480e-46
   2.1987933e+01   1.6207058e-46
   2.2038638e+01   1.6082139e-46
   2.2089459e+01   1.5958707e-46
   2.2140397e+01   1.5836743e-46
   2.2191453e+01   1.5716232e-46
   2.2242627e+01   1.5597157e-46
   2.2293919e+01   1.5479499e-46
   2.2345328e+01   1.5363244e-46
   2.2396857e+01   1.5248374e-46
   2.2448504e+01   1.5134874e-46
   2.2500271e+01   1.5022728e-46
   2.2552157e+01   1.4911920e-46
   2.2604162e+01   1.4802434e-46
   2.2656287e+01   1.4694256e-46
   2.2708533e+01   1.4587370e-46
   2.2760899e+01   1.4481761e-46
   2.2813386e+01   1.4377414e-46
   2.2865994e+01   1.4274316e-46
   2.2918723e+01   1.4172451e-46
   2.2971574e+01   1.4071805e-46
   2.3024546e+01   1.3972364e-46
   2.3077641e+01   1.3874115e-46
   2.3130858e+01   1.3777043e-46
   2.3184198e+01   1.3681136e-46
   2.3237661e+01   1.3586379e-46
   2.3291247e+01   1.3492760e-46
   2.3344957e+01   1.3400265e-46
   2.3398791e+01   1.3308881e-46
   2.3452748e+01   1.3218596e-46
   2.3506831e+01   1.3129398e-46
   2.3561038e+01   1.3041273e-46
   2.3615370e+01   1.2954209e-46
   2.3669827e+01   1.2868195e-46
   2.3724410e+01   1.2783218e-46
   2.3779118e+01   1.2699266e-46
   2.3833953e+01   1.2616328e-46
   2.3888914e+01   1.2534392e-46
   2.3944002e+01   1.2453447e-46
   2.3999217e+01   1.2373481e-46
   2.4054560e+01   1.2294483e-46
   2.4110030e+01   1.2216441e-46
   2.4165628e+01   1.2139347e-46
   2.4221354e+01   1.2063187e-46
   2.4277208e+01   1.1987952e-46
   2.4333192e+01   1.1913631e-46
   2.4389304e+01   1.1840214e-46
   2.4445546e+01   1.1767690e-46
   2.4501918e+01   1.1696049e-46
   2.4558420e+01   1.1625282e-46
   2.4615051e+01   1.1555378e-46
   2.4671814e+01   1.1486327e-46
   2.4728707e+01   1.1418120e-46
   2.4785732e+01   1.1350747e-46
   2.4842888e+01   1.1284199e-46
   2.4900176e+01   1.1218465e-46
   2.4957596e+01   1.1153538e-46
   2.5015148e+01   1.1089408e-46
   2.5072833e+01   1.1026065e-46
   2.5130652e+01   1.0963501e-46
   2.5188603e+01   1.0901708e-46
   2.5246688e+01   1.0840675e-46
   2.5304907e+01   1.0780395e-46
   2.5363261e+01   1.0720859e-46
   2.5421748e+01   1.0662059e-46
   2.5480371e+01   1.0603986e-46
   2.5539129e+01   1.0546632e-46
   2.5598023e+01   1.0489988e-46
   2.5657052e+01   1.0434048e-46
   2.5716217e+01   1.0378802e-46
   2.5775519e+01   1.0324244e-46
   2.5834957e+01   1.0270364e-46
   2.5894533e+01   1.0217156e-46
   2.5954246e+01   1.0164612e-46
   2.6014097e+01   1.0112724e-46
   2.6074085e+01   1.0061484e-46
   2.6134212e+01   1.0010887e-46
   2.6194478e+01   9.9609234e-47
   2.6254883e+01   9.9115870e-47
   2.6315427e+01   9.8628706e-47
   2.6376110e+01   9.8147671e-47
   2.6436934e+01   9.7672696e-47
   2.6497898e+01   9.7203711e-47
   2.6559002e+01   9.6740650e-47
   2.6620247e+01   9.6283444e-47
   2.6681634e+01   9.5832028e-47
   2.6743162e+01   9.5386336e-47
   2.6804832e+01   9.4946303e-47
   2.6866644e+01   9.4511865e-47
   2.6928599e+01   9.4082958e-47
   2.6990696e+01   9.3659519e-47
   2.7052937e+01   9.3241488e-47
   2.7115321e+01   9.2828801e-47
   2.7177849e+01   9.2421400e-47
   2.7240522e+01   9.2019223e-47
   2.7303338e+01   9.1622211e-47
   2.7366300e+01   9.1230306e-47
   2.7429407e+01   9.0843450e-47
   2.7492659e+01   9.0461586e-47
   2.7556058e+01   9.0084656e-47
   2.7619602e+01   8.9712605e-47
   2.7683293e+01   8.9345378e-47
   2.7747131e+01   8.8982919e-47
   2.7811116e+01   8.8625175e-47
   2.7875249e+01   8.8272091e-47
   2.7939529e+01   8.7923616e-47
   2.8003958e+01   8.7579695e-47
   2.8068536e+01   8.7240279e-47
   2.8133262e+01   8.6905315e-47
   2.8198137e+01   8.6574753e-47
   2.8263162e+01   8.6248542e-47
   2.8328338e+01   8.5926634e-47
   2.8393663e+01   8.5608978e-47
   2.8459139e+01   8.5295528e-47
   2.8524766e+01   8.4986234e-47
   2.8590544e+01   8.4681050e-47
   2.8656474e+01   8.4379928e-47
   2.8722556e+01   8.4082822e-47
   2.8788791e+01   8.3789687e-47
   2.8855178e+01   8.3500477e-47
   2.8921718e+01   8.3215147e-47
   2.8988412e+01   8.2933653e-47
   2.9055259e+01   8.2655951e-47
   2.9122261e+01   8.2381998e-47
   2.9189417e+01   8.2111751e-47
   2.9256728e+01   8.1845168e-47
   2.9324194e+01   8.1582206e-47
   2.9391816e+01   8.1322824e-47
   2.9459594e+01   8.1066981e-47
   2.9527528e+01   8.0814637e-47
   2.9595619e+01   8.0565751e-47
   2.9663866e+01   8.0320284e-47
   2.9732272e+01   8.0078197e-47
   2.9800834e+01   7.9839450e-47
   2.9869555e+01   7.9604006e-47
   2.9938435e+01   7.9371826e-47
   3.0007473e+01   7.9142873e-47
   3.0076670e+01   7.8917110e-47
   3.0146028e+01   7.8694500e-47
   3.0215544e+01   7.8475007e-47
   3.0285222e+01   7.8258595e-47
   3.0355060e+01   7.8045228e-47
   3.0425059e+01   7.7834871e-47
   3.0495219e+01   7.7627489e-47
   3.0565541e+01   7.7423049e-47
   3.0636026e+01   7.7221516e-47
   3.0706673e+01   7.7022856e-47
   3.0777482e+01   7.6827037e-47
   3.0848456e+01   7.6634025e-47
   3.0919592e+01   7.6443788e-47
   3.0990893e+01   7.6256293e-47
   3.1062358e+01   7.6071510e-47
   3.1133988e+01   7.5889406e-47
   3.1205784e+01   7.5709950e-47
   3.1277744e+01   7.5533112e-47
   3.1349871e+01   7.5358860e-47
   3.1422164e+01   7.5187166e-47
   3.1494624e+01   7.5017999e-47
   3.1567251e+01   7.4851330e-47
   3.1640045e+01   7.4687129e-47
   3.1713007e+01   7.4525368e-47
   3.1786138e+01   7.4366018e-47
   3.1859437e+01   7.4209052e-47
   3.1932905e+01   7.4054440e-47
   3.2006542e+01   7.3902157e-47
   3.2080350e+01   7.3752173e-47
   3.2154327e+01   7.3604463e-47
   3.2228475e+01   7.3459000e-47
   3.2302794e+01   7.3315757e-47
   3.2377285e+01   7.3174708e-47
   3.2451947e+01   7.3035828e-47
   3.2526782e+01   7.2899090e-47
   3.2601789e+01   7.2764470e-47
   3.2676969e+01   7.2631943e-47
   3.2752322e+01   7.2501483e-47
   3.2827849e+01   7.2373067e-47
   3.2903550e+01   7.2246671e-47
   3.2979426e+01   7.2122269e-47
   3.3055477e+01   7.1999840e-47
   3.3131703e+01   7.1879358e-47
   3.3208105e+01   7.1760802e-47
   3.3284683e+01   7.1644148e-47
   3.3361438e+01   7.1529374e-47
   3.3438370e+01   7.1416457e-47
   3.3515479e+01   7.1305376e-47
   3.3592766e+01   7.1196107e-47
   3.3670231e+01   7.1088630e-47
   3.3747875e+01   7.0982924e-47
   3.3825698e+01   7.0878966e-47
   3.3903700e+01   7.0776736e-47
   3.3981882e+01   7.0676214e-47
   3.4060245e+01   7.0577378e-47
   3.4138788e+01   7.0480209e-47
   3.4217512e+01   7.0384686e-47
   3.4296418e+01   7.0290790e-47
   3.4375506e+01   7.0198500e-47
   3.4454776e+01   7.0107799e-47
   3.4534229e+01   7.0018665e-47
   3.4613865e+01   6.9931081e-47
   3.4693685e+01   6.9845028e-47
   3.4773689e+01   6.9760487e-47
   3.4853877e+01   6.9677439e-47
   3.4934251e+01   6.9595867e-47
   3.5014809e+01   6.9515752e-47
   3.5095554e+01   6.9437077e-47
   3.5176484e+01   6.9359824e-47
   3.5257602e+01   6.9283976e-47
   3.5338906e+01   6.9209515e-47
   3.5420398e+01   6.9136425e-47
   3.5502077e+01   6.9064688e-47
   3.5583945e+01   6.8994289e-47
   3.5666002e+01   6.8925210e-47
   3.5748248e+01   6.8857436e-47
   3.5830684e+01   6.8790950e-47
   3.5913310e+01   6.8725736e-47
   3.5996126e+01   6.8661778e-47
   3.6079134e+01   6.8599062e-47
   3.6162332e+01   6.8537571e-47
   3.6245723e+01   6.8477290e-47
   3.6329306e+01   6.8418205e-47
   3.6413082e+01   6.8360300e-47
   3.6497050e+01   6.8303561e-47
   3.6581213e+01   6.8247973e-47
   3.6665569e+01   6.8193521e-47
   3.6750120e+01   6.8140192e-47
   3.6834867e+01   6.8087971e-47
   3.6919808e+01   6.8036844e-47
   3.7004945e+01   6.7986798e-47
   3.7090279e+01   6.7937819e-47
   3.7175810e+01   6.7889893e-47
   3.7261537e+01   6.7843007e-47
   3.7347463e+01   6.7797148e-47
   3.7433586e+01   6.7752303e-47
   3.7519908e+01   6.7708459e-47
   3.7606429e+01   6.7665602e-47
   3.7693150e+01   6.7623722e-47
   3.7780071e+01   6.7582804e-47
   3.7867192e+01   6.7542837e-47
   3.7954514e+01   6.7503808e-47
   3.8042037e+01   6.7465706e-47
   3.8129763e+01   6.7428518e-47
   3.8217690e+01   6.7392233e-47
   3.8305821e+01   6.7356838e-47
   3.8394154e+01   6.7322323e-47
   3.8482691e+01   6.7288677e-47
   3.8571433e+01   6.7255886e-47
   3.8660379e+01   6.7223942e-47
   3.8749530e+01   6.7192831e-47
   3.8838886e+01   6.7162544e-47
   3.8928449e+01   6.7133070e-47
   3.9018219e+01   6.7104398e-47
   3.9108195e+01   6.7076518e-47
   3.9198379e+01   6.7049418e-47
   3.9288770e+01   6.7023090e-47
   3.9379371e+01   6.6997521e-47
   3.9470180e+01   6.6972703e-47
   3.9561198e+01   6.6948626e-47
   3.9652427e+01   6.6925279e-47
   3.9743865e+01   6.6902653e-47
   3.9835515e+01   6.6880738e-47
   3.9927376e+01   6.6859524e-47
   4.0019449e+01   6.6839003e-47
   4.0111734e+01   6.6819164e-47
   4.0204232e+01   6.6799999e-47
   4.0296943e+01   6.6781499e-47
   4.0389868e+01   6.6763653e-47
   4.0483008e+01   6.6746455e-47
   4.0576362e+01   6.6729894e-47
   4.0669931e+01   6.6713961e-47
   4.0763716e+01   6.6698649e-47
   4.0857718e+01   6.6683949e-47
   4.0951936e+01   6.6669852e-47
   4.1046372e+01   6.6656351e-47
   4.1141025e+01   6.6643435e-47
   4.1235896e+01   6.6631099e-47
   4.1330987e+01   6.6619333e-47
   4.1426296e+01   6.6608130e-47
   4.1521826e+01   6.6597481e-47
   4.1617575e+01   6.6587379e-47
   4.1713546e+01   6.6577816e-47
   4.1809737e+01   6.6568785e-47
   4.1906151e+01   6.6560278e-47
   4.2002787e+01   6.6552288e-47
   4.2099646e+01   6.6544807e-47
   4.2196728e+01   6.6537828e-47
   4.2294034e+01   6.6531343e-47
   4.2391564e+01   6.6525347e-47
   4.2489319e+01   6.6519831e-47
   4.2587300e+01   6.6514788e-47
   4.2685507e+01   6.6510213e-47
   4.2783940e+01   6.6506098e-47
   4.2882600e+01   6.6502436e-47
   4.2981488e+01   6.6499220e-47
   4.3080603e+01   6.6496445e-47
   4.3179947e+01   6.6494103e-47
   4.3279521e+01   6.6492189e-47
   4.3379324e+01   6.6490696e-47
   4.3479357e+01   6.6489617e-47
   4.3579620e+01   6.6488947e-47
   4.3680115e+01   6.6488679e-47
   4.3780842e+01   6.6488807e-47
   4.3881801e+01   6.6489326e-47
   4.3982993e+01   6.6490229e-47
   4.4084418e+01   6.6491511e-47
   4.4186077e+01   6.6493165e-47
   4.4287970e+01   6.6495187e-47
   4.4390099e+01   6.6497570e-47
   4.4492463e+01   6.6500309e-47
   4.4595062e+01   6.6503398e-47
   4.4697899e+01   6.6506832e-47
   4.4800973e+01   6.6510606e-47
   4.4904284e+01   6.6514714e-47
   4.5007834e+01   6.6519151e-47
   4.5111622e+01   6.6523912e-47
   4.5215650e+01   6.6528991e-47
   4.5319918e+01   6.6534384e-47
   4.5424426e+01   6.6540086e-47
   4.5529175e+01   6.6546091e-47
   4.5634165e+01   6.6552395e-47
   4.5739398e+01   6.6558993e-47
   4.5844873e+01   6.6565880e-47
   4.5950592e+01   6.6573051e-47
   4.6056554e+01   6.6580502e-47
   4.6162761e+01   6.6588228e-47
   4.6269213e+01   6.6596225e-47
   4.6375910e+01   6.6604487e-47
   4.6482853e+01   6.6613011e-47
   4.6590043e+01   6.6621793e-47
   4.6697480e+01   6.6630827e-47
   4.6805165e+01   6.6640109e-47
   4.6913098e+01   6.6649636e-47
   4.7021280e+01   6.6659404e-47
   4.7129711e+01   6.6669407e-47
   4.7238393e+01   6.6679642e-47
   4.7347325e+01   6.6690104e-47
   4.7456508e+01   6.6700791e-47
   4.7565943e+01   6.6711698e-47
   4.7675631e+01   6.6722820e-47
   4.7785571e+01   6.6734155e-47
   4.7895765e+01   6.6745698e-47
   4.8006213e+01   6.6757445e-47
   4.8116916e+01   6.6769394e-47
   4.8227874e+01   6.6781540e-47
   4.8339087e+01   6.6793879e-47
   4.8450558e+01   6.6806408e-47
   4.8562285e+01   6.6819124e-47
   4.8674270e+01   6.6832023e-47
   4.8786513e+01   6.6845102e-47
   4.8899015e+01   6.6858356e-47
   4.9011777e+01   6.6871784e-47
   4.9124798e+01   6.6885380e-47
   4.9238081e+01   6.6899143e-47
   4.9351624e+01   6.6913069e-47
   4.9465429e+01   6.6927155e-47
   4.9579497e+01   6.6941397e-47
   4.9693828e+01   6.6955793e-47
   4.9808422e+01   6.6970339e-47
   4.9923280e+01   6.6985033e-47
   5.0038404e+01   6.6999871e-47
   5.0153793e+01   6.7014850e-47
   5.0269448e+01   6.7029968e-47
   5.0385370e+01   6.7045221e-47
   5.0501559e+01   6.7060607e-47
   5.0618016e+01   6.7076123e-47
   5.0734741e+01   6.7091766e-47
   5.0851736e+01   6.7107533e-47
   5.0969000e+01   6.7123422e-47
   5.1086535e+01   6.7139430e-47
   5.1204341e+01   6.7155554e-47
   5.1322419e+01   6.7171793e-47
   5.1440769e+01   6.7188142e-47
   5.1559392e+01   6.7204599e-47
   5.1678288e+01   6.7221163e-47
   5.1797458e+01   6.7237831e-47
   5.1916904e+01   6.7254599e-47
   5.2036625e+01   6.7271467e-47
   5.2156621e+01   6.7288430e-47
   5.2276895e+01   6.7305488e-47
   5.2397446e+01   6.7322637e-47
   5.2518275e+01   6.7339876e-47
   5.2639382e+01   6.7357202e-47
   5.2760769e+01   6.7374613e-47
   5.2882436e+01   6.7392107e-47
   5.3004383e+01   6.7409681e-47
   5.3126612e+01   6.7427333e-47
   5.3249122e+01   6.7445062e-47
   5.3371915e+01   6.7462865e-47
   5.3494991e+01   6.7480740e-47
   5.3618351e+01   6.7498685e-47
   5.3741995e+01   6.7516699e-47
   5.3865925e+01   6.7534778e-47
   5.3990140e+01   6.7552922e-47
   5.4114642e+01   6.7571128e-47
   5.4239430e+01   6.7589394e-47
   5.4364507e+01   6.7607719e-47
   5.4489872e+01   6.7626100e-47
   5.4615526e+01   6.7644536e-47
   5.4741470e+01   6.7663025e-47
   5.4867704e+01   6.7681566e-47
   5.4994229e+01   6.7700156e-47
   5.5121046e+01   6.7718794e-47
   5.5248156e+01   6.7737477e-47
   5.5375559e+01   6.7756206e-47
   5.5503255e+01   6.7774977e-47
   5.5631246e+01   6.7793789e-47
   5.5759532e+01   6.7812640e-47
   5.5888114e+01   6.7831530e-47
   5.6016992e+01   6.7850456e-47
   5.6146168e+01   6.7869417e-47
   5.6275642e+01   6.7888411e-47
   5.6405414e+01   6.7907437e-47
   5.6535485e+01   6.7926493e-47
   5.6665856e+01   6.7945579e-47
   5.6796528e+01   6.7964691e-47
   5.6927501e+01   6.7983830e-47
   5.7058777e+01   6.8002994e-47
   5.7190355e+01   6.8022181e-47
   5.7322236e+01   6.8041389e-47
   5.7454421e+01   6.8060619e-47
   5.7586912e+01   6.8079868e-47
   5.7719708e+01   6.8099134e-47
   5.7852810e+01   6.8118418e-47
   5.7986219e+01   6.8137717e-47
   5.8119935e+01   6.8157031e-47
   5.8253960e+01   6.8176357e-47
   5.8388294e+01   6.8195695e-47
   5.8522938e+01   6.8215045e-47
   5.8657893e+01   6.8234403e-47
   5.8793158e+01   6.8253770e-47
   5.8928736e+01   6.8273145e-47
   5.9064626e+01   6.8292525e-47
   5.9200829e+01   6.8311911e-47
   5.9337347e+01   6.8331300e-47
   5.9474179e+01   6.8350693e-47
   5.9611327e+01   6.8370087e-47
   5.9748791e+01   6.8389483e-47
   5.9886572e+01   6.8408878e-47
   6.0024671e+01   6.8428272e-47
   6.0163089e+01   6.8447664e-47
   6.0301825e+01   6.8467053e-47
   6.0440882e+01   6.8486438e-47
   6.0580259e+01   6.8505819e-47
   6.0719957e+01   6.8525193e-47
   6.0859978e+01   6.8544561e-47
   6.1000322e+01   6.8563921e-47
   6.1140989e+01   6.8583273e-47
   6.1281980e+01   6.8602615e-47
   6.1423297e+01   6.8621947e-47
   6.1564940e+01   6.8641268e-47
   6.1706909e+01   6.8660578e-47
   6.1849206e+01   6.8679875e-47
   6.1991830e+01   6.8699158e-47
   6.2134784e+01   6.8718428e-47
   6.2278067e+01   6.8737683e-47
   6.2421681e+01   6.8756921e-47
   6.2565626e+01   6.8776144e-47
   6.2709903e+01   6.8795350e-47
   6.2854512e+01   6.8814537e-47
   6.2999455e+01   6.8833707e-47
   6.3144732e+01   6.8852857e-47
   6.3290345e+01   6.8871987e-47
   6.3436293e+01   6.8891097e-47
   6.3582577e+01   6.8910186e-47
   6.3729199e+01   6.8929253e-47
   6.3876159e+01   6.8948298e-47
   6.4023458e+01   6.8967320e-47
   6.4171097e+01   6.8986319e-47
   6.4319076e+01   6.9005293e-47
   6.4467396e+01   6.9024242e-47
   6.4616058e+01   6.9043167e-47
   6.4765063e+01   6.9062065e-47
   6.4914412e+01   6.9080938e-47
   6.5064105e+01   6.9099783e-47
   6.5214144e+01   6.9118601e-47
   6.5364528e+01   6.9137391e-47
   6.5515259e+01   6.9156153e-47
   6.5666338e+01   6.9174886e-47
   6.5817765e+01   6.9193589e-47
   6.5969541e+01   6.9212263e-47
   6.6121667e+01   6.9230907e-47
   6.6274144e+01   6.9249520e-47
   6.6426973e+01   6.9268102e-47
   6.6580154e+01   6.9286652e-47
   6.6733688e+01   6.9305170e-47
   6.6887577e+01   6.9323656e-47
   6.7041820e+01   6.9342109e-47
   6.7196419e+01   6.9360529e-47
   6.7351374e+01   6.9378916e-47
   6.7506687e+01   6.9397268e-47
   6.7662358e+01   6.9415587e-47
   6.7818388e+01   6.9433871e-47
   6.7974778e+01   6.9452119e-47
   6.8131528e+01   6.9470333e-47
   6.8288640e+01   6.9488511e-47
   6.8446114e+01   6.9506653e-47
   6.8603951e+01   6.9524759e-47
   6.8762153e+01   6.9542828e-47
   6.8920719e+01   6.9560861e-47
   6.9079650e+01   6.9578856e-47
   6.9238949e+01   6.9596814e-47
   6.9398614e+01   6.9614734e-47
   6.9558648e+01   6.9632617e-47
   6.9719051e+01   6.9650461e-47
   6.9879823e+01   6.9668267e-47
   7.0040967e+01   6.9686034e-47
   7.0202482e+01   6.9703763e-47
   7.0364369e+01   6.9721452e-47
   7.0526630e+01   6.9739102e-47
   7.0689265e+01   6.9756712e-47
   7.0852275e+01   6.9774283e-47
   7.1015661e+01   6.9791814e-47
   7.1179423e+01   6.9809305e-47
   7.1343564e+01   6.9826755e-47
   7.1508083e+01   6.9844165e-47
   7.1672981e+01   6.9861535e-47
   7.1838259e+01   6.9878863e-47
   7.2003919e+01   6.9896151e-47
   7.2169960e+01   6.9913397e-47
   7.2336385e+01   6.9930603e-47
   7.2503193e+01   6.9947767e-47
   7.2670386e+01   6.9964889e-47
   7.2837964e+01   6.9981970e-47
   7.3005929e+01   6.9999009e-47
   7.3174282e+01   7.0016006e-47
   7.3343022e+01   7.0032962e-47
   7.3512152e+01   7.0049875e-47
   7.3681671e+01   7.0066746e-47
   7.3851582e+01   7.0083575e-47
   7.4021884e+01   7.0100361e-47
   7.4192579e+01   7.0117106e-47
   7.4363668e+01   7.0133807e-47
   7.4535151e+01   7.0150466e-47
   7.4707029e+01   7.0167083e-47
   7.4879304e+01   7.0183657e-47
   7.5051977e+01   7.0200188e-47
   7.5225047e+01   7.0216677e-47
   7.5398517e+01   7.0233122e-47
   7.5572386e+01   7.0249525e-47
   7.5746657e+01   7.0265885e-47
   7.5921329e+01   7.0282202e-47
   7.6096404e+01   7.0298476e-47
   7.6271883e+01   7.0314708e-47
   7.6447767e+01   7.0330896e-47
   7.6624056e+01   7.0347042e-47
   7.6800751e+01   7.0363144e-47
   7.6977855e+01   7.0379204e-47
   7.7155366e+01   7.0395221e-47
   7.7333287e+01   7.0411194e-47
   7.7511618e+01   7.0427125e-47
   7.7690361e+01   7.0443013e-47
   7.7869515e+01   7.0458859e-47
   7.8049083e+01   7.0474661e-47
   7.8229065e+01   7.0490420e-47
   7.8409461e+01   7.0506137e-47
   7.8590274e+01   7.0521811e-47
   7.8771504e+01   7.0537443e-47
   7.8953152e+01   7.0553032e-47
   7.9135218e+01   7.0568578e-47
   7.9317705e+01   7.0584082e-47
   7.9500612e+01   7.0599543e-47
   7.9683941e+01   7.0614962e-47
   7.9867693e+01   7.0630339e-47
   8.0051868e+01   7.0645674e-47
   8.0236468e+01   7.0660966e-47
   8.0421494e+01   7.0676216e-47
   8.0606947e+01   7.0691424e-47
   8.0792827e+01   7.0706591e-47
   8.0979136e+01   7.0721715e-47
   8.1165874e+01   7.0736798e-47
   8.1353044e+01   7.0751839e-47
   8.1540644e+01   7.0766839e-47
   8.1728678e+01   7.0781797e-47
   8.1917145e+01   7.0796714e-47
   8.2106046e+01   7.0811590e-47
   8.2295383e+01   7.0826425e-47
   8.2485157e+01   7.0841218e-47
   8.2675369e+01   7.0855971e-47
   8.2866019e+01   7.0870683e-47
   8.3057108e+01   7.0885355e-47
   8.3248639e+01   7.0899986e-47
   8.3440611e+01   7.0914577e-47
   8.3633025e+01   7.0929127e-47
   8.3825884e+01   7.0943637e-47
   8.4019187e+01   7.0958108e-47
   8.4212936e+01   7.0972539e-47
   8.4407131e+01   7.0986930e-47
   8.4601775e+01   7.1001281e-47
   8.4796867e+01   7.1015593e-47
   8.4992409e+01   7.1029866e-47
   8.5188403e+01   7.1044100e-47
   8.5384848e+01   7.1058295e-47
   8.5581746e+01   7.1072452e-47
   8.5779098e+01   7.1086570e-47
   8.5976905e+01   7.1100649e-47
   8.6175169e+01   7.1114690e-47
   8.6373889e+01   7.1128693e-47
   8.6573068e+01   7.1142659e-47
   8.6772706e+01   7.1156586e-47
   8.6972805e+01   7.1170476e-47
   8.7173365e+01   7.1184329e-47
   8.7374387e+01   7.1198145e-47
   8.7575873e+01   7.1211923e-47
   8.7777824e+01   7.1225665e-47
   8.7980240e+01   7.1239371e-47
   8.8183123e+01   7.1253040e-47
   8.8386474e+01   7.1266672e-47
   8.8590294e+01   7.1280269e-47
   8.8794584e+01   7.1293830e-47
   8.8999345e+01   7.1307355e-47
   8.9204578e+01   7.1320845e-47
   8.9410285e+01   7.1334300e-47
   8.9616465e+01   7.1347719e-47
   8.9823122e+01   7.1361104e-47
   9.0030254e+01   7.1374455e-47
   9.0237865e+01   7.1387771e-47
   9.0445954e+01   7.1401052e-47
   9.0654523e+01   7.1414300e-47
   9.0863573e+01   7.1427514e-47
   9.1073105e+01   7.1440695e-47
   9.1283120e+01   7.1453843e-47
   9.1493620e+01   7.1466957e-47
   9.1704605e+01   7.1480038e-47
   9.1916077e+01   7.1493087e-47
   9.2128036e+01   7.1506104e-47
   9.2340484e+01   7.1519088e-47
   9.2553422e+01   7.1532041e-47
   9.2766850e+01   7.1544962e-47
   9.2980771e+01   7.1557851e-47
   9.3195186e+01   7.1570709e-47
   9.3410095e+01   7.1583536e-47
   9.3625499e+01   7.1596333e-47
   9.3841400e+01   7.1609099e-47
   9.4057799e+01   7.1621835e-47
   9.4274697e+01   7.1634540e-47
   9.4492095e+01   7.1647216e-47
   9.4709995e+01   7.1659863e-47
   9.4928397e+01   7.1672480e-47
   9.5147302e+01   7.1685068e-47
   9.5366713e+01   7.1697628e-47
   9.5586629e+01   7.1710159e-47
   9.5807053e+01   7.1722661e-47
   9.6027984e+01   7.1735136e-47
   9.6249426e+01   7.1747583e-47
   9.6471378e+01   7.1760003e-47
   9.6693841e+01   7.1772395e-47
   9.6916818e+01   7.1784760e-47
   9.7140309e+01   7.1797099e-47
   9.7364315e+01   7.1809411e-47
   9.7588838e+01   7.1821697e-47
   9.7813879e+01   7.1833957e-47
   9.8039438e+01   7.1846191e-47
   9.8265518e+01   7.1858400e-47
   9.8492119e+01   7.1870584e-47
   9.8719243e+01   7.1882744e-47
   9.8946890e+01   7.1894878e-47
   9.9175062e+01   7.1906988e-47
   9.9403761e+01   7.1919075e-47
   9.9632987e+01   7.1931137e-47
   9.9862741e+01   7.1943176e-47
   1.0009303e+02   7.1955192e-47
   1.0032384e+02   7.1967185e-47
   1.0055519e+02   7.1979156e-47
   1.0078707e+02   7.1991104e-47
   1.0101948e+02   7.2003029e-47
   1.0125244e+02   7.2014934e-47
   1.0148593e+02   7.2026816e-47
   1.0171995e+02   7.2038678e-47
   1.0195452e+02   7.2050518e-47
   1.0218963e+02   7.2062338e-47
   1.0242528e+02   7.2074137e-47
   1.0266147e+02   7.2085917e-47
   1.0289821e+02   7.2097676e-47
   1.0313549e+02   7.2109417e-47
   1.0337332e+02   7.2121138e-47
   1.0361170e+02   7.2132840e-47
   1.0385063e+02   7.2144523e-47
   1.0409011e+02   7.2156188e-47
   1.0433015e+02   7.2167835e-47
   1.0457073e+02   7.2179464e-47
   1.0481187e+02   7.2191076e-47
   1.0505357e+02   7.2202671e-47
   1.0529582e+02   7.2214249e-47
   1.0553864e+02   7.2225810e-47
   1.0578201e+02   7.2237355e-47
   1.0602594e+02   7.2248885e-47
   1.0627044e+02   7.2260398e-47
   1.0651550e+02   7.2271896e-47
   1.0676113e+02   7.2283379e-47
   1.0700732e+02   7.2294848e-47
   1.0725408e+02   7.2306302e-47
   1.0750141e+02   7.2317742e-47
   1.0774931e+02   7.2329168e-47
   1.0799778e+02   7.2340580e-47
   1.0824682e+02   7.2351979e-47
   1.0849644e+02   7.2363366e-47
   1.0874663e+02   7.2374740e-47
   1.0899740e+02   7.2386101e-47
   1.0924875e+02   7.2397451e-47
   1.0950068e+02   7.2408789e-47
   1.0975319e+02   7.2420115e-47
   1.1000628e+02   7.2431431e-47
   1.1025996e+02   7.2442736e-47
   1.1051422e+02   7.2454030e-47
   1.1076906e+02   7.2465315e-47
   1.1102450e+02   7.2476589e-47
   1.1128052e+02   7.2487854e-47
   1.1153714e+02   7.2499110e-47
   1.1179434e+02   7.2510357e-47
   1.1205214e+02   7.2521596e-47
   1.1231053e+02   7.2532826e-47
   1.1256952e+02   7.2544049e-47
   1.1282911e+02   7.2555264e-47
   1.1308929e+02   7.2566472e-47
   1.1335008e+02   7.2577673e-47
   1.1361146e+02   7.2588867e-47
   1.1387345e+02   7.2600055e-47
   1.1413605e+02   7.2611237e-47
   1.1439924e+02   7.2622414e-47
   1.1466305e+02   7.2633585e-47
   1.1492746e+02   7.2644751e-47
   1.1519249e+02   7.2655913e-47
   1.1545812e+02   7.2667070e-47
   1.1572437e+02   7.2678223e-47
   1.1599123e+02   7.2689373e-47
   1.1625871e+02   7.2700519e-47
   1.1652680e+02   7.2711663e-47
   1.1679551e+02   7.2722803e-47
   1.1706484e+02   7.2733942e-47
   1.1733480e+02   7.2745078e-47
   1.1760537e+02   7.2756213e-47
   1.1787657e+02   7.2767346e-47
   1.1814839e+02   7.2778478e-47
   1.1842085e+02   7.2789610e-47
   1.1869392e+02   7.2800741e-47
   1.1896763e+02   7.2811872e-47
   1.1924197e+02   7.2823004e-47
   1.1951695e+02   7.2834136e-47
   1.1979255e+02   7.2845269e-47
   1.2006880e+02   7.2856403e-47
   1.2034568e+02   7.2867540e-47
   1.2062319e+02   7.2878678e-47
   1.2090135e+02   7.2889818e-47
   1.2118015e+02   7.2900961e-47
   1.2145959e+02   7.2912108e-47
   1.2173968e+02   7.2923257e-47
   1.2202041e+02   7.2934410e-47
   1.2230179e+02   7.2945568e-47
   1.2258382e+02   7.2956729e-47
   1.2286650e+02   7.2967896e-47
   1.2314983e+02   7.2979067e-47
   1.2343382e+02   7.2990244e-47
   1.2371846e+02   7.3001426e-47
   1.2400375e+02   7.3012615e-47
   1.2428971e+02   7.3023810e-47
   1.2457632e+02   7.3035012e-47
   1.2486359e+02   7.3046221e-47
   1.2515153e+02   7.3057437e-47
   1.2544013e+02   7.3068662e-47
   1.2572940e+02   7.3079894e-47
   1.2601933e+02   7.3091135e-47
   1.2630993e+02   7.3102385e-47
   1.2660120e+02   7.3113644e-47
   1.2689314e+02   7.3124913e-47
   1.2718576e+02   7.3136191e-47
   1.2747905e+02   7.3147480e-47
   1.2777302e+02   7.3158780e-47
   1.2806767e+02   7.3170090e-47
   1.2836299e+02   7.3181412e-47
   1.2865900e+02   7.3192745e-47
   1.2895569e+02   7.3204091e-47
   1.2925306e+02   7.3215449e-47
   1.2955112e+02   7.3226819e-47
   1.2984986e+02   7.3238203e-47
   1.3014930e+02   7.3249600e-47
   1.3044942e+02   7.3261011e-47
   1.3075024e+02   7.3272436e-47
   1.3105175e+02   7.3283876e-47
   1.3135396e+02   7.3295330e-47
   1.3165686e+02   7.3306800e-47
   1.3196046e+02   7.3318285e-47
   1.3226476e+02   7.3329787e-47
   1.3256977e+02   7.3341304e-47
   1.3287547e+02   7.3352838e-47
   1.3318189e+02   7.3364390e-47
   1.3348901e+02   7.3375959e-47
   1.3379683e+02   7.3387545e-47
   1.3410537e+02   7.3399150e-47
   1.3441462e+02   7.3410773e-47
   1.3472458e+02   7.3422415e-47
   1.3503525e+02   7.3434076e-47
   1.3534665e+02   7.3445757e-47
   1.3565876e+02   7.3457458e-47
   1.3597159e+02   7.3469179e-47
   1.3628514e+02   7.3480921e-47
   1.3659941e+02   7.3492684e-47
   1.3691441e+02   7.3504468e-47
   1.3723014e+02   7.3516275e-47
   1.3754659e+02   7.3528103e-47
   1.3786377e+02   7.3539954e-47
   1.3818169e+02   7.3551828e-47
   1.3850034e+02   7.3563725e-47
   1.3881972e+02   7.3575646e-47
   1.3913984e+02   7.3587591e-47
   1.3946070e+02   7.3599560e-47
   1.3978229e+02   7.3611554e-47
   1.4010463e+02   7.3623573e-47
   1.4042772e+02   7.3635618e-47
   1.4075154e+02   7.3647689e-47
   1.4107612e+02   7.3659786e-47
   1.4140144e+02   7.3671909e-47
   1.4172751e+02   7.3684060e-47
   1.4205434e+02   7.3696238e-47
   1.4238192e+02   7.3708444e-47
   1.4271025e+02   7.3720678e-47
   1.4303934e+02   7.3732941e-47
   1.4336919e+02   7.3745233e-47
   1.4369980e+02   7.3757554e-47
   1.4403117e+02   7.3769905e-47
   1.4436331e+02   7.3782285e-47
   1.4469621e+02   7.3794697e-47
   1.4502988e+02   7.3807139e-47
   1.4536432e+02   7.3819613e-47
   1.4569954e+02   7.3832118e-47
   1.4603552e+02   7.3844655e-47
   1.4637228e+02   7.3857225e-47
   1.4670981e+02   7.3869828e-47
   1.4704813e+02   7.3882463e-47
   1.4738722e+02   7.3895133e-47
   1.4772710e+02   7.3907836e-47
   1.4806776e+02   7.3920574e-47
   1.4840920e+02   7.3933347e-47
   1.4875144e+02   7.3946154e-47
   1.4909446e+02   7.3958998e-47
   1.4943827e+02   7.3971877e-47
   1.4978288e+02   7.3984793e-47
   1.5012828e+02   7.3997745e-47
   1.5047447e+02   7.4010735e-47
   1.5082147e+02   7.4023762e-47
   1.5116927e+02   7.4036828e-47
   1.5151786e+02   7.4049931e-47
   1.5186726e+02   7.4063074e-47
   1.5221747e+02   7.4076255e-47
   1.5256849e+02   7.4089476e-47
   1.5292031e+02   7.4102737e-47
   1.5327295e+02   7.4116039e-47
   1.5362639e+02   7.4129381e-47
   1.5398066e+02   7.4142765e-47
   1.5433574e+02   7.4156190e-47
   1.5469164e+02   7.4169657e-47
   1.5504836e+02   7.4183167e-47
   1.5540590e+02   7.4196719e-47
   1.5576427e+02   7.4210315e-47
   1.5612346e+02   7.4223954e-47
   1.5648348e+02   7.4237637e-47
   1.5684434e+02   7.4251365e-47
   1.5720602e+02   7.4265138e-47
   1.5756854e+02   7.4278956e-47
   1.5793189e+02   7.4292820e-47
   1.5829608e+02   7.4306730e-47
   1.5866112e+02   7.4320687e-47
   1.5902699e+02   7.4334691e-47
   1.5939371e+02   7.4348742e-47
   1.5976127e+02   7.4362840e-47
   1.6012968e+02   7.4376988e-47
   1.6049894e+02   7.4391183e-47
   1.6086905e+02   7.4405428e-47
   1.6124002e+02   7.4419723e-47
   1.6161184e+02   7.4434067e-47
   1.6198452e+02   7.4448462e-47
   1.6235805e+02   7.4462908e-47
   1.6273245e+02   7.4477405e-47
   1.6310772e+02   7.4491953e-47
   1.6348384e+02   7.4506554e-47
   1.6386084e+02   7.4521207e-47
   1.6423870e+02   7.4535913e-47
   1.6461744e+02   7.4550673e-47
   1.6499705e+02   7.4565487e-47
   1.6537753e+02   7.4580354e-47
   1.6575889e+02   7.4595277e-47
   1.6614114e+02   7.4610254e-47
   1.6652426e+02   7.4625288e-47
   1.6690826e+02   7.4640377e-47
   1.6729316e+02   7.4655523e-47
   1.6767894e+02   7.4670725e-47
   1.6806560e+02   7.4685986e-47
   1.6845316e+02   7.4701303e-47
   1.6884162e+02   7.4716680e-47
   1.6923097e+02   7.4732115e-47
   1.6962122e+02   7.4747609e-47
   1.7001236e+02   7.4763162e-47
   1.7040441e+02   7.4778776e-47
   1.7079737e+02   7.4794450e-47
   1.7119123e+02   7.4810186e-47
   1.7158600e+02   7.4825982e-47
   1.7198168e+02   7.4841841e-47
   1.7237827e+02   7.4857762e-47
   1.7277577e+02   7.4873745e-47
   1.7317419e+02   7.4889792e-47
   1.7357354e+02   7.4905903e-47
   1.7397380e+02   7.4922078e-47
   1.7437498e+02   7.4938317e-47
   1.7477709e+02   7.4954622e-47
   1.7518013e+02   7.4970992e-47
   1.7558410e+02   7.4987429e-47
   1.7598899e+02   7.5003931e-47
   1.7639483e+02   7.5020501e-47
   1.7680159e+02   7.5037138e-47
   1.7720930e+02   7.5053844e-47
   1.7761795e+02   7.5070617e-47
   1.7802753e+02   7.5087460e-47
   1.7843807e+02   7.5104372e-47
   1.7884955e+02   7.5121353e-47
   1.7926198e+02   7.5138405e-47
   1.7967535e+02   7.5155528e-47
   1.8008969e+02   7.5172722e-47
   1.8050498e+02   7.5189988e-47
   1.8092122e+02   7.5207326e-47
   1.8133843e+02   7.5224737e-47
   1.8175659e+02   7.5242221e-47
   1.8217573e+02   7.5259779e-47
   1.8259583e+02   7.5277411e-47
   1.8301689e+02   7.5295117e-47
   1.8343893e+02   7.5312899e-47
   1.8386194e+02   7.5330757e-47
   1.8428593e+02   7.5348690e-47
   1.8471089e+02   7.5366701e-47
   1.8513684e+02   7.5384788e-47
   1.8556377e+02   7.5402954e-47
   1.8599168e+02   7.5421197e-47
   1.8642058e+02   7.5439519e-47
   1.8685046e+02   7.5457920e-47
   1.8728134e+02   7.5476401e-47
   1.8771321e+02   7.5494963e-47
   1.8814608e+02   7.5513605e-47
   1.8857995e+02   7.5532328e-47
   1.8901482e+02   7.5551133e-47
   1.8945068e+02   7.5570020e-47
   1.8988756e+02   7.5588990e-47
   1.9032544e+02   7.5608043e-47
   1.9076433e+02   7.5627180e-47
   1.9120424e+02   7.5646401e-47
   1.9164516e+02   7.5665708e-47
   1.9208709e+02   7.5685099e-47
   1.9253005e+02   7.5704577e-47
   1.9297402e+02   7.5724141e-47
   1.9341902e+02   7.5743792e-47
   1.9386505e+02   7.5763530e-47
   1.9431210e+02   7.5783357e-47
   1.9476019e+02   7.5803272e-47
   1.9520930e+02   7.5823276e-47
   1.9565946e+02   7.5843370e-47
   1.9611065e+02   7.5863554e-47
   1.9656288e+02   7.5883828e-47
   1.9701616e+02   7.5904194e-47
   1.9747048e+02   7.5924652e-47
   1.9792585e+02   7.5945202e-47
   1.9838227e+02   7.5965845e-47
   1.9883974e+02   7.5986582e-47
   1.9929826e+02   7.6007412e-47
   1.9975785e+02   7.6028337e-47
   2.0021849e+02   7.6049357e-47
   2.0068020e+02   7.6070473e-47
   2.0114297e+02   7.6091685e-47
   2.0160680e+02   7.6112994e-47
   2.0207171e+02   7.6134401e-47
   2.0253769e+02   7.6155905e-47
   2.0300474e+02   7.6177507e-47
   2.0347287e+02   7.6199209e-47
   2.0394208e+02   7.6221011e-47
   2.0441237e+02   7.6242912e-47
   2.0488375e+02   7.6264915e-47
   2.0535621e+02   7.6287019e-47
   2.0582977e+02   7.6309224e-47
   2.0630441e+02   7.6331533e-47
   2.0678015e+02   7.6353944e-47
   2.0725699e+02   7.6376459e-47
   2.0773492e+02   7.6399078e-47
   2.0821396e+02   7.6421803e-47
   2.0869411e+02   7.6444632e-47
   2.0917536e+02   7.6467568e-47
   2.0965772e+02   7.6490610e-47
   2.1014119e+02   7.6513760e-47
   2.1062578e+02   7.6537017e-47
   2.1111148e+02   7.6560383e-47
   2.1159831e+02   7.6583858e-47
   2.1208625e+02   7.6607443e-47
   2.1257533e+02   7.6631138e-47
   2.1306553e+02   7.6654944e-47
   2.1355686e+02   7.6678861e-47
   2.1404932e+02   7.6702891e-47
   2.1454292e+02   7.6727033e-47
   2.1503766e+02   7.6751288e-47
   2.1553354e+02   7.6775658e-47
   2.1603056e+02   7.6800142e-47
   2.1652873e+02   7.6824741e-47
   2.1702804e+02   7.6849456e-47
   2.1752851e+02   7.6874288e-47
   2.1803013e+02   7.6899236e-47
   2.1853291e+02   7.6924303e-47
   2.1903685e+02   7.6949488e-47
   2.1954195e+02   7.6974791e-47
   2.2004822e+02   7.7000215e-47
   2.2055565e+02   7.7025759e-47
   2.2106425e+02   7.7051423e-47
   2.2157403e+02   7.7077210e-47
   2.2208498e+02   7.7103118e-47
   2.2259711e+02   7.7129150e-47
   2.2311042e+02   7.7155305e-47
   2.2362491e+02   7.7181584e-47
   2.2414060e+02   7.7207989e-47
   2.2465747e+02   7.7234518e-47
   2.2517553e+02   7.7261174e-47
   2.2569478e+02   7.7287957e-47
   2.2621524e+02   7.7314868e-47
   2.2673689e+02   7.7341906e-47
   2.2725975e+02   7.7369074e-47
   2.2778381e+02   7.7396371e-47
   2.2830908e+02   7.7423799e-47
   2.2883556e+02   7.7451357e-47
   2.2936326e+02   7.7479047e-47
   2.2989217e+02   7.7506869e-47
   2.3042231e+02   7.7534825e-47
   2.3095366e+02   7.7562914e-47
   2.3148624e+02   7.7591137e-47
   2.3202005e+02   7.7619496e-47
   2.3255509e+02   7.7647990e-47
   2.3309137e+02   7.7676621e-47
   2.3362888e+02   7.7705390e-47
   2.3416763e+02   7.7734296e-47
   2.3470762e+02   7.7763340e-47
   2.3524886e+02   7.7792525e-47
   2.3579134e+02   7.7821849e-47
   2.3633508e+02   7.7851314e-47
   2.3688007e+02   7.7880921e-47
   2.3742632e+02   7.7910669e-47
   2.3797382e+02   7.7940561e-47
   2.3852259e+02   7.7970597e-47
   2.3907263e+02   7.8000777e-47
   2.3962393e+02   7.8031102e-47
   2.4017651e+02   7.8061573e-47
   2.4073036e+02   7.8092191e-47
   2.4128548e+02   7.8122957e-47
   2.4184189e+02   7.8153870e-47
   2.4239958e+02   7.8184933e-47
   2.4295855e+02   7.8216145e-47
   2.4351882e+02   7.8247508e-47
   2.4408037e+02   7.8279021e-47
   2.4464322e+02   7.8310687e-47
   2.4520737e+02   7.8342506e-47
   2.4577282e+02   7.8374478e-47
   2.4633958e+02   7.8406605e-47
   2.4690764e+02   7.8438886e-47
   2.4747701e+02   7.8471324e-47
   2.4804769e+02   7.8503918e-47
   2.4861969e+02   7.8536669e-47
   2.4919301e+02   7.8569579e-47
   2.4976765e+02   7.8602648e-47
   2.5034362e+02   7.8635876e-47
   2.5092091e+02   7.8669265e-47
   2.5149954e+02   7.8702816e-47
   2.5207950e+02   7.8736529e-47
   2.5266080e+02   7.8770405e-47
   2.5324343e+02   7.8804444e-47
   2.5382742e+02   7.8838649e-47
   2.5441274e+02   7.8873019e-47
   2.5499942e+02   7.8907555e-47
   2.5558745e+02   7.8942258e-47
   2.5617684e+02   7.8977129e-47
   2.5676758e+02   7.9012169e-47
   2.5735969e+02   7.9047379e-47
   2.5795317e+02   7.9082759e-47
   2.5854801e+02   7.9118311e-47
   2.5914422e+02   7.9154035e-47
   2.5974181e+02   7.9189931e-47
   2.6034078e+02   7.9226002e-47
   2.6094112e+02   7.9262247e-47
   2.6154286e+02   7.9298668e-47
   2.6214598e+02   7.9335266e-47
   2.6275049e+02   7.9372040e-47
   2.6335639e+02   7.9408993e-47
   2.6396369e+02   7.9446125e-47
   2.6457240e+02   7.9483437e-47
   2.6518250e+02   7.9520930e-47
   2.6579401e+02   7.9558604e-47
   2.6640694e+02   7.9596461e-47
   2.6702127e+02   7.9634502e-47
   2.6763703e+02   7.9672727e-47
   2.6825420e+02   7.9711137e-47
   2.6887280e+02   7.9749734e-47
   2.6949282e+02   7.9788517e-47
   2.7011427e+02   7.9827489e-47
   2.7073716e+02   7.9866649e-47
   2.7136148e+02   7.9906000e-47
   2.7198724e+02   7.9945541e-47
   2.7261444e+02   7.9985274e-47
   2.7324310e+02   8.0025200e-47
   2.7387320e+02   8.0065319e-47
   2.7450475e+02   8.0105633e-47
   2.7513776e+02   8.0146142e-47
   2.7577223e+02   8.0186847e-47
   2.7640816e+02   8.0227750e-47
   2.7704556e+02   8.0268851e-47
   2.7768443e+02   8.0310152e-47
   2.7832477e+02   8.0351653e-47
   2.7896659e+02   8.0393355e-47
   2.7960989e+02   8.0435259e-47
   2.8025467e+02   8.0477366e-47
   2.8090094e+02   8.0519678e-47
   2.8154870e+02   8.0562194e-47
   2.8219796e+02   8.0604917e-47
   2.8284871e+02   8.0647847e-47
   2.8350096e+02   8.0690985e-47
   2.8415471e+02   8.0734332e-47
   2.8480998e+02   8.0777889e-47
   2.8546675e+02   8.0821657e-47
   2.8612504e+02   8.0865638e-47
   2.8678485e+02   8.0909831e-47
   2.8744617e+02   8.0954239e-47
   2.8810903e+02   8.0998862e-47
   2.8877341e+02   8.1043701e-47
   2.8943932e+02   8.1088758e-47
   2.9010677e+02   8.1134032e-47
   2.9077576e+02   8.1179526e-47
   2.9144629e+02   8.1225241e-47
   2.9211837e+02   8.1271177e-47
   2.9279200e+02   8.1317335e-47
   2.9346718e+02   8.1363717e-47
   2.9414391e+02   8.1410324e-47
   2.9482221e+02   8.1457156e-47
   2.9550207e+02   8.1504216e-47
   2.9618350e+02   8.1551503e-47
   2.9686651e+02   8.1599019e-47
   2.9755108e+02   8.1646765e-47
   2.9823724e+02   8.1694742e-47
   2.9892498e+02   8.1742952e-47
   2.9961430e+02   8.1791394e-47
   3.0030521e+02   8.1840072e-47
   3.0099772e+02   8.1888984e-47
   3.0169182e+02   8.1938134e-47
   3.0238752e+02   8.1987521e-47
   3.0308483e+02   8.2037148e-47
   3.0378375e+02   8.2087014e-47
   3.0448428e+02   8.2137122e-47
   3.0518642e+02   8.2187472e-47
   3.0589018e+02   8.2238065e-47
   3.0659557e+02   8.2288903e-47
   3.0730258e+02   8.2339988e-47
   3.0801122e+02   8.2391319e-47
   3.0872150e+02   8.2442898e-47
   3.0943341e+02   8.2494726e-47
   3.1014697e+02   8.2546805e-47
   3.1086217e+02   8.2599136e-47
   3.1157902e+02   8.2651720e-47
   3.1229752e+02   8.2704557e-47
   3.1301768e+02   8.2757650e-47
   3.1373950e+02   8.2811000e-47
   3.1446299e+02   8.2864607e-47
   3.1518814e+02   8.2918473e-47
   3.1591497e+02   8.2972599e-47
   3.1664347e+02   8.3026987e-47
   3.1737365e+02   8.3081637e-47
   3.1810552e+02   8.3136551e-47
   3.1883907e+02   8.3191730e-47
   3.1957432e+02   8.3247175e-47
   3.2031126e+02   8.3302888e-47
   3.2104990e+02   8.3358870e-47
   3.2179024e+02   8.3415122e-47
   3.2253229e+02   8.3471645e-47
   3.2327606e+02   8.3528441e-47
   3.2402153e+02   8.3585511e-47
   3.2476873e+02   8.3642856e-47
   3.2551765e+02   8.3700478e-47
   3.2626829e+02   8.3758378e-47
   3.2702067e+02   8.3816556e-47
   3.2777478e+02   8.3875015e-47
   3.2853063e+02   8.3933756e-47
   3.2928823e+02   8.3992780e-47
   3.3004757e+02   8.4052088e-47
   3.3080866e+02   8.4111682e-47
   3.3157151e+02   8.4171563e-47
   3.3233612e+02   8.4231732e-47
   3.3310249e+02   8.4292191e-47
   3.3387062e+02   8.4352942e-47
   3.3464053e+02   8.4413984e-47
   3.3541221e+02   8.4475321e-47
   3.3618568e+02   8.4536953e-47
   3.3696092e+02   8.4598881e-47
   3.3773796e+02   8.4661108e-47
   3.3851679e+02   8.4723634e-47
   3.3929741e+02   8.4786461e-47
   3.4007983e+02   8.4849589e-47
   3.4086406e+02   8.4913022e-47
   3.4165009e+02   8.4976760e-47
   3.4243794e+02   8.5040804e-47
   3.4322760e+02   8.5105156e-47
   3.4401909e+02   8.5169817e-47
   3.4481240e+02   8.5234789e-47
   3.4560754e+02   8.5300073e-47
   3.4640451e+02   8.5365671e-47
   3.4720333e+02   8.5431584e-47
   3.4800398e+02   8.5497814e-47
   3.4880648e+02   8.5564362e-47
   3.4961083e+02   8.5631230e-47
   3.5041703e+02   8.5698418e-47
   3.5122510e+02   8.5765929e-47
   3.5203503e+02   8.5833764e-47
   3.5284682e+02   8.5901925e-47
   3.5366049e+02   8.5970413e-47
   3.5447603e+02   8.6039230e-47
   3.5529346e+02   8.6108377e-47
   3.5611277e+02   8.6177855e-47
   3.5693397e+02   8.6247667e-47
   3.5775706e+02   8.6317813e-47
   3.5858205e+02   8.6388296e-47
   3.5940894e+02   8.6459117e-47
   3.6023774e+02   8.6530278e-47
   3.6106845e+02   8.6601779e-47
   3.6190108e+02   8.6673623e-47
   3.6273563e+02   8.6745812e-47
   3.6357210e+02   8.6818346e-47
   3.6441050e+02   8.6891228e-47
   3.6525083e+02   8.6964459e-47
   3.6609310e+02   8.7038041e-47
   3.6693731e+02   8.7111975e-47
   3.6778347e+02   8.7186263e-47
   3.6863159e+02   8.7260906e-47
   3.6948165e+02   8.7335907e-47
   3.7033368e+02   8.7411267e-47
   3.7118767e+02   8.7486988e-47
   3.7204364e+02   8.7563071e-47
   3.7290157e+02   8.7639518e-47
   3.7376148e+02   8.7716331e-47
   3.7462338e+02   8.7793511e-47
   3.7548727e+02   8.7871060e-47
   3.7635314e+02   8.7948980e-47
   3.7722102e+02   8.8027273e-47
   3.7809089e+02   8.8105940e-47
   3.7896277e+02   8.8184983e-47
   3.7983666e+02   8.8264403e-47
   3.8071257e+02   8.8344204e-47
   3.8159049e+02   8.8424385e-47
   3.8247044e+02   8.8504950e-47
   3.8335242e+02   8.8585899e-47
   3.8423644e+02   8.8667235e-47
   3.8512249e+02   8.8748960e-47
   3.8601059e+02   8.8831075e-47
   3.8690073e+02   8.8913582e-47
   3.8779292e+02   8.8996483e-47
   3.8868718e+02   8.9079779e-47
   3.8958349e+02   8.9163473e-47
   3.9048188e+02   8.9247567e-47
   3.9138233e+02   8.9332062e-47
   3.9228486e+02   8.9416960e-47
   3.9318947e+02   8.9502263e-47
   3.9409617e+02   8.9587973e-47
   3.9500496e+02   8.9674092e-47
   3.9591584e+02   8.9760621e-47
   3.9682883e+02   8.9847563e-47
   3.9774392e+02   8.9934920e-47
   3.9866112e+02   9.0022693e-47
   3.9958044e+02   9.0110885e-47
   4.0050187e+02   9.0199497e-47
   4.0142543e+02   9.0288532e-47
   4.0235112e+02   9.0377990e-47
   4.0327895e+02   9.0467875e-47
   4.0420891e+02   9.0558189e-47
   4.0514102e+02   9.0648933e-47
   4.0607528e+02   9.0740109e-47
   4.0701169e+02   9.0831719e-47
   4.0795026e+02   9.0923766e-47
   4.0889100e+02   9.1016252e-47
   4.0983390e+02   9.1109178e-47
   4.1077898e+02   9.1202546e-47
   4.1172624e+02   9.1296359e-47
   4.1267569e+02   9.1390619e-47
   4.1362732e+02   9.1485328e-47
   4.1458115e+02   9.1580488e-47
   4.1553718e+02   9.1676101e-47
   4.1649541e+02   9.1772170e-47
   4.1745585e+02   9.1868696e-47
   4.1841851e+02   9.1965682e-47
   4.1938338e+02   9.2063129e-47
   4.2035048e+02   9.2161041e-47
   4.2131982e+02   9.2259419e-47
   4.2229138e+02   9.2358266e-47
   4.2326519e+02   9.2457583e-47
   4.2424124e+02   9.2557374e-47
   4.2521955e+02   9.2657640e-47
   4.2620010e+02   9.2758384e-47
   4.2718293e+02   9.2859608e-47
   4.2816801e+02   9.2961315e-47
   4.2915537e+02   9.3063506e-47
   4.3014501e+02   9.3166185e-47
   4.3113692e+02   9.3269354e-47
   4.3213113e+02   9.3373016e-47
   4.3312763e+02   9.3477172e-47
   4.3412642e+02   9.3581827e-47
   4.3512752e+02   9.3686981e-47
   4.3613093e+02   9.3792638e-47
   4.3713665e+02   9.3898801e-47
   4.3814469e+02   9.4005473e-47
   4.3915506e+02   9.4112656e-47
   4.4016775e+02   9.4220353e-47
   4.4118278e+02   9.4328568e-47
   4.4220015e+02   9.4437304e-47
   4.4321987e+02   9.4546564e-47
   4.4424194e+02   9.4656352e-47
   4.4526636e+02   9.4766671e-47
   4.4629315e+02   9.4877526e-47
   4.4732231e+02   9.4988919e-47
   4.4835383e+02   9.5100857e-47
   4.4938774e+02   9.5213344e-47
   4.5042403e+02   9.5326384e-47
   4.5146271e+02   9.5439984e-47
   4.5250379e+02   9.5554151e-47
   4.5354727e+02   9.5668891e-47
   4.5459315e+02   9.5784212e-47
   4.5564145e+02   9.5900126e-47
   4.5669216e+02   9.6016642e-47
   4.5774529e+02   9.6133773e-47
   4.5880086e+02   9.6251538e-47
   4.5985886e+02   9.6369953e-47
   4.6091930e+02   9.6489046e-47
   4.6198218e+02   9.6608846e-47
   4.6304751e+02   9.6729394e-47
   4.6411530e+02   9.6850743e-47
   4.6518556e+02   9.6972966e-47
   4.6625828e+02   9.7096162e-47
   4.6733347e+02   9.7220471e-47
   4.6841115e+02   9.7346102e-47
   4.6949131e+02   9.7473365e-47
   4.7057396e+02   9.7602757e-47
   4.7165911e+02   9.7735096e-47
   4.7274676e+02   9.7871823e-47
   4.7383691e+02   9.8015674e-47
   4.7492958e+02   9.8172381e-47
   4.7602478e+02   9.8355711e-47
   4.7712249e+02   9.8606098e-47
   4.7822274e+02   9.9089734e-47
   4.7932553e+02   1.0121174e-46
   4.8043085e+02   1.7366987e-45
   4.8153873e+02   1.0104528e-46
   4.8264916e+02   9.9532711e-47
   4.8376216e+02   9.9348610e-47
   4.8487772e+02   9.9368670e-47
   4.8599585e+02   9.9448921e-47
   4.8711656e+02   9.9553355e-47
   4.8823985e+02   9.9669555e-47
   4.8936574e+02   9.9792321e-47
   4.9049422e+02   9.9919166e-47
   4.9162530e+02   1.0004878e-46
   4.9275899e+02   1.0018043e-46
   4.9389530e+02   1.0031366e-46
   4.9503423e+02   1.0044820e-46
   4.9617578e+02   1.0058386e-46
   4.9731996e+02   1.0072053e-46
   4.9846679e+02   1.0085811e-46
   4.9961626e+02   1.0099656e-46
   5.0076837e+02   1.0113583e-46
   5.0192315e+02   1.0127588e-46
   5.0308059e+02   1.0141669e-46
   5.0424070e+02   1.0155826e-46
   5.0540348e+02   1.0170056e-46
   5.0656894e+02   1.0184359e-46
   5.0773710e+02   1.0198735e-46
   5.0890794e+02   1.0213182e-46
   5.1008149e+02   1.0227700e-46
   5.1125774e+02   1.0242290e-46
   5.1243670e+02   1.0256950e-46
   5.1361839e+02   1.0271682e-46
   5.1480279e+02   1.0286485e-46
   5.1598993e+02   1.0301360e-46
   5.1717981e+02   1.0316306e-46
   5.1837243e+02   1.0331323e-46
   5.1956780e+02   1.0346412e-46
   5.2076593e+02   1.0361573e-46
   5.2196682e+02   1.0376806e-46
   5.2317048e+02   1.0392111e-46
   5.2437691e+02   1.0407489e-46
   5.2558613e+02   1.0422940e-46
   5.2679814e+02   1.0438464e-46
   5.2801294e+02   1.0454061e-46
   5.2923054e+02   1.0469732e-46
   5.3045095e+02   1.0485478e-46
   5.3167417e+02   1.0501297e-46
   5.3290022e+02   1.0517191e-46
   5.3412909e+02   1.0533160e-46
   5.3536079e+02   1.0549204e-46
   5.3659534e+02   1.0565324e-46
   5.3783273e+02   1.0581520e-46
   5.3907298e+02   1.0597792e-46
   5.4031609e+02   1.0614141e-46
   5.4156206e+02   1.0630566e-46
   5.4281090e+02   1.0647069e-46
   5.4406263e+02   1.0663649e-46
   5.4531724e+02   1.0680307e-46
   5.4657475e+02   1.0697044e-46
   5.4783515e+02   1.0713859e-46
   5.4909847e+02   1.0730753e-46
   5.5036469e+02   1.0747726e-46
   5.5163384e+02   1.0764779e-46
   5.5290591e+02   1.0781912e-46
   5.5418091e+02   1.0799126e-46
   5.5545886e+02   1.0816420e-46
   5.5673975e+02   1.0833796e-46
   5.5802360e+02   1.0851253e-46
   5.5931040e+02   1.0868792e-46
   5.6060018e+02   1.0886413e-46
   5.6189293e+02   1.0904117e-46
   5.6318866e+02   1.0921904e-46
   5.6448737e+02   1.0939774e-46
   5.6578909e+02   1.0957728e-46
   5.6709380e+02   1.0975766e-46
   5.6840152e+02   1.0993889e-46
   5.6971226e+02   1.1012096e-46
   5.7102602e+02   1.1030389e-46
   5.7234281e+02   1.1048768e-46
   5.7366264e+02   1.1067233e-46
   5.7498551e+02   1.1085784e-46
   5.7631143e+02   1.1104422e-46
   5.7764041e+02   1.1123147e-46
   5.7897245e+02   1.1141960e-46
   5.8030757e+02   1.1160861e-46
   5.8164576e+02   1.1179851e-46
   5.8298704e+02   1.1198930e-46
   5.8433141e+02   1.1218098e-46
   5.8567889e+02   1.1237355e-46
   5.8702947e+02   1.1256703e-46
   5.8838316e+02   1.1276141e-46
   5.8973998e+02   1.1295670e-46
   5.9109992e+02   1.1315291e-46
   5.9246300e+02   1.1335003e-46
   5.9382923e+02   1.1354808e-46
   5.9519860e+02   1.1374705e-46
   5.9657113e+02   1.1394696e-46
   5.9794683e+02   1.1414780e-46
   5.9932570e+02   1.1434957e-46
   6.0070775e+02   1.1455229e-46
   6.0209299e+02   1.1475596e-46
   6.0348142e+02   1.1496059e-46
   6.0487305e+02   1.1516616e-46
   6.0626789e+02   1.1537270e-46
   6.0766595e+02   1.1558021e-46
   6.0906723e+02   1.1578868e-46
   6.1047175e+02   1.1599813e-46
   6.1187950e+02   1.1620856e-46
   6.1329050e+02   1.1641997e-46
   6.1470475e+02   1.1663237e-46
   6.1612226e+02   1.1684576e-46
   6.1754305e+02   1.1706015e-46
   6.1896711e+02   1.1727554e-46
   6.2039445e+02   1.1749194e-46
   6.2182508e+02   1.1770935e-46
   6.2325902e+02   1.1792777e-46
   6.2469626e+02   1.1814722e-46
   6.2613681e+02   1.1836768e-46
   6.2758069e+02   1.1858918e-46
   6.2902789e+02   1.1881171e-46
   6.3047844e+02   1.1903529e-46
   6.3193232e+02   1.1925990e-46
   6.3338957e+02   1.1948557e-46
   6.3485017e+02   1.1971228e-46
   6.3631414e+02   1.1994006e-46
   6.3778148e+02   1.2016890e-46
   6.3925221e+02   1.2039881e-46
   6.4072633e+02   1.2062979e-46
   6.4220385e+02   1.2086185e-46
   6.4368478e+02   1.2109499e-46
   6.4516912e+02   1.2132922e-46
   6.4665688e+02   1.2156454e-46
   6.4814808e+02   1.2180096e-46
   6.4964271e+02   1.2203848e-46
   6.5114080e+02   1.2227712e-46
   6.5264233e+02   1.2251686e-46
   6.5414733e+02   1.2275772e-46
   6.5565580e+02   1.2299971e-46
   6.5716775e+02   1.2324283e-46
   6.5868318e+02   1.2348708e-46
   6.6020211e+02   1.2373246e-46
   6.6172454e+02   1.2397900e-46
   6.6325048e+02   1.2422668e-46
   6.6477994e+02   1.2447552e-46
   6.6631293e+02   1.2472551e-46
   6.6784945e+02   1.2497668e-46
   6.6938952e+02   1.2522901e-46
   6.7093314e+02   1.2548252e-46
   6.7248031e+02   1.2573722e-46
   6.7403106e+02   1.2599310e-46
   6.7558538e+02   1.2625017e-46
   6.7714328e+02   1.2650844e-46
   6.7870478e+02   1.2676791e-46
   6.8026988e+02   1.2702860e-46
   6.8183859e+02   1.2729049e-46
   6.8341091e+02   1.2755361e-46
   6.8498686e+02   1.2781796e-46
   6.8656645e+02   1.2808353e-46
   6.8814967e+02   1.2835035e-46
   6.8973655e+02   1.2861840e-46
   6.9132709e+02   1.2888771e-46
   6.9292130e+02   1.2915827e-46
   6.9451918e+02   1.2943009e-46
   6.9612074e+02   1.2970317e-46
   6.9772600e+02   1.2997753e-46
   6.9933497e+02   1.3025317e-46
   7.0094764e+02   1.3053009e-46
   7.0256403e+02   1.3080830e-46
   7.0418415e+02   1.3108780e-46
   7.0580800e+02   1.3136861e-46
   7.0743560e+02   1.3165072e-46
   7.0906695e+02   1.3193415e-46
   7.1070206e+02   1.3221890e-46
   7.1234095e+02   1.3250497e-46
   7.1398361e+02   1.3279237e-46
   7.1563006e+02   1.3308112e-46
   7.1728031e+02   1.3337120e-46
   7.1893437e+02   1.3366264e-46
   7.2059223e+02   1.3395543e-46
   7.2225393e+02   1.3424959e-46
   7.2391945e+02   1.3454511e-46
   7.2558881e+02   1.3484201e-46
   7.2726203e+02   1.3514029e-46
   7.2893910e+02   1.3543996e-46
   7.3062004e+02   1.3574103e-46
   7.3230485e+02   1.3604349e-46
   7.3399355e+02   1.3634736e-46
   7.3568615e+02   1.3665265e-46
   7.3738265e+02   1.3695936e-46
   7.3908306e+02   1.3726749e-46
   7.4078739e+02   1.3757706e-46
   7.4249565e+02   1.3788806e-46
   7.4420785e+02   1.3820052e-46
   7.4592400e+02   1.3851442e-46
   7.4764410e+02   1.3882979e-46
   7.4936818e+02   1.3914662e-46
   7.5109623e+02   1.3946493e-46
   7.5282826e+02   1.3978471e-46
   7.5456429e+02   1.4010599e-46
   7.5630432e+02   1.4042876e-46
   7.5804836e+02   1.4075303e-46
   7.5979643e+02   1.4107880e-46
   7.6154852e+02   1.4140609e-46
   7.6330466e+02   1.4173491e-46
   7.6506485e+02   1.4206525e-46
   7.6682909e+02   1.4239712e-46
   7.6859741e+02   1.4273054e-46
   7.7036980e+02   1.4306551e-46
   7.7214628e+02   1.4340204e-46
   7.7392685e+02   1.4374013e-46
   7.7571153e+02   1.4407979e-46
   7.7750033e+02   1.4442104e-46
   7.7929325e+02   1.4476386e-46
   7.8109031e+02   1.4510828e-46
   7.8289151e+02   1.4545431e-46
   7.8469686e+02   1.4580193e-46
   7.8650638e+02   1.4615118e-46
   7.8832007e+02   1.4650205e-46
   7.9013794e+02   1.4685454e-46
   7.9196000e+02   1.4720868e-46
   7.9378627e+02   1.4756446e-46
   7.9561675e+02   1.4792189e-46
   7.9745144e+02   1.4828099e-46
   7.9929037e+02   1.4864175e-46
   8.0113354e+02   1.4900419e-46
   8.0298096e+02   1.4936831e-46
   8.0483264e+02   1.4973413e-46
   8.0668859e+02   1.5010164e-46
   8.0854882e+02   1.5047086e-46
   8.1041334e+02   1.5084180e-46
   8.1228216e+02   1.5121445e-46
   8.1415529e+02   1.5158884e-46
   8.1603274e+02   1.5196497e-46
   8.1791452e+02   1.5234284e-46
   8.1980064e+02   1.5272247e-46
   8.2169110e+02   1.5310386e-46
   8.2358593e+02   1.5348703e-46
   8.2548512e+02   1.5387197e-46
   8.2738870e+02   1.5425870e-46
   8.2929666e+02   1.5464722e-46
   8.3120903e+02   1.5503755e-46
   8.3312580e+02   1.5542969e-46
   8.3504700e+02   1.5582365e-46
   8.3697262e+02   1.5621944e-46
   8.3890269e+02   1.5661707e-46
   8.4083720e+02   1.5701655e-46
   8.4277618e+02   1.5741787e-46
   8.4471963e+02   1.5782106e-46
   8.4666756e+02   1.5822613e-46
   8.4861998e+02   1.5863307e-46
   8.5057690e+02   1.5904190e-46
   8.5253834e+02   1.5945263e-46
   8.5450430e+02   1.5986527e-46
   8.5647479e+02   1.6027982e-46
   8.5844983e+02   1.6069629e-46
   8.6042942e+02   1.6111470e-46
   8.6241358e+02   1.6153505e-46
   8.6440231e+02   1.6195735e-46
   8.6639563e+02   1.6238161e-46
   8.6839354e+02   1.6280783e-46
   8.7039607e+02   1.6323604e-46
   8.7240321e+02   1.6366623e-46
   8.7441498e+02   1.6409842e-46
   8.7643138e+02   1.6453261e-46
   8.7845244e+02   1.6496882e-46
   8.8047816e+02   1.6540705e-46
   8.8250855e+02   1.6584732e-46
   8.8454362e+02   1.6628963e-46
   8.8658338e+02   1.6673399e-46
   8.8862785e+02   1.6718041e-46
   8.9067703e+02   1.6762890e-46
   8.9273094e+02   1.6807947e-46
   8.9478959e+02   1.6853214e-46
   8.9685298e+02   1.6898690e-46
   8.9892113e+02   1.6944377e-46
   9.0099405e+02   1.6990276e-46
   9.0307175e+02   1.7036388e-46
   9.0515424e+02   1.7082714e-46
   9.0724153e+02   1.7129255e-46
   9.0933364e+02   1.7176012e-46
   9.1143057e+02   1.7222986e-46
   9.1353233e+02   1.7270177e-46
   9.1563894e+02   1.7317588e-46
   9.1775041e+02   1.7365219e-46
   9.1986675e+02   1.7413070e-46
   9.2198797e+02   1.7461144e-46
   9.2411408e+02   1.7509441e-46
   9.2624510e+02   1.7557962e-46
   9.2838103e+02   1.7606708e-46
   9.3052188e+02   1.7655681e-46
   9.3266767e+02   1.7704882e-46
   9.3481841e+02   1.7754312e-46
   9.3697411e+02   1.7803972e-46
   9.3913478e+02   1.7853865e-46
   9.4130043e+02   1.7903991e-46
   9.4347108e+02   1.7954354e-46
   9.4564673e+02   1.8004957e-46
   9.4782740e+02   1.8055807e-46
   9.5001309e+02   1.8106915e-46
   9.5220383e+02   1.8158309e-46
   9.5439962e+02   1.8210066e-46
   9.5660047e+02   1.8262517e-46
   9.5880640e+02   1.8318711e-46
   9.6101742e+02   1.8716136e-46
   9.6323353e+02   1.8421441e-46
   9.6545475e+02   1.8471704e-46
   9.6768110e+02   1.8524173e-46
   9.6991258e+02   1.8577210e-46
   9.7214920e+02   1.8630591e-46
   9.7439099e+02   1.8684259e-46
   9.7663794e+02   1.8738195e-46
   9.7889008e+02   1.8792390e-46
   9.8114740e+02   1.8846843e-46
   9.8340994e+02   1.8901551e-46
   9.8567769e+02   1.8956516e-46
   9.8795067e+02   1.9011737e-46
   9.9022889e+02   1.9067215e-46
   9.9251237e+02   1.9122950e-46
   9.9480111e+02   1.9178945e-46
   9.9709513e+02   1.9235200e-46
   9.9939443e+02   1.9291715e-46
   1.0016990e+03   1.9348493e-46
   1.0040090e+03   1.9405534e-46
   1.0063242e+03   1.9462839e-46
   1.0086448e+03   1.9520410e-46
   1.0109708e+03   1.9578248e-46
   1.0133021e+03   1.9636354e-46
   1.0156387e+03   1.9694729e-46
   1.0179808e+03   1.9753374e-46
   1.0203283e+03   1.9812291e-46
   1.0226812e+03   1.9871482e-46
   1.0250395e+03   1.9930946e-46
   1.0274032e+03   1.9990686e-46
   1.0297724e+03   2.0050703e-46
   1.0321471e+03   2.0110997e-46
   1.0345272e+03   2.0171571e-46
   1.0369129e+03   2.0232426e-46
   1.0393040e+03   2.0293562e-46
   1.0417006e+03   2.0354982e-46
   1.0441028e+03   2.0416686e-46
   1.0465105e+03   2.0478675e-46
   1.0489238e+03   2.0540952e-46
   1.0513426e+03   2.0603517e-46
   1.0537670e+03   2.0666372e-46
   1.0561970e+03   2.0729518e-46
   1.0586326e+03   2.0792957e-46
   1.0610738e+03   2.0856689e-46
   1.0635207e+03   2.0920717e-46
   1.0659731e+03   2.0985040e-46
   1.0684313e+03   2.1049662e-46
   1.0708951e+03   2.1114583e-46
   1.0733646e+03   2.1179805e-46
   1.0758398e+03   2.1245328e-46
   1.0783207e+03   2.1311155e-46
   1.0808073e+03   2.1377287e-46
   1.0832996e+03   2.1443725e-46
   1.0857977e+03   2.1510470e-46
   1.0883016e+03   2.1577525e-46
   1.0908112e+03   2.1644890e-46
   1.0933266e+03   2.1712567e-46
   1.0958479e+03   2.1780557e-46
   1.0983749e+03   2.1848862e-46
   1.1009078e+03   2.1917483e-46
   1.1034465e+03   2.1986422e-46
   1.1059910e+03   2.2055679e-46
   1.1085414e+03   2.2125258e-46
   1.1110977e+03   2.2195159e-46
   1.1136599e+03   2.2265383e-46
   1.1162281e+03   2.2335932e-46
   1.1188021e+03   2.2406808e-46
   1.1213820e+03   2.2478012e-46
   1.1239680e+03   2.2549545e-46
   1.1265598e+03   2.2621410e-46
   1.1291577e+03   2.2693607e-46
   1.1317615e+03   2.2766138e-46
   1.1343714e+03   2.2839005e-46
   1.1369873e+03   2.2912210e-46
   1.1396092e+03   2.2985753e-46
   1.1422371e+03   2.3059636e-46
   1.1448711e+03   2.3133862e-46
   1.1475112e+03   2.3208431e-46
   1.1501574e+03   2.3283345e-46
   1.1528096e+03   2.3358606e-46
   1.1554680e+03   2.3434215e-46
   1.1581325e+03   2.3510174e-46
   1.1608032e+03   2.3586484e-46
   1.1634800e+03   2.3663148e-46
   1.1661630e+03   2.3740166e-46
   1.1688522e+03   2.3817541e-46
   1.1715476e+03   2.3895274e-46
   1.1742492e+03   2.3973367e-46
   1.1769570e+03   2.4051821e-46
   1.1796711e+03   2.4130638e-46
   1.1823914e+03   2.4209819e-46
   1.1851180e+03   2.4289368e-46
   1.1878509e+03   2.4369284e-46
   1.1905901e+03   2.4449570e-46
   1.1933356e+03   2.4530227e-46
   1.1960875e+03   2.4611258e-46
   1.1988456e+03   2.4692663e-46
   1.2016102e+03   2.4774445e-46
   1.2043811e+03   2.4856606e-46
   1.2071584e+03   2.4939147e-46
   1.2099421e+03   2.5022069e-46
   1.2127323e+03   2.5105376e-46
   1.2155288e+03   2.5189067e-46
   1.2183319e+03   2.5273146e-46
   1.2211413e+03   2.5357614e-46
   1.2239573e+03   2.5442473e-46
   1.2267798e+03   2.5527724e-46
   1.2296087e+03   2.5613369e-46
   1.2324442e+03   2.5699411e-46
   1.2352862e+03   2.5785851e-46
   1.2381348e+03   2.5872691e-46
   1.2409900e+03   2.5959932e-46
   1.2438517e+03   2.6047577e-46
   1.2467200e+03   2.6135628e-46
   1.2495950e+03   2.6224086e-46
   1.2524766e+03   2.6312953e-46
   1.2553648e+03   2.6402231e-46
   1.2582597e+03   2.6491922e-46
   1.2611612e+03   2.6582027e-46
   1.2640695e+03   2.6672550e-46
   1.2669844e+03   2.6763492e-46
   1.2699061e+03   2.6854854e-46
   1.2728345e+03   2.6946638e-46
   1.2757697e+03   2.7038847e-46
   1.2787116e+03   2.7131483e-46
   1.2816603e+03   2.7224547e-46
   1.2846158e+03   2.7318042e-46
   1.2875782e+03   2.7411969e-46
   1.2905473e+03   2.7506330e-46
   1.2935233e+03   2.7601128e-46
   1.2965062e+03   2.7696364e-46
   1.2994960e+03   2.7792041e-46
   1.3024926e+03   2.7888161e-46
   1.3054962e+03   2.7984724e-46
   1.3085067e+03   2.8081735e-46
   1.3115241e+03   2.8179194e-46
   1.3145485e+03   2.8277104e-46
   1.3175798e+03   2.8375466e-46
   1.3206182e+03   2.8474284e-46
   1.3236635e+03   2.8573558e-46
   1.3267159e+03   2.8673292e-46
   1.3297753e+03   2.8773487e-46
   1.3328418e+03   2.8874145e-46
   1.3359154e+03   2.8975268e-46
   1.3389960e+03   2.9076860e-46
   1.3420837e+03   2.9178921e-46
   1.3451786e+03   2.9281454e-46
   1.3482806e+03   2.9384461e-46
   1.3513897e+03   2.9487945e-46
   1.3545060e+03   2.9591907e-46
   1.3576295e+03   2.9696349e-46
   1.3607602e+03   2.9801275e-46
   1.3638982e+03   2.9906686e-46
   1.3670433e+03   3.0012584e-46
   1.3701957e+03   3.0118972e-46
   1.3733554e+03   3.0225852e-46
   1.3765224e+03   3.0333227e-46
   1.3796966e+03   3.0441097e-46
   1.3828782e+03   3.0549467e-46
   1.3860672e+03   3.0658337e-46
   1.3892634e+03   3.0767711e-46
   1.3924671e+03   3.0877591e-46
   1.3956781e+03   3.0987979e-46
   1.3988966e+03   3.1098877e-46
   1.4021224e+03   3.1210288e-46
   1.4053558e+03   3.1322214e-46
   1.4085965e+03   3.1434658e-46
   1.4118448e+03   3.1547623e-46
   1.4151005e+03   3.1661109e-46
   1.4183637e+03   3.1775122e-46
   1.4216345e+03   3.1889662e-46
   1.4249128e+03   3.2004734e-46
   1.4281986e+03   3.2120343e-46
   1.4314921e+03   3.2236497e-46
   1.4347931e+03   3.2353230e-46
   1.4381017e+03   3.2470810e-46
   1.4414180e+03   3.2655596e-46
   1.4447419e+03   3.2706720e-46
   1.4480735e+03   3.2825309e-46
   1.4514128e+03   3.2944650e-46
   1.4547598e+03   3.3064576e-46
   1.4581144e+03   3.3185066e-46
   1.4614769e+03   3.3306117e-46
   1.4648470e+03   3.3427729e-46
   1.4682250e+03   3.3549904e-46
   1.4716107e+03   3.3672645e-46
   1.4750043e+03   3.3795954e-46
   1.4784056e+03   3.3919832e-46
   1.4818149e+03   3.4044284e-46
   1.4852319e+03   3.4169311e-46
   1.4886569e+03   3.4294916e-46
   1.4920897e+03   3.4421102e-46
   1.4955305e+03   3.4547871e-46
   1.4989792e+03   3.4675226e-46
   1.5024359e+03   3.4803170e-46
   1.5059005e+03   3.4931705e-46
   1.5093731e+03   3.5060834e-46
   1.5128538e+03   3.5190561e-46
   1.5163424e+03   3.5320887e-46
   1.5198391e+03   3.5451815e-46
   1.5233439e+03   3.5583349e-46
   1.5268567e+03   3.5715490e-46
   1.5303776e+03   3.5848242e-46
   1.5339067e+03   3.5981608e-46
   1.5374439e+03   3.6115591e-46
   1.5409893e+03   3.6250192e-46
   1.5445428e+03   3.6385416e-46
   1.5481045e+03   3.6521265e-46
   1.5516745e+03   3.6657742e-46
   1.5552526e+03   3.6794849e-46
   1.5588391e+03   3.6932590e-46
   1.5624338e+03   3.7070968e-46
   1.5660367e+03   3.7209986e-46
   1.5696480e+03   3.7349646e-46
   1.5732677e+03   3.7489951e-46
   1.5768956e+03   3.7630905e-46
   1.5805320e+03   3.7772510e-46
   1.5841767e+03   3.7914770e-46
   1.5878298e+03   3.8057687e-46
   1.5914913e+03   3.8201265e-46
   1.5951613e+03   3.8345507e-46
   1.5988398e+03   3.8490415e-46
   1.6025267e+03   3.8635992e-46
   1.6062222e+03   3.8782243e-46
   1.6099261e+03   3.8929169e-46
   1.6136386e+03   3.9076775e-46
   1.6173597e+03   3.9225063e-46
   1.6210893e+03   3.9374035e-46
   1.6248276e+03   3.9523697e-46
   1.6285744e+03   3.9674050e-46
   1.6323300e+03   3.9825098e-46
   1.6360941e+03   3.9976844e-46
   1.6398670e+03   4.0129291e-46
   1.6436485e+03   4.0282443e-46
   1.6474388e+03   4.0436302e-46
   1.6512378e+03   4.0590873e-46
   1.6550456e+03   4.0746158e-46
   1.6588621e+03   4.0902160e-46
   1.6626874e+03   4.1058884e-46
   1.6665216e+03   4.1216331e-46
   1.6703646e+03   4.1374506e-46
   1.6742165e+03   4.1533412e-46
   1.6780773e+03   4.1693053e-46
   1.6819469e+03   4.1853431e-46
   1.6858255e+03   4.2014550e-46
   1.6897130e+03   4.2176414e-46
   1.6936095e+03   4.2339026e-46
   1.6975150e+03   4.2502389e-46
   1.7014295e+03   4.2666507e-46
   1.7053530e+03   4.2831384e-46
   1.7092855e+03   4.2997022e-46
   1.7132272e+03   4.3163426e-46
   1.7171779e+03   4.3330599e-46
   1.7211377e+03   4.3498544e-46
   1.7251067e+03   4.3667265e-46
   1.7290848e+03   4.3836766e-46
   1.7330721e+03   4.4007050e-46
   1.7370685e+03   4.4178121e-46
   1.7410742e+03   4.4349983e-46
   1.7450892e+03   4.4522638e-46
   1.7491133e+03   4.4696091e-46
   1.7531468e+03   4.4870346e-46
   1.7571896e+03   4.5045406e-46
   1.7612417e+03   4.5221275e-46
   1.7653031e+03   4.5397957e-46
   1.7693739e+03   4.5575454e-46
   1.7734541e+03   4.5753772e-46
   1.7775437e+03   4.5932914e-46
   1.7816427e+03   4.6112884e-46
   1.7857512e+03   4.6293685e-46
   1.7898692e+03   4.6475322e-46
   1.7939966e+03   4.6657797e-46
   1.7981336e+03   4.6841116e-46
   1.8022801e+03   4.7025282e-46
   1.8064362e+03   4.7210299e-46
   1.8106018e+03   4.7396171e-46
   1.8147771e+03   4.7582902e-46
   1.8189620e+03   4.7770495e-46
   1.8231565e+03   4.7958955e-46
   1.8273607e+03   4.8148286e-46
   1.8315746e+03   4.8338491e-46
   1.8357983e+03   4.8529575e-46
   1.8400316e+03   4.8721543e-46
   1.8442748e+03   4.8914397e-46
   1.8485277e+03   4.9108142e-46
   1.8527904e+03   4.9302782e-46
   1.8570629e+03   4.9498322e-46
   1.8613453e+03   4.9694765e-46
   1.8656376e+03   4.9892116e-46
   1.8699398e+03   5.0090378e-46
   1.8742519e+03   5.0289556e-46
   1.8785739e+03   5.0489655e-46
   1.8829059e+03   5.0690678e-46
   1.8872479e+03   5.0892630e-46
   1.8915999e+03   5.1095516e-46
   1.8959620e+03   5.1299338e-46
   1.9003341e+03   5.1504103e-46
   1.9047163e+03   5.1709815e-46
   1.9091086e+03   5.1916480e-46
   1.9135110e+03   5.2124109e-46
   1.9179235e+03   5.2332776e-46
   1.9223463e+03   5.2544590e-46
   1.9267792e+03   5.2752757e-46
   1.9312224e+03   5.2964196e-46
   1.9356758e+03   5.3176643e-46
   1.9401395e+03   5.3390077e-46
   1.9446135e+03   5.3604498e-46
   1.9490978e+03   5.3819910e-46
   1.9535924e+03   5.4036318e-46
   1.9580974e+03   5.4253726e-46
   1.9626128e+03   5.4472139e-46
   1.9671386e+03   5.4691560e-46
   1.9716748e+03   5.4911996e-46
   1.9762215e+03   5.5133449e-46
   1.9807787e+03   5.5355926e-46
   1.9853464e+03   5.5579430e-46
   1.9899246e+03   5.5803967e-46
   1.9945134e+03   5.6029542e-46
   1.9991128e+03   5.6256158e-46
   2.0037227e+03   5.6483821e-46
   2.0083433e+03   5.6712536e-46
   2.0129746e+03   5.6942308e-46
   2.0176165e+03   5.7173141e-46
   2.0222692e+03   5.7405040e-46
   2.0269325e+03   5.7638011e-46
   2.0316067e+03   5.7872058e-46
   2.0362916e+03   5.8107186e-46
   2.0409873e+03   5.8343400e-46
   2.0456938e+03   5.8580706e-46
   2.0504112e+03   5.8819107e-46
   2.0551394e+03   5.9058610e-46
   2.0598786e+03   5.9299220e-46
   2.0646287e+03   5.9540940e-46
   2.0693898e+03   5.9783778e-46
   2.0741618e+03   6.0027737e-46
   2.0789448e+03   6.0272823e-46
   2.0837389e+03   6.0519042e-46
   2.0885440e+03   6.0766397e-46
   2.0933602e+03   6.1014896e-46
   2.0981875e+03   6.1264542e-46
   2.1030259e+03   6.1515341e-46
   2.1078755e+03   6.1767299e-46
   2.1127363e+03   6.2020421e-46
   2.1176083e+03   6.2274712e-46
   2.1224915e+03   6.2530178e-46
   2.1273860e+03   6.2786823e-46
   2.1322918e+03   6.3044655e-46
   2.1372088e+03   6.3303677e-46
   2.1421373e+03   6.3563896e-46
   2.1470771e+03   6.3825316e-46
   2.1520282e+03   6.4087945e-46
   2.1569908e+03   6.4351786e-46
   2.1619649e+03   6.4616846e-46
   2.1669504e+03   6.4883131e-46
   2.1719474e+03   6.5150645e-46
   2.1769559e+03   6.5419396e-46
   2.1819760e+03   6.5689387e-46
   2.1870076e+03   6.5960626e-46
   2.1920509e+03   6.6233118e-46
   2.1971058e+03   6.6506868e-46
   2.2021723e+03   6.6781883e-46
   2.2072505e+03   6.7058168e-46
   2.2123405e+03   6.7335729e-46
   2.2174421e+03   6.7614573e-46
   2.2225556e+03   6.7894704e-46
   2.2276808e+03   6.8176129e-46
   2.2328179e+03   6.8458855e-46
   2.2379668e+03   6.8742886e-46
   2.2431275e+03   6.9028229e-46
   2.2483002e+03   6.9314890e-46
   2.2534848e+03   6.9602875e-46
   2.2586814e+03   6.9892191e-46
   2.2638899e+03   7.0182842e-46
   2.2691104e+03   7.0474836e-46
   2.2743430e+03   7.0768179e-46
   2.2795877e+03   7.1062877e-46
   2.2848444e+03   7.1358936e-46
   2.2901133e+03   7.1656363e-46
   2.2953943e+03   7.1955163e-46
   2.3006875e+03   7.2255343e-46
   2.3059929e+03   7.2556910e-46
   2.3113105e+03   7.2859870e-46
   2.3166404e+03   7.3164229e-46
   2.3219826e+03   7.3469994e-46
   2.3273371e+03   7.3777172e-46
   2.3327040e+03   7.4085768e-46
   2.3380832e+03   7.4395789e-46
   2.3434749e+03   7.4707242e-46
   2.3488789e+03   7.5020134e-46
   2.3542955e+03   7.5334471e-46
   2.3597245e+03   7.5650260e-46
   2.3651660e+03   7.5967508e-46
   2.3706201e+03   7.6286221e-46
   2.3760868e+03   7.6606406e-46
   2.3815661e+03   7.6928070e-46
   2.3870580e+03   7.7251221e-46
   2.3925626e+03   7.7575868e-46
   2.3980798e+03   7.7902047e-46
   2.4036098e+03   7.8229888e-46
   2.4091526e+03   7.8558823e-46
   2.4147081e+03   7.8889495e-46
   2.4202764e+03   7.9221702e-46
   2.4258576e+03   7.9555444e-46
   2.4314516e+03   7.9890728e-46
   2.4370586e+03   8.0227560e-46
   2.4426785e+03   8.0565949e-46
   2.4483113e+03   8.0905900e-46
   2.4539571e+03   8.1247422e-46
   2.4596160e+03   8.1590521e-46
   2.4652879e+03   8.1935205e-46
   2.4709728e+03   8.2281480e-46
   2.4766709e+03   8.2629355e-46
   2.4823821e+03   8.2978837e-46
   2.4881065e+03   8.3329933e-46
   2.4938441e+03   8.3682650e-46
   2.4995949e+03   8.4036996e-46
   2.5053590e+03   8.4392979e-46
   2.5111364e+03   8.4750607e-46
   2.5169271e+03   8.5109885e-46
   2.5227312e+03   8.5470823e-46
   2.5285486e+03   8.5833429e-46
   2.5343794e+03   8.6197708e-46
   2.5402237e+03   8.6563671e-46
   2.5460815e+03   8.6931323e-46
   2.5519528e+03   8.7300674e-46
   2.5578376e+03   8.7671730e-46
   2.5637360e+03   8.8044500e-46
   2.5696480e+03   8.8418992e-46
   2.5755736e+03   8.8795213e-46
   2.5815129e+03   8.9173172e-46
   2.5874659e+03   8.9552876e-46
   2.5934326e+03   8.9934334e-46
   2.5994131e+03   9.0317554e-46
   2.6054074e+03   9.0702544e-46
   2.6114155e+03   9.1089312e-46
   2.6174374e+03   9.1477866e-46
   2.6234732e+03   9.1868214e-46
   2.6295230e+03   9.2260365e-46
   2.6355867e+03   9.2654328e-46
   2.6416644e+03   9.3050110e-46
   2.6477561e+03   9.3447719e-46
   2.6538618e+03   9.3847166e-46
   2.6599816e+03   9.4248456e-46
   2.6661156e+03   9.4651601e-46
   2.6722637e+03   9.5056607e-46
   2.6784259e+03   9.5463483e-46
   2.6846024e+03   9.5872239e-46
   2.6907931e+03   9.6282882e-46
   2.6969981e+03   9.6695422e-46
   2.7032174e+03   9.7109867e-46
   2.7094510e+03   9.7526226e-46
   2.7156991e+03   9.7944508e-46
   2.7219615e+03   9.8364722e-46
   2.7282383e+03   9.8786876e-46
   2.7345297e+03   9.9210980e-46
   2.7408355e+03   9.9637043e-46
   2.7471559e+03   1.0006507e-45
   2.7534909e+03   1.0049508e-45
   2.7598405e+03   1.0092707e-45
   2.7662047e+03   1.0136106e-45
   2.7725836e+03   1.0179705e-45
   2.7789772e+03   1.0223506e-45
   2.7853855e+03   1.0267509e-45
   2.7918086e+03   1.0311715e-45
   2.7982465e+03   1.0356125e-45
   2.8046993e+03   1.0400741e-45
   2.8111670e+03   1.0445562e-45
   2.8176496e+03   1.0490590e-45
   2.8241471e+03   1.0535827e-45
   2.8306596e+03   1.0581272e-45
   2.8371871e+03   1.0626927e-45
   2.8437297e+03   1.0672793e-45
   2.8502873e+03   1.0718871e-45
   2.8568601e+03   1.0765161e-45
   2.8634481e+03   1.0811666e-45
   2.8700512e+03   1.0858385e-45
   2.8766696e+03   1.0905321e-45
   2.8833032e+03   1.0952507e-45
   2.8899521e+03   1.0999841e-45
   2.8966164e+03   1.1047429e-45
   2.9032960e+03   1.1095237e-45
   2.9099910e+03   1.1143265e-45
   2.9167015e+03   1.1191516e-45
   2.9234274e+03   1.1239989e-45
   2.9301688e+03   1.1288686e-45
   2.9369258e+03   1.1337609e-45
   2.9436984e+03   1.1386757e-45
   2.9504866e+03   1.1436131e-45
   2.9572904e+03   1.1485734e-45
   2.9641100e+03   1.1535567e-45
   2.9709452e+03   1.1585629e-45
   2.9777963e+03   1.1635922e-45
   2.9846631e+03   1.1686448e-45
   2.9915457e+03   1.1737207e-45
   2.9984443e+03   1.1788200e-45
   3.0053587e+03   1.1839429e-45
   3.0122891e+03   1.1890894e-45
   3.0192354e+03   1.1942598e-45
   3.0261978e+03   1.1994539e-45
   3.0331763e+03   1.2046721e-45
   3.0401708e+03   1.2099144e-45
   3.0471814e+03   1.2151809e-45
   3.0542083e+03   1.2204717e-45
   3.0612513e+03   1.2257869e-45
   3.0683106e+03   1.2311267e-45
   3.0753861e+03   1.2364911e-45
   3.0824780e+03   1.2418804e-45
   3.0895862e+03   1.2472945e-45
   3.0967108e+03   1.2527336e-45
   3.1038518e+03   1.2581978e-45
   3.1110093e+03   1.2636872e-45
   3.1181833e+03   1.2692020e-45
   3.1253739e+03   1.2747423e-45
   3.1325810e+03   1.2803082e-45
   3.1398048e+03   1.2858997e-45
   3.1470452e+03   1.2915171e-45
   3.1543023e+03   1.2971605e-45
   3.1615762e+03   1.3028298e-45
   3.1688668e+03   1.3085254e-45
   3.1761742e+03   1.3142473e-45
   3.1834985e+03   1.3199956e-45
   3.1908397e+03   1.3257704e-45
   3.1981978e+03   1.3315719e-45
   3.2055728e+03   1.3374002e-45
   3.2129649e+03   1.3432554e-45
   3.2203740e+03   1.3491377e-45
   3.2278002e+03   1.3550471e-45
   3.2352436e+03   1.3609838e-45
   3.2427041e+03   1.3669479e-45
   3.2501818e+03   1.3729396e-45
   3.2576767e+03   1.3789589e-45
   3.2651889e+03   1.3850060e-45
   3.2727185e+03   1.3910811e-45
   3.2802654e+03   1.3971842e-45
   3.2878297e+03   1.4033155e-45
   3.2954115e+03   1.4094751e-45
   3.3030107e+03   1.4156631e-45
   3.3106275e+03   1.4218798e-45
   3.3182618e+03   1.4281251e-45
   3.3259138e+03   1.4343993e-45
   3.3335833e+03   1.4407024e-45
   3.3412706e+03   1.4470347e-45
   3.3489756e+03   1.4533962e-45
   3.3566984e+03   1.4597871e-45
   3.3644389e+03   1.4662081e-45
   3.3721974e+03   1.4726575e-45
   3.3799737e+03   1.4791373e-45
   3.3877679e+03   1.4856470e-45
   3.3955801e+03   1.4921868e-45
   3.4034104e+03   1.4987568e-45
   3.4112587e+03   1.5053571e-45
   3.4191251e+03   1.5119880e-45
   3.4270096e+03   1.5186494e-45
   3.4349123e+03   1.5253416e-45
   3.4428332e+03   1.5320647e-45
   3.4507724e+03   1.5388189e-45
   3.4587299e+03   1.5456042e-45
   3.4667058e+03   1.5524209e-45
   3.4747000e+03   1.5592690e-45
   3.4827127e+03   1.5661488e-45
   3.4907439e+03   1.5730603e-45
   3.4987936e+03   1.5800038e-45
   3.5068618e+03   1.5869793e-45
   3.5149487e+03   1.5939871e-45
   3.5230542e+03   1.6010272e-45
   3.5311784e+03   1.6080998e-45
   3.5393213e+03   1.6152050e-45
   3.5474830e+03   1.6223431e-45
   3.5556635e+03   1.6295142e-45
   3.5638629e+03   1.6367183e-45
   3.5720812e+03   1.6439557e-45
   3.5803184e+03   1.6512266e-45
   3.5885747e+03   1.6585310e-45
   3.5968500e+03   1.6658691e-45
   3.6051443e+03   1.6732412e-45
   3.6134578e+03   1.6806472e-45
   3.6217905e+03   1.6880875e-45
   3.6301424e+03   1.6955622e-45
   3.6385135e+03   1.7030713e-45
   3.6469039e+03   1.7106151e-45
   3.6553137e+03   1.7181938e-45
   3.6637429e+03   1.7258075e-45
   3.6721915e+03   1.7334563e-45
   3.6806596e+03   1.7411404e-45
   3.6891472e+03   1.7488600e-45
   3.6976544e+03   1.7566153e-45
   3.7061813e+03   1.7644064e-45
   3.7147277e+03   1.7722334e-45
   3.7232939e+03   1.7800966e-45
   3.7318799e+03   1.7879961e-45
   3.7404856e+03   1.7959321e-45
   3.7491112e+03   1.8039048e-45
   3.7577567e+03   1.8119142e-45
   3.7664221e+03   1.8199606e-45
   3.7751075e+03   1.8280442e-45
   3.7838129e+03   1.8361651e-45
   3.7925384e+03   1.8443236e-45
   3.8012841e+03   1.8525197e-45
   3.8100498e+03   1.8607536e-45
   3.8188359e+03   1.8690256e-45
   3.8276421e+03   1.8773357e-45
   3.8364687e+03   1.8856843e-45
   3.8453156e+03   1.8940716e-45
   3.8541829e+03   1.9024972e-45
   3.8630707e+03   1.9109619e-45
   3.8719790e+03   1.9194657e-45
   3.8809078e+03   1.9280088e-45
   3.8898572e+03   1.9365913e-45
   3.8988272e+03   1.9452134e-45
   3.9078180e+03   1.9538754e-45
   3.9168294e+03   1.9625774e-45
   3.9258617e+03   1.9713195e-45
   3.9349147e+03   1.9801020e-45
   3.9439887e+03   1.9889251e-45
   3.9530835e+03   1.9977889e-45
   3.9621994e+03   2.0066937e-45
   3.9713362e+03   2.0156396e-45
   3.9804942e+03   2.0246267e-45
   3.9896732e+03   2.0336554e-45
   3.9988734e+03   2.0427258e-45
   4.0080949e+03   2.0518380e-45
   4.0173376e+03   2.0609924e-45
   4.0266016e+03   2.0701890e-45
   4.0358870e+03   2.0794280e-45
   4.0451937e+03   2.0887098e-45
   4.0545220e+03   2.0980344e-45
   4.0638718e+03   2.1074020e-45
   4.0732431e+03   2.1168129e-45
   4.0826360e+03   2.1262673e-45
   4.0920506e+03   2.1357653e-45
   4.1014869e+03   2.1453072e-45
   4.1109450e+03   2.1548931e-45
   4.1204248e+03   2.1645233e-45
   4.1299266e+03   2.1741980e-45
   4.1394502e+03   2.1839173e-45
   4.1489958e+03   2.1936816e-45
   4.1585634e+03   2.2034909e-45
   4.1681531e+03   2.2133455e-45
   4.1777649e+03   2.2232456e-45
   4.1873988e+03   2.2331914e-45
   4.1970550e+03   2.2431832e-45
   4.2067335e+03   2.2532211e-45
   4.2164342e+03   2.2633053e-45
   4.2261574e+03   2.2734361e-45
   4.2359029e+03   2.2836137e-45
   4.2456709e+03   2.2938383e-45
   4.2554615e+03   2.3041101e-45
   4.2652746e+03   2.3144293e-45
   4.2751104e+03   2.3247962e-45
   4.2849688e+03   2.3352110e-45
   4.2948500e+03   2.3456738e-45
   4.3047539e+03   2.3561850e-45
   4.3146807e+03   2.3667447e-45
   4.3246304e+03   2.3773537e-45
   4.3346030e+03   2.3880106e-45
   4.3445987e+03   2.3987172e-45
   4.3546173e+03   2.4094733e-45
   4.3646591e+03   2.4202791e-45
   4.3747241e+03   2.4311347e-45
   4.3848122e+03   2.4420405e-45
   4.3949236e+03   2.4529966e-45
   4.4050583e+03   2.4640034e-45
   4.4152164e+03   2.4750609e-45
   4.4253980e+03   2.4861695e-45
   4.4356030e+03   2.4973294e-45
   4.4458315e+03   2.5085409e-45
   4.4560836e+03   2.5198041e-45
   4.4663594e+03   2.5311193e-45
   4.4766588e+03   2.5424868e-45
   4.4869821e+03   2.5539067e-45
   4.4973291e+03   2.5653794e-45
   4.5076999e+03   2.5769051e-45
   4.5180947e+03   2.5884840e-45
   4.5285135e+03   2.6001163e-45
   4.5389563e+03   2.6118024e-45
   4.5494231e+03   2.6235424e-45
   4.5599142e+03   2.6353367e-45
   4.5704294e+03   2.6471854e-45
   4.5809688e+03   2.6590888e-45
   4.5915325e+03   2.6710472e-45
   4.6021207e+03   2.6830608e-45
   4.6127332e+03   2.6951298e-45
   4.6233702e+03   2.7072546e-45
   4.6340317e+03   2.7194354e-45
   4.6447178e+03   2.7316724e-45
   4.6554286e+03   2.7439660e-45
   4.6661640e+03   2.7563163e-45
   4.6769242e+03   2.7687236e-45
   4.6877093e+03   2.7811882e-45
   4.6985192e+03   2.7937104e-45
   4.7093540e+03   2.8062904e-45
   4.7202138e+03   2.8189285e-45
   4.7310986e+03   2.8316249e-45
   4.7420086e+03   2.8443800e-45
   4.7529437e+03   2.8571940e-45
   4.7639040e+03   2.8700671e-45
   4.7748896e+03   2.8829997e-45
   4.7859005e+03   2.8959920e-45
   4.7969369e+03   2.9090443e-45
   4.8079986e+03   2.9221569e-45
   4.8190859e+03   2.9353300e-45
   4.8301988e+03   2.9485639e-45
   4.8413372e+03   2.9618589e-45
   4.8525014e+03   2.9752154e-45
   4.8636913e+03   2.9886335e-45
   4.8749070e+03   3.0021135e-45
   4.8861486e+03   3.0156559e-45
   4.8974161e+03   3.0292607e-45
   4.9087096e+03   3.0429284e-45
   4.9200291e+03   3.0566591e-45
   4.9313747e+03   3.0704533e-45
   4.9427465e+03   3.0843112e-45
   4.9541445e+03   3.0982330e-45
   4.9655688e+03   3.1122192e-45
   4.9770194e+03   3.1262699e-45
   4.9884965e+03   3.1403855e-45
   5.0000000e+03   3.1545663e-45
