   5.0000000e+00   1.6453656e-20
   5.0115300e+00   1.6035558e-20
   5.0230867e+00   1.5629759e-20
   5.0346699e+00   1.5236202e-20
   5.0462799e+00   1.4854969e-20
   5.0579167e+00   1.4485899e-20
   5.0695803e+00   1.4123851e-20
   5.0812708e+00   1.3742917e-20
   5.0929882e+00   1.3355015e-20
   5.1047327e+00   1.3015168e-20
   5.1165042e+00   1.2695588e-20
   5.1283029e+00   1.2383492e-20
   5.1401288e+00   1.2078352e-20
   5.1519820e+00   1.1780426e-20
   5.1638625e+00   1.1489847e-20
   5.1757704e+00   1.1206624e-20
   5.1877058e+00   1.0930683e-20
   5.1996687e+00   1.0661901e-20
   5.2116592e+00   1.0400129e-20
   5.2236773e+00   1.0145203e-20
   5.2357231e+00   9.8969531e-21
   5.2477968e+00   9.6552084e-21
   5.2598982e+00   9.4197963e-21
   5.2720276e+00   9.1905463e-21
   5.2841849e+00   8.9672903e-21
   5.2963703e+00   8.7498641e-21
   5.3085838e+00   8.5381066e-21
   5.3208254e+00   8.3318612e-21
   5.3330953e+00   8.1309749e-21
   5.3453934e+00   7.9352990e-21
   5.3577199e+00   7.7446890e-21
   5.3700749e+00   7.5590042e-21
   5.3824583e+00   7.3781082e-21
   5.3948703e+00   7.2018682e-21
   5.4073109e+00   7.0301557e-21
   5.4197802e+00   6.8628454e-21
   5.4322783e+00   6.6998161e-21
   5.4448051e+00   6.5409500e-21
   5.4573609e+00   6.3861327e-21
   5.4699456e+00   6.2352533e-21
   5.4825594e+00   6.0882041e-21
   5.4952022e+00   5.9448805e-21
   5.5078742e+00   5.8051811e-21
   5.5205754e+00   5.6690074e-21
   5.5333058e+00   5.5362639e-21
   5.5460657e+00   5.4068576e-21
   5.5588550e+00   5.2806986e-21
   5.5716737e+00   5.1576994e-21
   5.5845220e+00   5.0377752e-21
   5.5974000e+00   4.9208434e-21
   5.6103076e+00   4.8068240e-21
   5.6232451e+00   4.6956395e-21
   5.6362123e+00   4.5872142e-21
   5.6492094e+00   4.4814750e-21
   5.6622366e+00   4.3783505e-21
   5.6752937e+00   4.2777719e-21
   5.6883810e+00   4.1796718e-21
   5.7014985e+00   4.0839850e-21
   5.7146461e+00   3.9906483e-21
   5.7278242e+00   3.8996000e-21
   5.7410326e+00   3.8107803e-21
   5.7542714e+00   3.7241313e-21
   5.7675408e+00   3.6395963e-21
   5.7808408e+00   3.5571205e-21
   5.7941715e+00   3.4766506e-21
   5.8075329e+00   3.3981348e-21
   5.8209251e+00   3.3215227e-21
   5.8343482e+00   3.2467654e-21
   5.8478023e+00   3.1738152e-21
   5.8612873e+00   3.1026259e-21
   5.8748035e+00   3.0331526e-21
   5.8883508e+00   2.9653514e-21
   5.9019294e+00   2.8991799e-21
   5.9155393e+00   2.8345967e-21
   5.9291806e+00   2.7715615e-21
   5.9428533e+00   2.7100354e-21
   5.9565576e+00   2.6499803e-21
   5.9702935e+00   2.5913591e-21
   5.9840610e+00   2.5341359e-21
   5.9978603e+00   2.4782757e-21
   6.0116914e+00   2.4237444e-21
   6.0255544e+00   2.3705090e-21
   6.0394494e+00   2.3185371e-21
   6.0533764e+00   2.2677975e-21
   6.0673355e+00   2.2182596e-21
   6.0813269e+00   2.1698937e-21
   6.0953505e+00   2.1226710e-21
   6.1094064e+00   2.0765633e-21
   6.1234947e+00   2.0315432e-21
   6.1376155e+00   1.9875842e-21
   6.1517689e+00   1.9446602e-21
   6.1659550e+00   1.9027461e-21
   6.1801737e+00   1.8618172e-21
   6.1944252e+00   1.8218497e-21
   6.2087096e+00   1.7828203e-21
   6.2230269e+00   1.7447063e-21
   6.2373773e+00   1.7074857e-21
   6.2517607e+00   1.6711368e-21
   6.2661773e+00   1.6356389e-21
   6.2806272e+00   1.6009715e-21
   6.2951104e+00   1.5671148e-21
   6.3096269e+00   1.5340494e-21
   6.3241770e+00   1.5017565e-21
   6.3387606e+00   1.4702179e-21
   6.3533778e+00   1.4394155e-21
   6.3680288e+00   1.4093321e-21
   6.3827135e+00   1.3799506e-21
   6.3974321e+00   1.3512546e-21
   6.4121846e+00   1.3232280e-21
   6.4269711e+00   1.2958551e-21
   6.4417918e+00   1.2691207e-21
   6.4566466e+00   1.2430098e-21
   6.4715357e+00   1.2175081e-21
   6.4864591e+00   1.1926013e-21
   6.5014169e+00   1.1682757e-21
   6.5164092e+00   1.1445179e-21
   6.5314361e+00   1.1213148e-21
   6.5464977e+00   1.0986538e-21
   6.5615939e+00   1.0765223e-21
   6.5767250e+00   1.0549084e-21
   6.5918910e+00   1.0338002e-21
   6.6070920e+00   1.0131863e-21
   6.6223280e+00   9.9305536e-22
   6.6375991e+00   9.7339662e-22
   6.6529055e+00   9.5419940e-22
   6.6682471e+00   9.3545333e-22
   6.6836241e+00   9.1714832e-22
   6.6990366e+00   8.9927453e-22
   6.7144846e+00   8.8182235e-22
   6.7299683e+00   8.6478245e-22
   6.7454877e+00   8.4814570e-22
   6.7610428e+00   8.3190322e-22
   6.7766338e+00   8.1604635e-22
   6.7922608e+00   8.0056665e-22
   6.8079238e+00   7.8545589e-22
   6.8236229e+00   7.7070606e-22
   6.8393582e+00   7.5630933e-22
   6.8551299e+00   7.4225810e-22
   6.8709378e+00   7.2854493e-22
   6.8867823e+00   7.1516259e-22
   6.9026632e+00   7.0210404e-22
   6.9185808e+00   6.8936239e-22
   6.9345351e+00   6.7693095e-22
   6.9505262e+00   6.6480320e-22
   6.9665542e+00   6.5297277e-22
   6.9826191e+00   6.4143348e-22
   6.9987211e+00   6.3017928e-22
   7.0148602e+00   6.1920430e-22
   7.0310365e+00   6.0850281e-22
   7.0472502e+00   5.9806923e-22
   7.0635012e+00   5.8789812e-22
   7.0797897e+00   5.7798420e-22
   7.0961157e+00   5.6832232e-22
   7.1124794e+00   5.5890747e-22
   7.1288808e+00   5.4973476e-22
   7.1453201e+00   5.4079944e-22
   7.1617972e+00   5.3209690e-22
   7.1783124e+00   5.2362264e-22
   7.1948656e+00   5.1537230e-22
   7.2114571e+00   5.0734163e-22
   7.2280867e+00   4.9952649e-22
   7.2447548e+00   4.9192289e-22
   7.2614612e+00   4.8452692e-22
   7.2782062e+00   4.7733481e-22
   7.2949898e+00   4.7034290e-22
   7.3118121e+00   4.6354762e-22
   7.3286732e+00   4.5694554e-22
   7.3455732e+00   4.5053333e-22
   7.3625121e+00   4.4430776e-22
   7.3794901e+00   4.3826570e-22
   7.3965073e+00   4.3240415e-22
   7.4135637e+00   4.2672020e-22
   7.4306594e+00   4.2121106e-22
   7.4477946e+00   4.1587404e-22
   7.4649693e+00   4.1070654e-22
   7.4821835e+00   4.0570609e-22
   7.4994375e+00   4.0087031e-22
   7.5167313e+00   3.9619694e-22
   7.5340649e+00   3.9168383e-22
   7.5514385e+00   3.8732892e-22
   7.5688522e+00   3.8313028e-22
   7.5863060e+00   3.7908610e-22
   7.6038001e+00   3.7519467e-22
   7.6213345e+00   3.7145439e-22
   7.6389094e+00   3.6786379e-22
   7.6565248e+00   3.6442154e-22
   7.6741808e+00   3.6112642e-22
   7.6918775e+00   3.5797734e-22
   7.7096150e+00   3.5497334e-22
   7.7273934e+00   3.5211362e-22
   7.7452129e+00   3.4939753e-22
   7.7630734e+00   3.4682454e-22
   7.7809751e+00   3.4439430e-22
   7.7989181e+00   3.4210663e-22
   7.8169025e+00   3.3996152e-22
   7.8349283e+00   3.3795915e-22
   7.8529957e+00   3.3609989e-22
   7.8711048e+00   3.3438431e-22
   7.8892556e+00   3.3281320e-22
   7.9074483e+00   3.3138760e-22
   7.9256829e+00   3.3010878e-22
   7.9439596e+00   3.2897830e-22
   7.9622784e+00   3.2799796e-22
   7.9806395e+00   3.2716991e-22
   7.9990429e+00   3.2649660e-22
   8.0174888e+00   3.2598085e-22
   8.0359772e+00   3.2562586e-22
   8.0545082e+00   3.2543524e-22
   8.0730819e+00   3.2541305e-22
   8.0916985e+00   3.2556386e-22
   8.1103581e+00   3.2589276e-22
   8.1290606e+00   3.2640542e-22
   8.1478063e+00   3.2710818e-22
   8.1665952e+00   3.2800809e-22
   8.1854274e+00   3.2911294e-22
   8.2043031e+00   3.3043144e-22
   8.2232223e+00   3.3197323e-22
   8.2421851e+00   3.3374901e-22
   8.2611916e+00   3.3577070e-22
   8.2802420e+00   3.3805151e-22
   8.2993363e+00   3.4060619e-22
   8.3184746e+00   3.4345113e-22
   8.3376571e+00   3.4660464e-22
   8.3568838e+00   3.5008716e-22
   8.3761548e+00   3.5392159e-22
   8.3954703e+00   3.5813361e-22
   8.4148303e+00   3.6275208e-22
   8.4342350e+00   3.6780955e-22
   8.4536844e+00   3.7334279e-22
   8.4731786e+00   3.7939350e-22
   8.4927179e+00   3.8600912e-22
   8.5123021e+00   3.9324381e-22
   8.5319316e+00   4.0115964e-22
   8.5516063e+00   4.0982807e-22
   8.5713263e+00   4.1933175e-22
   8.5910919e+00   4.2976674e-22
   8.6109030e+00   4.4124535e-22
   8.6307598e+00   4.5389961e-22
   8.6506624e+00   4.6788583e-22
   8.6706109e+00   4.8339013e-22
   8.6906054e+00   5.0063683e-22
   8.7106460e+00   5.1989711e-22
   8.7307328e+00   5.4150317e-22
   8.7508660e+00   5.6586586e-22
   8.7710455e+00   5.9349948e-22
   8.7912716e+00   6.2505642e-22
   8.8115444e+00   6.6137680e-22
   8.8318638e+00   7.0356117e-22
   8.8522302e+00   7.5307986e-22
   8.8726435e+00   8.1194245e-22
   8.8931039e+00   8.8296992e-22
   8.9136114e+00   9.7025008e-22
   8.9341663e+00   1.0799385e-21
   8.9547686e+00   1.2217548e-21
   8.9754183e+00   1.4119985e-21
   8.9961157e+00   1.6802490e-21
   9.0168608e+00   2.0863420e-21
   9.0376538e+00   2.7723242e-21
   9.0584947e+00   4.1773932e-21
   9.0793836e+00   8.6656559e-21
   9.1003208e+00   8.9941238e-20
   9.1213062e+00   7.1492046e-21
   9.1423400e+00   3.7007669e-21
   9.1634223e+00   2.4968651e-21
   9.1845532e+00   1.8998233e-21
   9.2057328e+00   1.5754652e-21
   9.2269613e+00   1.4659990e-21
   9.2482388e+00   1.8832765e-21
   9.2695653e+00   3.9194080e-20
   9.2909410e+00   1.7495639e-21
   9.3123660e+00   1.0439622e-21
   9.3338403e+00   8.1580147e-22
   9.3553642e+00   6.9403517e-22
   9.3769378e+00   6.1296152e-22
   9.3985611e+00   5.5256819e-22
   9.4202342e+00   5.0466336e-22
   9.4419574e+00   4.6517488e-22
   9.4637306e+00   4.3178306e-22
   9.4855540e+00   4.0303107e-22
   9.5074278e+00   3.7793640e-22
   9.5293520e+00   3.5580031e-22
   9.5513267e+00   3.3610551e-22
   9.5733522e+00   3.1845697e-22
   9.5954284e+00   3.0254547e-22
   9.6175555e+00   2.8812419e-22
   9.6397337e+00   2.7499284e-22
   9.6619630e+00   2.6298671e-22
   9.6842435e+00   2.5196872e-22
   9.7065755e+00   2.4182367e-22
   9.7289589e+00   2.3245385e-22
   9.7513940e+00   2.2377578e-22
   9.7738808e+00   2.1571764e-22
   9.7964194e+00   2.0821724e-22
   9.8190100e+00   2.0122041e-22
   9.8416527e+00   1.9467978e-22
   9.8643477e+00   1.8855368e-22
   9.8870949e+00   1.8280529e-22
   9.9098946e+00   1.7740199e-22
   9.9327469e+00   1.7231475e-22
   9.9556519e+00   1.6751763e-22
   9.9786097e+00   1.6298741e-22
   1.0001620e+01   1.5870347e-22
   1.0024684e+01   1.5464861e-22
   1.0047801e+01   1.5080165e-22
   1.0070972e+01   1.4714851e-22
   1.0094195e+01   1.4367630e-22
   1.0117473e+01   1.4037291e-22
   1.0140804e+01   1.3722640e-22
   1.0164188e+01   1.3422590e-22
   1.0187627e+01   1.3136150e-22
   1.0211120e+01   1.2862420e-22
   1.0234667e+01   1.2600620e-22
   1.0258268e+01   1.2349994e-22
   1.0281924e+01   1.2109834e-22
   1.0305634e+01   1.1879489e-22
   1.0329399e+01   1.1658389e-22
   1.0353218e+01   1.1445993e-22
   1.0377093e+01   1.1241783e-22
   1.0401023e+01   1.1045280e-22
   1.0425007e+01   1.0856058e-22
   1.0449048e+01   1.0673719e-22
   1.0473143e+01   1.0497879e-22
   1.0497294e+01   1.0328178e-22
   1.0521501e+01   1.0164294e-22
   1.0545764e+01   1.0005927e-22
   1.0570082e+01   9.8527863e-23
   1.0594457e+01   9.7046009e-23
   1.0618888e+01   9.5611208e-23
   1.0643375e+01   9.4221180e-23
   1.0667919e+01   9.2873699e-23
   1.0692519e+01   9.1566673e-23
   1.0717176e+01   9.0298164e-23
   1.0741890e+01   8.9066402e-23
   1.0766661e+01   8.7869659e-23
   1.0791489e+01   8.6706307e-23
   1.0816374e+01   8.5574828e-23
   1.0841317e+01   8.4473832e-23
   1.0866317e+01   8.3401963e-23
   1.0891375e+01   8.2357939e-23
   1.0916491e+01   8.1340562e-23
   1.0941664e+01   8.0348727e-23
   1.0966896e+01   7.9381360e-23
   1.0992185e+01   7.8437443e-23
   1.1017533e+01   7.7516022e-23
   1.1042940e+01   7.6616211e-23
   1.1068405e+01   7.5737152e-23
   1.1093929e+01   7.4878029e-23
   1.1119512e+01   7.4038075e-23
   1.1145153e+01   7.3216577e-23
   1.1170854e+01   7.2412840e-23
   1.1196614e+01   7.1626206e-23
   1.1222434e+01   7.0856055e-23
   1.1248313e+01   7.0101807e-23
   1.1274251e+01   6.9362895e-23
   1.1300250e+01   6.8638784e-23
   1.1326308e+01   6.7928971e-23
   1.1352427e+01   6.7232976e-23
   1.1378606e+01   6.6550338e-23
   1.1404845e+01   6.5880617e-23
   1.1431144e+01   6.5223400e-23
   1.1457505e+01   6.4578290e-23
   1.1483926e+01   6.3944907e-23
   1.1510408e+01   6.3322887e-23
   1.1536951e+01   6.2711887e-23
   1.1563555e+01   6.2111579e-23
   1.1590221e+01   6.1521644e-23
   1.1616948e+01   6.0941781e-23
   1.1643737e+01   6.0371704e-23
   1.1670587e+01   5.9811136e-23
   1.1697500e+01   5.9259812e-23
   1.1724474e+01   5.8717478e-23
   1.1751511e+01   5.8183894e-23
   1.1778610e+01   5.7658825e-23
   1.1805772e+01   5.7142048e-23
   1.1832996e+01   5.6633348e-23
   1.1860283e+01   5.6132521e-23
   1.1887633e+01   5.5639368e-23
   1.1915046e+01   5.5153698e-23
   1.1942522e+01   5.4675330e-23
   1.1970061e+01   5.4204086e-23
   1.1997664e+01   5.3739798e-23
   1.2025331e+01   5.3282302e-23
   1.2053062e+01   5.2831441e-23
   1.2080856e+01   5.2387063e-23
   1.2108715e+01   5.1949021e-23
   1.2136637e+01   5.1517175e-23
   1.2164625e+01   5.1091389e-23
   1.2192676e+01   5.0671530e-23
   1.2220793e+01   5.0257470e-23
   1.2248974e+01   4.9849088e-23
   1.2277220e+01   4.9446264e-23
   1.2305532e+01   4.9048882e-23
   1.2333908e+01   4.8656831e-23
   1.2362350e+01   4.8270004e-23
   1.2390858e+01   4.7888294e-23
   1.2419431e+01   4.7511600e-23
   1.2448071e+01   4.7139824e-23
   1.2476776e+01   4.6772870e-23
   1.2505548e+01   4.6410646e-23
   1.2534386e+01   4.6053060e-23
   1.2563290e+01   4.5700026e-23
   1.2592261e+01   4.5351459e-23
   1.2621299e+01   4.5007274e-23
   1.2650404e+01   4.4667393e-23
   1.2679576e+01   4.4331736e-23
   1.2708815e+01   4.4000227e-23
   1.2738121e+01   4.3672791e-23
   1.2767496e+01   4.3349358e-23
   1.2796938e+01   4.3029855e-23
   1.2826447e+01   4.2714214e-23
   1.2856025e+01   4.2402368e-23
   1.2885671e+01   4.2094252e-23
   1.2915386e+01   4.1789802e-23
   1.2945169e+01   4.1488955e-23
   1.2975020e+01   4.1191652e-23
   1.3004941e+01   4.0897831e-23
   1.3034930e+01   4.0607436e-23
   1.3064989e+01   4.0320411e-23
   1.3095117e+01   4.0036698e-23
   1.3125314e+01   3.9756245e-23
   1.3155582e+01   3.9478999e-23
   1.3185918e+01   3.9204907e-23
   1.3216325e+01   3.8933920e-23
   1.3246802e+01   3.8665988e-23
   1.3277349e+01   3.8401063e-23
   1.3307967e+01   3.8139096e-23
   1.3338655e+01   3.7880042e-23
   1.3369414e+01   3.7623856e-23
   1.3400244e+01   3.7370492e-23
   1.3431145e+01   3.7119908e-23
   1.3462118e+01   3.6872061e-23
   1.3493162e+01   3.6626909e-23
   1.3524277e+01   3.6384411e-23
   1.3555464e+01   3.6144527e-23
   1.3586723e+01   3.5907218e-23
   1.3618054e+01   3.5672445e-23
   1.3649457e+01   3.5440171e-23
   1.3680933e+01   3.5210358e-23
   1.3712481e+01   3.4982971e-23
   1.3744103e+01   3.4757974e-23
   1.3775797e+01   3.4535332e-23
   1.3807564e+01   3.4315010e-23
   1.3839404e+01   3.4096976e-23
   1.3871318e+01   3.3881196e-23
   1.3903305e+01   3.3667638e-23
   1.3935366e+01   3.3456270e-23
   1.3967501e+01   3.3247062e-23
   1.3999710e+01   3.3039983e-23
   1.4031994e+01   3.2835003e-23
   1.4064352e+01   3.2632092e-23
   1.4096784e+01   3.2431222e-23
   1.4129292e+01   3.2232365e-23
   1.4161874e+01   3.2035492e-23
   1.4194531e+01   3.1840577e-23
   1.4227264e+01   3.1647592e-23
   1.4260072e+01   3.1456512e-23
   1.4292956e+01   3.1267311e-23
   1.4325916e+01   3.1079963e-23
   1.4358951e+01   3.0894444e-23
   1.4392063e+01   3.0710729e-23
   1.4425251e+01   3.0528794e-23
   1.4458516e+01   3.0348615e-23
   1.4491858e+01   3.0170170e-23
   1.4525276e+01   2.9993436e-23
   1.4558771e+01   2.9818390e-23
   1.4592344e+01   2.9645011e-23
   1.4625994e+01   2.9473277e-23
   1.4659722e+01   2.9303166e-23
   1.4693527e+01   2.9134659e-23
   1.4727410e+01   2.8967734e-23
   1.4761372e+01   2.8802372e-23
   1.4795412e+01   2.8638552e-23
   1.4829530e+01   2.8476256e-23
   1.4863727e+01   2.8315465e-23
   1.4898003e+01   2.8156159e-23
   1.4932358e+01   2.7998320e-23
   1.4966792e+01   2.7841931e-23
   1.5001306e+01   2.7686973e-23
   1.5035899e+01   2.7533429e-23
   1.5070572e+01   2.7381282e-23
   1.5105324e+01   2.7230515e-23
   1.5140157e+01   2.7081112e-23
   1.5175071e+01   2.6933055e-23
   1.5210065e+01   2.6786329e-23
   1.5245139e+01   2.6640919e-23
   1.5280295e+01   2.6496808e-23
   1.5315531e+01   2.6353982e-23
   1.5350849e+01   2.6212425e-23
   1.5386248e+01   2.6072123e-23
   1.5421729e+01   2.5933061e-23
   1.5457291e+01   2.5795226e-23
   1.5492936e+01   2.5658602e-23
   1.5528663e+01   2.5523176e-23
   1.5564472e+01   2.5388934e-23
   1.5600364e+01   2.5255864e-23
   1.5636338e+01   2.5123952e-23
   1.5672396e+01   2.4993185e-23
   1.5708537e+01   2.4863550e-23
   1.5744761e+01   2.4735035e-23
   1.5781068e+01   2.4607628e-23
   1.5817459e+01   2.4481316e-23
   1.5853935e+01   2.4356087e-23
   1.5890494e+01   2.4231930e-23
   1.5927137e+01   2.4108833e-23
   1.5963866e+01   2.3986785e-23
   1.6000678e+01   2.3865774e-23
   1.6037576e+01   2.3745790e-23
   1.6074559e+01   2.3626822e-23
   1.6111627e+01   2.3508858e-23
   1.6148780e+01   2.3391889e-23
   1.6186020e+01   2.3275903e-23
   1.6223345e+01   2.3160892e-23
   1.6260756e+01   2.3046844e-23
   1.6298253e+01   2.2933750e-23
   1.6335837e+01   2.2821600e-23
   1.6373508e+01   2.2710385e-23
   1.6411265e+01   2.2600094e-23
   1.6449110e+01   2.2490719e-23
   1.6487041e+01   2.2382251e-23
   1.6525061e+01   2.2274680e-23
   1.6563168e+01   2.2167997e-23
   1.6601362e+01   2.2062194e-23
   1.6639645e+01   2.1957262e-23
   1.6678016e+01   2.1853193e-23
   1.6716476e+01   2.1749977e-23
   1.6755024e+01   2.1647608e-23
   1.6793662e+01   2.1546075e-23
   1.6832388e+01   2.1445373e-23
   1.6871203e+01   2.1345491e-23
   1.6910109e+01   2.1246424e-23
   1.6949103e+01   2.1148162e-23
   1.6988188e+01   2.1050699e-23
   1.7027363e+01   2.0954026e-23
   1.7066628e+01   2.0858137e-23
   1.7105984e+01   2.0763024e-23
   1.7145431e+01   2.0668680e-23
   1.7184968e+01   2.0575097e-23
   1.7224597e+01   2.0482270e-23
   1.7264317e+01   2.0390190e-23
   1.7304128e+01   2.0298850e-23
   1.7344032e+01   2.0208245e-23
   1.7384027e+01   2.0118368e-23
   1.7424115e+01   2.0029212e-23
   1.7464295e+01   1.9940770e-23
   1.7504568e+01   1.9853036e-23
   1.7544934e+01   1.9766003e-23
   1.7585392e+01   1.9679667e-23
   1.7625945e+01   1.9594019e-23
   1.7666590e+01   1.9509055e-23
   1.7707329e+01   1.9424769e-23
   1.7748163e+01   1.9341153e-23
   1.7789090e+01   1.9258203e-23
   1.7830112e+01   1.9175913e-23
   1.7871228e+01   1.9094277e-23
   1.7912439e+01   1.9013289e-23
   1.7953746e+01   1.8932944e-23
   1.7995147e+01   1.8853236e-23
   1.8036644e+01   1.8774160e-23
   1.8078237e+01   1.8695711e-23
   1.8119925e+01   1.8617882e-23
   1.8161710e+01   1.8540670e-23
   1.8203591e+01   1.8464069e-23
   1.8245569e+01   1.8388073e-23
   1.8287643e+01   1.8312677e-23
   1.8329814e+01   1.8237878e-23
   1.8372083e+01   1.8163668e-23
   1.8414449e+01   1.8090045e-23
   1.8456913e+01   1.8017003e-23
   1.8499475e+01   1.7944536e-23
   1.8542135e+01   1.7872641e-23
   1.8584893e+01   1.7801313e-23
   1.8627750e+01   1.7730547e-23
   1.8670706e+01   1.7660338e-23
   1.8713761e+01   1.7590683e-23
   1.8756915e+01   1.7521576e-23
   1.8800168e+01   1.7453013e-23
   1.8843522e+01   1.7384990e-23
   1.8886975e+01   1.7317502e-23
   1.8930528e+01   1.7250546e-23
   1.8974182e+01   1.7184116e-23
   1.9017937e+01   1.7118210e-23
   1.9061792e+01   1.7052822e-23
   1.9105749e+01   1.6987948e-23
   1.9149807e+01   1.6923585e-23
   1.9193967e+01   1.6859728e-23
   1.9238228e+01   1.6796374e-23
   1.9282592e+01   1.6733518e-23
   1.9327057e+01   1.6671157e-23
   1.9371626e+01   1.6609287e-23
   1.9416297e+01   1.6547904e-23
   1.9461071e+01   1.6487004e-23
   1.9505948e+01   1.6426583e-23
   1.9550929e+01   1.6366638e-23
   1.9596014e+01   1.6307165e-23
   1.9641202e+01   1.6248161e-23
   1.9686495e+01   1.6189621e-23
   1.9731892e+01   1.6131543e-23
   1.9777394e+01   1.6073922e-23
   1.9823001e+01   1.6016756e-23
   1.9868713e+01   1.5960041e-23
   1.9914530e+01   1.5903773e-23
   1.9960454e+01   1.5847948e-23
   2.0006482e+01   1.5792565e-23
   2.0052618e+01   1.5737619e-23
   2.0098859e+01   1.5683106e-23
   2.0145207e+01   1.5629025e-23
   2.0191662e+01   1.5575371e-23
   2.0238224e+01   1.5522141e-23
   2.0284894e+01   1.5469332e-23
   2.0331671e+01   1.5416941e-23
   2.0378556e+01   1.5364965e-23
   2.0425549e+01   1.5313400e-23
   2.0472650e+01   1.5262245e-23
   2.0519861e+01   1.5211494e-23
   2.0567180e+01   1.5161146e-23
   2.0614608e+01   1.5111198e-23
   2.0662145e+01   1.5061646e-23
   2.0709792e+01   1.5012488e-23
   2.0757549e+01   1.4963721e-23
   2.0805416e+01   1.4915341e-23
   2.0853394e+01   1.4867346e-23
   2.0901482e+01   1.4819734e-23
   2.0949681e+01   1.4772500e-23
   2.0997991e+01   1.4725643e-23
   2.1046412e+01   1.4679160e-23
   2.1094945e+01   1.4633048e-23
   2.1143591e+01   1.4587304e-23
   2.1192348e+01   1.4541925e-23
   2.1241218e+01   1.4496909e-23
   2.1290200e+01   1.4452253e-23
   2.1339295e+01   1.4407955e-23
   2.1388504e+01   1.4364012e-23
   2.1437826e+01   1.4320421e-23
   2.1487262e+01   1.4277179e-23
   2.1536812e+01   1.4234285e-23
   2.1586476e+01   1.4191735e-23
   2.1636254e+01   1.4149528e-23
   2.1686148e+01   1.4107660e-23
   2.1736156e+01   1.4066129e-23
   2.1786280e+01   1.4024932e-23
   2.1836519e+01   1.3984068e-23
   2.1886874e+01   1.3943533e-23
   2.1937346e+01   1.3903326e-23
   2.1987933e+01   1.3863444e-23
   2.2038638e+01   1.3823884e-23
   2.2089459e+01   1.3784645e-23
   2.2140397e+01   1.3745723e-23
   2.2191453e+01   1.3707117e-23
   2.2242627e+01   1.3668824e-23
   2.2293919e+01   1.3630842e-23
   2.2345328e+01   1.3593168e-23
   2.2396857e+01   1.3555801e-23
   2.2448504e+01   1.3518739e-23
   2.2500271e+01   1.3481978e-23
   2.2552157e+01   1.3445517e-23
   2.2604162e+01   1.3409353e-23
   2.2656287e+01   1.3373485e-23
   2.2708533e+01   1.3337910e-23
   2.2760899e+01   1.3302626e-23
   2.2813386e+01   1.3267631e-23
   2.2865994e+01   1.3232923e-23
   2.2918723e+01   1.3198500e-23
   2.2971574e+01   1.3164359e-23
   2.3024546e+01   1.3130499e-23
   2.3077641e+01   1.3096917e-23
   2.3130858e+01   1.3063612e-23
   2.3184198e+01   1.3030582e-23
   2.3237661e+01   1.2997823e-23
   2.3291247e+01   1.2965335e-23
   2.3344957e+01   1.2933116e-23
   2.3398791e+01   1.2901163e-23
   2.3452748e+01   1.2869474e-23
   2.3506831e+01   1.2838048e-23
   2.3561038e+01   1.2806883e-23
   2.3615370e+01   1.2775976e-23
   2.3669827e+01   1.2745327e-23
   2.3724410e+01   1.2714932e-23
   2.3779118e+01   1.2684790e-23
   2.3833953e+01   1.2654899e-23
   2.3888914e+01   1.2625257e-23
   2.3944002e+01   1.2595863e-23
   2.3999217e+01   1.2566715e-23
   2.4054560e+01   1.2537810e-23
   2.4110030e+01   1.2509147e-23
   2.4165628e+01   1.2480724e-23
   2.4221354e+01   1.2452540e-23
   2.4277208e+01   1.2424592e-23
   2.4333192e+01   1.2396880e-23
   2.4389304e+01   1.2369400e-23
   2.4445546e+01   1.2342151e-23
   2.4501918e+01   1.2315133e-23
   2.4558420e+01   1.2288342e-23
   2.4615051e+01   1.2261777e-23
   2.4671814e+01   1.2235437e-23
   2.4728707e+01   1.2209319e-23
   2.4785732e+01   1.2183423e-23
   2.4842888e+01   1.2157746e-23
   2.4900176e+01   1.2132287e-23
   2.4957596e+01   1.2107045e-23
   2.5015148e+01   1.2082016e-23
   2.5072833e+01   1.2057201e-23
   2.5130652e+01   1.2032597e-23
   2.5188603e+01   1.2008203e-23
   2.5246688e+01   1.1984016e-23
   2.5304907e+01   1.1960037e-23
   2.5363261e+01   1.1936262e-23
   2.5421748e+01   1.1912691e-23
   2.5480371e+01   1.1889321e-23
   2.5539129e+01   1.1866152e-23
   2.5598023e+01   1.1843182e-23
   2.5657052e+01   1.1820409e-23
   2.5716217e+01   1.1797832e-23
   2.5775519e+01   1.1775449e-23
   2.5834957e+01   1.1753259e-23
   2.5894533e+01   1.1731260e-23
   2.5954246e+01   1.1709450e-23
   2.6014097e+01   1.1687830e-23
   2.6074085e+01   1.1666396e-23
   2.6134212e+01   1.1645147e-23
   2.6194478e+01   1.1624083e-23
   2.6254883e+01   1.1603201e-23
   2.6315427e+01   1.1582500e-23
   2.6376110e+01   1.1561980e-23
   2.6436934e+01   1.1541637e-23
   2.6497898e+01   1.1521472e-23
   2.6559002e+01   1.1501482e-23
   2.6620247e+01   1.1481666e-23
   2.6681634e+01   1.1462023e-23
   2.6743162e+01   1.1442552e-23
   2.6804832e+01   1.1423251e-23
   2.6866644e+01   1.1404118e-23
   2.6928599e+01   1.1385153e-23
   2.6990696e+01   1.1366355e-23
   2.7052937e+01   1.1347721e-23
   2.7115321e+01   1.1329251e-23
   2.7177849e+01   1.1310943e-23
   2.7240522e+01   1.1292796e-23
   2.7303338e+01   1.1274809e-23
   2.7366300e+01   1.1256980e-23
   2.7429407e+01   1.1239308e-23
   2.7492659e+01   1.1221792e-23
   2.7556058e+01   1.1204431e-23
   2.7619602e+01   1.1187224e-23
   2.7683293e+01   1.1170168e-23
   2.7747131e+01   1.1153264e-23
   2.7811116e+01   1.1136509e-23
   2.7875249e+01   1.1119903e-23
   2.7939529e+01   1.1103445e-23
   2.8003958e+01   1.1087132e-23
   2.8068536e+01   1.1070965e-23
   2.8133262e+01   1.1054941e-23
   2.8198137e+01   1.1039061e-23
   2.8263162e+01   1.1023321e-23
   2.8328338e+01   1.1007722e-23
   2.8393663e+01   1.0992263e-23
   2.8459139e+01   1.0976941e-23
   2.8524766e+01   1.0961756e-23
   2.8590544e+01   1.0946707e-23
   2.8656474e+01   1.0931793e-23
   2.8722556e+01   1.0917013e-23
   2.8788791e+01   1.0902365e-23
   2.8855178e+01   1.0887849e-23
   2.8921718e+01   1.0873463e-23
   2.8988412e+01   1.0859206e-23
   2.9055259e+01   1.0845077e-23
   2.9122261e+01   1.0831076e-23
   2.9189417e+01   1.0817201e-23
   2.9256728e+01   1.0803450e-23
   2.9324194e+01   1.0789824e-23
   2.9391816e+01   1.0776321e-23
   2.9459594e+01   1.0762940e-23
   2.9527528e+01   1.0749680e-23
   2.9595619e+01   1.0736540e-23
   2.9663866e+01   1.0723519e-23
   2.9732272e+01   1.0710615e-23
   2.9800834e+01   1.0697829e-23
   2.9869555e+01   1.0685159e-23
   2.9938435e+01   1.0672603e-23
   3.0007473e+01   1.0660162e-23
   3.0076670e+01   1.0647834e-23
   3.0146028e+01   1.0635618e-23
   3.0215544e+01   1.0623513e-23
   3.0285222e+01   1.0611518e-23
   3.0355060e+01   1.0599633e-23
   3.0425059e+01   1.0587856e-23
   3.0495219e+01   1.0576186e-23
   3.0565541e+01   1.0564623e-23
   3.0636026e+01   1.0553166e-23
   3.0706673e+01   1.0541814e-23
   3.0777482e+01   1.0530565e-23
   3.0848456e+01   1.0519419e-23
   3.0919592e+01   1.0508375e-23
   3.0990893e+01   1.0497433e-23
   3.1062358e+01   1.0486591e-23
   3.1133988e+01   1.0475848e-23
   3.1205784e+01   1.0465204e-23
   3.1277744e+01   1.0454657e-23
   3.1349871e+01   1.0444208e-23
   3.1422164e+01   1.0433854e-23
   3.1494624e+01   1.0423596e-23
   3.1567251e+01   1.0413432e-23
   3.1640045e+01   1.0403362e-23
   3.1713007e+01   1.0393385e-23
   3.1786138e+01   1.0383499e-23
   3.1859437e+01   1.0373705e-23
   3.1932905e+01   1.0364001e-23
   3.2006542e+01   1.0354387e-23
   3.2080350e+01   1.0344861e-23
   3.2154327e+01   1.0335424e-23
   3.2228475e+01   1.0326074e-23
   3.2302794e+01   1.0316810e-23
   3.2377285e+01   1.0307632e-23
   3.2451947e+01   1.0298539e-23
   3.2526782e+01   1.0289530e-23
   3.2601789e+01   1.0280605e-23
   3.2676969e+01   1.0271762e-23
   3.2752322e+01   1.0263001e-23
   3.2827849e+01   1.0254322e-23
   3.2903550e+01   1.0245723e-23
   3.2979426e+01   1.0237204e-23
   3.3055477e+01   1.0228764e-23
   3.3131703e+01   1.0220403e-23
   3.3208105e+01   1.0212119e-23
   3.3284683e+01   1.0203913e-23
   3.3361438e+01   1.0195783e-23
   3.3438370e+01   1.0187728e-23
   3.3515479e+01   1.0179748e-23
   3.3592766e+01   1.0171843e-23
   3.3670231e+01   1.0164011e-23
   3.3747875e+01   1.0156253e-23
   3.3825698e+01   1.0148566e-23
   3.3903700e+01   1.0140952e-23
   3.3981882e+01   1.0133408e-23
   3.4060245e+01   1.0125935e-23
   3.4138788e+01   1.0118531e-23
   3.4217512e+01   1.0111197e-23
   3.4296418e+01   1.0103931e-23
   3.4375506e+01   1.0096733e-23
   3.4454776e+01   1.0089602e-23
   3.4534229e+01   1.0082538e-23
   3.4613865e+01   1.0075540e-23
   3.4693685e+01   1.0068607e-23
   3.4773689e+01   1.0061740e-23
   3.4853877e+01   1.0054936e-23
   3.4934251e+01   1.0048196e-23
   3.5014809e+01   1.0041520e-23
   3.5095554e+01   1.0034905e-23
   3.5176484e+01   1.0028353e-23
   3.5257602e+01   1.0021862e-23
   3.5338906e+01   1.0015432e-23
   3.5420398e+01   1.0009062e-23
   3.5502077e+01   1.0002752e-23
   3.5583945e+01   9.9965006e-24
   3.5666002e+01   9.9903081e-24
   3.5748248e+01   9.9841736e-24
   3.5830684e+01   9.9780967e-24
   3.5913310e+01   9.9720768e-24
   3.5996126e+01   9.9661133e-24
   3.6079134e+01   9.9602057e-24
   3.6162332e+01   9.9543536e-24
   3.6245723e+01   9.9485564e-24
   3.6329306e+01   9.9428135e-24
   3.6413082e+01   9.9371246e-24
   3.6497050e+01   9.9314890e-24
   3.6581213e+01   9.9259063e-24
   3.6665569e+01   9.9203760e-24
   3.6750120e+01   9.9148976e-24
   3.6834867e+01   9.9094707e-24
   3.6919808e+01   9.9040947e-24
   3.7004945e+01   9.8987691e-24
   3.7090279e+01   9.8934935e-24
   3.7175810e+01   9.8882675e-24
   3.7261537e+01   9.8830905e-24
   3.7347463e+01   9.8779620e-24
   3.7433586e+01   9.8728818e-24
   3.7519908e+01   9.8678492e-24
   3.7606429e+01   9.8628639e-24
   3.7693150e+01   9.8579253e-24
   3.7780071e+01   9.8530331e-24
   3.7867192e+01   9.8481868e-24
   3.7954514e+01   9.8433860e-24
   3.8042037e+01   9.8386302e-24
   3.8129763e+01   9.8339191e-24
   3.8217690e+01   9.8292521e-24
   3.8305821e+01   9.8246290e-24
   3.8394154e+01   9.8200492e-24
   3.8482691e+01   9.8155123e-24
   3.8571433e+01   9.8110180e-24
   3.8660379e+01   9.8065659e-24
   3.8749530e+01   9.8021555e-24
   3.8838886e+01   9.7977864e-24
   3.8928449e+01   9.7934583e-24
   3.9018219e+01   9.7891707e-24
   3.9108195e+01   9.7849233e-24
   3.9198379e+01   9.7807157e-24
   3.9288770e+01   9.7765475e-24
   3.9379371e+01   9.7724183e-24
   3.9470180e+01   9.7683278e-24
   3.9561198e+01   9.7642756e-24
   3.9652427e+01   9.7602613e-24
   3.9743865e+01   9.7562845e-24
   3.9835515e+01   9.7523449e-24
   3.9927376e+01   9.7484422e-24
   4.0019449e+01   9.7445760e-24
   4.0111734e+01   9.7407459e-24
   4.0204232e+01   9.7369515e-24
   4.0296943e+01   9.7331926e-24
   4.0389868e+01   9.7294688e-24
   4.0483008e+01   9.7257798e-24
   4.0576362e+01   9.7221252e-24
   4.0669931e+01   9.7185047e-24
   4.0763716e+01   9.7149179e-24
   4.0857718e+01   9.7113646e-24
   4.0951936e+01   9.7078444e-24
   4.1046372e+01   9.7043570e-24
   4.1141025e+01   9.7009021e-24
   4.1235896e+01   9.6974793e-24
   4.1330987e+01   9.6940883e-24
   4.1426296e+01   9.6907290e-24
   4.1521826e+01   9.6874008e-24
   4.1617575e+01   9.6841036e-24
   4.1713546e+01   9.6808369e-24
   4.1809737e+01   9.6776007e-24
   4.1906151e+01   9.6743944e-24
   4.2002787e+01   9.6712179e-24
   4.2099646e+01   9.6680709e-24
   4.2196728e+01   9.6649530e-24
   4.2294034e+01   9.6618640e-24
   4.2391564e+01   9.6588036e-24
   4.2489319e+01   9.6557715e-24
   4.2587300e+01   9.6527674e-24
   4.2685507e+01   9.6497912e-24
   4.2783940e+01   9.6468424e-24
   4.2882600e+01   9.6439208e-24
   4.2981488e+01   9.6410262e-24
   4.3080603e+01   9.6381584e-24
   4.3179947e+01   9.6353169e-24
   4.3279521e+01   9.6325016e-24
   4.3379324e+01   9.6297123e-24
   4.3479357e+01   9.6269486e-24
   4.3579620e+01   9.6242103e-24
   4.3680115e+01   9.6214972e-24
   4.3780842e+01   9.6188090e-24
   4.3881801e+01   9.6161455e-24
   4.3982993e+01   9.6135064e-24
   4.4084418e+01   9.6108915e-24
   4.4186077e+01   9.6083005e-24
   4.4287970e+01   9.6057333e-24
   4.4390099e+01   9.6031895e-24
   4.4492463e+01   9.6006690e-24
   4.4595062e+01   9.5981715e-24
   4.4697899e+01   9.5956968e-24
   4.4800973e+01   9.5932447e-24
   4.4904284e+01   9.5908150e-24
   4.5007834e+01   9.5884073e-24
   4.5111622e+01   9.5860216e-24
   4.5215650e+01   9.5836575e-24
   4.5319918e+01   9.5813150e-24
   4.5424426e+01   9.5789937e-24
   4.5529175e+01   9.5766934e-24
   4.5634165e+01   9.5744140e-24
   4.5739398e+01   9.5721553e-24
   4.5844873e+01   9.5699169e-24
   4.5950592e+01   9.5676988e-24
   4.6056554e+01   9.5655008e-24
   4.6162761e+01   9.5633226e-24
   4.6269213e+01   9.5611640e-24
   4.6375910e+01   9.5590249e-24
   4.6482853e+01   9.5569050e-24
   4.6590043e+01   9.5548042e-24
   4.6697480e+01   9.5527222e-24
   4.6805165e+01   9.5506590e-24
   4.6913098e+01   9.5486142e-24
   4.7021280e+01   9.5465877e-24
   4.7129711e+01   9.5445794e-24
   4.7238393e+01   9.5425891e-24
   4.7347325e+01   9.5406165e-24
   4.7456508e+01   9.5386615e-24
   4.7565943e+01   9.5367240e-24
   4.7675631e+01   9.5348037e-24
   4.7785571e+01   9.5329005e-24
   4.7895765e+01   9.5310142e-24
   4.8006213e+01   9.5291446e-24
   4.8116916e+01   9.5272916e-24
   4.8227874e+01   9.5254551e-24
   4.8339087e+01   9.5236347e-24
   4.8450558e+01   9.5218305e-24
   4.8562285e+01   9.5200422e-24
   4.8674270e+01   9.5182697e-24
   4.8786513e+01   9.5165128e-24
   4.8899015e+01   9.5147713e-24
   4.9011777e+01   9.5130452e-24
   4.9124798e+01   9.5113342e-24
   4.9238081e+01   9.5096382e-24
   4.9351624e+01   9.5079570e-24
   4.9465429e+01   9.5062906e-24
   4.9579497e+01   9.5046387e-24
   4.9693828e+01   9.5030013e-24
   4.9808422e+01   9.5013781e-24
   4.9923280e+01   9.4997691e-24
   5.0038404e+01   9.4981740e-24
   5.0153793e+01   9.4965928e-24
   5.0269448e+01   9.4950253e-24
   5.0385370e+01   9.4934714e-24
   5.0501559e+01   9.4919309e-24
   5.0618016e+01   9.4904038e-24
   5.0734741e+01   9.4888898e-24
   5.0851736e+01   9.4873889e-24
   5.0969000e+01   9.4859008e-24
   5.1086535e+01   9.4844256e-24
   5.1204341e+01   9.4829631e-24
   5.1322419e+01   9.4815130e-24
   5.1440769e+01   9.4800754e-24
   5.1559392e+01   9.4786501e-24
   5.1678288e+01   9.4772370e-24
   5.1797458e+01   9.4758359e-24
   5.1916904e+01   9.4744467e-24
   5.2036625e+01   9.4730694e-24
   5.2156621e+01   9.4717037e-24
   5.2276895e+01   9.4703496e-24
   5.2397446e+01   9.4690070e-24
   5.2518275e+01   9.4676758e-24
   5.2639382e+01   9.4663558e-24
   5.2760769e+01   9.4650469e-24
   5.2882436e+01   9.4637490e-24
   5.3004383e+01   9.4624621e-24
   5.3126612e+01   9.4611859e-24
   5.3249122e+01   9.4599205e-24
   5.3371915e+01   9.4586656e-24
   5.3494991e+01   9.4574212e-24
   5.3618351e+01   9.4561872e-24
   5.3741995e+01   9.4549635e-24
   5.3865925e+01   9.4537500e-24
   5.3990140e+01   9.4525466e-24
   5.4114642e+01   9.4513531e-24
   5.4239430e+01   9.4501695e-24
   5.4364507e+01   9.4489958e-24
   5.4489872e+01   9.4478317e-24
   5.4615526e+01   9.4466772e-24
   5.4741470e+01   9.4455322e-24
   5.4867704e+01   9.4443966e-24
   5.4994229e+01   9.4432704e-24
   5.5121046e+01   9.4421534e-24
   5.5248156e+01   9.4410455e-24
   5.5375559e+01   9.4399466e-24
   5.5503255e+01   9.4388568e-24
   5.5631246e+01   9.4377758e-24
   5.5759532e+01   9.4367036e-24
   5.5888114e+01   9.4356401e-24
   5.6016992e+01   9.4345852e-24
   5.6146168e+01   9.4335388e-24
   5.6275642e+01   9.4325010e-24
   5.6405414e+01   9.4314714e-24
   5.6535485e+01   9.4304502e-24
   5.6665856e+01   9.4294372e-24
   5.6796528e+01   9.4284323e-24
   5.6927501e+01   9.4274355e-24
   5.7058777e+01   9.4264466e-24
   5.7190355e+01   9.4254657e-24
   5.7322236e+01   9.4244926e-24
   5.7454421e+01   9.4235272e-24
   5.7586912e+01   9.4225695e-24
   5.7719708e+01   9.4216194e-24
   5.7852810e+01   9.4206769e-24
   5.7986219e+01   9.4197418e-24
   5.8119935e+01   9.4188141e-24
   5.8253960e+01   9.4178937e-24
   5.8388294e+01   9.4169805e-24
   5.8522938e+01   9.4160746e-24
   5.8657893e+01   9.4151757e-24
   5.8793158e+01   9.4142839e-24
   5.8928736e+01   9.4133991e-24
   5.9064626e+01   9.4125212e-24
   5.9200829e+01   9.4116501e-24
   5.9337347e+01   9.4107858e-24
   5.9474179e+01   9.4099283e-24
   5.9611327e+01   9.4090774e-24
   5.9748791e+01   9.4082331e-24
   5.9886572e+01   9.4073953e-24
   6.0024671e+01   9.4065640e-24
   6.0163089e+01   9.4057391e-24
   6.0301825e+01   9.4049206e-24
   6.0440882e+01   9.4041084e-24
   6.0580259e+01   9.4033024e-24
   6.0719957e+01   9.4025026e-24
   6.0859978e+01   9.4017089e-24
   6.1000322e+01   9.4009213e-24
   6.1140989e+01   9.4001397e-24
   6.1281980e+01   9.3993641e-24
   6.1423297e+01   9.3985943e-24
   6.1564940e+01   9.3978304e-24
   6.1706909e+01   9.3970724e-24
   6.1849206e+01   9.3963200e-24
   6.1991830e+01   9.3955734e-24
   6.2134784e+01   9.3948324e-24
   6.2278067e+01   9.3940970e-24
   6.2421681e+01   9.3933671e-24
   6.2565626e+01   9.3926427e-24
   6.2709903e+01   9.3919238e-24
   6.2854512e+01   9.3912102e-24
   6.2999455e+01   9.3905021e-24
   6.3144732e+01   9.3897992e-24
   6.3290345e+01   9.3891015e-24
   6.3436293e+01   9.3884091e-24
   6.3582577e+01   9.3877219e-24
   6.3729199e+01   9.3870397e-24
   6.3876159e+01   9.3863627e-24
   6.4023458e+01   9.3856906e-24
   6.4171097e+01   9.3850236e-24
   6.4319076e+01   9.3843615e-24
   6.4467396e+01   9.3837043e-24
   6.4616058e+01   9.3830519e-24
   6.4765063e+01   9.3824044e-24
   6.4914412e+01   9.3817616e-24
   6.5064105e+01   9.3811236e-24
   6.5214144e+01   9.3804903e-24
   6.5364528e+01   9.3798617e-24
   6.5515259e+01   9.3792376e-24
   6.5666338e+01   9.3786182e-24
   6.5817765e+01   9.3780032e-24
   6.5969541e+01   9.3773928e-24
   6.6121667e+01   9.3767869e-24
   6.6274144e+01   9.3761854e-24
   6.6426973e+01   9.3755883e-24
   6.6580154e+01   9.3749955e-24
   6.6733688e+01   9.3744071e-24
   6.6887577e+01   9.3738229e-24
   6.7041820e+01   9.3732430e-24
   6.7196419e+01   9.3726674e-24
   6.7351374e+01   9.3720959e-24
   6.7506687e+01   9.3715286e-24
   6.7662358e+01   9.3709654e-24
   6.7818388e+01   9.3704063e-24
   6.7974778e+01   9.3698512e-24
   6.8131528e+01   9.3693002e-24
   6.8288640e+01   9.3687531e-24
   6.8446114e+01   9.3682101e-24
   6.8603951e+01   9.3676709e-24
   6.8762153e+01   9.3671357e-24
   6.8920719e+01   9.3666043e-24
   6.9079650e+01   9.3660768e-24
   6.9238949e+01   9.3655531e-24
   6.9398614e+01   9.3650332e-24
   6.9558648e+01   9.3645171e-24
   6.9719051e+01   9.3640047e-24
   6.9879823e+01   9.3634960e-24
   7.0040967e+01   9.3629909e-24
   7.0202482e+01   9.3624896e-24
   7.0364369e+01   9.3619918e-24
   7.0526630e+01   9.3614977e-24
   7.0689265e+01   9.3610071e-24
   7.0852275e+01   9.3605201e-24
   7.1015661e+01   9.3600366e-24
   7.1179423e+01   9.3595566e-24
   7.1343564e+01   9.3590800e-24
   7.1508083e+01   9.3586070e-24
   7.1672981e+01   9.3581373e-24
   7.1838259e+01   9.3576711e-24
   7.2003919e+01   9.3572083e-24
   7.2169960e+01   9.3567488e-24
   7.2336385e+01   9.3562926e-24
   7.2503193e+01   9.3558398e-24
   7.2670386e+01   9.3553902e-24
   7.2837964e+01   9.3549440e-24
   7.3005929e+01   9.3545010e-24
   7.3174282e+01   9.3540612e-24
   7.3343022e+01   9.3536246e-24
   7.3512152e+01   9.3531913e-24
   7.3681671e+01   9.3527611e-24
   7.3851582e+01   9.3523340e-24
   7.4021884e+01   9.3519101e-24
   7.4192579e+01   9.3514893e-24
   7.4363668e+01   9.3510716e-24
   7.4535151e+01   9.3506570e-24
   7.4707029e+01   9.3502454e-24
   7.4879304e+01   9.3498369e-24
   7.5051977e+01   9.3494314e-24
   7.5225047e+01   9.3490289e-24
   7.5398517e+01   9.3486294e-24
   7.5572386e+01   9.3482329e-24
   7.5746657e+01   9.3478393e-24
   7.5921329e+01   9.3474487e-24
   7.6096404e+01   9.3470610e-24
   7.6271883e+01   9.3466762e-24
   7.6447767e+01   9.3462943e-24
   7.6624056e+01   9.3459152e-24
   7.6800751e+01   9.3455391e-24
   7.6977855e+01   9.3451658e-24
   7.7155366e+01   9.3447953e-24
   7.7333287e+01   9.3444277e-24
   7.7511618e+01   9.3440628e-24
   7.7690361e+01   9.3437008e-24
   7.7869515e+01   9.3433415e-24
   7.8049083e+01   9.3429850e-24
   7.8229065e+01   9.3426313e-24
   7.8409461e+01   9.3422803e-24
   7.8590274e+01   9.3419320e-24
   7.8771504e+01   9.3415864e-24
   7.8953152e+01   9.3412436e-24
   7.9135218e+01   9.3409034e-24
   7.9317705e+01   9.3405659e-24
   7.9500612e+01   9.3402311e-24
   7.9683941e+01   9.3398990e-24
   7.9867693e+01   9.3395695e-24
   8.0051868e+01   9.3392426e-24
   8.0236468e+01   9.3389183e-24
   8.0421494e+01   9.3385967e-24
   8.0606947e+01   9.3382777e-24
   8.0792827e+01   9.3379613e-24
   8.0979136e+01   9.3376474e-24
   8.1165874e+01   9.3373362e-24
   8.1353044e+01   9.3370274e-24
   8.1540644e+01   9.3367213e-24
   8.1728678e+01   9.3364177e-24
   8.1917145e+01   9.3361166e-24
   8.2106046e+01   9.3358181e-24
   8.2295383e+01   9.3355221e-24
   8.2485157e+01   9.3352286e-24
   8.2675369e+01   9.3349376e-24
   8.2866019e+01   9.3346492e-24
   8.3057108e+01   9.3343632e-24
   8.3248639e+01   9.3340797e-24
   8.3440611e+01   9.3337986e-24
   8.3633025e+01   9.3335201e-24
   8.3825884e+01   9.3332439e-24
   8.4019187e+01   9.3329703e-24
   8.4212936e+01   9.3326991e-24
   8.4407131e+01   9.3324303e-24
   8.4601775e+01   9.3321640e-24
   8.4796867e+01   9.3319001e-24
   8.4992409e+01   9.3316386e-24
   8.5188403e+01   9.3313796e-24
   8.5384848e+01   9.3311229e-24
   8.5581746e+01   9.3308687e-24
   8.5779098e+01   9.3306169e-24
   8.5976905e+01   9.3303674e-24
   8.6175169e+01   9.3301204e-24
   8.6373889e+01   9.3298757e-24
   8.6573068e+01   9.3296335e-24
   8.6772706e+01   9.3293936e-24
   8.6972805e+01   9.3291560e-24
   8.7173365e+01   9.3289209e-24
   8.7374387e+01   9.3286881e-24
   8.7575873e+01   9.3284576e-24
   8.7777824e+01   9.3282296e-24
   8.7980240e+01   9.3280038e-24
   8.8183123e+01   9.3277805e-24
   8.8386474e+01   9.3275595e-24
   8.8590294e+01   9.3273408e-24
   8.8794584e+01   9.3271244e-24
   8.8999345e+01   9.3269104e-24
   8.9204578e+01   9.3266988e-24
   8.9410285e+01   9.3264894e-24
   8.9616465e+01   9.3262824e-24
   8.9823122e+01   9.3260777e-24
   9.0030254e+01   9.3258754e-24
   9.0237865e+01   9.3256754e-24
   9.0445954e+01   9.3254776e-24
   9.0654523e+01   9.3252823e-24
   9.0863573e+01   9.3250892e-24
   9.1073105e+01   9.3248984e-24
   9.1283120e+01   9.3247100e-24
   9.1493620e+01   9.3245239e-24
   9.1704605e+01   9.3243401e-24
   9.1916077e+01   9.3241585e-24
   9.2128036e+01   9.3239794e-24
   9.2340484e+01   9.3238025e-24
   9.2553422e+01   9.3236279e-24
   9.2766850e+01   9.3234556e-24
   9.2980771e+01   9.3232857e-24
   9.3195186e+01   9.3231180e-24
   9.3410095e+01   9.3229527e-24
   9.3625499e+01   9.3227897e-24
   9.3841400e+01   9.3226289e-24
   9.4057799e+01   9.3224705e-24
   9.4274697e+01   9.3223144e-24
   9.4492095e+01   9.3221606e-24
   9.4709995e+01   9.3220091e-24
   9.4928397e+01   9.3218599e-24
   9.5147302e+01   9.3217131e-24
   9.5366713e+01   9.3215685e-24
   9.5586629e+01   9.3214263e-24
   9.5807053e+01   9.3212863e-24
   9.6027984e+01   9.3211487e-24
   9.6249426e+01   9.3210134e-24
   9.6471378e+01   9.3208804e-24
   9.6693841e+01   9.3207498e-24
   9.6916818e+01   9.3206214e-24
   9.7140309e+01   9.3204954e-24
   9.7364315e+01   9.3203717e-24
   9.7588838e+01   9.3202503e-24
   9.7813879e+01   9.3201313e-24
   9.8039438e+01   9.3200146e-24
   9.8265518e+01   9.3199002e-24
   9.8492119e+01   9.3197882e-24
   9.8719243e+01   9.3196785e-24
   9.8946890e+01   9.3195711e-24
   9.9175062e+01   9.3194661e-24
   9.9403761e+01   9.3193634e-24
   9.9632987e+01   9.3192631e-24
   9.9862741e+01   9.3191651e-24
   1.0009303e+02   9.3190695e-24
   1.0032384e+02   9.3189762e-24
   1.0055519e+02   9.3188853e-24
   1.0078707e+02   9.3187967e-24
   1.0101948e+02   9.3187106e-24
   1.0125244e+02   9.3186268e-24
   1.0148593e+02   9.3185453e-24
   1.0171995e+02   9.3184663e-24
   1.0195452e+02   9.3183896e-24
   1.0218963e+02   9.3183153e-24
   1.0242528e+02   9.3182434e-24
   1.0266147e+02   9.3181739e-24
   1.0289821e+02   9.3181068e-24
   1.0313549e+02   9.3180421e-24
   1.0337332e+02   9.3179798e-24
   1.0361170e+02   9.3179200e-24
   1.0385063e+02   9.3178625e-24
   1.0409011e+02   9.3178074e-24
   1.0433015e+02   9.3177548e-24
   1.0457073e+02   9.3177046e-24
   1.0481187e+02   9.3176569e-24
   1.0505357e+02   9.3176116e-24
   1.0529582e+02   9.3175687e-24
   1.0553864e+02   9.3175283e-24
   1.0578201e+02   9.3174903e-24
   1.0602594e+02   9.3174548e-24
   1.0627044e+02   9.3174218e-24
   1.0651550e+02   9.3173912e-24
   1.0676113e+02   9.3173631e-24
   1.0700732e+02   9.3173375e-24
   1.0725408e+02   9.3173144e-24
   1.0750141e+02   9.3172937e-24
   1.0774931e+02   9.3172756e-24
   1.0799778e+02   9.3172600e-24
   1.0824682e+02   9.3172469e-24
   1.0849644e+02   9.3172363e-24
   1.0874663e+02   9.3172282e-24
   1.0899740e+02   9.3172227e-24
   1.0924875e+02   9.3172197e-24
   1.0950068e+02   9.3172192e-24
   1.0975319e+02   9.3172213e-24
   1.1000628e+02   9.3172260e-24
   1.1025996e+02   9.3172332e-24
   1.1051422e+02   9.3172430e-24
   1.1076906e+02   9.3172553e-24
   1.1102450e+02   9.3172703e-24
   1.1128052e+02   9.3172878e-24
   1.1153714e+02   9.3173079e-24
   1.1179434e+02   9.3173307e-24
   1.1205214e+02   9.3173560e-24
   1.1231053e+02   9.3173840e-24
   1.1256952e+02   9.3174146e-24
   1.1282911e+02   9.3174478e-24
   1.1308929e+02   9.3174836e-24
   1.1335008e+02   9.3175222e-24
   1.1361146e+02   9.3175633e-24
   1.1387345e+02   9.3176072e-24
   1.1413605e+02   9.3176537e-24
   1.1439924e+02   9.3177029e-24
   1.1466305e+02   9.3177547e-24
   1.1492746e+02   9.3178093e-24
   1.1519249e+02   9.3178666e-24
   1.1545812e+02   9.3179266e-24
   1.1572437e+02   9.3179893e-24
   1.1599123e+02   9.3180547e-24
   1.1625871e+02   9.3181229e-24
   1.1652680e+02   9.3181938e-24
   1.1679551e+02   9.3182675e-24
   1.1706484e+02   9.3183439e-24
   1.1733480e+02   9.3184231e-24
   1.1760537e+02   9.3185051e-24
   1.1787657e+02   9.3185899e-24
   1.1814839e+02   9.3186774e-24
   1.1842085e+02   9.3187678e-24
   1.1869392e+02   9.3188610e-24
   1.1896763e+02   9.3189570e-24
   1.1924197e+02   9.3190559e-24
   1.1951695e+02   9.3191576e-24
   1.1979255e+02   9.3192621e-24
   1.2006880e+02   9.3193695e-24
   1.2034568e+02   9.3194798e-24
   1.2062319e+02   9.3195930e-24
   1.2090135e+02   9.3197091e-24
   1.2118015e+02   9.3198280e-24
   1.2145959e+02   9.3199499e-24
   1.2173968e+02   9.3200747e-24
   1.2202041e+02   9.3202024e-24
   1.2230179e+02   9.3203330e-24
   1.2258382e+02   9.3204666e-24
   1.2286650e+02   9.3206032e-24
   1.2314983e+02   9.3207427e-24
   1.2343382e+02   9.3208852e-24
   1.2371846e+02   9.3210307e-24
   1.2400375e+02   9.3211792e-24
   1.2428971e+02   9.3213307e-24
   1.2457632e+02   9.3214853e-24
   1.2486359e+02   9.3216428e-24
   1.2515153e+02   9.3218035e-24
   1.2544013e+02   9.3219671e-24
   1.2572940e+02   9.3221338e-24
   1.2601933e+02   9.3223036e-24
   1.2630993e+02   9.3224765e-24
   1.2660120e+02   9.3226525e-24
   1.2689314e+02   9.3228316e-24
   1.2718576e+02   9.3230138e-24
   1.2747905e+02   9.3231991e-24
   1.2777302e+02   9.3233876e-24
   1.2806767e+02   9.3235793e-24
   1.2836299e+02   9.3237740e-24
   1.2865900e+02   9.3239720e-24
   1.2895569e+02   9.3241732e-24
   1.2925306e+02   9.3243775e-24
   1.2955112e+02   9.3245851e-24
   1.2984986e+02   9.3247959e-24
   1.3014930e+02   9.3250099e-24
   1.3044942e+02   9.3252272e-24
   1.3075024e+02   9.3254477e-24
   1.3105175e+02   9.3256715e-24
   1.3135396e+02   9.3258985e-24
   1.3165686e+02   9.3261289e-24
   1.3196046e+02   9.3263626e-24
   1.3226476e+02   9.3265996e-24
   1.3256977e+02   9.3268399e-24
   1.3287547e+02   9.3270835e-24
   1.3318189e+02   9.3273305e-24
   1.3348901e+02   9.3275809e-24
   1.3379683e+02   9.3278347e-24
   1.3410537e+02   9.3280918e-24
   1.3441462e+02   9.3283524e-24
   1.3472458e+02   9.3286164e-24
   1.3503525e+02   9.3288838e-24
   1.3534665e+02   9.3291546e-24
   1.3565876e+02   9.3294289e-24
   1.3597159e+02   9.3297067e-24
   1.3628514e+02   9.3299879e-24
   1.3659941e+02   9.3302727e-24
   1.3691441e+02   9.3305610e-24
   1.3723014e+02   9.3308527e-24
   1.3754659e+02   9.3311481e-24
   1.3786377e+02   9.3314469e-24
   1.3818169e+02   9.3317494e-24
   1.3850034e+02   9.3320554e-24
   1.3881972e+02   9.3323650e-24
   1.3913984e+02   9.3326782e-24
   1.3946070e+02   9.3329950e-24
   1.3978229e+02   9.3333154e-24
   1.4010463e+02   9.3336395e-24
   1.4042772e+02   9.3339673e-24
   1.4075154e+02   9.3342987e-24
   1.4107612e+02   9.3346338e-24
   1.4140144e+02   9.3349726e-24
   1.4172751e+02   9.3353152e-24
   1.4205434e+02   9.3356614e-24
   1.4238192e+02   9.3360115e-24
   1.4271025e+02   9.3363652e-24
   1.4303934e+02   9.3367228e-24
   1.4336919e+02   9.3370841e-24
   1.4369980e+02   9.3374492e-24
   1.4403117e+02   9.3378182e-24
   1.4436331e+02   9.3381910e-24
   1.4469621e+02   9.3385676e-24
   1.4502988e+02   9.3389481e-24
   1.4536432e+02   9.3393325e-24
   1.4569954e+02   9.3397207e-24
   1.4603552e+02   9.3401129e-24
   1.4637228e+02   9.3405090e-24
   1.4670981e+02   9.3409091e-24
   1.4704813e+02   9.3413130e-24
   1.4738722e+02   9.3417210e-24
   1.4772710e+02   9.3421330e-24
   1.4806776e+02   9.3425489e-24
   1.4840920e+02   9.3429689e-24
   1.4875144e+02   9.3433929e-24
   1.4909446e+02   9.3438209e-24
   1.4943827e+02   9.3442530e-24
   1.4978288e+02   9.3446892e-24
   1.5012828e+02   9.3451295e-24
   1.5047447e+02   9.3455739e-24
   1.5082147e+02   9.3460224e-24
   1.5116927e+02   9.3464751e-24
   1.5151786e+02   9.3469319e-24
   1.5186726e+02   9.3473930e-24
   1.5221747e+02   9.3478582e-24
   1.5256849e+02   9.3483276e-24
   1.5292031e+02   9.3488012e-24
   1.5327295e+02   9.3492791e-24
   1.5362639e+02   9.3497613e-24
   1.5398066e+02   9.3502477e-24
   1.5433574e+02   9.3507384e-24
   1.5469164e+02   9.3512335e-24
   1.5504836e+02   9.3517328e-24
   1.5540590e+02   9.3522365e-24
   1.5576427e+02   9.3527446e-24
   1.5612346e+02   9.3532571e-24
   1.5648348e+02   9.3537739e-24
   1.5684434e+02   9.3542952e-24
   1.5720602e+02   9.3548209e-24
   1.5756854e+02   9.3553510e-24
   1.5793189e+02   9.3558857e-24
   1.5829608e+02   9.3564248e-24
   1.5866112e+02   9.3569684e-24
   1.5902699e+02   9.3575165e-24
   1.5939371e+02   9.3580692e-24
   1.5976127e+02   9.3586265e-24
   1.6012968e+02   9.3591883e-24
   1.6049894e+02   9.3597547e-24
   1.6086905e+02   9.3603257e-24
   1.6124002e+02   9.3609014e-24
   1.6161184e+02   9.3614817e-24
   1.6198452e+02   9.3620666e-24
   1.6235805e+02   9.3626563e-24
   1.6273245e+02   9.3632507e-24
   1.6310772e+02   9.3638498e-24
   1.6348384e+02   9.3644536e-24
   1.6386084e+02   9.3650622e-24
   1.6423870e+02   9.3656756e-24
   1.6461744e+02   9.3662938e-24
   1.6499705e+02   9.3669168e-24
   1.6537753e+02   9.3675446e-24
   1.6575889e+02   9.3681773e-24
   1.6614114e+02   9.3688149e-24
   1.6652426e+02   9.3694574e-24
   1.6690826e+02   9.3701048e-24
   1.6729316e+02   9.3707571e-24
   1.6767894e+02   9.3714144e-24
   1.6806560e+02   9.3720767e-24
   1.6845316e+02   9.3727440e-24
   1.6884162e+02   9.3734163e-24
   1.6923097e+02   9.3740936e-24
   1.6962122e+02   9.3747760e-24
   1.7001236e+02   9.3754634e-24
   1.7040441e+02   9.3761560e-24
   1.7079737e+02   9.3768537e-24
   1.7119123e+02   9.3775565e-24
   1.7158600e+02   9.3782645e-24
   1.7198168e+02   9.3789776e-24
   1.7237827e+02   9.3796960e-24
   1.7277577e+02   9.3804196e-24
   1.7317419e+02   9.3811484e-24
   1.7357354e+02   9.3818825e-24
   1.7397380e+02   9.3826219e-24
   1.7437498e+02   9.3833666e-24
   1.7477709e+02   9.3841166e-24
   1.7518013e+02   9.3848720e-24
   1.7558410e+02   9.3856328e-24
   1.7598899e+02   9.3863989e-24
   1.7639483e+02   9.3871704e-24
   1.7680159e+02   9.3879474e-24
   1.7720930e+02   9.3887299e-24
   1.7761795e+02   9.3895178e-24
   1.7802753e+02   9.3903113e-24
   1.7843807e+02   9.3911102e-24
   1.7884955e+02   9.3919147e-24
   1.7926198e+02   9.3927248e-24
   1.7967535e+02   9.3935405e-24
   1.8008969e+02   9.3943618e-24
   1.8050498e+02   9.3951887e-24
   1.8092122e+02   9.3960213e-24
   1.8133843e+02   9.3968595e-24
   1.8175659e+02   9.3977035e-24
   1.8217573e+02   9.3985532e-24
   1.8259583e+02   9.3994087e-24
   1.8301689e+02   9.4002699e-24
   1.8343893e+02   9.4011369e-24
   1.8386194e+02   9.4020098e-24
   1.8428593e+02   9.4028885e-24
   1.8471089e+02   9.4037731e-24
   1.8513684e+02   9.4046635e-24
   1.8556377e+02   9.4055599e-24
   1.8599168e+02   9.4064622e-24
   1.8642058e+02   9.4073705e-24
   1.8685046e+02   9.4082848e-24
   1.8728134e+02   9.4092051e-24
   1.8771321e+02   9.4101314e-24
   1.8814608e+02   9.4110638e-24
   1.8857995e+02   9.4120022e-24
   1.8901482e+02   9.4129468e-24
   1.8945068e+02   9.4138975e-24
   1.8988756e+02   9.4148544e-24
   1.9032544e+02   9.4158175e-24
   1.9076433e+02   9.4167867e-24
   1.9120424e+02   9.4177622e-24
   1.9164516e+02   9.4187440e-24
   1.9208709e+02   9.4197321e-24
   1.9253005e+02   9.4207264e-24
   1.9297402e+02   9.4217271e-24
   1.9341902e+02   9.4227342e-24
   1.9386505e+02   9.4237476e-24
   1.9431210e+02   9.4247675e-24
   1.9476019e+02   9.4257938e-24
   1.9520930e+02   9.4268265e-24
   1.9565946e+02   9.4278658e-24
   1.9611065e+02   9.4289116e-24
   1.9656288e+02   9.4299639e-24
   1.9701616e+02   9.4310228e-24
   1.9747048e+02   9.4320882e-24
   1.9792585e+02   9.4331603e-24
   1.9838227e+02   9.4342391e-24
   1.9883974e+02   9.4353245e-24
   1.9929826e+02   9.4364167e-24
   1.9975785e+02   9.4375155e-24
   2.0021849e+02   9.4386212e-24
   2.0068020e+02   9.4397336e-24
   2.0114297e+02   9.4408528e-24
   2.0160680e+02   9.4419788e-24
   2.0207171e+02   9.4431118e-24
   2.0253769e+02   9.4442516e-24
   2.0300474e+02   9.4453983e-24
   2.0347287e+02   9.4465520e-24
   2.0394208e+02   9.4477127e-24
   2.0441237e+02   9.4488804e-24
   2.0488375e+02   9.4500551e-24
   2.0535621e+02   9.4512369e-24
   2.0582977e+02   9.4524258e-24
   2.0630441e+02   9.4536218e-24
   2.0678015e+02   9.4548249e-24
   2.0725699e+02   9.4560352e-24
   2.0773492e+02   9.4572528e-24
   2.0821396e+02   9.4584775e-24
   2.0869411e+02   9.4597096e-24
   2.0917536e+02   9.4609489e-24
   2.0965772e+02   9.4621955e-24
   2.1014119e+02   9.4634495e-24
   2.1062578e+02   9.4647109e-24
   2.1111148e+02   9.4659797e-24
   2.1159831e+02   9.4672560e-24
   2.1208625e+02   9.4685397e-24
   2.1257533e+02   9.4698309e-24
   2.1306553e+02   9.4711297e-24
   2.1355686e+02   9.4724360e-24
   2.1404932e+02   9.4737499e-24
   2.1454292e+02   9.4750714e-24
   2.1503766e+02   9.4764006e-24
   2.1553354e+02   9.4777375e-24
   2.1603056e+02   9.4790820e-24
   2.1652873e+02   9.4804344e-24
   2.1702804e+02   9.4817945e-24
   2.1752851e+02   9.4831624e-24
   2.1803013e+02   9.4845382e-24
   2.1853291e+02   9.4859218e-24
   2.1903685e+02   9.4873134e-24
   2.1954195e+02   9.4887129e-24
   2.2004822e+02   9.4901203e-24
   2.2055565e+02   9.4915357e-24
   2.2106425e+02   9.4929592e-24
   2.2157403e+02   9.4943908e-24
   2.2208498e+02   9.4958304e-24
   2.2259711e+02   9.4972782e-24
   2.2311042e+02   9.4987341e-24
   2.2362491e+02   9.5001983e-24
   2.2414060e+02   9.5016706e-24
   2.2465747e+02   9.5031512e-24
   2.2517553e+02   9.5046401e-24
   2.2569478e+02   9.5061374e-24
   2.2621524e+02   9.5076430e-24
   2.2673689e+02   9.5091570e-24
   2.2725975e+02   9.5106794e-24
   2.2778381e+02   9.5122103e-24
   2.2830908e+02   9.5137497e-24
   2.2883556e+02   9.5152976e-24
   2.2936326e+02   9.5168540e-24
   2.2989217e+02   9.5184191e-24
   2.3042231e+02   9.5199928e-24
   2.3095366e+02   9.5215752e-24
   2.3148624e+02   9.5231663e-24
   2.3202005e+02   9.5247661e-24
   2.3255509e+02   9.5263747e-24
   2.3309137e+02   9.5279920e-24
   2.3362888e+02   9.5296183e-24
   2.3416763e+02   9.5312534e-24
   2.3470762e+02   9.5328974e-24
   2.3524886e+02   9.5345504e-24
   2.3579134e+02   9.5362123e-24
   2.3633508e+02   9.5378833e-24
   2.3688007e+02   9.5395633e-24
   2.3742632e+02   9.5412524e-24
   2.3797382e+02   9.5429507e-24
   2.3852259e+02   9.5446581e-24
   2.3907263e+02   9.5463747e-24
   2.3962393e+02   9.5481006e-24
   2.4017651e+02   9.5498357e-24
   2.4073036e+02   9.5515802e-24
   2.4128548e+02   9.5533340e-24
   2.4184189e+02   9.5550971e-24
   2.4239958e+02   9.5568697e-24
   2.4295855e+02   9.5586518e-24
   2.4351882e+02   9.5604434e-24
   2.4408037e+02   9.5622445e-24
   2.4464322e+02   9.5640552e-24
   2.4520737e+02   9.5658755e-24
   2.4577282e+02   9.5677054e-24
   2.4633958e+02   9.5695450e-24
   2.4690764e+02   9.5713944e-24
   2.4747701e+02   9.5732535e-24
   2.4804769e+02   9.5751225e-24
   2.4861969e+02   9.5770013e-24
   2.4919301e+02   9.5788899e-24
   2.4976765e+02   9.5807885e-24
   2.5034362e+02   9.5826971e-24
   2.5092091e+02   9.5846156e-24
   2.5149954e+02   9.5865442e-24
   2.5207950e+02   9.5884829e-24
   2.5266080e+02   9.5904317e-24
   2.5324343e+02   9.5923907e-24
   2.5382742e+02   9.5943599e-24
   2.5441274e+02   9.5963393e-24
   2.5499942e+02   9.5983290e-24
   2.5558745e+02   9.6003290e-24
   2.5617684e+02   9.6023394e-24
   2.5676758e+02   9.6043602e-24
   2.5735969e+02   9.6063915e-24
   2.5795317e+02   9.6084332e-24
   2.5854801e+02   9.6104855e-24
   2.5914422e+02   9.6125483e-24
   2.5974181e+02   9.6146218e-24
   2.6034078e+02   9.6167059e-24
   2.6094112e+02   9.6188007e-24
   2.6154286e+02   9.6209063e-24
   2.6214598e+02   9.6230226e-24
   2.6275049e+02   9.6251498e-24
   2.6335639e+02   9.6272878e-24
   2.6396369e+02   9.6294367e-24
   2.6457240e+02   9.6315966e-24
   2.6518250e+02   9.6337675e-24
   2.6579401e+02   9.6359495e-24
   2.6640694e+02   9.6381425e-24
   2.6702127e+02   9.6403467e-24
   2.6763703e+02   9.6425620e-24
   2.6825420e+02   9.6447885e-24
   2.6887280e+02   9.6470263e-24
   2.6949282e+02   9.6492755e-24
   2.7011427e+02   9.6515359e-24
   2.7073716e+02   9.6538078e-24
   2.7136148e+02   9.6560911e-24
   2.7198724e+02   9.6583859e-24
   2.7261444e+02   9.6606922e-24
   2.7324310e+02   9.6630100e-24
   2.7387320e+02   9.6653396e-24
   2.7450475e+02   9.6676807e-24
   2.7513776e+02   9.6700336e-24
   2.7577223e+02   9.6723983e-24
   2.7640816e+02   9.6747747e-24
   2.7704556e+02   9.6771630e-24
   2.7768443e+02   9.6795632e-24
   2.7832477e+02   9.6819753e-24
   2.7896659e+02   9.6843995e-24
   2.7960989e+02   9.6868356e-24
   2.8025467e+02   9.6892839e-24
   2.8090094e+02   9.6917443e-24
   2.8154870e+02   9.6942168e-24
   2.8219796e+02   9.6967016e-24
   2.8284871e+02   9.6991987e-24
   2.8350096e+02   9.7017080e-24
   2.8415471e+02   9.7042298e-24
   2.8480998e+02   9.7067640e-24
   2.8546675e+02   9.7093106e-24
   2.8612504e+02   9.7118698e-24
   2.8678485e+02   9.7144415e-24
   2.8744617e+02   9.7170258e-24
   2.8810903e+02   9.7196228e-24
   2.8877341e+02   9.7222325e-24
   2.8943932e+02   9.7248550e-24
   2.9010677e+02   9.7274903e-24
   2.9077576e+02   9.7301385e-24
   2.9144629e+02   9.7327995e-24
   2.9211837e+02   9.7354735e-24
   2.9279200e+02   9.7381606e-24
   2.9346718e+02   9.7408607e-24
   2.9414391e+02   9.7435739e-24
   2.9482221e+02   9.7463002e-24
   2.9550207e+02   9.7490398e-24
   2.9618350e+02   9.7517927e-24
   2.9686651e+02   9.7545589e-24
   2.9755108e+02   9.7573384e-24
   2.9823724e+02   9.7601314e-24
   2.9892498e+02   9.7629378e-24
   2.9961430e+02   9.7657578e-24
   3.0030521e+02   9.7685913e-24
   3.0099772e+02   9.7714385e-24
   3.0169182e+02   9.7742994e-24
   3.0238752e+02   9.7771739e-24
   3.0308483e+02   9.7800623e-24
   3.0378375e+02   9.7829646e-24
   3.0448428e+02   9.7858807e-24
   3.0518642e+02   9.7888107e-24
   3.0589018e+02   9.7917548e-24
   3.0659557e+02   9.7947129e-24
   3.0730258e+02   9.7976852e-24
   3.0801122e+02   9.8006716e-24
   3.0872150e+02   9.8036722e-24
   3.0943341e+02   9.8066871e-24
   3.1014697e+02   9.8097164e-24
   3.1086217e+02   9.8127600e-24
   3.1157902e+02   9.8158180e-24
   3.1229752e+02   9.8188906e-24
   3.1301768e+02   9.8219777e-24
   3.1373950e+02   9.8250794e-24
   3.1446299e+02   9.8281958e-24
   3.1518814e+02   9.8313269e-24
   3.1591497e+02   9.8344727e-24
   3.1664347e+02   9.8376334e-24
   3.1737365e+02   9.8408090e-24
   3.1810552e+02   9.8439995e-24
   3.1883907e+02   9.8472051e-24
   3.1957432e+02   9.8504257e-24
   3.2031126e+02   9.8536614e-24
   3.2104990e+02   9.8569123e-24
   3.2179024e+02   9.8601784e-24
   3.2253229e+02   9.8634598e-24
   3.2327606e+02   9.8667566e-24
   3.2402153e+02   9.8700688e-24
   3.2476873e+02   9.8733964e-24
   3.2551765e+02   9.8767396e-24
   3.2626829e+02   9.8800983e-24
   3.2702067e+02   9.8834727e-24
   3.2777478e+02   9.8868628e-24
   3.2853063e+02   9.8902687e-24
   3.2928823e+02   9.8936903e-24
   3.3004757e+02   9.8971279e-24
   3.3080866e+02   9.9005814e-24
   3.3157151e+02   9.9040509e-24
   3.3233612e+02   9.9075365e-24
   3.3310249e+02   9.9110382e-24
   3.3387062e+02   9.9145561e-24
   3.3464053e+02   9.9180902e-24
   3.3541221e+02   9.9216407e-24
   3.3618568e+02   9.9252075e-24
   3.3696092e+02   9.9287907e-24
   3.3773796e+02   9.9323904e-24
   3.3851679e+02   9.9360067e-24
   3.3929741e+02   9.9396396e-24
   3.4007983e+02   9.9432892e-24
   3.4086406e+02   9.9469556e-24
   3.4165009e+02   9.9506387e-24
   3.4243794e+02   9.9543387e-24
   3.4322760e+02   9.9580557e-24
   3.4401909e+02   9.9617896e-24
   3.4481240e+02   9.9655406e-24
   3.4560754e+02   9.9693087e-24
   3.4640451e+02   9.9730940e-24
   3.4720333e+02   9.9768966e-24
   3.4800398e+02   9.9807165e-24
   3.4880648e+02   9.9845537e-24
   3.4961083e+02   9.9884085e-24
   3.5041703e+02   9.9922807e-24
   3.5122510e+02   9.9961705e-24
   3.5203503e+02   1.0000078e-23
   3.5284682e+02   1.0004003e-23
   3.5366049e+02   1.0007946e-23
   3.5447603e+02   1.0011907e-23
   3.5529346e+02   1.0015885e-23
   3.5611277e+02   1.0019882e-23
   3.5693397e+02   1.0023897e-23
   3.5775706e+02   1.0027930e-23
   3.5858205e+02   1.0031981e-23
   3.5940894e+02   1.0036050e-23
   3.6023774e+02   1.0040137e-23
   3.6106845e+02   1.0044243e-23
   3.6190108e+02   1.0048368e-23
   3.6273563e+02   1.0052511e-23
   3.6357210e+02   1.0056672e-23
   3.6441050e+02   1.0060852e-23
   3.6525083e+02   1.0065051e-23
   3.6609310e+02   1.0069269e-23
   3.6693731e+02   1.0073505e-23
   3.6778347e+02   1.0077760e-23
   3.6863159e+02   1.0082035e-23
   3.6948165e+02   1.0086328e-23
   3.7033368e+02   1.0090641e-23
   3.7118767e+02   1.0094973e-23
   3.7204364e+02   1.0099324e-23
   3.7290157e+02   1.0103694e-23
   3.7376148e+02   1.0108084e-23
   3.7462338e+02   1.0112494e-23
   3.7548727e+02   1.0116923e-23
   3.7635314e+02   1.0121371e-23
   3.7722102e+02   1.0125840e-23
   3.7809089e+02   1.0130328e-23
   3.7896277e+02   1.0134836e-23
   3.7983666e+02   1.0139364e-23
   3.8071257e+02   1.0143911e-23
   3.8159049e+02   1.0148479e-23
   3.8247044e+02   1.0153067e-23
   3.8335242e+02   1.0157676e-23
   3.8423644e+02   1.0162304e-23
   3.8512249e+02   1.0166953e-23
   3.8601059e+02   1.0171623e-23
   3.8690073e+02   1.0176313e-23
   3.8779292e+02   1.0181023e-23
   3.8868718e+02   1.0185754e-23
   3.8958349e+02   1.0190506e-23
   3.9048188e+02   1.0195279e-23
   3.9138233e+02   1.0200073e-23
   3.9228486e+02   1.0204887e-23
   3.9318947e+02   1.0209723e-23
   3.9409617e+02   1.0214580e-23
   3.9500496e+02   1.0219458e-23
   3.9591584e+02   1.0224357e-23
   3.9682883e+02   1.0229278e-23
   3.9774392e+02   1.0234220e-23
   3.9866112e+02   1.0239183e-23
   3.9958044e+02   1.0244168e-23
   4.0050187e+02   1.0249175e-23
   4.0142543e+02   1.0254204e-23
   4.0235112e+02   1.0259254e-23
   4.0327895e+02   1.0264326e-23
   4.0420891e+02   1.0269421e-23
   4.0514102e+02   1.0274537e-23
   4.0607528e+02   1.0279675e-23
   4.0701169e+02   1.0284836e-23
   4.0795026e+02   1.0290019e-23
   4.0889100e+02   1.0295224e-23
   4.0983390e+02   1.0300452e-23
   4.1077898e+02   1.0305702e-23
   4.1172624e+02   1.0310975e-23
   4.1267569e+02   1.0316271e-23
   4.1362732e+02   1.0321590e-23
   4.1458115e+02   1.0326931e-23
   4.1553718e+02   1.0332295e-23
   4.1649541e+02   1.0337683e-23
   4.1745585e+02   1.0343093e-23
   4.1841851e+02   1.0348527e-23
   4.1938338e+02   1.0353984e-23
   4.2035048e+02   1.0359464e-23
   4.2131982e+02   1.0364968e-23
   4.2229138e+02   1.0370496e-23
   4.2326519e+02   1.0376047e-23
   4.2424124e+02   1.0381621e-23
   4.2521955e+02   1.0387220e-23
   4.2620010e+02   1.0392843e-23
   4.2718293e+02   1.0398489e-23
   4.2816801e+02   1.0404160e-23
   4.2915537e+02   1.0409855e-23
   4.3014501e+02   1.0415574e-23
   4.3113692e+02   1.0421317e-23
   4.3213113e+02   1.0427085e-23
   4.3312763e+02   1.0432878e-23
   4.3412642e+02   1.0438695e-23
   4.3512752e+02   1.0444537e-23
   4.3613093e+02   1.0450404e-23
   4.3713665e+02   1.0456296e-23
   4.3814469e+02   1.0462213e-23
   4.3915506e+02   1.0468155e-23
   4.4016775e+02   1.0474123e-23
   4.4118278e+02   1.0480116e-23
   4.4220015e+02   1.0486135e-23
   4.4321987e+02   1.0492179e-23
   4.4424194e+02   1.0498249e-23
   4.4526636e+02   1.0504345e-23
   4.4629315e+02   1.0510468e-23
   4.4732231e+02   1.0516617e-23
   4.4835383e+02   1.0522792e-23
   4.4938774e+02   1.0528994e-23
   4.5042403e+02   1.0535223e-23
   4.5146271e+02   1.0541479e-23
   4.5250379e+02   1.0547762e-23
   4.5354727e+02   1.0554074e-23
   4.5459315e+02   1.0560413e-23
   4.5564145e+02   1.0566781e-23
   4.5669216e+02   1.0573178e-23
   4.5774529e+02   1.0579605e-23
   4.5880086e+02   1.0586062e-23
   4.5985886e+02   1.0592551e-23
   4.6091930e+02   1.0599072e-23
   4.6198218e+02   1.0605626e-23
   4.6304751e+02   1.0612217e-23
   4.6411530e+02   1.0618845e-23
   4.6518556e+02   1.0625515e-23
   4.6625828e+02   1.0632232e-23
   4.6733347e+02   1.0639000e-23
   4.6841115e+02   1.0645831e-23
   4.6949131e+02   1.0652739e-23
   4.7057396e+02   1.0659747e-23
   4.7165911e+02   1.0666894e-23
   4.7274676e+02   1.0674245e-23
   4.7383691e+02   1.0681930e-23
   4.7492958e+02   1.0690215e-23
   4.7602478e+02   1.0699742e-23
   4.7712249e+02   1.0712396e-23
   4.7822274e+02   1.0735909e-23
   4.7932553e+02   1.0835244e-23
   4.8043085e+02   4.1867772e-23
   4.8153873e+02   1.0829492e-23
   4.8264916e+02   1.0760409e-23
   4.8376216e+02   1.0752836e-23
   4.8487772e+02   1.0754758e-23
   4.8599585e+02   1.0759482e-23
   4.8711656e+02   1.0765333e-23
   4.8823985e+02   1.0771731e-23
   4.8936574e+02   1.0778435e-23
   4.9049422e+02   1.0785328e-23
   4.9162530e+02   1.0792351e-23
   4.9275899e+02   1.0799468e-23
   4.9389530e+02   1.0806659e-23
   4.9503423e+02   1.0813910e-23
   4.9617578e+02   1.0821214e-23
   4.9731996e+02   1.0828564e-23
   4.9846679e+02   1.0835956e-23
   4.9961626e+02   1.0843388e-23
   5.0076837e+02   1.0850858e-23
   5.0192315e+02   1.0858364e-23
   5.0308059e+02   1.0865905e-23
   5.0424070e+02   1.0873481e-23
   5.0540348e+02   1.0881090e-23
   5.0656894e+02   1.0888733e-23
   5.0773710e+02   1.0896408e-23
   5.0890794e+02   1.0904117e-23
   5.1008149e+02   1.0911858e-23
   5.1125774e+02   1.0919631e-23
   5.1243670e+02   1.0927436e-23
   5.1361839e+02   1.0935274e-23
   5.1480279e+02   1.0943144e-23
   5.1598993e+02   1.0951046e-23
   5.1717981e+02   1.0958981e-23
   5.1837243e+02   1.0966948e-23
   5.1956780e+02   1.0974947e-23
   5.2076593e+02   1.0982978e-23
   5.2196682e+02   1.0991042e-23
   5.2317048e+02   1.0999138e-23
   5.2437691e+02   1.1007267e-23
   5.2558613e+02   1.1015428e-23
   5.2679814e+02   1.1023622e-23
   5.2801294e+02   1.1031849e-23
   5.2923054e+02   1.1040108e-23
   5.3045095e+02   1.1048400e-23
   5.3167417e+02   1.1056726e-23
   5.3290022e+02   1.1065084e-23
   5.3412909e+02   1.1073476e-23
   5.3536079e+02   1.1081901e-23
   5.3659534e+02   1.1090359e-23
   5.3783273e+02   1.1098851e-23
   5.3907298e+02   1.1107376e-23
   5.4031609e+02   1.1115935e-23
   5.4156206e+02   1.1124528e-23
   5.4281090e+02   1.1133154e-23
   5.4406263e+02   1.1141814e-23
   5.4531724e+02   1.1150509e-23
   5.4657475e+02   1.1159238e-23
   5.4783515e+02   1.1168001e-23
   5.4909847e+02   1.1176798e-23
   5.5036469e+02   1.1185630e-23
   5.5163384e+02   1.1194496e-23
   5.5290591e+02   1.1203397e-23
   5.5418091e+02   1.1212333e-23
   5.5545886e+02   1.1221303e-23
   5.5673975e+02   1.1230309e-23
   5.5802360e+02   1.1239350e-23
   5.5931040e+02   1.1248426e-23
   5.6060018e+02   1.1257537e-23
   5.6189293e+02   1.1266684e-23
   5.6318866e+02   1.1275866e-23
   5.6448737e+02   1.1285084e-23
   5.6578909e+02   1.1294337e-23
   5.6709380e+02   1.1303627e-23
   5.6840152e+02   1.1312952e-23
   5.6971226e+02   1.1322313e-23
   5.7102602e+02   1.1331711e-23
   5.7234281e+02   1.1341145e-23
   5.7366264e+02   1.1350615e-23
   5.7498551e+02   1.1360122e-23
   5.7631143e+02   1.1369666e-23
   5.7764041e+02   1.1379246e-23
   5.7897245e+02   1.1388863e-23
   5.8030757e+02   1.1398517e-23
   5.8164576e+02   1.1408208e-23
   5.8298704e+02   1.1417937e-23
   5.8433141e+02   1.1427702e-23
   5.8567889e+02   1.1437505e-23
   5.8702947e+02   1.1447346e-23
   5.8838316e+02   1.1457224e-23
   5.8973998e+02   1.1467140e-23
   5.9109992e+02   1.1477094e-23
   5.9246300e+02   1.1487086e-23
   5.9382923e+02   1.1497116e-23
   5.9519860e+02   1.1507184e-23
   5.9657113e+02   1.1517290e-23
   5.9794683e+02   1.1527435e-23
   5.9932570e+02   1.1537619e-23
   6.0070775e+02   1.1547841e-23
   6.0209299e+02   1.1558102e-23
   6.0348142e+02   1.1568401e-23
   6.0487305e+02   1.1578740e-23
   6.0626789e+02   1.1589118e-23
   6.0766595e+02   1.1599535e-23
   6.0906723e+02   1.1609992e-23
   6.1047175e+02   1.1620488e-23
   6.1187950e+02   1.1631024e-23
   6.1329050e+02   1.1641599e-23
   6.1470475e+02   1.1652214e-23
   6.1612226e+02   1.1662869e-23
   6.1754305e+02   1.1673565e-23
   6.1896711e+02   1.1684300e-23
   6.2039445e+02   1.1695076e-23
   6.2182508e+02   1.1705892e-23
   6.2325902e+02   1.1716749e-23
   6.2469626e+02   1.1727646e-23
   6.2613681e+02   1.1738584e-23
   6.2758069e+02   1.1749563e-23
   6.2902789e+02   1.1760583e-23
   6.3047844e+02   1.1771644e-23
   6.3193232e+02   1.1782747e-23
   6.3338957e+02   1.1793891e-23
   6.3485017e+02   1.1805076e-23
   6.3631414e+02   1.1816303e-23
   6.3778148e+02   1.1827572e-23
   6.3925221e+02   1.1838883e-23
   6.4072633e+02   1.1850235e-23
   6.4220385e+02   1.1861630e-23
   6.4368478e+02   1.1873067e-23
   6.4516912e+02   1.1884546e-23
   6.4665688e+02   1.1896068e-23
   6.4814808e+02   1.1907633e-23
   6.4964271e+02   1.1919240e-23
   6.5114080e+02   1.1930890e-23
   6.5264233e+02   1.1942583e-23
   6.5414733e+02   1.1954319e-23
   6.5565580e+02   1.1966098e-23
   6.5716775e+02   1.1977921e-23
   6.5868318e+02   1.1989787e-23
   6.6020211e+02   1.2001696e-23
   6.6172454e+02   1.2013650e-23
   6.6325048e+02   1.2025647e-23
   6.6477994e+02   1.2037688e-23
   6.6631293e+02   1.2049773e-23
   6.6784945e+02   1.2061903e-23
   6.6938952e+02   1.2074077e-23
   6.7093314e+02   1.2086295e-23
   6.7248031e+02   1.2098558e-23
   6.7403106e+02   1.2110865e-23
   6.7558538e+02   1.2123218e-23
   6.7714328e+02   1.2135615e-23
   6.7870478e+02   1.2148058e-23
   6.8026988e+02   1.2160545e-23
   6.8183859e+02   1.2173078e-23
   6.8341091e+02   1.2185657e-23
   6.8498686e+02   1.2198281e-23
   6.8656645e+02   1.2210951e-23
   6.8814967e+02   1.2223667e-23
   6.8973655e+02   1.2236428e-23
   6.9132709e+02   1.2249236e-23
   6.9292130e+02   1.2262090e-23
   6.9451918e+02   1.2274991e-23
   6.9612074e+02   1.2287937e-23
   6.9772600e+02   1.2300931e-23
   6.9933497e+02   1.2313971e-23
   7.0094764e+02   1.2327058e-23
   7.0256403e+02   1.2340193e-23
   7.0418415e+02   1.2353374e-23
   7.0580800e+02   1.2366603e-23
   7.0743560e+02   1.2379879e-23
   7.0906695e+02   1.2393202e-23
   7.1070206e+02   1.2406574e-23
   7.1234095e+02   1.2419993e-23
   7.1398361e+02   1.2433460e-23
   7.1563006e+02   1.2446975e-23
   7.1728031e+02   1.2460538e-23
   7.1893437e+02   1.2474149e-23
   7.2059223e+02   1.2487809e-23
   7.2225393e+02   1.2501518e-23
   7.2391945e+02   1.2515275e-23
   7.2558881e+02   1.2529081e-23
   7.2726203e+02   1.2542937e-23
   7.2893910e+02   1.2556841e-23
   7.3062004e+02   1.2570794e-23
   7.3230485e+02   1.2584797e-23
   7.3399355e+02   1.2598850e-23
   7.3568615e+02   1.2612952e-23
   7.3738265e+02   1.2627104e-23
   7.3908306e+02   1.2641305e-23
   7.4078739e+02   1.2655557e-23
   7.4249565e+02   1.2669859e-23
   7.4420785e+02   1.2684212e-23
   7.4592400e+02   1.2698614e-23
   7.4764410e+02   1.2713068e-23
   7.4936818e+02   1.2727572e-23
   7.5109623e+02   1.2742127e-23
   7.5282826e+02   1.2756733e-23
   7.5456429e+02   1.2771390e-23
   7.5630432e+02   1.2786098e-23
   7.5804836e+02   1.2800858e-23
   7.5979643e+02   1.2815669e-23
   7.6154852e+02   1.2830532e-23
   7.6330466e+02   1.2845447e-23
   7.6506485e+02   1.2860414e-23
   7.6682909e+02   1.2875433e-23
   7.6859741e+02   1.2890504e-23
   7.7036980e+02   1.2905627e-23
   7.7214628e+02   1.2920803e-23
   7.7392685e+02   1.2936032e-23
   7.7571153e+02   1.2951313e-23
   7.7750033e+02   1.2966647e-23
   7.7929325e+02   1.2982035e-23
   7.8109031e+02   1.2997475e-23
   7.8289151e+02   1.3012969e-23
   7.8469686e+02   1.3028517e-23
   7.8650638e+02   1.3044118e-23
   7.8832007e+02   1.3059772e-23
   7.9013794e+02   1.3075481e-23
   7.9196000e+02   1.3091243e-23
   7.9378627e+02   1.3107060e-23
   7.9561675e+02   1.3122931e-23
   7.9745144e+02   1.3138857e-23
   7.9929037e+02   1.3154837e-23
   8.0113354e+02   1.3170872e-23
   8.0298096e+02   1.3186962e-23
   8.0483264e+02   1.3203107e-23
   8.0668859e+02   1.3219307e-23
   8.0854882e+02   1.3235562e-23
   8.1041334e+02   1.3251873e-23
   8.1228216e+02   1.3268239e-23
   8.1415529e+02   1.3284661e-23
   8.1603274e+02   1.3301139e-23
   8.1791452e+02   1.3317673e-23
   8.1980064e+02   1.3334263e-23
   8.2169110e+02   1.3350909e-23
   8.2358593e+02   1.3367612e-23
   8.2548512e+02   1.3384371e-23
   8.2738870e+02   1.3401187e-23
   8.2929666e+02   1.3418060e-23
   8.3120903e+02   1.3434990e-23
   8.3312580e+02   1.3451978e-23
   8.3504700e+02   1.3469022e-23
   8.3697262e+02   1.3486124e-23
   8.3890269e+02   1.3503284e-23
   8.4083720e+02   1.3520501e-23
   8.4277618e+02   1.3537776e-23
   8.4471963e+02   1.3555109e-23
   8.4666756e+02   1.3572501e-23
   8.4861998e+02   1.3589950e-23
   8.5057690e+02   1.3607459e-23
   8.5253834e+02   1.3625025e-23
   8.5450430e+02   1.3642651e-23
   8.5647479e+02   1.3660335e-23
   8.5844983e+02   1.3678079e-23
   8.6042942e+02   1.3695882e-23
   8.6241358e+02   1.3713744e-23
   8.6440231e+02   1.3731666e-23
   8.6639563e+02   1.3749647e-23
   8.6839354e+02   1.3767688e-23
   8.7039607e+02   1.3785789e-23
   8.7240321e+02   1.3803950e-23
   8.7441498e+02   1.3822172e-23
   8.7643138e+02   1.3840453e-23
   8.7845244e+02   1.3858796e-23
   8.8047816e+02   1.3877199e-23
   8.8250855e+02   1.3895663e-23
   8.8454362e+02   1.3914187e-23
   8.8658338e+02   1.3932773e-23
   8.8862785e+02   1.3951421e-23
   8.9067703e+02   1.3970130e-23
   8.9273094e+02   1.3988900e-23
   8.9478959e+02   1.4007732e-23
   8.9685298e+02   1.4026626e-23
   8.9892113e+02   1.4045582e-23
   9.0099405e+02   1.4064601e-23
   9.0307175e+02   1.4083681e-23
   9.0515424e+02   1.4102825e-23
   9.0724153e+02   1.4122030e-23
   9.0933364e+02   1.4141299e-23
   9.1143057e+02   1.4160631e-23
   9.1353233e+02   1.4180026e-23
   9.1563894e+02   1.4199484e-23
   9.1775041e+02   1.4219006e-23
   9.1986675e+02   1.4238591e-23
   9.2198797e+02   1.4258240e-23
   9.2411408e+02   1.4277953e-23
   9.2624510e+02   1.4297730e-23
   9.2838103e+02   1.4317572e-23
   9.3052188e+02   1.4337478e-23
   9.3266767e+02   1.4357449e-23
   9.3481841e+02   1.4377484e-23
   9.3697411e+02   1.4397585e-23
   9.3913478e+02   1.4417752e-23
   9.4130043e+02   1.4437985e-23
   9.4347108e+02   1.4458285e-23
   9.4564673e+02   1.4478652e-23
   9.4782740e+02   1.4499089e-23
   9.5001309e+02   1.4519600e-23
   9.5220383e+02   1.4540193e-23
   9.5439962e+02   1.4560895e-23
   9.5660047e+02   1.4581820e-23
   9.5880640e+02   1.4604009e-23
   9.6101742e+02   1.4742368e-23
   9.6323353e+02   1.4645031e-23
   9.6545475e+02   1.4665144e-23
   9.6768110e+02   1.4685994e-23
   9.6991258e+02   1.4707021e-23
   9.7214920e+02   1.4728149e-23
   9.7439099e+02   1.4749358e-23
   9.7663794e+02   1.4770641e-23
   9.7889008e+02   1.4791994e-23
   9.8114740e+02   1.4813418e-23
   9.8340994e+02   1.4834911e-23
   9.8567769e+02   1.4856474e-23
   9.8795067e+02   1.4878105e-23
   9.9022889e+02   1.4899805e-23
   9.9251237e+02   1.4921575e-23
   9.9480111e+02   1.4943413e-23
   9.9709513e+02   1.4965321e-23
   9.9939443e+02   1.4987298e-23
   1.0016990e+03   1.5009345e-23
   1.0040090e+03   1.5031461e-23
   1.0063242e+03   1.5053647e-23
   1.0086448e+03   1.5075903e-23
   1.0109708e+03   1.5098229e-23
   1.0133021e+03   1.5120626e-23
   1.0156387e+03   1.5143092e-23
   1.0179808e+03   1.5165630e-23
   1.0203283e+03   1.5188238e-23
   1.0226812e+03   1.5210917e-23
   1.0250395e+03   1.5233667e-23
   1.0274032e+03   1.5256488e-23
   1.0297724e+03   1.5279381e-23
   1.0321471e+03   1.5302345e-23
   1.0345272e+03   1.5325381e-23
   1.0369129e+03   1.5348489e-23
   1.0393040e+03   1.5371669e-23
   1.0417006e+03   1.5394921e-23
   1.0441028e+03   1.5418246e-23
   1.0465105e+03   1.5441643e-23
   1.0489238e+03   1.5465113e-23
   1.0513426e+03   1.5488655e-23
   1.0537670e+03   1.5512271e-23
   1.0561970e+03   1.5535960e-23
   1.0586326e+03   1.5559722e-23
   1.0610738e+03   1.5583558e-23
   1.0635207e+03   1.5607467e-23
   1.0659731e+03   1.5631451e-23
   1.0684313e+03   1.5655508e-23
   1.0708951e+03   1.5679640e-23
   1.0733646e+03   1.5703846e-23
   1.0758398e+03   1.5728127e-23
   1.0783207e+03   1.5752482e-23
   1.0808073e+03   1.5776912e-23
   1.0832996e+03   1.5801418e-23
   1.0857977e+03   1.5825998e-23
   1.0883016e+03   1.5850655e-23
   1.0908112e+03   1.5875386e-23
   1.0933266e+03   1.5900194e-23
   1.0958479e+03   1.5925077e-23
   1.0983749e+03   1.5950036e-23
   1.1009078e+03   1.5975072e-23
   1.1034465e+03   1.6000184e-23
   1.1059910e+03   1.6025373e-23
   1.1085414e+03   1.6050638e-23
   1.1110977e+03   1.6075981e-23
   1.1136599e+03   1.6101400e-23
   1.1162281e+03   1.6126897e-23
   1.1188021e+03   1.6152472e-23
   1.1213820e+03   1.6178124e-23
   1.1239680e+03   1.6203854e-23
   1.1265598e+03   1.6229662e-23
   1.1291577e+03   1.6255548e-23
   1.1317615e+03   1.6281513e-23
   1.1343714e+03   1.6307556e-23
   1.1369873e+03   1.6333678e-23
   1.1396092e+03   1.6359878e-23
   1.1422371e+03   1.6386158e-23
   1.1448711e+03   1.6412517e-23
   1.1475112e+03   1.6438955e-23
   1.1501574e+03   1.6465473e-23
   1.1528096e+03   1.6492071e-23
   1.1554680e+03   1.6518749e-23
   1.1581325e+03   1.6545507e-23
   1.1608032e+03   1.6572345e-23
   1.1634800e+03   1.6599264e-23
   1.1661630e+03   1.6626263e-23
   1.1688522e+03   1.6653344e-23
   1.1715476e+03   1.6680505e-23
   1.1742492e+03   1.6707748e-23
   1.1769570e+03   1.6735071e-23
   1.1796711e+03   1.6762477e-23
   1.1823914e+03   1.6789964e-23
   1.1851180e+03   1.6817533e-23
   1.1878509e+03   1.6845185e-23
   1.1905901e+03   1.6872918e-23
   1.1933356e+03   1.6900735e-23
   1.1960875e+03   1.6928633e-23
   1.1988456e+03   1.6956615e-23
   1.2016102e+03   1.6984680e-23
   1.2043811e+03   1.7012828e-23
   1.2071584e+03   1.7041059e-23
   1.2099421e+03   1.7069374e-23
   1.2127323e+03   1.7097773e-23
   1.2155288e+03   1.7126255e-23
   1.2183319e+03   1.7154822e-23
   1.2211413e+03   1.7183473e-23
   1.2239573e+03   1.7212209e-23
   1.2267798e+03   1.7241029e-23
   1.2296087e+03   1.7269934e-23
   1.2324442e+03   1.7298925e-23
   1.2352862e+03   1.7328000e-23
   1.2381348e+03   1.7357161e-23
   1.2409900e+03   1.7386408e-23
   1.2438517e+03   1.7415741e-23
   1.2467200e+03   1.7445159e-23
   1.2495950e+03   1.7474664e-23
   1.2524766e+03   1.7504255e-23
   1.2553648e+03   1.7533933e-23
   1.2582597e+03   1.7563697e-23
   1.2611612e+03   1.7593549e-23
   1.2640695e+03   1.7623487e-23
   1.2669844e+03   1.7653513e-23
   1.2699061e+03   1.7683627e-23
   1.2728345e+03   1.7713828e-23
   1.2757697e+03   1.7744117e-23
   1.2787116e+03   1.7774495e-23
   1.2816603e+03   1.7804960e-23
   1.2846158e+03   1.7835514e-23
   1.2875782e+03   1.7866157e-23
   1.2905473e+03   1.7896889e-23
   1.2935233e+03   1.7927710e-23
   1.2965062e+03   1.7958620e-23
   1.2994960e+03   1.7989619e-23
   1.3024926e+03   1.8020708e-23
   1.3054962e+03   1.8051887e-23
   1.3085067e+03   1.8083156e-23
   1.3115241e+03   1.8114516e-23
   1.3145485e+03   1.8145966e-23
   1.3175798e+03   1.8177506e-23
   1.3206182e+03   1.8209137e-23
   1.3236635e+03   1.8240860e-23
   1.3267159e+03   1.8272673e-23
   1.3297753e+03   1.8304578e-23
   1.3328418e+03   1.8336575e-23
   1.3359154e+03   1.8368663e-23
   1.3389960e+03   1.8400844e-23
   1.3420837e+03   1.8433116e-23
   1.3451786e+03   1.8465482e-23
   1.3482806e+03   1.8497939e-23
   1.3513897e+03   1.8530490e-23
   1.3545060e+03   1.8563134e-23
   1.3576295e+03   1.8595871e-23
   1.3607602e+03   1.8628701e-23
   1.3638982e+03   1.8661625e-23
   1.3670433e+03   1.8694643e-23
   1.3701957e+03   1.8727755e-23
   1.3733554e+03   1.8760961e-23
   1.3765224e+03   1.8794261e-23
   1.3796966e+03   1.8827657e-23
   1.3828782e+03   1.8861147e-23
   1.3860672e+03   1.8894732e-23
   1.3892634e+03   1.8928412e-23
   1.3924671e+03   1.8962188e-23
   1.3956781e+03   1.8996060e-23
   1.3988966e+03   1.9030028e-23
   1.4021224e+03   1.9064091e-23
   1.4053558e+03   1.9098251e-23
   1.4085965e+03   1.9132508e-23
   1.4118448e+03   1.9166861e-23
   1.4151005e+03   1.9201312e-23
   1.4183637e+03   1.9235859e-23
   1.4216345e+03   1.9270505e-23
   1.4249128e+03   1.9305248e-23
   1.4281986e+03   1.9340091e-23
   1.4314921e+03   1.9375034e-23
   1.4347931e+03   1.9410086e-23
   1.4381017e+03   1.9445316e-23
   1.4414180e+03   1.9497747e-23
   1.4447419e+03   1.9515845e-23
   1.4480735e+03   1.9551211e-23
   1.4514128e+03   1.9586728e-23
   1.4547598e+03   1.9622353e-23
   1.4581144e+03   1.9658080e-23
   1.4614769e+03   1.9693908e-23
   1.4648470e+03   1.9729837e-23
   1.4682250e+03   1.9765866e-23
   1.4716107e+03   1.9801996e-23
   1.4750043e+03   1.9838226e-23
   1.4784056e+03   1.9874558e-23
   1.4818149e+03   1.9910991e-23
   1.4852319e+03   1.9947525e-23
   1.4886569e+03   1.9984161e-23
   1.4920897e+03   2.0020899e-23
   1.4955305e+03   2.0057739e-23
   1.4989792e+03   2.0094681e-23
   1.5024359e+03   2.0131726e-23
   1.5059005e+03   2.0168873e-23
   1.5093731e+03   2.0206123e-23
   1.5128538e+03   2.0243477e-23
   1.5163424e+03   2.0280934e-23
   1.5198391e+03   2.0318494e-23
   1.5233439e+03   2.0356159e-23
   1.5268567e+03   2.0393927e-23
   1.5303776e+03   2.0431799e-23
   1.5339067e+03   2.0469776e-23
   1.5374439e+03   2.0507858e-23
   1.5409893e+03   2.0546045e-23
   1.5445428e+03   2.0584337e-23
   1.5481045e+03   2.0622734e-23
   1.5516745e+03   2.0661237e-23
   1.5552526e+03   2.0699846e-23
   1.5588391e+03   2.0738560e-23
   1.5624338e+03   2.0777381e-23
   1.5660367e+03   2.0816309e-23
   1.5696480e+03   2.0855343e-23
   1.5732677e+03   2.0894485e-23
   1.5768956e+03   2.0933733e-23
   1.5805320e+03   2.0973089e-23
   1.5841767e+03   2.1012552e-23
   1.5878298e+03   2.1052124e-23
   1.5914913e+03   2.1091803e-23
   1.5951613e+03   2.1131591e-23
   1.5988398e+03   2.1171488e-23
   1.6025267e+03   2.1211493e-23
   1.6062222e+03   2.1251608e-23
   1.6099261e+03   2.1291831e-23
   1.6136386e+03   2.1332164e-23
   1.6173597e+03   2.1372607e-23
   1.6210893e+03   2.1413160e-23
   1.6248276e+03   2.1453823e-23
   1.6285744e+03   2.1494597e-23
   1.6323300e+03   2.1535481e-23
   1.6360941e+03   2.1576476e-23
   1.6398670e+03   2.1617582e-23
   1.6436485e+03   2.1658800e-23
   1.6474388e+03   2.1700130e-23
   1.6512378e+03   2.1741571e-23
   1.6550456e+03   2.1783124e-23
   1.6588621e+03   2.1824790e-23
   1.6626874e+03   2.1866568e-23
   1.6665216e+03   2.1908459e-23
   1.6703646e+03   2.1950463e-23
   1.6742165e+03   2.1992581e-23
   1.6780773e+03   2.2034812e-23
   1.6819469e+03   2.2077157e-23
   1.6858255e+03   2.2119616e-23
   1.6897130e+03   2.2162189e-23
   1.6936095e+03   2.2204877e-23
   1.6975150e+03   2.2247679e-23
   1.7014295e+03   2.2290597e-23
   1.7053530e+03   2.2333629e-23
   1.7092855e+03   2.2376778e-23
   1.7132272e+03   2.2420042e-23
   1.7171779e+03   2.2463422e-23
   1.7211377e+03   2.2506918e-23
   1.7251067e+03   2.2550531e-23
   1.7290848e+03   2.2594260e-23
   1.7330721e+03   2.2638107e-23
   1.7370685e+03   2.2682071e-23
   1.7410742e+03   2.2726152e-23
   1.7450892e+03   2.2770351e-23
   1.7491133e+03   2.2814668e-23
   1.7531468e+03   2.2859103e-23
   1.7571896e+03   2.2903657e-23
   1.7612417e+03   2.2948329e-23
   1.7653031e+03   2.2993121e-23
   1.7693739e+03   2.3038032e-23
   1.7734541e+03   2.3083062e-23
   1.7775437e+03   2.3128212e-23
   1.7816427e+03   2.3173482e-23
   1.7857512e+03   2.3218873e-23
   1.7898692e+03   2.3264384e-23
   1.7939966e+03   2.3310015e-23
   1.7981336e+03   2.3355768e-23
   1.8022801e+03   2.3401642e-23
   1.8064362e+03   2.3447638e-23
   1.8106018e+03   2.3493755e-23
   1.8147771e+03   2.3539995e-23
   1.8189620e+03   2.3586357e-23
   1.8231565e+03   2.3632842e-23
   1.8273607e+03   2.3679449e-23
   1.8315746e+03   2.3726180e-23
   1.8357983e+03   2.3773034e-23
   1.8400316e+03   2.3820011e-23
   1.8442748e+03   2.3867113e-23
   1.8485277e+03   2.3914339e-23
   1.8527904e+03   2.3961689e-23
   1.8570629e+03   2.4009164e-23
   1.8613453e+03   2.4056764e-23
   1.8656376e+03   2.4104489e-23
   1.8699398e+03   2.4152340e-23
   1.8742519e+03   2.4200316e-23
   1.8785739e+03   2.4248419e-23
   1.8829059e+03   2.4296648e-23
   1.8872479e+03   2.4345004e-23
   1.8915999e+03   2.4393486e-23
   1.8959620e+03   2.4442096e-23
   1.9003341e+03   2.4490833e-23
   1.9047163e+03   2.4539698e-23
   1.9091086e+03   2.4588692e-23
   1.9135110e+03   2.4637815e-23
   1.9179235e+03   2.4687083e-23
   1.9223463e+03   2.4736922e-23
   1.9267792e+03   2.4785956e-23
   1.9312224e+03   2.4835585e-23
   1.9356758e+03   2.4885349e-23
   1.9401395e+03   2.4935245e-23
   1.9446135e+03   2.4985271e-23
   1.9490978e+03   2.5035427e-23
   1.9535924e+03   2.5085714e-23
   1.9580974e+03   2.5136133e-23
   1.9626128e+03   2.5186682e-23
   1.9671386e+03   2.5237363e-23
   1.9716748e+03   2.5288176e-23
   1.9762215e+03   2.5339122e-23
   1.9807787e+03   2.5390199e-23
   1.9853464e+03   2.5441410e-23
   1.9899246e+03   2.5492753e-23
   1.9945134e+03   2.5544229e-23
   1.9991128e+03   2.5595839e-23
   2.0037227e+03   2.5647583e-23
   2.0083433e+03   2.5699461e-23
   2.0129746e+03   2.5751474e-23
   2.0176165e+03   2.5803621e-23
   2.0222692e+03   2.5855903e-23
   2.0269325e+03   2.5908321e-23
   2.0316067e+03   2.5960874e-23
   2.0362916e+03   2.6013563e-23
   2.0409873e+03   2.6066388e-23
   2.0456938e+03   2.6119349e-23
   2.0504112e+03   2.6172447e-23
   2.0551394e+03   2.6225682e-23
   2.0598786e+03   2.6279055e-23
   2.0646287e+03   2.6332565e-23
   2.0693898e+03   2.6386213e-23
   2.0741618e+03   2.6439999e-23
   2.0789448e+03   2.6493924e-23
   2.0837389e+03   2.6547987e-23
   2.0885440e+03   2.6602190e-23
   2.0933602e+03   2.6656532e-23
   2.0981875e+03   2.6711014e-23
   2.1030259e+03   2.6765636e-23
   2.1078755e+03   2.6820398e-23
   2.1127363e+03   2.6875300e-23
   2.1176083e+03   2.6930344e-23
   2.1224915e+03   2.6985528e-23
   2.1273860e+03   2.7040855e-23
   2.1322918e+03   2.7096323e-23
   2.1372088e+03   2.7151933e-23
   2.1421373e+03   2.7207685e-23
   2.1470771e+03   2.7263580e-23
   2.1520282e+03   2.7319619e-23
   2.1569908e+03   2.7375800e-23
   2.1619649e+03   2.7432126e-23
   2.1669504e+03   2.7488595e-23
   2.1719474e+03   2.7545208e-23
   2.1769559e+03   2.7601966e-23
   2.1819760e+03   2.7658869e-23
   2.1870076e+03   2.7715917e-23
   2.1920509e+03   2.7773111e-23
   2.1971058e+03   2.7830451e-23
   2.2021723e+03   2.7887936e-23
   2.2072505e+03   2.7945568e-23
   2.2123405e+03   2.8003347e-23
   2.2174421e+03   2.8061273e-23
   2.2225556e+03   2.8119346e-23
   2.2276808e+03   2.8177567e-23
   2.2328179e+03   2.8235936e-23
   2.2379668e+03   2.8294454e-23
   2.2431275e+03   2.8353120e-23
   2.2483002e+03   2.8411935e-23
   2.2534848e+03   2.8470899e-23
   2.2586814e+03   2.8530013e-23
   2.2638899e+03   2.8589277e-23
   2.2691104e+03   2.8648692e-23
   2.2743430e+03   2.8708256e-23
   2.2795877e+03   2.8767972e-23
   2.2848444e+03   2.8827839e-23
   2.2901133e+03   2.8887858e-23
   2.2953943e+03   2.8948029e-23
   2.3006875e+03   2.9008351e-23
   2.3059929e+03   2.9068827e-23
   2.3113105e+03   2.9129455e-23
   2.3166404e+03   2.9190236e-23
   2.3219826e+03   2.9251171e-23
   2.3273371e+03   2.9312260e-23
   2.3327040e+03   2.9373504e-23
   2.3380832e+03   2.9434901e-23
   2.3434749e+03   2.9496454e-23
   2.3488789e+03   2.9558162e-23
   2.3542955e+03   2.9620025e-23
   2.3597245e+03   2.9682044e-23
   2.3651660e+03   2.9744220e-23
   2.3706201e+03   2.9806552e-23
   2.3760868e+03   2.9869041e-23
   2.3815661e+03   2.9931687e-23
   2.3870580e+03   2.9994491e-23
   2.3925626e+03   3.0057454e-23
   2.3980798e+03   3.0120580e-23
   2.4036098e+03   3.0183891e-23
   2.4091526e+03   3.0247291e-23
   2.4147081e+03   3.0310887e-23
   2.4202764e+03   3.0374643e-23
   2.4258576e+03   3.0438559e-23
   2.4314516e+03   3.0502636e-23
   2.4370586e+03   3.0566873e-23
   2.4426785e+03   3.0631272e-23
   2.4483113e+03   3.0695832e-23
   2.4539571e+03   3.0760554e-23
   2.4596160e+03   3.0825437e-23
   2.4652879e+03   3.0890484e-23
   2.4709728e+03   3.0955693e-23
   2.4766709e+03   3.1021065e-23
   2.4823821e+03   3.1086601e-23
   2.4881065e+03   3.1152300e-23
   2.4938441e+03   3.1218164e-23
   2.4995949e+03   3.1284192e-23
   2.5053590e+03   3.1350385e-23
   2.5111364e+03   3.1416744e-23
   2.5169271e+03   3.1483268e-23
   2.5227312e+03   3.1549958e-23
   2.5285486e+03   3.1616814e-23
   2.5343794e+03   3.1683838e-23
   2.5402237e+03   3.1751028e-23
   2.5460815e+03   3.1818385e-23
   2.5519528e+03   3.1885911e-23
   2.5578376e+03   3.1953605e-23
   2.5637360e+03   3.2021467e-23
   2.5696480e+03   3.2089498e-23
   2.5755736e+03   3.2157698e-23
   2.5815129e+03   3.2226068e-23
   2.5874659e+03   3.2294608e-23
   2.5934326e+03   3.2363319e-23
   2.5994131e+03   3.2432200e-23
   2.6054074e+03   3.2501252e-23
   2.6114155e+03   3.2570476e-23
   2.6174374e+03   3.2639872e-23
   2.6234732e+03   3.2709440e-23
   2.6295230e+03   3.2779180e-23
   2.6355867e+03   3.2849094e-23
   2.6416644e+03   3.2919180e-23
   2.6477561e+03   3.2989441e-23
   2.6538618e+03   3.3059876e-23
   2.6599816e+03   3.3130485e-23
   2.6661156e+03   3.3201269e-23
   2.6722637e+03   3.3272229e-23
   2.6784259e+03   3.3343364e-23
   2.6846024e+03   3.3414675e-23
   2.6907931e+03   3.3486162e-23
   2.6969981e+03   3.3557826e-23
   2.7032174e+03   3.3629668e-23
   2.7094510e+03   3.3701687e-23
   2.7156991e+03   3.3773884e-23
   2.7219615e+03   3.3846259e-23
   2.7282383e+03   3.3918814e-23
   2.7345297e+03   3.3991547e-23
   2.7408355e+03   3.4064460e-23
   2.7471559e+03   3.4137552e-23
   2.7534909e+03   3.4210825e-23
   2.7598405e+03   3.4284279e-23
   2.7662047e+03   3.4357914e-23
   2.7725836e+03   3.4431730e-23
   2.7789772e+03   3.4505728e-23
   2.7853855e+03   3.4579909e-23
   2.7918086e+03   3.4654272e-23
   2.7982465e+03   3.4728818e-23
   2.8046993e+03   3.4803548e-23
   2.8111670e+03   3.4878461e-23
   2.8176496e+03   3.4953559e-23
   2.8241471e+03   3.5028842e-23
   2.8306596e+03   3.5104309e-23
   2.8371871e+03   3.5179963e-23
   2.8437297e+03   3.5255802e-23
   2.8502873e+03   3.5331827e-23
   2.8568601e+03   3.5408039e-23
   2.8634481e+03   3.5484439e-23
   2.8700512e+03   3.5561025e-23
   2.8766696e+03   3.5637801e-23
   2.8833032e+03   3.5714813e-23
   2.8899521e+03   3.5791916e-23
   2.8966164e+03   3.5869256e-23
   2.9032960e+03   3.5946787e-23
   2.9099910e+03   3.6024508e-23
   2.9167015e+03   3.6102419e-23
   2.9234274e+03   3.6180521e-23
   2.9301688e+03   3.6258814e-23
   2.9369258e+03   3.6337299e-23
   2.9436984e+03   3.6415976e-23
   2.9504866e+03   3.6494846e-23
   2.9572904e+03   3.6573909e-23
   2.9641100e+03   3.6653165e-23
   2.9709452e+03   3.6732614e-23
   2.9777963e+03   3.6812259e-23
   2.9846631e+03   3.6892097e-23
   2.9915457e+03   3.6972131e-23
   2.9984443e+03   3.7052360e-23
   3.0053587e+03   3.7132786e-23
   3.0122891e+03   3.7213408e-23
   3.0192354e+03   3.7294226e-23
   3.0261978e+03   3.7375242e-23
   3.0331763e+03   3.7456455e-23
   3.0401708e+03   3.7537867e-23
   3.0471814e+03   3.7619477e-23
   3.0542083e+03   3.7701286e-23
   3.0612513e+03   3.7783295e-23
   3.0683106e+03   3.7865503e-23
   3.0753861e+03   3.7947912e-23
   3.0824780e+03   3.8030521e-23
   3.0895862e+03   3.8113332e-23
   3.0967108e+03   3.8196344e-23
   3.1038518e+03   3.8279559e-23
   3.1110093e+03   3.8362975e-23
   3.1181833e+03   3.8446595e-23
   3.1253739e+03   3.8530419e-23
   3.1325810e+03   3.8614446e-23
   3.1398048e+03   3.8698677e-23
   3.1470452e+03   3.8783113e-23
   3.1543023e+03   3.8867755e-23
   3.1615762e+03   3.8952602e-23
   3.1688668e+03   3.9037655e-23
   3.1761742e+03   3.9122915e-23
   3.1834985e+03   3.9208382e-23
   3.1908397e+03   3.9294056e-23
   3.1981978e+03   3.9379939e-23
   3.2055728e+03   3.9466029e-23
   3.2129649e+03   3.9552329e-23
   3.2203740e+03   3.9638838e-23
   3.2278002e+03   3.9725556e-23
   3.2352436e+03   3.9812485e-23
   3.2427041e+03   3.9899625e-23
   3.2501818e+03   3.9986976e-23
   3.2576767e+03   4.0074538e-23
   3.2651889e+03   4.0162313e-23
   3.2727185e+03   4.0250300e-23
   3.2802654e+03   4.0338501e-23
   3.2878297e+03   4.0426914e-23
   3.2954115e+03   4.0515542e-23
   3.3030107e+03   4.0604385e-23
   3.3106275e+03   4.0693442e-23
   3.3182618e+03   4.0782715e-23
   3.3259138e+03   4.0872203e-23
   3.3335833e+03   4.0961908e-23
   3.3412706e+03   4.1051830e-23
   3.3489756e+03   4.1141969e-23
   3.3566984e+03   4.1232327e-23
   3.3644389e+03   4.1322910e-23
   3.3721974e+03   4.1413696e-23
   3.3799737e+03   4.1504709e-23
   3.3877679e+03   4.1595942e-23
   3.3955801e+03   4.1687396e-23
   3.4034104e+03   4.1779070e-23
   3.4112587e+03   4.1870965e-23
   3.4191251e+03   4.1963082e-23
   3.4270096e+03   4.2055421e-23
   3.4349123e+03   4.2147983e-23
   3.4428332e+03   4.2240769e-23
   3.4507724e+03   4.2333777e-23
   3.4587299e+03   4.2427010e-23
   3.4667058e+03   4.2520468e-23
   3.4747000e+03   4.2614151e-23
   3.4827127e+03   4.2708060e-23
   3.4907439e+03   4.2802194e-23
   3.4987936e+03   4.2896556e-23
   3.5068618e+03   4.2991145e-23
   3.5149487e+03   4.3085961e-23
   3.5230542e+03   4.3181005e-23
   3.5311784e+03   4.3276279e-23
   3.5393213e+03   4.3371781e-23
   3.5474830e+03   4.3467513e-23
   3.5556635e+03   4.3563476e-23
   3.5638629e+03   4.3659669e-23
   3.5720812e+03   4.3756093e-23
   3.5803184e+03   4.3852750e-23
   3.5885747e+03   4.3949638e-23
   3.5968500e+03   4.4046759e-23
   3.6051443e+03   4.4144114e-23
   3.6134578e+03   4.4241702e-23
   3.6217905e+03   4.4339525e-23
   3.6301424e+03   4.4437583e-23
   3.6385135e+03   4.4535876e-23
   3.6469039e+03   4.4634405e-23
   3.6553137e+03   4.4733171e-23
   3.6637429e+03   4.4832173e-23
   3.6721915e+03   4.4931413e-23
   3.6806596e+03   4.5030891e-23
   3.6891472e+03   4.5130608e-23
   3.6976544e+03   4.5230563e-23
   3.7061813e+03   4.5330759e-23
   3.7147277e+03   4.5431194e-23
   3.7232939e+03   4.5531870e-23
   3.7318799e+03   4.5632788e-23
   3.7404856e+03   4.5733947e-23
   3.7491112e+03   4.5835348e-23
   3.7577567e+03   4.5936993e-23
   3.7664221e+03   4.6038880e-23
   3.7751075e+03   4.6141012e-23
   3.7838129e+03   4.6243388e-23
   3.7925384e+03   4.6346009e-23
   3.8012841e+03   4.6448876e-23
   3.8100498e+03   4.6551989e-23
   3.8188359e+03   4.6655349e-23
   3.8276421e+03   4.6758956e-23
   3.8364687e+03   4.6862810e-23
   3.8453156e+03   4.6966916e-23
   3.8541829e+03   4.7071265e-23
   3.8630707e+03   4.7175866e-23
   3.8719790e+03   4.7280717e-23
   3.8809078e+03   4.7385819e-23
   3.8898572e+03   4.7491172e-23
   3.8988272e+03   4.7596776e-23
   3.9078180e+03   4.7702633e-23
   3.9168294e+03   4.7808743e-23
   3.9258617e+03   4.7915106e-23
   3.9349147e+03   4.8021722e-23
   3.9439887e+03   4.8128594e-23
   3.9530835e+03   4.8235720e-23
   3.9621994e+03   4.8343102e-23
   3.9713362e+03   4.8450741e-23
   3.9804942e+03   4.8558636e-23
   3.9896732e+03   4.8666788e-23
   3.9988734e+03   4.8775198e-23
   4.0080949e+03   4.8883867e-23
   4.0173376e+03   4.8992795e-23
   4.0266016e+03   4.9101983e-23
   4.0358870e+03   4.9211431e-23
   4.0451937e+03   4.9321139e-23
   4.0545220e+03   4.9431110e-23
   4.0638718e+03   4.9541342e-23
   4.0732431e+03   4.9651836e-23
   4.0826360e+03   4.9762594e-23
   4.0920506e+03   4.9873616e-23
   4.1014869e+03   4.9984902e-23
   4.1109450e+03   5.0096453e-23
   4.1204248e+03   5.0208269e-23
   4.1299266e+03   5.0320352e-23
   4.1394502e+03   5.0432701e-23
   4.1489958e+03   5.0545318e-23
   4.1585634e+03   5.0658202e-23
   4.1681531e+03   5.0771356e-23
   4.1777649e+03   5.0884778e-23
   4.1873988e+03   5.0998470e-23
   4.1970550e+03   5.1112432e-23
   4.2067335e+03   5.1226665e-23
   4.2164342e+03   5.1341170e-23
   4.2261574e+03   5.1455947e-23
   4.2359029e+03   5.1570997e-23
   4.2456709e+03   5.1686320e-23
   4.2554615e+03   5.1801917e-23
   4.2652746e+03   5.1917789e-23
   4.2751104e+03   5.2033936e-23
   4.2849688e+03   5.2150359e-23
   4.2948500e+03   5.2267058e-23
   4.3047539e+03   5.2384035e-23
   4.3146807e+03   5.2501289e-23
   4.3246304e+03   5.2618827e-23
   4.3346030e+03   5.2736632e-23
   4.3445987e+03   5.2854723e-23
   4.3546173e+03   5.2973095e-23
   4.3646591e+03   5.3091747e-23
   4.3747241e+03   5.3210680e-23
   4.3848122e+03   5.3329896e-23
   4.3949236e+03   5.3449394e-23
   4.4050583e+03   5.3569176e-23
   4.4152164e+03   5.3689241e-23
   4.4253980e+03   5.3809592e-23
   4.4356030e+03   5.3930227e-23
   4.4458315e+03   5.4051149e-23
   4.4560836e+03   5.4172357e-23
   4.4663594e+03   5.4293853e-23
   4.4766588e+03   5.4415636e-23
   4.4869821e+03   5.4537708e-23
   4.4973291e+03   5.4660068e-23
   4.5076999e+03   5.4782719e-23
   4.5180947e+03   5.4905660e-23
   4.5285135e+03   5.5028893e-23
   4.5389563e+03   5.5152417e-23
   4.5494231e+03   5.5276233e-23
   4.5599142e+03   5.5400343e-23
   4.5704294e+03   5.5524746e-23
   4.5809688e+03   5.5649444e-23
   4.5915325e+03   5.5774437e-23
   4.6021207e+03   5.5899725e-23
   4.6127332e+03   5.6025310e-23
   4.6233702e+03   5.6151192e-23
   4.6340317e+03   5.6277372e-23
   4.6447178e+03   5.6403850e-23
   4.6554286e+03   5.6530627e-23
   4.6661640e+03   5.6657704e-23
   4.6769242e+03   5.6785082e-23
   4.6877093e+03   5.6912760e-23
   4.6985192e+03   5.7040741e-23
   4.7093540e+03   5.7169024e-23
   4.7202138e+03   5.7297609e-23
   4.7310986e+03   5.7426499e-23
   4.7420086e+03   5.7555693e-23
   4.7529437e+03   5.7685193e-23
   4.7639040e+03   5.7814998e-23
   4.7748896e+03   5.7945110e-23
   4.7859005e+03   5.8075529e-23
   4.7969369e+03   5.8206257e-23
   4.8079986e+03   5.8337293e-23
   4.8190859e+03   5.8468638e-23
   4.8301988e+03   5.8600293e-23
   4.8413372e+03   5.8732259e-23
   4.8525014e+03   5.8864536e-23
   4.8636913e+03   5.8997126e-23
   4.8749070e+03   5.9130028e-23
   4.8861486e+03   5.9263244e-23
   4.8974161e+03   5.9396775e-23
   4.9087096e+03   5.9530620e-23
   4.9200291e+03   5.9664781e-23
   4.9313747e+03   5.9799258e-23
   4.9427465e+03   5.9934053e-23
   4.9541445e+03   6.0069165e-23
   4.9655688e+03   6.0204596e-23
   4.9770194e+03   6.0340346e-23
   4.9884965e+03   6.0476417e-23
   5.0000000e+03   6.0612808e-23
